2023-12-21 00:00:48,5,64,19.7,88,11.6,1016.1,1021,0,0,10,215.4,0
2023-12-21 00:00:50,5,64,19.7,88,11.6,1016.1,1021,0,0,10,215.4,0
2023-12-21 00:05:48,5,64,19.7,88,11.6,1016.3,1021.2,0,0,0,215.4,0
2023-12-21 00:10:48,5,64,19.7,88,11.6,1016.1,1021,0,0,13,215.4,0
2023-12-21 00:15:48,5,64,19.7,88,11.6,1015.8,1020.7,0,0,12,215.4,0
2023-12-21 00:20:48,5,64,19.7,88,11.6,1015.6,1020.5,0,0,10,215.4,0
2023-12-21 00:25:48,5,64,19.6,88,11.6,1015.6,1020.5,0,0,8,215.4,0
2023-12-21 00:30:48,5,64,19.6,87,11.6,1015.5,1020.4,0,0,13,215.4,0
2023-12-21 00:35:48,5,64,19.6,87,11.7,1015.5,1020.4,0,0,10,215.4,0
2023-12-21 00:40:48,5,64,19.5,86,11.7,1015.3,1020.2,0,0,10,215.4,0
2023-12-21 00:45:48,5,64,19.5,86,11.6,1015.3,1020.2,0,0,14,215.4,0
2023-12-21 00:50:48,5,64,19.5,86,11.5,1015.3,1020.2,0,0,13,215.4,0
2023-12-21 00:55:48,5,64,19.5,86,11.5,1015.1,1020,0,0,15,215.4,0
2023-12-21 01:00:48,5,64,19.4,86,11.5,1015,1019.9,0,0,0,215.4,0
2023-12-21 01:05:48,5,64,19.4,86,11.6,1015.3,1020.2,0,0,10,215.4,0
2023-12-21 01:10:48,5,64,19.4,86,11.6,1015.1,1020,0,0,12,215.4,0
2023-12-21 01:15:48,5,64,19.4,86,11.6,1015.1,1020,0,0,10,215.4,0
2023-12-21 01:20:48,5,64,19.3,86,11.5,1014.9,1019.8,0,0,13,215.4,0
2023-12-21 01:25:48,5,64,19.3,86,11.6,1015.1,1020,0,0,10,215.4,0
2023-12-21 01:30:48,5,64,19.3,85,11.6,1014.9,1019.8,0,0,10,215.4,0
2023-12-21 01:35:48,5,64,19.3,85,11.5,1014.6,1019.5,0,0,14,215.4,0
2023-12-21 01:40:48,5,64,19.3,85,11.4,1014.6,1019.5,0,0,14,215.4,0
2023-12-21 01:45:48,5,64,19.3,85,11.5,1014.6,1019.5,0,0,0,215.4,0
2023-12-21 01:50:48,5,64,19.3,85,11.6,1014.6,1019.5,0,0,13,215.4,0
2023-12-21 01:55:48,5,64,19.2,85,11.6,1014.5,1019.4,0,0,,215.4,0
2023-12-21 02:00:48,5,64,19.2,85,11.4,1014.1,1019,0,0,14,215.4,0
2023-12-21 02:05:48,5,64,19.2,85,11.4,1014.2,1019.1,0,1,10,215.4,0
2023-12-21 02:10:48,5,64,19.2,85,11.4,1014.2,1019.1,0,0.3,,215.4,0
2023-12-21 02:15:48,5,64,19.2,85,11.4,1014.5,1019.4,0,0.3,13,215.4,0
2023-12-21 02:20:48,5,64,19.2,85,11.4,1014.3,1019.2,0,0.7,14,215.4,0
2023-12-21 02:25:48,5,64,19.1,85,11.3,1014.3,1019.2,0,0,10,215.4,0
2023-12-21 02:30:48,5,64,19.1,85,11.3,1014.1,1019,0,0,10,215.4,0
2023-12-21 02:35:48,5,64,19.1,85,11.3,1014.3,1019.2,0,0,14,215.4,0
2023-12-21 02:40:48,5,64,19.1,86,11.2,1014.1,1019,0,0,10,215.4,0
2023-12-21 02:45:48,5,64,19.1,86,11.2,1014.2,1019.1,0,0,13,215.4,0
2023-12-21 02:50:48,5,64,19.1,86,11.2,1014.1,1019,0,0,14,215.4,0
2023-12-21 02:55:48,5,64,19.1,86,11.3,1014.2,1019.1,0,0,10,215.4,0
2023-12-21 03:00:48,5,64,19.1,85,11.3,1014.3,1019.2,0,0,12,215.4,0
2023-12-21 03:05:48,5,64,19.1,85,11.2,1014.3,1019.2,0,0,14,215.4,0
2023-12-21 03:10:48,5,64,19,85,11.2,1014.3,1019.2,0,0,10,215.4,0
2023-12-21 03:15:48,5,65,18.9,85,11.3,1014,1018.9,0,0,14,215.4,0
2023-12-21 03:20:48,5,64,19,85,11.3,1014.1,1019,0,0,10,215.4,0
2023-12-21 03:25:48,5,64,19,85,11.3,1014.2,1019.1,0.3,2,10,215.4,0
2023-12-21 03:30:48,5,64,19,85,11.3,1014.2,1019.1,0,0,13,215.7,0
2023-12-21 03:35:48,5,64,19,85,11.3,1014.1,1019,0,0,14,215.7,0
2023-12-21 03:40:48,5,64,19,85,11.2,1014.1,1019,0,0,14,215.7,0
2023-12-21 03:45:48,5,64,19,86,11.2,1014.1,1019,0,0,10,215.7,0
2023-12-21 03:50:48,5,64,19,86,11.2,1014.1,1019,0,0,10,215.7,0
2023-12-21 03:55:50,5,65,18.9,86,11.2,1014.1,1019,0,0,10,215.7,0
2023-12-21 04:00:49,5,64,19,87,11.1,1014,1018.9,0,0,14,215.7,0
2023-12-21 04:05:48,5,64,19,87,11.1,1014,1018.9,0,0,14,215.7,0
2023-12-21 04:10:48,5,65,18.9,87,11.1,1014.1,1019,0,0,13,215.7,0
2023-12-21 04:15:48,5,65,18.9,88,11.1,1014,1018.9,0,0,13,215.7,0
2023-12-21 04:20:48,5,65,18.9,88,11.1,1013.8,1018.7,0,0,0,215.7,0
2023-12-21 04:25:48,5,65,18.9,88,11.1,1014.1,1019,0,0,13,215.7,0
2023-12-21 04:30:48,5,64,18.8,89,11,1014,1018.9,0,0,10,215.7,0
2023-12-21 04:35:48,5,64,18.9,89,11,1014.3,1019.2,0,0,13,215.7,0
2023-12-21 04:40:48,5,64,18.9,89,11.1,1014.2,1019.1,0,0,0,215.7,0
2023-12-21 04:45:48,5,64,18.9,89,11.1,1014.3,1019.2,0,0,10,215.7,0
2023-12-21 04:50:48,5,64,18.8,89,11,1014.3,1019.2,0,0,13,215.7,0
2023-12-21 04:55:48,5,64,18.8,90,11,1014.3,1019.2,0,0,15,215.7,0
2023-12-21 05:00:48,5,64,18.9,90,11,1014.2,1019.1,0,0,15,215.7,0
2023-12-21 05:05:48,5,64,18.9,90,11,1014.2,1019.1,0,0,13,215.7,0
2023-12-21 05:10:48,5,64,18.9,90,11,1014.1,1019,0,0,0,215.7,0
2023-12-21 05:15:48,5,64,18.9,90,11,1014.1,1019,0,0,10,215.7,0
2023-12-21 05:20:48,5,64,18.9,90,11,1014.3,1019.2,0,0,15,215.7,0
2023-12-21 05:25:48,5,64,18.9,90,11,1014.2,1019.1,0,0,8,215.7,0
2023-12-21 05:30:48,5,64,18.8,90,11,1014.3,1019.2,0,0,10,215.7,0
2023-12-21 05:35:48,5,64,18.8,90,11,1014.3,1019.2,0,0,0,215.7,0
2023-12-21 05:40:48,5,64,18.8,90,11,1014.3,1019.2,0,0,13,215.7,0
2023-12-21 05:45:48,5,64,18.8,90,11,1014,1018.9,0,0,0,215.7,0
2023-12-21 05:50:48,5,64,18.8,90,11,1013.9,1018.8,0,0,0,215.7,0
2023-12-21 05:55:48,5,64,18.8,90,11,1014.1,1019,0,0,15,215.7,0
2023-12-21 06:00:48,5,64,18.8,90,11,1014.1,1019,0,0,10,216,0
2023-12-21 06:05:48,5,64,18.7,90,11,1014.3,1019.2,0,0,11,216,0
2023-12-21 06:10:48,5,64,18.8,90,11.1,1014.1,1019,0,0,10,216,0
2023-12-21 06:15:48,5,64,18.7,90,11.1,1014,1018.9,0,0,8,216,0
2023-12-21 06:20:48,5,64,18.7,90,11.1,1014.2,1019.1,0,0,0,216,0
2023-12-21 06:25:48,5,64,18.7,90,11.1,1014.4,1019.3,0,0,0,216,0
2023-12-21 06:30:48,5,64,18.8,90,11.1,1014.4,1019.3,0,0,15,216,0
2023-12-21 06:35:48,5,64,18.7,90,11.1,1014.2,1019.1,0,0,10,216,0
2023-12-21 06:40:48,5,64,18.8,90,11,1014.4,1019.3,0,0,0,216,0
2023-12-21 06:45:48,5,64,18.7,90,11,1014.4,1019.3,0,0,0,216,0
2023-12-21 06:50:48,5,64,18.7,90,11,1014.3,1019.2,0,0,10,216,0
2023-12-21 06:55:48,5,64,18.7,90,11,1014.1,1019,0,0,11,216,0
2023-12-21 07:00:48,5,64,18.7,90,11,1014.2,1019.1,0,0,0,216,0
2023-12-21 07:05:48,5,64,18.7,90,11,1014.4,1019.3,0,0,10,216,0
2023-12-21 07:10:48,5,65,18.8,90,11,1014.3,1019.2,0,0,10,216,0
2023-12-21 07:15:48,5,65,18.7,91,11,1014.2,1019.1,0,0,13,216,0
2023-12-21 07:20:48,5,65,18.7,91,11,1014.2,1019.1,0,0,1,216,0
2023-12-21 07:25:48,5,64,18.7,91,11,1014.3,1019.2,0,0,15,216,0
2023-12-21 07:30:48,5,65,18.7,91,11.1,1014.5,1019.4,0,0,10,216,0
2023-12-21 07:35:48,5,65,18.7,91,11.1,1014.5,1019.4,0,0,8,216,0
2023-12-21 07:40:48,5,64,18.7,90,11,1014.5,1019.4,0,0,8,216,0
2023-12-21 07:45:48,5,65,18.7,90,11,1014.4,1019.3,0,0,15,216,0
2023-12-21 07:50:48,5,65,18.7,90,11,1014.4,1019.3,0,0,10,216,0
2023-12-21 07:55:48,5,64,18.7,90,11,1014.6,1019.5,0,0,0,216,0
2023-12-21 08:00:48,5,64,18.8,90,11.1,1014.3,1019.2,0,0,1,216,0
2023-12-21 08:05:48,5,64,18.8,90,11.1,1014.3,1019.2,0,0,15,216,0
2023-12-21 08:10:48,5,64,18.8,90,11,1014.4,1019.3,0,0,10,216,0
2023-12-21 08:15:48,5,64,18.7,90,11,1014.3,1019.2,0,0,8,216,0
2023-12-21 08:20:48,5,64,18.7,90,11,1014.6,1019.5,0,0,15,216,0
2023-12-21 08:25:48,5,64,18.7,90,11.1,1014.6,1019.5,0,0,0,216,0
2023-12-21 08:30:48,5,64,18.8,89,11.1,1014.6,1019.5,0,0,0,216,0
2023-12-21 08:35:48,5,64,18.8,89,11,1014.5,1019.4,0,0,14,216,0
2023-12-21 08:40:48,5,64,18.8,89,11,1014.7,1019.6,0,0,15,216,0
2023-12-21 08:45:48,5,64,18.8,89,11,1014.6,1019.5,0,0,15,216,0
2023-12-21 08:50:48,5,64,18.8,89,11,1014.4,1019.3,0,0,13,216,0
2023-12-21 08:55:48,5,64,18.7,89,11,1014.6,1019.5,0,0,8,216,0
2023-12-21 09:00:48,5,64,18.7,88,11,1014.6,1019.5,0,0,15,216,0
2023-12-21 09:05:48,5,64,18.7,88,11,1014.6,1019.5,0,0,10,216,0
2023-12-21 09:10:48,5,64,18.7,88,11,1014.6,1019.5,0,0,0,216,0
2023-12-21 09:15:48,5,64,18.7,88,11,1014.7,1019.6,0,0,14,216,0
2023-12-21 09:20:48,5,64,18.7,87,11.1,1014.8,1019.7,0,0,0,216,0
2023-12-21 09:25:48,5,64,18.7,87,11.1,1014.7,1019.6,0,0,10,216,0
2023-12-21 09:30:48,5,64,18.7,87,11.1,1014.7,1019.6,0,0,10,216,0
2023-12-21 09:35:48,5,64,18.7,87,11.1,1014.8,1019.7,0,0,13,216,0
2023-12-21 09:40:48,5,64,18.8,86,11.1,1015,1019.9,0,0,11,216,0
2023-12-21 09:45:48,5,64,18.8,86,11.1,1015.1,1020,0,0,10,216,0
2023-12-21 09:50:48,5,64,18.8,86,11.1,1014.8,1019.7,0,0,13,216,0
2023-12-21 09:55:48,5,65,18.8,85,11.1,1015,1019.9,0,0,15,216,0
2023-12-21 10:00:48,5,65,18.8,85,11.2,1015.1,1020,0,0,0,216,0
2023-12-21 10:05:48,5,65,18.8,84,11.2,1015,1019.9,0,0,14,216,0
2023-12-21 10:10:48,5,65,18.8,84,11,1015.1,1020,0,0,10,216,0
2023-12-21 10:15:48,5,65,18.8,84,11,1014.9,1019.8,0,0,10,216,0
2023-12-21 10:20:48,5,65,18.8,84,11.1,1015.1,1020,0,0,15,216,0
2023-12-21 10:25:48,5,65,18.9,85,11,1015,1019.9,0,0,13,216,0
2023-12-21 10:30:48,5,65,18.9,85,11,1015.1,1020,0,0,10,216,0
2023-12-21 10:35:48,5,65,18.9,85,11.1,1015.4,1020.3,0,0,0,216,0
2023-12-21 10:40:48,5,64,19,85,11.1,1015.5,1020.4,0,0,13,216,0
2023-12-21 10:45:48,5,65,18.9,84,11.1,1015.3,1020.2,0,0,0,216,0
2023-12-21 10:50:48,5,64,19,84,11.2,1015.5,1020.4,0,0,13,216,0
2023-12-21 10:55:48,5,65,19,83,11.3,1015.6,1020.5,0,0,13,216,0
2023-12-21 11:00:48,5,65,19.1,83,11.3,1015.6,1020.5,0,0.3,13,216,0
2023-12-21 11:05:48,5,65,19.1,82,11.5,1015.5,1020.4,2.7,3.7,10,216,0
2023-12-21 11:10:48,5,66,19.2,81,11.5,1015.6,1020.5,4.1,5.8,14,216,0
2023-12-21 11:15:48,5,66,19.2,80,11.4,1015.6,1020.5,5.1,6.8,10,216,0
2023-12-21 11:20:48,5,66,19.3,81,11.3,1015.5,1020.4,3.4,4.4,,216,0
2023-12-21 11:25:48,5,65,19.3,81,11.3,1015.5,1020.4,4.8,6.5,,216,0
2023-12-21 11:30:48,5,65,19.3,81,11.3,1015.5,1020.4,4.1,5.1,14,216,0
2023-12-21 11:35:48,5,65,19.3,81,11.3,1015.6,1020.5,4.4,6.8,,216,0
2023-12-21 11:40:48,5,65,19.3,81,11.1,1015.4,1020.3,4.8,9.9,14,216,0
2023-12-21 11:45:48,5,64,19.2,81,11.2,1015.5,1020.4,4.8,5.8,,216,0
2023-12-21 11:50:48,5,64,19.3,80,11.2,1015.6,1020.5,2,2.7,,216,0
2023-12-21 11:55:48,5,64,19.2,79,11.4,1015.6,1020.5,4.8,7.1,,216,0
2023-12-21 12:00:48,5,64,19.2,75,11.6,1015.4,1020.3,3.4,5.1,2,216,0
2023-12-21 12:05:48,5,64,19.2,73,11.7,1015.4,1020.3,5.8,7.8,14,216,0
2023-12-21 12:10:48,5,64,19.2,72,11.8,1015.5,1020.4,4.4,5.1,,216,0
2023-12-21 12:15:48,5,64,19.2,74,11.6,1015.3,1020.2,5.4,8.2,0,216,0
2023-12-21 12:20:48,5,64,19.2,76,11.4,1015.5,1020.4,4.8,6.1,,216,0
2023-12-21 12:25:48,5,64,19.2,76,11.5,1015.4,1020.3,5.1,7.8,,216,0
2023-12-21 12:30:48,5,64,19.2,76,11.5,1015.3,1020.2,6.5,8.2,10,216,0
2023-12-21 12:35:48,5,65,19.2,76,11.6,1015.4,1020.3,4.1,5.8,7,216,0
2023-12-21 12:40:48,5,65,19.2,73,11.8,1015.2,1020.1,5.8,9.2,14,216,0
2023-12-21 12:45:48,5,65,19.2,72,11.8,1015.4,1020.3,3.7,5.1,,216,0
2023-12-21 12:50:48,5,65,19.2,73,11.6,1015.4,1020.3,3.1,4.1,10,216,0
2023-12-21 12:55:48,5,65,19.2,75,11.4,1015.4,1020.3,4.4,6.1,,216,0
2023-12-21 13:00:48,5,65,19.2,77,11.3,1015.5,1020.4,2.7,4.4,10,216,0
2023-12-21 13:05:48,5,65,19.2,79,11,1015.4,1020.3,4.1,6.5,,216,0
2023-12-21 13:10:48,5,65,19.2,81,11,1015.2,1020.1,4.4,5.1,14,216,0
2023-12-21 13:15:48,5,65,19.2,82,11,1015.1,1020,5.4,6.1,,216,0
2023-12-21 13:20:48,5,65,19.2,83,11,1015.4,1020.3,3.7,4.4,8,216,0
2023-12-21 13:25:48,5,65,19.2,82,11.1,1015.2,1020.1,6.1,8.8,10,216,0
2023-12-21 13:30:48,5,65,19.2,81,11.3,1015.1,1020,3.7,5.8,,216,0
2023-12-21 13:35:48,5,64,19.2,78,11.4,1014.8,1019.7,4.1,6.1,,216,0
2023-12-21 13:40:48,5,64,19.2,76,11.4,1015.2,1020.1,3.7,5.8,,216,0
2023-12-21 13:45:48,5,64,19.2,74,11.6,1015.2,1020.1,5.4,6.8,,216,0
2023-12-21 13:50:48,5,64,19.2,74,11.5,1015,1019.9,3.4,5.1,,216,0
2023-12-21 13:55:48,5,64,19.2,75,11.4,1015.1,1020,3.4,4.4,,216,0
2023-12-21 14:00:48,5,64,19.2,75,11.3,1015.3,1020.2,3.7,5.1,10,216,0
2023-12-21 14:05:48,5,64,19.2,76,11.2,1015.2,1020.1,5.4,6.5,8,216,0
2023-12-21 14:10:48,5,64,19.2,77,11.1,1015.2,1020.1,4.1,5.8,,216,0
2023-12-21 14:15:48,5,64,19.2,78,11.2,1015.3,1020.2,3.7,4.8,8,216,0
2023-12-21 14:20:48,5,64,19.2,79,11.1,1015.4,1020.3,5.8,7.8,0,216,0
2023-12-21 14:25:48,5,64,19.2,79,11.1,1015.4,1020.3,4.8,7.1,14,216,0
2023-12-21 14:30:48,5,64,19.2,79,11,1015.7,1020.6,4.4,6.1,,216,0
2023-12-21 14:35:48,5,65,19.2,80,10.9,1015.4,1020.3,4.8,6.5,,216,0
2023-12-21 14:40:48,5,65,19.2,80,10.9,1015.4,1020.3,5.1,6.5,,216,0
2023-12-21 14:45:48,5,65,19.2,80,10.9,1015.1,1020,2.7,3.7,10,216,0
2023-12-21 14:50:48,5,65,19.2,81,10.8,1014.9,1019.8,3.7,4.8,,216,0
2023-12-21 14:55:48,5,65,19.2,81,10.8,1015.1,1020,4.4,6.1,,216,0
2023-12-21 15:00:48,5,65,19.2,82,10.8,1015.4,1020.3,6.1,8.2,,216,0
2023-12-21 15:05:48,5,65,19.2,80,11,1015.5,1020.4,4.4,6.5,14,216,0
2023-12-21 15:10:48,5,65,19.2,77,11.2,1015.4,1020.3,6.8,9.2,,216,0
2023-12-21 15:15:48,5,65,19.2,75,11.2,1015.7,1020.6,5.1,6.5,,216,0
2023-12-21 15:20:48,5,65,19.2,73,11.3,1015.7,1020.6,3.4,5.1,,216,0
2023-12-21 15:25:48,5,64,19.2,73,11.3,1015.7,1020.6,2.4,2.7,,216,0
2023-12-21 15:30:48,5,64,19.2,73,11.2,1015.7,1020.6,3.7,5.4,14,216,0
2023-12-21 15:35:48,5,64,19.2,73,11.2,1015.5,1020.4,4.4,5.8,,216,0
2023-12-21 15:40:48,5,64,19.2,73,11.2,1015.5,1020.4,2.7,4.4,10,216,0
2023-12-21 15:45:48,5,64,19.1,73,11,1015.6,1020.5,3.4,4.4,,216,0
2023-12-21 15:50:48,5,64,19.1,74,10.9,1015.7,1020.6,2.4,3.7,10,216,0
2023-12-21 15:55:48,5,63,19,74,10.8,1016,1020.9,3.1,4.8,,216,0
2023-12-21 16:00:48,5,63,19.1,75,10.8,1015.9,1020.8,5.4,7.5,14,216,0
2023-12-21 16:05:48,5,63,19.1,75,10.9,1015.9,1020.8,3.7,5.8,,216,0
2023-12-21 16:10:48,5,63,19.1,76,10.9,1015.8,1020.7,3.4,4.1,14,216,0
2023-12-21 16:15:48,5,63,19.1,76,10.8,1015.9,1020.8,3.1,3.7,,216,0
2023-12-21 16:20:48,5,63,19.1,76,10.7,1016.2,1021.1,2.4,2.7,10,216,0
2023-12-21 16:25:48,5,63,19.1,77,10.4,1016,1020.9,1.7,2.4,,216,0
2023-12-21 16:30:48,5,63,19,79,10.3,1016,1020.9,2.7,5.1,10,216,0
2023-12-21 16:35:48,5,63,19,80,10.3,1016,1020.9,2.7,3.4,10,216,0
2023-12-21 16:40:48,5,63,19,81,10.4,1016,1020.9,3.4,4.4,,216,0
2023-12-21 16:45:48,5,63,19,82,10.5,1015.9,1020.8,3.4,4.8,,216,0
2023-12-21 16:50:48,5,63,19,83,10.6,1015.8,1020.7,3.1,4.1,10,216,0
2023-12-21 16:55:48,5,63,19,83,10.6,1015.6,1020.5,4.1,5.4,,216,0
2023-12-21 17:00:48,5,63,19,84,10.6,1015.9,1020.8,3.1,4.4,,216,0
2023-12-21 17:05:48,5,63,19,84,10.6,1015.9,1020.8,3.4,4.1,,216,0
2023-12-21 17:10:48,5,63,19,84,10.7,1015.9,1020.8,4.8,6.8,,216,0
2023-12-21 17:15:48,5,63,19,84,10.7,1016.1,1021,3.7,4.4,10,216,0
2023-12-21 17:20:48,5,64,19,84,10.7,1016,1020.9,3.4,4.4,10,216,0
2023-12-21 17:25:48,5,64,19,84,10.8,1016.3,1021.2,3.7,4.8,14,216,0
2023-12-21 17:30:48,5,65,18.9,84,10.7,1016.4,1021.3,3.1,3.7,14,216,0
2023-12-21 17:35:48,5,65,19,84,10.7,1016.6,1021.5,4.4,5.1,,216,0
2023-12-21 17:40:48,5,65,19,84,10.7,1016.5,1021.4,3.4,4.1,,216,0
2023-12-21 17:45:48,5,66,19,84,10.6,1016.6,1021.5,2,2.4,,216,0
2023-12-21 17:50:48,5,66,19,85,10.5,1016.4,1021.3,1,1.7,10,216,0
2023-12-21 17:55:48,5,66,19,85,10.4,1016.4,1021.3,0,0.3,14,216,0
2023-12-21 18:00:48,5,66,19,85,10.4,1016.4,1021.3,0,0,10,216,0
2023-12-21 18:05:48,5,66,19,86,10.4,1016.5,1021.4,0,0,,216,0
2023-12-21 18:10:48,5,66,19,86,10.4,1016.4,1021.3,0,0.3,,216,0
2023-12-21 18:15:48,5,66,19,85,10.4,1016.4,1021.3,0,0,10,216,0
2023-12-21 18:20:48,5,66,19,84,10.4,1016.6,1021.5,0,0.3,10,216,0
2023-12-21 18:25:48,5,66,19,84,10.5,1016.5,1021.4,0,0,,216,0
2023-12-21 18:30:48,5,66,19,84,10.5,1016.5,1021.4,0,1,8,216,0
2023-12-21 18:35:48,5,66,19,83,10.5,1016.5,1021.4,0,0.3,,216,0
2023-12-21 18:40:48,5,66,19,83,10.4,1016.3,1021.2,0.3,1.4,10,216,0
2023-12-21 18:45:48,5,66,19,83,10.4,1016.6,1021.5,0.7,1.7,,216,0
2023-12-21 18:50:48,5,66,19,83,10.5,1016.9,1021.8,0.3,1.7,15,216,0
2023-12-21 18:55:48,5,66,19,83,10.5,1016.9,1021.8,1.7,2.7,14,216,0
2023-12-21 19:00:48,5,66,19,83,10.7,1016.8,1021.7,3.7,4.4,,216,0
2023-12-21 19:05:48,5,66,19,82,10.7,1016.6,1021.5,3.4,5.1,10,216,0
2023-12-21 19:10:48,5,66,19,82,10.7,1016.4,1021.3,3.7,4.4,14,216,0
2023-12-21 19:15:48,5,66,19,82,10.7,1016.4,1021.3,4.1,5.8,,216,0
2023-12-21 19:20:48,5,66,19,82,10.6,1016.4,1021.3,4.1,5.1,10,216,0
2023-12-21 19:25:48,5,66,19,83,10.6,1016.4,1021.3,4.4,5.8,,216,0
2023-12-21 19:30:48,5,66,19,83,10.6,1016.5,1021.4,3.4,4.8,10,216,0
2023-12-21 19:35:48,5,66,19,83,10.6,1016.5,1021.4,4.4,5.8,,216,0
2023-12-21 19:40:48,5,66,19,84,10.6,1016.5,1021.4,3.4,3.7,10,216,0
2023-12-21 19:45:48,5,66,19,84,10.6,1016.6,1021.5,4.1,5.1,,216,0
2023-12-21 19:50:48,5,66,19,84,10.6,1016.6,1021.5,3.1,4.4,10,216,0
2023-12-21 19:55:48,5,67,19,84,10.6,1016.6,1021.5,4.1,5.8,10,216,0
2023-12-21 20:00:48,5,67,19.1,84,10.6,1016.9,1021.8,4.4,5.8,10,216,0
2023-12-21 20:05:48,5,68,19.1,84,10.6,1016.7,1021.6,5.1,6.5,10,216,0
2023-12-21 20:10:48,5,68,19.1,84,10.6,1016.8,1021.7,3.7,5.1,14,216,0
2023-12-21 20:15:48,5,68,19.1,84,10.5,1016.7,1021.6,2,3.1,10,216,0
2023-12-21 20:20:48,5,68,19,85,10.4,1016.7,1021.6,0,0.3,10,216,0
2023-12-21 20:25:48,5,68,19,86,10.5,1016.7,1021.6,0,0,13,216,0
2023-12-21 20:30:48,5,69,19.1,86,10.5,1016.5,1021.4,0,0,13,216,0
2023-12-21 20:35:48,5,69,19.2,87,10.5,1016.2,1021.1,0,0,14,216,0
2023-12-21 20:40:48,5,69,19.2,87,10.5,1016.4,1021.3,0,0,10,216,0
2023-12-21 20:45:48,5,69,19.2,87,10.6,1016.2,1021.1,0,0,13,216,0
2023-12-21 20:50:48,5,69,19.2,87,10.5,1016.5,1021.4,0,0,10,216,0
2023-12-21 20:55:48,5,70,19.2,86,10.5,1016.6,1021.5,0,0,14,216,0
2023-12-21 21:00:48,5,70,19.3,86,10.6,1016.4,1021.3,0,0,13,216,0
2023-12-21 21:05:48,5,70,19.3,86,10.7,1016.5,1021.4,0,0,13,216,0
2023-12-21 21:10:48,5,70,19.3,85,10.9,1016.4,1021.3,0,0,13,216,0
2023-12-21 21:15:48,5,70,19.4,84,10.9,1016.4,1021.3,0,0,14,216,0
2023-12-21 21:20:48,5,70,19.3,83,11,1016.5,1021.4,1.7,2,10,216,0
2023-12-21 21:25:48,5,70,19.4,83,11,1016.4,1021.3,2.4,3.1,2,216,0
2023-12-21 21:30:48,5,71,19.5,83,10.9,1016.5,1021.4,2.7,3.4,13,216,0
2023-12-21 21:35:48,5,71,19.5,83,10.9,1016.6,1021.5,3.1,3.7,13,216,0
2023-12-21 21:40:48,5,71,19.4,83,10.9,1016.4,1021.3,3.1,3.7,14,216,0
2023-12-21 21:45:48,5,71,19.4,84,10.8,1016.4,1021.3,2,2.4,14,216,0
2023-12-21 21:50:48,5,71,19.5,84,10.8,1016.5,1021.4,1,1.7,,216,0
2023-12-21 21:55:48,5,71,19.6,85,10.8,1016.7,1021.6,0,1.4,0,216,0
2023-12-21 22:00:48,5,71,19.5,85,10.9,1016.5,1021.4,0.7,1.7,10,216,0
2023-12-21 22:05:48,5,71,19.5,84,10.9,1016.5,1021.4,2,2.7,10,216,0
2023-12-21 22:10:48,5,71,19.5,84,10.9,1016.4,1021.3,2.7,3.7,10,216,0
2023-12-21 22:15:48,5,71,19.5,84,10.9,1016.4,1021.3,3.4,4.4,14,216,0
2023-12-21 22:20:48,5,71,19.6,84,10.9,1016.4,1021.3,4.8,6.1,,216,0
2023-12-21 22:25:48,5,71,19.7,83,11,1016.5,1021.4,3.7,4.8,8,216,0
2023-12-21 22:30:48,5,71,19.6,83,11,1016.5,1021.4,3.7,6.5,,216,0
2023-12-21 22:35:48,5,71,19.7,83,11,1016.5,1021.4,4.8,7.5,14,216,0
2023-12-21 22:40:48,5,71,19.7,83,11,1016.4,1021.3,4.1,5.4,10,216,0
2023-12-21 22:45:48,5,71,19.7,82,11,1016.4,1021.3,4.1,5.4,8,216,0
2023-12-21 22:50:48,5,71,19.7,82,11,1016.7,1021.6,4.8,5.8,14,216,0
2023-12-21 22:55:48,5,71,19.7,82,11,1016.6,1021.5,4.1,5.1,10,216,0
2023-12-21 23:00:48,5,71,19.7,82,11,1016.7,1021.6,5.4,7.8,0,216,0
2023-12-21 23:05:48,5,71,19.7,82,11,1016.6,1021.5,4.4,6.5,10,216,0
2023-12-21 23:10:48,5,71,19.7,82,11,1016.7,1021.6,4.1,5.8,10,216,0
2023-12-21 23:15:48,5,71,19.7,82,11,1016.6,1021.5,5.4,7.1,,216,0
2023-12-21 23:20:48,5,71,19.8,81,11,1016.7,1021.6,4.4,7.5,10,216,0
2023-12-21 23:25:48,5,71,19.8,81,11,1016.6,1021.5,3.7,5.1,10,216,0
2023-12-21 23:30:48,5,71,19.7,82,10.9,1016.7,1021.6,4.4,5.4,10,216,0
2023-12-21 23:35:48,5,71,19.8,82,10.8,1016.7,1021.6,2.7,3.4,,216,0
2023-12-21 23:40:48,5,70,19.8,83,10.8,1016.6,1021.5,3.7,5.1,14,216,0
2023-12-21 23:45:48,5,70,19.8,83,10.9,1016.5,1021.4,6.1,7.1,,216,0
2023-12-21 23:50:48,5,70,19.8,83,10.9,1016.7,1021.6,3.4,4.8,,216,0
2023-12-21 23:55:48,5,70,19.8,82,11,1016.8,1021.7,4.4,6.1,,216,0
