2019-11-04 00:01:17,5,55,21.1,90,6.4,976.1,981,0,0,4,842.1,0
2019-11-04 00:06:17,5,55,21.2,90,6.3,975.9,980.8,0,0.3,13,842.1,0
2019-11-04 00:11:17,5,55,21.2,90,6.3,975.9,980.8,0,0,4,842.1,0
2019-11-04 00:16:17,5,55,21.2,90,6.4,976,980.9,0,0,,842.1,0
2019-11-04 00:21:17,5,55,21.2,90,6.3,975.9,980.8,0,0,12,842.1,0
2019-11-04 00:26:17,5,55,21.1,90,6.1,976,980.9,0,0,4,842.1,0
2019-11-04 00:31:17,5,55,21,90,6,975.8,980.7,0,0,4,842.1,0
2019-11-04 00:36:17,5,55,21,90,6,975.9,980.8,0,0,4,842.1,0
2019-11-04 00:41:17,5,55,21,90,5.9,975.8,980.7,0,0,2,842.1,0
2019-11-04 00:46:17,5,55,21,90,5.8,975.9,980.8,0,0,4,842.1,0
2019-11-04 00:51:17,5,56,21,90,5.7,975.9,980.8,0,0,2,842.1,0
2019-11-04 00:56:17,5,57,20.9,90,5.6,975.9,980.8,0,0,2,842.1,0
2019-11-04 01:01:17,5,57,20.9,90,5.4,976,980.9,0,0,2,842.1,0
2019-11-04 01:06:17,5,57,20.9,90,5.3,976,980.9,0,0,2,842.1,0
2019-11-04 01:11:17,5,57,20.8,90,5,976,980.9,0,0,2,842.1,0
2019-11-04 01:16:17,5,57,20.8,90,4.9,975.9,980.8,0,0,2,842.1,0
2019-11-04 01:21:17,5,57,20.7,90,5.1,976.1,981,0,0,2,842.1,0
2019-11-04 01:26:17,5,57,20.8,90,5.1,976.1,981,0,0,2,842.1,0
2019-11-04 01:31:17,5,57,20.7,90,5.3,976.2,981.1,0,0,2,842.4,0
2019-11-04 01:36:17,5,57,20.7,90,5.4,976.1,981,0,0,4,842.4,0
2019-11-04 01:41:17,5,57,20.7,90,5.3,976.1,981,0,0,2,842.4,0
2019-11-04 01:46:17,5,57,20.7,90,5.2,976.1,981,0,0,4,842.4,0
2019-11-04 01:51:17,5,57,20.7,90,5.1,976.2,981.1,0,0,2,842.4,0
2019-11-04 01:56:17,5,57,20.7,90,5,976.1,981,0,0,4,842.4,0
2019-11-04 02:01:17,5,57,20.7,90,4.9,976.3,981.2,0,0,12,842.4,0
2019-11-04 02:06:17,5,57,20.6,90,4.8,976.1,981,0,0,12,842.4,0
2019-11-04 02:11:17,5,57,20.6,90,4.7,976.1,981,0,0,12,842.4,0
2019-11-04 02:16:17,5,57,20.5,90,4.5,976.2,981.1,0,0,2,842.4,0
2019-11-04 02:21:17,5,56,20.5,90,4.4,976,980.9,0,0,12,842.4,0
2019-11-04 02:26:17,5,57,20.5,90,4.5,976.2,981.1,0,0,4,842.4,0
2019-11-04 02:31:17,5,56,20.5,90,4.5,976.1,981,0,0,4,842.4,0
2019-11-04 02:36:17,5,57,20.5,90,4.4,976.2,981.1,0,0,4,842.4,0
2019-11-04 02:41:17,5,56,20.5,90,4.4,976.1,981,0,0,4,842.4,0
2019-11-04 02:46:17,5,56,20.5,90,4.4,976,980.9,0,0,4,842.4,0
2019-11-04 02:51:17,5,56,20.4,90,4.3,976.1,981,0,0,2,842.4,0
2019-11-04 02:56:17,5,56,20.4,90,3.9,976.2,981.1,0,0,2,842.4,0
2019-11-04 03:01:17,5,56,20.4,90,3.9,976,980.9,0,0,,842.4,0
2019-11-04 03:06:17,5,56,20.4,90,4,976.1,981,0,0,12,842.4,0
2019-11-04 03:11:17,5,56,20.3,90,4,976.1,981,0,0,4,842.4,0
2019-11-04 03:16:17,5,56,20.4,90,4.1,975.9,980.8,0,0,12,842.4,0
2019-11-04 03:21:17,5,56,20.3,90,4,976,980.9,0,0,4,842.4,0
2019-11-04 03:26:17,5,56,20.3,90,3.7,976,980.9,0,0,4,842.4,0
2019-11-04 03:31:17,5,56,20.3,90,3.5,976.1,981,0,0.3,4,842.4,0
2019-11-04 03:36:17,5,56,20.3,90,3.7,976.1,981,0,0,4,842.4,0
2019-11-04 03:41:17,5,56,20.3,90,3.6,976.3,981.2,0,0,2,842.4,0
2019-11-04 03:46:17,5,56,20.3,90,3.6,976.1,981,0,0,2,842.4,0
2019-11-04 03:51:17,5,56,20.3,90,3.6,976.2,981.1,0,0,2,842.4,0
2019-11-04 03:56:17,5,56,20.3,90,3.4,976.2,981.1,0,0,2,842.4,0
2019-11-04 04:01:17,5,56,20.3,90,3.2,976.3,981.2,0,0,2,842.4,0
2019-11-04 04:06:17,5,56,20.2,90,3.1,976.2,981.1,0,0,2,842.4,0
2019-11-04 04:11:17,5,56,20.2,90,3.2,976.2,981.1,0,0,2,842.4,0
2019-11-04 04:16:17,5,56,20.2,90,3.4,976.4,981.3,0,0,2,842.4,0
2019-11-04 04:21:17,5,56,20.2,90,3.3,976.4,981.3,0,0,2,842.4,0
2019-11-04 04:26:17,5,56,20.2,90,3.2,976.3,981.2,0,0,2,842.4,0
2019-11-04 04:31:17,5,56,20.2,90,3.1,976.4,981.3,0,0,2,842.4,0
2019-11-04 04:36:17,5,56,20.1,90,3.1,976.4,981.3,0,0,2,842.4,0
2019-11-04 04:41:17,5,56,20.1,90,3.3,976.6,981.5,0,0,4,842.4,0
2019-11-04 04:46:17,5,56,20.1,90,3.2,976.7,981.6,0,0,4,842.4,0
2019-11-04 04:51:17,5,56,20.1,90,3.1,976.7,981.6,0,0,8,842.4,0
2019-11-04 04:56:17,5,56,20.1,90,3.1,976.8,981.7,0,0,8,842.4,0
2019-11-04 05:01:17,5,56,20.1,90,3.3,976.8,981.7,0,0,2,842.4,0
2019-11-04 05:06:17,5,56,20.1,90,3.5,977,981.9,0,0,2,842.4,0
2019-11-04 05:11:17,5,55,20.1,90,3.7,977,981.9,0,0,2,842.4,0
2019-11-04 05:16:17,5,55,20.1,90,3.7,977.1,982,0,0,2,842.4,0
2019-11-04 05:21:17,5,55,20.1,90,3.8,977.3,982.2,0,0,2,842.4,0
2019-11-04 05:26:17,5,55,20.1,90,3.8,977.2,982.1,0,0,2,842.4,0
2019-11-04 05:31:17,5,55,20.1,90,3.9,977.2,982.1,0,0,2,842.4,0
2019-11-04 05:36:17,5,55,20,90,3.9,977.3,982.2,0,0,2,842.4,0
2019-11-04 05:41:17,5,55,20,90,3.9,977.5,982.4,0,0,2,842.4,0
2019-11-04 05:46:17,5,55,20,90,4,977.5,982.4,0,0,2,842.4,0
2019-11-04 05:51:17,5,55,20,90,4,977.6,982.5,0,0,2,842.4,0
2019-11-04 05:56:17,5,55,20,90,4.1,977.6,982.5,0,0,0,842.4,0
2019-11-04 06:01:17,5,55,20,90,4.1,977.6,982.5,0,0,2,842.4,0
2019-11-04 06:06:17,5,55,20,90,4.2,977.7,982.6,0,0,0,842.4,0
2019-11-04 06:11:17,5,55,20,90,4.5,977.9,982.8,0,0,0,842.4,0
2019-11-04 06:16:17,5,55,20,90,4.7,977.9,982.8,0,0,0,842.4,0
2019-11-04 06:21:17,5,55,20,90,4.8,977.9,982.8,0,0,0,842.4,0
2019-11-04 06:26:17,5,55,20,91,4.9,978,982.9,0,0,0,842.4,0
2019-11-04 06:31:17,5,56,19.9,91,5,978,982.9,0,0,15,842.4,0
2019-11-04 06:36:17,5,56,19.9,91,5.1,978.2,983.1,0,0,0,842.4,0
2019-11-04 06:41:17,5,56,19.9,91,5.2,978.1,983,0,0,0,842.4,0
2019-11-04 06:46:17,5,56,19.9,91,5.3,978,982.9,0,0,13,842.4,0
2019-11-04 06:51:17,5,56,19.9,91,5.4,978.2,983.1,0,0,13,842.4,0
2019-11-04 06:56:17,5,56,19.9,91,5.5,978.2,983.1,0,0,14,842.4,0
2019-11-04 07:01:17,5,56,19.9,91,5.6,978.3,983.2,0,0,13,842.4,0
2019-11-04 07:06:17,5,56,19.9,91,5.6,978.3,983.2,0,0,14,842.4,0
2019-11-04 07:11:17,5,56,19.8,91,5.7,978.4,983.3,0,0,14,842.4,0
2019-11-04 07:16:17,5,56,19.8,91,5.7,978.6,983.5,0,0,13,842.4,0
2019-11-04 07:21:17,5,56,19.8,91,5.8,978.8,983.7,0,0,14,842.4,0
2019-11-04 07:26:17,5,56,19.8,91,5.8,978.7,983.6,0,0,13,842.4,0
2019-11-04 07:31:19,5,56,19.8,91,5.9,978.9,983.8,0,0,13,842.4,0
2019-11-04 07:36:18,5,56,19.8,91,6,978.8,983.7,0,0,13,842.4,0
2019-11-04 07:41:18,5,56,19.8,91,6.1,978.9,983.8,0,0,12,842.4,0
2019-11-04 07:46:18,5,56,19.8,91,6.2,979.1,984,0,0,13,842.4,0
2019-11-04 07:51:18,5,56,19.8,91,6.3,979.1,984,0,0,0,842.7,0
2019-11-04 07:56:18,5,56,19.8,92,6.4,979.3,984.2,0,0,0,842.7,0
2019-11-04 08:01:18,5,56,19.8,92,6.6,979.3,984.2,0,0,15,842.7,0
2019-11-04 08:06:18,5,55,19.7,92,6.8,979.4,984.3,0,0,0,842.7,0
2019-11-04 08:11:18,5,56,19.8,92,6.8,979.5,984.4,0,0,15,842.7,0
2019-11-04 08:16:18,5,56,19.7,92,6.8,979.7,984.6,0,0,13,842.7,0
2019-11-04 08:21:18,5,56,19.7,92,6.8,979.9,984.8,0,0,0,842.7,0
2019-11-04 08:26:18,5,56,19.7,92,6.8,980,984.9,0,0,15,842.7,0
2019-11-04 08:31:18,5,56,19.7,92,6.8,979.9,984.8,0,0,15,842.7,0
2019-11-04 08:36:18,5,56,19.7,92,6.8,980.1,985,0,0,15,842.7,0
2019-11-04 08:41:18,5,57,19.7,92,6.8,980.2,985.1,0,0,0,842.7,0
2019-11-04 08:46:18,5,59,19.7,92,6.8,980.1,985,0,0,15,842.7,0
2019-11-04 08:51:18,5,60,19.8,92,6.8,980.2,985.1,0,0,0,842.7,0
2019-11-04 08:56:18,5,60,19.9,92,6.9,980.3,985.2,0,0,15,842.7,0
2019-11-04 09:01:18,5,58,20,92,7,980.3,985.2,0,0,0,842.7,0
2019-11-04 09:06:18,5,58,20.1,92,7.1,980.5,985.4,0,0,0,842.7,0
2019-11-04 09:11:18,5,58,20.2,92,7.1,980.7,985.6,0,0,0,842.7,0
2019-11-04 09:16:18,5,57,20.3,92,7.2,980.7,985.6,0,0,15,842.7,0
2019-11-04 09:21:18,5,57,20.3,92,7.3,980.6,985.5,0,0,0,842.7,0
2019-11-04 09:26:18,5,57,20.4,92,7.3,980.6,985.5,0,0,0,842.7,0
2019-11-04 09:31:18,5,48,20.4,92,7.3,980.7,985.6,0,0,0,842.7,0
2019-11-04 09:36:18,5,51,20.3,92,7.4,980.8,985.7,0,0,0,842.7,0
2019-11-04 09:41:18,5,52,20.2,92,7.4,981,985.9,0,0,14,842.7,0
2019-11-04 09:46:18,5,52,20.1,92,7.4,981,985.9,0,0,13,842.7,0
2019-11-04 09:51:18,5,53,20.2,89,7.5,981.1,986,0,0,14,842.7,0
2019-11-04 09:56:18,5,53,20.2,89,7.6,981.2,986.1,0,0,13,842.7,0
2019-11-04 10:01:18,5,54,20.1,89,7.6,981.2,986.1,0,0,13,842.7,0
2019-11-04 10:06:18,5,54,20.1,89,7.6,981.3,986.2,0,0,13,842.7,0
2019-11-04 10:11:18,5,54,20.1,89,7.6,981.4,986.3,0,0,14,842.7,0
2019-11-04 10:16:18,5,54,20.1,89,7.7,981.4,986.3,0,0,13,842.7,0
2019-11-04 10:21:18,5,54,20.1,89,7.7,981.6,986.5,0,0,13,842.7,0
2019-11-04 10:26:18,5,54,20.1,89,7.7,981.8,986.7,0,0,13,842.7,0
2019-11-04 10:31:18,5,54,20.1,89,7.6,981.7,986.6,0,0,14,842.7,0
2019-11-04 10:36:18,5,54,20,89,7.7,981.8,986.7,0,0,15,842.7,0
2019-11-04 10:41:18,5,54,20.1,89,7.8,981.8,986.7,0,0,15,842.7,0
2019-11-04 10:46:17,5,54,20,89,7.9,981.9,986.8,0,0,14,842.7,0
2019-11-04 10:51:17,5,55,20,89,7.9,982,986.9,0,0,0,842.7,0
2019-11-04 10:56:17,5,55,20,89,8.1,981.8,986.7,0,0,15,842.7,0
2019-11-04 11:01:17,5,55,20,89,8.3,982.1,987,0,0,13,842.7,0
2019-11-04 11:06:17,5,55,20,89,8.3,982,986.9,0,0,15,842.7,0
2019-11-04 11:11:17,5,55,20,89,8.4,982.2,987.1,0,0,0,842.7,0
2019-11-04 11:16:17,5,55,20,89,8.4,982.2,987.1,0,0,0,842.7,0
2019-11-04 11:21:17,5,55,20,89,8.5,982.2,987.1,0,0,15,842.7,0
2019-11-04 11:26:17,5,55,20,89,8.5,982.3,987.2,0,0,0,842.7,0
2019-11-04 11:31:17,5,55,20,89,8.6,982.3,987.2,0,0,0,842.7,0
2019-11-04 11:36:17,5,55,20,89,8.7,982.4,987.3,0,0,13,842.7,0
2019-11-04 11:41:17,5,55,20,89,8.8,982.4,987.3,0,0,1,842.7,0
2019-11-04 11:46:17,5,55,20,89,8.8,982.6,987.5,0,0,0,842.7,0
2019-11-04 11:51:17,5,55,20,89,8.9,982.6,987.5,0,0,0,842.7,0
2019-11-04 11:56:17,5,55,20,89,9.1,982.6,987.5,0,0,0,842.7,0
2019-11-04 12:01:17,5,55,20,89,9.2,982.6,987.5,0,0,15,842.7,0
2019-11-04 12:06:17,5,56,19.9,89,9.3,982.8,987.7,0,0,15,842.7,0
2019-11-04 12:11:17,5,56,19.9,89,9.5,982.9,987.8,0,0,0,842.7,0
2019-11-04 12:16:17,5,56,19.9,89,9.6,982.9,987.8,0,0,15,842.7,0
2019-11-04 12:21:17,5,56,19.9,89,9.7,982.9,987.8,0,0,15,842.7,0
2019-11-04 12:26:17,5,56,19.9,89,9.8,983.1,988,0,0,13,842.7,0
2019-11-04 12:31:17,5,56,19.9,88,9.8,983.1,988,0,0,0,842.7,0
2019-11-04 12:36:17,5,56,19.9,88,9.8,983.3,988.2,0,0,15,842.7,0
2019-11-04 12:41:17,5,56,19.9,87,9.9,983.5,988.4,0,0,14,842.7,0
2019-11-04 12:46:17,5,56,19.9,86,10,983.5,988.4,0,0,15,842.7,0
2019-11-04 12:51:17,5,56,19.9,86,10.1,983.8,988.7,0,0,0,842.7,0
2019-11-04 12:56:17,5,56,19.8,85,10.3,983.8,988.7,0,0,15,842.7,0
2019-11-04 13:01:17,5,56,19.8,85,10.4,983.7,988.6,0,0,15,842.7,0
2019-11-04 13:06:17,5,55,19.8,84,10.5,983.8,988.7,0,0,15,842.7,0
2019-11-04 13:11:17,5,55,19.8,83,10.4,983.8,988.7,0,0,15,842.7,0
2019-11-04 13:16:17,5,55,19.8,83,10.5,984.1,989,0,0,15,842.7,0
2019-11-04 13:21:17,5,55,19.8,83,10.5,984.1,989,0,0,15,842.7,0
2019-11-04 13:26:17,5,55,19.8,83,10.6,984.1,989,0,0,15,842.7,0
2019-11-04 13:31:17,5,55,19.8,82,10.6,984.3,989.2,0,0,15,842.7,0
2019-11-04 13:36:17,5,55,19.8,82,10.7,984.5,989.4,0,0,15,842.7,0
2019-11-04 13:41:17,5,55,19.8,82,10.8,984.4,989.3,0,0,15,842.7,0
2019-11-04 13:46:17,5,55,19.8,82,10.8,984.5,989.4,0,0,0,842.7,0
2019-11-04 13:51:17,5,55,19.8,81,10.9,984.6,989.5,0,0,0,842.7,0
2019-11-04 13:56:17,5,55,19.8,81,10.9,984.7,989.6,0,0,0,842.7,0
2019-11-04 14:01:17,5,55,19.8,81,11.1,984.8,989.7,0,0,15,842.7,0
2019-11-04 14:06:17,5,55,19.9,81,11.4,984.8,989.7,0,0,15,842.7,0
2019-11-04 14:11:17,5,55,19.9,80,11.3,984.9,989.8,0,0,15,842.7,0
2019-11-04 14:16:17,5,55,19.9,80,11.1,985.2,990.1,0,0,2,842.7,0
2019-11-04 14:21:17,5,55,19.9,80,11,985.4,990.3,0,0,15,842.7,0
2019-11-04 14:26:17,5,55,19.9,80,11,985.3,990.2,0,0,15,842.7,0
2019-11-04 14:31:17,5,55,19.9,80,10.9,985.3,990.2,0,0,2,842.7,0
2019-11-04 14:36:17,5,55,19.9,79,11.1,985.4,990.3,0,0.7,15,842.7,0
2019-11-04 14:41:17,5,55,19.9,79,11.2,985.6,990.5,0,0,15,842.7,0
2019-11-04 14:46:17,5,55,19.9,79,11.4,985.7,990.6,0,0.3,0,842.7,0
2019-11-04 14:51:17,5,55,19.9,78,11.7,985.8,990.7,0,0,0,842.7,0
2019-11-04 14:56:17,5,55,19.9,76,11.5,985.7,990.6,0,0,0,842.7,0
2019-11-04 15:01:17,5,55,19.9,77,11.4,986.1,991,0,0,0,842.7,0
2019-11-04 15:06:17,5,55,19.9,76,11.2,986,990.9,0,1.4,15,842.7,0
2019-11-04 15:11:17,5,55,19.9,77,11.1,986.1,991,0,0.3,15,842.7,0
2019-11-04 15:16:17,5,55,19.9,77,11,986.3,991.2,1,1.7,0,842.7,0
2019-11-04 15:21:17,5,55,19.9,77,11,986.3,991.2,0,0.3,2,842.7,0
2019-11-04 15:26:17,5,55,19.9,77,10.9,986.4,991.3,0.3,1.7,15,842.7,0
2019-11-04 15:31:17,5,55,19.9,77,10.9,986.5,991.4,0,1,0,842.7,0
2019-11-04 15:36:17,5,55,19.9,77,10.9,986.6,991.5,0.3,1.4,0,842.7,0
2019-11-04 15:41:17,5,55,19.9,77,10.9,986.8,991.7,1.7,2,0,842.7,0
2019-11-04 15:46:17,5,55,19.9,77,10.8,986.9,991.8,1.4,2,0,842.7,0
2019-11-04 15:51:17,5,55,19.9,76,10.6,987,991.9,0.7,1.7,15,842.7,0
2019-11-04 15:56:17,5,55,19.9,76,10.6,987.1,992,0.7,2,14,842.7,0
2019-11-04 16:01:17,5,55,19.9,77,10.5,987.2,992.1,1.4,2,13,842.7,0
2019-11-04 16:06:17,5,55,19.9,78,10.4,987.3,992.2,1.4,2,0,842.7,0
2019-11-04 16:11:17,5,55,19.8,78,10.3,987.4,992.3,1.7,2,0,842.7,0
2019-11-04 16:16:17,5,55,19.8,79,10.3,987.4,992.3,1.4,1.7,0,842.7,0
2019-11-04 16:21:17,5,55,19.8,79,10.2,987.5,992.4,1,1.7,13,842.7,0
2019-11-04 16:26:17,5,55,19.8,80,10.4,987.7,992.6,0,0.3,15,842.7,0
2019-11-04 16:31:17,5,55,19.8,80,10.5,987.7,992.6,1,1.4,0,842.7,0
2019-11-04 16:36:17,5,55,19.8,80,10.6,987.9,992.8,0.7,1.7,15,842.7,0
2019-11-04 16:41:17,5,55,19.8,79,10.7,987.9,992.8,1.4,1.7,0,842.7,0
2019-11-04 16:46:17,5,55,19.8,78,10.8,987.9,992.8,1,1.7,0,842.7,0
2019-11-04 16:51:17,5,55,19.8,78,10.7,988.1,993,0.7,1.4,15,842.7,0
2019-11-04 16:56:17,5,55,19.8,78,10.6,988.3,993.2,0.3,1.7,15,842.7,0
2019-11-04 17:01:17,5,55,19.7,77,10.6,988.4,993.3,1,2,0,842.7,0
2019-11-04 17:06:17,5,55,19.7,77,10.5,988.3,993.2,1,2.4,0,842.7,0
2019-11-04 17:11:17,5,55,19.7,77,10.5,988.5,993.4,1.4,2.7,0,842.7,0
2019-11-04 17:11:19,5,55,19.7,77,10.5,988.5,993.4,1.4,2.7,0,842.7,0
2019-11-04 17:16:17,5,55,19.7,77,10.4,988.8,993.7,2,2.7,14,842.7,0
2019-11-04 17:21:17,5,55,19.7,77,10.3,988.9,993.8,2,2.7,15,842.7,0
2019-11-04 17:26:17,5,55,19.7,78,10.1,989,993.9,1.7,2.4,0,842.7,0
2019-11-04 17:31:17,5,55,19.7,78,10,989.2,994.1,1.7,2.4,0,842.7,0
2019-11-04 17:36:17,5,55,19.7,79,9.9,989.4,994.3,1.7,2,0,842.7,0
2019-11-04 17:41:17,5,55,19.7,79,9.9,989.4,994.3,1,1.7,14,842.7,0
2019-11-04 17:46:17,5,55,19.6,79,9.7,989.6,994.5,1.4,2,0,842.7,0
2019-11-04 17:51:17,5,55,19.6,79,9.6,989.7,994.6,0.7,1.7,13,842.7,0
2019-11-04 17:56:17,5,54,19.6,79,9.5,989.9,994.8,1.4,1.7,0,842.7,0
2019-11-04 18:01:17,5,53,19.6,80,9.4,990.1,995,0.3,1.4,0,842.7,0
2019-11-04 18:06:17,5,54,19.6,80,9.4,990.3,995.2,1,1.7,0,842.7,0
2019-11-04 18:11:17,5,54,19.6,80,9.3,990.4,995.3,1,1.4,0,842.7,0
2019-11-04 18:16:17,5,54,19.5,80,9.2,990.3,995.2,0.3,1,15,842.7,0
2019-11-04 18:21:17,5,54,19.5,80,9.1,990.7,995.6,0.3,1.4,0,842.7,0
2019-11-04 18:26:17,5,54,19.5,81,9.1,990.8,995.7,0,0,0,842.7,0
2019-11-04 18:31:17,5,55,19.5,81,9,991.1,996,0,1,15,842.7,0
2019-11-04 18:36:17,5,55,19.4,81,8.9,991.1,996,0,0,2,842.7,0
2019-11-04 18:41:17,5,55,19.4,81,8.9,991.2,996.1,0,0.3,13,842.7,0
2019-11-04 18:41:19,5,55,19.4,81,8.9,991.2,996.1,0,0.3,13,842.7,0
2019-11-04 18:46:17,5,55,19.4,81,8.9,991.3,996.2,0,0,0,842.7,0
2019-11-04 18:46:19,5,55,19.4,81,8.9,991.3,996.2,0,0,0,842.7,0
2019-11-04 18:51:17,5,57,19.4,81,8.9,991.5,996.4,0,0,15,842.7,0
2019-11-04 18:51:19,5,57,19.4,81,8.9,991.5,996.4,0,0,15,842.7,0
2019-11-04 18:56:17,5,58,19.4,82,9,991.6,996.5,0,0,0,842.7,0
2019-11-04 18:56:19,5,58,19.4,82,9,991.6,996.5,0,0,0,842.7,0
2019-11-04 19:01:17,5,58,19.5,82,9,991.9,996.8,0,0,0,842.7,0
2019-11-04 19:01:19,5,58,19.5,82,9,991.9,996.8,0,0,0,842.7,0
2019-11-04 19:06:17,5,58,19.5,82,9,991.9,996.8,0,0,2,842.7,0
2019-11-04 19:06:19,5,58,19.5,82,9,991.9,996.8,0,0,2,842.7,0
2019-11-04 19:11:17,5,58,19.5,82,9,992.1,997,0,0.3,0,842.7,0
2019-11-04 19:11:19,5,58,19.5,82,9,992.1,997,0,0.3,0,842.7,0
2019-11-04 19:16:17,5,58,19.7,81,8.9,992.3,997.2,0,0,0,842.7,0
2019-11-04 19:16:19,5,58,19.7,81,8.9,992.3,997.2,0,0,0,842.7,0
2019-11-04 19:21:17,5,57,19.8,81,9,992.2,997.1,0,0,0,842.7,0
2019-11-04 19:21:19,5,57,19.8,81,9,992.2,997.1,0,0,0,842.7,0
2019-11-04 19:26:17,5,56,19.8,81,8.9,992.4,997.3,0,0,13,842.7,0
2019-11-04 19:26:19,5,56,19.8,81,8.9,992.4,997.3,0,0,13,842.7,0
2019-11-04 19:31:17,5,56,19.9,81,8.8,992.5,997.4,0,0,0,842.7,0
2019-11-04 19:31:19,5,56,19.9,81,8.8,992.5,997.4,0,0,0,842.7,0
2019-11-04 19:36:17,5,55,19.9,81,8.7,992.7,997.6,0,0,0,842.7,0
2019-11-04 19:36:19,5,55,19.9,81,8.7,992.7,997.6,0,0,0,842.7,0
2019-11-04 19:41:17,5,56,19.9,81,8.6,992.7,997.6,0,0,0,842.7,0
2019-11-04 19:41:19,5,56,19.9,81,8.6,992.7,997.6,0,0,0,842.7,0
2019-11-04 19:46:17,5,56,19.8,81,8.5,992.7,997.6,0,1,0,842.7,0
2019-11-04 19:46:19,5,56,19.8,81,8.5,992.7,997.6,0,1,0,842.7,0
2019-11-04 19:51:17,5,56,19.8,81,8.5,992.7,997.6,0,0,0,842.7,0
2019-11-04 19:51:19,5,56,19.8,81,8.5,992.7,997.6,0,0,0,842.7,0
2019-11-04 19:56:17,5,56,19.8,81,8.4,992.9,997.8,0,0,14,842.7,0
2019-11-04 19:56:19,5,56,19.8,81,8.4,992.9,997.8,0,0,14,842.7,0
2019-11-04 20:01:17,5,56,19.8,81,8.2,993.1,998,0,0.3,15,842.7,0
2019-11-04 20:01:19,5,56,19.8,81,8.2,993.1,998,0,0.3,15,842.7,0
2019-11-04 20:06:17,5,56,19.8,81,8.1,993.2,998.1,0,0.3,0,842.7,0
2019-11-04 20:06:19,5,56,19.8,81,8.1,993.2,998.1,0,0.3,0,842.7,0
2019-11-04 20:11:17,5,56,19.8,81,8,993.3,998.2,0,0,0,842.7,0
2019-11-04 20:11:19,5,56,19.8,81,8,993.3,998.2,0,0,0,842.7,0
2019-11-04 20:16:17,5,56,19.7,82,8,993.4,998.3,0,0,0,842.7,0
2019-11-04 20:16:19,5,56,19.7,82,8,993.4,998.3,0,0,0,842.7,0
2019-11-04 20:21:17,5,56,19.7,82,8.1,993.5,998.4,0,0,0,842.7,0
2019-11-04 20:21:19,5,56,19.7,82,8.1,993.5,998.4,0,0,0,842.7,0
2019-11-04 20:26:17,5,56,19.7,82,8.1,993.7,998.6,0,0,0,842.7,0
2019-11-04 20:26:19,5,56,19.7,82,8.1,993.7,998.6,0,0,0,842.7,0
2019-11-04 20:31:17,5,56,19.7,82,8.3,993.8,998.7,0,0,0,842.7,0
2019-11-04 20:31:19,5,56,19.7,82,8.3,993.8,998.7,0,0,0,842.7,0
2019-11-04 20:36:17,5,56,19.7,82,8.4,993.9,998.8,0,0,0,842.7,0
2019-11-04 20:36:19,5,56,19.7,82,8.4,993.9,998.8,0,0,0,842.7,0
2019-11-04 20:41:17,5,56,19.7,82,8.5,993.9,998.8,0,0,0,842.7,0
2019-11-04 20:41:19,5,56,19.7,82,8.5,993.9,998.8,0,0,0,842.7,0
2019-11-04 20:46:17,5,56,19.7,81,8.6,994,998.9,0,0,0,842.7,0
2019-11-04 20:46:19,5,56,19.7,81,8.6,994,998.9,0,0,0,842.7,0
2019-11-04 20:51:17,5,56,19.7,81,8.6,994.1,999,0,0,0,842.7,0
2019-11-04 20:51:19,5,56,19.7,81,8.6,994.1,999,0,0,0,842.7,0
2019-11-04 20:56:17,5,56,19.7,81,8.7,994.3,999.2,0,0,0,842.7,0
2019-11-04 20:56:19,5,56,19.7,81,8.7,994.3,999.2,0,0,0,842.7,0
2019-11-04 21:01:17,5,56,19.7,81,8.8,994.3,999.2,0,0,0,842.7,0
2019-11-04 21:01:19,5,56,19.7,81,8.8,994.3,999.2,0,0,0,842.7,0
2019-11-04 21:06:17,5,57,19.7,81,8.8,994.4,999.3,0,0,13,842.7,0
2019-11-04 21:06:19,5,57,19.7,81,8.8,994.4,999.3,0,0,13,842.7,0
2019-11-04 21:11:17,5,57,19.6,81,8.8,994.4,999.3,0,0,0,842.7,0
2019-11-04 21:11:19,5,57,19.6,81,8.8,994.4,999.3,0,0,0,842.7,0
2019-11-04 21:16:17,5,57,19.6,81,8.8,994.6,999.5,0,0,13,842.7,0
2019-11-04 21:16:19,5,57,19.6,81,8.8,994.6,999.5,0,0,13,842.7,0
2019-11-04 21:21:17,5,57,19.6,81,8.8,994.6,999.5,0,0,0,842.7,0
2019-11-04 21:21:19,5,57,19.6,81,8.8,994.6,999.5,0,0,0,842.7,0
2019-11-04 21:26:17,5,57,19.7,81,8.7,994.7,999.6,0,0,0,842.7,0
2019-11-04 21:26:19,5,57,19.7,81,8.7,994.7,999.6,0,0,0,842.7,0
2019-11-04 21:31:17,5,57,19.6,81,8.7,994.8,999.7,0,0,13,842.7,0
2019-11-04 21:31:19,5,57,19.6,81,8.7,994.8,999.7,0,0,13,842.7,0
2019-11-04 21:36:17,5,57,19.7,81,8.7,995,999.9,0,0,13,842.7,0
2019-11-04 21:36:19,5,57,19.7,81,8.7,995,999.9,0,0,13,842.7,0
2019-11-04 21:41:17,5,57,19.7,81,8.7,995.1,1000,0,0.7,13,842.7,0
2019-11-04 21:41:19,5,57,19.7,81,8.7,995.1,1000,0,0.7,13,842.7,0
2019-11-04 21:46:17,5,54,19.7,80,8.7,995.2,1000.1,0,0,0,842.7,0
2019-11-04 21:46:19,5,54,19.7,80,8.7,995.2,1000.1,0,0,0,842.7,0
2019-11-04 21:51:17,5,55,19.6,81,8.8,995.4,1000.3,0,0,15,842.7,0
2019-11-04 21:51:19,5,55,19.6,81,8.8,995.4,1000.3,0,0,15,842.7,0
2019-11-04 21:56:17,5,56,19.6,81,8.8,995.5,1000.4,0,0,15,842.7,0
2019-11-04 21:56:19,5,56,19.6,81,8.8,995.5,1000.4,0,0,15,842.7,0
2019-11-04 22:01:17,5,55,19.6,80,8.9,995.4,1000.3,0,0,0,842.7,0
2019-11-04 22:01:19,5,55,19.6,80,8.9,995.4,1000.3,0,0,0,842.7,0
2019-11-04 22:06:17,5,56,19.6,80,8.8,995.7,1000.6,0,0,0,842.7,0
2019-11-04 22:06:19,5,56,19.6,80,8.8,995.7,1000.6,0,0,0,842.7,0
2019-11-04 22:11:17,5,56,19.6,81,8.8,995.7,1000.6,0,0,13,842.7,0
2019-11-04 22:11:19,5,56,19.6,81,8.8,995.7,1000.6,0,0,13,842.7,0
2019-11-04 22:16:17,5,56,19.6,81,8.8,995.8,1000.7,0,0,0,842.7,0
2019-11-04 22:16:19,5,56,19.6,81,8.8,995.8,1000.7,0,0,0,842.7,0
2019-11-04 22:21:17,5,56,19.7,81,8.9,995.9,1000.8,0,0,0,842.7,0
2019-11-04 22:21:19,5,56,19.7,81,8.9,995.9,1000.8,0,0,0,842.7,0
2019-11-04 22:26:17,5,57,19.7,81,8.9,995.9,1000.8,0,0,14,842.7,0
2019-11-04 22:26:19,5,57,19.7,81,8.9,995.9,1000.8,0,0,14,842.7,0
2019-11-04 22:31:17,5,57,19.6,81,9,996,1000.9,0,0,0,842.7,0
2019-11-04 22:31:19,5,57,19.6,81,9,996,1000.9,0,0,0,842.7,0
2019-11-04 22:36:17,5,57,19.7,81,9.1,996.1,1001,0,0,0,842.7,0
2019-11-04 22:36:19,5,57,19.7,81,9.1,996.1,1001,0,0,0,842.7,0
2019-11-04 22:41:17,5,57,19.7,81,9.2,996.2,1001.1,0,0,0,842.7,0
2019-11-04 22:41:19,5,57,19.7,81,9.2,996.2,1001.1,0,0,0,842.7,0
2019-11-04 22:46:17,5,57,19.6,81,9.2,996.3,1001.2,0,0,0,842.7,0
2019-11-04 22:46:19,5,57,19.6,81,9.2,996.3,1001.2,0,0,0,842.7,0
2019-11-04 22:51:17,5,57,19.6,81,9.4,996.3,1001.2,0,0,0,842.7,0
2019-11-04 22:51:19,5,57,19.6,81,9.4,996.3,1001.2,0,0,0,842.7,0
2019-11-04 22:56:17,5,57,19.6,81,9.4,996.4,1001.3,0,1,0,842.7,0
2019-11-04 22:56:19,5,57,19.6,81,9.4,996.4,1001.3,0,1,0,842.7,0
2019-11-04 23:01:17,5,57,19.6,81,9.5,996.4,1001.3,0,0.3,0,842.7,0
2019-11-04 23:01:19,5,57,19.6,81,9.5,996.4,1001.3,0,0.3,0,842.7,0
2019-11-04 23:06:17,5,58,19.7,81,9.5,996.6,1001.5,0,0,0,842.7,0
2019-11-04 23:06:19,5,58,19.7,81,9.5,996.6,1001.5,0,0,0,842.7,0
2019-11-04 23:11:17,5,58,19.7,81,9.6,996.6,1001.5,0,0,15,842.7,0
2019-11-04 23:11:19,5,58,19.7,81,9.6,996.6,1001.5,0,0,15,842.7,0
2019-11-04 23:16:17,5,58,19.7,80,9.6,996.6,1001.5,0,0,0,842.7,0
2019-11-04 23:16:19,5,58,19.7,80,9.6,996.6,1001.5,0,0,0,842.7,0
2019-11-04 23:21:17,5,58,19.7,80,9.6,996.7,1001.6,0.7,1.4,0,842.7,0
2019-11-04 23:21:19,5,58,19.7,80,9.6,996.7,1001.6,0.7,1.4,0,842.7,0
2019-11-04 23:26:17,5,58,19.7,80,9.7,996.9,1001.8,0,1.4,0,842.7,0
2019-11-04 23:26:19,5,58,19.7,80,9.7,996.9,1001.8,0,1.4,0,842.7,0
2019-11-04 23:31:17,5,58,19.7,80,9.7,996.9,1001.8,0,0.7,0,842.7,0
2019-11-04 23:31:19,5,58,19.7,80,9.7,996.9,1001.8,0,0.7,0,842.7,0
2019-11-04 23:36:17,5,58,19.7,80,9.7,997,1001.9,0.3,1.4,13,842.7,0
2019-11-04 23:36:19,5,58,19.7,80,9.7,997,1001.9,0.3,1.4,13,842.7,0
2019-11-04 23:41:17,5,58,19.7,80,9.8,997.2,1002.1,0,0.7,0,842.7,0
2019-11-04 23:41:19,5,58,19.7,80,9.8,997.2,1002.1,0,0.7,0,842.7,0
2019-11-04 23:46:17,5,58,19.7,80,9.9,997.2,1002.1,0,1,14,842.7,0
2019-11-04 23:46:19,5,58,19.7,80,9.9,997.2,1002.1,0,1,14,842.7,0
2019-11-04 23:51:17,5,58,19.8,79,9.9,997.5,1002.4,0,0,0,842.7,0
2019-11-04 23:51:19,5,58,19.8,79,9.9,997.5,1002.4,0,0,0,842.7,0
2019-11-04 23:56:17,5,58,19.8,79,9.9,997.6,1002.5,0,1.4,13,842.7,0
2019-11-04 23:56:19,5,58,19.8,79,9.9,997.6,1002.5,0,1.4,13,842.7,0
