2016-04-20 00:01:43,5,56,19,72,6.3,1024.8,1029.7,2.4,3.1,4,263.7,0
2016-04-20 00:06:43,5,57,18.9,72,6.3,1024.8,1029.7,2,3.1,4,263.7,0
2016-04-20 00:11:43,5,57,18.9,72,6.3,1024.9,1029.8,1.4,1.7,14,263.7,0
2016-04-20 00:16:43,5,57,18.9,72,6.4,1024.9,1029.8,1.4,2.7,2,263.7,0
2016-04-20 00:21:43,5,57,18.9,72,6.3,1024.9,1029.8,1.4,2,14,263.7,0
2016-04-20 00:26:43,5,57,18.8,72,6.2,1024.9,1029.8,1.4,2.4,0,263.7,0
2016-04-20 00:31:43,5,57,18.8,72,6.1,1024.8,1029.7,1,1.7,0,263.7,0
2016-04-20 00:36:43,5,57,18.8,73,5.9,1024.9,1029.8,2.4,2.7,0,263.7,0
2016-04-20 00:41:43,5,57,18.7,73,5.8,1024.9,1029.8,1.4,1.7,10,263.7,0
2016-04-20 00:46:43,5,57,18.8,73,5.8,1024.9,1029.8,1.7,2.7,4,263.7,0
2016-04-20 00:51:43,5,57,18.7,73,5.7,1024.8,1029.7,1,1.7,2,263.7,0
2016-04-20 00:56:43,5,57,18.7,73,5.6,1024.7,1029.6,1,2.4,2,263.7,0
2016-04-20 01:01:43,5,57,18.7,73,5.6,1024.7,1029.6,1.4,2.4,4,263.7,0
2016-04-20 01:06:43,5,57,18.7,73,5.5,1024.5,1029.4,1.4,2.4,0,263.7,0
2016-04-20 01:11:43,5,57,18.7,73,5.4,1024.6,1029.5,1.4,2,2,263.7,0
2016-04-20 01:16:43,5,57,18.7,73,5.4,1024.6,1029.5,0.7,1,1,263.7,0
2016-04-20 01:21:43,5,57,18.7,73,5.3,1024.6,1029.5,0.7,1,0,263.7,0
2016-04-20 01:26:43,5,57,18.7,73,5.1,1024.5,1029.4,1,1.4,0,263.7,0
2016-04-20 01:31:43,5,57,18.7,73,5,1024.5,1029.4,0.7,1,0,263.7,0
2016-04-20 01:36:43,5,57,18.6,74,4.8,1024.5,1029.4,1,1.4,0,263.7,0
2016-04-20 01:41:43,5,57,18.6,74,4.8,1024.5,1029.4,1,1.4,0,263.7,0
2016-04-20 01:46:43,5,57,18.6,74,4.8,1024.4,1029.3,1,1.7,0,263.7,0
2016-04-20 01:51:43,5,57,18.6,74,4.8,1024.4,1029.3,1.4,2,0,263.7,0
2016-04-20 01:56:43,5,57,18.6,74,4.6,1024.4,1029.3,1.4,1.7,2,263.7,0
2016-04-20 02:01:43,5,57,18.5,74,4.3,1024.3,1029.2,1,1.7,15,263.7,0
2016-04-20 02:06:43,5,57,18.6,74,4.2,1024.3,1029.2,1.4,2.4,0,263.7,0
2016-04-20 02:11:43,5,57,18.6,75,4.1,1024.3,1029.2,0.7,1.4,2,263.7,0
2016-04-20 02:16:43,5,57,18.5,75,4,1024.4,1029.3,0.7,1.4,2,263.7,0
2016-04-20 02:21:43,5,57,18.5,75,4.1,1024.3,1029.2,1,1.7,2,263.7,0
2016-04-20 02:26:43,5,57,18.5,75,4.2,1024.3,1029.2,1,1.7,2,263.7,0
2016-04-20 02:31:43,5,57,18.5,76,4.3,1024.2,1029.1,1.4,1.7,1,263.7,0
2016-04-20 02:36:43,5,57,18.5,76,4.3,1024.4,1029.3,1.7,2.4,2,263.7,0
2016-04-20 02:41:43,5,57,18.5,76,4.2,1024.3,1029.2,1.4,2,3,263.7,0
2016-04-20 02:46:43,5,57,18.5,76,4.1,1024.4,1029.3,0.3,1,1,263.7,0
2016-04-20 02:51:43,5,57,18.4,76,4.1,1024.4,1029.3,1,1.4,2,263.7,0
2016-04-20 02:56:43,5,57,18.5,77,3.9,1024.4,1029.3,0.3,0.7,0,263.7,0
2016-04-20 03:01:43,5,57,18.5,77,3.9,1024.5,1029.4,0.7,1.4,4,263.7,0
2016-04-20 03:06:43,5,57,18.4,77,3.9,1024.4,1029.3,0.7,1,3,263.7,0
2016-04-20 03:11:43,5,57,18.4,77,3.8,1024.7,1029.6,0.3,1,4,263.7,0
2016-04-20 03:16:43,5,57,18.4,77,3.7,1024.5,1029.4,0.3,1,0,263.7,0
2016-04-20 03:21:43,5,57,18.4,77,3.7,1024.7,1029.6,1,1.7,3,263.7,0
2016-04-20 03:26:43,5,57,18.4,77,3.6,1024.7,1029.6,0.7,1.4,0,263.7,0
2016-04-20 03:31:43,5,57,18.4,77,3.6,1024.6,1029.5,1.4,2,4,263.7,0
2016-04-20 03:36:43,5,57,18.3,77,3.5,1024.7,1029.6,0.7,1.4,2,263.7,0
2016-04-20 03:41:43,5,57,18.3,77,3.4,1024.6,1029.5,0.7,1,2,263.7,0
2016-04-20 03:46:43,5,57,18.3,77,3.4,1024.6,1029.5,1.4,1.7,4,263.7,0
2016-04-20 03:51:43,5,57,18.3,77,3.4,1024.6,1029.5,0.7,1.4,2,263.7,0
2016-04-20 03:56:43,5,57,18.3,77,3.4,1024.6,1029.5,1.4,1.7,4,263.7,0
2016-04-20 04:01:43,5,57,18.3,77,3.3,1024.8,1029.7,0.3,1.4,4,263.7,0
2016-04-20 04:06:43,5,57,18.3,77,3.3,1024.7,1029.6,0.7,1.4,4,263.7,0
2016-04-20 04:11:43,5,57,18.3,77,3.2,1024.9,1029.8,0.3,0.7,2,263.7,0
2016-04-20 04:16:43,5,57,18.3,77,3.1,1024.9,1029.8,0.7,1.4,4,263.7,0
2016-04-20 04:21:43,5,57,18.2,77,3.1,1024.9,1029.8,1,1.7,4,263.7,0
2016-04-20 04:26:43,5,57,18.2,73,2.8,1025,1029.9,1,2,4,263.7,0
2016-04-20 04:31:43,5,57,18.2,73,2.7,1025,1029.9,1,1.7,4,263.7,0
2016-04-20 04:36:43,5,57,18.2,73,2.8,1025,1029.9,1.4,1.7,4,263.7,0
2016-04-20 04:41:43,5,57,18.2,73,2.7,1025.1,1030,0.7,1.7,2,263.7,0
2016-04-20 04:46:43,5,57,18.2,73,2.9,1025,1029.9,1.4,2.4,4,263.7,0
2016-04-20 04:51:43,5,57,18.2,77,3,1025.1,1030,1,1.7,4,263.7,0
2016-04-20 04:56:43,5,57,18.2,77,3,1025.1,1030,1,2.4,4,263.7,0
2016-04-20 05:01:43,5,57,18.1,77,3,1025.2,1030.1,1.4,2,4,263.7,0
2016-04-20 05:06:43,5,57,18.1,73,2.9,1025.1,1030,1,2,3,263.7,0
2016-04-20 05:11:43,5,57,18.1,73,2.9,1025.3,1030.2,1,1.7,4,263.7,0
2016-04-20 05:16:43,5,57,18.1,73,2.7,1025.2,1030.1,1,1.4,4,263.7,0
2016-04-20 05:21:43,5,57,18.1,73,2.8,1025.2,1030.1,0.7,1.4,10,263.7,0
2016-04-20 05:26:43,5,57,18.1,73,2.8,1025.3,1030.2,1,1.4,2,263.7,0
2016-04-20 05:31:43,5,57,18,73,2.7,1025.2,1030.1,1,1.4,2,263.7,0
2016-04-20 05:36:43,5,57,18.1,73,2.6,1025.2,1030.1,1,1.7,14,263.7,0
2016-04-20 05:41:43,5,57,18,73,2.6,1025.3,1030.2,0.7,1.7,0,263.7,0
2016-04-20 05:46:43,5,57,18,73,2.6,1025.3,1030.2,0.7,1,0,263.7,0
2016-04-20 05:51:43,5,57,18,73,2.5,1025.1,1030,1,1.7,0,263.7,0
2016-04-20 05:56:43,5,57,18,73,2.5,1025.3,1030.2,1.4,1.7,2,263.7,0
2016-04-20 06:01:43,5,57,18,73,2.4,1025.3,1030.2,1,2,2,263.7,0
2016-04-20 06:06:43,5,57,18,73,2.4,1025.3,1030.2,0.7,1,2,263.7,0
2016-04-20 06:11:43,5,57,18,73,2.4,1025.2,1030.1,1.4,2,0,263.7,0
2016-04-20 06:16:43,5,57,18,73,2.8,1025.1,1030,1.7,2.7,2,263.7,0
2016-04-20 06:21:43,5,57,18,77,3,1025.1,1030,1.4,2,1,263.7,0
2016-04-20 06:26:43,5,57,18,77,3.3,1025.4,1030.3,1,1.7,2,263.7,0
2016-04-20 06:31:43,5,57,18.1,77,3.7,1025.3,1030.2,0.7,1.4,0,263.7,0
2016-04-20 06:36:43,5,57,18,76,4.2,1025.3,1030.2,1,1.4,2,263.7,0
2016-04-20 06:41:43,5,56,18,75,4.7,1025.5,1030.4,0.7,1.4,2,263.7,0
2016-04-20 06:46:43,5,55,18,73,5.1,1025.4,1030.3,0.3,1,14,263.7,0
2016-04-20 06:51:43,5,56,18,73,5.4,1025.4,1030.3,0.3,1.4,2,263.7,0
2016-04-20 06:56:43,5,56,18,71,6,1025.5,1030.4,2.4,3.1,2,263.7,0
2016-04-20 07:01:43,5,56,18,68,6,1025.5,1030.4,1.4,2.4,4,263.7,0
2016-04-20 07:06:43,5,56,18,68,6.1,1025.4,1030.3,1.7,2.4,0,263.7,0
2016-04-20 07:11:43,5,57,18,68,6.3,1025.4,1030.3,1.7,2.7,0,263.7,0
2016-04-20 07:16:43,5,57,18,68,6.4,1025.3,1030.2,2.7,3.4,0,263.7,0
2016-04-20 07:21:43,5,57,18,68,6.5,1025.3,1030.2,2,2.7,4,263.7,0
2016-04-20 07:26:43,5,57,18.1,69,6.7,1025.4,1030.3,1.4,2,2,263.7,0
2016-04-20 07:31:43,5,57,18.1,67,7,1025.3,1030.2,1.4,2,2,263.7,0
2016-04-20 07:36:43,5,57,18.1,67,7.3,1025.4,1030.3,1.4,2.7,4,263.7,0
2016-04-20 07:41:43,5,57,18.1,67,7.4,1025.4,1030.3,1.4,3.1,0,263.7,0
2016-04-20 07:46:43,5,57,18.1,66,7.3,1025.4,1030.3,2,3.4,4,263.7,0
2016-04-20 07:51:43,5,57,18.1,66,7.3,1025.3,1030.2,3.1,4.4,4,263.7,0
2016-04-20 07:56:43,5,57,18.1,66,7.3,1025.4,1030.3,1.4,3.1,4,263.7,0
2016-04-20 08:01:43,5,57,18,66,7.6,1025.6,1030.5,1.7,2.4,12,263.7,0
2016-04-20 08:06:43,5,57,18,64,7.4,1025.4,1030.3,2,3.7,4,263.7,0
2016-04-20 08:11:43,5,57,18.1,66,7.6,1025.6,1030.5,2.4,4.8,2,263.7,0
2016-04-20 08:16:43,5,57,18.1,65,7.7,1025.4,1030.3,2,3.1,2,263.7,0
2016-04-20 08:21:43,5,57,18.1,65,7.9,1025.4,1030.3,2.4,3.1,0,263.7,0
2016-04-20 08:26:43,5,58,18.1,65,8.2,1025.4,1030.3,1.7,4.4,2,263.7,0
2016-04-20 08:31:43,5,58,18.1,65,8.3,1025.2,1030.1,2.4,3.7,2,263.7,0
2016-04-20 08:36:43,5,58,18.1,65,8.4,1025.4,1030.3,1.4,2.4,2,263.7,0
2016-04-20 08:41:43,5,58,18.1,63,8.8,1025.4,1030.3,2,3.1,2,263.7,0
2016-04-20 08:46:43,5,58,18.1,63,8.8,1025.3,1030.2,1.4,2.7,4,263.7,0
2016-04-20 08:51:43,5,58,18.1,64,9.3,1025.3,1030.2,2.4,2.7,2,263.7,0
2016-04-20 08:56:43,5,58,18.1,63,9.8,1025.1,1030,1.4,2.4,0,263.7,0
2016-04-20 09:01:43,5,59,18.2,61,9.9,1025.1,1030,1.4,2,2,263.7,0
2016-04-20 09:06:43,5,59,18.2,59,10,1025.1,1030,2.7,3.7,0,263.7,0
2016-04-20 09:11:43,5,58,18.2,60,10,1025.1,1030,2.4,3.7,2,263.7,0
2016-04-20 09:16:43,5,58,18.2,60,10.5,1025.3,1030.2,1,2,4,263.7,0
2016-04-20 09:21:43,5,58,18.2,57,10.9,1025.1,1030,3.1,4.1,2,263.7,0
2016-04-20 09:26:43,5,58,18.2,57,10.9,1024.9,1029.8,3.1,4.4,4,263.7,0
2016-04-20 09:31:43,5,55,18.2,57,10.9,1025.1,1030,1.7,2.4,2,263.7,0
2016-04-20 09:36:43,5,51,18.1,55,11.2,1024.9,1029.8,2.7,3.7,4,263.7,0
2016-04-20 09:41:43,5,49,18,55,11.4,1024.9,1029.8,2,2.7,0,263.7,0
2016-04-20 09:46:43,5,49,17.9,54,11.7,1024.9,1029.8,2.4,3.7,4,263.7,0
2016-04-20 09:51:43,5,48,17.9,53,11.7,1025.1,1030,2.7,4.1,4,263.7,0
2016-04-20 09:56:43,5,48,17.7,54,11.8,1025,1029.9,2.4,4.1,2,263.7,0
2016-04-20 10:01:43,5,50,17.8,53,11.9,1025,1029.9,2.7,3.7,0,263.7,0
2016-04-20 10:06:43,5,52,17.8,53,12.1,1024.9,1029.8,1.7,3.1,2,263.7,0
2016-04-20 10:11:43,5,53,17.8,52,12.3,1025,1029.9,3.1,5.4,4,263.7,0
2016-04-20 10:16:43,5,54,17.8,52,12.1,1025,1029.9,3.1,4.8,4,263.7,0
2016-04-20 10:21:43,5,54,17.8,52,12.2,1024.8,1029.7,3.1,4.4,0,263.7,0
2016-04-20 10:26:43,5,55,17.9,53,12.7,1024.9,1029.8,3.1,4.1,0,263.7,0
2016-04-20 10:31:43,5,55,17.9,51,12.9,1024.9,1029.8,3.1,4.4,2,263.7,0
2016-04-20 10:36:43,5,55,18,52,12.9,1024.7,1029.6,2.4,3.1,4,263.7,0
2016-04-20 10:41:43,5,55,18,51,13.1,1024.7,1029.6,2.7,3.1,14,263.7,0
2016-04-20 10:46:43,5,56,18.1,51,13.4,1024.6,1029.5,1.7,4.8,4,263.7,0
2016-04-20 10:51:43,5,56,18.1,51,13.4,1024.7,1029.6,2.7,4.1,0,263.7,0
2016-04-20 10:56:43,5,56,18.2,51,13.6,1024.5,1029.4,2,2.7,0,263.7,0
2016-04-20 11:01:43,5,56,18.2,49,13.6,1024.5,1029.4,2.4,4.4,0,263.7,0
2016-04-20 11:06:43,5,53,18.2,50,13.8,1024.4,1029.3,3.4,4.4,2,263.7,0
2016-04-20 11:11:43,5,51,18.1,49,14,1024.7,1029.6,1.4,3.1,4,263.7,0
2016-04-20 11:16:43,5,50,18.1,48,14.6,1024.5,1029.4,2.7,4.1,4,263.7,0
2016-04-20 11:21:43,5,50,18.1,50,13.8,1024.5,1029.4,1.4,2.4,0,263.7,0
2016-04-20 11:26:43,5,49,18.1,48,14.2,1024.3,1029.2,4.1,5.4,2,263.7,0
2016-04-20 11:31:43,5,50,18,49,14.1,1024.4,1029.3,1.7,2.4,4,263.7,0
2016-04-20 11:36:43,5,50,18,49,14.3,1024.3,1029.2,3.7,4.8,4,263.7,0
2016-04-20 11:41:43,5,50,18,48,14.3,1024.3,1029.2,2.4,5.1,4,263.7,0
2016-04-20 11:46:43,5,49,18,49,14.4,1024.3,1029.2,3.7,5.4,4,263.7,0
2016-04-20 11:51:43,5,54,18,49,14.4,1024.2,1029.1,2,3.1,1,263.7,0
2016-04-20 11:56:43,5,59,18,49,14.9,1024.2,1029.1,3.4,5.1,4,263.7,0
2016-04-20 12:01:43,5,62,18.1,51,14.9,1024.1,1029,3.1,3.4,0,263.7,0
2016-04-20 12:06:43,5,58,18.1,46,15,1024.1,1029,2.7,4.1,0,263.7,0
2016-04-20 12:11:43,5,57,18.1,47,15.1,1024.1,1029,3.1,4.4,0,263.7,0
2016-04-20 12:16:43,5,57,18.2,47,15.4,1024,1028.9,4.1,5.4,0,263.7,0
2016-04-20 12:21:43,5,56,18.2,46,15.1,1024.1,1029,3.1,4.8,4,263.7,0
2016-04-20 12:26:43,5,56,18.3,47,15.3,1024.1,1029,3.1,4.8,2,263.7,0
2016-04-20 12:31:43,5,56,18.3,46,15.2,1024,1028.9,2.4,4.1,4,263.7,0
2016-04-20 12:36:43,5,56,18.4,46,15.4,1023.9,1028.8,3.1,4.1,2,263.7,0
2016-04-20 12:41:43,5,56,18.4,45,15.5,1023.9,1028.8,2,3.4,2,263.7,0
2016-04-20 12:46:43,5,56,18.4,45,15.8,1024,1028.9,3.1,4.8,0,263.7,0
2016-04-20 12:51:43,5,56,18.5,45,16.1,1024.1,1029,2.4,4.1,0,263.7,0
2016-04-20 12:56:43,5,56,18.5,42,16.2,1024.2,1029.1,1.4,2,0,263.7,0
2016-04-20 13:01:43,5,56,18.6,44,16.3,1024.1,1029,2,3.4,2,263.7,0
2016-04-20 13:06:43,5,56,18.6,44,15.9,1024,1028.9,2.7,5.1,0,263.7,0
2016-04-20 13:11:43,5,57,18.7,45,15.7,1024,1028.9,3.4,5.1,0,263.7,0
2016-04-20 13:16:43,5,57,18.7,45,15.9,1023.9,1028.8,4.1,5.4,2,263.7,0
2016-04-20 13:21:43,5,57,18.7,44,15.9,1023.8,1028.7,3.7,5.8,4,263.7,0
2016-04-20 13:26:43,5,57,18.8,44,15.7,1023.8,1028.7,2,3.7,4,263.7,0
2016-04-20 13:31:43,5,57,18.8,44,16.1,1023.8,1028.7,2.4,4.4,4,263.7,0
2016-04-20 13:36:43,5,57,18.9,43,16.6,1023.7,1028.6,1.4,2.4,2,263.7,0
2016-04-20 13:41:43,5,57,18.9,42,16.9,1023.5,1028.4,3.1,3.7,15,263.7,0
2016-04-20 13:46:43,5,57,19,42,16.9,1023.5,1028.4,3.1,4.1,0,263.7,0
2016-04-20 13:51:43,5,57,19,41,17.1,1023.4,1028.3,2,3.4,2,263.7,0
2016-04-20 13:56:43,5,57,19.1,42,17.2,1023.4,1028.3,3.4,4.4,2,263.7,0
2016-04-20 14:01:43,5,57,19.2,42,17.3,1023.2,1028.1,4.1,5.4,2,263.7,0
2016-04-20 14:06:43,5,58,19.3,40,17.2,1023.2,1028.1,2.7,4.1,14,263.7,0
2016-04-20 14:11:43,5,58,19.4,41,17.1,1023.1,1028,1.7,2.7,2,263.7,0
2016-04-20 14:16:43,5,58,19.4,40,17.5,1023.1,1028,3.1,5.4,0,263.7,0
2016-04-20 14:21:43,5,58,19.5,41,17.6,1023.2,1028.1,2.4,3.1,2,263.7,0
2016-04-20 14:26:43,5,59,19.5,39,17.8,1023.3,1028.2,1.4,2.7,2,263.7,0
2016-04-20 14:31:43,5,59,19.7,38,17.5,1023.1,1028,4.1,5.1,0,263.7,0
2016-04-20 14:36:43,5,59,19.7,41,17.7,1023.1,1028,4.8,5.8,4,263.7,0
2016-04-20 14:41:43,5,59,19.8,41,17,1023,1027.9,5.8,7.5,4,263.7,0
2016-04-20 14:46:43,5,59,19.9,41,17,1023,1027.9,3.4,5.1,2,263.7,0
2016-04-20 14:51:43,5,58,20,41,17.3,1023,1027.9,3.7,5.4,4,263.7,0
2016-04-20 14:56:43,5,58,20,41,17.3,1022.7,1027.6,3.4,5.8,0,263.7,0
2016-04-20 15:01:43,5,58,20.1,39,17.3,1022.9,1027.8,3.1,5.1,2,263.7,0
2016-04-20 15:06:43,5,58,20.1,41,17.3,1022.8,1027.7,2.7,4.4,12,263.7,0
2016-04-20 15:11:43,5,58,20.2,41,17,1022.8,1027.7,3.4,4.8,4,263.7,0
2016-04-20 15:16:43,5,58,20.3,40,17.1,1022.5,1027.4,4.4,5.1,4,263.7,0
2016-04-20 15:21:43,5,58,20.4,39,16.9,1022.7,1027.6,3.1,5.1,2,263.7,0
2016-04-20 15:26:43,5,58,20.4,38,17.1,1022.7,1027.6,2,3.4,14,263.7,0
2016-04-20 15:31:43,5,58,20.5,39,17.2,1022.6,1027.5,3.7,4.4,0,263.7,0
2016-04-20 15:36:43,5,58,20.6,40,17.1,1022.5,1027.4,1.7,2.4,0,263.7,0
2016-04-20 15:41:43,5,58,20.7,41,17.5,1022.4,1027.3,4.1,5.1,2,263.7,0
2016-04-20 15:46:43,5,58,20.8,41,17.3,1022.2,1027.1,4.4,5.8,4,263.7,0
2016-04-20 15:51:43,5,58,20.8,41,16.9,1022,1026.9,4.4,6.5,4,263.7,0
2016-04-20 15:56:43,5,57,21,39,17,1022,1026.9,3.1,4.1,11,263.7,0
2016-04-20 16:01:43,5,56,21,36,17.6,1021.8,1026.7,2,4.1,2,263.7,0
2016-04-20 16:06:43,5,55,21.2,37,17.9,1021.6,1026.5,2,4.4,4,263.7,0
2016-04-20 16:11:43,5,55,21.2,36,17.9,1021.7,1026.6,3.4,5.1,4,263.7,0
2016-04-20 16:16:43,5,54,21.2,40,17.3,1021.6,1026.5,2.7,4.4,4,263.7,0
2016-04-20 16:21:43,5,54,21.5,40,17.2,1021.5,1026.4,1.7,2.7,2,263.7,0
2016-04-20 16:26:43,5,54,21.5,39,17.7,1021.4,1026.3,2,3.7,13,263.7,0
2016-04-20 16:31:43,5,54,21.6,39,17.9,1021.2,1026.1,2.7,4.4,4,263.7,0
2016-04-20 16:36:43,5,54,21.7,39,17.8,1021.1,1026,3.4,4.8,2,263.7,0
2016-04-20 16:41:43,5,54,21.9,41,17.9,1020.9,1025.8,3.4,4.4,0,263.7,0
2016-04-20 16:46:43,5,53,22,39,17.9,1020.9,1025.8,4.1,5.4,2,263.7,0
2016-04-20 16:51:43,5,53,22.1,41,17.7,1020.8,1025.7,3.7,4.8,0,263.7,0
2016-04-20 16:56:43,5,52,22.2,40,17.5,1020.8,1025.7,3.4,4.1,0,263.7,0
2016-04-20 17:01:43,5,52,22.4,41,17.5,1021,1025.9,2.4,4.1,2,263.7,0
2016-04-20 17:06:43,5,52,22.4,40,17.5,1020.8,1025.7,3.7,4.8,0,263.7,0
2016-04-20 17:11:43,5,52,22.5,40,17.3,1020.8,1025.7,3.1,5.1,2,263.7,0
2016-04-20 17:16:43,5,52,22.6,39,17.2,1020.5,1025.4,1.7,2.7,2,263.7,0
2016-04-20 17:21:43,5,50,22.7,40,17.1,1020.5,1025.4,2.7,4.1,0,263.7,0
2016-04-20 17:26:43,5,50,22.8,40,17.3,1019.9,1024.8,4.4,7.1,0,263.7,0
2016-04-20 17:31:43,5,50,22.9,42,16.9,1020,1024.9,3.7,4.1,0,263.7,0
2016-04-20 17:36:43,5,49,23.3,42,16.6,1019.9,1024.8,2.7,4.1,0,263.7,0
2016-04-20 17:41:43,5,49,23.5,42,16.3,1020,1024.9,2.7,3.7,0,263.7,0
2016-04-20 17:46:43,5,48,23.6,43,16.1,1020.1,1025,3.1,5.1,0,263.7,0
2016-04-20 17:51:43,5,48,23.5,44,16,1020.1,1025,4.8,5.8,2,263.7,0
2016-04-20 17:56:43,5,48,23.3,46,15.8,1019.9,1024.8,2.7,3.7,4,263.7,0
2016-04-20 18:01:43,5,48,23.1,46,15.7,1020.1,1025,3.1,3.7,0,263.7,0
2016-04-20 18:06:43,5,49,22.9,47,15.5,1020.2,1025.1,3.1,4.1,0,263.7,0
2016-04-20 18:11:43,5,49,22.8,48,15.5,1020.4,1025.3,3.1,4.4,1,263.7,0
2016-04-20 18:16:43,5,49,22.6,49,15.4,1020.2,1025.1,2,2.4,2,263.7,0
2016-04-20 18:21:43,5,49,22.4,50,15.2,1020.3,1025.2,2.4,3.1,0,263.7,0
2016-04-20 18:26:43,5,49,22.2,52,15.1,1020.3,1025.2,2,3.1,0,263.7,0
2016-04-20 18:31:43,5,49,22.1,54,14.9,1020.5,1025.4,2.4,3.7,2,263.7,0
2016-04-20 18:36:43,5,50,21.9,54,14.8,1020.7,1025.6,2.4,2.7,2,263.7,0
2016-04-20 18:41:43,5,50,21.8,54,14.8,1020.8,1025.7,2.4,3.1,0,263.7,0
2016-04-20 18:46:43,5,50,21.6,54,14.8,1020.7,1025.6,3.1,4.4,2,263.7,0
2016-04-20 18:51:43,5,51,21.5,54,14.6,1020.7,1025.6,3.1,4.4,0,263.7,0
2016-04-20 18:56:43,5,51,21.5,54,14.4,1020.8,1025.7,2.7,5.1,2,263.7,0
2016-04-20 19:01:43,5,51,21.2,54,14.2,1020.7,1025.6,2,3.4,0,263.7,0
2016-04-20 19:06:43,5,51,21.2,54,14.1,1020.9,1025.8,2.4,4.1,2,263.7,0
2016-04-20 19:11:43,5,51,21.2,54,14,1020.9,1025.8,3.1,4.1,0,263.7,0
2016-04-20 19:16:43,5,51,21.5,54,13.9,1020.9,1025.8,3.4,5.1,0,263.7,0
2016-04-20 19:21:43,5,50,21.5,55,13.7,1020.8,1025.7,2.7,3.7,0,263.7,0
2016-04-20 19:26:43,5,50,21.5,55,13.5,1021,1025.9,2.4,3.1,2,263.7,0
2016-04-20 19:31:43,5,49,21.5,55,13.4,1021,1025.9,3.4,5.8,2,263.7,0
2016-04-20 19:36:43,5,49,21.6,55,13.1,1021.2,1026.1,3.4,6.1,2,263.7,0
2016-04-20 19:41:43,5,47,21.6,55,13,1021.3,1026.2,3.1,4.1,0,263.7,0
2016-04-20 19:46:43,5,49,21.6,54,12.8,1021.2,1026.1,2.7,3.4,0,263.7,0
2016-04-20 19:51:43,5,49,21.6,54,12.6,1021.5,1026.4,2,3.1,2,263.7,0
2016-04-20 19:56:43,5,50,21.5,55,12.3,1021.5,1026.4,2.7,5.1,0,263.7,0
2016-04-20 20:01:43,5,50,21.5,55,12.2,1021.5,1026.4,1,1.7,4,263.7,0
2016-04-20 20:06:43,5,50,21.5,55,12,1021.5,1026.4,1.7,2.7,2,263.7,0
2016-04-20 20:11:43,5,50,21.5,57,11.8,1021.6,1026.5,2,3.1,2,263.7,0
2016-04-20 20:16:43,5,50,21.3,57,11.6,1021.8,1026.7,2,3.4,15,263.7,0
2016-04-20 20:21:43,5,50,21.3,58,11.4,1021.7,1026.6,1.7,2.7,0,263.7,0
2016-04-20 20:26:43,5,51,21.2,59,11,1021.9,1026.8,5.4,6.5,4,263.7,0
2016-04-20 20:31:43,5,51,21.2,58,11,1021.9,1026.8,2.7,3.4,15,263.7,0
2016-04-20 20:36:43,5,52,21.3,58,10.9,1022,1026.9,2.4,4.1,0,263.7,0
2016-04-20 20:41:43,5,52,21.2,58,10.8,1021.9,1026.8,2,3.1,0,263.7,0
2016-04-20 20:46:43,5,53,21.2,58,10.7,1021.9,1026.8,2.7,3.7,0,263.7,0
2016-04-20 20:51:43,5,52,21.2,58,10.6,1021.8,1026.7,2,3.4,2,263.7,0
2016-04-20 20:56:43,5,52,21.2,57,10.6,1021.7,1026.6,3.1,3.7,0,263.7,0
2016-04-20 21:01:43,5,52,21.1,57,10.5,1021.4,1026.3,3.1,5.4,0,263.7,0
2016-04-20 21:06:43,5,52,21.1,57,10.4,1021.4,1026.3,3.4,5.1,1,263.7,0
2016-04-20 21:11:43,5,52,21.1,58,10.2,1021.3,1026.2,2.4,3.7,0,263.7,0
2016-04-20 21:16:43,5,53,21.1,59,10,1021.4,1026.3,3.1,4.1,1,263.7,0
2016-04-20 21:21:43,5,53,21.1,60,9.7,1021.6,1026.5,2,3.1,0,263.7,0
2016-04-20 21:26:43,5,52,21,61,9.6,1021.4,1026.3,2,2.7,0,263.7,0
2016-04-20 21:31:43,5,52,21,61,9.5,1021.3,1026.2,1.7,2,2,263.7,0
2016-04-20 21:36:43,5,53,20.9,62,9.3,1021.2,1026.1,1.7,2.4,0,263.7,0
2016-04-20 21:41:43,5,54,20.9,62,9.2,1021.2,1026.1,2.7,4.1,4,263.7,0
2016-04-20 21:46:43,5,54,20.9,62,9.2,1021.4,1026.3,3.1,4.1,0,263.7,0
2016-04-20 21:51:42,5,54,20.9,61,9,1021.4,1026.3,1.7,2.7,2,263.7,0
2016-04-20 21:56:42,5,54,20.9,63,8.9,1021.4,1026.3,2,3.1,4,263.7,0
2016-04-20 22:01:42,5,54,20.9,63,8.7,1021.5,1026.4,2,2.7,0,263.7,0
2016-04-20 22:06:42,5,55,20.9,63,8.5,1021.4,1026.3,1.7,2,0,263.7,0
2016-04-20 22:11:42,5,55,20.8,63,8.3,1021.4,1026.3,1.7,2.7,0,263.7,0
2016-04-20 22:16:42,5,55,20.8,64,8.2,1021.2,1026.1,2.7,3.4,0,263.7,0
2016-04-20 22:21:42,5,55,20.8,65,8,1021.4,1026.3,2.4,3.1,0,263.7,0
2016-04-20 22:26:42,5,54,20.8,64,7.8,1021.3,1026.2,2.7,3.4,2,263.7,0
2016-04-20 22:31:42,5,54,20.8,64,7.7,1021.3,1026.2,2.4,3.1,0,263.7,0
2016-04-20 22:36:42,5,54,20.7,64,7.4,1021.5,1026.4,1,1.7,14,263.7,0
2016-04-20 22:41:42,5,54,20.7,65,7.3,1021.3,1026.2,1.7,2.4,0,263.7,0
2016-04-20 22:46:42,5,55,20.6,65,7.2,1021.5,1026.4,1.7,2.4,1,263.7,0
2016-04-20 22:51:42,5,55,20.5,65,7.1,1021.5,1026.4,1.4,2.7,2,263.7,0
2016-04-20 22:56:42,5,55,20.5,65,7,1021.4,1026.3,1.7,2.4,1,263.7,0
2016-04-20 23:01:42,5,55,20.4,65,7.1,1021.5,1026.4,1.4,2.7,4,263.7,0
2016-04-20 23:06:42,5,55,20.4,65,7.1,1021.5,1026.4,2,3.7,2,263.7,0
2016-04-20 23:11:42,5,55,20.3,65,7,1021.6,1026.5,1.4,1.7,2,263.7,0
2016-04-20 23:16:42,5,55,20.3,66,6.9,1021.5,1026.4,1,2,2,263.7,0
2016-04-20 23:21:42,5,55,20.2,66,6.8,1021.5,1026.4,1,1.7,4,263.7,0
2016-04-20 23:26:42,5,55,20.2,66,6.6,1021.4,1026.3,1.4,2.4,2,263.7,0
2016-04-20 23:31:42,5,55,20.2,66,6.4,1021.4,1026.3,1,1.4,2,263.7,0
2016-04-20 23:36:42,5,55,20.1,67,6.3,1021.6,1026.5,0.7,1,2,263.7,0
2016-04-20 23:41:42,5,56,20.1,67,6.4,1021.5,1026.4,1,1.7,12,263.7,0
2016-04-20 23:46:42,5,56,20,67,6.4,1021.4,1026.3,1,1.7,2,263.7,0
2016-04-20 23:51:42,5,56,20,67,6.4,1021.6,1026.5,2,2.4,4,263.7,0
2016-04-20 23:56:42,5,56,20,66,6.4,1021.6,1026.5,1.4,2,2,263.7,0
