2020-06-07 00:00:24,5,43,22,88,10.7,1007.4,1012.3,1.7,2,0,459.9,0
2020-06-07 00:05:24,5,43,22,88,10.7,1007.4,1012.3,2,2.7,12,459.9,0
2020-06-07 00:10:24,5,43,22,88,10.6,1007.5,1012.4,1.4,1.7,12,459.9,0
2020-06-07 00:15:24,5,43,22,88,10.6,1007.6,1012.5,2.4,3.4,14,459.9,0
2020-06-07 00:20:24,5,43,22,88,10.6,1007.5,1012.4,2.4,3.1,13,459.9,0
2020-06-07 00:25:24,5,44,21.9,88,10.6,1007.5,1012.4,1,1.7,14,459.9,0
2020-06-07 00:30:24,5,44,21.9,88,10.6,1007.5,1012.4,2.7,4.4,0,459.9,0
2020-06-07 00:35:24,5,44,21.9,88,10.6,1007.5,1012.4,3.1,4.8,12,459.9,0
2020-06-07 00:40:24,5,44,21.9,87,10.6,1007.5,1012.4,2,2.7,14,459.9,0
2020-06-07 00:45:24,5,44,21.9,87,10.6,1007.5,1012.4,2,3.1,14,459.9,0
2020-06-07 00:50:24,5,44,21.9,87,10.6,1007.6,1012.5,3.4,4.8,14,459.9,0
2020-06-07 00:55:24,5,44,21.9,86,10.6,1007.8,1012.7,2.7,4.8,0,459.9,0
2020-06-07 01:00:24,5,44,21.8,85,10.6,1007.7,1012.6,4.1,6.5,10,459.9,0
2020-06-07 01:05:24,5,44,21.8,85,10.6,1007.6,1012.5,2.7,4.1,0,459.9,0
2020-06-07 01:10:24,5,43,21.7,85,10.6,1007.7,1012.6,3.4,4.4,14,459.9,0
2020-06-07 01:15:24,5,43,21.7,84,10.6,1007.7,1012.6,4.1,5.8,0,459.9,0
2020-06-07 01:20:24,5,43,21.7,84,10.6,1007.7,1012.6,1.7,2.7,14,459.9,0
2020-06-07 01:25:24,5,43,21.7,85,10.5,1007.9,1012.8,4.1,4.8,12,459.9,0
2020-06-07 01:30:24,5,43,21.6,85,10.5,1008,1012.9,1.4,2,0,459.9,0
2020-06-07 01:35:24,5,43,21.6,85,10.5,1008.1,1013,3.4,4.8,14,459.9,0
2020-06-07 01:40:24,5,43,21.6,85,10.5,1008,1012.9,1.7,3.4,14,459.9,0
2020-06-07 01:45:24,5,43,21.6,85,10.5,1008.2,1013.1,2,3.1,14,459.9,0
2020-06-07 01:50:24,5,43,21.6,85,10.5,1008.2,1013.1,1,1.4,0,459.9,0
2020-06-07 01:55:24,5,43,21.6,86,10.4,1008.1,1013,1.7,2.4,14,459.9,0
2020-06-07 02:00:24,5,44,21.6,85,10.4,1008.2,1013.1,3.7,5.1,15,459.9,0
2020-06-07 02:05:24,5,44,21.6,85,10.4,1008.4,1013.3,1,2,0,459.9,0
2020-06-07 02:10:24,5,44,21.6,85,10.4,1008.3,1013.2,1,1.7,14,459.9,0
2020-06-07 02:15:24,5,44,21.6,85,10.4,1008.3,1013.2,2.4,3.7,14,459.9,0
2020-06-07 02:20:24,5,44,21.6,85,10.4,1008.3,1013.2,1.7,2.4,14,459.9,0
2020-06-07 02:25:24,5,44,21.5,86,10.3,1008.5,1013.4,2,2.7,14,459.9,0
2020-06-07 02:30:24,5,44,21.5,87,10.2,1008.5,1013.4,1.4,2,14,459.9,0
2020-06-07 02:35:24,5,44,21.5,88,10.1,1008.5,1013.4,1.7,2,12,459.9,0
2020-06-07 02:40:24,5,44,21.5,89,10.1,1008.4,1013.3,2.4,3.1,0,459.9,0
2020-06-07 02:45:24,5,44,21.5,90,10,1008.4,1013.3,1.7,3.1,14,459.9,0
2020-06-07 02:50:24,5,44,21.5,90,10,1008.5,1013.4,2.7,4.1,2,459.9,0
2020-06-07 02:55:24,5,44,21.5,90,10,1008.5,1013.4,3.7,4.4,12,459.9,0
2020-06-07 03:00:24,5,43,21.5,90,10.1,1008.5,1013.4,2.4,2.7,10,459.9,0
2020-06-07 03:05:24,5,43,21.5,89,10.1,1008.6,1013.5,2.7,4.1,12,459.9,0
2020-06-07 03:10:24,5,43,21.5,88,10.2,1008.4,1013.3,2.4,2.7,12,459.9,0
2020-06-07 03:15:24,5,43,21.5,88,10.2,1008.6,1013.5,2,2.7,14,459.9,0
2020-06-07 03:20:24,5,43,21.5,88,10.1,1008.8,1013.7,2,2.7,14,459.9,0
2020-06-07 03:25:24,5,43,21.5,88,10,1008.8,1013.7,1,1.7,14,459.9,0
2020-06-07 03:30:24,5,43,21.5,89,10,1008.8,1013.7,0.7,1.4,14,459.9,0
2020-06-07 03:35:24,5,43,21.5,89,9.9,1008.7,1013.6,1.7,2,12,459.9,0
2020-06-07 03:40:24,5,43,21.5,90,9.9,1008.9,1013.8,1.7,2,14,459.9,0
2020-06-07 03:45:24,5,43,21.5,90,9.9,1008.7,1013.6,3.4,4.4,14,459.9,0
2020-06-07 03:50:24,5,43,21.5,90,9.9,1008.9,1013.8,2.7,3.4,12,459.9,0
2020-06-07 03:55:24,5,43,21.2,90,9.9,1008.8,1013.7,3.1,4.1,12,459.9,0
2020-06-07 04:00:24,5,43,21.2,90,9.9,1008.7,1013.6,3.1,3.7,12,459.9,0
2020-06-07 04:05:24,5,43,21.2,90,9.9,1008.7,1013.6,2.7,3.1,12,459.9,0
2020-06-07 04:10:24,5,43,21.2,90,9.9,1008.8,1013.7,3.1,4.4,14,459.9,0
2020-06-07 04:15:24,5,43,21.2,90,9.9,1008.7,1013.6,3.4,4.1,14,459.9,0
2020-06-07 04:20:24,5,43,21.2,90,9.8,1008.7,1013.6,3.7,4.4,14,459.9,0
2020-06-07 04:25:24,5,43,21.2,90,9.8,1008.9,1013.8,3.7,4.4,14,459.9,0
2020-06-07 04:30:24,5,43,21.2,90,9.8,1008.9,1013.8,2,3.1,12,459.9,0
2020-06-07 04:35:24,5,43,21.2,91,9.8,1009.1,1014,3.1,4.1,2,459.9,0
2020-06-07 04:40:24,5,43,21.2,91,9.8,1009.1,1014,1.7,2.4,12,459.9,0
2020-06-07 04:45:24,5,43,21.2,91,9.8,1009.2,1014.1,2.7,3.4,14,459.9,0
2020-06-07 04:50:24,5,43,21.2,91,9.7,1009.3,1014.2,3.4,4.4,14,459.9,0
2020-06-07 04:55:24,5,43,21.2,91,9.7,1009.2,1014.1,2.7,3.1,14,459.9,0
2020-06-07 05:00:24,5,43,21.2,92,9.6,1009.3,1014.2,2.4,3.1,14,459.9,0
2020-06-07 05:05:24,5,43,21.2,92,9.6,1009.4,1014.3,2.4,2.7,12,459.9,0
2020-06-07 05:10:24,5,43,21.2,92,9.6,1009.4,1014.3,2.7,3.1,14,459.9,0
2020-06-07 05:15:24,5,43,21.2,92,9.6,1009.6,1014.5,2.4,3.1,12,459.9,0
2020-06-07 05:20:24,5,43,21.2,93,9.6,1009.5,1014.4,2.7,3.4,12,459.9,0
2020-06-07 05:25:24,5,43,21.2,93,9.6,1009.6,1014.5,3.1,4.4,14,459.9,0
2020-06-07 05:30:24,5,43,21.2,93,9.5,1009.7,1014.6,2.4,3.4,14,459.9,0
2020-06-07 05:35:24,5,43,21.2,93,9.5,1009.5,1014.4,3.4,4.1,1,459.9,0
2020-06-07 05:40:24,5,43,21.2,93,9.5,1009.6,1014.5,3.1,4.4,14,459.9,0
2020-06-07 05:45:24,5,43,21.2,93,9.6,1009.9,1014.8,2,2.7,0,459.9,0
2020-06-07 05:50:24,5,43,21.2,93,9.6,1009.8,1014.7,3.7,5.1,14,459.9,0
2020-06-07 05:55:24,5,43,21.2,93,9.6,1009.9,1014.8,2.4,3.4,14,459.9,0
2020-06-07 06:00:24,5,43,21.2,92,9.6,1009.8,1014.7,2,2.4,0,459.9,0
2020-06-07 06:05:24,5,43,21.2,92,9.6,1009.9,1014.8,2.4,3.4,14,459.9,0
2020-06-07 06:10:24,5,43,21.2,92,9.6,1009.9,1014.8,2.4,3.4,14,459.9,0
2020-06-07 06:15:24,5,43,21.2,92,9.6,1009.9,1014.8,2.4,3.4,0,459.9,0
2020-06-07 06:20:24,5,43,21.2,92,9.7,1010,1014.9,4.1,5.4,14,459.9,0
2020-06-07 06:25:24,5,43,21.2,91,9.7,1010.2,1015.1,2.4,3.1,12,459.9,0
2020-06-07 06:30:24,5,43,21.2,91,9.7,1010.3,1015.2,2.7,3.4,12,459.9,0
2020-06-07 06:35:24,5,43,21.2,91,9.7,1010.5,1015.4,2.4,3.1,14,459.9,0
2020-06-07 06:40:24,5,43,21.2,91,9.7,1010.5,1015.4,1.4,2.4,0,459.9,0
2020-06-07 06:45:24,5,43,21.2,91,9.8,1010.5,1015.4,2.7,3.4,0,459.9,0
2020-06-07 06:50:24,5,43,21.2,91,9.8,1010.5,1015.4,3.1,3.7,14,459.9,0
2020-06-07 06:55:24,5,43,21.2,90,9.9,1010.5,1015.4,2.4,3.7,14,459.9,0
2020-06-07 07:00:24,5,43,21.2,90,9.9,1010.5,1015.4,3.4,4.8,14,459.9,0
2020-06-07 07:05:24,5,43,21.2,89,10,1010.7,1015.6,2.7,4.4,0,459.9,0
2020-06-07 07:10:24,5,43,21.2,88,10,1010.9,1015.8,2.4,3.1,12,459.9,0
2020-06-07 07:15:24,5,43,21.2,88,10,1010.8,1015.7,2.4,2.7,12,459.9,0
2020-06-07 07:20:24,5,43,21.2,88,10.1,1011,1015.9,3.4,4.8,14,459.9,0
2020-06-07 07:25:24,5,43,21.2,87,10.1,1010.9,1015.8,2.4,3.4,14,459.9,0
2020-06-07 07:30:24,5,43,21.2,87,10.2,1010.9,1015.8,3.1,4.1,14,459.9,0
2020-06-07 07:35:24,5,43,21.2,86,10.2,1011,1015.9,4.1,5.4,12,459.9,0
2020-06-07 07:40:24,5,43,21.2,86,10.2,1011.2,1016.1,3.1,4.1,14,459.9,0
2020-06-07 07:45:24,5,43,21.2,86,10.2,1011.2,1016.1,2.7,3.7,12,459.9,0
2020-06-07 07:50:24,5,43,21.2,87,10.2,1011.2,1016.1,3.1,4.4,0,459.9,0
2020-06-07 07:55:24,5,43,21.2,87,10.3,1011.2,1016.1,4.1,5.4,14,459.9,0
2020-06-07 08:00:24,5,43,21.2,87,10.3,1011.4,1016.3,2.4,3.4,15,459.9,0
2020-06-07 08:05:24,5,43,21.2,87,10.4,1011.4,1016.3,2,3.1,0,459.9,0
2020-06-07 08:10:24,5,43,21.2,87,10.5,1011.4,1016.3,2.7,4.1,0,459.9,0
2020-06-07 08:15:24,5,43,21.2,86,10.5,1011.4,1016.3,3.1,3.7,14,459.9,0
2020-06-07 08:20:24,5,43,21.2,86,10.5,1011.4,1016.3,2.7,3.4,14,459.9,0
2020-06-07 08:25:24,5,43,21.2,86,10.6,1011.6,1016.5,2.7,3.1,14,459.9,0
2020-06-07 08:30:24,5,43,21.2,86,10.6,1011.5,1016.4,2.4,3.4,14,459.9,0
2020-06-07 08:35:24,5,43,21.2,86,10.6,1011.5,1016.4,1.7,3.1,14,459.9,0
2020-06-07 08:40:24,5,43,21.2,86,10.7,1011.4,1016.3,2.7,3.4,12,459.9,0
2020-06-07 08:45:24,5,43,21.2,86,10.9,1011.4,1016.3,1.7,3.1,14,459.9,0
2020-06-07 08:50:24,5,43,21.2,87,11.5,1011.3,1016.2,1,1.7,14,459.9,0
2020-06-07 08:55:24,5,43,21.2,85,12,1011.3,1016.2,3.1,4.1,14,459.9,0
2020-06-07 09:00:24,5,43,21.2,82,12.1,1011.3,1016.2,2,3.1,0,459.9,0
2020-06-07 09:05:24,5,43,21.2,80,12.2,1011.4,1016.3,2.7,4.4,14,459.9,0
2020-06-07 09:10:24,5,43,21.5,80,12.4,1011.5,1016.4,1.7,2,0,459.9,0
2020-06-07 09:15:24,5,43,21.5,78,12.3,1011.3,1016.2,2,3.1,8,459.9,0
2020-06-07 09:20:24,5,43,21.5,77,12,1011.5,1016.4,2.7,3.7,12,459.9,0
2020-06-07 09:25:24,5,43,21.5,78,12,1011.5,1016.4,4.1,4.8,14,459.9,0
2020-06-07 09:30:24,5,43,21.5,78,11.9,1011.5,1016.4,2.4,4.1,0,459.9,0
2020-06-07 09:35:24,5,43,21.5,78,11.8,1011.7,1016.6,3.7,4.8,14,459.9,0
2020-06-07 09:40:24,5,43,21.5,78,11.9,1011.6,1016.5,3.4,5.8,14,459.9,0
2020-06-07 09:45:24,5,43,21.5,77,12,1011.8,1016.7,2.7,3.4,2,459.9,0
2020-06-07 09:50:24,5,43,21.5,78,12.1,1011.8,1016.7,1,1.4,0,459.9,0
2020-06-07 09:55:24,5,43,21.5,77,12.3,1011.7,1016.6,1.7,2.4,14,459.9,0
2020-06-07 10:00:24,5,43,21.5,75,12.2,1011.7,1016.6,4.1,5.8,0,459.9,0
2020-06-07 10:05:24,5,43,21.5,75,12.3,1011.8,1016.7,2.4,3.4,14,459.9,0
2020-06-07 10:10:24,5,43,21.6,73,12.5,1011.9,1016.8,2.4,3.4,0,459.9,0
2020-06-07 10:15:24,5,43,21.6,73,12.8,1011.8,1016.7,1.7,2.4,0,459.9,0
2020-06-07 10:20:24,5,43,21.6,73,13.1,1011.9,1016.8,1.7,2.4,0,459.9,0
2020-06-07 10:25:24,5,43,21.6,71,13,1012,1016.9,5.4,7.8,14,459.9,0
2020-06-07 10:30:24,5,43,21.6,71,12.9,1012.1,1017,3.1,3.7,0,459.9,0
2020-06-07 10:35:24,5,43,21.6,71,13,1012.2,1017.1,2.4,3.1,2,459.9,0
2020-06-07 10:40:24,5,43,21.7,71,13.1,1012.1,1017,2.7,3.4,15,459.9,0
2020-06-07 10:45:24,5,43,21.7,71,13.3,1012.1,1017,3.4,4.8,14,459.9,0
2020-06-07 10:50:24,5,43,21.8,71,13.6,1012.1,1017,2.7,3.4,13,459.9,0
2020-06-07 10:55:24,5,43,21.9,70,13.8,1011.9,1016.8,3.4,5.1,14,459.9,0
2020-06-07 11:00:24,5,43,21.9,70,14.1,1012.2,1017.1,2,3.4,14,459.9,0
2020-06-07 11:05:24,5,43,21.9,70,13.6,1012.3,1017.2,3.7,5.4,14,459.9,0
2020-06-07 11:10:24,5,42,22,71,13.3,1012.3,1017.2,2.7,4.1,0,459.9,0
2020-06-07 11:15:24,5,42,22,72,13.3,1012.2,1017.1,3.1,3.7,0,459.9,0
2020-06-07 11:20:24,5,42,22,72,13.7,1012.3,1017.2,2,3.4,0,459.9,0
2020-06-07 11:25:24,5,42,22,70,14.1,1012.3,1017.2,2.7,4.4,0,459.9,0
2020-06-07 11:30:24,5,42,22,70,14,1012.3,1017.2,1.4,2,0,459.9,0
2020-06-07 11:35:24,5,42,22.1,70,13.7,1012.6,1017.5,2.4,4.8,0,459.9,0
2020-06-07 11:40:24,5,42,22.1,71,13.3,1012.5,1017.4,2.7,4.1,2,459.9,0
2020-06-07 11:45:24,5,42,22.1,73,13,1012.6,1017.5,3.4,4.8,14,459.9,0
2020-06-07 11:50:24,5,43,22.1,73,12.9,1012.5,1017.4,2.7,4.4,2,459.9,0
2020-06-07 11:55:24,5,43,22.1,74,13,1012.9,1017.8,2.7,3.7,12,459.9,0
2020-06-07 12:00:24,5,43,22.1,74,12.8,1012.9,1017.8,2,3.4,15,459.9,0
2020-06-07 12:05:24,5,43,22.1,74,13,1012.9,1017.8,2,3.1,0,459.9,0
2020-06-07 12:10:24,5,43,22.1,73,13,1012.8,1017.7,3.1,4.4,14,459.9,0
2020-06-07 12:15:24,5,43,22.1,73,13.2,1013,1017.9,3.4,5.8,0,459.9,0
2020-06-07 12:20:24,5,43,22.2,72,13.2,1013,1017.9,2.4,4.1,12,459.9,0
2020-06-07 12:25:24,5,42,22.2,72,13.3,1013,1017.9,2,3.7,0,459.9,0
2020-06-07 12:30:24,5,41,22.1,72,13.6,1013,1017.9,2,2.7,0,459.9,0
2020-06-07 12:35:24,5,41,22.1,72,13.9,1012.9,1017.8,2,2.4,0,459.9,0
2020-06-07 12:40:24,5,41,22.1,71,14.5,1012.8,1017.7,2,3.1,0,459.9,0
2020-06-07 12:45:24,5,41,22.1,68,14.7,1012.8,1017.7,3.1,4.4,14,459.9,0
2020-06-07 12:50:24,5,41,22.1,68,14.4,1012.9,1017.8,2.7,5.8,15,459.9,0
2020-06-07 12:55:24,5,41,22.2,68,15.2,1012.9,1017.8,3.7,4.8,0,459.9,0
2020-06-07 13:00:24,5,42,22.2,66,15.2,1012.9,1017.8,2.4,2.7,0,459.9,0
2020-06-07 13:05:24,5,42,22.3,65,14.8,1013,1017.9,3.4,5.4,0,459.9,0
2020-06-07 13:10:24,5,42,22.3,68,14.3,1013,1017.9,2,2.7,14,459.9,0
2020-06-07 13:15:24,5,42,22.3,70,14.3,1013.2,1018.1,3.1,4.1,0,459.9,0
2020-06-07 13:20:24,5,42,22.4,70,14.3,1013.1,1018,2.4,4.1,0,459.9,0
2020-06-07 13:25:24,5,42,22.4,70,13.5,1013.2,1018.1,4.1,5.1,0,459.9,0
2020-06-07 13:30:24,5,42,22.4,72,13.4,1013.2,1018.1,2.7,5.4,14,459.9,0
2020-06-07 13:35:24,5,41,22.4,73,13.6,1013.4,1018.3,2.7,4.4,0,459.9,0
2020-06-07 13:40:24,5,41,22.3,72,13.6,1013.4,1018.3,3.4,5.1,0,459.9,0
2020-06-07 13:45:24,5,41,22.3,72,13.8,1013.3,1018.2,3.7,4.8,12,459.9,0
2020-06-07 13:50:24,5,40,22.2,72,13.8,1013.3,1018.2,2.4,3.4,12,459.9,0
2020-06-07 13:55:24,5,40,22.2,71,13.9,1013.4,1018.3,3.1,4.1,0,459.9,0
2020-06-07 14:00:24,5,40,22.1,71,13.5,1013.3,1018.2,5.4,6.8,12,459.9,0
2020-06-07 14:05:24,5,40,22.1,72,13.5,1013.3,1018.2,2,2.7,14,459.9,0
2020-06-07 14:10:24,5,40,22,71,13.7,1013.4,1018.3,5.8,7.8,12,459.9,0
2020-06-07 14:15:24,5,41,21.9,71,13.7,1013.4,1018.3,2,3.1,0,459.9,0
2020-06-07 14:20:24,5,41,21.8,71,13.4,1013.6,1018.5,3.1,4.1,14,459.9,0
2020-06-07 14:25:24,5,40,21.7,72,13.2,1013.6,1018.5,3.4,4.8,15,459.9,0
2020-06-07 14:30:24,5,41,21.6,72,13.1,1013.7,1018.6,4.4,5.8,12,459.9,0
2020-06-07 14:35:24,5,41,21.5,73,13.4,1013.5,1018.4,1.7,2.7,14,459.9,0
2020-06-07 14:40:24,5,41,21.5,72,13.8,1013.6,1018.5,1.7,2.4,0,459.9,0
2020-06-07 14:45:24,5,41,21.5,71,14.2,1013.6,1018.5,1,1.4,14,459.9,0
2020-06-07 14:50:24,5,41,21.2,70,14.1,1013.7,1018.6,3.4,4.8,14,459.9,0
2020-06-07 14:55:24,5,41,21.2,70,13.8,1013.6,1018.5,2.7,4.1,0,459.9,0
2020-06-07 15:00:24,5,41,21.2,70,13.8,1013.6,1018.5,3.7,5.8,15,459.9,0
2020-06-07 15:05:24,5,41,21.2,71,13.7,1013.6,1018.5,2.4,3.4,0,459.9,0
2020-06-07 15:10:24,5,41,21.2,72,14,1013.6,1018.5,1.7,2.4,0,459.9,0
2020-06-07 15:15:24,5,41,21.2,70,14.4,1013.9,1018.8,2,2.4,0,459.9,0
2020-06-07 15:20:24,5,41,21.2,69,14.3,1013.8,1018.7,2,2.7,0,459.9,0
2020-06-07 15:25:24,5,41,21.2,69,14.1,1013.7,1018.6,2.7,3.4,0,459.9,0
2020-06-07 15:30:24,5,41,21.2,69,14.1,1014,1018.9,1.4,2,12,459.9,0
2020-06-07 15:35:24,5,41,21.2,70,13.9,1014,1018.9,2.7,3.4,14,459.9,0
2020-06-07 15:40:24,5,41,21.2,70,14.1,1014.1,1019,1.4,1.7,14,459.9,0
2020-06-07 15:45:24,5,41,21.2,69,13.8,1013.9,1018.8,3.4,4.4,0,459.9,0
2020-06-07 15:50:24,5,41,21.2,70,14,1014.1,1019,1.7,2.4,0,459.9,0
2020-06-07 15:55:24,5,41,21.2,70,14.1,1014.1,1019,1,1.7,0,459.9,0
2020-06-07 16:00:24,5,41,21.2,69,14.1,1014.2,1019.1,2.4,3.1,0,459.9,0
2020-06-07 16:05:24,5,42,21.2,70,13.8,1014.1,1019,2.4,3.1,14,459.9,0
2020-06-07 16:10:24,5,42,21.2,70,13.7,1014,1018.9,2,2.7,0,459.9,0
2020-06-07 16:15:24,5,42,21.2,70,13.8,1014.3,1019.2,1.4,1.7,2,459.9,0
2020-06-07 16:20:24,5,42,21.2,70,13.9,1014.2,1019.1,0.7,1.4,0,459.9,0
2020-06-07 16:25:24,5,42,21.2,70,13.8,1014.3,1019.2,2.4,3.4,12,459.9,0
2020-06-07 16:30:24,5,42,-40,71,13.6,1014.3,1019.2,2.4,4.1,12,459.9,0
2020-06-07 16:35:24,5,42,21.2,71,13.5,1014.3,1019.2,1.7,2.4,13,459.9,0
2020-06-07 16:40:24,5,42,21.2,70,13.4,1014.4,1019.3,2,2.7,14,459.9,0
2020-06-07 16:45:24,5,42,21.2,71,13.6,1014.5,1019.4,1.4,2.4,14,459.9,0
2020-06-07 16:50:24,5,41,21.2,70,13.7,1014.4,1019.3,1.4,2.4,14,459.9,0
2020-06-07 16:55:24,5,41,21.2,70,13.9,1014.5,1019.4,2.4,3.1,12,459.9,0
2020-06-07 17:00:24,5,41,21.2,71,13.8,1014.4,1019.3,1.7,2.7,2,459.9,0
2020-06-07 17:05:24,5,41,21.2,71,13.7,1014.5,1019.4,3.1,3.7,0,459.9,0
2020-06-07 17:10:24,5,41,21.2,71,13.7,1014.4,1019.3,1.4,2.4,14,459.9,0
2020-06-07 17:15:24,5,41,21.2,70,13.6,1014.5,1019.4,1.7,2.7,14,459.9,0
2020-06-07 17:20:24,5,41,21.2,71,13.5,1014.5,1019.4,3.7,4.8,10,459.9,0
2020-06-07 17:25:24,5,41,21.2,70,13.5,1014.6,1019.5,2.7,3.7,14,459.9,0
2020-06-07 17:30:24,5,41,21.2,71,13.8,1014.5,1019.4,1.4,2,14,459.9,0
2020-06-07 17:35:24,5,41,21.2,70,13.8,1014.8,1019.7,1.4,2,14,459.9,0
2020-06-07 17:40:24,5,41,21.2,70,13.6,1014.7,1019.6,2.7,4.4,12,459.9,0
2020-06-07 17:45:24,5,41,21.2,70,13.4,1014.8,1019.7,3.7,4.4,0,459.9,0
2020-06-07 17:50:24,5,41,21.2,71,13.5,1014.8,1019.7,1.7,2.7,0,459.9,0
2020-06-07 17:55:24,5,41,21.2,71,13.5,1014.9,1019.8,2.4,2.7,14,459.9,0
2020-06-07 18:00:24,5,41,21.2,71,13.3,1015.1,1020,2.7,3.4,14,459.9,0
2020-06-07 18:05:24,5,41,21.2,70,13.1,1014.9,1019.8,2.4,3.4,12,459.9,0
2020-06-07 18:10:24,5,41,21.2,70,13.1,1014.9,1019.8,2.7,3.7,14,459.9,0
2020-06-07 18:15:24,5,41,21.2,70,13.1,1015.1,1020,2,2.7,14,459.9,0
2020-06-07 18:20:24,5,41,21.2,71,13,1015.1,1020,3.1,3.7,12,459.9,0
2020-06-07 18:25:24,5,41,21.2,71,12.9,1015.2,1020.1,2.7,3.1,0,459.9,0
2020-06-07 18:30:24,5,41,21.2,72,13,1015.1,1020,2.7,3.1,15,459.9,0
2020-06-07 18:35:24,5,42,21.2,72,12.9,1015.2,1020.1,3.7,4.4,10,459.9,0
2020-06-07 18:40:24,5,42,21.2,72,12.8,1015.2,1020.1,2.4,3.4,14,459.9,0
2020-06-07 18:45:24,5,42,21.5,72,12.7,1015.3,1020.2,3.4,4.4,14,459.9,0
2020-06-07 18:50:24,5,42,21.5,73,12.6,1015.3,1020.2,3.4,4.1,12,459.9,0
2020-06-07 18:55:24,5,42,21.5,73,12.7,1015.2,1020.1,2,3.1,14,459.9,0
2020-06-07 19:00:24,5,43,21.5,73,12.7,1015.5,1020.4,3.1,4.1,14,459.9,0
2020-06-07 19:05:24,5,43,21.5,73,12.7,1015.5,1020.4,1.4,2.4,14,459.9,0
2020-06-07 19:10:24,5,43,21.5,73,12.7,1015.3,1020.2,2,2.7,0,459.9,0
2020-06-07 19:15:24,5,43,21.5,73,12.6,1015.5,1020.4,2.4,2.7,14,459.9,0
2020-06-07 19:20:24,5,43,21.5,73,12.6,1015.4,1020.3,2.4,3.1,14,459.9,0
2020-06-07 19:25:24,5,44,21.5,73,12.6,1015.4,1020.3,1.4,2,14,459.9,0
2020-06-07 19:30:24,5,44,21.5,73,12.5,1015.4,1020.3,1.7,2.4,0,459.9,0
2020-06-07 19:35:24,5,45,21.5,73,12.5,1015.6,1020.5,2.7,4.4,14,459.9,0
2020-06-07 19:40:24,5,45,21.5,76,12.4,1015.5,1020.4,2.7,3.1,0,459.9,0
2020-06-07 19:45:24,5,45,21.5,77,12.4,1015.6,1020.5,1.7,2.4,0,459.9,0
2020-06-07 19:50:24,5,45,21.5,77,12.3,1015.7,1020.6,1.7,3.4,14,459.9,0
2020-06-07 19:55:24,5,45,21.5,77,12.2,1015.8,1020.7,2.4,3.1,14,459.9,0
2020-06-07 20:00:28,5,45,21.5,77,12.1,1015.8,1020.7,3.1,3.4,12,459.9,0
2020-06-07 20:05:24,5,46,21.5,78,12,1015.7,1020.6,2.4,4.1,14,459.9,0
2020-06-07 20:10:24,5,46,21.5,78,12,1015.6,1020.5,2.4,3.1,14,459.9,0
2020-06-07 20:15:24,5,46,21.5,78,11.9,1015.8,1020.7,1.7,2.4,12,459.9,0
2020-06-07 20:20:24,5,46,21.5,79,11.9,1015.9,1020.8,2,3.1,14,459.9,0
2020-06-07 20:25:24,5,46,21.5,79,11.8,1015.9,1020.8,1.4,2.7,14,459.9,0
2020-06-07 20:30:24,5,46,21.5,79,11.8,1015.9,1020.8,1.7,2.4,0,459.9,0
2020-06-07 20:35:24,5,46,21.5,80,11.7,1016.1,1021,2.7,3.4,14,459.9,0
2020-06-07 20:40:24,5,46,21.5,80,11.7,1016.2,1021.1,1.4,2.7,14,459.9,0
2020-06-07 20:45:24,5,46,21.5,80,11.6,1016.3,1021.2,1.7,2.4,14,459.9,0
2020-06-07 20:50:24,5,46,21.5,80,11.6,1016.5,1021.4,1.4,2,14,459.9,0
2020-06-07 20:55:24,5,46,21.5,80,11.5,1016.3,1021.2,0.7,1,0,459.9,0
2020-06-07 21:00:24,5,46,21.5,80,11.5,1016.4,1021.3,1,2,14,459.9,0
2020-06-07 21:05:24,5,46,21.5,80,11.5,1016.6,1021.5,1.7,2.7,14,459.9,0
2020-06-07 21:10:24,5,46,21.5,80,11.4,1016.5,1021.4,2,2.4,14,459.9,0
2020-06-07 21:15:24,5,46,21.5,80,11.4,1016.6,1021.5,1.4,2,14,459.9,0
2020-06-07 21:20:24,5,46,21.5,80,11.3,1016.6,1021.5,0.7,1.4,1,459.9,0
2020-06-07 21:25:24,5,46,21.5,80,11.3,1016.5,1021.4,1.4,2,14,459.9,0
2020-06-07 21:30:24,5,46,21.5,80,11.3,1016.6,1021.5,2,2.7,0,459.9,0
2020-06-07 21:35:24,5,46,21.5,80,11.3,1016.7,1021.6,2,2.4,14,459.9,0
2020-06-07 21:40:24,5,45,21.5,80,11.2,1016.8,1021.7,1.7,2.4,14,459.9,0
2020-06-07 21:45:24,5,46,21.2,80,11.1,1016.8,1021.7,1.7,2.4,14,459.9,0
2020-06-07 21:50:24,5,46,21.2,80,11.1,1016.7,1021.6,1.7,2.4,0,459.9,0
2020-06-07 21:55:24,5,45,21.2,80,11.1,1017,1021.9,1.7,2,12,459.9,0
2020-06-07 22:00:24,5,45,21.2,80,11.1,1017,1021.9,1.4,2,15,459.9,0
2020-06-07 22:05:24,5,45,21.2,80,11.1,1016.9,1021.8,2,3.1,14,459.9,0
2020-06-07 22:10:24,5,45,21.2,80,11,1017,1021.9,1.4,2,0,459.9,0
2020-06-07 22:15:24,5,45,21.2,80,11,1017,1021.9,1.7,2.7,14,459.9,0
2020-06-07 22:20:24,5,45,21.2,81,11,1016.9,1021.8,1.7,2.4,15,459.9,0
2020-06-07 22:25:24,5,45,21.2,81,11,1017,1021.9,1.4,2,14,459.9,0
2020-06-07 22:30:24,5,45,21.2,81,10.9,1016.9,1021.8,1.4,1.7,0,459.9,0
2020-06-07 22:35:24,5,46,21.2,81,10.9,1017.1,1022,1.4,2,0,459.9,0
2020-06-07 22:40:24,5,46,21.2,81,10.9,1017,1021.9,0.7,1,14,459.9,0
2020-06-07 22:45:24,5,46,21.2,81,10.9,1017.1,1022,1.4,2,0,459.9,0
2020-06-07 22:50:24,5,46,21.5,81,10.9,1017.1,1022,1.7,2.4,12,459.9,0
2020-06-07 22:55:24,5,47,21.5,81,10.8,1017.1,1022,2,2.4,14,459.9,0
2020-06-07 23:00:24,5,47,21.5,81,10.8,1017.1,1022,1,1.7,14,459.9,0
2020-06-07 23:00:25,5,47,21.5,81,10.8,1017.1,1022,1,1.7,14,459.9,0
2020-06-07 23:05:24,5,47,21.6,82,10.8,1017.3,1022.2,1,1.4,0,459.9,0
2020-06-07 23:10:24,5,47,21.5,82,10.8,1017.2,1022.1,1.4,2,14,459.9,0
2020-06-07 23:15:24,5,48,21.6,82,10.8,1017.1,1022,1.4,1.7,14,459.9,0
2020-06-07 23:20:24,5,47,21.8,82,10.7,1017.2,1022.1,1.7,2.4,14,459.9,0
2020-06-07 23:25:24,5,47,21.8,83,10.7,1017.3,1022.2,1.7,2.4,12,459.9,0
2020-06-07 23:30:24,5,47,21.8,83,10.7,1017.2,1022.1,1,1.7,14,459.9,0
2020-06-07 23:35:24,5,48,21.9,83,10.6,1017.3,1022.2,1.7,2,0,459.9,0
2020-06-07 23:40:24,5,48,21.9,84,10.6,1017.1,1022,2.4,3.1,14,459.9,0
2020-06-07 23:45:24,5,47,21.8,84,10.6,1017.1,1022,1.7,2,14,459.9,0
2020-06-07 23:50:24,5,47,21.8,84,10.5,1017.2,1022.1,1.4,2.4,0,459.9,0
2020-06-07 23:55:24,5,47,21.8,84,10.5,1017.3,1022.2,1.7,2,2,459.9,0
