2017-12-16 00:03:32,5,54,17.7,76,0.2,1016.8,1021.7,0.3,0.7,8,219.9,0
2017-12-16 00:08:32,5,54,17.6,76,0.2,1016.8,1021.7,0.7,1,10,219.9,0
2017-12-16 00:13:32,5,54,17.7,76,0.3,1016.8,1021.7,0.7,1,10,219.9,0
2017-12-16 00:18:32,5,54,17.7,76,0.4,1016.9,1021.8,0.7,1,10,219.9,0
2017-12-16 00:23:32,5,54,17.7,76,0.4,1017,1021.9,0.7,1,10,219.9,0
2017-12-16 00:28:32,5,54,17.7,76,0.4,1017.1,1022,0.7,1,10,219.9,0
2017-12-16 00:33:32,5,54,17.7,76,0.5,1017.1,1022,0.7,1,10,219.9,0
2017-12-16 00:38:32,5,54,17.7,76,0.5,1017.1,1022,0.3,1,10,219.9,0
2017-12-16 00:43:32,5,54,17.7,76,0.5,1017.1,1022,0.7,1,10,219.9,0
2017-12-16 00:48:32,5,54,17.7,76,0.5,1017.2,1022.1,0.7,1.4,10,219.9,0
2017-12-16 00:53:32,5,54,17.7,76,0.6,1017,1021.9,0.7,1.4,10,219.9,0
2017-12-16 00:58:32,5,54,17.6,76,0.7,1017,1021.9,0.7,1,10,219.9,0
2017-12-16 01:03:32,5,54,17.7,76,0.7,1016.9,1021.8,0.7,1,10,219.9,0
2017-12-16 01:08:32,5,54,17.7,76,0.7,1017,1021.9,0.3,1,10,219.9,0
2017-12-16 01:13:32,5,54,17.6,76,0.6,1016.9,1021.8,0.3,1,10,219.9,0
2017-12-16 01:18:32,5,54,17.7,76,0.7,1016.9,1021.8,0.7,1.4,10,219.9,0
2017-12-16 01:23:32,5,54,17.6,76,0.7,1017.1,1022,1,1.4,10,219.9,0
2017-12-16 01:28:32,5,54,17.6,76,0.7,1017.1,1022,0.3,1,12,219.9,0
2017-12-16 01:33:32,5,54,17.6,76,0.6,1016.9,1021.8,1,1.4,10,219.9,0
2017-12-16 01:38:32,5,54,17.6,76,0.6,1017,1021.9,0.3,1,10,219.9,0
2017-12-16 01:43:32,5,54,17.6,76,0.6,1017,1021.9,0.7,1.4,12,219.9,0
2017-12-16 01:48:32,5,54,17.6,76,0.7,1017,1021.9,0.7,1,12,219.9,0
2017-12-16 01:53:32,5,54,17.6,76,0.8,1017.1,1022,0.3,1,12,219.9,0
2017-12-16 01:58:32,5,54,17.6,76,0.7,1017.2,1022.1,0.7,1.4,8,219.9,0
2017-12-16 02:03:32,5,54,17.6,76,0.6,1017.2,1022.1,1,1.4,10,219.9,0
2017-12-16 02:08:32,5,54,17.6,76,0.6,1017.1,1022,0.7,1,12,219.9,0
2017-12-16 02:13:32,5,54,17.6,76,0.6,1017,1021.9,0.7,1.4,10,219.9,0
2017-12-16 02:18:32,5,54,17.6,76,0.7,1016.9,1021.8,1.4,1.7,10,219.9,0
2017-12-16 02:23:32,5,54,17.6,76,0.6,1016.8,1021.7,1.7,2.4,8,219.9,0
2017-12-16 02:28:32,5,54,17.6,76,0.7,1016.6,1021.5,1,1.7,8,219.9,0
2017-12-16 02:33:32,5,53,17.6,75,1,1016.8,1021.7,0.7,1,12,219.9,0
2017-12-16 02:38:32,5,53,17.6,76,0.9,1016.8,1021.7,0.7,1,10,219.9,0
2017-12-16 02:43:32,5,53,17.6,76,0.8,1017.1,1022,0.7,1.4,11,219.9,0
2017-12-16 02:48:32,5,53,17.6,76,0.8,1017.3,1022.2,1,1.4,10,219.9,0
2017-12-16 02:53:32,5,53,17.6,75,1,1017.3,1022.2,0.7,1.4,12,219.9,0
2017-12-16 02:58:32,5,53,17.6,75,1.1,1017.5,1022.4,0.7,1,10,219.9,0
2017-12-16 03:03:32,5,53,17.6,74,1,1017.5,1022.4,1.4,1.7,8,219.9,0
2017-12-16 03:08:32,5,53,17.6,75,0.7,1017.6,1022.5,1.7,2.4,10,219.9,0
2017-12-16 03:13:32,5,53,17.6,75,0.7,1017.5,1022.4,1.7,2,10,219.9,0
2017-12-16 03:18:32,5,53,17.4,75,0.6,1017.6,1022.5,1,1.7,10,219.9,0
2017-12-16 03:23:32,5,53,17.6,75,0.6,1017.6,1022.5,1.4,2,8,219.9,0
2017-12-16 03:28:32,5,53,17.5,75,0.6,1017.5,1022.4,1.4,2,10,219.9,0
2017-12-16 03:33:32,5,53,17.5,75,0.5,1017.4,1022.3,1.4,1.7,10,219.9,0
2017-12-16 03:38:32,5,53,17.5,75,0.5,1017.5,1022.4,1.7,2.4,8,219.9,0
2017-12-16 03:43:32,5,53,17.4,75,0.5,1017.6,1022.5,1.4,2,10,219.9,0
2017-12-16 03:48:32,5,53,17.5,75,0.5,1017.4,1022.3,1.7,2.4,10,219.9,0
2017-12-16 03:53:32,5,53,17.4,75,0.7,1017.3,1022.2,1.7,2,8,219.9,0
2017-12-16 03:58:32,5,53,17.4,75,0.8,1017.2,1022.1,1.4,2,10,219.9,0
2017-12-16 04:03:32,5,53,17.4,75,0.9,1017.2,1022.1,1.4,2,10,219.9,0
2017-12-16 04:08:32,5,53,17.4,75,0.9,1017.2,1022.1,1.4,2,10,219.9,0
2017-12-16 04:13:32,5,53,17.4,75,0.9,1017.1,1022,1,1.7,8,219.9,0
2017-12-16 04:18:32,5,52,17.4,74,1,1016.9,1021.8,1.7,2,8,219.9,0
2017-12-16 04:23:32,5,52,17.4,73,1.2,1016.8,1021.7,1.7,2,10,219.9,0
2017-12-16 04:28:32,5,52,17.4,73,1.2,1016.8,1021.7,1.7,2.7,10,219.9,0
2017-12-16 04:33:32,5,52,17.4,73,1.4,1017,1021.9,1.4,1.7,10,219.9,0
2017-12-16 04:38:32,5,52,17.4,72,1.3,1016.9,1021.8,1,1.4,10,219.9,0
2017-12-16 04:43:32,5,52,17.3,72,1.3,1016.9,1021.8,0.7,1,10,219.9,0
2017-12-16 04:48:32,5,52,17.3,72,1.3,1017,1021.9,1.7,2.4,10,219.9,0
2017-12-16 04:53:32,5,52,17.4,72,1.4,1017.1,1022,1.4,1.7,10,219.9,0
2017-12-16 04:58:32,5,52,17.3,72,1.5,1016.9,1021.8,0.7,1.4,10,219.9,0
2017-12-16 05:03:32,5,52,17.3,72,1.6,1017.2,1022.1,1,1.7,10,219.9,0
2017-12-16 05:08:32,5,52,17.3,72,1.7,1017,1021.9,1.4,2,8,219.9,0
2017-12-16 05:13:32,5,52,17.3,72,1.9,1017,1021.9,1.4,2,12,219.9,0
2017-12-16 05:18:32,5,52,17.3,72,2,1017.1,1022,1,1.7,8,219.9,0
2017-12-16 05:23:32,5,52,17.3,72,2.1,1017.1,1022,1,1.4,10,219.9,0
2017-12-16 05:28:32,5,52,17.3,72,2.2,1017.1,1022,2,2.4,8,219.9,0
2017-12-16 05:33:32,5,52,17.3,72,2.3,1017.1,1022,1,1.7,10,219.9,0
2017-12-16 05:38:32,5,52,17.3,72,2.4,1017.2,1022.1,1.4,2,12,219.9,0
2017-12-16 05:43:32,5,52,17.3,72,2.6,1017.2,1022.1,1.4,2.7,12,219.9,0
2017-12-16 05:48:32,5,52,17.3,72,2.7,1017.1,1022,1,1.4,10,219.9,0
2017-12-16 05:53:32,5,52,17.3,72,2.8,1017.2,1022.1,1.4,2.4,10,219.9,0
2017-12-16 05:58:32,5,52,17.3,72,2.7,1017.1,1022,1.4,2,12,219.9,0
2017-12-16 06:03:32,5,52,17.3,72,2.5,1017.1,1022,0.7,1.7,14,219.9,0
2017-12-16 06:08:32,5,52,17.3,72,2.5,1017.3,1022.2,1.4,1.7,10,219.9,0
2017-12-16 06:13:32,5,52,17.3,72,2.4,1017.1,1022,1.4,2.4,8,219.9,0
2017-12-16 06:18:32,5,52,17.3,73,2.4,1017.1,1022,1.4,1.7,10,219.9,0
2017-12-16 06:23:32,5,52,17.3,73,2.5,1017.1,1022,1,1.7,10,219.9,0
2017-12-16 06:28:32,5,52,17.3,73,2.6,1017,1021.9,1.4,2.4,12,219.9,0
2017-12-16 06:33:32,5,52,17.3,73,2.6,1017.1,1022,1.4,1.7,10,219.9,0
2017-12-16 06:38:32,5,52,17.3,74,2.7,1017.1,1022,1.4,1.7,10,219.9,0
2017-12-16 06:43:32,5,52,17.3,74,2.8,1017.2,1022.1,1,1.7,12,219.9,0
2017-12-16 06:48:32,5,52,17.3,74,2.9,1017.1,1022,1,1.4,14,219.9,0
2017-12-16 06:53:32,5,52,17.3,78,3,1017.2,1022.1,1,1.4,12,219.9,0
2017-12-16 06:58:32,5,52,17.3,79,3.2,1017.4,1022.3,1.4,2,14,219.9,0
2017-12-16 07:03:32,5,52,17.3,79,3.5,1017.4,1022.3,1.4,2,10,219.9,0
2017-12-16 07:08:32,5,52,17.3,79,3.7,1017.4,1022.3,1.4,1.7,12,219.9,0
2017-12-16 07:13:32,5,52,17.3,79,3.7,1017.3,1022.2,1.4,2,10,219.9,0
2017-12-16 07:18:32,5,52,17.3,79,3.7,1017.4,1022.3,1,1.7,10,219.9,0
2017-12-16 07:23:32,5,52,17.3,79,3.7,1017.3,1022.2,1,2,14,219.9,0
2017-12-16 07:28:32,5,52,17.3,79,3.7,1017.4,1022.3,1,1.7,12,219.9,0
2017-12-16 07:33:32,5,52,17.3,80,3.8,1017.5,1022.4,1,1.4,12,219.9,0
2017-12-16 07:38:32,5,52,17.3,80,3.8,1017.6,1022.5,1,1.7,0,219.9,0
2017-12-16 07:43:32,5,52,17.3,79,4,1017.5,1022.4,1.4,1.7,12,219.9,0
2017-12-16 07:48:32,5,52,17.3,79,4.1,1017.5,1022.4,1.4,2,12,219.9,0
2017-12-16 07:53:32,5,52,17.3,79,4.2,1017.6,1022.5,1.7,2.4,14,219.9,0
2017-12-16 07:58:32,5,52,17.3,79,4.2,1017.6,1022.5,2,2.7,12,219.9,0
2017-12-16 08:03:32,5,52,17.3,79,4.1,1017.8,1022.7,1,2,12,219.9,0
2017-12-16 08:08:32,5,52,17.3,79,4,1017.8,1022.7,1.4,2.7,10,219.9,0
2017-12-16 08:13:32,5,52,17.3,79,4,1017.9,1022.8,1.4,2,12,219.9,0
2017-12-16 08:18:32,5,52,17.3,79,4,1017.7,1022.6,1,1.7,12,219.9,0
2017-12-16 08:23:32,5,52,17.3,79,4,1017.6,1022.5,1,1.7,8,219.9,0
2017-12-16 08:28:32,5,52,17.3,79,4,1017.7,1022.6,1,1.4,12,219.9,0
2017-12-16 08:33:32,5,52,17.3,79,4,1017.8,1022.7,1.4,1.7,10,219.9,0
2017-12-16 08:38:32,5,52,17.3,79,4,1017.7,1022.6,1.4,2.4,8,219.9,0
2017-12-16 08:43:32,5,52,17.3,80,4.1,1017.9,1022.8,1.4,2.7,10,219.9,0
2017-12-16 08:48:32,5,52,17.3,80,4.3,1017.8,1022.7,1,1.7,10,219.9,0
2017-12-16 08:53:32,5,52,17.3,80,4.3,1018,1022.9,1,1.4,10,219.9,0
2017-12-16 08:58:32,5,52,17.3,80,4.3,1018,1022.9,1,1.7,12,219.9,0
2017-12-16 09:03:32,5,52,17.3,80,4.4,1018,1022.9,1.4,2,12,219.9,0
2017-12-16 09:08:32,5,52,17.3,80,4.6,1018,1022.9,1,1.7,10,219.9,0
2017-12-16 09:13:32,5,52,17.3,80,4.7,1018.1,1023,1,1.4,12,219.9,0
2017-12-16 09:18:32,5,52,17.3,80,4.7,1018.1,1023,1.4,1.7,9,219.9,0
2017-12-16 09:23:32,5,52,17.3,80,4.8,1018,1022.9,1,1.4,10,219.9,0
2017-12-16 09:28:32,5,52,17.3,80,4.8,1018,1022.9,0.7,1.4,10,219.9,0
2017-12-16 09:33:32,5,52,17.3,80,4.7,1018.2,1023.1,0.7,1.4,10,219.9,0
2017-12-16 09:38:32,5,52,17.3,80,4.8,1018.3,1023.2,1,1.4,12,219.9,0
2017-12-16 09:43:32,5,52,17.3,80,4.9,1018.2,1023.1,0.3,1,10,219.9,0
2017-12-16 09:48:32,5,52,17.3,79,5,1018.4,1023.3,0.7,1,12,219.9,0
2017-12-16 09:53:32,5,52,17.3,79,5,1018.5,1023.4,1,1.4,10,219.9,0
2017-12-16 09:58:32,5,52,17.3,79,5.1,1018.6,1023.5,1.4,2,12,219.9,0
2017-12-16 10:03:32,5,52,17.3,79,5.1,1018.6,1023.5,1,1.4,12,219.9,0
2017-12-16 10:08:32,5,52,17.3,79,5.1,1018.6,1023.5,1,1.7,10,219.9,0
2017-12-16 10:13:32,5,52,17.3,79,5.2,1018.7,1023.6,1,1.7,10,219.9,0
2017-12-16 10:18:32,5,52,17.3,79,5.2,1018.8,1023.7,1.4,2.7,12,219.9,0
2017-12-16 10:23:32,5,52,17.3,79,5.1,1018.8,1023.7,1.7,2.4,10,219.9,0
2017-12-16 10:28:32,5,52,17.3,79,5.1,1018.7,1023.6,1,1.4,10,219.9,0
2017-12-16 10:33:32,5,52,17.3,79,5,1018.8,1023.7,1,1.4,10,219.9,0
2017-12-16 10:38:32,5,52,17.3,79,5,1018.8,1023.7,0.7,1.4,10,219.9,0
2017-12-16 10:43:32,5,52,17.3,79,5.1,1018.9,1023.8,0.7,1,10,219.9,0
2017-12-16 10:48:32,5,52,17.3,80,5.1,1018.8,1023.7,0.3,1,9,219.9,0
2017-12-16 10:53:32,5,52,17.3,79,5.1,1018.7,1023.6,0.7,1,10,219.9,0
2017-12-16 10:58:32,5,52,17.3,80,5.2,1018.7,1023.6,0.7,1.4,10,219.9,0
2017-12-16 11:03:32,5,52,17.3,80,5.4,1018.9,1023.8,0.7,1.4,10,219.9,0
2017-12-16 11:08:32,5,52,17.3,80,5.5,1018.9,1023.8,0.7,1.4,10,219.9,0
2017-12-16 11:13:32,5,52,17.3,80,5.6,1018.8,1023.7,0.7,1,12,219.9,0
2017-12-16 11:18:32,5,52,17.3,80,5.8,1018.8,1023.7,1,1.4,10,219.9,0
2017-12-16 11:23:32,5,52,17.4,80,5.9,1018.8,1023.7,0.3,0.7,12,219.9,0
2017-12-16 11:28:32,5,52,17.4,79,6,1018.7,1023.6,1.4,2,10,219.9,0
2017-12-16 11:33:32,5,52,17.4,79,6.1,1018.7,1023.6,0.7,1.4,10,219.9,0
2017-12-16 11:38:32,5,52,17.3,79,6.2,1018.7,1023.6,1,1.7,10,219.9,0
2017-12-16 11:43:32,5,52,17.4,79,6.3,1018.7,1023.6,0.7,1,12,219.9,0
2017-12-16 11:48:32,5,52,17.4,79,6.5,1018.6,1023.5,1.7,2,9,219.9,0
2017-12-16 11:53:32,5,53,17.4,79,6.6,1018.8,1023.7,0.7,1.7,10,219.9,0
2017-12-16 11:58:32,5,53,17.4,79,6.6,1018.7,1023.6,0.7,1.4,12,219.9,0
2017-12-16 12:03:32,5,54,17.5,79,6.6,1018.6,1023.5,1,1.4,10,219.9,0
2017-12-16 12:08:32,5,55,17.6,79,6.6,1018.7,1023.6,1.4,2,12,219.9,0
2017-12-16 12:13:32,5,57,17.5,79,6.6,1018.8,1023.7,1,1.7,12,219.9,0
2017-12-16 12:18:32,5,57,17.6,79,6.7,1018.8,1023.7,1,1.4,12,219.9,0
2017-12-16 12:23:32,5,57,17.6,79,6.7,1018.6,1023.5,1,1.4,8,219.9,0
2017-12-16 12:28:32,5,56,17.6,79,6.8,1018.8,1023.7,1.4,2,12,219.9,0
2017-12-16 12:33:32,5,56,17.6,78,7.2,1018.9,1023.8,1.4,2,14,219.9,0
2017-12-16 12:38:32,5,56,17.6,78,7.5,1018.8,1023.7,2,3.7,12,219.9,0
2017-12-16 12:43:32,5,56,17.6,77,7.6,1018.8,1023.7,1.4,2,13,219.9,0
2017-12-16 12:48:32,5,56,17.6,77,7.6,1018.6,1023.5,1.7,2.4,12,219.9,0
2017-12-16 12:53:32,5,56,17.6,76,7.6,1018.6,1023.5,2,3.1,14,219.9,0
2017-12-16 12:58:32,5,56,17.6,76,7.8,1018.8,1023.7,1.7,3.1,12,219.9,0
2017-12-16 13:03:32,5,58,17.7,75,8.2,1018.7,1023.6,1.4,1.7,14,219.9,0
2017-12-16 13:08:32,5,58,17.7,75,8.4,1018.9,1023.8,2,2.7,14,219.9,0
2017-12-16 13:13:32,5,58,17.7,73,8.4,1018.9,1023.8,2,2.7,12,219.9,0
2017-12-16 13:18:32,5,58,17.8,72,8.2,1019.1,1024,2,3.1,12,219.9,0
2017-12-16 13:23:32,5,58,17.8,72,8.4,1019,1023.9,1,1.7,12,219.9,0
2017-12-16 13:28:32,5,58,17.9,72,8.4,1018.8,1023.7,1,1.4,12,219.9,0
2017-12-16 13:33:32,5,58,17.9,72,8.4,1018.9,1023.8,1.7,2.4,12,219.9,0
2017-12-16 13:38:32,5,56,17.9,72,8.3,1018.9,1023.8,1,1.4,12,219.9,0
2017-12-16 13:43:32,5,56,17.8,72,8.3,1018.7,1023.6,0.7,1.4,10,219.9,0
2017-12-16 13:48:32,5,57,17.9,72,8.2,1018.9,1023.8,0.7,1.7,10,219.9,0
2017-12-16 13:53:32,5,58,17.9,72,8.2,1018.9,1023.8,1,1.7,12,219.9,0
2017-12-16 13:58:32,5,58,17.9,72,8.1,1018.9,1023.8,1,1.7,9,219.9,0
2017-12-16 14:03:32,5,59,17.9,72,7.9,1018.9,1023.8,1.4,2.4,12,219.9,0
2017-12-16 14:08:32,5,59,17.9,72,7.8,1018.7,1023.6,1,1.4,10,219.9,0
2017-12-16 14:13:32,5,59,17.9,73,7.8,1018.8,1023.7,1.4,2.7,12,219.9,0
2017-12-16 14:18:32,5,60,18,73,7.8,1018.9,1023.8,2,3.1,10,219.9,0
2017-12-16 14:23:32,5,58,17.9,73,7.8,1018.9,1023.8,1.4,2,10,219.9,0
2017-12-16 14:28:32,5,59,17.9,73,7.7,1018.8,1023.7,1,2,10,219.9,0
2017-12-16 14:33:32,5,59,17.9,74,7.7,1018.8,1023.7,1.7,2,12,219.9,0
2017-12-16 14:38:32,5,59,17.9,74,7.7,1018.6,1023.5,1.7,2,10,219.9,0
2017-12-16 14:43:32,5,59,17.9,74,7.7,1018.8,1023.7,1.7,2.4,14,219.9,0
2017-12-16 14:48:32,5,59,17.9,74,7.7,1018.8,1023.7,1,1.7,12,219.9,0
2017-12-16 14:53:32,5,59,17.9,74,7.6,1018.9,1023.8,1.4,2.4,10,219.9,0
2017-12-16 14:58:32,5,59,17.9,74,7.6,1018.8,1023.7,1.4,1.7,12,219.9,0
2017-12-16 15:03:32,5,59,17.9,74,7.6,1018.9,1023.8,1.7,2,12,219.9,0
2017-12-16 15:08:32,5,58,17.9,74,7.7,1019,1023.9,2,2.7,10,219.9,0
2017-12-16 15:13:32,5,58,17.9,73,7.7,1019,1023.9,1.7,2,12,219.9,0
2017-12-16 15:18:32,5,58,17.8,73,7.7,1018.9,1023.8,1.7,2,12,219.9,0
2017-12-16 15:23:32,5,58,17.8,73,7.7,1018.9,1023.8,1.4,2,12,219.9,0
2017-12-16 15:28:32,5,58,17.8,73,7.6,1018.9,1023.8,2,2.4,12,219.9,0
2017-12-16 15:33:32,5,58,17.8,73,7.6,1019.1,1024,1.4,1.7,12,219.9,0
2017-12-16 15:38:32,5,58,17.8,73,7.6,1019,1023.9,1.7,2,12,219.9,0
2017-12-16 15:43:32,5,58,17.8,73,7.5,1019.1,1024,1,1.7,12,219.9,0
2017-12-16 15:48:32,5,58,17.8,73,7.3,1019.1,1024,1,2.4,14,219.9,0
2017-12-16 15:53:32,5,58,17.8,73,7.2,1019.2,1024.1,1,1.7,12,219.9,0
2017-12-16 15:58:32,5,58,17.8,73,7.1,1019.2,1024.1,1,2,12,219.9,0
2017-12-16 16:03:32,5,57,17.7,73,7,1019.2,1024.1,0.3,1,12,219.9,0
2017-12-16 16:08:32,5,55,17.7,73,7,1019.2,1024.1,1,1.7,12,219.9,0
2017-12-16 16:13:32,5,53,17.6,74,6.9,1019.3,1024.2,0.7,1.4,12,219.9,0
2017-12-16 16:18:32,5,53,17.6,74,6.9,1019.4,1024.3,0,0.7,10,219.9,0
2017-12-16 16:23:32,5,54,17.4,74,6.8,1019.6,1024.5,0.7,1.4,12,219.9,0
2017-12-16 16:28:32,5,55,17.5,75,6.8,1019.6,1024.5,0.7,1.4,10,219.9,0
2017-12-16 16:33:32,5,55,17.5,75,6.7,1019.6,1024.5,0.7,1.4,8,219.9,0
2017-12-16 16:38:32,5,55,17.4,75,6.6,1019.7,1024.6,0.7,1,10,219.9,0
2017-12-16 16:43:32,5,55,17.4,75,6.6,1019.6,1024.5,0.3,0.7,10,219.9,0
2017-12-16 16:48:32,5,56,17.4,75,6.5,1019.5,1024.4,0.3,1,10,219.9,0
2017-12-16 16:53:32,5,56,17.4,75,6.4,1019.6,1024.5,0.3,0.7,8,219.9,0
2017-12-16 16:58:32,5,56,17.4,76,6.4,1019.7,1024.6,0.7,1,10,219.9,0
2017-12-16 17:03:32,5,56,17.4,76,6.4,1019.6,1024.5,0.7,1.4,10,219.9,0
2017-12-16 17:08:32,5,56,17.4,76,6.3,1019.7,1024.6,1,1.4,10,219.9,0
2017-12-16 17:13:32,5,56,17.4,76,6.3,1019.7,1024.6,1,1.4,10,219.9,0
2017-12-16 17:18:32,5,56,17.4,76,6.3,1019.7,1024.6,0.7,1.4,10,219.9,0
2017-12-16 17:23:32,5,56,17.4,77,6.2,1019.8,1024.7,0.3,1,8,219.9,0
2017-12-16 17:28:32,5,57,17.4,77,6.1,1019.7,1024.6,0.3,0.7,10,219.9,0
2017-12-16 17:33:32,5,57,17.4,77,6.1,1019.8,1024.7,1,1.4,10,219.9,0
2017-12-16 17:38:32,5,57,17.4,77,6.1,1019.6,1024.5,1,1.7,8,219.9,0
2017-12-16 17:43:32,5,57,17.4,77,6.1,1019.6,1024.5,1,1.7,10,219.9,0
2017-12-16 17:48:32,5,57,17.4,77,6.1,1019.6,1024.5,0.7,1.4,10,219.9,0
2017-12-16 17:53:32,5,57,17.4,77,6.1,1019.7,1024.6,0.7,1,10,219.9,0
2017-12-16 17:58:32,5,57,17.4,77,6,1019.7,1024.6,0.7,1,12,219.9,0
2017-12-16 18:03:32,5,57,17.4,77,6,1020,1024.9,0.7,1,8,219.9,0
2017-12-16 18:08:32,5,57,17.4,77,6.1,1019.8,1024.7,1,1.7,10,219.9,0
2017-12-16 18:13:32,5,57,17.4,77,6.2,1019.8,1024.7,1,1.7,9,219.9,0
2017-12-16 18:18:32,5,57,17.4,77,6.2,1019.8,1024.7,0.7,1,10,219.9,0
2017-12-16 18:23:32,5,57,17.4,77,6.3,1019.9,1024.8,1,1.7,10,219.9,0
2017-12-16 18:28:32,5,57,17.4,77,6.4,1019.8,1024.7,1.4,2,8,219.9,0
2017-12-16 18:33:32,5,57,17.4,77,6.4,1019.9,1024.8,1.4,1.7,8,219.9,0
2017-12-16 18:38:32,5,57,17.4,76,6.4,1019.8,1024.7,1.4,1.7,10,219.9,0
2017-12-16 18:43:32,5,57,17.4,76,6.5,1019.9,1024.8,0.7,1.4,9,219.9,0
2017-12-16 18:48:32,5,57,17.4,76,6.5,1019.8,1024.7,1,1.4,10,219.9,0
2017-12-16 18:53:32,5,57,17.4,76,6.6,1019.8,1024.7,0.3,1,10,219.9,0
2017-12-16 18:58:32,5,57,17.4,76,6.6,1020,1024.9,1,1.4,10,219.9,0
2017-12-16 19:03:32,5,58,17.4,76,6.7,1019.9,1024.8,0.7,1,10,219.9,0
2017-12-16 19:08:32,5,58,17.4,76,6.7,1020,1024.9,1,1.4,8,219.9,0
2017-12-16 19:13:32,5,58,17.4,76,6.7,1019.9,1024.8,1.7,2.7,10,219.9,0
2017-12-16 19:18:32,5,59,17.4,76,6.8,1019.8,1024.7,1,1.7,10,219.9,0
2017-12-16 19:23:32,5,61,17.5,76,6.8,1019.9,1024.8,1,1.7,10,219.9,0
2017-12-16 19:28:32,5,63,17.6,76,6.8,1019.8,1024.7,1,1.7,10,219.9,0
2017-12-16 19:33:32,5,65,17.6,76,6.8,1019.9,1024.8,1,1.4,9,219.9,0
2017-12-16 19:38:32,5,67,17.7,76,6.8,1019.8,1024.7,1,1.7,10,219.9,0
2017-12-16 19:43:32,5,68,17.7,76,6.8,1019.6,1024.5,1.4,2,10,219.9,0
2017-12-16 19:48:32,5,68,17.7,76,6.9,1019.9,1024.8,1,1.7,10,219.9,0
2017-12-16 19:53:32,5,68,17.8,75,7,1019.9,1024.8,1.4,2,10,219.9,0
2017-12-16 19:58:32,5,68,17.9,75,7,1019.9,1024.8,1.4,1.7,10,219.9,0
2017-12-16 20:03:32,5,68,17.9,75,7,1019.7,1024.6,1.4,1.7,10,219.9,0
2017-12-16 20:08:32,5,68,17.9,75,7.1,1019.6,1024.5,1.7,2.7,10,219.9,0
2017-12-16 20:13:32,5,67,17.9,76,7.1,1019.7,1024.6,1.7,2.4,10,219.9,0
2017-12-16 20:18:32,5,67,17.9,76,7.2,1019.5,1024.4,0.7,1,10,219.9,0
2017-12-16 20:23:32,5,66,17.9,76,7.1,1019.7,1024.6,1,2,10,219.9,0
2017-12-16 20:28:32,5,65,17.9,76,7,1019.7,1024.6,1.4,2,10,219.9,0
2017-12-16 20:33:32,5,65,17.9,76,7,1019.7,1024.6,1,2.4,10,219.9,0
2017-12-16 20:38:32,5,65,17.9,76,7.1,1019.5,1024.4,1.7,2.4,10,219.9,0
2017-12-16 20:43:32,5,64,17.9,76,7.3,1019.5,1024.4,2,3.4,8,219.9,0
2017-12-16 20:48:32,5,64,17.8,76,7.4,1019.6,1024.5,1.4,2,10,219.9,0
2017-12-16 20:53:32,5,64,17.8,76,7.4,1019.6,1024.5,4.4,5.1,10,219.9,0
2017-12-16 20:58:32,5,63,17.8,76,7.5,1019.5,1024.4,3.1,4.4,8,219.9,0
2017-12-16 21:03:32,5,63,17.8,76,7.5,1019.4,1024.3,1.7,2.4,12,219.9,0
2017-12-16 21:08:32,5,63,17.8,76,7.5,1019.4,1024.3,3.1,4.8,8,219.9,0
2017-12-16 21:13:32,5,63,17.8,76,7.5,1019.3,1024.2,1.7,2.4,10,219.9,0
2017-12-16 21:18:32,5,62,17.8,76,7.5,1019.4,1024.3,2,2.7,8,219.9,0
2017-12-16 21:23:32,5,62,17.8,76,7.4,1019.4,1024.3,2,2.7,10,219.9,0
2017-12-16 21:28:32,5,62,17.8,76,7.4,1019.3,1024.2,2.7,3.4,10,219.9,0
2017-12-16 21:33:32,5,62,17.7,76,7.4,1019.3,1024.2,2.7,3.1,8,219.9,0
2017-12-16 21:38:32,5,62,17.7,76,7.4,1019.3,1024.2,2.4,3.1,8,219.9,0
2017-12-16 21:43:32,5,62,17.7,76,7.5,1019.2,1024.1,2,2.7,10,219.9,0
2017-12-16 21:48:32,5,62,17.7,76,7.4,1019.1,1024,2,3.1,10,219.9,0
2017-12-16 21:53:32,5,62,17.7,77,7.4,1019.2,1024.1,0.7,1.4,10,219.9,0
2017-12-16 21:58:32,5,62,17.7,76,7.2,1019.1,1024,1.4,2.7,10,219.9,0
2017-12-16 22:03:32,5,62,17.7,77,7.2,1019,1023.9,1.7,3.1,10,219.9,0
2017-12-16 22:08:32,5,61,17.7,77,7.3,1019.1,1024,3.1,4.8,10,219.9,0
2017-12-16 22:13:32,5,61,17.6,77,7.6,1019.1,1024,3.1,5.1,10,219.9,0
2017-12-16 22:18:32,5,61,17.6,77,7.7,1019.1,1024,2,2.7,12,219.9,0
2017-12-16 22:23:32,5,61,17.6,77,7.8,1019,1023.9,1.4,2.4,10,219.9,0
2017-12-16 22:28:32,5,61,17.6,77,7.8,1019,1023.9,2.7,3.1,10,219.9,0
2017-12-16 22:33:32,5,61,17.6,77,7.9,1019,1023.9,3.7,5.4,10,219.9,0
2017-12-16 22:38:32,5,61,17.6,77,7.9,1018.9,1023.8,2.4,2.7,8,219.9,0
2017-12-16 22:43:32,5,61,17.6,77,7.8,1019,1023.9,2.4,3.1,10,219.9,0
2017-12-16 22:48:32,5,61,17.6,77,7.8,1018.9,1023.8,2,2.7,10,219.9,0
2017-12-16 22:53:32,5,61,17.6,77,7.8,1018.9,1023.8,2.7,4.4,8,219.9,0
2017-12-16 22:58:32,5,61,17.6,77,7.8,1018.9,1023.8,4.8,5.8,10,219.9,0
2017-12-16 23:03:32,5,61,17.6,77,7.8,1018.9,1023.8,3.1,4.8,10,219.9,0
2017-12-16 23:08:32,5,61,17.6,77,7.8,1019,1023.9,3.4,4.4,10,219.9,0
2017-12-16 23:13:32,5,61,17.6,77,7.9,1019,1023.9,3.1,5.1,1,219.9,0
2017-12-16 23:18:32,5,60,17.6,77,7.8,1019,1023.9,3.1,4.8,10,219.9,0
2017-12-16 23:23:32,5,60,17.6,77,7.8,1019,1023.9,2.7,3.7,8,219.9,0
2017-12-16 23:28:32,5,60,17.6,77,7.7,1019,1023.9,4.1,5.4,10,219.9,0
2017-12-16 23:33:32,5,60,17.6,78,7.7,1019.1,1024,3.4,4.1,10,219.9,0
2017-12-16 23:38:32,5,60,17.6,78,7.7,1019,1023.9,2,2.7,10,219.9,0
2017-12-16 23:43:32,5,60,17.6,78,7.7,1019,1023.9,3.1,3.7,8,219.9,0
2017-12-16 23:48:32,5,60,17.6,78,7.7,1018.8,1023.7,3.7,4.8,10,219.9,0
2017-12-16 23:53:32,5,60,17.6,78,7.7,1018.8,1023.7,2,2.7,10,219.9,0
2017-12-16 23:58:31,5,60,17.5,77,7.7,1018.8,1023.7,2.7,3.7,10,219.9,0
