2024-09-21 00:04:42,5,62,20.7,89,12.6,1022.1,1027,0.7,1,8,861.6,0
2024-09-21 00:09:42,5,62,20.7,89,12.5,1022.1,1027,0.3,0.7,8,861.6,0
2024-09-21 00:14:42,5,62,20.7,89,12.6,1022.1,1027,1,1.4,8,861.6,0
2024-09-21 00:19:42,5,62,20.7,90,12.9,1022.1,1027,1.4,2,8,861.6,0
2024-09-21 00:24:42,5,62,20.7,90,12.8,1022.1,1027,1,1.4,8,861.6,0
2024-09-21 00:29:42,5,62,20.6,90,12.8,1022.1,1027,1,1.4,8,861.6,0
2024-09-21 00:34:42,5,62,20.7,90,12.7,1022,1026.9,0.3,0.7,8,861.6,0
2024-09-21 00:39:42,5,62,20.7,90,12.8,1022.1,1027,1,1.4,8,861.6,0
2024-09-21 00:44:42,5,62,20.6,90,12.8,1022.1,1027,0.7,1,8,861.6,0
2024-09-21 00:49:42,5,62,20.7,90,12.9,1022.1,1027,0.7,1,8,861.6,0
2024-09-21 00:54:42,5,62,20.6,90,12.8,1022.3,1027.2,0.3,0.7,8,861.6,0
2024-09-21 00:59:42,5,62,20.6,91,12.9,1022,1026.9,1,1.4,,861.6,0
2024-09-21 01:04:42,5,62,20.6,91,12.8,1022,1026.9,0.3,0.7,,861.6,0
2024-09-21 01:09:42,5,62,20.6,91,12.6,1022,1026.9,0,0,,861.6,0
2024-09-21 01:14:42,5,62,20.6,91,12.5,1022.3,1027.2,0,0,,861.6,0
2024-09-21 01:19:42,5,62,20.6,91,12.5,1022.1,1027,0.3,0.7,,861.6,0
2024-09-21 01:24:42,5,62,20.6,91,12.7,1022,1026.9,0.3,0.7,,861.6,0
2024-09-21 01:29:42,5,62,20.6,91,12.8,1022,1026.9,0.3,0.7,,861.6,0
2024-09-21 01:34:42,5,62,20.5,91,12.7,1021.8,1026.7,0.3,0.7,,861.6,0
2024-09-21 01:39:42,5,62,20.5,91,12.7,1021.8,1026.7,0.7,1,,861.6,0
2024-09-21 01:44:42,5,62,20.6,91,12.7,1021.8,1026.7,0,0.3,,861.6,0
2024-09-21 01:49:42,5,62,20.6,91,12.7,1021.9,1026.8,0.7,1,,861.6,0
2024-09-21 01:54:42,5,62,20.6,91,12.7,1021.8,1026.7,0.7,1,,861.6,0
2024-09-21 01:59:42,5,62,20.6,91,12.7,1021.8,1026.7,0.3,0.7,,861.6,0
2024-09-21 02:04:42,5,62,20.6,91,12.6,1021.8,1026.7,0.3,0.7,,861.6,0
2024-09-21 02:09:42,5,62,20.6,91,12.6,1021.8,1026.7,0.7,1.4,,861.6,0
2024-09-21 02:14:42,5,62,20.6,91,12.6,1021.8,1026.7,0,0,,861.6,0
2024-09-21 02:19:42,5,62,20.6,91,12.6,1021.7,1026.6,0,0,,861.6,0
2024-09-21 02:24:42,5,62,20.6,94,12.4,1021.8,1026.7,0,0,,861.6,0
2024-09-21 02:29:42,5,62,20.5,94,12.2,1021.8,1026.7,0,0,,861.6,0
2024-09-21 02:34:42,5,62,20.5,94,12,1021.7,1026.6,0,0,,861.6,0
2024-09-21 02:39:42,5,62,20.5,94,11.8,1021.6,1026.5,0,0,,861.6,0
2024-09-21 02:44:42,5,62,20.5,94,11.6,1021.7,1026.6,0,0,,861.6,0
2024-09-21 02:49:42,5,62,20.6,94,11.7,1021.7,1026.6,0,0,,861.6,0
2024-09-21 02:54:42,5,62,20.6,94,11.8,1021.6,1026.5,0,0,,861.6,0
2024-09-21 02:59:42,5,62,20.6,94,12,1021.7,1026.6,0,0,,861.6,0
2024-09-21 03:04:42,5,62,20.6,94,12,1021.5,1026.4,0,0,,861.6,0
2024-09-21 03:09:42,5,62,20.5,94,11.8,1021.5,1026.4,0,0,,861.6,0
2024-09-21 03:14:42,5,62,20.5,94,11.9,1021.5,1026.4,0,0,,861.6,0
2024-09-21 03:19:42,5,62,20.5,94,12.1,1021.4,1026.3,0,0,,861.6,0
2024-09-21 03:24:42,5,62,20.5,94,12.3,1021.3,1026.2,0,0,,861.6,0
2024-09-21 03:29:42,5,62,20.6,95,12.4,1021.5,1026.4,0,0,,861.6,0
2024-09-21 03:34:42,5,62,20.5,92,12.9,1021.5,1026.4,0.3,0.7,,861.6,0
2024-09-21 03:39:42,5,62,20.5,93,13,1021.4,1026.3,0,0.3,,861.6,0
2024-09-21 03:44:42,5,62,20.6,93,13.1,1021.4,1026.3,0,0,,861.6,0
2024-09-21 03:49:42,5,62,20.5,93,13.1,1021.3,1026.2,0,0,,861.6,0
2024-09-21 03:54:42,5,62,20.5,93,13.1,1021.1,1026,0,0,,861.6,0
2024-09-21 03:59:42,5,62,20.5,93,13.1,1021.3,1026.2,0,0.3,,861.6,0
2024-09-21 04:04:42,5,62,20.5,94,13.3,1021.2,1026.1,0,0,,861.6,0
2024-09-21 04:09:42,5,62,20.5,94,13.4,1021.2,1026.1,0,0,,861.6,0
2024-09-21 04:14:42,5,62,20.5,94,13.6,1021.3,1026.2,0,0.3,,861.6,0
2024-09-21 04:19:42,5,62,20.5,95,13.9,1021.2,1026.1,0,0,,861.6,0
2024-09-21 04:24:42,5,62,20.5,95,14.2,1021.2,1026.1,0,0,,861.6,0
2024-09-21 04:29:42,5,62,20.6,95,14.4,1021.1,1026,0,0,,861.6,0
2024-09-21 04:34:42,5,62,20.5,96,14.6,1021.3,1026.2,0,0.3,,861.6,0
2024-09-21 04:39:42,5,62,20.4,96,14.5,1021.1,1026,0,0,,861.6,0
2024-09-21 04:44:42,5,62,20.5,96,14.4,1021.1,1026,0,0,,861.6,0
2024-09-21 04:49:42,5,62,20.6,96,14.8,1021.1,1026,0,0,,861.6,0
2024-09-21 04:54:42,5,62,20.5,97,15,1021,1025.9,0,0,,861.6,0
2024-09-21 04:59:42,5,62,20.5,97,15,1021.1,1026,0,0,,861.6,0
2024-09-21 05:04:42,5,62,20.5,97,15,1020.9,1025.8,0,0,,861.6,0
2024-09-21 05:09:42,5,62,20.5,97,15,1020.9,1025.8,0,0,,861.6,0
2024-09-21 05:14:42,5,62,20.6,97,15,1021,1025.9,0,0.3,,861.6,0
2024-09-21 05:19:42,5,62,20.5,97,15,1020.9,1025.8,0,0,,861.6,0
2024-09-21 05:24:42,5,62,20.5,97,14.9,1020.9,1025.8,0,0,,861.6,0
2024-09-21 05:29:42,5,62,20.6,97,14.9,1020.9,1025.8,0,0,,861.6,0
2024-09-21 05:34:42,5,62,20.4,97,14.8,1020.9,1025.8,0,0,,861.6,0
2024-09-21 05:39:42,5,62,20.5,97,14.8,1020.9,1025.8,0,0,,861.6,0
2024-09-21 05:44:42,5,62,20.5,97,14.8,1020.9,1025.8,0,0,,861.6,0
2024-09-21 05:49:42,5,62,20.6,97,14.7,1020.9,1025.8,0,0,,861.6,0
2024-09-21 05:54:42,5,62,20.5,97,14.7,1020.9,1025.8,0,0,,861.6,0
2024-09-21 05:59:42,5,62,20.5,97,14.7,1021,1025.9,0,0,,861.6,0
2024-09-21 06:04:42,5,62,20.5,97,14.7,1020.9,1025.8,0,0,,861.6,0
2024-09-21 06:09:42,5,62,20.5,96,14.7,1021,1025.9,0,0,,861.6,0
2024-09-21 06:14:42,5,62,20.5,96,14.7,1021.2,1026.1,0,0,,861.6,0
2024-09-21 06:19:42,5,62,20.5,96,14.7,1021.1,1026,0,0,,861.6,0
2024-09-21 06:24:42,5,62,20.5,96,14.7,1021.1,1026,0,0,,861.6,0
2024-09-21 06:29:42,5,62,20.6,96,14.6,1021.1,1026,0,0,,861.6,0
2024-09-21 06:34:42,5,62,20.5,96,14.5,1021.1,1026,0,0,,861.6,0
2024-09-21 06:39:42,5,62,20.5,96,14.5,1021,1025.9,0,0,,861.6,0
2024-09-21 06:44:42,5,62,20.6,96,14.5,1021.1,1026,0,0,,861.6,0
2024-09-21 06:49:42,5,62,20.5,96,14.5,1020.9,1025.8,0,0,,861.6,0
2024-09-21 06:54:42,5,62,20.6,95,14.5,1021,1025.9,0,0,,861.6,0
2024-09-21 06:59:42,5,62,20.5,95,14.5,1020.9,1025.8,0,0,,861.6,0
2024-09-21 07:04:42,5,62,20.5,95,14.6,1021,1025.9,0,0,,861.6,0
2024-09-21 07:09:42,5,62,20.5,96,14.7,1021,1025.9,0,0,,861.6,0
2024-09-21 07:14:42,5,62,20.5,96,14.8,1021,1025.9,0,0,,861.6,0
2024-09-21 07:19:44,5,62,20.5,96,14.9,1020.9,1025.8,0,0,,861.6,0
2024-09-21 07:24:42,5,62,20.5,96,15,1020.9,1025.8,0,0,,861.6,0
2024-09-21 07:29:42,5,62,20.5,96,15.1,1021.1,1026,0,0,,861.6,0
2024-09-21 07:34:42,5,62,20.5,96,15.2,1021,1025.9,0,0,7,861.6,0
2024-09-21 07:39:42,5,62,20.5,96,15.3,1020.9,1025.8,0,0,7,861.6,0
2024-09-21 07:44:42,5,62,20.5,96,15.2,1021,1025.9,0,0,7,861.6,0
2024-09-21 07:49:42,5,62,20.4,96,15.2,1020.9,1025.8,0,0,7,861.6,0
2024-09-21 07:54:42,5,62,20.5,95,15.3,1020.9,1025.8,0,0,7,861.6,0
2024-09-21 07:59:42,5,62,20.5,95,15.3,1020.8,1025.7,0,0,7,861.6,0
2024-09-21 08:04:42,5,62,20.5,94,15.2,1021,1025.9,0,0,7,861.6,0
2024-09-21 08:09:42,5,62,20.5,94,15.3,1020.9,1025.8,0,0,7,861.6,0
2024-09-21 08:14:42,5,62,20.6,93,15.2,1021,1025.9,0,0,7,861.6,0
2024-09-21 08:19:42,5,62,20.6,92,15.1,1020.8,1025.7,0,0,7,861.6,0
2024-09-21 08:24:42,5,62,20.6,91,15.2,1021,1025.9,0,0,7,861.6,0
2024-09-21 08:29:42,5,62,20.6,90,15.3,1021,1025.9,0,0,7,861.6,0
2024-09-21 08:34:42,5,62,20.7,89,15.2,1020.8,1025.7,0,0,7,861.6,0
2024-09-21 08:39:42,5,62,20.7,88,15.3,1020.7,1025.6,0,0,7,861.6,0
2024-09-21 08:44:42,5,62,20.7,87,15.5,1020.8,1025.7,0,0,7,861.6,0
2024-09-21 08:49:42,5,62,20.7,86,15.4,1020.8,1025.7,0,0,7,861.6,0
2024-09-21 08:54:42,5,62,20.7,85,15.5,1020.7,1025.6,0,0,7,861.6,0
2024-09-21 08:59:42,5,62,20.8,84,15.5,1020.7,1025.6,0,0,7,861.6,0
2024-09-21 09:04:42,5,62,20.7,83,15.5,1020.8,1025.7,2.4,3.1,7,861.6,0
2024-09-21 09:09:42,5,62,20.8,82,15.6,1020.8,1025.7,2.7,3.7,7,861.6,0
2024-09-21 09:14:42,5,62,20.8,82,16.1,1020.6,1025.5,2,3.4,7,861.6,0
2024-09-21 09:19:42,5,62,20.9,80,15.9,1020.7,1025.6,2,2.7,7,861.6,0
2024-09-21 09:24:42,5,62,20.9,80,15.9,1020.7,1025.6,2.7,4.1,7,861.6,0
2024-09-21 09:29:42,5,62,20.9,80,15.9,1020.8,1025.7,2.7,4.8,7,861.6,0
2024-09-21 09:34:42,5,62,20.9,80,15.7,1020.8,1025.7,2.4,3.4,7,861.6,0
2024-09-21 09:39:42,5,62,20.9,80,15.5,1020.7,1025.6,3.1,4.1,7,861.6,0
2024-09-21 09:44:42,5,62,20.9,80,15.4,1020.8,1025.7,3.4,4.1,7,861.6,0
2024-09-21 09:49:42,5,61,20.8,81,15.5,1020.8,1025.7,3.1,3.7,7,861.6,0
2024-09-21 09:54:42,5,61,20.8,81,15.4,1020.6,1025.5,2.7,6.1,7,861.6,0
2024-09-21 09:59:42,5,61,20.7,81,15.3,1020.8,1025.7,3.7,5.1,7,861.6,0
2024-09-21 10:04:42,5,61,20.7,81,15.4,1020.9,1025.8,4.1,5.1,7,861.6,0
2024-09-21 10:09:42,5,61,20.6,80,15.5,1020.6,1025.5,3.7,4.4,7,861.6,0
2024-09-21 10:14:42,5,61,20.6,76,15.5,1020.5,1025.4,2.4,3.1,,861.6,0
2024-09-21 10:19:42,5,61,20.6,75,15.6,1020.6,1025.5,2.4,3.7,,861.6,0
2024-09-21 10:24:42,5,60,20.5,75,15.6,1020.6,1025.5,2.4,3.4,,861.6,0
2024-09-21 10:29:42,5,61,20.5,75,15.5,1020.5,1025.4,3.7,5.1,,861.6,0
2024-09-21 10:34:42,5,61,20.6,75,15.5,1020.5,1025.4,2.4,3.4,,861.6,0
2024-09-21 10:39:42,5,62,20.5,75,15.5,1020.5,1025.4,2.7,3.4,2,861.6,0
2024-09-21 10:44:42,5,61,20.5,75,15.5,1020.5,1025.4,3.4,4.8,2,861.6,0
2024-09-21 10:49:42,5,61,20.5,75,15.5,1020.6,1025.5,3.7,4.8,2,861.6,0
2024-09-21 10:54:42,5,61,20.5,74,15.5,1020.6,1025.5,3.1,4.4,4,861.6,0
2024-09-21 10:59:42,5,60,20.4,74,15.5,1020.5,1025.4,3.4,4.4,,861.6,0
2024-09-21 11:04:42,5,60,20.5,74,15.5,1020.4,1025.3,3.1,4.1,,861.6,0
2024-09-21 11:09:42,5,61,20.4,73,15.6,1020.3,1025.2,2.4,3.1,4,861.6,0
2024-09-21 11:14:42,5,61,20.4,73,15.7,1020.3,1025.2,2.7,3.4,,861.6,0
2024-09-21 11:19:42,5,61,20.4,73,15.8,1020.2,1025.1,2.7,3.4,,861.6,0
2024-09-21 11:24:42,5,61,20.5,73,16,1020.1,1025,2,2.4,4,861.6,0
2024-09-21 11:29:42,5,62,20.5,73,16,1020,1024.9,2.4,3.1,4,861.6,0
2024-09-21 11:34:42,5,62,20.5,73,16.1,1019.9,1024.8,2,2.4,4,861.6,0
2024-09-21 11:39:42,5,63,20.5,74,16.3,1020,1024.9,2,3.1,4,861.6,0
2024-09-21 11:44:42,5,63,20.5,72,16.5,1019.9,1024.8,2.7,4.1,4,861.6,0
2024-09-21 11:49:42,5,63,20.6,71,16.6,1019.8,1024.7,3.1,3.7,4,861.6,0
2024-09-21 11:54:42,5,64,20.6,71,16.7,1019.8,1024.7,2.7,3.4,4,861.6,0
2024-09-21 11:59:42,5,64,20.6,72,16.6,1019.8,1024.7,2.4,3.4,4,861.6,0
2024-09-21 12:04:42,5,64,20.6,71,16.6,1020,1024.9,2.4,3.1,,861.6,0
2024-09-21 12:09:42,5,64,20.7,71,16.6,1019.8,1024.7,3.4,5.4,,861.6,0
2024-09-21 12:14:42,5,64,20.7,72,16.4,1019.7,1024.6,1.7,2.4,,861.6,0
2024-09-21 12:19:42,5,64,20.7,72,16.5,1019.7,1024.6,2.7,3.7,4,861.6,0
2024-09-21 12:24:42,5,64,20.7,72,16.6,1019.6,1024.5,3.1,3.4,4,861.6,0
2024-09-21 12:29:42,5,64,20.8,72,16.8,1019.4,1024.3,2.4,3.1,,861.6,0
2024-09-21 12:34:42,5,64,20.8,72,16.8,1019.4,1024.3,2.7,4.1,4,861.6,0
2024-09-21 12:39:42,5,64,20.8,72,16.8,1019.4,1024.3,3.1,4.1,,861.6,0
2024-09-21 12:44:42,5,64,20.8,72,16.8,1019.2,1024.1,2,3.1,,861.6,0
2024-09-21 12:49:42,5,63,20.9,71,17,1019.1,1024,3.4,5.1,,861.6,0
2024-09-21 12:54:42,5,63,20.9,71,16.9,1019.2,1024.1,4.8,5.4,,861.6,0
2024-09-21 12:59:42,5,63,20.9,71,16.8,1019.2,1024.1,3.4,6.8,2,861.6,0
2024-09-21 13:04:42,5,63,20.9,72,16.7,1019.3,1024.2,2.4,3.4,2,861.6,0
2024-09-21 13:09:42,5,63,21,73,16.6,1019.1,1024,3.1,3.7,2,861.6,0
2024-09-21 13:14:42,5,63,21,73,16.7,1019.1,1024,2.4,3.4,4,861.6,0
2024-09-21 13:19:42,5,63,21.1,72,16.8,1018.9,1023.8,4.1,6.8,4,861.6,0
2024-09-21 13:24:42,5,63,21.1,71,16.8,1019,1023.9,2.7,3.4,4,861.6,0
2024-09-21 13:29:42,5,63,21.1,72,16.6,1018.8,1023.7,2.7,4.1,4,861.6,0
2024-09-21 13:34:42,5,63,21.1,72,16.8,1019,1023.9,2.4,4.1,,861.6,0
2024-09-21 13:39:42,5,63,21.1,71,16.9,1019,1023.9,4.1,4.8,4,861.6,0
2024-09-21 13:44:42,5,63,21.4,71,16.9,1018.9,1023.8,2,2.7,4,861.6,0
2024-09-21 13:49:42,5,63,21.4,71,16.9,1018.8,1023.7,2.7,3.7,4,861.6,0
2024-09-21 13:54:42,5,63,21.4,71,16.8,1018.9,1023.8,3.1,4.1,0,861.6,0
2024-09-21 13:59:42,5,63,21.5,72,16.8,1018.8,1023.7,2.7,3.7,0,861.6,0
2024-09-21 14:04:42,5,63,21.5,72,16.8,1018.7,1023.6,3.4,4.4,0,861.6,0
2024-09-21 14:09:42,5,62,21.5,73,16.9,1018.5,1023.4,2.4,3.4,2,861.6,0
2024-09-21 14:14:42,5,62,21.6,72,17,1018.7,1023.6,2.7,3.4,2,861.6,0
2024-09-21 14:19:42,5,62,21.6,72,16.9,1018.7,1023.6,3.1,3.7,0,861.6,0
2024-09-21 14:24:42,5,62,21.6,72,16.9,1018.7,1023.6,2.7,4.1,0,861.6,0
2024-09-21 14:29:42,5,62,21.5,71,16.8,1018.6,1023.5,4.1,6.1,0,861.6,0
2024-09-21 14:34:42,5,62,21.6,71,16.9,1018.6,1023.5,1.7,2.4,2,861.6,0
2024-09-21 14:39:42,5,62,21.5,72,16.9,1018.6,1023.5,2.7,4.1,,861.6,0
2024-09-21 14:44:42,5,62,21.5,72,16.8,1018.6,1023.5,2.4,2.7,2,861.6,0
2024-09-21 14:49:42,5,61,21.5,72,17,1018.6,1023.5,1.7,2.7,4,861.6,0
2024-09-21 14:54:42,5,61,21.5,72,17,1018.6,1023.5,2.7,4.1,4,861.6,0
2024-09-21 14:59:42,5,61,21.4,72,16.9,1018.7,1023.6,2.4,3.4,2,861.6,0
2024-09-21 15:04:42,5,61,21.3,72,16.8,1018.6,1023.5,3.1,3.7,4,861.6,0
2024-09-21 15:09:42,5,62,21.4,72,16.8,1018.5,1023.4,2.4,3.1,4,861.6,0
2024-09-21 15:14:42,5,62,21.4,72,16.9,1018.5,1023.4,3.1,3.7,4,861.6,0
2024-09-21 15:19:42,5,62,21.4,71,16.9,1018.4,1023.3,2.4,3.4,4,861.6,0
2024-09-21 15:24:42,5,61,21.3,72,16.8,1018.5,1023.4,2,3.1,4,861.6,0
2024-09-21 15:29:42,5,61,21.3,72,16.8,1018.5,1023.4,2,2.7,4,861.6,0
2024-09-21 15:34:42,5,61,21.3,72,16.8,1018.3,1023.2,2.4,3.1,4,861.6,0
2024-09-21 15:39:42,5,62,21.4,72,16.7,1018.4,1023.3,2,3.4,4,861.6,0
2024-09-21 15:44:42,5,61,21.4,72,16.7,1018.6,1023.5,2,2.7,4,861.6,0
2024-09-21 15:49:42,5,60,21.1,72,16.6,1018.6,1023.5,2.7,3.7,4,861.6,0
2024-09-21 15:54:42,5,60,21.1,72,16.5,1018.5,1023.4,2.7,3.4,4,861.6,0
2024-09-21 15:59:42,5,59,21.1,72,16.4,1018.5,1023.4,2.4,2.7,4,861.6,0
2024-09-21 16:04:42,5,60,21.1,72,16.4,1018.4,1023.3,1.7,2.7,4,861.6,0
2024-09-21 16:09:42,5,60,21.1,72,16.3,1018.4,1023.3,2.4,4.1,4,861.6,0
2024-09-21 16:14:42,5,60,21.1,72,16.2,1018.4,1023.3,2.4,3.4,4,861.6,0
2024-09-21 16:19:42,5,60,21.1,72,16.2,1018.4,1023.3,2.4,3.1,4,861.6,0
2024-09-21 16:24:42,5,60,21.1,72,16.3,1018.3,1023.2,1,1.4,4,861.6,0
2024-09-21 16:29:42,5,61,21.1,72,16.3,1018.4,1023.3,1.7,2.4,4,861.6,0
2024-09-21 16:34:42,5,61,21.1,72,16.2,1018.3,1023.2,1.4,2,4,861.6,0
2024-09-21 16:39:42,5,61,21.1,72,16.2,1018.3,1023.2,2,2.7,4,861.6,0
2024-09-21 16:44:42,5,61,21.1,72,16.1,1018.3,1023.2,2.7,3.7,2,861.6,0
2024-09-21 16:49:42,5,61,21.1,72,16.1,1018.3,1023.2,2.7,3.4,2,861.6,0
2024-09-21 16:54:42,5,61,21,72,16,1018.2,1023.1,1.7,2.4,2,861.6,0
2024-09-21 16:59:42,5,61,21,72,15.9,1018.2,1023.1,1.7,2.7,2,861.6,0
2024-09-21 17:04:42,5,61,21,73,15.9,1018.3,1023.2,2.4,3.1,2,861.6,0
2024-09-21 17:09:42,5,61,21,73,15.9,1018.3,1023.2,2,3.1,2,861.6,0
2024-09-21 17:14:42,5,61,21,73,15.8,1018.4,1023.3,1.7,2.4,2,861.6,0
2024-09-21 17:19:42,5,61,21,73,15.8,1018.2,1023.1,2,3.7,2,861.6,0
2024-09-21 17:24:42,5,62,20.9,74,15.7,1018.2,1023.1,2.4,3.4,2,861.6,0
2024-09-21 17:29:42,5,62,20.9,74,15.6,1018.3,1023.2,2,2.7,2,861.6,0
2024-09-21 17:34:42,5,62,20.9,74,15.6,1018.1,1023,2.7,3.7,2,861.6,0
2024-09-21 17:39:42,5,63,20.9,74,15.5,1018.1,1023,1.7,2.7,2,861.6,0
2024-09-21 17:44:42,5,63,20.9,74,15.5,1018.1,1023,1.7,2.7,2,861.6,0
2024-09-21 17:49:42,5,63,20.9,74,15.5,1018.2,1023.1,1.7,2.4,2,861.6,0
2024-09-21 17:54:42,5,63,20.9,74,15.5,1018.1,1023,2,2.4,2,861.6,0
2024-09-21 17:59:42,5,63,20.8,73,15.4,1018.1,1023,2.4,3.4,2,861.6,0
2024-09-21 18:04:42,5,63,20.8,73,15.4,1018.2,1023.1,2,2.7,4,861.6,0
2024-09-21 18:09:42,5,63,20.8,73,15.4,1018.1,1023,2.4,3.1,4,861.6,0
2024-09-21 18:14:42,5,63,20.8,73,15.4,1018,1022.9,2,2.7,2,861.6,0
2024-09-21 18:19:42,5,63,20.8,73,15.3,1018.2,1023.1,1.4,1.7,2,861.6,0
2024-09-21 18:24:42,5,63,20.8,73,15.3,1018.2,1023.1,1.7,2.4,2,861.6,0
2024-09-21 18:30:42,6,63,20.8,74,15.2,1018.1,1023,1.4,2,4,861.6,0
2024-09-21 18:35:42,5,63,20.8,74,15.2,1018.2,1023.1,1.7,2.7,4,861.6,0
2024-09-21 18:40:42,5,63,20.7,74,15.2,1018.1,1023,2,3.1,4,861.6,0
2024-09-21 18:46:42,6,63,20.7,74,15.1,1018.2,1023.1,1.4,2,4,861.6,0
2024-09-21 18:51:42,5,63,20.7,74,15.1,1018.3,1023.2,1.7,2.4,2,861.6,0
2024-09-21 18:56:42,5,63,20.7,74,15.1,1018.3,1023.2,1.7,2.4,4,861.6,0
2024-09-21 19:02:42,6,63,20.7,74,15.1,1018.4,1023.3,1.7,2.4,4,861.6,0
2024-09-21 19:07:42,5,63,20.7,75,15.1,1018.4,1023.3,1.4,1.7,4,861.6,0
2024-09-21 19:12:42,5,63,20.7,75,15.1,1018.3,1023.2,1.7,2.4,4,861.6,0
2024-09-21 19:18:42,6,63,20.6,75,15,1018.2,1023.1,0.7,1.4,4,861.6,0
2024-09-21 19:23:42,5,64,20.7,76,15,1018.2,1023.1,1,1.7,4,861.6,0
2024-09-21 19:28:42,5,64,20.7,77,15,1018.1,1023,1.4,2,4,861.6,0
2024-09-21 19:34:42,6,65,20.7,77,15,1018.2,1023.1,1,1.4,4,861.6,0
2024-09-21 19:39:42,5,66,20.7,77,14.9,1018.2,1023.1,1.7,2.4,4,861.6,0
2024-09-21 19:44:42,5,67,20.7,78,14.9,1018.1,1023,1.4,2,4,861.6,0
2024-09-21 19:50:42,6,68,20.7,79,14.8,1018.2,1023.1,1.4,2,2,861.6,0
2024-09-21 19:55:42,5,68,20.7,80,14.8,1018.3,1023.2,1.4,1.7,2,861.6,0
2024-09-21 20:00:42,5,68,20.6,80,14.8,1018.2,1023.1,1.4,2,2,861.6,0
2024-09-21 20:06:42,6,68,20.8,81,14.8,1018.3,1023.2,1.4,2,0,861.6,0
2024-09-21 20:11:42,5,69,20.8,81,14.8,1018.1,1023,1.7,2.4,0,861.6,0
2024-09-21 20:16:42,5,69,20.8,81,14.8,1018.1,1023,1.4,2,0,861.6,0
2024-09-21 20:22:42,6,69,20.8,82,14.8,1018.1,1023,1.7,2.4,0,861.6,0
2024-09-21 20:27:42,5,69,20.8,82,14.8,1018.1,1023,2.4,2.7,0,861.6,0
2024-09-21 20:32:42,5,69,20.8,82,14.8,1018,1022.9,2.4,2.7,0,861.6,0
2024-09-21 20:38:42,6,69,20.8,82,14.8,1018,1022.9,3.1,4.1,0,861.6,0
2024-09-21 20:43:42,5,69,20.8,82,14.8,1017.9,1022.8,3.1,4.1,0,861.6,0
2024-09-21 20:48:42,5,69,20.8,82,14.8,1018,1022.9,2.4,3.4,0,861.6,0
2024-09-21 20:54:42,6,69,20.8,82,14.7,1018,1022.9,2,2.7,0,861.6,0
2024-09-21 20:59:42,5,69,20.8,82,14.7,1018,1022.9,2.4,3.1,0,861.6,0
2024-09-21 21:04:42,5,69,20.8,82,14.6,1018,1022.9,2.7,3.4,0,861.6,0
2024-09-21 21:10:42,6,70,20.8,82,14.6,1018,1022.9,1.7,2,0,861.6,0
2024-09-21 21:15:42,5,70,20.8,82,14.6,1017.9,1022.8,2,3.4,0,861.6,0
2024-09-21 21:20:42,5,70,20.8,82,14.6,1017.9,1022.8,3.1,4.1,0,861.6,0
2024-09-21 21:26:42,6,70,20.8,82,14.6,1017.9,1022.8,2.4,3.1,2,861.6,0
2024-09-21 21:31:42,5,70,20.9,82,14.5,1017.9,1022.8,1.7,2,2,861.6,0
2024-09-21 21:36:42,5,71,20.8,82,14.6,1017.7,1022.6,2.7,3.1,2,861.6,0
2024-09-21 21:42:42,6,71,20.8,83,14.6,1017.8,1022.7,2.7,3.4,2,861.6,0
2024-09-21 21:47:42,5,71,20.8,83,14.6,1017.8,1022.7,2,2.7,2,861.6,0
2024-09-21 21:52:42,5,71,20.8,83,14.6,1017.7,1022.6,2.7,3.4,2,861.6,0
2024-09-21 21:58:42,6,71,20.9,83,14.6,1017.5,1022.4,2,3.4,2,861.6,0
2024-09-21 22:03:42,5,71,20.9,82,14.6,1017.6,1022.5,2.4,3.1,2,861.6,0
2024-09-21 22:08:42,5,71,20.9,82,14.6,1017.8,1022.7,2,2.7,2,861.6,0
2024-09-21 22:14:42,6,71,20.9,83,14.5,1017.7,1022.6,1,1.7,2,861.6,0
2024-09-21 22:19:42,5,71,20.9,83,14.5,1017.8,1022.7,2,3.4,2,861.6,0
2024-09-21 22:24:42,5,71,20.9,83,14.6,1017.6,1022.5,1.7,2.4,2,861.6,0
2024-09-21 22:30:42,6,71,20.9,83,14.6,1017.7,1022.6,1.4,2,2,861.6,0
2024-09-21 22:35:42,5,71,20.9,83,14.5,1017.5,1022.4,1.7,2,0,861.6,0
2024-09-21 22:40:42,5,71,20.9,83,14.6,1017.4,1022.3,1.4,1.7,2,861.6,0
2024-09-21 22:46:42,6,71,20.9,83,14.5,1017.3,1022.2,1.4,2,2,861.6,0
2024-09-21 22:51:42,5,71,20.9,83,14.5,1017.1,1022,2.7,3.4,2,861.6,0
2024-09-21 22:56:42,5,71,20.9,83,14.6,1017.3,1022.2,2.4,3.4,2,861.6,0
2024-09-21 23:02:42,6,70,20.9,83,14.6,1017.3,1022.2,1.4,2,2,861.6,0
2024-09-21 23:07:42,5,70,20.9,83,14.6,1017.3,1022.2,1.4,2,2,861.6,0
2024-09-21 23:12:42,5,70,20.9,83,14.6,1017.3,1022.2,1.7,2.4,2,861.6,0
2024-09-21 23:18:42,6,70,20.9,84,14.6,1017.3,1022.2,2,3.4,2,861.6,0
2024-09-21 23:23:42,5,70,20.9,84,14.6,1017.3,1022.2,2.4,3.4,7,861.6,0
2024-09-21 23:28:42,5,70,20.9,83,14.7,1017.2,1022.1,2.7,3.7,2,861.6,0
2024-09-21 23:34:42,6,70,20.9,83,14.7,1017.3,1022.2,2.4,3.7,2,861.6,0
2024-09-21 23:39:42,5,70,20.9,83,14.7,1017.3,1022.2,3.1,4.1,2,861.6,0
2024-09-21 23:44:42,5,70,20.9,83,14.7,1017.2,1022.1,1.7,2.4,2,861.6,0
2024-09-21 23:50:42,6,70,20.9,83,14.7,1017,1021.9,3.1,4.1,7,861.6,0
2024-09-21 23:55:42,5,70,20.9,83,14.7,1017.2,1022.1,2.7,3.4,2,861.6,0
