2024-09-11 00:00:45,5,56,20.6,82,8.7,1011.9,1016.8,0.7,1,,857.7,0
2024-09-11 00:05:45,5,56,20.6,82,8.8,1011.8,1016.7,1.7,2.4,,857.7,0
2024-09-11 00:10:45,5,56,20.6,83,9,1011.7,1016.6,1.4,2,,857.7,0
2024-09-11 00:15:45,5,56,20.6,82,9.2,1011.7,1016.6,1.4,1.7,,857.7,0
2024-09-11 00:20:45,5,57,20.5,82,9.1,1011.6,1016.5,0.7,1,,857.7,0
2024-09-11 00:25:45,5,57,20.5,81,9.1,1011.7,1016.6,2,2.4,,857.7,0
2024-09-11 00:30:45,5,57,20.5,80,9.1,1011.7,1016.6,1.4,2,,857.7,0
2024-09-11 00:35:45,5,57,20.5,80,9.1,1011.7,1016.6,1.7,2,10,857.7,0
2024-09-11 00:40:45,5,57,20.5,79,9.1,1012,1016.9,1,1.7,10,857.7,0
2024-09-11 00:45:45,5,57,20.4,79,9.1,1011.8,1016.7,1,1.7,10,857.7,0
2024-09-11 00:50:45,5,57,20.4,79,9.2,1011.7,1016.6,0.7,1.4,10,857.7,0
2024-09-11 00:55:45,5,57,20.4,79,9.2,1012,1016.9,1.7,2.4,10,857.7,0
2024-09-11 01:00:45,5,57,20.4,79,9.1,1011.8,1016.7,1,1.4,10,857.7,0
2024-09-11 01:05:45,5,57,20.4,78,9,1011.9,1016.8,1.7,2.4,10,857.7,0
2024-09-11 01:10:45,5,57,20.4,79,8.9,1011.9,1016.8,1,2,10,857.7,0
2024-09-11 01:15:45,5,57,20.4,79,8.9,1012,1016.9,1.4,1.7,0,857.7,0
2024-09-11 01:20:45,5,57,20.4,79,8.9,1012,1016.9,1,1.4,,857.7,0
2024-09-11 01:25:45,5,57,20.3,79,9,1012,1016.9,1.4,1.7,,857.7,0
2024-09-11 01:30:45,5,57,20.3,79,9,1011.9,1016.8,1.7,2.4,14,857.7,0
2024-09-11 01:35:45,5,57,20.3,79,9,1011.7,1016.6,1,1.4,14,857.7,0
2024-09-11 01:40:45,5,57,20.3,79,8.9,1011.7,1016.6,1.4,1.7,14,857.7,0
2024-09-11 01:45:45,5,57,20.3,79,8.9,1011.7,1016.6,1,1.4,14,857.7,0
2024-09-11 01:50:45,5,57,20.3,78,8.8,1011.7,1016.6,1,1.4,0,857.7,0
2024-09-11 01:55:45,5,57,20.3,78,8.6,1011.6,1016.5,0.7,1,0,857.7,0
2024-09-11 02:00:45,5,57,20.3,78,8.5,1011.8,1016.7,0.3,0.7,0,857.7,0
2024-09-11 02:05:45,5,57,20.2,78,8.5,1011.8,1016.7,1,1.4,0,857.7,0
2024-09-11 02:10:45,5,57,20.3,79,8.6,1011.6,1016.5,0.7,1,0,857.7,0
2024-09-11 02:15:45,5,57,20.2,80,8.8,1011.8,1016.7,0.7,1,0,857.7,0
2024-09-11 02:20:45,5,57,20.2,80,8.9,1012.1,1017,1.4,1.7,0,857.7,0
2024-09-11 02:25:45,5,57,20.2,80,9,1012,1016.9,1.4,1.7,0,857.7,0
2024-09-11 02:30:45,5,57,20.2,80,9,1011.9,1016.8,1,1.4,0,858,0
2024-09-11 02:35:45,5,57,20.2,80,8.9,1011.9,1016.8,1.4,1.7,0,858,0
2024-09-11 02:40:45,5,57,20.2,80,8.9,1012,1016.9,1.4,1.7,0,858,0
2024-09-11 02:45:45,5,57,20.1,80,8.9,1011.9,1016.8,1,1.4,14,858,0
2024-09-11 02:50:45,5,57,20.2,81,8.9,1012,1016.9,0.7,1,14,858,0
2024-09-11 02:55:45,5,57,20.2,81,9,1012,1016.9,0.7,1,,858,0
2024-09-11 03:00:45,5,57,20.2,81,8.9,1012,1016.9,1,1.4,,858,0
2024-09-11 03:05:45,5,57,20.1,81,8.9,1011.8,1016.7,0.7,1,,858,0
2024-09-11 03:10:45,5,57,20.1,81,8.8,1011.9,1016.8,1.4,2,,858,0
2024-09-11 03:15:45,5,57,20.1,81,8.8,1011.9,1016.8,1,1.7,14,858,0
2024-09-11 03:20:45,5,58,20.1,81,8.8,1011.8,1016.7,1,1.4,14,858,0
2024-09-11 03:25:45,5,58,20.1,81,8.7,1011.9,1016.8,0.7,1,14,858,0
2024-09-11 03:30:45,5,58,20.1,81,8.6,1012.1,1017,1,1.4,14,858,0
2024-09-11 03:35:45,5,58,20.1,82,8.7,1012,1016.9,1,1.7,14,858,0
2024-09-11 03:40:45,5,58,20.1,82,8.8,1011.9,1016.8,1,1.7,14,858,0
2024-09-11 03:45:45,5,58,20.1,82,8.9,1012,1016.9,2,2.4,,858,0
2024-09-11 03:50:45,5,58,20.1,82,9,1011.9,1016.8,1.4,2,,858,0
2024-09-11 03:55:45,5,58,20.1,82,8.9,1012,1016.9,1.7,2.4,,858,0
2024-09-11 04:00:45,5,58,20.1,82,8.9,1012,1016.9,1.7,2.4,,858,0
2024-09-11 04:05:45,5,58,20.1,82,8.8,1011.8,1016.7,1,1.4,,858,0
2024-09-11 04:10:45,5,58,20.1,82,8.9,1012,1016.9,1,1.4,,858,0
2024-09-11 04:15:45,5,58,20.1,82,9,1012.1,1017,1,1.4,,858,0
2024-09-11 04:20:45,5,58,20,82,8.9,1012.1,1017,1,1.4,,858,0
2024-09-11 04:25:45,5,58,20,82,9,1012.1,1017,0.7,1.4,,858,0
2024-09-11 04:30:45,5,58,20,82,9.1,1012.1,1017,0.7,1,,858,0
2024-09-11 04:35:45,5,58,20,82,9.1,1012.1,1017,0.7,1.4,,858,0
2024-09-11 04:40:45,5,58,20,82,9.1,1012.1,1017,0.3,0.7,,858,0
2024-09-11 04:45:45,5,58,20,82,9.1,1012.2,1017.1,0.7,1,,858,0
2024-09-11 04:50:45,5,58,20,82,9.2,1012.4,1017.3,1,1.7,,858,0
2024-09-11 04:55:45,5,58,20,82,9.2,1012.2,1017.1,1,1.4,,858,0
2024-09-11 05:00:45,5,58,20,82,9.1,1012.2,1017.1,1,1.7,,858,0
2024-09-11 05:05:45,5,58,20,82,9.1,1012.2,1017.1,0.7,1,,858,0
2024-09-11 05:11:45,6,58,20,82,9,1012.2,1017.1,1,1.7,,858,0
2024-09-11 05:16:45,5,58,20,82,9,1012.2,1017.1,1,1.4,,858,0
2024-09-11 05:21:45,5,58,20,82,9,1012.3,1017.2,0.7,1,,858,0
2024-09-11 05:27:45,6,58,20,82,8.9,1012.3,1017.2,1,1.4,,858,0
2024-09-11 05:32:45,5,58,20,82,8.8,1012.3,1017.2,1,1.4,,858,0
2024-09-11 05:37:45,5,58,20,82,8.6,1012.1,1017,1,1.4,,858,0
2024-09-11 05:43:45,6,59,19.9,82,8.6,1012.3,1017.2,1.4,1.7,,858,0
2024-09-11 05:48:45,5,59,19.9,82,8.6,1012.2,1017.1,1,1.7,,858,0
2024-09-11 05:53:45,5,59,19.9,82,8.7,1012.5,1017.4,1.4,1.7,10,858,0
2024-09-11 05:59:45,6,59,19.9,82,8.8,1012.5,1017.4,1,1.4,10,858,0
2024-09-11 06:04:45,5,59,19.9,82,8.8,1012.5,1017.4,1.7,2,10,858,0
2024-09-11 06:09:45,5,59,19.9,81,8.8,1012.6,1017.5,1,1.7,,858,0
2024-09-11 06:15:45,6,59,19.9,81,9,1012.5,1017.4,1,1.4,,858,0
2024-09-11 06:20:45,5,59,19.9,81,9.1,1012.5,1017.4,1.4,2,10,858,0
2024-09-11 06:25:45,5,59,19.9,81,9.2,1012.6,1017.5,1,2,10,858,0
2024-09-11 06:31:45,6,59,19.9,80,9.4,1012.5,1017.4,2,3.1,10,858,0
2024-09-11 06:36:45,5,59,19.9,80,9.6,1012.7,1017.6,0.7,1,10,858,0
2024-09-11 06:41:45,5,59,19.9,79,9.8,1012.5,1017.4,1.7,2,8,858,0
2024-09-11 06:47:45,6,59,19.9,78,9.8,1012.6,1017.5,1,1.4,10,858,0
2024-09-11 06:52:45,5,59,19.9,78,9.9,1012.7,1017.6,0.7,1.4,,858,0
2024-09-11 06:57:45,5,59,19.9,77,9.7,1012.7,1017.6,0.7,1,,858,0
2024-09-11 07:03:45,6,59,19.9,77,9.7,1012.7,1017.6,0.7,1,10,858,0
2024-09-11 07:08:45,5,59,19.9,78,9.9,1012.7,1017.6,1,1.7,,858,0
2024-09-11 07:13:45,5,59,19.9,78,9.9,1012.8,1017.7,1.4,2,,858,0
2024-09-11 07:19:45,6,59,19.9,77,10.2,1012.8,1017.7,1,1.7,10,858,0
2024-09-11 07:24:45,5,59,19.9,77,10.3,1012.8,1017.7,1,1.4,10,858,0
2024-09-11 07:29:45,5,59,19.9,76,10.7,1012.9,1017.8,1.4,2,10,858,0
2024-09-11 07:35:45,6,59,19.9,75,11.1,1013,1017.9,1,1.4,,858,0
2024-09-11 07:40:45,5,59,19.9,74,11.3,1013.1,1018,1.4,1.7,10,858,0
2024-09-11 07:45:45,5,59,19.9,74,11.3,1013.1,1018,1,1.7,,858,0
2024-09-11 07:51:45,6,60,19.9,74,11.3,1013.2,1018.1,2,3.1,,858,0
2024-09-11 07:56:45,5,60,19.9,72,10.9,1013.1,1018,1.7,3.1,14,858,0
2024-09-11 08:01:45,5,60,19.9,72,10.8,1013.5,1018.4,1.7,2.7,14,858,0
2024-09-11 08:07:45,6,57,19.9,72,11,1013.4,1018.3,1.7,2,14,858,0
2024-09-11 08:12:45,5,54,19.7,73,11.6,1013.4,1018.3,2,2.7,,858,0
2024-09-11 08:17:45,5,54,19.7,72,11.4,1013.4,1018.3,1.7,2.4,10,858,0
2024-09-11 08:23:45,6,55,19.7,71,11,1013.5,1018.4,1.7,2,10,858,0
2024-09-11 08:28:45,5,56,19.7,71,11,1013.5,1018.4,1.7,3.1,10,858,0
2024-09-11 08:33:45,5,57,19.7,72,11.1,1013.6,1018.5,1,1.7,10,858,0
2024-09-11 08:39:45,6,58,19.8,72,11.2,1013.6,1018.5,1.4,2,,858,0
2024-09-11 08:44:45,5,58,19.9,72,11.4,1013.6,1018.5,1.7,2,8,858,0
2024-09-11 08:49:45,5,58,19.9,72,11.6,1013.7,1018.6,1.7,2.4,8,858,0
2024-09-11 08:55:45,6,58,19.9,72,11.9,1013.6,1018.5,2,4.1,8,858,0
2024-09-11 09:00:45,5,57,20,71,11.8,1013.5,1018.4,1.4,2,10,858,0
2024-09-11 09:05:45,5,58,20,71,11.6,1013.8,1018.7,2.4,3.1,8,858,0
2024-09-11 09:11:45,6,58,20.1,71,11.5,1013.6,1018.5,2,3.4,10,858,0
2024-09-11 09:16:45,5,58,20.1,71,11.5,1013.5,1018.4,1.7,2.4,8,858,0
2024-09-11 09:21:45,5,58,20.2,70,11.5,1013.5,1018.4,1.7,3.1,10,858,0
2024-09-11 09:27:45,6,57,20.2,70,11.6,1013.7,1018.6,2,3.4,10,858,0
2024-09-11 09:32:45,5,56,20.2,70,11.5,1013.5,1018.4,3.7,4.8,10,858,0
2024-09-11 09:37:45,5,56,20.3,70,11.9,1013.4,1018.3,2.4,3.4,,858,0
2024-09-11 09:43:45,6,56,20.3,70,12.1,1013.5,1018.4,3.7,5.8,,858,0
2024-09-11 09:48:45,5,56,20.3,65,12.5,1013.6,1018.5,3.7,5.8,10,858,0
2024-09-11 09:53:45,5,56,20.3,65,13.1,1013.3,1018.2,2.7,3.4,10,858,0
2024-09-11 09:59:45,6,56,20.4,62,12.6,1013.5,1018.4,4.4,6.1,10,858,0
2024-09-11 10:04:45,5,56,20.4,64,12.5,1013.5,1018.4,2.7,4.1,14,858,0
2024-09-11 10:09:45,5,56,20.5,66,12.7,1013.4,1018.3,2.4,4.1,8,858,0
2024-09-11 10:15:45,6,56,20.5,65,12.8,1013.5,1018.4,4.1,6.1,10,858,0
2024-09-11 10:20:45,5,56,20.5,64,13.1,1013.7,1018.6,2.7,4.1,8,858,0
2024-09-11 10:25:45,5,56,20.5,64,13.3,1013.8,1018.7,2.7,3.4,,858,0
2024-09-11 10:31:45,6,56,20.6,63,13.4,1013.7,1018.6,4.4,6.5,14,858,0
2024-09-11 10:36:45,5,56,20.6,61,13.2,1013.5,1018.4,3.1,3.7,14,858,0
2024-09-11 10:41:45,5,56,20.6,62,13.3,1013.7,1018.6,2.7,4.1,14,858,0
2024-09-11 10:47:45,6,56,20.6,61,13.4,1013.5,1018.4,3.1,4.1,,858.3,0
2024-09-11 10:52:45,5,56,20.6,61,13.6,1013.5,1018.4,2.7,3.7,,858.3,0
2024-09-11 10:57:44,5,57,20.6,61,13.8,1013.7,1018.6,3.4,4.8,,858.3,0
2024-09-11 11:03:44,6,57,20.7,61,13.7,1013.6,1018.5,3.1,4.4,10,858.3,0
2024-09-11 11:08:44,5,57,20.7,61,13.9,1013.7,1018.6,3.7,5.1,,858.3,0
2024-09-11 11:13:44,5,57,20.7,61,14.1,1013.8,1018.7,2.7,4.1,8,858.3,0
2024-09-11 11:19:44,6,57,20.7,60,14.2,1013.7,1018.6,2.4,3.7,8,858.3,0
2024-09-11 11:24:44,5,57,20.7,61,14.4,1013.8,1018.7,2.4,3.1,10,858.3,0
2024-09-11 11:29:44,5,57,20.8,60,14.5,1013.8,1018.7,2,2.7,8,858.3,0
2024-09-11 11:35:44,6,57,20.8,60,14.8,1013.9,1018.8,1.4,2,4,858.3,0
2024-09-11 11:40:44,5,57,20.8,57,14.8,1013.7,1018.6,2.4,3.1,2,858.3,0
2024-09-11 11:45:44,5,57,20.8,56,14.7,1013.8,1018.7,3.1,4.4,,858.3,0
2024-09-11 11:51:44,6,57,20.8,55,14.8,1013.8,1018.7,2.7,4.1,,858.3,0
2024-09-11 11:56:44,5,57,20.9,57,15.2,1013.9,1018.8,2.4,4.4,10,858.3,0
2024-09-11 12:01:44,5,55,20.9,55,15.4,1014.1,1019,2,3.4,10,858.3,0
2024-09-11 12:07:44,6,55,20.8,53,14.1,1013.9,1018.8,3.4,5.1,,858.3,0
2024-09-11 12:12:44,5,55,20.8,60,13.6,1014.2,1019.1,4.1,6.1,14,858.3,0
2024-09-11 12:17:44,5,55,20.8,63,12.9,1014.5,1019.4,3.4,5.4,14,858.3,0
2024-09-11 12:23:44,6,55,20.8,71,12.2,1014.4,1019.3,1.7,3.1,0,858.3,0
2024-09-11 12:28:44,5,55,20.8,71,12.6,1014.6,1019.5,2,4.4,0,858.3,0
2024-09-11 12:33:44,5,56,20.8,71,13.5,1014.7,1019.6,2.4,3.4,2,858.3,0
2024-09-11 12:39:44,6,55,20.8,65,13.3,1014.6,1019.5,3.7,5.1,2,858.3,0
2024-09-11 12:44:44,5,55,20.8,66,12.5,1014.8,1019.7,2.7,4.8,0,858.3,0
2024-09-11 12:49:44,5,56,20.8,72,12.2,1014.8,1019.7,2.4,4.4,8,858.3,0
2024-09-11 12:54:44,5,56,20.8,73,12,1015,1019.9,1,1.4,10,858.3,0
2024-09-11 12:59:44,5,56,20.9,70,12.6,1014.8,1019.7,1.7,2,10,858.3,0
2024-09-11 13:04:44,5,56,20.9,67,13.5,1014.8,1019.7,2.7,3.7,10,858.3,0
2024-09-11 13:09:44,5,56,20.9,63,14,1014.6,1019.5,2,3.1,14,858.3,0
2024-09-11 13:15:44,6,55,21,61,14.3,1014.6,1019.5,3.4,5.4,0,858.3,0
2024-09-11 13:20:44,5,55,21,61,14,1014.6,1019.5,1.7,2.4,2,858.3,0
2024-09-11 13:25:44,5,56,20.9,60,14,1014.7,1019.6,3.4,5.4,2,858.3,0
2024-09-11 13:31:44,6,54,21,60,14.8,1014.5,1019.4,2.7,4.1,0,858.3,0
2024-09-11 13:36:44,5,54,21,59,14,1014.8,1019.7,3.4,4.4,14,858.3,0
2024-09-11 13:41:44,5,55,21,61,13.1,1014.8,1019.7,2.4,3.4,10,858.3,0
2024-09-11 13:47:44,6,55,21,63,13.8,1014.8,1019.7,3.7,6.5,2,858.3,0
2024-09-11 13:52:44,5,55,21,61,14.2,1014.8,1019.7,3.1,3.7,,858.3,0
2024-09-11 13:57:44,5,55,21.1,61,14.3,1014.8,1019.7,1,1.7,14,858.3,0
2024-09-11 14:03:44,6,55,21.1,61,14,1014.7,1019.6,2.4,3.4,0,858.3,0
2024-09-11 14:08:44,5,55,21.1,60,13.7,1014.8,1019.7,3.7,6.5,14,858.3,0
2024-09-11 14:13:44,5,55,21.1,60,13.6,1015,1019.9,1.4,2.4,14,858.3,0
2024-09-11 14:18:44,5,55,21.1,60,13.6,1014.8,1019.7,2.7,3.7,,858.3,0
2024-09-11 14:23:44,5,55,21.1,61,14.1,1014.9,1019.8,2.4,3.4,14,858.3,0
2024-09-11 14:28:44,5,55,21.1,61,15.1,1014.6,1019.5,1.7,2.4,14,858.3,0
2024-09-11 14:33:44,5,55,21.1,59,14.6,1014.8,1019.7,3.7,4.4,14,858.3,0
2024-09-11 14:39:44,6,55,21.1,62,13.7,1014.8,1019.7,3.1,4.4,4,858.3,0
2024-09-11 14:44:44,5,54,21.1,65,13.1,1015,1019.9,2.7,6.1,0,858.3,0
2024-09-11 14:49:44,5,54,21.1,67,12.8,1014.9,1019.8,2,2.7,0,858.3,0
2024-09-11 14:55:44,6,54,21.4,69,13.4,1014.9,1019.8,1.7,2.4,14,858.3,0
2024-09-11 15:00:44,5,54,21.4,67,14.1,1014.8,1019.7,2.4,3.4,0,858.3,0
2024-09-11 15:05:44,5,55,21.4,64,14.5,1014.8,1019.7,2,3.1,0,858.3,0
2024-09-11 15:11:44,6,55,21.4,61,15.1,1014.7,1019.6,2,2.4,2,858.3,0
2024-09-11 15:16:44,5,55,21.5,60,15.6,1014.9,1019.8,3.7,5.1,2,858.3,0
2024-09-11 15:21:44,5,54,21.5,63,14.1,1015,1019.9,4.4,6.8,2,858.3,0
2024-09-11 15:27:44,6,54,21.6,73,12.8,1015.1,1020,4.1,5.4,0,858.6,0
2024-09-11 15:32:44,5,54,21.7,75,13.2,1014.9,1019.8,2.7,4.1,0,858.6,0
2024-09-11 15:37:44,5,54,21.8,73,13.7,1014.9,1019.8,2.4,3.4,0,858.6,0
2024-09-11 15:43:44,6,54,21.9,71,14.5,1014.7,1019.6,1.4,2.7,0,858.6,0
2024-09-11 15:48:44,5,54,21.9,67,14.8,1014.7,1019.6,4.1,5.1,0,858.6,0
2024-09-11 15:53:44,5,53,22,62,14.8,1014.8,1019.7,2.4,3.4,0,858.6,0
2024-09-11 15:59:44,6,53,22.1,60,14.5,1015.1,1020,5.1,8.8,14,858.6,0
2024-09-11 16:04:44,5,53,22.1,63,12.9,1015.2,1020.1,2.4,4.1,10,858.6,0
2024-09-11 16:09:44,5,52,22.1,66,12.5,1015,1019.9,2.4,4.4,10,858.6,0
2024-09-11 16:15:44,6,52,22.1,68,12.7,1015.1,1020,1.7,2.7,,858.6,0
2024-09-11 16:20:44,5,52,22.1,68,13.1,1015.1,1020,2.7,3.1,,858.6,0
2024-09-11 16:25:44,5,52,22.1,67,13.2,1014.9,1019.8,1.7,2.4,,858.6,0
2024-09-11 16:31:44,6,52,22.1,67,13.9,1014.9,1019.8,1.7,2.4,,858.6,0
2024-09-11 16:36:44,5,52,22.1,63,13.8,1014.9,1019.8,2,2.7,,858.6,0
2024-09-11 16:41:44,5,53,22.2,63,13.6,1015,1019.9,1.7,2.4,10,858.6,0
2024-09-11 16:47:44,6,53,22.1,62,13,1014.3,1019.2,2.7,3.7,,858.6,0
2024-09-11 16:52:44,5,53,22.1,62,13.1,1014.9,1019.8,3.1,3.7,,858.6,0
2024-09-11 16:57:44,5,53,22.2,62,13.3,1015,1019.9,2.4,3.1,10,858.6,0
2024-09-11 17:02:44,5,53,22.2,61,13.5,1015,1019.9,2.4,3.7,9,858.6,0
2024-09-11 17:07:44,5,53,22.1,61,13.6,1015.1,1020,3.1,3.7,2,858.6,0
2024-09-11 17:12:44,5,53,22.1,60,13.3,1015,1019.9,2.7,3.4,1,858.6,0
2024-09-11 17:17:44,5,53,22,61,12.9,1014.9,1019.8,3.1,5.4,0,858.6,0
2024-09-11 17:23:44,6,52,22,64,12.7,1015.3,1020.2,2.7,3.7,0,858.6,0
2024-09-11 17:28:44,5,53,21.9,71,12.4,1015.3,1020.2,2.4,3.7,10,858.6,0
2024-09-11 17:33:44,5,52,21.9,71,12.4,1015.3,1020.2,1.7,2.7,,858.6,0
2024-09-11 17:39:44,6,52,21.8,72,12.2,1015.5,1020.4,1,2,,858.6,0
2024-09-11 17:44:44,5,50,21.7,72,12,1015.6,1020.5,1.4,2.4,0,858.6,0
2024-09-11 17:49:44,5,49,21.5,72,12,1015.6,1020.5,1,1.4,0,858.6,0
2024-09-11 17:54:44,5,49,21.4,72,12.4,1015.6,1020.5,0.7,1,2,858.6,0
2024-09-11 17:59:44,5,48,21.3,71,12.3,1015.7,1020.6,1.4,2,2,858.6,0
2024-09-11 18:04:44,5,47,21.1,71,12.1,1015.9,1020.8,1.7,2.4,2,858.6,0
2024-09-11 18:09:44,5,47,21.1,71,12,1015.9,1020.8,1.4,2,2,858.6,0
2024-09-11 18:14:44,5,46,21,71,11.7,1015.9,1020.8,1.4,2,,858.6,0
2024-09-11 18:19:44,5,46,20.9,71,11.6,1015.8,1020.7,1.7,2.7,0,858.6,0
2024-09-11 18:24:44,5,45,20.8,71,11.5,1015.9,1020.8,1.7,2.7,0,858.6,0
2024-09-11 18:29:44,5,45,20.7,71,11.4,1016.1,1021,2.4,3.7,0,858.6,0
2024-09-11 18:35:44,6,45,20.6,71,11.3,1016,1020.9,2.7,3.4,14,858.6,0
2024-09-11 18:40:44,5,44,20.4,71,11.3,1016.1,1021,2,2.7,14,858.6,0
2024-09-11 18:45:44,5,44,20.3,71,11.1,1016.3,1021.2,1.4,2,14,858.6,0
2024-09-11 18:50:44,5,44,20.2,72,10.9,1016.2,1021.1,1.4,1.7,14,858.6,0
2024-09-11 18:55:44,5,44,20.1,72,10.7,1016.4,1021.3,1,1.7,14,858.6,0
2024-09-11 19:00:44,5,44,20,72,10.5,1016.4,1021.3,1,1.4,14,858.6,0
2024-09-11 19:05:44,5,44,20,73,10.4,1016.7,1021.6,1,1.4,14,858.6,0
2024-09-11 19:10:44,5,45,19.8,74,10.3,1016.7,1021.6,1,1.4,14,858.6,0
2024-09-11 19:15:44,5,45,19.7,74,10.3,1016.7,1021.6,1,1.4,14,858.6,0
2024-09-11 19:20:44,5,45,19.6,74,10.4,1016.7,1021.6,1,1.7,14,858.6,0
2024-09-11 19:25:44,5,45,19.5,74,10.5,1016.7,1021.6,1,1.4,14,858.6,0
2024-09-11 19:30:44,5,46,19.5,74,10.5,1016.8,1021.7,1.4,1.7,14,858.6,0
2024-09-11 19:35:44,5,48,19.4,73,10.5,1016.6,1021.5,1.4,1.7,14,858.6,0
2024-09-11 19:40:44,5,49,19.5,73,10.6,1016.7,1021.6,2.4,3.4,14,858.6,0
2024-09-11 19:45:44,5,50,19.6,72,10.6,1016.7,1021.6,2.4,3.4,14,858.6,0
2024-09-11 19:51:44,6,51,19.7,72,10.6,1016.8,1021.7,1,1.7,0,858.6,0
2024-09-11 19:56:44,5,51,19.7,72,10.5,1017,1021.9,1.7,2.4,1,858.6,0
2024-09-11 20:01:44,5,51,19.8,72,10.5,1017,1021.9,1.4,2,,858.6,0
2024-09-11 20:06:44,5,51,19.9,72,10.4,1017,1021.9,1,1.4,,858.6,0
2024-09-11 20:11:44,5,50,20,73,10.3,1017,1021.9,1,1.7,,858.6,0
2024-09-11 20:16:44,5,51,20.1,73,10.2,1017.1,1022,2,3.4,10,858.6,0
2024-09-11 20:21:44,5,51,20.1,73,10.2,1017,1021.9,2.7,3.4,10,858.6,0
2024-09-11 20:26:44,5,51,20.2,73,10.2,1016.9,1021.8,2.7,3.7,10,858.6,0
2024-09-11 20:31:44,5,51,20.2,74,10.2,1017,1021.9,1.7,2.7,10,858.6,0
2024-09-11 20:36:44,5,51,20.3,74,10.2,1017.1,1022,1.4,2,10,858.6,0
2024-09-11 20:41:44,5,51,20.3,74,10,1017,1021.9,2,2.7,10,858.6,0
2024-09-11 20:46:44,5,51,20.5,74,9.9,1017.3,1022.2,0.7,1.4,10,858.6,0
2024-09-11 20:51:44,5,51,20.5,74,9.8,1017.1,1022,1.4,2,10,858.6,0
2024-09-11 20:56:44,5,51,20.5,75,9.8,1017.2,1022.1,1,1.4,10,858.6,0
2024-09-11 21:01:44,5,51,20.5,75,9.7,1017.2,1022.1,1.4,1.7,10,858.6,0
2024-09-11 21:06:44,5,51,20.6,76,9.7,1017.1,1022,0.7,1,10,858.6,0
2024-09-11 21:11:44,5,51,20.6,76,9.7,1017.1,1022,0.7,1,10,858.6,0
2024-09-11 21:16:44,5,51,20.6,76,9.6,1017.2,1022.1,0.3,0.7,10,858.6,0
2024-09-11 21:21:44,5,51,20.6,77,9.6,1017.1,1022,0.7,1,10,858.6,0
2024-09-11 21:26:44,5,51,20.6,77,9.6,1017.3,1022.2,1,1.4,10,858.6,0
2024-09-11 21:31:44,5,51,20.6,77,9.5,1017,1021.9,0.3,0.7,10,858.6,0
2024-09-11 21:36:44,5,51,20.6,77,9.5,1017,1021.9,0.3,0.7,10,858.6,0
2024-09-11 21:41:44,5,51,20.5,77,9.4,1017.1,1022,1,1.4,10,858.6,0
2024-09-11 21:46:44,5,51,20.4,77,9.3,1017,1021.9,0.3,0.3,10,858.6,0
2024-09-11 21:51:44,5,51,20.4,77,9.2,1017.2,1022.1,1,1.4,10,858.6,0
2024-09-11 21:56:44,5,51,20.3,78,9.3,1017.2,1022.1,0.3,0.7,10,858.6,0
2024-09-11 22:01:44,5,51,20.2,79,9.4,1017.5,1022.4,0.3,1,10,858.6,0
2024-09-11 22:06:44,5,51,20.2,80,9.6,1017.4,1022.3,0.7,1,10,858.6,0
2024-09-11 22:11:44,5,52,20.2,80,9.7,1017.2,1022.1,0.3,0.7,10,858.6,0
2024-09-11 22:16:44,5,52,20.1,80,9.8,1017.3,1022.2,1,1.4,10,858.6,0
2024-09-11 22:21:44,5,52,20.1,79,9.8,1017.2,1022.1,0.7,1.4,10,858.6,0
2024-09-11 22:26:44,5,52,20.1,79,9.8,1017.3,1022.2,0.3,0.7,10,858.6,0
2024-09-11 22:31:44,5,52,20,78,9.8,1017.4,1022.3,0.7,1.4,10,858.6,0
2024-09-11 22:36:44,5,52,20,78,9.8,1017.4,1022.3,1,1.4,10,858.6,0
2024-09-11 22:41:44,5,52,20,78,9.8,1017.4,1022.3,1,1.7,10,858.6,0
2024-09-11 22:46:44,5,52,20,78,9.8,1017.3,1022.2,1,1.4,10,858.6,0
2024-09-11 22:51:44,5,52,20,78,9.8,1017.3,1022.2,0.7,1,8,858.6,0
2024-09-11 22:56:44,5,54,19.9,78,9.7,1017.1,1022,0.3,0.7,8,858.6,0
2024-09-11 23:01:44,5,54,19.9,78,9.6,1017.3,1022.2,1,1.4,8,858.6,0
2024-09-11 23:06:44,5,54,19.9,78,9.5,1017.3,1022.2,1,1.7,8,858.6,0
2024-09-11 23:11:44,5,54,19.9,79,9.4,1017.1,1022,1,1.7,8,858.6,0
2024-09-11 23:16:44,5,54,19.9,79,9.2,1017.2,1022.1,0.7,1,8,858.6,0
2024-09-11 23:21:44,5,54,19.9,79,9,1017.2,1022.1,0.7,0.7,8,858.6,0
2024-09-11 23:27:44,6,54,19.8,80,8.9,1017.4,1022.3,0.7,1,8,858.6,0
2024-09-11 23:32:44,5,54,19.8,80,8.9,1017.2,1022.1,0.7,0.7,8,858.6,0
2024-09-11 23:37:44,5,54,19.8,80,9,1017.2,1022.1,0.7,1.4,8,858.6,0
2024-09-11 23:42:44,5,54,19.8,81,9.1,1017.2,1022.1,0.7,1,8,858.6,0
2024-09-11 23:47:44,5,54,19.8,81,9.1,1017.2,1022.1,1,1.4,8,858.6,0
2024-09-11 23:52:44,5,54,19.8,81,9.2,1017.2,1022.1,1,1.4,8,858.6,0
2024-09-11 23:57:44,5,54,19.8,81,9.2,1017,1021.9,0.7,1,8,858.6,0
