2025-07-02 00:02:36,5,50,21.6,93,10.8,1019.6,1024.5,0.7,1,12,2015.4,0
2025-07-02 00:07:36,5,50,21.5,93,10.7,1019.8,1024.7,0.7,1,12,2015.4,0
2025-07-02 00:12:36,5,50,21.5,93,10.6,1019.9,1024.8,0.7,1,12,2015.4,0
2025-07-02 00:17:36,5,50,21.5,93,10.4,1019.9,1024.8,1,1.4,12,2015.4,0
2025-07-02 00:22:36,5,50,21.5,93,10.3,1019.9,1024.8,1,1.4,12,2015.4,0
2025-07-02 00:27:36,5,50,21.4,93,10.2,1020.1,1025,0.7,1,12,2015.4,0
2025-07-02 00:32:36,5,50,21.4,93,10,1020.1,1025,0.7,1,12,2015.4,0
2025-07-02 00:37:36,5,50,21.4,94,10.1,1020,1024.9,1.4,1.7,12,2015.4,0
2025-07-02 00:42:36,5,50,21.4,94,10.2,1020.2,1025.1,1,1.4,12,2015.4,0
2025-07-02 00:47:36,5,50,21.4,94,10.2,1020.1,1025,1,1,12,2015.4,0
2025-07-02 00:52:36,5,50,21.4,94,10.2,1020.2,1025.1,0.3,0.7,12,2015.4,0
2025-07-02 00:57:36,5,50,21.4,95,10.1,1020.1,1025,0.3,0.7,12,2015.4,0
2025-07-02 01:02:36,5,50,21.4,95,10,1020.1,1025,0.3,0.7,12,2015.4,0
2025-07-02 01:07:36,5,50,21.4,95,10,1020.2,1025.1,1,1.4,12,2015.4,0
2025-07-02 01:12:36,5,49,21.1,95,9.9,1020.2,1025.1,0.7,1,12,2015.4,0
2025-07-02 01:17:36,5,49,21.1,95,9.9,1020.1,1025,0.7,0.7,12,2015.4,0
2025-07-02 01:22:36,5,49,21.1,95,9.9,1020.2,1025.1,0.7,1,12,2015.4,0
2025-07-02 01:27:36,5,49,21.1,95,9.9,1020.2,1025.1,0.3,0.7,12,2015.4,0
2025-07-02 01:32:36,5,49,21.1,96,9.9,1020.3,1025.2,0.7,0.7,12,2015.4,0
2025-07-02 01:37:36,5,49,21.1,96,9.9,1020.3,1025.2,1.4,1.7,12,2015.4,0
2025-07-02 01:42:36,5,49,21.1,96,9.9,1020.2,1025.1,0.7,1.4,12,2015.4,0
2025-07-02 01:47:36,5,49,21.1,96,9.9,1020.1,1025,1,1.4,12,2015.4,0
2025-07-02 01:52:36,5,49,21.1,96,9.9,1020.1,1025,1,1.4,12,2015.4,0
2025-07-02 01:57:36,5,49,21.1,97,9.9,1020.1,1025,0.7,1,12,2015.4,0
2025-07-02 02:02:36,5,49,21.1,97,9.9,1020,1024.9,0.7,1,12,2015.4,0
2025-07-02 02:07:36,5,49,21.1,97,10,1020.1,1025,1,1.4,12,2015.4,0
2025-07-02 02:12:36,5,49,21.1,97,10.1,1019.9,1024.8,1,1.4,11,2015.4,0
2025-07-02 02:17:36,5,49,21.1,97,10.1,1020.1,1025,0.7,1,12,2015.4,0
2025-07-02 02:22:36,5,50,20.9,98,10.1,1020.1,1025,1,1.4,12,2015.4,0
2025-07-02 02:27:36,5,49,21,98,10.1,1020.2,1025.1,0.7,1,12,2015.4,0
2025-07-02 02:32:36,5,49,21,98,10.1,1020,1024.9,0.7,0.7,10,2015.4,0
2025-07-02 02:37:36,5,49,21,98,10.1,1020,1024.9,0.7,0.7,12,2015.4,0
2025-07-02 02:42:36,5,50,20.9,98,10.2,1020.1,1025,0.7,1,12,2015.4,0
2025-07-02 02:47:36,5,50,20.9,98,10.2,1020.2,1025.1,0.7,1,12,2015.4,0
2025-07-02 02:52:36,5,50,20.9,99,10.3,1020.1,1025,0.3,0.7,12,2015.4,0
2025-07-02 02:57:36,5,50,20.9,99,10.3,1020,1024.9,0,0.3,10,2015.4,0
2025-07-02 03:02:36,5,50,20.9,99,10.4,1020,1024.9,0.3,0.7,10,2015.4,0
2025-07-02 03:07:36,5,50,20.9,99,10.3,1020.1,1025,0,0.3,10,2015.4,0
2025-07-02 03:12:36,5,50,20.9,99,10.2,1020,1024.9,0,0,10,2015.4,0
2025-07-02 03:17:36,5,50,20.9,99,10.2,1020,1024.9,0.3,0.3,10,2015.4,0
2025-07-02 03:22:36,5,50,20.8,99,10.1,1020,1024.9,0,0,10,2015.4,0
2025-07-02 03:27:36,5,50,20.9,99,10,1020,1024.9,0,0,10,2015.4,0
2025-07-02 03:32:36,5,50,20.8,99,9.7,1020.1,1025,0,0,10,2015.4,0
2025-07-02 03:37:36,5,50,20.8,99,9.7,1020.1,1025,0.3,0.3,10,2015.4,0
2025-07-02 03:42:36,5,50,20.8,99,9.8,1020.1,1025,0,0,10,2015.4,0
2025-07-02 03:47:36,5,50,20.8,99,9.7,1020.1,1025,0,0,10,2015.4,0
2025-07-02 03:52:36,5,50,20.8,99,9.6,1020.1,1025,0,0,12,2015.4,0
2025-07-02 03:57:36,5,50,20.8,99,9.5,1020.2,1025.1,0,0,12,2015.4,0
2025-07-02 04:02:36,5,50,20.8,99,9.6,1020.1,1025,0,0,12,2015.4,0
2025-07-02 04:07:36,5,50,20.8,99,9.6,1020.1,1025,0.3,0.7,12,2015.4,0
2025-07-02 04:12:36,5,50,20.7,99,9.6,1020.1,1025,0,0,12,2015.4,0
2025-07-02 04:17:36,5,50,20.7,99,9.5,1020.1,1025,0,0.3,10,2015.4,0
2025-07-02 04:22:36,5,50,20.7,99,9.4,1020.1,1025,0.3,0.3,12,2015.4,0
2025-07-02 04:27:36,5,50,20.7,99,9.3,1020.2,1025.1,0,0.3,10,2015.4,0
2025-07-02 04:32:36,5,50,20.7,99,9.2,1020.1,1025,0,0,10,2015.4,0
2025-07-02 04:37:36,5,50,20.7,99,9.1,1020.1,1025,0,0,10,2015.4,0
2025-07-02 04:42:36,5,50,20.7,99,9.2,1020.1,1025,0,0,12,2015.4,0
2025-07-02 04:47:36,5,50,20.6,99,9.2,1020.1,1025,0.3,0.7,12,2015.4,0
2025-07-02 04:52:36,5,50,20.6,99,9.4,1020.1,1025,0.3,0.3,10,2015.4,0
2025-07-02 04:57:36,5,50,20.5,99,9.6,1020.3,1025.2,0,0,10,2015.4,0
2025-07-02 05:02:36,5,50,20.6,99,9.8,1020.2,1025.1,0,0,12,2015.4,0
2025-07-02 05:07:36,5,50,20.5,99,9.7,1020.3,1025.2,0.7,0.7,12,2015.4,0
2025-07-02 05:12:36,5,50,20.5,99,9.8,1020.3,1025.2,0.3,1,12,2015.4,0
2025-07-02 05:17:36,5,50,20.6,99,9.9,1020.3,1025.2,0.3,0.7,12,2015.4,0
2025-07-02 05:22:36,5,49,20.6,99,10.1,1020.3,1025.2,0.3,0.7,12,2015.4,0
2025-07-02 05:27:36,5,49,20.6,99,10.3,1020.3,1025.2,0.3,0.7,10,2015.4,0
2025-07-02 05:32:36,5,49,20.6,99,10.8,1020.3,1025.2,0.3,0.7,10,2015.4,0
2025-07-02 05:37:36,5,49,20.6,99,11,1020.4,1025.3,0,0.3,12,2015.4,0
2025-07-02 05:42:36,5,49,20.6,99,11.3,1020.4,1025.3,0.3,0.7,12,2015.4,0
2025-07-02 05:47:36,5,49,20.6,99,11.9,1020.4,1025.3,0,0,10,2015.4,0
2025-07-02 05:52:36,5,49,20.6,99,12.1,1020.3,1025.2,0.3,0.7,12,2015.4,0
2025-07-02 05:57:36,5,50,20.6,99,12.1,1020.3,1025.2,0.7,1,12,2015.4,0
2025-07-02 06:02:36,5,50,20.5,99,12.2,1020.4,1025.3,0.7,1,12,2015.4,0
2025-07-02 06:07:36,5,50,20.5,99,12.2,1020.3,1025.2,0.7,1,12,2015.4,0
2025-07-02 06:12:36,5,50,20.6,99,12.4,1020.3,1025.2,0.7,1,12,2015.4,0
2025-07-02 06:17:36,5,50,20.6,95,12.8,1020.2,1025.1,0.3,0.7,12,2015.4,0
2025-07-02 06:22:36,5,50,20.6,95,13,1020.3,1025.2,1,1.4,12,2015.4,0
2025-07-02 06:27:36,5,50,20.7,94,13.1,1020.3,1025.2,0.7,1,12,2015.4,0
2025-07-02 06:32:36,5,50,20.7,93,13.2,1020.4,1025.3,1,1.7,12,2015.4,0
2025-07-02 06:37:36,5,50,20.7,92,13.2,1020.3,1025.2,1.4,1.7,12,2015.4,0
2025-07-02 06:42:36,5,50,20.7,91,13.4,1020.4,1025.3,1.4,1.7,12,2015.4,0
2025-07-02 06:47:36,5,50,20.7,90,13.6,1020.5,1025.4,0.7,1.4,12,2015.4,0
2025-07-02 06:52:36,5,50,20.7,89,13.7,1020.7,1025.6,1.7,2,12,2015.4,0
2025-07-02 06:57:36,5,50,20.7,87,13.6,1020.8,1025.7,1,1.4,12,2015.4,0
2025-07-02 07:02:36,5,50,20.8,85,13.7,1020.6,1025.5,1,1.4,12,2015.4,0
2025-07-02 07:07:36,5,50,20.8,85,14.3,1020.8,1025.7,1.4,2,12,2015.4,0
2025-07-02 07:12:36,5,50,20.8,83,14.3,1020.7,1025.6,1.4,2.4,14,2015.4,0
2025-07-02 07:17:36,5,50,20.8,81,14,1020.9,1025.8,1.4,1.7,10,2015.4,0
2025-07-02 07:22:36,5,50,20.8,80,13.7,1021,1025.9,2.4,2.7,12,2015.4,0
2025-07-02 07:27:36,5,50,20.8,80,13.4,1021,1025.9,2,2.4,12,2015.4,0
2025-07-02 07:32:36,5,50,20.8,81,13.4,1021.1,1026,2,2.7,15,2015.4,0
2025-07-02 07:37:36,5,50,20.8,81,13.3,1021.1,1026,1.7,2.4,12,2015.4,0
2025-07-02 07:42:36,5,50,20.9,82,13.5,1021,1025.9,2,2.4,10,2015.4,0
2025-07-02 07:47:36,5,50,20.9,82,14,1021.1,1026,1,1.7,12,2015.4,0
2025-07-02 07:52:36,5,50,20.9,82,14.9,1021.1,1026,1.7,2.4,10,2015.4,0
2025-07-02 07:57:36,5,50,20.9,80,15.2,1021.2,1026.1,0.7,1.4,14,2015.4,0
2025-07-02 08:02:36,5,51,20.9,79,15.6,1021.1,1026,1,1.7,10,2015.4,0
2025-07-02 08:07:36,5,51,20.9,75,15.5,1021.1,1026,3.1,3.7,12,2015.4,0
2025-07-02 08:12:36,5,51,20.9,75,15.5,1021.1,1026,1.7,2,11,2015.4,0
2025-07-02 08:17:36,5,51,20.9,74,15.6,1021.3,1026.2,2.4,3.1,12,2015.4,0
2025-07-02 08:22:36,5,50,21,75,15.8,1021.3,1026.2,3.4,4.8,12,2015.4,0
2025-07-02 08:27:36,5,50,21,73,15.5,1021.2,1026.1,2.7,3.4,12,2015.4,0
2025-07-02 08:32:36,5,50,21,76,14.5,1021.3,1026.2,3.1,3.7,10,2015.4,0
2025-07-02 08:37:36,5,50,21,77,14.1,1021.4,1026.3,3.1,4.1,12,2015.4,0
2025-07-02 08:42:36,5,50,21,80,14.4,1021.2,1026.1,2.4,3.1,12,2015.4,0
2025-07-02 08:47:36,5,50,21,80,15,1021.3,1026.2,1.7,2.7,2,2015.4,0
2025-07-02 08:52:36,5,50,21.1,78,15.9,1021.1,1026,2.7,3.7,8,2015.4,0
2025-07-02 08:57:36,5,50,21.1,74,15.8,1021.2,1026.1,2,2.7,10,2015.4,0
2025-07-02 09:02:36,5,50,21.1,73,15.1,1021.2,1026.1,1.7,2.4,13,2015.4,0
2025-07-02 09:07:36,5,50,21.1,75,14.7,1021.3,1026.2,1.7,2.4,12,2015.4,0
2025-07-02 09:12:36,5,50,21.1,77,14.4,1021.3,1026.2,1.4,2,13,2015.4,0
2025-07-02 09:17:36,5,50,21.1,80,14.4,1021.3,1026.2,1,1.4,10,2015.4,0
2025-07-02 09:22:36,5,50,21.1,81,14.7,1021.3,1026.2,3.1,3.7,12,2015.4,0
2025-07-02 09:27:36,5,50,21.1,81,15.3,1021.3,1026.2,1,2,12,2015.4,0
2025-07-02 09:32:36,5,50,21.1,81,16.1,1021.2,1026.1,2,3.4,12,2015.4,0
2025-07-02 09:37:36,5,50,21.1,78,16.3,1021.3,1026.2,2,2.7,14,2015.4,0
2025-07-02 09:42:36,5,50,21.1,74,16.5,1021.3,1026.2,1.4,2.4,2,2015.4,0
2025-07-02 09:47:36,5,50,21.1,73,16.6,1021.4,1026.3,1.4,2,10,2015.4,0
2025-07-02 09:52:36,5,50,21.1,71,16.5,1021.4,1026.3,2,2.7,12,2015.4,0
2025-07-02 09:57:36,5,50,21.1,71,16.6,1021.5,1026.4,2.4,3.4,10,2015.4,0
2025-07-02 10:02:36,5,50,21.1,70,16.4,1021.7,1026.6,1.7,2.4,10,2015.4,0
2025-07-02 10:07:36,5,50,21.1,70,16.4,1021.5,1026.4,1.4,2.4,12,2015.4,0
2025-07-02 10:12:36,5,50,21.1,69,16.8,1021.4,1026.3,3.4,4.4,10,2015.4,0
2025-07-02 10:17:36,5,50,21.1,68,17.2,1021.5,1026.4,2,3.4,12,2015.4,0
2025-07-02 10:22:36,5,49,21.1,64,17,1021.5,1026.4,2,3.1,12,2015.4,0
2025-07-02 10:27:36,5,49,21.1,67,17.4,1021.5,1026.4,2,4.1,10,2015.4,0
2025-07-02 10:32:36,5,49,21.1,63,17.3,1021.5,1026.4,3.1,4.1,10,2015.4,0
2025-07-02 10:37:36,5,49,21.1,63,17.2,1021.4,1026.3,2.4,3.7,8,2015.4,0
2025-07-02 10:42:36,5,49,21.1,63,17.2,1021.6,1026.5,1.7,2.4,10,2015.4,0
2025-07-02 10:47:36,5,49,21.1,61,17.6,1021.4,1026.3,1.7,2.4,12,2015.4,0
2025-07-02 10:52:36,5,49,21.1,60,17.6,1021.6,1026.5,2,3.1,0,2015.4,0
2025-07-02 10:57:36,5,49,21.1,59,17.6,1021.5,1026.4,2.4,3.1,12,2015.4,0
2025-07-02 11:02:36,5,49,21.1,61,17.9,1021.6,1026.5,2,2.7,10,2015.4,0
2025-07-02 11:07:36,5,49,21.1,61,17.9,1021.6,1026.5,1.7,2.7,4,2015.4,0
2025-07-02 11:12:36,5,49,21.1,62,18,1021.5,1026.4,3.1,4.1,4,2015.4,0
2025-07-02 11:17:36,5,49,21.1,61,17.5,1021.6,1026.5,1.4,2,2,2015.4,0
2025-07-02 11:22:36,5,49,21.1,60,17.6,1021.5,1026.4,2.4,3.4,10,2015.4,0
2025-07-02 11:27:36,5,48,21.1,61,17.8,1021.6,1026.5,3.4,4.8,14,2015.4,0
2025-07-02 11:32:36,5,48,21.1,60,17.6,1021.7,1026.6,2.7,3.4,12,2015.4,0
2025-07-02 11:37:36,5,48,21.1,61,17.7,1021.5,1026.4,1,1.7,6,2015.4,0
2025-07-02 11:42:36,5,48,21.1,61,18,1021.6,1026.5,2,2.7,11,2015.4,0
2025-07-02 11:47:36,5,48,21.1,60,18,1021.6,1026.5,2.7,3.4,10,2015.4,0
2025-07-02 11:52:36,5,48,21.1,61,18.1,1021.6,1026.5,1.7,2.4,12,2015.4,0
2025-07-02 11:57:36,5,48,21.1,61,18.3,1021.8,1026.7,2,3.1,8,2015.4,0
2025-07-02 12:02:36,5,48,21.1,61,18.2,1021.7,1026.6,3.4,4.1,12,2015.4,0
2025-07-02 12:07:36,5,48,21.1,61,18.3,1021.8,1026.7,1.4,2,10,2015.4,0
2025-07-02 12:12:36,5,48,21.1,61,18.4,1021.8,1026.7,2.4,3.1,10,2015.4,0
2025-07-02 12:17:36,5,48,21.1,60,18.2,1021.8,1026.7,4.8,6.8,12,2015.4,0
2025-07-02 12:22:36,5,48,21.1,61,18.2,1021.8,1026.7,2.7,4.8,10,2015.4,0
2025-07-02 12:27:36,5,48,21.1,61,18.2,1021.8,1026.7,2.7,3.4,12,2015.4,0
2025-07-02 12:32:36,5,48,21.1,62,18.3,1021.9,1026.8,4.4,6.1,12,2015.4,0
2025-07-02 12:37:36,5,48,21.4,61,18,1021.7,1026.6,2,3.1,12,2015.4,0
2025-07-02 12:42:36,5,48,21.4,62,18.2,1021.8,1026.7,2.4,2.7,12,2015.4,0
2025-07-02 12:47:36,5,48,21.4,61,18.2,1021.7,1026.6,2.7,3.7,12,2015.4,0
2025-07-02 12:52:36,5,48,21.4,61,18.2,1021.8,1026.7,2,2.7,0,2015.4,0
2025-07-02 12:57:36,5,48,21.4,60,18.1,1021.8,1026.7,2.7,3.7,12,2015.4,0
2025-07-02 13:02:36,5,48,21.4,57,18.2,1021.9,1026.8,2.4,3.7,12,2015.4,0
2025-07-02 13:07:36,5,47,21.3,60,18.5,1021.9,1026.8,2,2.4,12,2015.4,0
2025-07-02 13:12:36,5,48,21.4,60,18.7,1021.9,1026.8,1.7,2.7,10,2015.4,0
2025-07-02 13:17:36,5,48,21.4,60,18.9,1022,1026.9,2,3.4,14,2015.4,0
2025-07-02 13:22:36,5,48,21.4,58,18.7,1022,1026.9,3.4,5.1,10,2015.4,0
2025-07-02 13:27:36,5,48,21.4,58,18.7,1021.9,1026.8,4.1,5.4,8,2015.4,0
2025-07-02 13:32:36,5,48,21.5,60,18.4,1021.9,1026.8,2.7,3.7,10,2015.4,0
2025-07-02 13:37:36,5,48,21.5,60,18.5,1021.7,1026.6,3.4,4.8,12,2015.4,0
2025-07-02 13:42:36,5,48,21.5,60,18.8,1021.9,1026.8,4.1,4.8,12,2015.4,0
2025-07-02 13:47:36,5,48,21.7,60,18.8,1021.9,1026.8,3.1,4.4,12,2015.4,0
2025-07-02 13:52:36,5,48,21.7,60,18.6,1021.9,1026.8,2,2.7,2,2015.4,0
2025-07-02 13:57:36,5,48,21.8,60,18.7,1022.2,1027.1,2.7,4.1,10,2015.4,0
2025-07-02 14:02:36,5,48,21.8,61,18.5,1021.9,1026.8,3.4,5.1,10,2015.4,0
2025-07-02 14:07:36,5,48,21.9,60,18.6,1021.8,1026.7,1.4,1.7,10,2015.4,0
2025-07-02 14:12:36,5,47,22,60,18.7,1022,1026.9,2,2.7,14,2015.4,0
2025-07-02 14:17:36,5,47,22,57,18.6,1022.1,1027,3.4,4.1,12,2015.4,0
2025-07-02 14:22:36,5,48,22.1,57,18.2,1022.1,1027,1.7,2.7,12,2015.4,0
2025-07-02 14:27:36,5,48,22.1,60,18.7,1022,1026.9,2.4,3.1,14,2015.4,0
2025-07-02 14:32:36,5,47,22.2,58,19,1022,1026.9,1.7,2.4,10,2015.4,0
2025-07-02 14:37:36,5,48,22.3,58,19,1022.2,1027.1,3.4,4.4,10,2015.4,0
2025-07-02 14:42:36,5,47,22.4,58,18.4,1022.1,1027,3.4,4.1,12,2015.4,0
2025-07-02 14:47:36,5,47,22.4,60,18.4,1021.9,1026.8,4.8,6.5,10,2015.4,0
2025-07-02 14:52:36,5,47,22.5,60,18.7,1022.1,1027,2.4,3.4,12,2015.4,0
2025-07-02 14:57:36,5,47,22.7,57,18.6,1022,1026.9,2.4,3.1,12,2015.4,0
2025-07-02 15:02:36,5,47,22.6,58,18.7,1022.1,1027,2.4,3.1,14,2015.4,0
2025-07-02 15:07:36,5,47,22.7,57,18.6,1022.1,1027,2.7,4.1,0,2015.4,0
2025-07-02 15:12:36,5,47,22.9,60,18.8,1022.2,1027.1,1,2,10,2015.4,0
2025-07-02 15:17:36,5,46,23,58,18.9,1022.2,1027.1,4.1,4.8,11,2015.4,0
2025-07-02 15:22:36,5,46,23,60,18.6,1022.1,1027,1.7,2.4,10,2015.4,0
2025-07-02 15:27:36,5,46,23.2,59,18.4,1022.2,1027.1,2,2.7,12,2015.4,0
2025-07-02 15:32:36,5,46,23.3,59,18.1,1022.1,1027,2.7,3.4,12,2015.4,0
2025-07-02 15:37:36,5,46,23.4,60,18.4,1022.2,1027.1,2.7,3.7,12,2015.4,0
2025-07-02 15:42:36,5,45,23.5,60,18.5,1022.3,1027.2,3.4,4.4,12,2015.4,0
2025-07-02 15:47:36,5,45,23.6,59,18.4,1022.1,1027,1.7,2.7,10,2015.4,0
2025-07-02 15:52:36,5,45,23.7,60,18.6,1022.2,1027.1,3.1,4.4,13,2015.4,0
2025-07-02 15:57:36,5,45,23.9,60,18.6,1022.3,1027.2,4.4,5.8,12,2015.4,0
2025-07-02 16:02:36,5,44,24,59,18.2,1022.4,1027.3,3.4,5.4,8,2015.4,0
2025-07-02 16:07:36,5,44,24.1,59,18.1,1022.4,1027.3,2,2.7,12,2015.4,0
2025-07-02 16:12:36,5,44,24.2,60,18.3,1022.2,1027.1,3.7,5.1,14,2015.4,0
2025-07-02 16:17:36,5,44,24.3,57,18.3,1022.3,1027.2,2.4,3.1,10,2015.4,0
2025-07-02 16:22:36,5,44,24.3,57,18.1,1022.3,1027.2,3.1,4.1,12,2015.4,0
2025-07-02 16:27:36,5,44,24.5,59,17.9,1022.5,1027.4,2.4,2.7,10,2015.4,0
2025-07-02 16:32:36,5,43,24.6,58,17.6,1022.5,1027.4,4.4,6.5,10,2015.4,0
2025-07-02 16:37:36,5,43,24.7,59,17.8,1022.5,1027.4,2.7,3.7,10,2015.4,0
2025-07-02 16:42:36,5,43,24.7,57,17.7,1022.4,1027.3,5.1,6.1,13,2015.4,0
2025-07-02 16:47:36,5,43,24.9,58,17.7,1022.4,1027.3,1.7,2.7,12,2015.4,0
2025-07-02 16:52:36,5,43,24.9,58,17.6,1022.6,1027.5,2.7,3.4,10,2015.4,0
2025-07-02 16:57:36,5,42,25.1,59,17.6,1022.6,1027.5,2.7,3.7,10,2015.4,0
2025-07-02 17:02:36,5,42,25.1,60,17.8,1022.4,1027.3,2.4,3.7,14,2015.4,0
2025-07-02 17:07:36,5,42,25.1,59,17.7,1022.5,1027.4,1.7,2.4,10,2015.4,0
2025-07-02 17:12:36,5,41,25.2,62,17.3,1022.5,1027.4,2.7,4.4,10,2015.4,0
2025-07-02 17:17:36,5,41,25.4,63,17.2,1022.6,1027.5,3.1,4.1,12,2015.4,0
2025-07-02 17:22:36,5,41,25.4,64,17.3,1022.5,1027.4,4.4,5.8,12,2015.4,0
2025-07-02 17:27:36,5,41,25.5,64,17.2,1022.6,1027.5,4.4,6.8,12,2015.4,0
2025-07-02 17:32:36,5,41,25.6,64,17.2,1022.7,1027.6,1.4,2,12,2015.4,0
2025-07-02 17:37:36,5,41,25.6,63,17,1022.6,1027.5,4.4,5.1,12,2015.4,0
2025-07-02 17:42:36,5,41,25.6,64,17.1,1022.8,1027.7,1.7,3.7,12,2015.4,0
2025-07-02 17:47:36,5,41,25.7,63,17.1,1022.6,1027.5,3.7,5.1,10,2015.4,0
2025-07-02 17:52:36,5,41,25.8,63,17,1022.7,1027.6,1.4,2,10,2015.4,0
2025-07-02 17:57:36,5,41,25.8,63,16.8,1022.8,1027.7,2,3.4,9,2015.4,0
2025-07-02 18:02:36,5,41,25.9,63,16.7,1022.7,1027.6,1.7,2.4,12,2015.4,0
2025-07-02 18:07:36,5,41,25.9,64,16.7,1022.6,1027.5,1.7,2.7,12,2015.4,0
2025-07-02 18:12:36,5,40,26,64,16.6,1022.8,1027.7,2,3.1,10,2015.4,0
2025-07-02 18:17:36,5,40,26,65,16.5,1022.7,1027.6,4.8,7.1,12,2015.4,0
2025-07-02 18:22:36,5,40,26.1,65,16.1,1022.9,1027.8,2.4,3.1,14,2015.4,0
2025-07-02 18:27:36,5,39,26,66,15.8,1022.8,1027.7,3.1,5.1,12,2015.4,0
2025-07-02 18:32:36,5,39,26,67,15.7,1022.8,1027.7,2,3.4,10,2015.4,0
2025-07-02 18:37:36,5,39,26.4,67,15.6,1022.9,1027.8,2.4,3.1,12,2015.4,0
2025-07-02 18:42:36,5,39,26.6,68,15.6,1022.9,1027.8,2,3.1,10,2015.4,0
2025-07-02 18:47:36,5,39,26.6,68,15.5,1023,1027.9,2.4,3.7,6,2015.4,0
2025-07-02 18:52:36,5,39,26.5,68,15.3,1023,1027.9,2.4,3.7,10,2015.4,0
2025-07-02 18:57:36,5,39,26.5,68,15.3,1023,1027.9,2,3.4,14,2015.4,0
2025-07-02 19:02:36,5,39,26.4,70,15.2,1023,1027.9,2.7,3.4,12,2015.4,0
2025-07-02 19:07:36,5,38,26.4,70,15.1,1023.2,1028.1,2.4,4.8,10,2015.4,0
2025-07-02 19:12:36,5,38,26.1,70,15.2,1023.4,1028.3,2,3.7,10,2015.4,0
2025-07-02 19:17:36,5,38,26.1,70,15.3,1023.3,1028.2,1.4,2,12,2015.4,0
2025-07-02 19:22:36,5,38,26.1,70,15.4,1023.4,1028.3,2.4,3.1,12,2015.4,0
2025-07-02 19:27:36,5,38,26,70,15.2,1023.5,1028.4,1.7,2.4,2,2015.4,0
2025-07-02 19:32:36,5,39,25.9,70,15.1,1023.5,1028.4,0.7,1.4,8,2015.4,0
2025-07-02 19:37:36,5,39,25.7,71,15.1,1023.6,1028.5,1.4,2.4,12,2015.4,0
2025-07-02 19:42:36,5,39,25.7,71,15,1023.6,1028.5,1,1.4,12,2015.4,0
2025-07-02 19:47:36,5,38,25.5,70,14.9,1023.6,1028.5,1.7,2.4,12,2015.4,0
2025-07-02 19:52:36,5,38,25.4,71,14.7,1023.7,1028.6,2,2.7,13,2015.4,0
2025-07-02 19:57:36,5,38,25.3,71,14.7,1023.7,1028.6,2,3.1,10,2015.4,0
2025-07-02 20:02:36,5,38,25.2,71,14.6,1023.8,1028.7,2.7,3.4,12,2015.4,0
2025-07-02 20:07:36,5,38,25.1,71,14.5,1023.8,1028.7,0.7,1,12,2015.4,0
2025-07-02 20:12:36,5,38,25.1,71,14.3,1024,1028.9,1.7,2.4,12,2015.4,0
2025-07-02 20:17:36,5,38,25,71,14.2,1024,1028.9,1.4,2,13,2015.4,0
2025-07-02 20:22:36,5,39,24.9,71,14,1024,1028.9,2.4,3.1,12,2015.4,0
2025-07-02 20:27:36,5,39,24.7,71,13.8,1024.1,1029,1,1,12,2015.4,0
2025-07-02 20:32:36,5,39,24.6,72,13.6,1024,1028.9,1,1.4,12,2015.4,0
2025-07-02 20:37:36,5,39,24.5,72,13.4,1024.3,1029.2,1.7,2.4,12,2015.4,0
2025-07-02 20:42:36,5,39,24.5,72,13.3,1024.3,1029.2,1,1.4,12,2015.4,0
2025-07-02 20:47:36,5,39,24.4,73,13.1,1024.4,1029.3,1.7,2.4,12,2015.4,0
2025-07-02 20:52:36,5,39,24.3,73,13,1024.6,1029.5,1,1.4,12,2015.4,0
2025-07-02 20:57:36,5,39,24.2,74,12.8,1024.4,1029.3,1,1.4,12,2015.4,0
2025-07-02 21:02:36,5,39,24.1,74,12.7,1024.6,1029.5,0.7,1,10,2015.4,0
2025-07-02 21:07:36,5,39,24.1,75,12.5,1024.7,1029.6,0.3,0.7,12,2015.4,0
2025-07-02 21:12:36,5,40,24,78,12.2,1024.7,1029.6,0,0.3,12,2015.4,0
2025-07-02 21:17:36,5,41,23.9,79,12,1024.7,1029.6,0,0,12,2015.4,0
2025-07-02 21:22:36,5,41,23.9,79,11.7,1024.8,1029.7,0.3,0.7,10,2015.4,0
2025-07-02 21:27:36,5,41,23.8,80,11.5,1024.9,1029.8,0,0.3,10,2015.4,0
2025-07-02 21:32:36,5,41,23.7,80,11.2,1024.8,1029.7,0,0,10,2015.4,0
2025-07-02 21:37:36,5,41,23.7,81,11,1024.9,1029.8,0,0,10,2015.4,0
2025-07-02 21:42:36,5,41,23.6,81,10.8,1025.1,1030,0,0.3,6,2015.4,0
2025-07-02 21:47:36,5,41,23.6,82,10.6,1025,1029.9,0,0,10,2015.4,0
2025-07-02 21:52:36,5,41,23.5,83,10.5,1024.9,1029.8,0,0,10,2015.4,0
2025-07-02 21:57:36,5,41,23.4,83,10.4,1025.1,1030,0,0,8,2015.4,0
2025-07-02 22:02:36,5,41,23.4,84,10.2,1024.9,1029.8,0,0,12,2015.4,0
2025-07-02 22:07:36,5,42,23.3,84,10,1025.2,1030.1,0,0,10,2015.4,0
2025-07-02 22:12:36,5,42,23.3,85,10,1025.1,1030,0.3,0.7,10,2015.4,0
2025-07-02 22:17:36,5,42,23.2,86,10,1025.2,1030.1,0.7,1,12,2015.4,0
2025-07-02 22:22:36,5,42,23.2,87,10.1,1025.2,1030.1,0.7,1,10,2015.4,0
2025-07-02 22:27:36,5,42,23.1,87,10.1,1025.2,1030.1,0.7,1,12,2015.4,0
2025-07-02 22:32:36,5,42,23.1,88,10.1,1025.2,1030.1,1,1.4,12,2015.4,0
2025-07-02 22:37:36,5,42,23,88,10.1,1025.2,1030.1,1,1.4,12,2015.4,0
2025-07-02 22:42:36,5,42,23,88,10.1,1025.3,1030.2,0.7,1.4,12,2015.4,0
2025-07-02 22:47:36,5,42,23,88,10.1,1025.2,1030.1,1,1.4,10,2015.4,0
2025-07-02 22:52:36,5,40,22.9,89,10.1,1025.1,1030,1,1.4,10,2015.4,0
2025-07-02 22:57:36,5,40,22.9,89,10.2,1025.2,1030.1,1,1.4,12,2015.4,0
2025-07-02 23:02:36,5,40,22.8,89,10.2,1025.2,1030.1,1,1.4,12,2015.4,0
2025-07-02 23:07:36,5,40,22.8,89,10.2,1025.2,1030.1,1,1.7,10,2015.4,0
2025-07-02 23:12:36,5,40,22.8,89,10.2,1025.3,1030.2,0.7,1,10,2015.4,0
2025-07-02 23:17:36,5,40,22.7,89,10.2,1025.2,1030.1,1,1.4,12,2015.4,0
2025-07-02 23:22:36,5,40,22.7,89,10.2,1025.5,1030.4,1.4,1.7,12,2015.4,0
2025-07-02 23:27:36,5,40,22.6,89,10.2,1025.4,1030.3,0.7,1,12,2015.4,0
2025-07-02 23:32:36,5,40,22.6,89,10.2,1025.5,1030.4,0.7,0.7,12,2015.4,0
2025-07-02 23:37:36,5,40,22.5,89,10.1,1025.6,1030.5,0.3,0.7,12,2015.4,0
2025-07-02 23:42:37,5,40,22.5,89,10.1,1025.5,1030.4,0.7,1,10,2015.4,0
2025-07-02 23:47:35,5,40,22.5,89,10.1,1025.5,1030.4,0.3,1,12,2015.4,0
2025-07-02 23:52:35,5,40,22.4,89,10.1,1025.6,1030.5,0.3,1,10,2015.4,0
2025-07-02 23:57:35,5,40,22.4,89,10,1025.5,1030.4,0.7,1,12,2015.4,0
