2025-07-05 00:02:35,5,64,20.6,99,18,1015.3,1020.2,2,3.1,10,2024.7,0
2025-07-05 00:07:35,5,64,20.6,99,18,1015.4,1020.3,2,4.4,10,2024.7,0
2025-07-05 00:12:35,5,64,20.5,99,18,1015.3,1020.2,1.7,2.4,14,2024.7,0
2025-07-05 00:17:35,5,64,20.5,99,18,1015.1,1020,2.7,4.4,12,2024.7,0
2025-07-05 00:22:35,5,64,20.5,99,18,1015.2,1020.1,3.1,4.1,10,2024.7,0
2025-07-05 00:27:35,5,64,20.5,99,18,1015.1,1020,2,2.4,10,2024.7,0
2025-07-05 00:32:35,5,64,20.5,99,18,1015,1019.9,2.7,3.4,12,2024.7,0
2025-07-05 00:37:35,5,64,20.5,99,18.1,1014.9,1019.8,3.1,3.7,12,2024.7,0
2025-07-05 00:42:35,5,64,20.5,99,18.1,1014.8,1019.7,3.1,4.4,10,2024.7,0
2025-07-05 00:47:35,5,64,20.5,99,18.1,1014.7,1019.6,3.1,4.1,12,2024.7,0
2025-07-05 00:52:35,5,64,20.5,99,18.1,1014.7,1019.6,2.7,3.4,10,2024.7,0
2025-07-05 00:57:35,5,64,20.5,99,18.1,1014.5,1019.4,2.7,3.7,12,2024.7,0
2025-07-05 01:02:35,5,64,20.5,99,18.2,1014.5,1019.4,2,2.7,12,2024.7,0
2025-07-05 01:07:35,5,64,20.5,99,18.2,1014.6,1019.5,4.1,5.8,12,2024.7,0
2025-07-05 01:12:35,5,64,20.5,99,18.2,1014.3,1019.2,2.7,3.7,10,2024.7,0
2025-07-05 01:17:35,5,64,20.5,99,18.2,1014.4,1019.3,3.7,5.1,14,2024.7,0
2025-07-05 01:22:35,5,64,20.5,99,18.2,1014.2,1019.1,1.7,2.7,12,2024.7,0
2025-07-05 01:27:35,5,64,20.6,99,18.3,1014.3,1019.2,2.4,3.4,12,2024.7,0
2025-07-05 01:32:35,5,64,20.4,99,18.4,1014.1,1019,4.1,5.1,12,2024.7,0
2025-07-05 01:37:35,5,64,20.4,99,18.5,1014.2,1019.1,2.4,3.1,12,2024.7,0
2025-07-05 01:42:35,5,64,20.4,99,18.5,1013.9,1018.8,3.7,4.8,12,2024.7,0
2025-07-05 01:47:35,5,64,20.4,99,18.5,1013.8,1018.7,3.7,4.4,8,2024.7,0
2025-07-05 01:52:35,5,64,20.5,99,18.5,1013.7,1018.6,2,2.7,10,2024.7,0
2025-07-05 01:57:35,5,64,20.4,99,18.5,1013.8,1018.7,2.7,3.4,10,2024.7,0
2025-07-05 02:02:35,5,64,20.4,99,18.5,1013.8,1018.7,3.4,4.4,12,2024.7,0
2025-07-05 02:07:35,5,64,20.5,99,18.5,1013.8,1018.7,2.4,3.4,12,2024.7,0
2025-07-05 02:12:35,5,64,20.6,99,18.6,1013.6,1018.5,3.4,3.7,12,2024.7,0
2025-07-05 02:17:35,5,64,20.6,99,18.6,1013.8,1018.7,4.1,6.1,13,2024.7,0
2025-07-05 02:22:35,5,64,20.4,99,18.6,1013.7,1018.6,3.1,4.1,12,2024.7,0
2025-07-05 02:27:35,5,64,20.5,99,18.6,1013.6,1018.5,2.7,3.7,12,2024.7,0
2025-07-05 02:32:35,5,64,20.4,99,18.6,1013.6,1018.5,2.7,4.1,12,2024.7,0
2025-07-05 02:37:35,5,64,20.5,99,18.7,1013.5,1018.4,2.7,3.7,14,2024.7,0
2025-07-05 02:42:35,5,64,20.6,99,18.7,1013.5,1018.4,2.7,3.7,14,2024.7,0
2025-07-05 02:47:35,5,64,20.6,99,18.7,1013.4,1018.3,2.7,3.7,12,2024.7,0
2025-07-05 02:52:35,5,64,20.5,99,18.7,1013.4,1018.3,2.4,2.7,12,2024.7,0
2025-07-05 02:57:35,5,64,20.4,99,18.7,1013.2,1018.1,2.4,3.4,12,2024.7,0
2025-07-05 03:02:35,5,64,20.4,99,18.7,1013.2,1018.1,3.4,4.8,13,2024.7,0
2025-07-05 03:07:35,5,64,20.4,99,18.7,1013.3,1018.2,2.4,3.1,12,2024.7,0
2025-07-05 03:12:35,5,64,20.5,99,18.7,1013.1,1018,3.1,3.7,12,2024.7,0
2025-07-05 03:17:35,5,64,20.4,99,18.7,1013.2,1018.1,2.4,3.7,12,2024.7,0
2025-07-05 03:22:35,5,64,20.4,99,18.7,1012.9,1017.8,2,3.4,12,2024.7,0
2025-07-05 03:27:35,5,64,20.5,99,18.7,1012.8,1017.7,2.4,3.4,8,2024.7,0
2025-07-05 03:32:35,5,64,20.4,99,18.7,1012.8,1017.7,2.4,3.1,10,2024.7,0
2025-07-05 03:37:35,5,64,20.4,99,18.7,1012.8,1017.7,2,2.7,12,2024.7,0
2025-07-05 03:42:35,5,64,20.4,99,18.7,1012.8,1017.7,2.4,3.1,10,2024.7,0
2025-07-05 03:47:35,5,64,20.5,99,18.7,1012.8,1017.7,2.7,4.1,12,2024.7,0
2025-07-05 03:52:35,5,64,20.5,99,18.7,1012.6,1017.5,1.4,2,10,2024.7,0
2025-07-05 03:57:35,5,64,20.5,99,18.7,1012.8,1017.7,2,2.7,11,2024.7,0
2025-07-05 04:02:35,5,64,20.5,99,18.7,1012.6,1017.5,2,2.7,10,2024.7,0
2025-07-05 04:07:35,5,64,20.5,99,18.7,1012.4,1017.3,2,2.7,10,2024.7,0
2025-07-05 04:12:35,5,64,20.5,99,18.7,1012.6,1017.5,3.1,4.1,12,2024.7,0
2025-07-05 04:17:35,5,64,20.4,99,18.7,1012.5,1017.4,4.1,4.8,12,2024.7,0
2025-07-05 04:22:35,5,65,20.5,99,18.7,1012.5,1017.4,1.7,3.7,10,2024.7,0
2025-07-05 04:27:35,5,64,20.5,99,18.7,1012.6,1017.5,3.1,4.1,10,2024.7,0
2025-07-05 04:32:35,5,64,20.4,99,18.7,1012.5,1017.4,1.4,2.4,12,2024.7,0
2025-07-05 04:37:35,5,64,20.4,99,18.7,1012.4,1017.3,3.4,5.1,10,2024.7,0
2025-07-05 04:42:35,5,65,20.5,99,18.7,1012.4,1017.3,2.4,4.1,12,2024.7,0
2025-07-05 04:47:35,5,65,20.4,99,18.7,1012.4,1017.3,2,3.1,12,2024.7,0
2025-07-05 04:52:35,5,65,20.4,99,18.7,1012.4,1017.3,4.4,5.8,12,2024.7,0
2025-07-05 04:57:35,5,65,20.5,99,18.7,1012.2,1017.1,2,2.7,10,2024.7,0
2025-07-05 05:02:35,5,65,20.5,99,18.7,1012.3,1017.2,2.7,3.7,12,2024.7,0
2025-07-05 05:07:35,5,65,20.4,99,18.7,1012.2,1017.1,3.4,4.8,14,2024.7,0
2025-07-05 05:12:35,5,65,20.5,99,18.7,1012.2,1017.1,3.1,4.1,10,2024.7,0
2025-07-05 05:17:35,5,65,20.4,99,18.7,1012.3,1017.2,2.7,3.4,10,2024.7,0
2025-07-05 05:22:35,5,65,20.4,99,18.7,1012.4,1017.3,3.1,4.8,12,2024.7,0
2025-07-05 05:27:35,5,65,20.5,99,18.6,1012.3,1017.2,2.7,4.1,8,2024.7,0
2025-07-05 05:32:35,5,65,20.5,99,18.6,1012.3,1017.2,3.1,3.7,12,2024.7,0
2025-07-05 05:37:35,5,65,20.4,99,18.6,1012.3,1017.2,2.7,3.4,12,2024.7,0
2025-07-05 05:42:35,5,65,20.5,99,18.6,1012.2,1017.1,3.4,5.1,12,2024.7,0
2025-07-05 05:47:35,5,65,20.5,99,18.6,1012.2,1017.1,3.1,3.7,12,2024.7,0
2025-07-05 05:52:35,5,65,20.4,99,18.6,1012.2,1017.1,3.7,4.8,14,2024.7,0
2025-07-05 05:57:35,5,65,20.4,99,18.6,1012.2,1017.1,2.7,3.7,12,2024.7,0
2025-07-05 06:02:35,5,65,20.4,99,18.6,1012.1,1017,3.1,4.1,12,2024.7,0
2025-07-05 06:07:35,5,65,20.5,99,18.6,1012.2,1017.1,1.7,2.4,14,2024.7,0
2025-07-05 06:12:35,5,65,20.5,99,18.6,1012.2,1017.1,3.1,4.4,10,2024.7,0
2025-07-05 06:17:35,5,65,20.5,99,18.6,1012.1,1017,2,2.7,14,2024.7,0
2025-07-05 06:22:35,5,65,20.4,99,18.6,1012.2,1017.1,2.4,2.7,12,2024.7,0
2025-07-05 06:27:35,5,65,20.5,99,18.5,1012,1016.9,2.4,3.1,12,2024.7,0
2025-07-05 06:32:35,5,65,20.5,99,18.5,1012,1016.9,2.4,3.7,12,2024.7,0
2025-07-05 06:37:35,5,65,20.4,99,18.5,1012,1016.9,1.7,2.4,8,2024.7,0
2025-07-05 06:42:35,5,65,20.4,99,18.5,1012.1,1017,2.7,4.1,10,2024.7,0
2025-07-05 06:47:35,5,65,20.4,99,18.5,1012.1,1017,2.4,3.1,9,2024.7,0
2025-07-05 06:52:35,5,65,20.5,99,18.4,1012,1016.9,2.4,3.4,14,2024.7,0
2025-07-05 06:57:35,5,65,20.4,99,18.2,1011.9,1016.8,4.4,5.8,12,2024.7,0
2025-07-05 07:02:35,5,65,20.5,99,17.9,1012,1016.9,4.1,5.1,10,2024.7,0
2025-07-05 07:07:35,5,65,20.5,99,17.8,1012,1016.9,2.7,4.1,12,2024.7,0
2025-07-05 07:12:35,5,65,20.4,99,17.8,1011.9,1016.8,2.4,3.4,12,2024.7,0
2025-07-05 07:17:35,5,65,20.4,99,17.7,1011.9,1016.8,1.7,2.4,11,2024.7,0
2025-07-05 07:22:35,5,65,20.4,99,17.7,1011.9,1016.8,1.7,2.7,12,2024.7,0
2025-07-05 07:27:35,5,65,20.4,99,17.7,1011.8,1016.7,3.1,4.1,10,2024.7,0
2025-07-05 07:32:35,5,65,20.4,99,17.8,1011.8,1016.7,2,2.7,13,2024.7,0
2025-07-05 07:37:35,5,65,20.4,99,17.8,1011.9,1016.8,2.7,3.7,12,2024.7,0
2025-07-05 07:42:35,5,65,20.4,99,17.8,1011.8,1016.7,2.4,3.1,10,2024.7,0
2025-07-05 07:47:35,5,65,20.5,99,17.8,1011.7,1016.6,2.4,3.4,10,2024.7,0
2025-07-05 07:52:35,5,65,20.4,99,17.9,1011.7,1016.6,2.7,3.7,12,2024.7,0
2025-07-05 07:57:35,5,65,20.5,99,17.8,1011.7,1016.6,2.7,3.7,12,2024.7,0
2025-07-05 08:02:35,5,65,20.4,99,17.8,1011.9,1016.8,3.7,5.8,12,2024.7,0
2025-07-05 08:07:35,5,65,20.4,99,17.8,1011.9,1016.8,1,1.4,12,2024.7,0
2025-07-05 08:12:35,5,65,20.5,99,17.8,1011.9,1016.8,1.7,2,8,2024.7,0
2025-07-05 08:17:35,5,65,20.4,99,17.8,1011.8,1016.7,3.1,4.1,15,2025,0
2025-07-05 08:22:35,5,65,20.4,99,17.8,1011.7,1016.6,2.7,4.4,12,2025,0
2025-07-05 08:27:35,5,65,20.4,99,17.8,1011.9,1016.8,4.1,5.8,12,2025,0
2025-07-05 08:32:35,5,65,20.4,99,17.8,1011.8,1016.7,2.7,4.8,12,2025,0
2025-07-05 08:37:35,5,65,20.5,99,18,1011.9,1016.8,2,3.7,14,2025,0
2025-07-05 08:42:35,5,65,20.5,99,18.1,1011.9,1016.8,3.1,3.7,12,2025,0
2025-07-05 08:47:35,5,65,20.5,99,18.1,1011.8,1016.7,3.1,3.7,9,2025,0
2025-07-05 08:52:35,5,65,20.4,99,17.7,1011.7,1016.6,3.7,4.8,10,2025,0
2025-07-05 08:57:35,5,65,20.5,99,17.9,1011.7,1016.6,3.4,6.1,13,2025,0
2025-07-05 09:02:35,5,65,20.5,99,17.8,1011.7,1016.6,2.7,3.7,12,2025,0
2025-07-05 09:07:35,5,66,20.5,99,17.5,1011.7,1016.6,3.4,5.4,10,2025,0
2025-07-05 09:12:35,5,66,20.5,99,17.5,1011.7,1016.6,2.4,3.4,14,2025,0
2025-07-05 09:17:35,5,66,20.6,99,17.7,1011.8,1016.7,2.7,3.7,10,2025,0
2025-07-05 09:22:35,5,66,20.6,99,17.5,1011.7,1016.6,2.7,3.7,10,2025,0
2025-07-05 09:27:35,5,66,20.6,99,17,1011.8,1016.7,2.4,4.4,0,2025,0
2025-07-05 09:32:35,5,66,20.6,99,16.8,1011.7,1016.6,1.7,2.7,10,2025,0
2025-07-05 09:37:35,5,66,20.6,99,17,1011.7,1016.6,1.4,2.4,8,2025,0
2025-07-05 09:42:35,5,66,20.6,99,16.9,1011.8,1016.7,2,2.7,12,2025,0
2025-07-05 09:47:35,5,66,20.6,99,16.9,1011.6,1016.5,2.7,3.4,14,2025,0
2025-07-05 09:52:35,5,66,20.7,99,16.9,1011.6,1016.5,1,2,14,2025,0
2025-07-05 09:57:35,5,66,20.7,99,17,1011.6,1016.5,2,3.1,10,2025,0
2025-07-05 10:02:35,5,65,20.7,99,16.8,1011.7,1016.6,2.4,3.1,12,2025,0
2025-07-05 10:07:35,5,65,20.8,99,16.7,1011.7,1016.6,2.7,3.4,10,2025,0
2025-07-05 10:12:35,5,65,20.8,99,16.6,1011.7,1016.6,1.7,3.1,12,2025,0
2025-07-05 10:17:35,5,65,20.8,99,16.8,1011.7,1016.6,3.1,3.7,12,2025,0
2025-07-05 10:22:35,5,65,20.8,99,16.7,1011.4,1016.3,2.4,3.7,8,2025,0
2025-07-05 10:27:35,5,65,20.8,98,16.6,1011.4,1016.3,3.1,4.1,12,2025,0
2025-07-05 10:32:35,5,65,20.8,98,17.1,1011.4,1016.3,2,3.1,10,2025,0
2025-07-05 10:37:35,5,65,20.8,98,17.1,1011.3,1016.2,3.1,5.1,12,2025,0
2025-07-05 10:42:35,5,65,20.8,97,17,1011.2,1016.1,2.7,3.7,14,2025,0
2025-07-05 10:47:35,5,65,20.8,97,17.1,1011.3,1016.2,3.7,5.1,11,2025,0
2025-07-05 10:52:35,5,65,20.9,95,16.8,1011.2,1016.1,5.1,5.8,12,2025,0
2025-07-05 10:57:35,5,65,20.9,95,17.2,1011.2,1016.1,3.1,4.8,12,2025,0
2025-07-05 11:02:35,5,65,20.9,94,17.3,1011.4,1016.3,2.4,3.4,12,2025,0
2025-07-05 11:07:35,5,64,21,93,17.2,1011.2,1016.1,2.4,3.4,12,2025,0
2025-07-05 11:12:35,5,64,21,92,16.9,1011.5,1016.4,3.1,4.1,14,2025,0
2025-07-05 11:17:35,5,64,21,91,16.9,1011.3,1016.2,3.1,3.7,8,2025,0
2025-07-05 11:22:35,5,64,21,91,16.8,1011.5,1016.4,3.7,5.8,14,2025,0
2025-07-05 11:27:35,5,64,21,91,17.1,1011.4,1016.3,2.7,4.4,9,2025,0
2025-07-05 11:32:35,5,64,21,90,17,1011.3,1016.2,3.1,4.8,11,2025,0
2025-07-05 11:37:35,5,64,21.1,90,16.8,1011.4,1016.3,2.7,4.1,14,2025,0
2025-07-05 11:42:35,5,64,21.1,90,16.7,1011.3,1016.2,1.7,3.1,10,2025,0
2025-07-05 11:47:35,5,64,21.1,91,17.2,1011.2,1016.1,2,2.4,14,2025,0
2025-07-05 11:52:35,5,64,21.1,88,17.6,1011.3,1016.2,5.4,7.5,12,2025,0
2025-07-05 11:57:35,5,64,21.1,88,17.2,1011.3,1016.2,2,3.1,10,2025,0
2025-07-05 12:02:35,5,64,21.1,88,17.2,1011.3,1016.2,1.4,2,10,2025,0
2025-07-05 12:07:35,5,64,21.1,89,17.1,1011.3,1016.2,3.1,4.4,10,2025,0
2025-07-05 12:12:35,5,64,21.1,88,17.1,1011.3,1016.2,5.1,6.5,10,2025,0
2025-07-05 12:17:35,5,64,21.1,87,17,1011.3,1016.2,3.7,5.1,9,2025,0
2025-07-05 12:22:35,5,63,21.1,87,17.1,1011.3,1016.2,2.4,3.4,10,2025,0
2025-07-05 12:27:35,5,63,21.1,87,17.1,1011.1,1016,3.7,5.1,8,2025,0
2025-07-05 12:32:35,5,63,21.1,87,17.3,1011.2,1016.1,3.1,4.8,14,2025,0
2025-07-05 12:37:35,5,63,21.1,84,17.5,1011.2,1016.1,3.1,3.7,10,2025,0
2025-07-05 12:42:35,5,63,21.1,85,17.2,1011.1,1016,3.7,5.8,8,2025,0
2025-07-05 12:47:35,5,63,21.1,85,17,1011.1,1016,2.7,3.7,14,2025,0
2025-07-05 12:52:35,5,63,21.1,85,16.9,1010.9,1015.8,3.4,4.4,12,2025,0
2025-07-05 12:57:35,5,63,21.1,86,17.1,1011.1,1016,3.1,4.4,12,2025,0
2025-07-05 13:02:35,5,63,21.1,83,17.5,1010.9,1015.8,3.1,4.1,12,2025,0
2025-07-05 13:07:35,5,63,21.1,85,17.4,1011,1015.9,5.1,6.8,12,2025,0
2025-07-05 13:12:35,5,63,21.4,85,17.4,1010.8,1015.7,2.7,5.1,12,2025,0
2025-07-05 13:17:35,5,63,21.4,82,17.6,1011,1015.9,3.7,5.1,12,2025,0
2025-07-05 13:22:35,5,63,21.4,84,17.2,1011,1015.9,3.1,4.1,12,2025,0
2025-07-05 13:27:35,5,63,21.4,84,17.2,1010.9,1015.8,2.7,3.4,10,2025,0
2025-07-05 13:32:35,5,63,21.4,85,17.3,1011,1015.9,2.4,2.7,12,2025,0
2025-07-05 13:37:35,5,63,21.4,84,17.2,1010.8,1015.7,4.1,5.4,8,2025,0
2025-07-05 13:42:35,5,62,21.4,84,17.2,1010.8,1015.7,3.4,4.8,13,2025,0
2025-07-05 13:47:35,5,62,21.4,84,16.9,1010.9,1015.8,2.7,3.7,8,2025,0
2025-07-05 13:52:35,5,62,21.4,85,17.2,1010.8,1015.7,3.4,4.1,12,2025,0
2025-07-05 13:57:35,5,62,21.4,82,17.5,1010.7,1015.6,3.1,4.1,10,2025,0
2025-07-05 14:02:35,5,62,21.4,81,17.6,1010.6,1015.5,2.4,3.7,12,2025,0
2025-07-05 14:07:35,5,62,21.4,82,17.2,1010.6,1015.5,3.4,4.4,12,2025,0
2025-07-05 14:12:35,5,62,21.4,82,17,1010.7,1015.6,2.4,3.7,10,2025,0
2025-07-05 14:17:35,5,62,21.5,81,17.5,1010.6,1015.5,3.1,5.1,10,2025,0
2025-07-05 14:22:35,5,62,21.5,80,18.1,1010.7,1015.6,1.4,2,10,2025,0
2025-07-05 14:27:35,5,62,21.6,79,18.7,1010.6,1015.5,4.1,4.8,12,2025,0
2025-07-05 14:32:35,5,62,21.6,75,18.9,1010.9,1015.8,3.4,5.1,6,2025,0
2025-07-05 14:37:35,5,62,21.7,72,18.6,1011,1015.9,3.4,5.1,12,2025,0
2025-07-05 14:42:35,5,62,21.7,72,18.2,1010.7,1015.6,4.1,4.8,12,2025,0
2025-07-05 14:47:35,5,62,21.8,72,17.9,1010.8,1015.7,4.1,6.1,10,2025,0
2025-07-05 14:52:35,5,61,21.9,72,18.1,1010.8,1015.7,3.4,4.8,10,2025,0
2025-07-05 14:57:35,5,61,21.9,72,18.3,1010.6,1015.5,4.1,6.1,12,2025,0
2025-07-05 15:02:35,5,61,21.9,72,18,1010.6,1015.5,3.4,5.1,12,2025,0
2025-07-05 15:07:35,5,60,22,72,17.6,1010.8,1015.7,2.7,3.4,10,2025,0
2025-07-05 15:12:35,5,60,22,74,17.7,1010.8,1015.7,4.1,5.1,11,2025,0
2025-07-05 15:17:35,5,59,22,75,18.2,1010.7,1015.6,2.4,3.7,12,2025,0
2025-07-05 15:22:35,5,59,22.1,74,18.2,1010.6,1015.5,3.7,4.8,12,2025,0
2025-07-05 15:27:35,5,59,22.1,74,18.2,1010.5,1015.4,5.1,6.1,10,2025,0
2025-07-05 15:32:35,5,59,22.2,72,18.2,1010.7,1015.6,4.4,6.5,0,2025,0
2025-07-05 15:37:34,5,59,22.3,72,18.2,1010.5,1015.4,2.7,4.1,12,2025,0
2025-07-05 15:42:34,5,59,22.3,71,18,1010.7,1015.6,3.7,4.4,12,2025,0
2025-07-05 15:47:34,5,59,22.4,71,18.1,1010.4,1015.3,3.7,5.8,14,2025,0
2025-07-05 15:52:34,5,59,22.4,71,18.2,1010.5,1015.4,4.1,5.4,10,2025,0
2025-07-05 15:57:34,5,59,22.5,72,17.9,1010.6,1015.5,4.4,6.1,11,2025,0
2025-07-05 16:02:34,5,59,22.6,73,17.6,1010.3,1015.2,1.7,2.4,12,2025,0
2025-07-05 16:07:34,5,58,22.6,78,17.4,1010.3,1015.2,1.7,2.4,11,2025,0
2025-07-05 16:12:34,5,58,22.6,76,17.6,1010.4,1015.3,2,2.4,10,2025,0
2025-07-05 16:17:34,5,58,22.6,77,18,1010.3,1015.2,2,2.7,12,2025,0
2025-07-05 16:22:34,5,58,22.6,75,18.2,1010.1,1015,2.4,4.4,10,2025,0
2025-07-05 16:27:34,5,58,22.7,73,18.6,1010.2,1015.1,2.7,3.4,10,2025,0
2025-07-05 16:32:34,5,58,22.8,73,18.9,1010,1014.9,3.7,4.4,10,2025,0
2025-07-05 16:37:34,5,58,22.8,71,18.6,1009.9,1014.8,2.7,4.8,8,2025,0
2025-07-05 16:42:34,5,58,23,71,18.1,1009.9,1014.8,4.1,6.1,12,2025,0
2025-07-05 16:47:34,5,58,23,73,17.6,1009.8,1014.7,4.4,5.8,14,2025,0
2025-07-05 16:52:34,5,57,23.1,74,17.5,1009.8,1014.7,2.4,2.7,10,2025,0
2025-07-05 16:57:34,5,57,23.1,75,18.1,1009.8,1014.7,2.4,3.1,10,2025,0
2025-07-05 17:02:34,5,57,23.1,74,18.2,1009.8,1014.7,2.7,3.4,12,2025,0
2025-07-05 17:07:34,5,57,23.2,74,17.6,1009.6,1014.5,4.1,5.4,10,2025,0
2025-07-05 17:12:34,5,57,23.2,79,17.2,1009.6,1014.5,3.1,4.8,13,2025,0
2025-07-05 17:17:34,5,57,23.2,76,17.5,1009.5,1014.4,3.7,5.4,14,2025,0
2025-07-05 17:22:34,5,57,23.2,80,17.3,1009.5,1014.4,4.1,5.4,10,2025,0
2025-07-05 17:27:34,5,56,23.2,80,17,1009.5,1014.4,1.4,2.7,12,2025,0
2025-07-05 17:32:34,5,56,23.2,81,17.2,1009.4,1014.3,1.4,2.4,12,2025,0
2025-07-05 17:37:34,5,56,23.2,81,17.1,1009.3,1014.2,2.7,4.4,12,2025,0
2025-07-05 17:42:34,5,56,23.2,80,17,1009.2,1014.1,2.4,2.7,12,2025,0
2025-07-05 17:47:34,5,56,23.2,81,16.8,1009.1,1014,2.7,3.4,10,2025,0
2025-07-05 17:52:34,5,56,23.1,82,16.6,1009.2,1014.1,3.1,4.8,10,2025,0
2025-07-05 17:57:34,5,56,23.1,81,16.5,1009.1,1014,4.4,5.8,10,2025,0
2025-07-05 18:02:34,5,56,23.1,82,16.6,1009.1,1014,3.4,4.8,10,2025,0
2025-07-05 18:07:34,5,55,23,82,16.6,1008.9,1013.8,1.7,2.4,14,2025,0
2025-07-05 18:12:34,5,55,23,82,16.6,1008.9,1013.8,2.4,3.7,10,2025,0
2025-07-05 18:17:34,5,55,23,82,16.5,1008.9,1013.8,3.1,4.1,8,2025,0
2025-07-05 18:22:34,5,56,22.9,82,16.3,1008.9,1013.8,5.4,6.5,12,2025,0
2025-07-05 18:27:34,5,56,22.9,83,16.1,1008.9,1013.8,4.4,6.5,12,2025,0
2025-07-05 18:32:34,5,56,22.8,85,16,1008.9,1013.8,4.1,5.8,11,2025,0
2025-07-05 18:37:34,5,56,22.8,85,16,1009,1013.9,2.7,4.1,12,2025,0
2025-07-05 18:42:34,5,56,22.8,86,16,1009.1,1014,3.1,3.7,11,2025,0
2025-07-05 18:47:34,5,56,22.6,86,16,1009,1013.9,2.4,4.1,0,2025,0
2025-07-05 18:52:34,5,56,22.7,86,16,1009.1,1014,1.7,2,12,2025,0
2025-07-05 18:57:34,5,56,22.6,86,16,1008.9,1013.8,4.1,5.8,12,2025,0
2025-07-05 19:02:34,5,56,22.6,85,16,1009,1013.9,3.7,4.8,10,2025,0
2025-07-05 19:07:34,5,56,22.6,85,15.9,1008.7,1013.6,1.7,3.7,10,2025,0
2025-07-05 19:12:34,5,56,22.5,85,15.9,1008.8,1013.7,2,3.4,12,2025,0
2025-07-05 19:17:34,5,56,22.5,86,15.9,1008.7,1013.6,3.7,4.4,12,2025,0
2025-07-05 19:22:34,5,56,22.4,86,15.9,1008.7,1013.6,3.4,4.1,12,2025,0
2025-07-05 19:27:34,5,56,22.4,86,15.8,1008.6,1013.5,2.7,3.7,12,2025,0
2025-07-05 19:32:34,5,56,22.4,87,15.8,1008.7,1013.6,3.7,4.8,10,2025,0
2025-07-05 19:37:34,5,56,22.3,88,15.8,1008.6,1013.5,4.1,6.5,12,2025,0
2025-07-05 19:42:34,5,56,22.2,88,15.8,1008.7,1013.6,2.4,2.7,0,2025,0
2025-07-05 19:47:34,5,56,22.2,88,15.8,1008.6,1013.5,2,2.7,12,2025,0
2025-07-05 19:52:34,5,56,22.2,89,15.7,1008.8,1013.7,3.1,4.1,12,2025,0
2025-07-05 19:57:34,5,56,22.2,89,15.7,1008.6,1013.5,2,3.1,12,2025,0
2025-07-05 20:02:34,5,56,22.2,89,15.7,1008.6,1013.5,2.4,3.4,8,2025,0
2025-07-05 20:07:34,5,56,22.1,89,15.6,1008.7,1013.6,1.7,2.4,10,2025,0
2025-07-05 20:12:34,5,56,22.1,90,15.6,1008.6,1013.5,2,2.7,12,2025,0
2025-07-05 20:17:34,5,56,22.1,90,15.5,1008.5,1013.4,2.4,3.4,12,2025,0
2025-07-05 20:22:34,5,56,22.1,91,15.5,1008.6,1013.5,2,3.7,12,2025,0
2025-07-05 20:27:34,5,56,22,91,15.5,1008.7,1013.6,3.4,4.4,12,2025,0
2025-07-05 20:32:34,5,57,22,92,15.4,1008.5,1013.4,2,3.1,12,2025,0
2025-07-05 20:37:34,5,57,22,92,15.4,1008.4,1013.3,1.4,2,14,2025,0
2025-07-05 20:42:34,5,58,21.9,93,15.4,1008.5,1013.4,3.1,4.1,12,2025,0
2025-07-05 20:47:34,5,58,21.9,93,15.4,1008.4,1013.3,1.7,2.4,8,2025,0
2025-07-05 20:52:34,5,58,21.9,93,15.4,1008.4,1013.3,2,2.7,14,2025,0
2025-07-05 20:57:34,5,58,21.9,94,15.4,1008.5,1013.4,1,1.7,12,2025,0
2025-07-05 21:02:34,5,58,21.8,94,15.4,1008.4,1013.3,1.4,1.7,10,2025,0
2025-07-05 21:07:34,5,58,21.8,94,15.3,1008.5,1013.4,2.4,3.1,12,2025,0
2025-07-05 21:12:34,5,58,21.8,94,15.3,1008.5,1013.4,2.7,3.1,10,2025,0
2025-07-05 21:17:34,5,58,21.8,94,15.3,1008.4,1013.3,2.4,3.4,11,2025,0
2025-07-05 21:22:34,5,58,21.7,94,15.3,1008.2,1013.1,2.4,3.1,10,2025,0
2025-07-05 21:27:34,5,58,21.7,94,15.3,1008.2,1013.1,2,2.7,10,2025,0
2025-07-05 21:32:34,5,58,21.6,94,15.3,1008.2,1013.1,2.4,3.4,12,2025,0
2025-07-05 21:37:34,5,58,21.5,95,15.2,1008.2,1013.1,1.7,2.4,12,2025,0
2025-07-05 21:42:34,5,58,21.5,95,15.2,1008,1012.9,2.4,2.7,12,2025,0
2025-07-05 21:47:34,5,59,21.5,95,15.2,1008,1012.9,1.4,2,8,2025,0
2025-07-05 21:52:34,5,59,21.5,95,15.2,1007.8,1012.7,2.4,3.4,12,2025,0
2025-07-05 21:57:34,5,59,21.5,96,15.2,1007.7,1012.6,1.7,2,8,2025,0
2025-07-05 22:02:34,5,59,21.5,96,15.2,1007.7,1012.6,1.4,2,10,2025,0
2025-07-05 22:07:34,5,59,21.5,96,15.2,1007.8,1012.7,2,2.7,14,2025,0
2025-07-05 22:12:34,5,59,21.4,96,15.2,1007.9,1012.8,2,2.7,10,2025,0
2025-07-05 22:17:34,5,59,21.4,97,15.3,1008.2,1013.1,1.4,2.4,8,2025,0
2025-07-05 22:22:34,5,59,21.4,97,15.3,1008,1012.9,1,1.7,14,2025,0
2025-07-05 22:27:34,5,59,21.4,97,15.3,1008,1012.9,3.1,3.7,10,2025,0
2025-07-05 22:32:34,5,59,21.4,97,15.3,1007.9,1012.8,1.7,2.7,10,2025,0
2025-07-05 22:37:34,5,59,21.4,97,15.4,1007.8,1012.7,2,2.7,10,2025,0
2025-07-05 22:42:34,5,59,21.4,98,15.4,1007.8,1012.7,2,3.1,14,2025,0
2025-07-05 22:47:34,5,59,21.4,98,15.4,1007.8,1012.7,1.7,2.4,12,2025,0
2025-07-05 22:52:34,5,59,21.4,99,15.4,1007.6,1012.5,1.7,2.7,12,2025,0
2025-07-05 22:57:34,5,59,21.4,99,15.4,1007.4,1012.3,1.7,2.4,8,2025,0
2025-07-05 23:02:34,5,59,21.1,99,15.4,1007.6,1012.5,2.4,3.4,12,2025.3,0
2025-07-05 23:07:34,5,59,21,99,15.4,1007.7,1012.6,2.4,3.4,10,2025.3,0
2025-07-05 23:12:34,5,59,21,99,15.4,1007.6,1012.5,2.4,4.4,12,2025.3,0
2025-07-05 23:17:34,5,59,21,99,15.4,1007.5,1012.4,0.7,1.4,13,2025.3,0
2025-07-05 23:22:34,5,59,21,99,15.3,1007.5,1012.4,2.4,3.1,10,2025.3,0
2025-07-05 23:27:34,5,59,21.1,99,15.3,1007.5,1012.4,1,1.7,0,2025.3,0
2025-07-05 23:32:34,5,59,21,99,15.3,1007.5,1012.4,1.4,2,13,2025.3,0
2025-07-05 23:37:34,5,59,21,99,15.3,1007.7,1012.6,1.4,1.7,14,2025.3,0
2025-07-05 23:42:34,5,59,21,99,15.3,1007.6,1012.5,2,2.7,10,2025.3,0
2025-07-05 23:47:34,5,59,21.1,99,15.2,1007.6,1012.5,2,2.7,10,2025.3,0
2025-07-05 23:52:34,5,59,21,99,15.2,1007.7,1012.6,2,2.7,12,2025.3,0
2025-07-05 23:57:36,5,59,21.1,99,15.1,1007.7,1012.6,1.7,2,12,2025.3,0
