2016-01-04 00:02:59,5,62,19.9,76,6.5,968,972.9,0.3,1,1,26.4,0
2016-01-04 00:07:59,5,62,19.9,76,6.6,968,972.9,0.3,1,4,26.4,0
2016-01-04 00:12:59,5,62,19.9,76,6.7,968.1,973,0.3,0.7,4,26.4,0
2016-01-04 00:17:59,5,62,19.9,76,6.7,968.1,973,0.3,0.7,2,26.4,0
2016-01-04 00:22:59,5,62,19.9,76,6.7,968.1,973,1.4,1.7,9,26.4,0
2016-01-04 00:27:59,5,62,19.9,76,6.7,968,972.9,0.3,1.4,4,26.4,0
2016-01-04 00:32:59,5,62,19.9,76,6.6,968.1,973,1,1.7,10,26.4,0
2016-01-04 00:37:59,5,62,19.9,76,6.6,968.1,973,0.7,1.4,4,26.4,0
2016-01-04 00:42:59,5,62,19.9,76,6.6,968,972.9,0.7,1.4,10,26.4,0
2016-01-04 00:47:59,5,62,19.9,76,6.6,967.9,972.8,0.7,1,8,26.4,0
2016-01-04 00:52:59,5,62,19.9,76,6.6,968,972.9,0.7,1.7,8,26.4,0
2016-01-04 00:57:59,5,62,19.9,76,6.6,967.9,972.8,0.3,1,4,26.4,0
2016-01-04 01:02:59,5,62,19.9,76,6.6,968,972.9,0.3,1,4,26.4,0
2016-01-04 01:07:59,5,62,19.9,75,6.6,968,972.9,1,2,4,26.4,0
2016-01-04 01:12:59,5,62,19.9,75,6.6,967.9,972.8,0,0.3,10,26.4,0
2016-01-04 01:17:59,5,62,19.9,75,6.6,967.9,972.8,0.3,0.7,3,26.4,0
2016-01-04 01:22:59,5,62,19.9,75,6.6,968,972.9,1.4,2.4,4,26.4,0
2016-01-04 01:27:59,5,62,19.9,75,6.5,967.8,972.7,1,1.7,4,26.4,0
2016-01-04 01:32:59,5,62,19.9,75,6.5,967.8,972.7,1.4,2,4,26.4,0
2016-01-04 01:37:59,5,62,19.9,75,6.4,967.8,972.7,1.4,2,12,26.4,0
2016-01-04 01:42:59,5,62,19.9,75,6.2,967.7,972.6,1.4,2,2,26.4,0
2016-01-04 01:47:59,5,62,19.9,75,6.1,967.7,972.6,1.4,2,4,26.4,0
2016-01-04 01:52:59,5,62,19.9,76,6.1,967.8,972.7,1,1.7,4,26.4,0
2016-01-04 01:57:59,5,62,19.9,76,6.2,967.8,972.7,1.4,2,8,26.4,0
2016-01-04 02:02:59,5,62,19.9,76,6.2,967.8,972.7,1.4,2,4,26.4,0
2016-01-04 02:07:59,5,62,19.9,76,6.2,967.8,972.7,1.4,2.7,12,26.4,0
2016-01-04 02:12:59,5,61,19.9,76,6.3,967.8,972.7,1.4,2,4,26.4,0
2016-01-04 02:17:59,5,61,19.9,76,6.3,967.7,972.6,1.7,2.4,4,26.4,0
2016-01-04 02:22:59,5,61,19.9,76,6.2,967.7,972.6,1.4,1.7,4,26.4,0
2016-01-04 02:27:59,5,61,19.9,76,6.2,967.9,972.8,1.7,2.4,4,26.4,0
2016-01-04 02:32:59,5,61,19.8,76,6.2,967.7,972.6,1.7,2.4,4,26.4,0
2016-01-04 02:37:59,5,61,19.8,76,6.2,967.8,972.7,1.4,2.4,4,26.4,0
2016-01-04 02:42:59,5,61,19.8,76,6.1,967.9,972.8,1,1.7,4,26.4,0
2016-01-04 02:47:59,5,61,19.8,76,6,967.9,972.8,1.4,1.7,4,26.4,0
2016-01-04 02:52:59,5,61,19.8,77,5.9,968,972.9,0.7,1.4,4,26.4,0
2016-01-04 02:57:59,5,61,19.8,77,5.8,968,972.9,1,2,4,26.4,0
2016-01-04 03:02:59,5,61,19.8,77,5.8,967.9,972.8,1.4,2,8,26.4,0
2016-01-04 03:07:59,5,61,19.8,77,5.6,967.9,972.8,1.4,2,4,26.4,0
2016-01-04 03:12:59,5,61,19.8,77,5.6,968,972.9,1.7,2.4,4,26.4,0
2016-01-04 03:17:59,5,61,19.8,77,5.7,968.1,973,1,1.7,4,26.4,0
2016-01-04 03:22:59,5,61,19.7,77,5.7,968,972.9,1,1.4,4,26.4,0
2016-01-04 03:27:59,5,61,19.7,77,5.7,967.9,972.8,1,1.7,4,26.4,0
2016-01-04 03:32:59,5,61,19.7,77,5.7,968.1,973,0.7,1.4,4,26.4,0
2016-01-04 03:37:59,5,61,19.7,77,5.8,968,972.9,1,1.4,4,26.4,0
2016-01-04 03:42:59,5,61,19.7,77,5.8,968.1,973,1,2,4,26.4,0
2016-01-04 03:47:59,5,61,19.7,77,5.8,967.9,972.8,2,2.4,4,26.4,0
2016-01-04 03:52:59,5,61,19.7,77,5.9,967.9,972.8,1.7,2.4,4,26.4,0
2016-01-04 03:57:59,5,61,19.7,77,5.9,968,972.9,2,3.1,4,26.4,0
2016-01-04 04:02:59,5,61,19.7,76,6,968.1,973,1.7,3.1,4,26.4,0
2016-01-04 04:07:59,5,61,19.7,77,5.9,967.9,972.8,1.4,2.4,4,26.4,0
2016-01-04 04:12:59,5,61,19.7,77,5.9,968,972.9,1.7,2.4,4,26.4,0
2016-01-04 04:17:59,5,61,19.7,77,5.8,967.9,972.8,1,1.4,4,26.4,0
2016-01-04 04:22:59,5,61,19.7,77,5.8,968.1,973,0.7,1,4,26.4,0
2016-01-04 04:27:59,5,61,19.7,78,5.8,968,972.9,1.4,1.7,4,26.4,0
2016-01-04 04:32:59,5,61,19.7,78,5.8,968,972.9,1,1.7,12,26.4,0
2016-01-04 04:37:59,5,61,19.6,78,5.9,968,972.9,1.4,1.7,12,26.4,0
2016-01-04 04:42:59,5,61,19.7,78,5.9,968.1,973,1,1.7,4,26.4,0
2016-01-04 04:47:59,5,61,19.7,78,5.9,968,972.9,1.4,1.7,4,26.4,0
2016-01-04 04:52:59,5,61,19.6,78,5.9,967.9,972.8,0.7,1.4,4,26.4,0
2016-01-04 04:57:59,5,61,19.6,78,5.9,967.8,972.7,0.7,1,14,26.4,0
2016-01-04 05:02:59,5,61,19.7,77,6,967.9,972.8,0.3,0.7,8,26.4,0
2016-01-04 05:07:59,5,61,19.6,77,6,967.8,972.7,0.3,1,4,26.4,0
2016-01-04 05:12:59,5,61,19.7,77,6.1,968,972.9,1,1.4,4,26.4,0
2016-01-04 05:17:59,5,61,19.6,77,6.1,967.9,972.8,1.4,2,4,26.4,0
2016-01-04 05:22:59,5,61,19.6,77,6.1,968,972.9,1.4,2,4,26.4,0
2016-01-04 05:27:59,5,61,19.6,77,6.1,968,972.9,1.4,2,4,26.4,0
2016-01-04 05:32:59,5,61,19.6,77,6.1,968,972.9,1.7,2.4,4,26.4,0
2016-01-04 05:37:59,5,61,19.6,77,6.1,968,972.9,0.7,1,4,26.4,0
2016-01-04 05:42:59,5,61,19.6,77,6.1,968,972.9,1.7,2,4,26.4,0
2016-01-04 05:47:59,5,61,19.6,77,6.1,968.1,973,1,2,11,26.4,0
2016-01-04 05:52:59,5,61,19.6,77,6.1,968,972.9,1.4,2,4,26.4,0
2016-01-04 05:57:59,5,61,19.6,77,6.1,968.1,973,0.7,1.7,4,26.4,0
2016-01-04 06:02:59,5,61,19.6,77,6.1,968.1,973,1,2,4,26.7,0
2016-01-04 06:07:59,5,61,19.6,77,6.1,968,972.9,0.7,1.4,4,26.7,0
2016-01-04 06:12:59,5,61,19.5,77,6.1,968.2,973.1,1,1.4,4,26.7,0
2016-01-04 06:17:59,5,61,19.5,77,6.1,968.3,973.2,0.7,1,4,26.7,0
2016-01-04 06:22:59,5,61,19.5,77,6.1,968.3,973.2,0.7,1.4,4,26.7,0
2016-01-04 06:27:59,5,61,19.5,77,6.1,968.2,973.1,0.3,1,8,26.7,0
2016-01-04 06:32:59,5,61,19.5,77,6.1,968.2,973.1,0,0.3,4,26.7,0
2016-01-04 06:37:59,5,61,19.5,77,6.1,968.2,973.1,0.3,1,4,26.7,0
2016-01-04 06:42:59,5,61,19.5,77,6.1,968.3,973.2,0.3,0.7,8,26.7,0
2016-01-04 06:47:59,5,61,19.5,77,6.2,968.4,973.3,0,0.7,2,27,0
2016-01-04 06:52:59,5,61,19.5,77,6.2,968.3,973.2,0,0.7,8,27,0
2016-01-04 06:57:59,5,61,19.5,77,6.3,968.3,973.2,0,0.3,0,27,0
2016-01-04 07:02:59,5,61,19.5,78,6.3,968.3,973.2,0.7,1.4,9,27.3,0
2016-01-04 07:07:59,5,61,19.5,78,6.4,968.3,973.2,0.3,0.7,10,27.3,0
2016-01-04 07:12:59,5,61,19.5,78,6.4,968.2,973.1,0,0.7,4,27.3,0
2016-01-04 07:17:59,5,61,19.5,78,6.5,968.3,973.2,0.7,1,10,27.3,0
2016-01-04 07:22:59,5,61,19.5,78,6.5,968.4,973.3,1.4,2,10,27.6,0
2016-01-04 07:27:59,5,61,19.5,78,6.5,968.3,973.2,0.3,0.7,10,27.6,0
2016-01-04 07:32:59,5,61,19.5,78,6.5,968.3,973.2,0.3,0.7,10,27.6,0
2016-01-04 07:37:59,5,61,19.5,78,6.5,968.4,973.3,0,0.3,0,27.6,0
2016-01-04 07:42:59,5,61,19.5,78,6.4,968.5,973.4,0.3,0.7,2,27.6,0
2016-01-04 07:47:59,5,61,19.5,77,6.4,968.5,973.4,0.3,0.7,10,27.9,0
2016-01-04 07:52:59,5,61,19.5,77,6.3,968.6,973.5,0,0.3,2,27.9,0
2016-01-04 07:57:59,5,61,19.5,77,6.2,968.5,973.4,0.3,0.7,4,27.9,0
2016-01-04 08:02:58,5,61,19.5,77,6,968.6,973.5,0.3,0.7,4,27.9,0
2016-01-04 08:07:58,5,61,19.5,78,5.9,968.7,973.6,0,0.3,4,27.9,0
2016-01-04 08:12:58,5,61,19.5,78,5.7,968.7,973.6,0.3,1,4,27.9,0
2016-01-04 08:17:58,5,61,19.5,78,5.6,968.8,973.7,0,0.3,4,27.9,0
2016-01-04 08:22:58,5,61,19.4,78,5.5,968.8,973.7,0,0,0,27.9,0
2016-01-04 08:27:58,5,60,19.4,78,5.4,968.8,973.7,0,0.3,4,27.9,0
2016-01-04 08:32:58,5,60,19.4,78,5.3,968.7,973.6,0,0,4,27.9,0
2016-01-04 08:37:58,5,60,19.4,78,5.3,968.8,973.7,0,0.3,4,27.9,0
2016-01-04 08:42:58,5,60,19.4,78,5.3,968.8,973.7,0.3,0.7,4,27.9,0
2016-01-04 08:47:58,5,60,19.4,78,5.3,968.8,973.7,0,0.3,4,27.9,0
2016-01-04 08:52:58,5,60,19.4,78,5.2,968.8,973.7,0,0.3,0,27.9,0
2016-01-04 08:57:58,5,60,19.4,78,5,968.7,973.6,0,0.3,2,27.9,0
2016-01-04 09:02:58,5,60,19.4,79,4.9,968.9,973.8,0.3,0.7,2,27.9,0
2016-01-04 09:07:58,5,60,19.4,78,5,968.8,973.7,0.3,0.7,4,27.9,0
2016-01-04 09:12:58,5,60,19.4,78,5.2,968.9,973.8,0.3,0.7,4,27.9,0
2016-01-04 09:17:58,5,60,19.4,78,5.3,968.9,973.8,0,0.3,4,27.9,0
2016-01-04 09:22:58,5,60,19.3,78,5.3,969.1,974,0.3,0.7,4,27.9,0
2016-01-04 09:27:58,5,60,19.3,78,5.5,969.1,974,0.3,0.7,4,27.9,0
2016-01-04 09:32:58,5,60,19.3,78,5.5,969.2,974.1,0.3,1,4,27.9,0
2016-01-04 09:37:58,5,60,19.3,78,5.5,969.2,974.1,0.3,0.7,4,27.9,0
2016-01-04 09:42:58,5,60,19.3,78,5.5,969,973.9,0.3,0.7,4,27.9,0
2016-01-04 09:47:58,5,60,19.3,78,5.5,969.2,974.1,0,0.3,4,27.9,0
2016-01-04 09:52:58,5,60,19.3,79,5.6,969.3,974.2,0,0,4,27.9,0
2016-01-04 09:57:58,5,60,19.3,79,5.7,969.3,974.2,0,0,4,27.9,0
2016-01-04 10:02:58,5,60,19.3,79,5.7,969.3,974.2,0,0.3,4,27.9,0
2016-01-04 10:07:58,5,60,19.3,79,5.8,969.1,974,0,0.3,4,27.9,0
2016-01-04 10:12:58,5,60,19.3,79,5.9,969.4,974.3,0,0.3,4,27.9,0
2016-01-04 10:17:58,5,60,19.3,78,6,969.3,974.2,0,0.3,4,27.9,0
2016-01-04 10:22:58,5,60,19.3,78,6.1,969.3,974.2,0.3,1,10,27.9,0
2016-01-04 10:27:58,5,61,19.3,78,6.2,969.4,974.3,0.7,1,10,27.9,0
2016-01-04 10:32:58,5,61,19.3,78,6.4,969.5,974.4,0.3,0.7,10,27.9,0
2016-01-04 10:37:58,5,61,19.3,78,6.5,969.3,974.2,0.7,1.4,8,27.9,0
2016-01-04 10:42:58,5,61,19.3,78,6.5,969.5,974.4,0,0.3,4,27.9,0
2016-01-04 10:47:58,5,61,19.3,78,6.6,969.6,974.5,0,0.3,8,27.9,0
2016-01-04 10:52:58,5,61,19.3,78,6.6,969.4,974.3,0.7,1,4,27.9,0
2016-01-04 10:57:58,5,61,19.3,78,6.7,969.5,974.4,0.3,0.7,4,27.9,0
2016-01-04 11:02:58,5,61,19.3,78,6.7,969.5,974.4,0.3,0.7,2,27.9,0
2016-01-04 11:07:58,5,61,19.3,78,6.9,969.3,974.2,0,0.7,2,27.9,0
2016-01-04 11:12:58,5,61,19.3,77,7.1,969.4,974.3,0.7,1.4,4,27.9,0
2016-01-04 11:17:58,5,61,19.3,77,7.5,969.3,974.2,1.4,2,4,27.9,0
2016-01-04 11:22:58,5,61,19.3,78,7.8,969.5,974.4,1,1.7,4,27.9,0
2016-01-04 11:27:58,5,61,19.4,77,8.2,969.6,974.5,1,1.7,4,27.9,0
2016-01-04 11:32:58,5,61,19.4,77,8.1,969.4,974.3,0,0.3,4,27.9,0
2016-01-04 11:37:58,5,58,19.4,77,8.2,969.3,974.2,0.7,1,4,27.9,0
2016-01-04 11:42:58,5,56,19.2,77,8.1,969.3,974.2,0.3,1,3,27.9,0
2016-01-04 11:47:58,5,57,19.2,77,8.2,969.3,974.2,0.3,1,4,27.9,0
2016-01-04 11:52:58,5,58,19.2,77,8.3,969.5,974.4,0.3,0.7,4,27.9,0
2016-01-04 11:57:58,5,58,19.2,77,8.4,969.5,974.4,0.3,0.7,4,27.9,0
2016-01-04 12:02:58,5,58,19.2,77,8.5,969.5,974.4,0.7,1,14,27.9,0
2016-01-04 12:07:58,5,59,19.2,77,8.3,969.4,974.3,0.3,1,4,27.9,0
2016-01-04 12:12:58,5,59,19.2,77,8.3,969.4,974.3,0,0.3,14,27.9,0
2016-01-04 12:17:58,5,59,19.2,77,8.4,969.5,974.4,0,0.3,2,27.9,0
2016-01-04 12:22:58,5,59,19.2,77,8.5,969.3,974.2,0,0,4,27.9,0
2016-01-04 12:27:58,5,59,19.2,77,8.5,969.4,974.3,0.7,1,0,27.9,0
2016-01-04 12:32:58,5,59,19.2,76,8.3,969.5,974.4,3.1,4.1,0,27.9,0
2016-01-04 12:37:58,5,59,19.2,76,7.5,969.2,974.1,2,2.7,0,27.9,0
2016-01-04 12:42:58,5,59,19.2,75,7.2,969.3,974.2,2,2.7,2,27.9,0
2016-01-04 12:47:58,5,59,19.2,76,6.8,969.5,974.4,2,3.1,0,27.9,0
2016-01-04 12:52:58,5,60,19.2,76,6.7,969.5,974.4,2,2.7,0,27.9,0
2016-01-04 12:57:58,5,60,19.2,77,6.6,969.4,974.3,1.4,2.4,0,27.9,0
2016-01-04 13:02:58,5,60,19.2,77,6.5,969.4,974.3,2,2.4,0,27.9,0
2016-01-04 13:07:58,5,60,19.2,77,6.4,969.4,974.3,1.4,1.7,0,27.9,0
2016-01-04 13:12:58,5,60,19.2,77,6.4,969.3,974.2,2,2.4,0,27.9,0
2016-01-04 13:17:58,5,60,19.2,77,6.4,969.5,974.4,2,2.7,0,27.9,0
2016-01-04 13:22:58,5,59,19.2,77,6.4,969.5,974.4,1.7,2.4,0,27.9,0
2016-01-04 13:27:58,5,59,19.1,77,6.4,969.5,974.4,1.4,2,0,27.9,0
2016-01-04 13:32:58,5,59,19.2,77,6.4,969.5,974.4,1.7,2.4,0,27.9,0
2016-01-04 13:37:58,5,59,19.2,77,6.4,969.7,974.6,1.4,2.4,0,27.9,0
2016-01-04 13:42:58,5,59,19.2,77,6.5,969.6,974.5,1.4,2,0,27.9,0
2016-01-04 13:47:58,5,59,19.2,78,6.5,969.7,974.6,1,1.7,0,27.9,0
2016-01-04 13:52:58,5,59,19.2,78,6.5,969.6,974.5,1.4,2,14,27.9,0
2016-01-04 13:57:58,5,60,19.1,78,6.6,969.7,974.6,1.4,2,0,27.9,0
2016-01-04 14:02:58,5,60,19.2,78,6.8,969.7,974.6,1.4,2,0,27.9,0
2016-01-04 14:07:58,5,60,19.2,78,6.9,969.7,974.6,1.4,2,0,27.9,0
2016-01-04 14:12:58,5,60,19.2,77,7,969.7,974.6,1.4,2,2,27.9,0
2016-01-04 14:17:58,5,60,19.2,77,7.1,969.7,974.6,1.7,2.7,2,27.9,0
2016-01-04 14:22:58,5,60,19.2,77,7.3,969.8,974.7,1,1.7,0,27.9,0
2016-01-04 14:27:58,5,60,19.3,77,7.5,969.6,974.5,1,1.7,0,27.9,0
2016-01-04 14:32:58,5,60,19.3,77,7.6,969.6,974.5,1.7,2.4,2,27.9,0
2016-01-04 14:37:58,5,60,19.3,77,7.7,969.7,974.6,1.4,1.7,0,27.9,0
2016-01-04 14:42:58,5,60,19.4,77,8,969.7,974.6,2,2.7,2,27.9,0
2016-01-04 14:47:58,5,60,19.4,77,8.1,969.8,974.7,2,3.1,0,27.9,0
2016-01-04 14:52:58,5,60,19.4,77,8.1,969.8,974.7,2,2.4,0,27.9,0
2016-01-04 14:57:58,5,60,19.4,77,8.1,969.8,974.7,2,2.4,0,27.9,0
2016-01-04 15:02:58,5,60,19.4,76,8,969.9,974.8,2,2.4,0,27.9,0
2016-01-04 15:07:58,5,60,19.5,76,7.8,969.9,974.8,1.4,1.7,0,27.9,0
2016-01-04 15:12:58,5,60,19.5,76,7.7,969.9,974.8,1.7,2.7,0,28.2,0
2016-01-04 15:17:58,5,60,19.5,76,7.3,970,974.9,1.7,2.7,0,28.2,0
2016-01-04 15:22:58,5,60,19.5,75,7.1,969.9,974.8,2,3.1,14,28.2,0
2016-01-04 15:27:58,5,60,19.4,77,6.9,970.1,975,1.7,2.4,0,28.2,0
2016-01-04 15:32:58,5,60,19.4,77,6.9,970.1,975,1.4,1.7,0,28.2,0
2016-01-04 15:37:58,5,60,19.4,77,6.9,970.2,975.1,2.7,3.4,14,28.2,0
2016-01-04 15:42:58,5,60,19.4,77,6.8,970.2,975.1,2.4,3.1,15,28.2,0
2016-01-04 15:47:58,5,60,19.4,77,6.7,970.4,975.3,2.4,4.1,14,28.2,0
2016-01-04 15:52:58,5,60,19.4,77,6.6,970.4,975.3,3.4,4.1,14,28.2,0
2016-01-04 15:57:58,5,60,19.3,77,6.5,970.4,975.3,2,3.4,12,28.2,0
2016-01-04 16:02:58,5,60,19.4,77,6.4,970.6,975.5,2,3.1,14,28.2,0
2016-01-04 16:07:58,5,56,19.3,77,6.4,970.5,975.4,2.4,3.1,14,28.2,0
2016-01-04 16:12:58,5,54,19.2,77,6.4,970.6,975.5,1,1.4,14,28.2,0
2016-01-04 16:17:58,5,54,19,77,6.4,970.6,975.5,1,1.7,13,28.2,0
2016-01-04 16:22:58,5,55,19,77,6.4,970.7,975.6,1,1.4,12,28.2,0
2016-01-04 16:27:58,5,56,18.9,77,6.3,970.8,975.7,1.4,2.4,14,28.2,0
2016-01-04 16:32:58,5,57,18.9,77,6.3,970.8,975.7,1,1.7,14,28.2,0
2016-01-04 16:37:58,5,57,18.9,78,6.3,970.8,975.7,2,2,12,28.2,0
2016-01-04 16:42:58,5,57,18.9,78,6.3,970.9,975.8,1,1.7,14,28.2,0
2016-01-04 16:47:58,5,57,18.8,78,6.3,970.9,975.8,1.4,1.7,14,28.2,0
2016-01-04 16:52:58,5,57,18.8,78,6.3,970.9,975.8,0.3,1,0,28.2,0
2016-01-04 16:57:58,5,58,18.8,78,6.3,970.9,975.8,1.4,1.7,14,28.2,0
2016-01-04 17:02:58,5,58,18.8,78,6.3,971.1,976,0.7,1.4,14,28.2,0
2016-01-04 17:07:58,5,58,18.8,78,6.3,971.1,976,0.3,0.7,14,28.2,0
2016-01-04 17:12:58,5,58,18.8,78,6.2,971.1,976,1,1.7,12,28.2,0
2016-01-04 17:17:58,5,58,18.8,78,6.2,971.2,976.1,1,1.7,12,28.2,0
2016-01-04 17:22:58,5,58,18.8,78,6.2,971.3,976.2,1,1.7,14,28.2,0
2016-01-04 17:27:58,5,58,18.8,78,6.2,971.3,976.2,1,1.4,14,28.2,0
2016-01-04 17:32:58,5,58,18.8,78,6.2,971.3,976.2,1,1.4,12,28.2,0
2016-01-04 17:37:58,5,58,18.8,78,6.2,971.3,976.2,1,1.4,11,28.2,0
2016-01-04 17:42:58,5,58,18.8,78,6.2,971.6,976.5,1,2,14,28.2,0
2016-01-04 17:47:58,5,59,18.8,78,6.2,971.5,976.4,1,1.7,14,28.2,0
2016-01-04 17:52:58,5,59,18.8,78,6.1,971.4,976.3,1,2,12,28.2,0
2016-01-04 17:57:58,5,59,18.8,78,6.1,971.6,976.5,1.7,2,14,28.2,0
2016-01-04 18:02:58,5,59,18.8,78,6.1,971.5,976.4,1.7,2.4,14,28.2,0
2016-01-04 18:07:58,5,59,18.8,78,6.1,971.6,976.5,1.4,2,14,28.2,0
2016-01-04 18:12:58,5,59,18.8,78,6.1,971.7,976.6,2,2.7,14,28.2,0
2016-01-04 18:17:58,5,59,18.8,78,6.1,971.8,976.7,1.4,2,12,28.2,0
2016-01-04 18:22:58,5,59,18.8,78,6.1,971.7,976.6,1.4,2,14,28.2,0
2016-01-04 18:27:58,5,59,18.8,78,6.1,971.7,976.6,1.7,2.4,12,28.5,0
2016-01-04 18:32:58,5,59,18.8,78,6.1,972,976.9,1,1.4,14,28.5,0
2016-01-04 18:37:58,5,59,18.8,78,6.1,971.9,976.8,1.7,2.4,12,28.5,0
2016-01-04 18:42:58,5,59,18.8,78,6.1,972,976.9,1.4,2,12,28.5,0
2016-01-04 18:47:58,5,59,18.8,78,6.1,972,976.9,0.7,1.4,14,28.5,0
2016-01-04 18:52:58,5,59,18.8,78,6.1,972,976.9,1.7,2,14,28.5,0
2016-01-04 18:57:58,5,59,18.8,78,6.1,972.1,977,1.7,2,14,28.5,0
2016-01-04 19:02:58,5,59,18.8,78,6.1,972.2,977.1,1.7,2.7,14,28.5,0
2016-01-04 19:07:58,5,59,18.8,78,6.1,972.2,977.1,2.4,2.7,14,28.5,0
2016-01-04 19:12:58,5,59,18.8,78,6.1,972.2,977.1,2,2.7,14,28.5,0
2016-01-04 19:17:58,5,59,18.8,78,6.1,972.3,977.2,1,1.7,14,28.5,0
2016-01-04 19:22:58,5,59,18.8,78,6.1,972.3,977.2,1.7,2,14,28.5,0
2016-01-04 19:27:58,5,59,18.8,78,6.1,972.3,977.2,1.7,2.4,14,28.5,0
2016-01-04 19:32:58,5,59,18.7,78,6.1,972.5,977.4,1.7,2.4,14,28.5,0
2016-01-04 19:37:58,5,59,18.8,78,6.1,972.4,977.3,2,3.4,14,28.5,0
2016-01-04 19:42:59,5,60,18.8,78,6.1,972.6,977.5,1.7,2.4,14,28.5,0
2016-01-04 19:47:59,5,60,18.8,78,6.1,972.6,977.5,1.7,2.4,14,28.5,0
2016-01-04 19:52:59,5,60,18.8,79,6.1,972.7,977.6,2,3.4,14,28.5,0
2016-01-04 19:57:59,5,60,18.9,79,6.1,972.6,977.5,2,2.7,14,28.5,0
2016-01-04 20:02:59,5,61,18.9,79,6.1,972.7,977.6,1.7,2,14,28.5,0
2016-01-04 20:07:59,5,60,19.1,79,6,972.8,977.7,1.4,2,14,28.5,0
2016-01-04 20:12:59,5,60,19.1,79,6,972.8,977.7,1.7,2.4,0,28.5,0
2016-01-04 20:17:59,5,60,19.1,79,6,972.7,977.6,2.4,3.1,14,28.5,0
2016-01-04 20:22:59,5,60,19.2,79,6,972.9,977.8,1,1.4,14,28.5,0
2016-01-04 20:27:59,5,61,19.3,79,6,972.9,977.8,1,1.7,14,28.5,0
2016-01-04 20:32:59,5,61,19.4,79,6,973,977.9,1.7,2,14,28.5,0
2016-01-04 20:37:59,5,61,19.5,79,6,973.2,978.1,1.7,1.7,14,28.5,0
2016-01-04 20:42:59,5,61,19.6,80,5.9,973.1,978,2,3.1,14,28.5,0
2016-01-04 20:47:59,5,61,19.7,79,6,973.3,978.2,2,2.7,14,28.5,0
2016-01-04 20:52:59,5,61,19.7,79,6,973.2,978.1,1.7,2.4,14,28.5,0
2016-01-04 20:57:59,5,61,19.8,79,6,973.1,978,1,1.4,14,28.5,0
2016-01-04 21:02:59,5,61,19.8,79,6,973.2,978.1,1.7,2,14,28.5,0
2016-01-04 21:07:59,5,60,20,79,6,973.1,978,1,1.7,14,28.5,0
2016-01-04 21:12:59,5,60,20,79,6,973.2,978.1,1,1.7,14,28.5,0
2016-01-04 21:17:59,5,60,20,79,6,973.3,978.2,0.7,1,12,28.5,0
2016-01-04 21:22:59,5,60,20.1,79,6,973.2,978.1,1.4,1.7,12,28.5,0
2016-01-04 21:27:59,5,60,20.2,79,6,973.3,978.2,1,1.4,12,28.5,0
2016-01-04 21:32:59,5,60,20.2,79,6,973.2,978.1,0.7,1,12,28.5,0
2016-01-04 21:37:59,5,60,20.2,79,6,973.4,978.3,1.4,2,12,28.5,0
2016-01-04 21:42:59,5,60,20.3,79,6,973.3,978.2,0.7,1,12,28.5,0
2016-01-04 21:47:59,5,60,20.3,79,6,973.2,978.1,1,1.4,12,28.5,0
2016-01-04 21:52:59,5,59,20.3,79,6,973.3,978.2,1,1.7,12,28.5,0
2016-01-04 21:57:59,5,59,20.2,79,6,973.3,978.2,0.7,1.4,12,28.5,0
2016-01-04 22:02:59,5,59,20.2,79,6,973.3,978.2,0.3,0.7,10,28.5,0
2016-01-04 22:07:59,5,59,20.2,79,6,973.4,978.3,0.3,1,12,28.5,0
2016-01-04 22:12:59,5,59,20.1,79,6,973.5,978.4,1.7,2,12,28.5,0
2016-01-04 22:17:59,5,59,20.1,79,6,973.4,978.3,1,1.4,12,28.5,0
2016-01-04 22:22:59,5,59,20,79,6,973.5,978.4,1.7,2,14,28.5,0
2016-01-04 22:27:59,5,59,20,79,6,973.5,978.4,1.7,2.4,14,28.5,0
2016-01-04 22:32:59,5,59,20,79,6,973.5,978.4,1.7,2,14,28.5,0
2016-01-04 22:37:59,5,59,20,79,6,973.6,978.5,1.7,2.7,14,28.5,0
2016-01-04 22:42:59,5,59,20,79,6,973.6,978.5,1.7,2.4,12,28.5,0
2016-01-04 22:47:59,5,59,20,79,6,973.7,978.6,1.4,1.7,12,28.5,0
2016-01-04 22:52:59,5,59,20,80,5.9,973.7,978.6,1.7,2.4,14,28.5,0
2016-01-04 22:57:59,5,60,19.9,80,5.9,973.6,978.5,1,1.7,12,28.5,0
2016-01-04 23:02:59,5,60,19.9,80,5.9,973.8,978.7,1.7,2.4,12,28.5,0
2016-01-04 23:07:59,5,60,19.9,80,5.9,973.9,978.8,1,1.7,12,28.5,0
2016-01-04 23:12:59,5,60,19.9,80,5.9,973.9,978.8,0.7,1.4,14,28.5,0
2016-01-04 23:17:59,5,60,19.9,80,5.8,973.8,978.7,1.4,1.7,12,28.5,0
2016-01-04 23:22:59,5,60,19.8,80,5.8,974,978.9,1.4,1.7,12,28.5,0
2016-01-04 23:27:59,5,60,19.9,80,5.8,974,978.9,0.7,1,14,28.5,0
2016-01-04 23:32:59,5,60,19.8,80,5.8,974,978.9,1,1.4,14,28.5,0
2016-01-04 23:37:59,5,60,19.8,80,5.7,973.9,978.8,1,1.4,14,28.5,0
2016-01-04 23:42:59,5,60,19.8,80,5.7,974.2,979.1,1,1.4,12,28.5,0
2016-01-04 23:47:59,5,60,19.8,80,5.7,974.1,979,0.7,1,14,28.5,0
2016-01-04 23:52:59,5,60,19.8,80,5.7,974.2,979.1,1,2,14,28.5,0
2016-01-04 23:57:59,5,60,19.8,80,5.7,974.1,979,1,1.7,12,28.5,0
