2016-01-12 00:00:58,5,55,18.9,66,3,993.6,998.5,2,2.4,10,58.8,0
2016-01-12 00:05:58,5,55,18.8,62,2.9,993.6,998.5,1.4,2.4,10,58.8,0
2016-01-12 00:10:58,5,55,18.8,63,2.8,993.8,998.7,1.4,2,14,58.8,0
2016-01-12 00:15:58,5,55,18.8,63,2.8,993.7,998.6,1,2,10,58.8,0
2016-01-12 00:20:58,5,55,18.8,63,2.9,993.7,998.6,1.7,2.7,10,58.8,0
2016-01-12 00:25:58,5,55,18.8,63,2.9,993.8,998.7,0.7,1.4,8,58.8,0
2016-01-12 00:30:58,5,55,18.8,68,3,993.8,998.7,1.7,3.1,12,58.8,0
2016-01-12 00:35:58,5,55,18.7,68,3.1,993.8,998.7,1.4,1.7,11,58.8,0
2016-01-12 00:40:58,5,55,18.7,67,3,993.7,998.6,2.4,3.7,12,58.8,0
2016-01-12 00:45:58,5,55,18.7,67,3.1,993.9,998.8,3.4,4.1,13,58.8,0
2016-01-12 00:50:58,5,55,18.7,67,3.3,993.9,998.8,3.4,6.8,12,58.8,0
2016-01-12 00:55:58,5,55,18.7,66,3.3,994.1,999,5.1,6.5,10,58.8,0
2016-01-12 01:00:58,5,55,18.7,66,3.3,994.1,999,2.4,3.1,14,58.8,0
2016-01-12 01:05:58,5,55,18.7,66,3.3,994.1,999,2.4,4.1,15,58.8,0
2016-01-12 01:10:58,5,55,18.7,66,3.3,994.2,999.1,3.1,4.1,12,58.8,0
2016-01-12 01:15:58,5,55,18.7,66,3.2,994.5,999.4,2.7,4.4,10,58.8,0
2016-01-12 01:20:58,5,54,18.7,66,3.3,994.7,999.6,3.7,4.4,12,58.8,0
2016-01-12 01:25:58,5,54,18.7,66,3.2,994.8,999.7,2.7,4.4,14,58.8,0
2016-01-12 01:30:58,5,54,18.7,66,3.1,994.8,999.7,4.1,5.8,12,58.8,0
2016-01-12 01:35:58,5,54,18.7,67,3.2,994.8,999.7,3.7,4.8,12,58.8,0
2016-01-12 01:40:58,5,54,18.7,68,3.4,994.7,999.6,6.5,7.5,14,58.8,0
2016-01-12 01:45:58,5,54,18.7,68,3.4,994.8,999.7,4.1,6.8,14,58.8,0
2016-01-12 01:50:58,5,54,18.7,68,3.2,994.6,999.5,2.4,3.1,12,58.8,0
2016-01-12 01:55:58,5,54,18.7,65,2.9,994.7,999.6,4.4,5.4,12,58.8,0
2016-01-12 02:00:58,5,54,18.7,65,2.8,994.9,999.8,2.7,5.1,10,58.8,0
2016-01-12 02:05:58,5,54,18.7,66,2.7,995,999.9,1.7,2.4,14,58.8,0
2016-01-12 02:10:58,5,54,18.7,66,2.6,995.1,1000,2.7,3.7,10,58.8,0
2016-01-12 02:15:58,5,54,18.7,66,2.6,995.2,1000.1,1.7,3.1,12,58.8,0
2016-01-12 02:20:58,5,54,18.7,66,2.5,995.2,1000.1,2.7,3.7,12,58.8,0
2016-01-12 02:25:58,5,54,18.6,66,2.5,995.3,1000.2,3.7,5.4,12,58.8,0
2016-01-12 02:30:58,5,54,18.6,66,2.7,995.2,1000.1,5.4,7.5,14,58.8,0
2016-01-12 02:35:58,5,54,18.6,69,3.1,995.3,1000.2,3.7,6.5,12,58.8,0
2016-01-12 02:40:58,5,54,18.6,69,3.1,995.4,1000.3,4.4,5.8,14,58.8,0
2016-01-12 02:45:58,5,54,18.6,68,3.2,995.5,1000.4,3.7,5.8,12,58.8,0
2016-01-12 02:50:58,5,54,18.6,68,3.2,995.7,1000.6,4.4,6.1,14,58.8,0
2016-01-12 02:55:58,5,54,18.6,68,3.2,995.9,1000.8,4.1,7.1,14,58.8,0
2016-01-12 03:00:58,5,54,18.5,69,3.1,995.9,1000.8,4.4,5.8,12,58.8,0
2016-01-12 03:05:58,5,54,18.5,69,3.2,996.1,1001,3.4,4.8,14,58.8,0
2016-01-12 03:10:58,5,54,18.5,69,3.1,996.2,1001.1,3.7,4.4,10,58.8,0
2016-01-12 03:15:58,5,54,18.6,69,3.1,996.1,1001,3.7,5.4,11,58.8,0
2016-01-12 03:20:58,5,54,18.5,69,3,996.1,1001,2.4,3.4,12,58.8,0
2016-01-12 03:25:58,5,53,18.5,65,2.8,996.1,1001,1.7,3.1,12,58.8,0
2016-01-12 03:30:58,5,53,18.5,65,2.6,996.2,1001.1,2,3.1,12,58.8,0
2016-01-12 03:35:58,5,53,18.5,65,2.5,996.3,1001.2,1,1.7,10,58.8,0
2016-01-12 03:40:58,5,53,18.5,65,2.3,996.3,1001.2,1.7,3.4,10,58.8,0
2016-01-12 03:45:58,5,53,18.5,66,2.4,996.3,1001.2,1.4,2,12,58.8,0
2016-01-12 03:50:58,5,53,18.4,66,2.7,996.3,1001.2,3.1,5.1,14,58.8,0
2016-01-12 03:55:58,5,53,18.5,65,2.9,996.4,1001.3,4.8,7.5,14,58.8,0
2016-01-12 04:00:58,5,53,18.4,68,3.3,996.5,1001.4,4.4,6.1,14,58.8,0
2016-01-12 04:05:58,5,53,18.4,67,3.5,996.6,1001.5,4.1,5.4,12,58.8,0
2016-01-12 04:10:58,5,53,18.4,67,3.4,996.6,1001.5,3.7,5.4,10,58.8,0
2016-01-12 04:15:58,5,53,18.4,67,3.3,996.8,1001.7,2.7,4.1,14,58.8,0
2016-01-12 04:20:58,5,53,18.4,67,3,996.6,1001.5,1.7,3.1,8,58.8,0
2016-01-12 04:25:58,5,53,18.4,63,2.8,996.7,1001.6,1.7,2.7,10,58.8,0
2016-01-12 04:30:58,5,53,18.4,64,2.9,996.6,1001.5,3.1,4.4,10,58.8,0
2016-01-12 04:35:58,5,53,18.4,68,3,996.7,1001.6,3.1,4.4,10,58.8,0
2016-01-12 04:40:58,5,53,18.4,68,3.1,996.8,1001.7,3.7,4.8,12,58.8,0
2016-01-12 04:45:58,5,53,18.4,68,3.2,996.8,1001.7,2.4,3.7,2,58.8,0
2016-01-12 04:50:58,5,53,18.4,68,3.3,996.9,1001.8,3.4,4.8,12,58.8,0
2016-01-12 04:55:58,5,53,18.3,68,3.3,997,1001.9,4.4,5.1,14,58.8,0
2016-01-12 05:00:58,5,53,18.3,68,3.4,997.2,1002.1,3.1,4.8,14,58.8,0
2016-01-12 05:05:58,5,53,18.3,68,3.4,997.4,1002.3,3.4,4.8,8,58.8,0
2016-01-12 05:10:58,5,53,18.3,68,3.4,997.2,1002.1,3.7,5.1,14,58.8,0
2016-01-12 05:15:58,5,53,18.2,68,3.3,997.2,1002.1,3.1,5.8,12,58.8,0
2016-01-12 05:20:58,5,53,18.3,68,3.3,997.3,1002.2,5.8,7.5,12,58.8,0
2016-01-12 05:25:58,5,53,18.3,68,3.4,997.5,1002.4,4.4,6.5,14,58.8,0
2016-01-12 05:30:58,5,53,18.3,67,3.4,997.4,1002.3,3.7,4.8,14,58.8,0
2016-01-12 05:35:58,5,53,18.2,67,3.3,997.6,1002.5,3.4,4.8,14,58.8,0
2016-01-12 05:40:58,5,52,18.3,67,3.3,997.5,1002.4,3.1,4.4,14,58.8,0
2016-01-12 05:45:58,5,52,18.3,67,3.3,997.6,1002.5,4.4,5.4,14,58.8,0
2016-01-12 05:50:58,5,52,18.2,67,3.3,997.8,1002.7,5.4,7.8,14,58.8,0
2016-01-12 05:55:58,5,52,18.2,67,3.4,997.7,1002.6,4.1,6.8,10,58.8,0
2016-01-12 06:00:58,5,52,18.2,66,3.5,997.8,1002.7,6.1,8.2,12,58.8,0
2016-01-12 06:05:58,5,52,18.2,66,3.7,998,1002.9,5.1,7.5,14,58.8,0
2016-01-12 06:10:58,5,52,18.2,65,3.6,998.1,1003,4.8,6.5,,58.8,0
2016-01-12 06:15:58,5,52,18.2,66,3.5,998.1,1003,4.8,6.1,14,58.8,0
2016-01-12 06:20:58,5,52,18.1,66,3.3,998.3,1003.2,4.4,5.4,14,58.8,0
2016-01-12 06:25:58,5,52,18.1,66,3.2,998.3,1003.2,4.1,6.1,12,58.8,0
2016-01-12 06:30:58,5,52,18.1,66,3.1,998.4,1003.3,3.7,5.1,14,58.8,0
2016-01-12 06:35:58,5,52,18.1,66,3.1,998.3,1003.2,4.8,5.8,14,58.8,0
2016-01-12 06:40:58,5,52,18.1,66,3.1,998.5,1003.4,3.4,4.8,14,58.8,0
2016-01-12 06:45:58,5,52,18.1,66,3.1,998.7,1003.6,2.7,4.4,12,58.8,0
2016-01-12 06:50:58,5,52,18.1,66,3.1,998.8,1003.7,3.7,5.1,12,58.8,0
2016-01-12 06:55:58,5,52,18.1,66,3.1,998.7,1003.6,2.7,4.1,10,58.8,0
2016-01-12 07:00:58,5,52,18.1,67,3.2,998.8,1003.7,3.7,5.8,12,58.8,0
2016-01-12 07:05:58,5,52,18.1,67,3.2,999,1003.9,2.7,4.1,14,58.8,0
2016-01-12 07:10:58,5,52,18.1,67,3.2,999,1003.9,5.1,6.8,14,58.8,0
2016-01-12 07:15:58,5,52,18.1,66,3.4,999.1,1004,5.4,8.5,12,58.8,0
2016-01-12 07:20:58,5,52,18.1,66,3.5,999.2,1004.1,4.4,7.1,14,58.8,0
2016-01-12 07:25:58,5,52,18.1,65,3.5,999.4,1004.3,4.8,7.1,14,58.8,0
2016-01-12 07:30:58,5,51,18.1,65,3.4,999.5,1004.4,7.5,8.8,14,58.8,0
2016-01-12 07:35:58,5,51,18.1,66,3.4,999.5,1004.4,5.1,7.5,14,58.8,0
2016-01-12 07:40:58,5,51,18.1,66,3.2,999.8,1004.7,3.4,4.4,12,58.8,0
2016-01-12 07:45:58,5,51,18.1,67,3,999.8,1004.7,5.4,6.8,12,58.8,0
2016-01-12 07:50:58,5,51,18.1,63,2.9,1000,1004.9,3.1,4.1,12,58.8,0
2016-01-12 07:55:58,5,51,18.1,63,2.9,1000,1004.9,3.4,4.1,12,58.8,0
2016-01-12 08:00:58,5,51,18.1,68,3,1000,1004.9,3.7,5.8,14,58.8,0
2016-01-12 08:05:58,5,51,18.1,68,3,1000.3,1005.2,3.1,4.1,12,58.8,0
2016-01-12 08:10:58,5,51,18.1,68,3,1000.2,1005.1,3.7,5.4,14,58.8,0
2016-01-12 08:15:58,5,51,18.1,68,3.1,1000.3,1005.2,2.4,3.7,10,58.8,0
2016-01-12 08:20:58,5,51,18,68,3,1000.5,1005.4,2.7,3.7,10,58.8,0
2016-01-12 08:25:58,5,51,18,68,3,1000.4,1005.3,3.7,6.1,12,58.8,0
2016-01-12 08:30:58,5,51,18,64,2.9,1000.5,1005.4,3.7,4.8,12,58.8,0
2016-01-12 08:35:58,5,51,18,64,2.9,1000.6,1005.5,3.4,4.4,14,58.8,0
2016-01-12 08:40:58,5,51,18,68,3,1000.8,1005.7,4.8,6.5,13,58.8,0
2016-01-12 08:45:58,5,51,18,68,3.1,1000.8,1005.7,4.8,6.8,12,58.8,0
2016-01-12 08:50:58,5,51,18,67,3.1,1001,1005.9,4.4,7.5,14,58.8,0
2016-01-12 08:55:58,5,51,18,67,3.2,1001.1,1006,3.1,3.7,12,58.8,0
2016-01-12 09:00:58,5,51,18,67,3.1,1001.2,1006.1,2.7,4.4,13,58.8,0
2016-01-12 09:05:58,5,51,18,66,3.1,1001.5,1006.4,2.7,3.7,12,58.8,0
2016-01-12 09:10:58,5,51,18,66,3,1001.4,1006.3,4.4,6.1,14,58.8,0
2016-01-12 09:15:58,5,50,17.9,66,3.1,1001.6,1006.5,3.4,5.1,12,58.8,0
2016-01-12 09:20:58,5,51,18,66,3,1001.5,1006.4,2.4,3.7,12,58.8,0
2016-01-12 09:25:58,5,51,18,67,3,1001.5,1006.4,3.1,4.4,14,58.8,0
2016-01-12 09:30:58,5,51,18,67,3.1,1001.6,1006.5,5.1,7.1,14,58.8,0
2016-01-12 09:35:58,5,51,18,67,3.3,1001.7,1006.6,4.4,5.8,14,58.8,0
2016-01-12 09:40:58,5,51,18,66,3.3,1001.9,1006.8,3.1,4.4,14,58.8,0
2016-01-12 09:45:58,5,51,18,66,3.3,1002,1006.9,4.8,6.1,12,58.8,0
2016-01-12 09:50:58,5,51,18,66,3.4,1002.1,1007,3.1,4.4,14,58.8,0
2016-01-12 09:55:58,5,51,18,66,3.6,1002.1,1007,3.1,4.4,12,58.8,0
2016-01-12 10:00:58,5,51,18,65,3.7,1002.2,1007.1,4.1,6.1,10,58.8,0
2016-01-12 10:05:58,5,51,18,65,3.8,1002.4,1007.3,5.1,7.1,14,58.8,0
2016-01-12 10:10:58,5,51,18,65,3.9,1002.5,1007.4,3.1,4.1,10,58.8,0
2016-01-12 10:15:58,5,51,18,65,3.9,1002.5,1007.4,3.1,4.8,13,58.8,0
2016-01-12 10:20:58,5,51,18,65,3.9,1002.7,1007.6,3.1,4.8,12,58.8,0
2016-01-12 10:25:58,5,51,18,64,4,1002.8,1007.7,3.4,4.4,12,58.8,0
2016-01-12 10:30:58,5,51,18,64,4,1002.9,1007.8,5.8,8.2,14,58.8,0
2016-01-12 10:35:58,5,51,18,62,4.2,1003,1007.9,5.4,8.2,12,58.8,0
2016-01-12 10:40:58,5,51,18,62,4.4,1003,1007.9,6.8,8.5,13,58.8,0
2016-01-12 10:45:58,5,51,18.1,61,4.5,1003,1007.9,6.5,9.9,14,58.8,0
2016-01-12 10:50:58,5,51,18.1,61,4.6,1003.2,1008.1,5.4,7.8,10,58.8,0
2016-01-12 10:55:58,5,51,18.1,61,4.7,1003.3,1008.2,5.1,8.2,12,58.8,0
2016-01-12 11:00:58,5,51,18.1,62,4.7,1003.3,1008.2,4.4,6.1,14,58.8,0
2016-01-12 11:05:58,5,51,18.1,62,4.8,1003.4,1008.3,4.8,6.5,14,58.8,0
2016-01-12 11:10:58,5,51,18.1,61,4.9,1003.5,1008.4,4.4,5.1,12,58.8,0
2016-01-12 11:15:58,5,51,18.1,59,5,1003.5,1008.4,6.5,8.8,10,58.8,0
2016-01-12 11:20:58,5,51,18.1,59,5,1003.6,1008.5,6.5,8.2,0,58.8,0
2016-01-12 11:25:58,5,51,18.2,59,5,1003.7,1008.6,5.4,7.8,10,58.8,0
2016-01-12 11:30:58,5,51,18.2,59,5,1003.6,1008.5,5.1,7.1,14,58.8,0
2016-01-12 11:35:58,5,51,18.2,60,5,1003.8,1008.7,4.8,6.1,14,58.8,0
2016-01-12 11:40:58,5,51,18.3,62,4.9,1003.8,1008.7,5.1,6.8,12,58.8,0
2016-01-12 11:45:58,5,51,18.3,62,4.9,1003.8,1008.7,4.4,6.8,12,58.8,0
2016-01-12 11:50:58,5,50,18.3,60,5,1004,1008.9,6.5,9.2,12,58.8,0
2016-01-12 11:55:58,5,50,18.3,61,5,1003.8,1008.7,4.1,5.1,10,58.8,0
2016-01-12 12:00:58,5,50,18.3,60,5,1003.9,1008.8,5.4,7.1,14,58.8,0
2016-01-12 12:05:58,5,50,18.4,60,5,1004,1008.9,5.8,8.5,12,58.8,0
2016-01-12 12:10:58,5,50,18.4,59,5,1003.9,1008.8,7.1,9.2,12,58.8,0
2016-01-12 12:15:58,5,50,18.4,59,5,1004,1008.9,7.1,8.5,12,58.8,0
2016-01-12 12:20:58,5,50,18.5,59,5.1,1004,1008.9,5.8,8.2,12,58.8,0
2016-01-12 12:25:58,5,50,18.5,59,5.1,1004,1008.9,5.4,7.8,14,58.8,0
2016-01-12 12:30:58,5,50,18.5,60,5.1,1004.2,1009.1,4.1,5.8,12,58.8,0
2016-01-12 12:35:58,5,46,18.5,59,5.2,1004.2,1009.1,4.1,6.8,10,58.8,0
2016-01-12 12:40:58,5,45,18.5,59,5.3,1004.2,1009.1,4.8,6.1,14,58.8,0
2016-01-12 12:45:58,5,45,18.5,59,5.3,1004.1,1009,4.1,5.8,14,58.8,0
2016-01-12 12:50:58,5,45,18.4,60,5.4,1004.2,1009.1,6.1,8.8,14,58.8,0
2016-01-12 12:55:58,5,46,18.5,60,5.4,1004.4,1009.3,3.7,5.1,14,58.8,0
2016-01-12 13:00:58,5,46,18.5,60,5.5,1004.4,1009.3,4.4,6.8,12,58.8,0
2016-01-12 13:05:58,5,46,18.5,60,5.6,1004.4,1009.3,4.1,4.8,13,58.8,0
2016-01-12 13:10:58,5,46,18.6,59,5.7,1004.5,1009.4,5.4,7.8,12,58.8,0
2016-01-12 13:15:58,5,47,18.7,59,5.8,1004.5,1009.4,4.1,4.8,12,58.8,0
2016-01-12 13:20:58,5,47,18.7,58,5.9,1004.5,1009.4,3.4,4.4,12,58.8,0
2016-01-12 13:25:58,5,47,18.8,57,5.9,1004.6,1009.5,3.7,5.4,12,58.8,0
2016-01-12 13:30:58,5,47,18.9,56,6,1004.4,1009.3,3.1,4.1,12,58.8,0
2016-01-12 13:35:58,5,47,18.9,57,5.9,1004.6,1009.5,3.7,5.1,12,58.8,0
2016-01-12 13:40:58,5,46,19,56,6,1004.9,1009.8,3.7,5.1,12,58.8,0
2016-01-12 13:45:58,5,46,19,57,5.9,1004.8,1009.7,3.4,4.4,12,58.8,0
2016-01-12 13:50:58,5,46,19.1,57,5.9,1004.9,1009.8,4.8,7.8,12,58.8,0
2016-01-12 13:55:58,5,46,19.1,57,5.9,1004.9,1009.8,5.4,9.5,14,58.8,0
2016-01-12 14:00:58,5,46,19.2,57,5.8,1004.9,1009.8,3.7,5.1,14,58.8,0
2016-01-12 14:05:58,5,46,19.3,57,5.7,1004.9,1009.8,4.4,6.5,14,58.8,0
2016-01-12 14:10:58,5,47,19.3,57,5.6,1005,1009.9,4.4,6.1,14,58.8,0
2016-01-12 14:15:58,5,47,19.4,58,5.6,1005.2,1010.1,3.7,5.4,12,58.8,0
2016-01-12 14:20:58,5,47,19.4,58,5.4,1005.2,1010.1,5.1,6.1,12,58.8,0
2016-01-12 14:25:58,5,46,19.4,59,5.1,1005.5,1010.4,3.4,5.1,12,58.8,0
2016-01-12 14:30:58,5,46,19.4,63,4.9,1005.4,1010.3,3.4,5.8,10,58.8,0
2016-01-12 14:35:58,5,46,19.6,64,4.7,1005.4,1010.3,2.4,4.8,14,58.8,0
2016-01-12 14:40:58,5,46,19.6,64,4.6,1005.6,1010.5,2.7,4.1,10,58.8,0
2016-01-12 14:45:58,5,46,19.6,64,4.6,1005.7,1010.6,2.4,3.7,10,58.8,0
2016-01-12 14:50:58,5,46,19.7,64,4.7,1005.5,1010.4,2.4,4.4,12,58.8,0
2016-01-12 14:55:58,5,46,19.7,64,4.7,1005.6,1010.5,3.1,4.4,12,58.8,0
2016-01-12 15:00:58,5,46,19.8,64,4.6,1005.5,1010.4,2.7,4.1,12,58.8,0
2016-01-12 15:05:58,5,46,19.8,64,4.5,1005.6,1010.5,3.4,5.1,11,58.8,0
2016-01-12 15:10:58,5,46,19.8,64,4.4,1005.6,1010.5,3.7,5.1,14,58.8,0
2016-01-12 15:15:58,5,47,19.9,65,4.4,1005.6,1010.5,3.4,4.4,12,58.8,0
2016-01-12 15:20:58,5,46,20,65,4.4,1005.8,1010.7,2,3.1,12,58.8,0
2016-01-12 15:25:58,5,46,20,65,4.3,1005.9,1010.8,3.1,4.8,14,58.8,0
2016-01-12 15:30:58,5,46,20.1,65,4.2,1005.8,1010.7,2.4,3.7,14,58.8,0
2016-01-12 15:35:58,5,46,20,65,4.1,1006,1010.9,3.4,4.8,12,58.8,0
2016-01-12 15:40:58,5,46,20,65,4.2,1006,1010.9,2.4,4.4,12,58.8,0
2016-01-12 15:45:58,5,46,20.1,65,4.2,1006.1,1011,3.1,4.8,14,58.8,0
2016-01-12 15:50:58,5,46,20.1,65,4.1,1006.1,1011,2.7,4.1,12,58.8,0
2016-01-12 15:55:58,5,46,20,65,4,1006.1,1011,2.4,4.1,12,58.8,0
2016-01-12 16:00:58,5,46,20,66,3.8,1006.2,1011.1,2.7,3.7,14,58.8,0
2016-01-12 16:05:58,5,46,20,66,3.7,1006.2,1011.1,2,3.1,12,58.8,0
2016-01-12 16:10:58,5,46,20,66,3.5,1006.4,1011.3,3.1,4.1,12,58.8,0
2016-01-12 16:15:58,5,46,20,67,3.5,1006.6,1011.5,4.1,6.1,12,58.8,0
2016-01-12 16:20:58,5,47,20,67,3.6,1006.7,1011.6,1.7,2.4,0,58.8,0
2016-01-12 16:25:58,5,49,19.9,67,3.5,1006.8,1011.7,1.4,2.4,10,58.8,0
2016-01-12 16:30:58,5,50,19.9,67,3.4,1006.8,1011.7,2.4,3.1,10,58.8,0
2016-01-12 16:35:58,5,51,19.9,67,3.3,1006.8,1011.7,1.7,3.7,14,58.8,0
2016-01-12 16:40:58,5,51,19.9,67,3.1,1007,1011.9,1.4,1.7,12,58.8,0
2016-01-12 16:45:58,5,51,19.9,68,3,1007,1011.9,2.7,3.7,12,58.8,0
2016-01-12 16:50:58,5,51,19.9,68,3,1007.1,1012,2.4,3.4,12,58.8,0
2016-01-12 16:55:58,5,51,19.8,68,3.2,1007.3,1012.2,3.7,6.5,14,58.8,0
2016-01-12 17:00:58,5,51,19.8,67,3.3,1007.2,1012.1,2.7,4.4,12,58.8,0
2016-01-12 17:05:58,5,51,19.8,67,3.2,1007.2,1012.1,2.7,4.4,12,58.8,0
2016-01-12 17:10:58,5,50,19.9,66,3.1,1007.4,1012.3,2,2.7,12,58.8,0
2016-01-12 17:15:58,5,50,19.9,62,2.9,1007.4,1012.3,2,2.7,12,58.8,0
2016-01-12 17:20:58,5,50,19.9,62,2.7,1007.5,1012.4,2,2.7,10,58.8,0
2016-01-12 17:25:58,5,50,19.9,63,2.7,1007.6,1012.5,3.1,4.4,14,58.8,0
2016-01-12 17:30:58,5,49,19.9,67,3,1007.5,1012.4,2,3.1,14,58.8,0
2016-01-12 17:35:58,5,48,20,66,3.2,1007.7,1012.6,2.4,3.4,12,58.8,0
2016-01-12 17:40:58,5,48,20,66,3,1007.6,1012.5,1,1.7,8,58.8,0
2016-01-12 17:45:58,5,48,20,62,2.7,1007.8,1012.7,0.3,1.4,12,58.8,0
2016-01-12 17:50:58,5,48,20,62,2.4,1007.8,1012.7,1,1.4,14,58.8,0
2016-01-12 17:55:58,5,48,20.1,63,2.1,1007.9,1012.8,0.7,1.4,12,58.8,0
2016-01-12 18:00:58,5,48,20.1,64,1.9,1007.9,1012.8,0.7,1,10,58.8,0
2016-01-12 18:05:58,5,49,20.2,64,1.8,1007.9,1012.8,0.7,1,12,58.8,0
2016-01-12 18:10:58,5,49,20.2,65,1.8,1008,1012.9,0.7,1,12,58.8,0
2016-01-12 18:15:58,5,48,20.2,65,1.8,1008.1,1013,0.3,1,10,58.8,0
2016-01-12 18:20:58,5,48,20.3,66,1.6,1008.1,1013,0.7,1.4,10,58.8,0
2016-01-12 18:25:58,5,48,20.3,66,1.3,1008.1,1013,0.7,1,10,58.8,0
2016-01-12 18:30:58,5,49,20.3,67,0.9,1008.3,1013.2,0.3,1,8,58.8,0
2016-01-12 18:35:58,5,48,20.4,68,0.8,1008.2,1013.1,0.3,1,10,58.8,0
2016-01-12 18:40:58,5,48,20.4,68,0.6,1008.4,1013.3,0.7,1.4,10,58.8,0
2016-01-12 18:45:58,5,48,20.5,68,0.6,1008.4,1013.3,1,1.4,10,58.8,0
2016-01-12 18:50:58,5,48,20.4,69,0.5,1008.3,1013.2,1,1.4,10,58.8,0
2016-01-12 18:55:58,5,48,20.5,69,0.7,1008.5,1013.4,1,1.4,12,58.8,0
2016-01-12 19:00:58,5,48,20.5,69,0.8,1008.3,1013.2,1,1.4,10,58.8,0
2016-01-12 19:05:58,5,48,20.5,69,0.9,1008.4,1013.3,0.3,0.7,10,58.8,0
2016-01-12 19:10:58,5,48,20.6,69,0.8,1008.5,1013.4,0.7,1,10,58.8,0
2016-01-12 19:15:58,5,48,20.6,69,0.6,1008.4,1013.3,0.7,1,10,58.8,0
2016-01-12 19:20:58,5,48,20.6,69,0.6,1008.7,1013.6,0.3,0.7,10,58.8,0
2016-01-12 19:25:58,5,48,20.6,70,0.6,1008.5,1013.4,0.7,1,10,58.8,0
2016-01-12 19:30:58,5,48,20.7,70,0.6,1008.6,1013.5,0.7,1,10,58.8,0
2016-01-12 19:35:58,5,48,20.8,70,0.5,1008.6,1013.5,0.7,1,10,58.8,0
2016-01-12 19:40:58,5,49,20.8,70,0.5,1008.5,1013.4,1.4,1.7,12,58.8,0
2016-01-12 19:45:58,5,49,20.9,70,0.8,1008.5,1013.4,1,1.4,10,58.8,0
2016-01-12 19:50:58,5,48,20.9,69,1.1,1008.7,1013.6,1.4,2,10,58.8,0
2016-01-12 19:55:58,5,48,21,69,1.3,1008.6,1013.5,1,1.7,10,58.8,0
2016-01-12 20:00:58,5,48,21,69,1.2,1008.5,1013.4,0.7,1.4,10,58.8,0
2016-01-12 20:05:58,5,48,21.1,69,1,1008.8,1013.7,1.4,2,10,58.8,0
2016-01-12 20:10:58,5,48,21.1,69,1.1,1008.8,1013.7,1.4,2.4,10,58.8,0
2016-01-12 20:15:58,5,48,21.2,69,1.2,1008.8,1013.7,2,2.7,12,58.8,0
2016-01-12 20:20:58,5,48,21.2,69,1.4,1008.7,1013.6,1.4,2.4,10,58.8,0
2016-01-12 20:25:58,5,48,21.2,69,1.4,1008.9,1013.8,1.4,2,10,58.8,0
2016-01-12 20:30:58,5,48,21.2,69,1.2,1008.9,1013.8,1.7,2,10,58.8,0
2016-01-12 20:35:58,5,48,21.3,69,1,1009,1013.9,1,1.7,10,58.8,0
2016-01-12 20:40:58,5,48,21.3,70,0.9,1009,1013.9,1,1.7,10,58.8,0
2016-01-12 20:45:58,5,48,21.3,69,1,1009,1013.9,1.4,2,12,58.8,0
2016-01-12 20:50:58,5,48,21.3,70,1.1,1009,1013.9,1,1.4,10,58.8,0
2016-01-12 20:55:58,5,48,21.3,70,1.2,1008.9,1013.8,0.7,1,10,58.8,0
2016-01-12 21:00:58,5,47,21.3,69,1.1,1009.1,1014,0.7,1.4,10,58.8,0
2016-01-12 21:05:58,5,47,21.2,70,0.9,1009,1013.9,0.7,1.4,10,58.8,0
2016-01-12 21:10:58,5,47,21.2,70,0.8,1009,1013.9,0.3,1,10,58.8,0
2016-01-12 21:15:58,5,47,21.2,71,0.6,1009.2,1014.1,0.7,1,12,58.8,0
2016-01-12 21:20:58,5,47,21.2,71,0.5,1009.2,1014.1,0.7,1,10,58.8,0
2016-01-12 21:25:58,5,47,21.2,71,0.6,1009.1,1014,0.3,0.7,8,58.8,0
2016-01-12 21:30:58,5,47,21.2,71,0.6,1009.3,1014.2,0.3,0.7,10,58.8,0
2016-01-12 21:35:58,5,47,21.2,71,0.6,1009.3,1014.2,1,1.4,10,58.8,0
2016-01-12 21:40:58,5,47,21.2,71,0.4,1009.3,1014.2,0.7,1,10,58.8,0
2016-01-12 21:45:58,5,47,21.2,71,0.3,1009.2,1014.1,0.7,1.7,12,58.8,0
2016-01-12 21:50:58,5,47,21.2,72,0.5,1009.2,1014.1,1.4,1.7,10,58.8,0
2016-01-12 21:55:58,5,47,21.2,72,0.9,1009.3,1014.2,1.4,2,10,58.8,0
2016-01-12 22:00:58,5,47,21.2,71,1.2,1009.2,1014.1,1,1.4,10,58.8,0
2016-01-12 22:05:58,5,47,21.2,71,1.4,1009.3,1014.2,1,1.7,13,58.8,0
2016-01-12 22:10:58,5,47,21.2,70,1.4,1009.4,1014.3,0.7,1.4,10,58.8,0
2016-01-12 22:15:58,5,47,21.2,70,1.4,1009.4,1014.3,1,2,10,58.8,0
2016-01-12 22:20:58,5,47,21.3,70,1.3,1009.6,1014.5,1,1.4,10,58.8,0
2016-01-12 22:25:58,5,47,21.3,70,0.9,1009.5,1014.4,1.4,2,8,58.8,0
2016-01-12 22:30:58,5,47,21.3,70,0.7,1009.5,1014.4,1.4,2,9,58.8,0
2016-01-12 22:35:58,5,47,21.2,70,0.6,1009.6,1014.5,1.7,2.4,8,58.8,0
2016-01-12 22:40:58,5,47,21.3,71,0.6,1009.6,1014.5,1.7,2,10,58.8,0
2016-01-12 22:45:58,5,47,21.3,71,0.5,1009.6,1014.5,1.4,1.7,10,58.8,0
2016-01-12 22:50:58,5,48,21.3,71,0.6,1009.5,1014.4,1.4,1.7,10,58.8,0
2016-01-12 22:55:58,5,48,21.3,71,0.6,1009.6,1014.5,1,1.4,10,58.8,0
2016-01-12 23:00:58,5,48,21.3,71,0.4,1009.6,1014.5,0.7,1.4,8,58.8,0
2016-01-12 23:05:58,5,48,21.3,71,0.3,1009.7,1014.6,1,1.4,10,58.8,0
2016-01-12 23:10:58,5,48,21.3,71,0.4,1009.6,1014.5,1,1.4,8,58.8,0
2016-01-12 23:15:58,5,48,21.3,71,0.3,1009.5,1014.4,0.7,1,10,58.8,0
2016-01-12 23:20:58,5,48,21.3,71,0.3,1009.5,1014.4,0.7,1.4,10,58.8,0
2016-01-12 23:25:58,5,48,21.3,71,0.4,1009.6,1014.5,1,1.4,10,58.8,0
2016-01-12 23:30:58,5,48,21.3,72,0.6,1009.7,1014.6,0.3,0.7,10,58.8,0
2016-01-12 23:35:58,5,48,21.3,72,0.6,1009.8,1014.7,0.7,1.4,10,58.8,0
2016-01-12 23:40:58,5,48,21.2,72,0.7,1009.7,1014.6,0.7,1.4,8,58.8,0
2016-01-12 23:45:58,5,48,21.2,72,0.7,1009.7,1014.6,0.7,1.4,10,58.8,0
2016-01-12 23:50:58,5,48,21.1,72,0.6,1009.8,1014.7,1,1.4,8,58.8,0
2016-01-12 23:55:58,5,48,21.1,72,0.6,1009.8,1014.7,0.7,1.4,10,58.8,0
