2016-06-14 00:01:29,5,59,22.3,77,12.7,995,999.9,2,4.1,14,66.3,0
2016-06-14 00:06:29,5,59,22.3,77,12.7,994.9,999.8,0.7,2,12,66.3,0
2016-06-14 00:11:29,5,59,22.2,77,12.7,995,999.9,1,1.7,15,66.3,0
2016-06-14 00:16:29,5,58,22.2,77,12.6,994.9,999.8,1.7,3.1,13,66.3,0
2016-06-14 00:21:29,5,58,22.1,77,12.6,994.9,999.8,2,2.7,14,66.3,0
2016-06-14 00:26:29,5,58,22.2,77,12.5,994.9,999.8,1.4,2.7,12,66.3,0
2016-06-14 00:31:29,5,58,22.1,77,12.5,994.9,999.8,2.4,3.1,10,66.3,0
2016-06-14 00:36:29,5,58,22.2,77,12.5,994.8,999.7,1.4,2.4,10,66.3,0
2016-06-14 00:41:29,5,58,22.2,77,12.5,994.8,999.7,1.7,2.7,10,66.3,0
2016-06-14 00:46:29,5,58,22.1,77,12.5,994.7,999.6,1.4,2.4,14,66.3,0
2016-06-14 00:51:29,5,58,22.1,77,12.5,994.8,999.7,3.4,4.8,14,66.3,0
2016-06-14 00:56:29,5,58,22.1,77,12.5,994.7,999.6,2,3.1,12,66.3,0
2016-06-14 01:01:29,5,58,22.1,77,12.5,994.7,999.6,1.7,2.7,12,66.3,0
2016-06-14 01:06:29,5,58,22.1,77,12.5,994.6,999.5,1.4,2,10,66.3,0
2016-06-14 01:11:29,5,58,22,77,12.5,994.6,999.5,1,2,12,66.3,0
2016-06-14 01:16:29,5,58,22,76,12.5,994.6,999.5,1.4,2,10,66.3,0
2016-06-14 01:21:29,5,58,22,76,12.5,994.7,999.6,1,1.4,10,66.3,0
2016-06-14 01:26:29,5,58,22,76,12.4,994.4,999.3,1.4,2,12,66.3,0
2016-06-14 01:31:29,5,58,22,76,12.4,994.5,999.4,1,1.7,12,66.3,0
2016-06-14 01:36:29,5,59,21.9,76,12.4,994.4,999.3,1.4,2,14,66.3,0
2016-06-14 01:41:29,5,59,21.9,76,12.4,994.3,999.2,1.4,2,2,66.3,0
2016-06-14 01:46:29,5,59,21.9,76,12.4,994.4,999.3,1.7,2.4,14,66.3,0
2016-06-14 01:51:29,5,59,21.9,76,12.4,994.3,999.2,1.4,2.4,12,66.3,0
2016-06-14 01:56:29,5,59,21.9,75,12.4,994.2,999.1,1,1.7,12,66.3,0
2016-06-14 02:01:29,5,59,21.9,75,12.4,994.1,999,1.7,2.7,10,66.3,0
2016-06-14 02:06:29,5,59,21.9,75,12.3,994.2,999.1,1.4,2.4,12,66.3,0
2016-06-14 02:11:29,5,59,21.9,75,12.3,994.1,999,1,1.7,12,66.3,0
2016-06-14 02:16:29,5,59,21.9,75,12.3,994,998.9,0.7,1.4,10,66.3,0
2016-06-14 02:21:29,5,59,21.8,75,12.4,994,998.9,1.4,1.7,14,66.3,0
2016-06-14 02:26:29,5,59,21.9,75,12.5,994,998.9,1,1.7,10,66.3,0
2016-06-14 02:31:29,5,59,21.8,75,12.5,993.8,998.7,1.4,2,10,66.3,0
2016-06-14 02:36:29,5,59,21.7,75,12.5,993.9,998.8,2,3.1,12,66.3,0
2016-06-14 02:41:29,5,59,21.7,75,12.5,993.9,998.8,0.7,1.7,14,66.3,0
2016-06-14 02:46:29,5,59,21.7,75,12.5,993.7,998.6,1.4,2,10,66.3,0
2016-06-14 02:51:29,5,59,21.7,75,12.5,993.7,998.6,1.4,2.7,10,66.3,0
2016-06-14 02:56:29,5,59,21.7,75,12.4,993.7,998.6,2.7,3.4,12,66.3,0
2016-06-14 03:01:29,5,59,21.7,75,12.4,993.6,998.5,1.7,2.7,12,66.3,0
2016-06-14 03:06:29,5,59,21.7,75,12.4,993.5,998.4,2.4,3.4,14,66.3,0
2016-06-14 03:11:29,5,59,21.7,76,12.3,993.5,998.4,1,1.7,10,66.3,0
2016-06-14 03:16:29,5,59,21.7,76,12.3,993.4,998.3,1.4,2.7,10,66.3,0
2016-06-14 03:21:29,5,59,21.7,76,12.2,993.3,998.2,1,1.7,10,66.3,0
2016-06-14 03:26:29,5,59,21.7,76,12.2,993.3,998.2,1,1.7,14,66.3,0
2016-06-14 03:31:29,5,59,21.6,76,12.1,993.2,998.1,0.7,1.4,10,66.3,0
2016-06-14 03:36:29,5,59,21.6,76,12.1,993.3,998.2,1.4,2,12,66.3,0
2016-06-14 03:41:29,5,59,21.6,76,12.1,993.3,998.2,1,2,14,66.3,0
2016-06-14 03:46:29,5,59,21.6,76,12.1,993.3,998.2,0.3,1.7,12,66.3,0
2016-06-14 03:51:29,5,59,21.6,76,12.1,993.3,998.2,1,2.4,12,66.3,0
2016-06-14 03:56:29,5,59,21.6,76,12.1,993.2,998.1,0.7,1,12,66.3,0
2016-06-14 04:01:29,5,59,21.6,76,12.1,993.3,998.2,0.7,1,10,66.3,0
2016-06-14 04:06:29,5,59,21.6,76,12.1,993.1,998,1,2.4,10,66.3,0
2016-06-14 04:11:29,5,59,21.6,76,12.2,993.1,998,1,1.7,10,66.3,0
2016-06-14 04:16:29,5,59,21.6,76,12.2,993.1,998,0.7,1.4,12,66.3,0
2016-06-14 04:21:29,5,59,21.6,76,12.2,993.1,998,0.7,1.4,14,66.3,0
2016-06-14 04:26:29,5,59,21.6,76,12.2,992.9,997.8,1,1.4,10,66.3,0
2016-06-14 04:31:29,5,59,21.6,76,12.3,992.9,997.8,0.7,1.4,10,66.3,0
2016-06-14 04:36:29,5,59,21.6,76,12.3,993,997.9,0.7,1,10,66.3,0
2016-06-14 04:41:29,5,59,21.6,76,12.3,993,997.9,1.7,2.7,14,66.3,0
2016-06-14 04:46:29,5,59,21.6,76,12.3,992.7,997.6,2,2.7,12,66.3,0
2016-06-14 04:51:29,5,59,21.6,76,12.4,992.8,997.7,1,2,8,66.3,0
2016-06-14 04:56:29,5,59,21.6,76,12.4,992.8,997.7,0.3,1,10,66.3,0
2016-06-14 05:01:29,5,59,21.6,76,12.4,992.9,997.8,0.7,1.7,12,66.3,0
2016-06-14 05:06:29,5,59,21.6,76,12.4,992.8,997.7,1,1.4,14,66.3,0
2016-06-14 05:11:29,5,59,21.6,76,12.5,992.8,997.7,1,1.7,12,66.3,0
2016-06-14 05:16:29,5,59,21.6,76,12.5,992.9,997.8,1.7,3.4,12,66.3,0
2016-06-14 05:21:29,5,59,21.6,76,12.5,992.8,997.7,0.7,1.4,14,66.3,0
2016-06-14 05:26:29,5,59,21.6,76,12.5,992.8,997.7,1.4,2.4,14,66.3,0
2016-06-14 05:31:29,5,59,21.6,76,12.5,992.8,997.7,1.4,2,12,66.3,0
2016-06-14 05:36:29,5,59,21.6,75,12.6,992.7,997.6,0.7,1.4,0,66.3,0
2016-06-14 05:41:29,5,59,21.6,75,12.6,992.9,997.8,1,2,4,66.3,0
2016-06-14 05:46:29,5,59,21.6,75,12.7,992.8,997.7,1.4,2,10,66.3,0
2016-06-14 05:51:29,5,59,21.6,75,12.8,992.8,997.7,1.4,2,10,66.3,0
2016-06-14 05:56:29,5,59,21.6,75,12.8,992.7,997.6,1.4,2,14,66.3,0
2016-06-14 06:01:29,5,59,21.6,75,12.8,992.7,997.6,1,1.7,10,66.3,0
2016-06-14 06:06:29,5,59,21.6,75,12.8,992.8,997.7,1.4,1.7,12,66.3,0
2016-06-14 06:11:29,5,59,21.6,75,12.8,992.7,997.6,1,1.7,14,66.3,0
2016-06-14 06:16:29,5,59,21.6,75,12.8,992.7,997.6,1.4,2,12,66.3,0
2016-06-14 06:21:29,5,59,21.6,75,12.8,992.7,997.6,1.7,3.1,12,66.3,0
2016-06-14 06:26:29,5,59,21.6,74,12.9,992.6,997.5,1.7,2.4,10,66.3,0
2016-06-14 06:31:29,5,59,21.6,74,12.9,992.6,997.5,1,1.7,12,66.3,0
2016-06-14 06:36:29,5,59,21.6,75,13,992.6,997.5,1.4,2.4,14,66.3,0
2016-06-14 06:41:29,5,59,21.6,75,13.1,992.7,997.6,1.4,2,10,66.3,0
2016-06-14 06:46:29,5,59,21.6,75,13.1,992.5,997.4,2,3.4,12,66.3,0
2016-06-14 06:51:29,5,59,21.6,75,13.1,992.5,997.4,1.4,2.4,12,66.3,0
2016-06-14 06:56:29,5,59,21.6,75,13.2,992.5,997.4,1.4,2.4,10,66.3,0
2016-06-14 07:01:29,5,59,21.6,75,13.1,992.5,997.4,0.7,1.4,10,66.9,0
2016-06-14 07:06:29,5,59,21.6,75,13.1,992.5,997.4,0.7,1.4,8,66.9,0
2016-06-14 07:11:29,5,59,21.6,75,13.1,992.6,997.5,1.7,2.4,12,67.2,0
2016-06-14 07:16:29,5,59,21.6,75,13,992.4,997.3,1.4,1.7,10,67.5,0
2016-06-14 07:21:29,5,59,21.7,75,13,992.4,997.3,2,2.7,14,67.5,0
2016-06-14 07:26:29,5,59,21.7,75,12.9,992.4,997.3,1.7,3.4,10,67.8,0
2016-06-14 07:31:29,5,59,21.7,76,12.9,992.5,997.4,1.7,2.7,14,67.8,0
2016-06-14 07:36:29,5,59,21.7,76,12.9,992.5,997.4,1,2.4,12,68.1,0
2016-06-14 07:41:29,5,59,21.7,76,12.8,992.5,997.4,2,3.1,10,68.1,0
2016-06-14 07:46:29,5,59,21.7,76,12.8,992.3,997.2,1.7,2.7,12,68.4,0
2016-06-14 07:51:29,5,59,21.7,76,12.8,992.3,997.2,2.4,4.1,14,68.7,0
2016-06-14 07:56:29,5,59,21.7,76,12.7,992.4,997.3,1.7,2.4,14,69.3,0
2016-06-14 08:01:29,5,59,21.7,76,12.8,992.3,997.2,1,2.4,12,69.3,0
2016-06-14 08:06:29,5,60,21.7,77,12.9,992.4,997.3,1.7,2.7,14,69.3,0
2016-06-14 08:11:29,5,60,21.7,77,12.9,992.3,997.2,1.4,2,12,69.3,0
2016-06-14 08:16:29,5,60,21.7,77,12.9,992.3,997.2,2,2.7,12,69.3,0
2016-06-14 08:21:29,5,60,21.7,77,12.9,992.2,997.1,3.1,4.4,10,69.6,0
2016-06-14 08:26:29,5,60,21.8,77,12.9,992.2,997.1,2,2.7,12,69.6,0
2016-06-14 08:31:29,5,60,21.9,77,13,992.2,997.1,1.7,2.4,12,69.9,0
2016-06-14 08:36:29,5,60,21.9,77,13,992.3,997.2,1,2,12,70.2,0
2016-06-14 08:41:29,5,60,21.9,77,12.9,992.2,997.1,0.7,1.4,10,70.5,0
2016-06-14 08:46:29,5,60,21.9,77,12.9,992.2,997.1,0.7,2,10,70.5,0
2016-06-14 08:51:29,5,60,21.9,77,12.9,992.2,997.1,1,2,12,70.5,0
2016-06-14 08:56:29,5,60,21.9,77,12.9,992.2,997.1,0.3,1,8,70.5,0
2016-06-14 09:01:29,5,60,21.9,77,13.1,992.1,997,0.3,1,12,70.5,0
2016-06-14 09:06:29,5,60,21.9,77,13.1,992.1,997,1,1.7,12,70.5,0
2016-06-14 09:11:29,5,60,21.9,77,13.1,992,996.9,0.7,1.7,10,70.5,0
2016-06-14 09:16:29,5,60,21.9,77,13.1,992,996.9,0.3,1.4,12,70.5,0
2016-06-14 09:21:29,5,60,21.9,77,13.1,992,996.9,1,2.4,14,70.5,0
2016-06-14 09:26:29,5,60,21.9,77,13.1,992,996.9,0.7,1,10,70.5,0
2016-06-14 09:31:29,5,60,21.9,77,13.1,991.8,996.7,2,3.1,10,70.5,0
2016-06-14 09:36:29,5,60,21.9,77,13.1,991.8,996.7,1.4,2.7,14,70.5,0
2016-06-14 09:41:29,5,60,21.9,77,13.1,991.8,996.7,1,1.7,12,70.5,0
2016-06-14 09:46:29,5,60,21.9,77,13.3,991.9,996.8,1.4,1.7,12,70.5,0
2016-06-14 09:51:29,5,60,21.9,77,13.4,991.8,996.7,1.7,2,12,70.5,0
2016-06-14 09:56:29,5,60,21.9,77,13.3,991.6,996.5,1.4,3.1,12,70.5,0
2016-06-14 10:01:29,5,60,21.9,77,13.3,991.8,996.7,1,1.7,12,70.8,0
2016-06-14 10:06:29,5,60,21.9,77,13.3,991.6,996.5,1.4,2,12,70.8,0
2016-06-14 10:11:29,5,60,21.9,77,13.4,991.7,996.6,1.4,2.4,10,70.8,0
2016-06-14 10:16:29,5,60,21.9,77,13.5,991.6,996.5,1.7,3.1,14,70.8,0
2016-06-14 10:21:29,5,60,21.9,77,13.5,991.5,996.4,2,2.4,14,70.8,0
2016-06-14 10:26:29,5,60,21.9,77,13.4,991.5,996.4,2.4,4.8,12,70.8,0
2016-06-14 10:31:29,5,60,21.9,77,13.2,991.5,996.4,1.7,2.4,10,71.1,0
2016-06-14 10:36:29,5,60,21.9,77,13.1,991.5,996.4,3.1,5.8,14,71.1,0
2016-06-14 10:41:29,5,60,21.9,77,13.1,991.6,996.5,2.4,3.7,10,71.1,0
2016-06-14 10:46:29,5,60,21.9,77,13,991.6,996.5,2,4.1,8,71.4,0
2016-06-14 10:51:29,5,60,21.9,77,13.1,991.5,996.4,2.4,4.1,14,71.4,0
2016-06-14 10:56:29,5,60,21.9,77,13.4,991.5,996.4,1,2.7,12,71.4,0
2016-06-14 11:01:29,5,60,21.9,77,13.5,991.6,996.5,2,2.7,14,71.4,0
2016-06-14 11:06:29,5,60,21.9,77,13.6,991.5,996.4,3.4,6.1,14,71.4,0
2016-06-14 11:11:29,5,60,21.9,77,13.7,991.7,996.6,3.7,4.8,10,71.4,0
2016-06-14 11:16:29,5,59,22,76,13.9,991.6,996.5,1.4,2.4,2,71.4,0
2016-06-14 11:21:29,5,59,22,75,14,991.6,996.5,2,3.1,10,71.4,0
2016-06-14 11:26:29,5,59,22,75,14.2,991.7,996.6,2,3.4,14,71.4,0
2016-06-14 11:31:29,5,59,22,75,14.1,991.6,996.5,2,3.1,12,71.4,0
2016-06-14 11:36:29,5,59,22,75,14.3,991.5,996.4,1.7,2.7,12,71.4,0
2016-06-14 11:41:29,5,59,22,74,14.4,991.7,996.6,5.1,6.8,14,71.4,0
2016-06-14 11:46:29,5,60,22,74,14.5,991.6,996.5,1,2,14,71.4,0
2016-06-14 11:51:29,5,59,22.1,74,14.6,991.6,996.5,2.7,4.4,12,71.4,0
2016-06-14 11:56:29,5,60,22.1,74,14.7,991.6,996.5,3.7,5.4,14,71.4,0
2016-06-14 12:01:29,5,60,22.1,73,14.9,991.5,996.4,2.7,3.7,10,71.4,0
2016-06-14 12:06:29,5,60,22.1,72,14.9,991.4,996.3,3.4,4.8,14,71.4,0
2016-06-14 12:11:29,5,60,22.1,71,14.9,991.5,996.4,2.7,3.4,12,71.4,0
2016-06-14 12:16:29,5,60,22.2,71,15,991.4,996.3,2.7,3.7,14,71.4,0
2016-06-14 12:21:29,5,60,22.2,71,14.9,991.5,996.4,3.1,5.4,14,71.4,0
2016-06-14 12:26:29,5,60,22.2,71,14.9,991.4,996.3,2.7,4.8,12,71.4,0
2016-06-14 12:31:29,5,60,22.2,71,15.1,991.3,996.2,3.4,5.1,14,71.4,0
2016-06-14 12:36:29,5,60,22.2,70,15.2,991.3,996.2,3.1,5.1,14,71.4,0
2016-06-14 12:41:29,5,59,22.2,69,15.3,991.3,996.2,4.4,6.1,12,71.4,0
2016-06-14 12:46:29,5,59,22.3,69,15.7,991.2,996.1,2,3.4,14,71.4,0
2016-06-14 12:51:29,5,59,22.3,68,15.6,991.2,996.1,4.4,6.1,14,71.4,0
2016-06-14 12:56:29,5,59,22.3,68,15.2,991.2,996.1,3.1,4.4,14,71.4,0
2016-06-14 13:01:29,5,59,22.3,68,15.1,991.1,996,3.4,4.4,12,71.4,0
2016-06-14 13:06:29,5,59,22.3,69,15.1,991.2,996.1,4.4,6.1,14,71.4,0
2016-06-14 13:11:29,5,59,22.4,69,15.3,991,995.9,2,4.1,14,71.4,0
2016-06-14 13:16:29,5,59,22.4,68,15.9,991.1,996,2,4.1,14,71.4,0
2016-06-14 13:21:29,5,59,22.4,67,15.9,991,995.9,3.4,4.8,10,71.4,0
2016-06-14 13:26:29,5,59,22.4,67,15.9,991,995.9,4.4,6.1,13,71.4,0
2016-06-14 13:31:29,5,59,22.4,67,15.9,990.9,995.8,3.4,5.8,14,71.4,0
2016-06-14 13:36:29,5,59,22.4,67,15.6,991,995.9,2.4,5.1,14,71.4,0
2016-06-14 13:41:29,5,59,22.5,66,16,991,995.9,2.4,3.7,14,71.4,0
2016-06-14 13:46:29,5,59,22.5,66,16.1,990.9,995.8,2.4,3.1,12,71.4,0
2016-06-14 13:51:29,5,59,22.6,66,16.2,991,995.9,2.7,4.1,14,71.4,0
2016-06-14 13:56:29,5,59,22.6,65,16.3,991,995.9,4.4,5.4,14,71.4,0
2016-06-14 14:01:29,5,59,22.6,65,16.4,990.7,995.6,2.7,4.4,10,71.4,0
2016-06-14 14:06:29,5,59,22.7,64,16.5,990.9,995.8,3.4,4.8,10,71.4,0
2016-06-14 14:11:29,5,59,22.7,65,16.4,991,995.9,3.7,6.8,14,71.4,0
2016-06-14 14:16:29,5,59,22.7,66,15.1,991.2,996.1,2,2.7,14,71.4,0
2016-06-14 14:21:29,5,59,22.7,68,14.8,991.2,996.1,2,2.4,14,71.4,0
2016-06-14 14:26:29,5,59,22.6,68,14.8,991.2,996.1,1.4,1.7,0,71.4,0
2016-06-14 14:31:29,5,59,22.6,69,14.7,990.9,995.8,0.7,1.4,14,71.7,0
2016-06-14 14:36:29,5,59,22.7,70,14.4,991.1,996,2,2.7,14,72,0
2016-06-14 14:41:29,5,59,22.7,71,14,991.1,996,1,1.7,14,72.3,0
2016-06-14 14:46:29,5,59,22.6,73,13.9,991,995.9,0.7,1.4,14,72.3,0
2016-06-14 14:51:29,5,59,22.6,73,14,990.9,995.8,1,2,14,72.3,0
2016-06-14 14:56:29,5,59,22.6,74,14.4,990.9,995.8,2.4,2.7,12,72.3,0
2016-06-14 15:01:29,5,59,22.6,74,14.6,990.8,995.7,1.7,3.1,12,72.3,0
2016-06-14 15:06:29,5,59,22.6,72,15.1,990.6,995.5,2,3.4,14,72.6,0
2016-06-14 15:11:29,5,59,22.6,71,16,990.7,995.6,1,1.4,0,72.6,0
2016-06-14 15:16:29,5,59,22.7,70,16.4,990.7,995.6,0.7,1,0,72.6,0
2016-06-14 15:21:29,5,59,22.7,69,16.5,990.8,995.7,2,3.7,14,72.6,0
2016-06-14 15:26:29,5,59,22.6,67,16.2,990.7,995.6,3.1,5.1,13,72.6,0
2016-06-14 15:31:29,5,59,22.7,67,16,990.8,995.7,2.7,3.4,0,72.6,0
2016-06-14 15:36:29,5,59,22.6,67,15.6,990.7,995.6,2.7,4.8,13,72.6,0
2016-06-14 15:41:29,5,59,22.7,67,15.4,990.8,995.7,2.7,4.8,0,72.6,0
2016-06-14 15:46:29,5,59,22.7,68,15.4,990.8,995.7,3.1,4.4,14,72.6,0
2016-06-14 15:51:29,5,59,22.7,68,15.5,990.7,995.6,2,3.1,14,72.6,0
2016-06-14 15:56:29,5,59,22.7,67,15.5,990.6,995.5,2,3.1,14,72.6,0
2016-06-14 16:01:29,5,59,22.7,66,16.3,990.6,995.5,2.4,4.1,14,72.6,0
2016-06-14 16:06:29,5,59,22.7,64,17,990.5,995.4,2,3.4,14,72.6,0
2016-06-14 16:11:29,5,59,22.8,63,17.1,990.5,995.4,2,3.7,14,72.6,0
2016-06-14 16:16:29,5,59,22.9,64,16.9,990.6,995.5,4.8,9.2,14,72.6,0
2016-06-14 16:21:29,5,58,23,64,16.4,990.6,995.5,3.1,4.8,12,72.6,0
2016-06-14 16:26:29,5,58,23.1,65,16.1,990.6,995.5,4.1,5.4,12,72.6,0
2016-06-14 16:31:29,5,57,23.1,67,15.9,990.6,995.5,3.1,5.1,0,72.6,0
2016-06-14 16:36:29,5,57,23.1,66,15.9,990.5,995.4,1.4,2.4,14,72.6,0
2016-06-14 16:41:29,5,57,23.1,65,16,990.6,995.5,1.7,2.7,14,72.6,0
2016-06-14 16:46:29,5,57,23.1,65,16,990.5,995.4,2,2.7,12,72.6,0
2016-06-14 16:51:29,5,57,23.1,65,16,990.7,995.6,1.7,4.1,12,72.6,0
2016-06-14 16:56:29,5,57,23.1,65,15.7,990.6,995.5,2.7,4.1,12,72.6,0
2016-06-14 17:01:29,5,57,23.1,66,15.8,990.6,995.5,1.7,2.4,14,72.6,0
2016-06-14 17:06:29,5,58,23.1,65,16.1,990.7,995.6,1.7,3.1,12,72.6,0
2016-06-14 17:11:29,5,57,23.1,64,16,990.7,995.6,1.7,2.7,14,72.6,0
2016-06-14 17:16:29,5,57,23.1,64,16,990.7,995.6,2.7,4.1,12,72.6,0
2016-06-14 17:21:29,5,57,23,65,15.9,990.6,995.5,1.4,3.1,14,72.6,0
2016-06-14 17:26:29,5,57,23,65,15.8,990.6,995.5,3.7,4.8,14,72.6,0
2016-06-14 17:31:29,5,57,23,65,15.7,990.6,995.5,3.7,4.4,14,72.6,0
2016-06-14 17:36:29,5,57,23,65,15.7,990.6,995.5,2,3.1,13,72.6,0
2016-06-14 17:41:29,5,57,23,65,15.7,990.7,995.6,1.4,2.7,14,72.6,0
2016-06-14 17:46:29,5,58,22.9,65,15.6,990.5,995.4,2.4,3.1,12,72.6,0
2016-06-14 17:51:29,5,58,22.9,65,15.6,990.6,995.5,2,3.1,12,72.6,0
2016-06-14 17:56:29,5,57,23,65,15.5,990.5,995.4,1.7,2.4,14,72.6,0
2016-06-14 18:01:29,5,57,22.9,65,15.5,990.5,995.4,1.7,2.4,12,72.6,0
2016-06-14 18:06:28,5,57,22.9,65,15.4,990.5,995.4,1.7,3.4,12,72.6,0
2016-06-14 18:11:28,5,57,22.9,65,15.3,990.5,995.4,0.7,1,10,72.6,0
2016-06-14 18:16:28,5,55,22.8,65,15.2,990.5,995.4,1.4,1.7,12,72.6,0
2016-06-14 18:21:28,5,56,22.8,66,15.1,990.9,995.8,0.7,1,0,72.6,0
2016-06-14 18:26:28,5,57,22.7,68,14.8,990.7,995.6,1,2.4,14,73.2,0
2016-06-14 18:31:28,5,57,22.7,70,14.3,990.9,995.8,1,2,14,73.8,0
2016-06-14 18:36:28,5,58,22.6,71,14,990.8,995.7,1,1.7,14,74.1,0
2016-06-14 18:41:28,5,58,22.6,73,13.8,990.8,995.7,0.7,1,0,74.4,0
2016-06-14 18:46:28,5,58,22.6,73,13.7,990.8,995.7,0.3,0.7,0,74.4,0
2016-06-14 18:51:28,5,58,22.6,74,13.7,990.9,995.8,0.3,0.7,0,74.4,0
2016-06-14 18:56:28,5,58,22.6,74,13.6,990.8,995.7,0,0.3,0,74.4,0
2016-06-14 19:01:28,5,58,22.5,75,13.7,990.9,995.8,0,0.3,0,74.4,0
2016-06-14 19:06:28,5,58,22.6,75,13.8,990.9,995.8,1,1.7,14,74.4,0
2016-06-14 19:11:28,5,59,22.5,75,13.7,990.8,995.7,0.3,0.7,14,74.7,0
2016-06-14 19:16:28,5,59,22.5,75,13.5,990.7,995.6,0.3,1,14,74.7,0
2016-06-14 19:21:28,5,59,22.4,75,13.6,990.9,995.8,0,0.3,14,74.7,0
2016-06-14 19:26:28,5,58,22.4,75,13.6,990.9,995.8,0,0.3,0,75,0
2016-06-14 19:31:28,5,59,22.4,75,13.6,990.9,995.8,0,0.3,14,75,0
2016-06-14 19:36:28,5,59,22.4,75,13.6,990.9,995.8,0,0.3,14,75,0
2016-06-14 19:41:28,5,60,22.4,75,13.6,990.9,995.8,0,0,14,75,0
2016-06-14 19:46:28,5,60,22.4,75,13.7,990.9,995.8,0,0,14,75.3,0
2016-06-14 19:51:29,5,60,22.4,75,13.6,991,995.9,0,0.3,14,75.3,0
2016-06-14 19:56:29,5,60,22.4,75,13.5,991,995.9,0,0.3,14,75.3,0
2016-06-14 20:01:29,5,60,22.4,75,13.4,990.9,995.8,0,0,14,75.6,0
2016-06-14 20:06:29,5,60,22.4,75,13.3,991.1,996,0,0,14,75.6,0
2016-06-14 20:11:29,5,60,22.4,75,13.3,991.1,996,0,0,14,75.6,0
2016-06-14 20:16:29,5,60,22.4,75,13.3,991.2,996.1,0,0.3,14,75.6,0
2016-06-14 20:21:29,5,60,22.4,75,13.3,991.2,996.1,0,0,14,75.6,0
2016-06-14 20:26:29,5,59,22.4,75,13.2,991.3,996.2,0,0,14,75.9,0
2016-06-14 20:31:29,5,59,22.5,75,13.2,991.3,996.2,0,0,14,75.9,0
2016-06-14 20:36:29,5,59,22.5,75,13.2,991.2,996.1,0,0,14,76.2,0
2016-06-14 20:41:29,5,58,22.5,75,13.2,991.3,996.2,0,0.3,14,76.2,0
2016-06-14 20:46:29,5,58,22.6,75,13.1,991.4,996.3,0,0,14,76.2,0
2016-06-14 20:51:29,5,58,22.6,76,13.1,991.4,996.3,0,0.3,14,76.2,0
2016-06-14 20:56:29,5,59,22.6,76,13.1,991.4,996.3,0,0.3,14,76.2,0
2016-06-14 21:01:29,5,59,22.6,76,13.1,991.4,996.3,0,0,14,76.2,0
2016-06-14 21:06:29,5,59,22.5,76,13.1,991.6,996.5,0,0,14,76.2,0
2016-06-14 21:11:29,5,59,22.6,76,13.1,991.6,996.5,0,0,14,76.2,0
2016-06-14 21:16:29,5,59,22.6,76,13.2,991.5,996.4,1,1.4,14,76.2,0
2016-06-14 21:21:29,5,59,22.6,76,13.2,991.5,996.4,0,0.7,14,76.2,0
2016-06-14 21:26:29,5,59,22.6,76,13.2,991.6,996.5,0,0.3,0,76.2,0
2016-06-14 21:31:29,5,59,22.6,76,13.2,991.6,996.5,0,0.3,0,76.2,0
2016-06-14 21:36:29,5,59,22.6,76,13.2,991.6,996.5,1.4,2,0,76.2,0
2016-06-14 21:41:29,5,59,22.6,76,13.2,991.7,996.6,1,1.4,2,76.2,0
2016-06-14 21:46:29,5,59,22.5,76,13.2,991.7,996.6,1.7,2.4,0,76.2,0
2016-06-14 21:51:29,5,59,22.5,76,13.2,991.7,996.6,1.4,1.7,2,76.2,0
2016-06-14 21:56:29,5,60,22.4,77,13.1,991.7,996.6,0.7,1,0,76.5,0
2016-06-14 22:01:29,5,59,22.4,77,13.1,991.9,996.8,0.7,1,0,76.5,0
2016-06-14 22:06:29,5,59,22.4,77,13.1,991.9,996.8,0.7,1,0,76.5,0
2016-06-14 22:11:29,5,59,22.3,77,13,991.9,996.8,1,1.4,2,76.5,0
2016-06-14 22:16:29,5,59,22.3,77,13,992,996.9,0.3,1,0,76.5,0
2016-06-14 22:21:29,5,59,22.3,77,13,991.8,996.7,0.3,1,0,76.5,0
2016-06-14 22:26:29,5,59,22.3,77,13,991.9,996.8,0.3,1,0,76.5,0
2016-06-14 22:31:29,5,60,22.2,77,13,992,996.9,0.7,1,0,76.5,0
2016-06-14 22:36:29,5,60,22.2,77,12.9,992,996.9,0.3,0.7,0,76.5,0
2016-06-14 22:41:29,5,60,22.2,78,12.9,992,996.9,0.3,0.7,0,76.5,0
2016-06-14 22:46:29,5,60,22.2,78,12.8,992.1,997,1,1.7,0,76.5,0
2016-06-14 22:51:28,5,60,22.2,78,12.8,992.1,997,0.7,1,0,76.5,0
2016-06-14 22:56:28,5,60,22.1,78,12.7,992.2,997.1,0.7,1,0,76.5,0
2016-06-14 23:01:28,5,60,22.1,78,12.7,992.3,997.2,0,0.3,0,76.5,0
2016-06-14 23:06:28,5,60,22.2,78,12.7,992.3,997.2,0,0.7,0,76.5,0
2016-06-14 23:11:28,5,60,22.1,78,12.6,992.2,997.1,0.7,1.7,14,76.5,0
2016-06-14 23:16:28,5,60,22.1,78,12.5,992.3,997.2,0,0.7,0,76.5,0
2016-06-14 23:21:28,5,60,22.1,78,12.5,992.3,997.2,0.7,1,0,76.5,0
2016-06-14 23:26:28,5,60,22.1,78,12.4,992.2,997.1,0.7,1.4,0,76.5,0
2016-06-14 23:31:28,5,60,22.1,78,12.4,992.3,997.2,1,1.7,0,76.5,0
2016-06-14 23:36:28,5,60,22.1,78,12.3,992.1,997,0.3,1,0,76.5,0
2016-06-14 23:41:28,5,59,22,78,12.2,992.3,997.2,0.7,1,0,76.5,0
2016-06-14 23:46:28,5,59,22,78,12.2,992.2,997.1,0,0.3,0,76.5,0
2016-06-14 23:51:28,5,59,22,78,12.2,992.4,997.3,0,0.7,0,76.5,0
2016-06-14 23:56:28,5,59,22,78,12.1,992.2,997.1,0,0.3,0,76.5,0
