2018-04-27 00:01:07,5,51,18.8,73,5.6,1007.8,1012.7,0.3,0.7,2,335.7,0
2018-04-27 00:06:07,5,51,18.8,73,5.6,1007.8,1012.7,0.3,0.7,4,335.7,0
2018-04-27 00:11:07,5,51,18.7,73,5.6,1007.7,1012.6,0.3,0.7,4,335.7,0
2018-04-27 00:16:07,5,51,18.7,73,5.6,1007.8,1012.7,0.7,1,2,335.7,0
2018-04-27 00:21:07,5,51,18.7,73,5.6,1007.8,1012.7,0.7,1,4,335.7,0
2018-04-27 00:26:07,5,50,18.7,73,5.5,1007.8,1012.7,0.3,0.7,2,335.7,0
2018-04-27 00:31:07,5,50,18.7,73,5.4,1007.8,1012.7,0,0.3,2,335.7,0
2018-04-27 00:36:07,5,50,18.7,74,5.4,1007.8,1012.7,0.3,0.7,0,335.7,0
2018-04-27 00:41:07,5,50,18.7,74,5.4,1007.6,1012.5,0.3,0.7,2,335.7,0
2018-04-27 00:46:07,5,50,18.7,74,5.3,1007.7,1012.6,0.3,0.7,2,335.7,0
2018-04-27 00:51:07,5,50,18.7,74,5.3,1007.5,1012.4,0.7,1,2,335.7,0
2018-04-27 00:56:07,5,50,18.7,74,5.3,1007.7,1012.6,0.7,1,2,335.7,0
2018-04-27 01:01:07,5,50,18.7,74,5.2,1007.5,1012.4,0.3,0.7,2,335.7,0
2018-04-27 01:06:07,5,50,18.6,74,5.1,1007.4,1012.3,0.3,0.7,2,335.7,0
2018-04-27 01:11:07,5,50,18.6,75,5.2,1007.3,1012.2,0.3,1,2,335.7,0
2018-04-27 01:16:07,5,50,18.6,75,5.2,1007.3,1012.2,0.3,0.7,0,335.7,0
2018-04-27 01:21:07,5,50,18.6,75,5.2,1007.3,1012.2,0.3,1,2,335.7,0
2018-04-27 01:26:07,5,50,18.6,75,5.3,1007.2,1012.1,0.7,1.4,2,335.7,0
2018-04-27 01:31:07,5,50,18.6,75,5.2,1007.1,1012,0.7,1,2,335.7,0
2018-04-27 01:36:07,5,50,18.6,75,5.2,1007,1011.9,0.7,1,2,335.7,0
2018-04-27 01:41:07,5,50,18.6,75,5.1,1007.2,1012.1,0.7,1,0,335.7,0
2018-04-27 01:46:07,5,50,18.5,75,5.1,1007,1011.9,0.3,1,2,335.7,0
2018-04-27 01:51:07,5,50,18.4,75,5.1,1007,1011.9,0.3,1,3,335.7,0
2018-04-27 01:56:07,5,50,18.5,75,5,1006.9,1011.8,0.3,0.7,2,335.7,0
2018-04-27 02:01:07,5,50,18.4,76,4.9,1006.9,1011.8,0.3,1,0,335.7,0
2018-04-27 02:06:07,5,50,18.5,76,4.7,1006.8,1011.7,0.7,1,0,335.7,0
2018-04-27 02:11:07,5,50,18.5,76,4.6,1006.7,1011.6,0.3,0.7,2,335.7,0
2018-04-27 02:16:07,5,50,18.5,76,4.5,1006.7,1011.6,0.7,1,2,335.7,0
2018-04-27 02:21:07,5,50,18.4,77,4.4,1006.5,1011.4,0.3,0.7,0,335.7,0
2018-04-27 02:26:07,5,50,18.4,77,4.4,1006.6,1011.5,0,0.3,2,335.7,0
2018-04-27 02:31:07,5,50,18.4,77,4.4,1006.4,1011.3,0,0.3,2,335.7,0
2018-04-27 02:36:07,5,50,18.4,77,4.4,1006.5,1011.4,0.3,0.7,2,335.7,0
2018-04-27 02:41:07,5,50,18.4,77,4.4,1006.4,1011.3,0.3,1,4,335.7,0
2018-04-27 02:46:07,5,50,18.4,77,4.4,1006.4,1011.3,0.7,1,4,335.7,0
2018-04-27 02:51:07,5,50,18.3,77,4.3,1006.3,1011.2,0.3,1,4,335.7,0
2018-04-27 02:56:07,5,50,18.3,78,4.3,1006.3,1011.2,0,0.7,4,335.7,0
2018-04-27 03:01:07,5,50,18.4,78,4.4,1006.5,1011.4,0.3,0.7,4,335.7,0
2018-04-27 03:06:07,5,50,18.3,78,4.4,1006.4,1011.3,0.3,1,2,335.7,0
2018-04-27 03:11:07,5,50,18.3,78,4.5,1006.3,1011.2,0.3,1,2,335.7,0
2018-04-27 03:16:07,5,50,18.3,78,4.5,1006.4,1011.3,0.3,0.7,0,335.7,0
2018-04-27 03:21:07,5,50,18.3,78,4.5,1006.1,1011,0.3,0.7,0,335.7,0
2018-04-27 03:26:07,5,50,18.3,78,4.5,1006.1,1011,0.7,1,2,335.7,0
2018-04-27 03:31:07,5,50,18.3,78,4.5,1006.1,1011,0.3,0.7,2,335.7,0
2018-04-27 03:36:07,5,50,18.3,78,4.5,1006.2,1011.1,0.3,1,2,335.7,0
2018-04-27 03:41:07,5,50,18.3,78,4.4,1006.2,1011.1,0.3,0.7,2,335.7,0
2018-04-27 03:46:07,5,50,18.3,78,4.4,1006,1010.9,0,0.7,2,335.7,0
2018-04-27 03:51:07,5,50,18.3,78,4.4,1006,1010.9,0.7,1,2,335.7,0
2018-04-27 03:56:07,5,50,18.2,78,4.3,1005.9,1010.8,0.3,0.7,2,335.7,0
2018-04-27 04:01:07,5,50,18.2,78,4.2,1005.8,1010.7,0.7,1,2,335.7,0
2018-04-27 04:06:07,5,50,18.3,78,4,1005.7,1010.6,0.7,1,0,335.7,0
2018-04-27 04:11:07,5,50,18.2,79,3.8,1005.7,1010.6,0.7,1,0,335.7,0
2018-04-27 04:16:07,5,50,18.2,79,3.8,1005.8,1010.7,1,1.4,2,335.7,0
2018-04-27 04:21:07,5,50,18.2,79,3.8,1005.6,1010.5,0.7,1,0,335.7,0
2018-04-27 04:26:07,5,50,18.2,79,3.9,1005.6,1010.5,0.7,1.4,0,335.7,0
2018-04-27 04:31:07,5,50,18.2,78,4,1005.7,1010.6,1,1.4,0,335.7,0
2018-04-27 04:36:07,5,50,18.2,78,4,1005.7,1010.6,0.7,1,0,335.7,0
2018-04-27 04:41:07,5,50,18.2,79,3.9,1005.5,1010.4,0.7,1,0,335.7,0
2018-04-27 04:46:07,5,50,18.2,79,3.8,1005.6,1010.5,0.7,1.4,0,335.7,0
2018-04-27 04:51:07,5,50,18.2,79,3.7,1005.5,1010.4,0.3,0.7,0,335.7,0
2018-04-27 04:56:07,5,50,18.1,79,3.6,1005.5,1010.4,0.3,0.7,0,335.7,0
2018-04-27 05:01:07,5,50,18.1,79,3.5,1005.6,1010.5,1,1.4,0,335.7,0
2018-04-27 05:06:07,5,50,18.1,80,3.5,1005.6,1010.5,0.7,1,0,335.7,0
2018-04-27 05:11:07,5,50,18.1,80,3.5,1005.5,1010.4,0.3,0.7,2,335.7,0
2018-04-27 05:16:07,5,50,18.1,80,3.6,1005.4,1010.3,0.7,1,2,335.7,0
2018-04-27 05:21:07,5,50,18.1,80,3.8,1005.4,1010.3,0.7,1.4,2,335.7,0
2018-04-27 05:26:07,5,49,18.1,80,3.8,1005.3,1010.2,1.4,1.7,0,335.7,0
2018-04-27 05:31:07,5,49,18.1,80,3.9,1005.4,1010.3,1,1.4,2,335.7,0
2018-04-27 05:36:07,5,49,18.1,81,3.9,1005.3,1010.2,1,1.7,2,335.7,0
2018-04-27 05:41:07,5,49,18,81,3.9,1005.3,1010.2,1,1.4,2,335.7,0
2018-04-27 05:46:07,5,49,18.1,81,3.8,1005.4,1010.3,1,1.7,0,335.7,0
2018-04-27 05:51:07,5,49,18.1,81,3.8,1005.3,1010.2,0.7,1.4,0,335.7,0
2018-04-27 05:56:07,5,49,18.1,81,3.8,1005.4,1010.3,1.4,1.7,2,335.7,0
2018-04-27 06:01:07,5,49,18.1,81,3.8,1005.5,1010.4,0.7,1.4,2,335.7,0
2018-04-27 06:06:07,5,49,18.1,81,3.9,1005.4,1010.3,0.7,1.4,2,335.7,0
2018-04-27 06:11:07,5,49,18.1,81,3.9,1005.5,1010.4,1.4,1.7,2,335.7,0
2018-04-27 06:16:07,5,49,18.1,80,4.1,1005.4,1010.3,2,2.7,15,335.7,0
2018-04-27 06:21:07,5,49,18.1,80,4.2,1005.4,1010.3,1.7,2.4,2,335.7,0
2018-04-27 06:26:07,5,49,18,81,4.3,1005.5,1010.4,1.4,2,1,335.7,0
2018-04-27 06:31:07,5,49,18,80,4.4,1005.5,1010.4,1.4,2.7,0,335.7,0
2018-04-27 06:36:07,5,49,18,80,4.6,1005.6,1010.5,1.4,2,0,335.7,0
2018-04-27 06:41:07,5,49,18,80,4.7,1005.5,1010.4,1.4,2.4,2,335.7,0
2018-04-27 06:46:07,5,49,18,79,5,1005.6,1010.5,1.4,2,0,335.7,0
2018-04-27 06:51:07,5,49,18,79,5.2,1005.6,1010.5,1,1.7,2,335.7,0
2018-04-27 06:56:07,5,49,18,78,5.3,1005.6,1010.5,1.7,2,0,335.7,0
2018-04-27 07:01:07,5,49,18,78,5.5,1005.7,1010.6,1.7,2.4,0,335.7,0
2018-04-27 07:06:07,5,49,18,77,5.6,1005.7,1010.6,1,1.7,2,335.7,0
2018-04-27 07:11:07,5,50,18,76,5.8,1005.8,1010.7,2.4,3.1,0,335.7,0
2018-04-27 07:16:07,5,50,18,76,5.9,1005.8,1010.7,1.7,3.1,2,335.7,0
2018-04-27 07:21:07,5,50,18,74,6,1005.8,1010.7,1.7,2.7,0,335.7,0
2018-04-27 07:26:07,5,50,18,73,6.1,1005.8,1010.7,2,2.7,2,335.7,0
2018-04-27 07:31:07,5,50,18,72,6.1,1005.8,1010.7,2.4,3.1,2,335.7,0
2018-04-27 07:36:07,5,49,18,72,6.2,1005.7,1010.6,3.1,4.1,0,335.7,0
2018-04-27 07:41:07,5,47,18,72,6.2,1005.8,1010.7,2.7,3.7,2,335.7,0
2018-04-27 07:46:07,5,49,18,71,6.4,1005.8,1010.7,2.7,3.4,0,335.7,0
2018-04-27 07:51:07,5,49,17.9,70,6.4,1005.9,1010.8,3.7,4.4,2,335.7,0
2018-04-27 07:56:07,5,49,18,69,6.4,1005.9,1010.8,3.7,4.8,2,335.7,0
2018-04-27 08:01:07,5,49,18,69,6.5,1005.9,1010.8,2.7,3.7,0,335.7,0
2018-04-27 08:06:07,5,49,18,69,6.7,1005.8,1010.7,2.7,4.4,0,335.7,0
2018-04-27 08:11:07,5,49,18,69,6.8,1005.8,1010.7,2.4,4.1,2,335.7,0
2018-04-27 08:16:07,5,49,18,68,6.8,1005.9,1010.8,2.7,3.4,2,335.7,0
2018-04-27 08:21:07,5,49,18,67,6.9,1005.9,1010.8,2.7,4.1,0,335.7,0
2018-04-27 08:26:07,5,49,18,65,7.1,1005.9,1010.8,3.4,4.4,1,335.7,0
2018-04-27 08:31:07,5,49,18,66,6.9,1005.8,1010.7,3.7,4.8,2,335.7,0
2018-04-27 08:36:07,5,49,18,66,6.8,1005.9,1010.8,2.4,4.1,2,335.7,0
2018-04-27 08:41:07,5,49,18,67,6.8,1005.9,1010.8,2.7,4.4,2,335.7,0
2018-04-27 08:46:07,5,49,18,68,6.9,1005.9,1010.8,2.7,3.4,2,335.7,0
2018-04-27 08:51:07,5,49,18.1,67,6.9,1006,1010.9,2,3.1,2,335.7,0
2018-04-27 08:56:07,5,49,18.1,66,7,1005.9,1010.8,2.4,3.4,1,335.7,0
2018-04-27 09:01:07,5,49,18.1,65,7,1005.9,1010.8,3.1,4.4,2,335.7,0
2018-04-27 09:06:07,5,49,18.1,65,7.1,1005.9,1010.8,3.4,4.8,0,335.7,0
2018-04-27 09:11:07,5,49,18.1,64,7.1,1006,1010.9,2.7,3.1,,335.7,0
2018-04-27 09:16:07,5,49,18.1,65,7.5,1005.9,1010.8,3.1,5.1,2,335.7,0
2018-04-27 09:21:07,5,49,18.1,65,8.1,1006,1010.9,2.4,3.7,0,335.7,0
2018-04-27 09:26:07,5,49,18.1,62,8.8,1006,1010.9,2.7,4.8,2,335.7,0
2018-04-27 09:31:07,5,49,18.2,59,9,1005.9,1010.8,2.7,3.7,2,335.7,0
2018-04-27 09:36:07,5,49,18.2,60,9.1,1006,1010.9,2.4,3.1,2,335.7,0
2018-04-27 09:41:07,5,49,18.2,59,9.5,1006.1,1011,2.4,3.7,0,335.7,0
2018-04-27 09:46:07,5,49,18.2,57,9.2,1006,1010.9,2.7,3.4,1,335.7,0
2018-04-27 09:51:07,5,50,18.2,57,9.2,1005.9,1010.8,2.4,3.1,2,335.7,0
2018-04-27 09:56:07,5,50,18.2,57,9.1,1006,1010.9,4.1,5.4,2,335.7,0
2018-04-27 10:01:07,5,50,18.3,57,9.8,1005.9,1010.8,3.1,6.1,2,335.7,0
2018-04-27 10:06:07,5,50,18.3,55,10.2,1005.8,1010.7,3.1,4.4,2,335.7,0
2018-04-27 10:11:07,5,50,18.3,55,9.9,1006,1010.9,2,2.7,2,335.7,0
2018-04-27 10:16:07,5,50,18.3,55,10,1006,1010.9,3.1,4.1,2,335.7,0
2018-04-27 10:21:07,5,50,18.3,54,10.3,1005.8,1010.7,2.4,3.4,2,335.7,0
2018-04-27 10:26:07,5,50,18.3,55,10.7,1005.9,1010.8,3.4,5.1,2,335.7,0
2018-04-27 10:31:07,5,50,18.4,54,9.8,1005.9,1010.8,1.4,2,2,335.7,0
2018-04-27 10:36:07,5,51,18.4,55,10.1,1005.7,1010.6,3.4,5.1,0,335.7,0
2018-04-27 10:41:07,5,50,18.4,53,10.3,1005.8,1010.7,4.1,6.5,2,335.7,0
2018-04-27 10:46:07,5,50,18.4,50,10.9,1005.9,1010.8,2,3.4,4,335.7,0
2018-04-27 10:51:07,5,50,18.5,51,10.3,1005.8,1010.7,2.7,4.1,0,335.7,0
2018-04-27 10:56:07,5,51,18.5,51,10.1,1005.9,1010.8,2.4,3.1,2,335.7,0
2018-04-27 11:01:07,5,50,18.5,53,10.1,1005.8,1010.7,2,2.7,0,335.7,0
2018-04-27 11:06:07,5,50,18.5,49,10.4,1005.9,1010.8,3.1,4.1,1,335.7,0
2018-04-27 11:11:07,5,51,18.5,51,10,1005.8,1010.7,3.7,5.1,0,335.7,0
2018-04-27 11:16:07,5,50,18.6,50,10.8,1005.8,1010.7,1.4,1.7,14,335.7,0
2018-04-27 11:21:07,5,50,18.6,46,12,1005.9,1010.8,2.4,3.4,2,335.7,0
2018-04-27 11:26:07,5,51,18.6,48,11.5,1005.8,1010.7,3.1,4.4,0,335.7,0
2018-04-27 11:31:07,5,51,18.6,47,10.8,1005.8,1010.7,3.7,4.4,0,335.7,0
2018-04-27 11:36:07,5,51,18.6,49,10.4,1005.8,1010.7,2.4,3.4,2,335.7,0
2018-04-27 11:41:07,5,50,18.6,50,10.3,1005.6,1010.5,2.4,3.7,0,335.7,0
2018-04-27 11:46:07,5,50,18.7,47,11.3,1005.9,1010.8,4.8,6.8,4,335.7,0
2018-04-27 11:51:07,5,50,18.7,47,10.7,1006.1,1011,4.1,5.1,2,335.7,0
2018-04-27 11:56:07,5,50,18.7,47,10.3,1006,1010.9,2.7,3.7,2,335.7,0
2018-04-27 12:01:07,5,50,18.7,44,10.1,1005.9,1010.8,3.1,4.1,2,335.7,0
2018-04-27 12:06:07,5,50,18.7,48,10.1,1005.9,1010.8,2,3.1,4,335.7,0
2018-04-27 12:11:07,5,50,18.7,44,10,1005.8,1010.7,2.7,3.7,2,335.7,0
2018-04-27 12:16:07,5,50,18.7,45,10.2,1005.9,1010.8,1.7,2.7,0,335.7,0
2018-04-27 12:21:07,5,50,18.7,44,10.3,1005.9,1010.8,1.7,2.4,2,335.7,0
2018-04-27 12:26:07,5,50,18.7,44,10.3,1005.8,1010.7,2,3.4,2,335.7,0
2018-04-27 12:31:07,5,50,18.7,43,10.6,1005.8,1010.7,1.7,2.4,0,335.7,0
2018-04-27 12:36:07,5,50,18.8,44,11.1,1005.7,1010.6,2.4,3.7,2,335.7,0
2018-04-27 12:41:07,5,50,18.8,41,11.1,1005.9,1010.8,2.7,4.1,2,335.7,0
2018-04-27 12:46:07,5,50,18.8,43,10.7,1006,1010.9,1.7,3.1,2,335.7,0
2018-04-27 12:51:07,5,50,18.8,44,10.6,1005.8,1010.7,1.7,2.7,2,335.7,0
2018-04-27 12:56:07,5,50,18.9,43,10.8,1005.7,1010.6,2.4,3.4,2,335.7,0
2018-04-27 13:01:07,5,50,18.9,41,12.2,1005.7,1010.6,3.7,4.4,0,335.7,0
2018-04-27 13:06:07,5,50,18.9,37,12.7,1005.7,1010.6,2.4,3.4,2,335.7,0
2018-04-27 13:11:07,5,50,18.9,37,12.9,1005.7,1010.6,2.7,4.1,2,335.7,0
2018-04-27 13:16:07,5,49,19,38,13,1005.8,1010.7,2.7,4.1,0,335.7,0
2018-04-27 13:21:07,5,49,19,35,11.9,1005.9,1010.8,3.7,5.1,0,335.7,0
2018-04-27 13:26:07,5,49,19,40,11.1,1005.8,1010.7,1.7,3.7,0,335.7,0
2018-04-27 13:31:07,5,49,19,42,11.4,1005.8,1010.7,1.4,3.1,0,335.7,0
2018-04-27 13:36:07,5,49,19,42,11.4,1005.9,1010.8,2.4,3.4,2,335.7,0
2018-04-27 13:41:07,5,49,19,41,11.1,1005.8,1010.7,2,3.1,2,335.7,0
2018-04-27 13:46:07,5,49,19,43,11.6,1005.9,1010.8,3.4,4.8,0,335.7,0
2018-04-27 13:51:07,5,48,19,42,11.5,1005.7,1010.6,2,2.7,0,335.7,0
2018-04-27 13:56:07,5,49,19.1,41,11.5,1005.6,1010.5,3.1,4.1,0,335.7,0
2018-04-27 14:01:07,5,48,19.1,39,11.4,1005.6,1010.5,3.1,3.7,0,335.7,0
2018-04-27 14:06:07,5,48,19,42,11.5,1005.8,1010.7,2.4,3.4,15,335.7,0
2018-04-27 14:11:07,5,48,19,40,11.7,1005.8,1010.7,1.7,3.4,0,335.7,0
2018-04-27 14:16:07,5,48,19.1,39,11.9,1005.7,1010.6,1.7,2.4,2,335.7,0
2018-04-27 14:21:07,5,49,19.1,36,13,1005.8,1010.7,2,3.4,0,335.7,0
2018-04-27 14:26:07,5,49,19.3,36,13.1,1005.6,1010.5,2.7,3.7,0,335.7,0
2018-04-27 14:31:07,5,49,19.3,34,13.7,1005.6,1010.5,2.4,3.1,2,335.7,0
2018-04-27 14:36:07,5,49,19.3,29,14.4,1005.6,1010.5,2,2.7,4,335.7,0
2018-04-27 14:41:07,5,49,19.4,31,14,1005.7,1010.6,1,2,0,335.7,0
2018-04-27 14:46:07,5,49,19.5,36,13.3,1005.8,1010.7,2.4,3.4,0,335.7,0
2018-04-27 14:51:07,5,49,19.5,41,12.3,1005.8,1010.7,3.1,4.8,0,335.7,0
2018-04-27 14:56:07,5,49,19.5,40,12.1,1005.7,1010.6,3.1,3.7,0,335.7,0
2018-04-27 15:01:07,5,49,19.5,37,11.9,1005.7,1010.6,2.7,3.1,0,335.7,0
2018-04-27 15:06:07,5,49,19.5,38,11.7,1005.7,1010.6,2.4,3.7,0,335.7,0
2018-04-27 15:11:07,5,49,19.5,38,11.7,1005.7,1010.6,1,1.7,0,335.7,0
2018-04-27 15:16:07,5,49,19.5,36,12,1005.7,1010.6,0.7,1,0,335.7,0
2018-04-27 15:21:07,5,49,19.5,36,12.6,1005.7,1010.6,0.7,1.7,14,335.7,0
2018-04-27 15:26:07,5,49,19.5,34,14.3,1005.7,1010.6,0.7,1.4,0,335.7,0
2018-04-27 15:31:07,5,49,19.5,36,13.5,1005.8,1010.7,2.4,3.1,0,335.7,0
2018-04-27 15:36:07,5,49,19.5,39,12.8,1005.7,1010.6,1.7,2.4,0,335.7,0
2018-04-27 15:41:07,5,49,19.5,41,12.1,1005.8,1010.7,1,1.7,0,335.7,0
2018-04-27 15:46:07,5,49,19.5,41,12,1005.8,1010.7,2.4,3.1,0,335.7,0
2018-04-27 15:51:07,5,49,19.5,42,11.8,1005.8,1010.7,2.4,3.1,0,335.7,0
2018-04-27 15:56:07,5,49,19.5,41,11.9,1005.7,1010.6,2,2.7,0,335.7,0
2018-04-27 16:01:07,5,49,19.5,37,12,1005.7,1010.6,1.4,2,0,335.7,0
2018-04-27 16:06:07,5,49,19.5,37,12.3,1005.7,1010.6,2,3.1,0,335.7,0
2018-04-27 16:11:07,5,49,19.6,36,12.7,1005.6,1010.5,3.1,4.1,2,335.7,0
2018-04-27 16:16:07,5,49,19.6,35,12.3,1005.8,1010.7,2.4,3.1,2,335.7,0
2018-04-27 16:21:07,5,48,19.6,38,12,1005.8,1010.7,0.7,1,0,335.7,0
2018-04-27 16:26:07,5,41,19.6,41,11.9,1005.8,1010.7,2,3.4,10,335.7,0
2018-04-27 16:31:07,5,38,19.5,41,11.6,1005.7,1010.6,1,1.4,14,335.7,0
2018-04-27 16:36:07,5,35,19.4,42,11.4,1005.8,1010.7,1.7,2.4,12,335.7,0
2018-04-27 16:41:07,5,34,19.2,43,11.3,1005.7,1010.6,2,3.4,14,335.7,0
2018-04-27 16:46:07,5,38,19.2,45,11.7,1005.9,1010.8,3.1,4.1,14,335.7,0
2018-04-27 16:51:07,5,40,19.2,45,11.8,1005.8,1010.7,3.4,4.8,0,335.7,0
2018-04-27 16:56:07,5,41,19.3,45,11.5,1005.8,1010.7,3.7,5.1,14,335.7,0
2018-04-27 17:01:07,5,42,19.4,47,11.4,1005.9,1010.8,2.4,3.7,0,335.7,0
2018-04-27 17:06:07,5,37,19.4,47,11,1006.2,1011.1,2,3.1,14,335.7,0
2018-04-27 17:11:07,5,35,19.4,49,10.9,1006.3,1011.2,2.7,3.7,14,335.7,0
2018-04-27 17:16:07,5,35,19.2,50,10.6,1006.3,1011.2,4.1,5.4,14,335.7,0
2018-04-27 17:21:07,5,35,19.1,53,10.4,1006.4,1011.3,3.1,4.4,14,335.7,0
2018-04-27 17:26:07,5,36,19,55,10.1,1006.2,1011.1,6.1,7.5,14,335.7,0
2018-04-27 17:31:07,5,36,19,57,9.7,1006.5,1011.4,3.7,5.1,14,335.7,0
2018-04-27 17:36:07,5,38,18.9,58,9.4,1006.6,1011.5,3.4,5.4,14,335.7,0
2018-04-27 17:41:07,5,38,18.7,59,9.2,1006.4,1011.3,2.4,3.7,14,335.7,0
2018-04-27 17:46:07,5,39,18.5,60,9.1,1006.5,1011.4,2.4,3.4,14,335.7,0
2018-04-27 17:51:07,5,39,18.4,59,9,1006.5,1011.4,2,3.4,12,335.7,0
2018-04-27 17:56:07,5,39,18.2,59,8.9,1006.6,1011.5,1.7,2.4,14,335.7,0
2018-04-27 18:01:07,5,39,18.1,59,8.9,1006.6,1011.5,2,3.1,12,335.7,0
2018-04-27 18:06:07,5,39,18.1,59,8.9,1006.4,1011.3,1.7,2.4,12,335.7,0
2018-04-27 18:11:07,5,40,18.1,60,8.9,1007,1011.9,2,2.4,14,335.7,0
2018-04-27 18:16:07,5,42,18.1,59,8.9,1006.8,1011.7,2,2.7,14,335.7,0
2018-04-27 18:21:07,5,42,18.1,58,9,1006.8,1011.7,1.7,3.1,0,335.7,0
2018-04-27 18:26:07,5,42,18.1,59,9.2,1006.9,1011.8,1.4,2,14,335.7,0
2018-04-27 18:31:07,5,42,18.1,58,9.3,1007,1011.9,2.4,3.4,12,335.7,0
2018-04-27 18:36:07,5,43,18.1,57,9.2,1007.1,1012,2,2.7,14,335.7,0
2018-04-27 18:41:07,5,43,18.1,56,9.2,1007.2,1012.1,2,3.1,0,335.7,0
2018-04-27 18:46:07,5,44,18.2,54,9.3,1007.2,1012.1,1.7,2.4,0,335.7,0
2018-04-27 18:51:07,5,44,18.2,55,9.1,1007.2,1012.1,2.4,4.1,14,335.7,0
2018-04-27 18:56:07,5,45,18.2,58,8.9,1007.2,1012.1,2,3.1,0,335.7,0
2018-04-27 19:01:07,5,45,18.2,60,8.7,1007.3,1012.2,2.4,3.1,14,335.7,0
2018-04-27 19:06:07,5,45,18.2,62,8.5,1007.3,1012.2,2,3.4,14,335.7,0
2018-04-27 19:11:07,5,46,18.3,63,8.4,1007.5,1012.4,2,2.7,14,335.7,0
2018-04-27 19:16:07,5,46,18.3,63,8.4,1007.4,1012.3,2,2.7,14,335.7,0
2018-04-27 19:21:07,5,46,18.3,63,8.3,1007.6,1012.5,2,3.1,14,335.7,0
2018-04-27 19:26:07,5,46,18.3,63,8.2,1007.7,1012.6,1.7,2.4,14,335.7,0
2018-04-27 19:31:07,5,46,18.3,63,8.2,1007.6,1012.5,1.4,2,14,335.7,0
2018-04-27 19:36:07,5,47,18.4,64,8.1,1007.8,1012.7,1.4,2,14,335.7,0
2018-04-27 19:41:07,5,47,18.4,64,8.1,1007.8,1012.7,1.4,2,12,335.7,0
2018-04-27 19:46:07,5,47,18.4,64,8,1007.9,1012.8,1.7,2.4,14,335.7,0
2018-04-27 19:51:07,5,47,18.4,63,7.9,1007.9,1012.8,1.7,2.7,14,335.7,0
2018-04-27 19:56:07,5,48,18.4,63,7.8,1007.9,1012.8,1.4,1.7,13,335.7,0
2018-04-27 20:01:07,5,48,18.4,63,7.7,1007.9,1012.8,0.7,1,12,335.7,0
2018-04-27 20:06:07,5,48,18.4,63,7.6,1008.1,1013,1.4,2,14,335.7,0
2018-04-27 20:11:07,5,49,18.4,63,7.5,1008.3,1013.2,1,2,12,335.7,0
2018-04-27 20:16:07,5,49,18.4,64,7.4,1008.3,1013.2,0.7,1.7,14,335.7,0
2018-04-27 20:21:07,5,49,18.4,64,7.4,1008.4,1013.3,1,1.4,14,335.7,0
2018-04-27 20:26:07,5,49,18.4,64,7.4,1008.4,1013.3,1.7,2.7,13,335.7,0
2018-04-27 20:31:07,5,50,18.5,64,7.4,1008.5,1013.4,1,1.7,14,335.7,0
2018-04-27 20:36:07,5,49,18.4,64,7.4,1008.5,1013.4,1,1.7,14,335.7,0
2018-04-27 20:41:07,5,50,18.5,64,7.4,1008.6,1013.5,1,1.4,0,335.7,0
2018-04-27 20:46:07,5,50,18.5,64,7.3,1008.6,1013.5,1,1.4,0,335.7,0
2018-04-27 20:51:07,5,50,18.5,64,7.3,1008.7,1013.6,1.4,1.7,14,335.7,0
2018-04-27 20:56:07,5,50,18.5,64,7.2,1008.8,1013.7,1,1.7,0,335.7,0
2018-04-27 21:01:07,5,50,18.5,64,7.2,1008.8,1013.7,1,1.7,0,335.7,0
2018-04-27 21:06:07,5,50,18.6,63,7.1,1008.8,1013.7,1,2.4,0,335.7,0
2018-04-27 21:11:07,5,50,18.6,62,7.1,1008.9,1013.8,1.4,1.7,0,335.7,0
2018-04-27 21:16:07,5,50,18.6,62,7.1,1009.1,1014,0.7,1,0,335.7,0
2018-04-27 21:21:07,5,51,18.5,62,7.1,1009.1,1014,0.7,1,0,335.7,0
2018-04-27 21:26:07,5,51,18.5,62,7,1009.2,1014.1,2,2.4,15,335.7,0
2018-04-27 21:31:07,5,51,18.5,62,7,1009.2,1014.1,1,1.4,14,335.7,0
2018-04-27 21:36:07,5,51,18.5,62,7,1009.2,1014.1,1,1.7,2,335.7,0
2018-04-27 21:41:07,5,51,18.6,63,6.9,1009.2,1014.1,0.7,1.4,14,335.7,0
2018-04-27 21:46:07,5,51,18.6,64,6.7,1009.2,1014.1,0.3,1,14,335.7,0
2018-04-27 21:51:07,5,52,18.6,64,6.6,1009.2,1014.1,1.7,2,14,335.7,0
2018-04-27 21:56:07,5,52,18.6,64,6.4,1009.2,1014.1,0.7,1,14,335.7,0
2018-04-27 22:01:07,5,52,18.6,65,6.3,1009.1,1014,1,1.7,14,335.7,0
2018-04-27 22:06:07,5,52,18.6,65,6.2,1009.2,1014.1,0.7,1.4,14,335.7,0
2018-04-27 22:11:07,5,52,18.6,65,6.2,1009.3,1014.2,1.4,1.7,14,335.7,0
2018-04-27 22:16:07,5,52,18.6,65,6.1,1009.2,1014.1,1.4,2,14,335.7,0
2018-04-27 22:21:07,5,52,18.6,65,6,1009.3,1014.2,1.4,2,14,335.7,0
2018-04-27 22:26:07,5,52,18.6,66,5.9,1009.3,1014.2,1.4,2,14,335.7,0
2018-04-27 22:31:07,5,52,18.6,66,5.8,1009.4,1014.3,0.7,1,15,335.7,0
2018-04-27 22:36:07,5,52,18.6,66,5.7,1009.3,1014.2,1.4,2,14,335.7,0
2018-04-27 22:41:07,5,52,18.6,66,5.7,1009.3,1014.2,1.4,2,14,335.7,0
2018-04-27 22:46:07,5,52,18.6,67,5.7,1009.2,1014.1,1,1.4,14,335.7,0
2018-04-27 22:51:07,5,52,18.6,67,5.6,1009.1,1014,0.3,0.7,0,335.7,0
2018-04-27 22:56:07,5,52,18.6,67,5.5,1009.2,1014.1,1,1.4,0,335.7,0
2018-04-27 23:01:07,5,52,18.6,67,5.3,1009,1013.9,0.7,1,0,335.7,0
2018-04-27 23:06:07,5,52,18.6,67,5.2,1009.1,1014,1,1.4,0,335.7,0
2018-04-27 23:11:07,5,52,18.7,68,5.1,1009,1013.9,0.7,1,0,335.7,0
2018-04-27 23:16:07,5,52,18.6,68,5,1009.2,1014.1,1,1.7,0,335.7,0
2018-04-27 23:21:07,5,53,18.6,68,5,1009.2,1014.1,0.7,1.4,0,335.7,0
2018-04-27 23:26:07,5,53,18.7,70,4.9,1009.2,1014.1,0.7,1.4,0,335.7,0
2018-04-27 23:31:07,5,53,18.6,70,4.9,1009.2,1014.1,0.3,1,14,335.7,0
2018-04-27 23:36:07,5,53,18.7,70,4.9,1009.1,1014,0.7,1,0,335.7,0
2018-04-27 23:41:07,5,53,18.7,70,4.9,1009.2,1014.1,0.3,0.7,14,335.7,0
2018-04-27 23:46:07,5,53,18.7,70,4.9,1009.3,1014.2,0.7,1,12,335.7,0
2018-04-27 23:51:07,5,53,18.7,71,4.8,1009.1,1014,0.3,0.7,12,335.7,0
2018-04-27 23:56:07,5,53,18.7,71,4.7,1009.4,1014.3,0.3,0.7,12,335.7,0
