2018-04-03 00:01:13,5,50,20.4,83,5.4,982.7,987.6,2.4,3.4,2,322.5,0
2018-04-03 00:06:13,5,50,20.3,83,5.4,982.5,987.4,1,1.7,2,322.5,0
2018-04-03 00:11:13,5,50,20.3,83,5.4,982.4,987.3,1.4,2,4,322.5,0
2018-04-03 00:16:13,5,50,20.2,83,5.4,982.5,987.4,1.4,1.7,2,322.5,0
2018-04-03 00:21:13,5,50,20.2,83,5.4,982.5,987.4,1.4,2.4,2,322.5,0
2018-04-03 00:26:13,5,50,20.2,83,5.4,982.4,987.3,1.4,2,1,322.5,0
2018-04-03 00:31:13,5,50,20.1,83,5.4,982.3,987.2,0.7,1,4,322.5,0
2018-04-03 00:36:13,5,50,20.1,83,5.4,982.3,987.2,2,3.7,2,322.5,0
2018-04-03 00:41:13,5,50,20,83,5.5,982.3,987.2,1.7,2.7,2,322.5,0
2018-04-03 00:46:13,5,50,20,83,5.5,982.3,987.2,1,1.7,4,322.5,0
2018-04-03 00:51:13,5,50,20,83,5.5,982.3,987.2,1.7,2.4,4,322.5,0
2018-04-03 00:56:13,5,50,20,83,5.5,982.3,987.2,2.4,3.1,0,322.5,0
2018-04-03 01:01:13,5,51,19.9,83,5.5,982.1,987,1.7,2.7,12,322.5,0
2018-04-03 01:06:13,5,51,19.9,83,5.5,982.2,987.1,1,2,4,322.5,0
2018-04-03 01:11:13,5,51,19.9,83,5.5,982.2,987.1,1.7,2.4,0,322.5,0
2018-04-03 01:16:13,5,51,19.8,83,5.5,982,986.9,1.4,2,4,322.5,0
2018-04-03 01:21:13,5,51,19.8,83,5.5,982,986.9,1.7,2.7,4,322.5,0
2018-04-03 01:26:13,5,51,19.8,83,5.5,982,986.9,1,1.7,4,322.5,0
2018-04-03 01:31:13,5,51,19.8,83,5.5,982.1,987,0.7,1.7,4,322.5,0
2018-04-03 01:36:13,5,51,19.8,83,5.6,981.9,986.8,0.7,1.4,2,322.5,0
2018-04-03 01:41:13,5,51,19.7,83,5.6,981.8,986.7,1,1.4,0,322.5,0
2018-04-03 01:46:13,5,51,19.7,84,5.6,981.7,986.6,1,2,2,322.5,0
2018-04-03 01:51:13,5,51,19.7,84,5.7,981.6,986.5,1.4,2.4,2,322.5,0
2018-04-03 01:56:13,5,51,19.7,84,5.7,981.8,986.7,1.4,2,2,322.5,0
2018-04-03 02:01:13,5,51,19.7,84,5.7,981.9,986.8,0.7,1.4,2,322.5,0
2018-04-03 02:06:13,5,51,19.6,84,5.7,981.6,986.5,1.4,2.4,2,322.5,0
2018-04-03 02:11:13,5,51,19.6,84,5.7,981.8,986.7,1,1.4,2,322.5,0
2018-04-03 02:16:13,5,51,19.6,84,5.6,981.7,986.6,0.3,0.7,2,322.5,0
2018-04-03 02:21:13,5,51,19.6,84,5.6,981.7,986.6,0.3,0.7,2,322.5,0
2018-04-03 02:26:13,5,51,19.6,84,5.6,981.7,986.6,1,1.7,2,322.5,0
2018-04-03 02:31:13,5,51,19.6,84,5.6,981.6,986.5,1,1.4,2,322.5,0
2018-04-03 02:36:13,5,51,19.5,84,5.6,981.5,986.4,1,1.4,2,322.5,0
2018-04-03 02:41:13,5,51,19.5,84,5.7,981.5,986.4,1,2,2,322.5,0
2018-04-03 02:46:13,5,51,19.5,84,5.7,981.4,986.3,0.7,1.4,4,322.5,0
2018-04-03 02:51:13,5,51,19.5,84,5.7,981.5,986.4,0.7,1.4,2,322.5,0
2018-04-03 02:56:13,5,51,19.5,84,5.7,981.3,986.2,0.7,1.4,2,322.5,0
2018-04-03 03:01:13,5,51,19.5,84,5.7,981.5,986.4,0.7,1.4,2,322.5,0
2018-04-03 03:06:13,5,51,19.5,84,5.7,981.3,986.2,0.7,1.4,0,322.5,0
2018-04-03 03:11:13,5,51,19.5,84,5.8,981.3,986.2,1,1.4,2,322.5,0
2018-04-03 03:16:13,5,51,19.5,84,5.8,981.3,986.2,0.7,1,2,322.5,0
2018-04-03 03:21:13,5,51,19.5,84,5.8,981.2,986.1,1.4,2,2,322.5,0
2018-04-03 03:26:13,5,51,19.4,84,5.8,981.1,986,1.7,2.4,4,322.5,0
2018-04-03 03:31:13,5,51,19.4,84,5.8,981.1,986,1.4,2,2,322.5,0
2018-04-03 03:36:13,5,51,19.4,84,5.8,981,985.9,1.7,2.4,4,322.5,0
2018-04-03 03:41:13,5,51,19.4,84,5.8,981,985.9,1,1.7,2,322.5,0
2018-04-03 03:46:13,5,51,19.4,84,5.8,980.9,985.8,2,2.4,2,322.5,0
2018-04-03 03:51:13,5,51,19.4,84,5.8,980.7,985.6,1.7,2,2,322.5,0
2018-04-03 03:56:13,5,51,19.4,84,5.8,980.8,985.7,1.4,2,2,322.5,0
2018-04-03 04:01:13,5,51,19.4,84,5.8,980.7,985.6,2.4,3.4,2,322.5,0
2018-04-03 04:06:13,5,51,19.3,84,5.8,980.7,985.6,1.7,2.4,2,322.5,0
2018-04-03 04:11:13,5,51,19.3,84,5.8,980.5,985.4,1,1.7,2,322.5,0
2018-04-03 04:16:13,5,51,19.2,84,5.8,980.5,985.4,1.4,2.4,2,322.5,0
2018-04-03 04:21:13,5,51,19.3,84,5.8,980.6,985.5,0.7,1.4,2,322.5,0
2018-04-03 04:26:13,5,51,19.3,84,5.8,980.5,985.4,1.4,2,1,322.5,0
2018-04-03 04:31:13,5,51,19.2,84,5.8,980.5,985.4,1.7,2.4,2,322.5,0
2018-04-03 04:36:13,5,51,19.3,84,5.9,980.5,985.4,1.4,2.4,0,322.5,0
2018-04-03 04:41:13,5,51,19.2,84,5.9,980.3,985.2,1.7,3.1,2,322.5,0
2018-04-03 04:46:13,5,51,19.2,84,5.9,980.3,985.2,1.7,2.4,2,322.5,0
2018-04-03 04:51:13,5,51,19.2,84,5.9,980.4,985.3,1.7,2.7,2,322.5,0
2018-04-03 04:56:13,5,51,19.2,84,5.9,980.4,985.3,1.4,2,2,322.5,0
2018-04-03 05:01:13,5,51,19.2,83,6,980.4,985.3,0.7,1.4,2,322.5,0
2018-04-03 05:06:13,5,51,19.2,83,6,980.3,985.2,1,1.7,2,322.5,0
2018-04-03 05:11:13,5,51,19.2,83,6,980.4,985.3,0.7,1.4,2,322.5,0
2018-04-03 05:16:13,5,51,19.2,83,6,980.1,985,1,1.4,2,322.5,0
2018-04-03 05:21:13,5,51,19.1,83,6,980.1,985,1.7,2.4,2,322.5,0
2018-04-03 05:26:13,5,51,19.1,83,6,979.9,984.8,1.7,2,2,322.5,0
2018-04-03 05:31:13,5,51,19.1,83,6.1,979.9,984.8,2.4,3.1,2,322.5,0
2018-04-03 05:36:13,5,51,19.1,83,6.1,979.7,984.6,1.4,1.7,2,322.5,0
2018-04-03 05:41:13,5,51,19.1,83,6,979.9,984.8,1.7,2.7,2,322.5,0
2018-04-03 05:46:13,5,51,19.1,83,6,979.9,984.8,1.7,2.4,4,322.5,0
2018-04-03 05:51:13,5,51,19.1,83,6,979.8,984.7,2,3.4,2,322.5,0
2018-04-03 05:56:13,5,51,19.1,84,5.9,979.9,984.8,2.4,3.4,2,322.5,0
2018-04-03 06:01:13,5,51,19.1,84,5.9,979.9,984.8,1.7,2.7,2,322.5,0
2018-04-03 06:06:13,5,51,19,84,5.9,979.9,984.8,1.7,2.4,2,322.5,0
2018-04-03 06:11:13,5,51,19.1,84,5.9,980,984.9,2.4,3.4,2,322.5,0
2018-04-03 06:16:13,5,51,19.1,84,5.8,980.2,985.1,2.4,3.4,2,322.5,0
2018-04-03 06:21:13,5,50,19,84,5.8,979.8,984.7,2,3.1,2,322.5,0
2018-04-03 06:26:13,5,51,19.1,84,5.8,979.9,984.8,2,2.7,2,322.5,0
2018-04-03 06:31:13,5,50,19.1,84,5.9,979.9,984.8,1.7,2,2,322.5,0
2018-04-03 06:36:13,5,50,19.1,84,5.8,979.9,984.8,1.4,2,2,322.5,0
2018-04-03 06:41:13,5,50,19.1,84,5.9,979.9,984.8,1.7,2.7,2,322.5,0
2018-04-03 06:46:13,5,50,19,83,6,979.8,984.7,1.4,2,2,322.5,0
2018-04-03 06:51:13,5,50,19.1,83,6.1,979.9,984.8,1.7,2.7,0,322.5,0
2018-04-03 06:56:13,5,50,19.1,83,6.2,979.8,984.7,1.7,2.7,2,322.5,0
2018-04-03 07:01:13,5,50,19,83,6.2,979.9,984.8,2,4.1,2,322.5,0
2018-04-03 07:06:13,5,51,19,83,6.2,979.7,984.6,1,1.7,2,322.5,0
2018-04-03 07:11:13,5,51,19,83,6.2,979.7,984.6,2,2.7,2,322.5,0
2018-04-03 07:16:13,5,51,19,83,6.3,979.8,984.7,1.7,2.4,2,322.5,0
2018-04-03 07:21:13,5,51,19,83,6.3,979.8,984.7,1.7,2.7,2,322.5,0
2018-04-03 07:26:13,5,51,19,83,6.3,979.7,984.6,2,2.4,2,322.5,0
2018-04-03 07:31:13,5,51,19,83,6.4,979.8,984.7,2,3.1,2,322.5,0
2018-04-03 07:36:13,5,51,19,83,6.4,979.8,984.7,2,3.1,2,322.5,0
2018-04-03 07:41:13,5,51,19,83,6.4,979.8,984.7,1.4,2,4,322.5,0
2018-04-03 07:46:13,5,51,19,83,6.5,979.8,984.7,1.7,2.4,2,322.5,0
2018-04-03 07:51:13,5,51,19,83,6.6,979.8,984.7,2,2.7,2,322.5,0
2018-04-03 07:56:13,5,51,19,83,6.6,979.6,984.5,1.7,2.4,2,322.5,0
2018-04-03 08:01:13,5,51,19,83,6.6,979.5,984.4,2,3.1,4,322.5,0
2018-04-03 08:06:13,5,52,18.9,84,6.7,979.4,984.3,2.4,3.1,2,322.5,0
2018-04-03 08:11:13,5,51,19,84,6.7,979.3,984.2,1.7,2,2,322.5,0
2018-04-03 08:16:13,5,52,18.9,84,6.7,979.4,984.3,1.4,2.4,4,322.5,0
2018-04-03 08:21:13,5,52,18.9,84,6.8,979.6,984.5,1,1.7,4,322.5,0
2018-04-03 08:26:13,5,52,18.9,84,6.8,979.5,984.4,0.7,1.4,4,322.5,0
2018-04-03 08:31:13,5,52,18.9,84,6.9,979.5,984.4,1,1.7,2,322.5,0
2018-04-03 08:36:13,5,52,18.9,83,7,979.7,984.6,2,2.7,4,322.5,0
2018-04-03 08:41:13,5,52,18.9,83,7.1,979.7,984.6,1.7,2,4,322.5,0
2018-04-03 08:46:13,5,52,18.9,83,7.2,979.6,984.5,1.7,2,4,322.5,0
2018-04-03 08:51:13,5,52,18.9,83,7.4,979.6,984.5,1.4,2,2,322.5,0
2018-04-03 08:56:13,5,52,18.9,83,7.5,979.8,984.7,1.7,2.4,4,322.5,0
2018-04-03 09:01:12,5,52,18.9,83,7.5,979.8,984.7,1.7,2.4,4,322.5,0
2018-04-03 09:06:12,5,52,18.9,83,7.6,979.8,984.7,2,2.7,4,322.5,0
2018-04-03 09:11:12,5,51,19,83,7.8,979.9,984.8,1.4,2,4,322.5,0
2018-04-03 09:16:12,5,51,19,83,7.9,980,984.9,1,2.4,4,322.5,0
2018-04-03 09:21:12,5,51,19,83,7.9,980,984.9,0,0.3,14,322.5,0
2018-04-03 09:26:12,5,51,19,84,8,980.1,985,0.3,0.7,4,322.5,0
2018-04-03 09:31:12,5,51,19,84,8,980.2,985.1,0.7,1.4,4,322.5,0
2018-04-03 09:36:12,5,51,19,84,8.1,980.1,985,1,1.4,12,322.5,0
2018-04-03 09:41:12,5,51,19,84,8.1,980,984.9,1.4,1.7,10,322.5,0
2018-04-03 09:46:12,5,52,19,84,8.1,980.1,985,1.4,1.7,8,322.5,0
2018-04-03 09:51:12,5,52,19.1,84,8.1,980.2,985.1,0.7,1,2,322.5,0
2018-04-03 09:56:12,5,53,19,84,8.2,980.4,985.3,1.4,2.4,10,322.5,0
2018-04-03 10:01:12,5,54,19.1,84,8.5,980.4,985.3,1.7,3.4,10,322.5,0
2018-04-03 10:06:12,5,54,19.1,84,8.7,980.3,985.2,2,3.4,10,322.5,0
2018-04-03 10:11:12,5,54,19.1,84,9,980.5,985.4,1.4,3.1,4,322.5,0
2018-04-03 10:16:12,5,54,19.1,83,9.3,980.4,985.3,0.7,2,4,322.5,0
2018-04-03 10:21:12,5,53,19.1,83,9.4,980.4,985.3,1.7,2.4,2,322.5,0
2018-04-03 10:26:12,5,53,19.1,82,9.4,980.4,985.3,2,2.7,10,322.5,0
2018-04-03 10:31:12,5,53,19.2,81,9.3,980.3,985.2,2.7,3.7,10,322.5,0
2018-04-03 10:36:12,5,53,19.2,80,9.4,980.5,985.4,1.4,2.4,,322.5,0
2018-04-03 10:41:12,5,53,19.2,78,9.3,980.4,985.3,2,3.1,14,322.5,0
2018-04-03 10:46:12,5,53,19.3,77,9.2,980.4,985.3,2.7,3.7,10,322.5,0
2018-04-03 10:51:12,5,53,19.3,77,9.2,980.5,985.4,1.4,1.7,10,322.5,0
2018-04-03 10:56:12,5,53,19.3,77,9.4,980.5,985.4,2.7,4.1,10,322.5,0
2018-04-03 11:01:12,5,53,19.3,76,9.4,980.6,985.5,2.4,4.4,10,322.5,0
2018-04-03 11:06:12,5,53,19.2,74,9.5,980.6,985.5,3.1,4.8,10,322.5,0
2018-04-03 11:11:12,5,53,19.4,73,10.2,980.5,985.4,2.4,4.1,10,322.5,0
2018-04-03 11:16:12,5,53,19.4,69,10.6,980.5,985.4,2,3.4,8,322.5,0
2018-04-03 11:21:12,5,53,19.5,65,10.9,980.6,985.5,4.4,6.5,10,322.5,0
2018-04-03 11:26:12,5,53,19.5,64,10.8,980.5,985.4,6.8,9.2,10,322.5,0
2018-04-03 11:31:12,5,53,19.6,63,10.7,980.7,985.6,4.8,5.8,10,322.5,0
2018-04-03 11:36:12,5,53,19.6,63,10.7,980.8,985.7,4.1,6.1,8,322.5,0
2018-04-03 11:41:12,5,53,19.6,62,10.4,980.7,985.6,6.1,8.2,10,322.5,0
2018-04-03 11:46:12,5,52,19.7,62,10.3,980.9,985.8,4.8,7.1,10,322.5,0
2018-04-03 11:51:12,5,52,19.7,61,10.3,980.7,985.6,6.1,8.8,10,322.5,0
2018-04-03 11:56:12,5,52,19.7,61,10.9,980.8,985.7,3.7,5.4,12,322.5,0
2018-04-03 12:01:12,5,52,19.8,60,10.3,981,985.9,4.4,7.1,10,322.5,0
2018-04-03 12:06:12,5,52,19.8,61,10.1,981.1,986,7.1,8.8,10,322.5,0
2018-04-03 12:11:12,5,52,19.8,61,10,980.9,985.8,6.8,9.9,10,322.5,0
2018-04-03 12:16:12,5,52,19.8,63,10,981.1,986,5.1,9.5,10,322.5,0
2018-04-03 12:21:12,5,52,19.8,62,10,981.2,986.1,5.8,8.2,10,322.5,0
2018-04-03 12:26:12,5,52,19.8,65,9.8,981.3,986.2,3.7,6.1,8,322.5,0
2018-04-03 12:31:12,5,52,19.8,64,9.1,981.4,986.3,3.7,4.8,10,322.5,0
2018-04-03 12:36:12,5,52,19.9,67,8.9,981.4,986.3,4.4,7.1,8,322.5,0
2018-04-03 12:41:12,5,52,19.9,67,8.7,981.5,986.4,3.7,5.8,8,322.5,0
2018-04-03 12:46:12,5,52,19.9,67,8.6,981.7,986.6,6.1,7.8,11,322.5,0
2018-04-03 12:51:12,5,52,19.9,67,8.3,981.8,986.7,4.4,5.8,10,322.5,0
2018-04-03 12:56:12,5,52,19.9,69,8.2,981.9,986.8,5.1,7.1,4,322.5,0
2018-04-03 13:01:12,5,51,20,70,8,981.9,986.8,3.7,6.5,2,322.5,0
2018-04-03 13:06:12,5,51,20,72,7.8,982.1,987,3.4,4.8,10,322.5,0
2018-04-03 13:11:12,5,52,19.9,72,7.8,981.9,986.8,4.8,5.8,8,322.5,0
2018-04-03 13:16:12,5,52,19.9,72,7.8,982,986.9,3.7,5.4,8,322.5,0
2018-04-03 13:21:12,5,52,19.9,71,8,982.1,987,2.7,4.8,10,322.5,0
2018-04-03 13:26:12,5,52,19.9,70,8,982.1,987,3.4,4.8,10,322.5,0
2018-04-03 13:31:12,5,51,19.9,70,7.9,982,986.9,6.1,11.2,10,322.5,0
2018-04-03 13:36:12,5,51,19.9,68,7.7,982.2,987.1,4.1,6.1,10,322.5,0
2018-04-03 13:41:12,5,51,19.9,69,7.7,982.1,987,4.4,5.4,10,322.5,0
2018-04-03 13:46:12,5,51,19.9,68,7.8,982.2,987.1,6.5,7.1,8,322.5,0
2018-04-03 13:51:12,5,51,19.9,68,7.8,982.2,987.1,3.7,4.8,10,322.5,0
2018-04-03 13:56:12,5,51,19.8,69,8,982.2,987.1,3.1,5.4,10,322.5,0
2018-04-03 14:01:12,5,51,19.8,70,8,982.1,987,1.4,2.7,10,322.5,0
2018-04-03 14:06:12,5,51,19.8,71,7.8,982.4,987.3,2.4,4.1,8,322.5,0
2018-04-03 14:11:12,5,51,19.8,72,7.7,982.2,987.1,2.4,3.7,10,322.5,0
2018-04-03 14:16:12,5,51,19.7,72,7.7,982.2,987.1,2,3.7,10,322.5,0
2018-04-03 14:21:12,5,51,19.7,72,7.7,982.1,987,1,1.7,2,322.5,0
2018-04-03 14:26:12,5,51,19.7,72,7.9,982.3,987.2,1,2,10,322.5,0
2018-04-03 14:31:12,5,51,19.7,73,8,982.4,987.3,1,2,0,322.5,0
2018-04-03 14:36:12,5,51,19.7,74,8.2,982.2,987.1,1,1.7,8,322.5,0
2018-04-03 14:41:12,5,51,19.7,74,8.3,982.1,987,1.4,2.7,2,322.5,0
2018-04-03 14:46:12,5,51,19.7,74,8.4,982.1,987,0.7,1.4,10,322.5,0
2018-04-03 14:51:12,5,51,19.7,74,8.7,982.3,987.2,0.7,1,10,322.5,0
2018-04-03 14:56:12,5,51,19.7,72,9,982.3,987.2,1.4,2,10,322.5,0
2018-04-03 15:01:12,5,51,19.7,71,9.2,982.2,987.1,1.4,2,10,322.5,0
2018-04-03 15:06:12,5,51,19.7,71,9.4,982.2,987.1,0.7,1.4,10,322.5,0
2018-04-03 15:11:12,5,51,19.7,70,9.8,982.2,987.1,0.7,1.7,8,322.5,0
2018-04-03 15:16:12,5,51,19.7,69,9.9,982.1,987,1.4,2.7,10,322.5,0
2018-04-03 15:21:12,5,51,19.7,68,9.9,982.3,987.2,0.3,0.7,4,322.5,0
2018-04-03 15:26:12,5,51,19.7,68,9.9,982.2,987.1,0,0.7,14,322.5,0
2018-04-03 15:31:12,5,51,19.7,68,9.9,982.1,987,1.4,3.4,10,322.5,0
2018-04-03 15:36:12,5,51,19.7,68,9.8,982.2,987.1,0.7,1.7,10,322.5,0
2018-04-03 15:41:12,5,51,19.7,67,9.8,982.3,987.2,1,1.7,10,322.5,0
2018-04-03 15:46:12,5,51,19.6,67,9.9,982.2,987.1,0.7,1.4,4,322.5,0
2018-04-03 15:51:12,5,51,19.6,67,9.7,982.2,987.1,2,3.1,10,322.5,0
2018-04-03 15:56:12,5,51,19.6,66,9.4,982.3,987.2,2.7,5.1,8,322.5,0
2018-04-03 16:01:12,5,51,19.6,65,9.1,982.4,987.3,3.7,4.4,10,322.5,0
2018-04-03 16:06:12,5,51,19.5,68,8.9,982.5,987.4,2.4,3.7,9,322.5,0
2018-04-03 16:11:12,5,51,19.5,69,8.8,982.5,987.4,2.7,5.1,8,322.5,0
2018-04-03 16:16:12,5,51,19.5,68,8.4,982.5,987.4,1,2.4,4,322.5,0
2018-04-03 16:21:12,5,51,19.5,68,8.1,982.2,987.1,1,1.7,4,322.5,0
2018-04-03 16:26:12,5,51,19.5,68,8,982.4,987.3,0.3,0.7,2,322.5,0
2018-04-03 16:31:12,5,50,19.4,68,8.2,982.5,987.4,0,0.3,12,322.5,0
2018-04-03 16:36:12,5,49,19.4,68,8.3,982.4,987.3,0.3,0.7,8,322.5,0
2018-04-03 16:41:12,5,49,19.4,67,8.5,982.3,987.2,0.7,1,10,322.5,0
2018-04-03 16:46:12,5,50,19.4,66,8.8,982.2,987.1,1,1.7,8,322.5,0
2018-04-03 16:51:12,5,50,19.4,65,9.1,982.4,987.3,0.7,1.4,10,322.5,0
2018-04-03 16:56:12,5,49,19.3,65,9.1,982.3,987.2,1,1.7,4,322.5,0
2018-04-03 17:01:12,5,48,19.3,65,9.1,982.5,987.4,1.4,1.7,12,322.5,0
2018-04-03 17:06:12,5,48,19.3,65,9,982.5,987.4,1.4,2,14,322.5,0
2018-04-03 17:11:12,5,49,19.3,66,9,982.5,987.4,1.7,2.4,4,322.5,0
2018-04-03 17:16:12,5,49,19.3,66,9,982.5,987.4,1,2,12,322.5,0
2018-04-03 17:21:12,5,49,19.3,66,9.2,982.5,987.4,1,1.7,12,322.5,0
2018-04-03 17:26:12,5,50,19.4,66,9.4,982.5,987.4,0.7,1.4,4,322.5,0
2018-04-03 17:31:12,5,50,19.4,66,9.5,982.5,987.4,0.7,1.4,0,322.5,0
2018-04-03 17:36:12,5,50,19.4,66,9.6,982.7,987.6,0.7,1.7,4,322.5,0
2018-04-03 17:41:12,5,50,19.4,66,9.6,982.5,987.4,0.3,1,2,322.5,0
2018-04-03 17:46:12,5,50,19.4,66,9.6,982.7,987.6,0.7,1.7,3,322.5,0
2018-04-03 17:51:12,5,51,19.5,66,9.5,982.8,987.7,0.3,1,8,322.5,0
2018-04-03 17:56:12,5,51,19.4,66,9.4,982.9,987.8,0.3,1.4,9,322.5,0
2018-04-03 18:01:12,5,51,19.4,66,9.5,982.7,987.6,0.3,0.7,10,322.5,0
2018-04-03 18:06:12,5,51,19.4,66,9.6,982.8,987.7,0,0.7,4,322.5,0
2018-04-03 18:11:12,5,51,19.5,66,9.5,982.8,987.7,0,0.7,2,322.5,0
2018-04-03 18:16:12,5,52,19.5,67,9.5,982.7,987.6,0.3,1,12,322.5,0
2018-04-03 18:21:12,5,52,19.5,67,9.4,982.8,987.7,0,0.3,4,322.5,0
2018-04-03 18:26:12,5,52,19.5,67,9.3,982.9,987.8,0.3,0.7,2,322.5,0
2018-04-03 18:31:12,5,52,19.6,67,9.2,982.9,987.8,0.3,0.7,14,322.5,0
2018-04-03 18:36:12,5,52,19.6,68,9.1,982.9,987.8,0.7,0.7,10,322.5,0
2018-04-03 18:41:12,5,52,19.6,68,9,983,987.9,0.3,0.7,10,322.5,0
2018-04-03 18:46:12,5,52,19.6,69,8.9,983,987.9,0.3,0.7,10,322.5,0
2018-04-03 18:51:12,5,52,19.7,69,8.8,983,987.9,0,0.7,8,322.5,0
2018-04-03 18:56:12,5,52,19.7,69,8.7,983.2,988.1,0,0.3,12,322.5,0
2018-04-03 19:01:12,5,52,19.7,69,8.6,983.3,988.2,0,0.3,8,322.5,0
2018-04-03 19:06:12,5,52,19.7,69,8.5,983.3,988.2,0,0,8,322.5,0
2018-04-03 19:11:12,5,51,19.7,69,8.3,983.3,988.2,0,0,8,322.5,0
2018-04-03 19:16:12,5,51,19.7,69,8.3,983.3,988.2,0.3,0.7,12,322.5,0
2018-04-03 19:21:12,5,51,19.8,70,8.2,983.5,988.4,0.7,1,14,322.5,0
2018-04-03 19:26:12,5,52,19.7,71,8.2,983.5,988.4,0.7,1.4,14,322.5,0
2018-04-03 19:31:12,5,52,19.8,71,8,983.6,988.5,1.4,1.7,14,322.5,0
2018-04-03 19:36:12,5,52,19.8,72,7.8,983.6,988.5,1.7,2.4,14,322.5,0
2018-04-03 19:41:12,5,52,19.9,73,7.7,983.8,988.7,1,1.7,14,322.5,0
2018-04-03 19:46:12,5,52,19.8,73,7.6,983.9,988.8,1,1.7,14,322.5,0
2018-04-03 19:51:12,5,52,19.9,73,7.5,983.9,988.8,0.7,1.4,14,322.5,0
2018-04-03 19:56:12,5,52,19.9,74,7.4,983.9,988.8,1.4,1.7,12,322.5,0
2018-04-03 20:01:12,5,51,20,74,7.4,983.9,988.8,1,1.4,0,322.5,0
2018-04-03 20:06:12,5,51,20.1,74,7.3,983.9,988.8,1,1.7,0,322.5,0
2018-04-03 20:11:12,5,52,20.2,75,7.2,983.8,988.7,1.4,2.4,1,322.5,0
2018-04-03 20:16:12,5,52,20.2,75,7.2,984.2,989.1,1.7,2.7,14,322.5,0
2018-04-03 20:21:12,5,52,20.3,75,7.1,984.2,989.1,1.7,2.4,14,322.5,0
2018-04-03 20:26:12,5,52,20.4,76,7.1,984.3,989.2,1.4,1.7,1,322.5,0
2018-04-03 20:31:12,5,52,20.4,76,7,984.2,989.1,1.4,2,0,322.5,0
2018-04-03 20:36:12,5,52,20.4,77,6.9,984.3,989.2,1.7,2.4,0,322.5,0
2018-04-03 20:41:12,5,52,20.4,78,6.9,984.3,989.2,2,2.7,0,322.5,0
2018-04-03 20:46:12,5,52,20.5,78,6.8,984.6,989.5,0,0.3,0,322.5,0
2018-04-03 20:51:12,5,52,20.4,78,6.8,984.7,989.6,0.3,1,0,322.5,0
2018-04-03 20:56:12,5,52,20.5,78,6.8,984.6,989.5,1,2,2,322.5,0
2018-04-03 21:01:12,5,51,20.4,78,6.7,984.6,989.5,2,2.7,0,322.5,0
2018-04-03 21:06:12,5,51,20.4,79,6.6,984.7,989.6,3.1,4.1,0,322.5,0
2018-04-03 21:11:12,5,51,20.4,79,6.5,984.8,989.7,1.4,2,0,322.5,0
2018-04-03 21:16:12,5,51,20.4,79,6.4,984.9,989.8,1.4,2.4,15,322.5,0
2018-04-03 21:21:12,5,51,20.4,79,6.4,985.1,990,1.4,2.7,2,322.5,0
2018-04-03 21:26:12,5,51,20.5,79,6.3,985.1,990,2.4,2.7,0,322.5,0
2018-04-03 21:31:12,5,51,20.4,79,6.2,984.9,989.8,2,2.4,2,322.5,0
2018-04-03 21:36:12,5,51,20.4,79,6.2,984.9,989.8,1.7,2.7,0,322.5,0
2018-04-03 21:41:12,5,51,20.5,79,6.1,985.1,990,1.4,2.4,0,322.5,0
2018-04-03 21:46:12,5,51,20.4,79,6.1,985.3,990.2,2,2.7,0,322.5,0
2018-04-03 21:51:12,5,51,20.4,79,6,985.2,990.1,1.4,2,0,322.5,0
2018-04-03 21:56:12,5,51,20.5,79,6,985.4,990.3,2,2.7,0,322.5,0
2018-04-03 22:01:12,5,51,20.4,80,5.9,985.3,990.2,1.7,2,0,322.5,0
2018-04-03 22:06:12,5,51,20.5,80,5.8,985.5,990.4,2,2.7,0,322.5,0
2018-04-03 22:11:12,5,51,20.4,80,5.7,985.5,990.4,1.7,2.7,14,322.5,0
2018-04-03 22:16:12,5,51,20.4,80,5.6,985.4,990.3,2,3.4,0,322.5,0
2018-04-03 22:21:12,5,51,20.5,80,5.5,985.4,990.3,1,1.7,14,322.5,0
2018-04-03 22:26:12,5,51,20.5,80,5.4,985.4,990.3,1.7,2.4,14,322.5,0
2018-04-03 22:31:12,5,51,20.4,80,5.2,985.5,990.4,1.7,2.4,14,322.5,0
2018-04-03 22:36:12,5,51,20.4,80,5.1,985.5,990.4,1.7,2.7,2,322.5,0
2018-04-03 22:41:12,5,51,20.4,80,5,985.6,990.5,1,1.7,0,322.5,0
2018-04-03 22:46:12,5,51,20.4,80,5,985.6,990.5,1,1.4,0,322.5,0
2018-04-03 22:51:12,5,51,20.4,81,4.9,985.7,990.6,2.4,3.4,14,322.5,0
2018-04-03 22:56:12,5,51,20.3,81,4.8,985.7,990.6,2,2.4,0,322.5,0
2018-04-03 23:01:12,5,51,20.3,81,4.7,985.8,990.7,2.7,3.4,14,322.5,0
2018-04-03 23:06:12,5,51,20.3,81,4.6,985.8,990.7,2.4,4.1,14,322.5,0
2018-04-03 23:11:12,5,51,20.3,82,4.5,985.9,990.8,2,3.1,14,322.5,0
2018-04-03 23:16:12,5,51,20.2,82,4.5,985.8,990.7,2,3.1,14,322.5,0
2018-04-03 23:21:12,5,51,20.2,82,4.5,985.9,990.8,2,2.7,14,322.5,0
2018-04-03 23:26:12,5,51,20.1,82,4.5,985.7,990.6,1.4,2,13,322.5,0
2018-04-03 23:31:12,5,51,20.1,82,4.5,985.8,990.7,1.4,2,0,322.5,0
2018-04-03 23:36:12,5,51,20.1,82,4.5,986,990.9,1.7,2.7,0,322.5,0
2018-04-03 23:41:12,5,51,20,82,4.4,985.9,990.8,2,2.7,1,322.5,0
2018-04-03 23:46:12,5,51,20,82,4.3,986,990.9,2,3.4,14,322.5,0
2018-04-03 23:51:12,5,51,20,82,4.2,985.9,990.8,2,2.7,13,322.5,0
2018-04-03 23:56:12,5,51,20,82,4.2,986,990.9,3.7,4.8,13,322.5,0
