2023-10-06 00:04:14,5,72,20.8,98,16.8,1013.7,1018.6,0,0,10,356.1,0
2023-10-06 00:09:14,5,72,20.8,98,16.8,1013.8,1018.7,0,0,10,356.1,0
2023-10-06 00:14:14,5,72,20.8,98,16.8,1013.7,1018.6,0,0,10,356.4,0
2023-10-06 00:19:14,5,72,20.8,98,16.8,1013.6,1018.5,0,0,10,356.7,0
2023-10-06 00:24:14,5,72,20.8,98,16.8,1013.7,1018.6,0,0,10,356.7,0
2023-10-06 00:29:14,5,72,20.8,98,16.8,1013.6,1018.5,0,0,8,356.7,0
2023-10-06 00:34:14,5,72,20.8,98,16.8,1013.6,1018.5,0,0,10,356.7,0
2023-10-06 00:39:14,5,72,20.8,98,16.8,1013.7,1018.6,0,0,8,356.7,0
2023-10-06 00:44:14,5,72,20.8,98,16.8,1013.7,1018.6,0,0,10,356.7,0
2023-10-06 00:49:14,5,72,20.8,98,16.8,1013.8,1018.7,0,0,10,356.7,0
2023-10-06 00:54:14,5,72,20.8,98,16.8,1013.7,1018.6,0,0,8,357,0
2023-10-06 00:59:14,5,72,20.8,98,16.8,1013.8,1018.7,0,0,10,357.3,0
2023-10-06 01:04:14,5,72,20.8,98,16.8,1013.7,1018.6,0,0,10,357.3,0
2023-10-06 01:09:14,5,72,20.8,98,16.9,1013.7,1018.6,0,0,8,357.3,0
2023-10-06 01:14:14,5,72,20.8,98,16.9,1013.8,1018.7,0,0,8,357.3,0
2023-10-06 01:19:14,5,72,20.8,98,16.9,1013.7,1018.6,0,0,10,357.3,0
2023-10-06 01:24:14,5,72,20.8,98,16.9,1013.6,1018.5,0,0,8,357.3,0
2023-10-06 01:29:14,5,72,20.8,98,16.9,1013.9,1018.8,0,0,10,357.3,0
2023-10-06 01:34:14,5,72,20.8,98,16.8,1013.7,1018.6,0,0,8,357.3,0
2023-10-06 01:39:14,5,72,20.8,98,16.9,1013.6,1018.5,0,0,10,357.3,0
2023-10-06 01:44:14,5,72,20.8,98,16.9,1013.8,1018.7,0,0,10,357.3,0
2023-10-06 01:49:14,5,72,20.8,98,16.9,1013.7,1018.6,0,0,13,357.6,0
2023-10-06 01:54:14,5,72,20.8,98,16.9,1013.7,1018.6,0,0,10,357.9,0
2023-10-06 01:59:14,5,72,20.8,98,16.9,1013.7,1018.6,0,0,8,357.9,0
2023-10-06 02:04:14,5,72,20.8,98,16.9,1013.8,1018.7,0,0,10,357.9,0
2023-10-06 02:09:14,5,72,20.8,98,16.9,1013.7,1018.6,0,0,,357.9,0
2023-10-06 02:14:14,5,72,20.7,98,16.9,1013.7,1018.6,0,0,8,357.9,0
2023-10-06 02:19:14,5,72,20.7,98,16.9,1013.7,1018.6,0,0,10,357.9,0
2023-10-06 02:24:14,5,72,20.7,98,16.9,1013.6,1018.5,0,0,8,357.9,0
2023-10-06 02:29:14,5,72,20.7,98,16.9,1013.6,1018.5,0,0,10,357.9,0
2023-10-06 02:34:14,5,72,20.7,99,16.9,1013.6,1018.5,0,0,10,358.2,0
2023-10-06 02:39:14,5,72,20.7,99,16.9,1013.8,1018.7,0,0,,358.5,0
2023-10-06 02:44:14,5,72,20.7,99,16.9,1013.7,1018.6,0,0,10,358.5,0
2023-10-06 02:49:14,5,72,20.7,99,16.9,1013.7,1018.6,0,0,10,358.5,0
2023-10-06 02:54:14,5,71,20.7,99,16.9,1013.7,1018.6,0,0,10,358.5,0
2023-10-06 02:59:13,5,71,20.7,99,16.9,1013.8,1018.7,0,0,10,358.5,0
2023-10-06 03:04:13,5,71,20.7,99,16.9,1013.7,1018.6,0,0,10,358.5,0
2023-10-06 03:09:13,5,71,20.7,99,16.9,1013.9,1018.8,0,0,8,358.5,0
2023-10-06 03:14:13,5,71,20.6,99,17,1013.7,1018.6,0,0,8,358.5,0
2023-10-06 03:19:13,5,71,20.6,99,17,1013.8,1018.7,0,0,10,358.5,0
2023-10-06 03:24:13,5,71,20.6,99,17,1013.9,1018.8,0,0,10,358.5,0
2023-10-06 03:29:13,5,71,20.7,99,17,1013.8,1018.7,0,0,10,358.5,0
2023-10-06 03:34:13,5,71,20.7,99,17,1013.9,1018.8,0,0,8,358.5,0
2023-10-06 03:39:13,5,71,20.7,99,17,1013.8,1018.7,0,0,13,358.5,0
2023-10-06 03:44:13,5,71,20.7,99,17,1013.8,1018.7,0,0,8,358.5,0
2023-10-06 03:49:13,5,71,20.7,99,17,1013.7,1018.6,0,0,10,358.5,0
2023-10-06 03:54:13,5,71,20.7,99,17,1013.7,1018.6,0,0,10,358.5,0
2023-10-06 03:59:13,5,71,20.6,99,17,1013.9,1018.8,0,0,8,358.5,0
2023-10-06 04:04:13,5,71,20.7,99,17,1013.7,1018.6,0,0,8,358.5,0
2023-10-06 04:09:13,5,71,20.7,99,17,1013.8,1018.7,0,0,10,358.5,0
2023-10-06 04:14:13,5,71,20.7,99,17,1013.7,1018.6,0,0,10,358.5,0
2023-10-06 04:19:13,5,71,20.6,99,17,1013.6,1018.5,0,0,10,358.5,0
2023-10-06 04:24:13,5,71,20.6,99,17,1013.6,1018.5,0,0,10,358.5,0
2023-10-06 04:29:13,5,71,20.6,99,17,1013.7,1018.6,0,0,10,358.5,0
2023-10-06 04:34:13,5,71,20.6,99,17,1013.6,1018.5,0,0,8,358.5,0
2023-10-06 04:39:13,5,71,20.6,99,17,1013.6,1018.5,0,0,10,358.5,0
2023-10-06 04:44:13,5,71,20.6,99,17,1013.6,1018.5,0,0,0,358.5,0
2023-10-06 04:49:13,5,71,20.6,99,17,1013.7,1018.6,0,0,10,358.5,0
2023-10-06 04:54:13,5,71,20.6,99,17,1013.6,1018.5,0,0,10,358.5,0
2023-10-06 04:59:13,5,71,20.6,99,17,1013.6,1018.5,0,0,10,358.5,0
2023-10-06 05:04:13,5,71,20.6,99,17,1013.7,1018.6,0,0,8,358.5,0
2023-10-06 05:09:13,5,71,20.6,99,17,1013.7,1018.6,0,0,10,359.1,0
2023-10-06 05:14:13,5,71,20.6,99,17,1013.6,1018.5,0,0,8,359.1,0
2023-10-06 05:19:13,5,71,20.6,99,17,1013.6,1018.5,0,0,10,359.1,0
2023-10-06 05:24:13,5,71,20.6,99,17,1013.9,1018.8,0,0,10,359.7,0
2023-10-06 05:29:13,5,71,20.6,99,16.9,1013.8,1018.7,0,0,8,359.7,0
2023-10-06 05:34:13,5,71,20.6,99,16.9,1013.8,1018.7,0,0,8,359.7,0
2023-10-06 05:39:13,5,71,20.6,99,16.9,1013.9,1018.8,0,0,10,359.7,0
2023-10-06 05:44:13,5,71,20.6,99,16.9,1013.9,1018.8,0,0,15,359.7,0
2023-10-06 05:49:13,5,71,20.6,99,16.9,1013.9,1018.8,0,0,,359.7,0
2023-10-06 05:54:13,5,71,20.6,99,16.8,1013.9,1018.8,0,0,13,359.7,0
2023-10-06 05:59:13,5,71,20.6,99,16.8,1013.9,1018.8,0,0,10,359.7,0
2023-10-06 06:04:13,5,71,20.6,99,16.9,1013.9,1018.8,0,0,10,359.7,0
2023-10-06 06:09:13,5,71,20.6,99,16.9,1014,1018.9,0,0,14,359.7,0
2023-10-06 06:14:13,5,71,20.6,99,16.9,1014,1018.9,0,0,8,359.7,0
2023-10-06 06:19:13,5,71,20.6,99,16.9,1014,1018.9,0,0,8,360,0
2023-10-06 06:24:13,5,71,20.6,99,16.9,1014.1,1019,0,0,10,360.3,0
2023-10-06 06:29:13,5,71,20.6,99,16.9,1014,1018.9,0,0,10,360.6,0
2023-10-06 06:34:13,5,71,20.5,99,16.9,1014.1,1019,0,0,10,360.6,0
2023-10-06 06:39:13,5,71,20.6,99,16.9,1014.1,1019,0,0,8,360.9,0
2023-10-06 06:44:13,5,71,20.6,99,16.9,1014.2,1019.1,0,0,10,360.9,0
2023-10-06 06:49:13,5,71,20.5,99,16.9,1014.3,1019.2,0,0,15,360.9,0
2023-10-06 06:54:13,5,71,20.5,99,16.9,1014.3,1019.2,0,0,10,360.9,0
2023-10-06 06:59:13,5,71,20.6,99,16.8,1014.3,1019.2,0,0,10,361.2,0
2023-10-06 07:04:13,5,71,20.5,99,16.9,1014.4,1019.3,0,0,10,361.2,0
2023-10-06 07:09:13,5,71,20.6,99,16.9,1014.5,1019.4,0,0,10,361.2,0
2023-10-06 07:14:13,5,71,20.5,99,16.9,1014.6,1019.5,0,0,,361.2,0
2023-10-06 07:19:13,5,71,20.6,99,16.9,1014.5,1019.4,0,0,,361.2,0
2023-10-06 07:24:13,5,71,20.5,99,17,1014.7,1019.6,0,0,13,361.5,0
2023-10-06 07:29:13,5,71,20.6,99,17,1014.7,1019.6,0,0,10,361.5,0
2023-10-06 07:34:13,5,71,20.6,99,17,1014.7,1019.6,0,0,10,361.5,0
2023-10-06 07:39:13,5,71,20.6,99,17,1014.8,1019.7,0,0,13,361.5,0
2023-10-06 07:44:13,5,71,20.6,99,17,1015,1019.9,0,0,8,361.5,0
2023-10-06 07:49:13,5,71,20.6,99,17,1015.1,1020,0,0,8,361.5,0
2023-10-06 07:54:13,5,71,20.6,99,17,1015,1019.9,0,0,8,361.5,0
2023-10-06 07:59:13,5,71,20.6,99,17,1015.1,1020,0,0,10,361.5,0
2023-10-06 08:04:13,5,71,20.5,99,17,1015.1,1020,0,0,10,361.5,0
2023-10-06 08:09:13,5,72,20.6,99,17,1015,1019.9,0,0,10,361.5,0
2023-10-06 08:14:13,5,72,20.6,99,17,1015,1019.9,0,0,8,361.5,0
2023-10-06 08:19:13,5,72,20.6,99,17,1015.1,1020,0,0,10,361.5,0
2023-10-06 08:24:13,5,72,20.6,99,17,1015.3,1020.2,0,0,8,361.5,0
2023-10-06 08:29:13,5,72,20.6,99,17,1015.3,1020.2,0,0,10,361.5,0
2023-10-06 08:34:13,5,72,20.7,99,17.1,1015.3,1020.2,0,0,10,361.5,0
2023-10-06 08:39:13,5,73,20.8,99,17.1,1015.3,1020.2,0,0,10,361.5,0
2023-10-06 08:44:13,5,73,20.8,99,17.1,1015.3,1020.2,0,0,10,361.5,0
2023-10-06 08:49:13,5,72,20.9,99,17.1,1015.4,1020.3,0,0,10,361.5,0
2023-10-06 08:54:13,5,72,20.9,99,17.1,1015.2,1020.1,0,0,8,361.5,0
2023-10-06 08:59:13,5,72,20.9,99,17.1,1015.5,1020.4,0,0,8,361.5,0
2023-10-06 09:04:13,5,71,21,99,17.1,1015.4,1020.3,0,0,10,361.5,0
2023-10-06 09:09:13,5,71,21.1,99,17.2,1015.4,1020.3,0,0,10,361.5,0
2023-10-06 09:14:13,5,71,21.1,99,17.2,1015.3,1020.2,0,0,10,361.5,0
2023-10-06 09:19:13,5,71,21.1,99,17.2,1015.5,1020.4,0,0,8,361.5,0
2023-10-06 09:24:13,5,71,21.1,99,17.2,1015.4,1020.3,0,0,8,361.5,0
2023-10-06 09:29:13,5,71,21.1,99,17.3,1015.5,1020.4,0,0,2,361.5,0
2023-10-06 09:34:13,5,71,21.1,99,17.3,1015.5,1020.4,0,0,8,361.5,0
2023-10-06 09:39:13,5,71,21.1,99,17.3,1015.3,1020.2,0,0,,361.5,0
2023-10-06 09:44:13,5,71,21.4,99,17.2,1015.4,1020.3,0,0,10,361.5,0
2023-10-06 09:49:13,5,71,21.4,99,17.2,1015.4,1020.3,0,0,8,361.5,0
2023-10-06 09:54:13,5,71,21.4,99,17.2,1015.6,1020.5,0,0,8,361.5,0
2023-10-06 09:59:13,5,71,21.4,99,17.2,1015.5,1020.4,0,0,8,361.5,0
2023-10-06 10:04:13,5,71,21.5,99,17.3,1015.3,1020.2,0,0,8,361.5,0
2023-10-06 10:09:13,5,71,21.4,99,17.4,1015.4,1020.3,0,0,10,361.5,0
2023-10-06 10:14:13,5,71,21.4,99,17.3,1015.5,1020.4,0,0,10,361.5,0
2023-10-06 10:19:13,5,71,21.4,99,17.3,1015.4,1020.3,0,0,10,361.5,0
2023-10-06 10:24:13,5,71,21.4,99,17.3,1015.4,1020.3,0,0,10,361.5,0
2023-10-06 10:29:13,5,71,21.4,99,17.3,1015.8,1020.7,0,0,10,361.5,0
2023-10-06 10:34:13,5,71,21.4,99,17.4,1015.5,1020.4,0,0,8,361.5,0
2023-10-06 10:39:13,5,71,21.5,99,17.4,1015.4,1020.3,0,0,8,361.5,0
2023-10-06 10:44:13,5,71,21.4,98,17.5,1015.5,1020.4,0,0,15,361.5,0
2023-10-06 10:49:13,5,71,21.6,98,17.5,1015.3,1020.2,0,0,8,361.5,0
2023-10-06 10:54:13,5,71,21.6,97,17.5,1015.4,1020.3,0,0,10,361.5,0
2023-10-06 10:59:13,5,71,21.6,97,17.6,1015.4,1020.3,0,0,10,361.5,0
2023-10-06 11:04:13,5,71,21.7,97,17.6,1015.2,1020.1,0,0,8,361.5,0
2023-10-06 11:09:13,5,71,21.7,97,17.6,1015.3,1020.2,0,0,10,361.5,0
2023-10-06 11:14:13,5,71,21.7,96,17.7,1015.3,1020.2,0,0,10,361.5,0
2023-10-06 11:19:13,5,71,21.7,96,17.7,1015.2,1020.1,0,0,10,361.5,0
2023-10-06 11:24:13,5,71,21.8,96,17.7,1015.2,1020.1,0,0,8,361.8,0
2023-10-06 11:29:13,5,71,21.8,95,17.8,1015.2,1020.1,0,0,,361.8,0
2023-10-06 11:34:13,5,71,21.8,95,17.9,1015.3,1020.2,0,0,8,361.8,0
2023-10-06 11:39:13,5,71,21.8,94,18.1,1015.1,1020,0,0,8,361.8,0
2023-10-06 11:44:13,5,71,21.8,94,18.3,1015.3,1020.2,0,0,10,361.8,0
2023-10-06 11:49:13,5,71,21.9,93,18.4,1015.2,1020.1,0,0,,361.8,0
2023-10-06 11:54:13,5,71,21.9,93,18.7,1015.2,1020.1,0,0,8,361.8,0
2023-10-06 11:59:13,5,71,21.9,92,19,1015.2,1020.1,0,0,10,361.8,0
2023-10-06 12:04:13,5,70,21.9,90,19,1015.2,1020.1,0,0,8,361.8,0
2023-10-06 12:09:13,5,70,21.9,89,19,1015.3,1020.2,0,0,10,361.8,0
2023-10-06 12:14:13,5,69,22,88,19.1,1015.2,1020.1,0,0,14,361.8,0
2023-10-06 12:19:13,5,69,22,87,19.1,1015,1019.9,0,0,8,361.8,0
2023-10-06 12:24:13,5,69,22,86,19.3,1015.3,1020.2,0,0,10,361.8,0
2023-10-06 12:29:13,5,69,22,85,19.3,1015.3,1020.2,0,0,8,361.8,0
2023-10-06 12:34:15,5,69,22,84,19.4,1015.3,1020.2,0,0,10,361.8,0
2023-10-06 12:39:18,5,69,22,84,19.5,1015.5,1020.4,0,0,10,361.8,0
2023-10-06 12:44:13,5,69,22,84,19.5,1015.4,1020.3,3.1,4.4,10,361.8,0
2023-10-06 12:49:13,5,69,22,83,19.6,1015.5,1020.4,4.8,6.5,10,361.8,0
2023-10-06 12:54:13,5,69,22,83,19.5,1015.5,1020.4,4.1,6.5,10,361.8,0
2023-10-06 12:59:13,5,69,22,83,19.5,1015.6,1020.5,3.4,4.4,10,361.8,0
2023-10-06 13:04:13,5,70,22,83,19.6,1015.6,1020.5,3.1,4.1,10,361.8,0
2023-10-06 13:09:13,5,70,22,83,19.6,1015.6,1020.5,3.1,4.1,14,361.8,0
2023-10-06 13:14:13,5,70,22,83,19.6,1015.5,1020.4,3.1,3.4,10,361.8,0
2023-10-06 13:19:13,5,70,22,83,19.6,1015.5,1020.4,4.1,5.1,10,361.8,0
2023-10-06 13:24:13,5,70,22,83,19.7,1015.5,1020.4,4.4,5.8,10,361.8,0
2023-10-06 13:29:13,5,70,22.1,82,19.8,1015.4,1020.3,4.1,5.4,,361.8,0
2023-10-06 13:34:13,5,70,22.1,82,19.9,1015.5,1020.4,3.1,4.4,10,361.8,0
2023-10-06 13:39:13,5,70,22.1,82,20,1015.5,1020.4,2.7,4.1,8,361.8,0
2023-10-06 13:44:13,5,70,22.2,82,19.9,1015.5,1020.4,2,3.4,8,361.8,0
2023-10-06 13:49:13,5,70,22.2,82,19.8,1015.4,1020.3,2.7,3.4,10,361.8,0
2023-10-06 13:54:13,5,70,22.2,82,19.8,1015.4,1020.3,4.1,4.4,10,361.8,0
2023-10-06 13:59:13,5,70,22.2,82,20.1,1015.4,1020.3,3.1,4.4,,361.8,0
2023-10-06 14:04:13,5,70,22.2,81,20.2,1015.4,1020.3,4.1,4.8,10,361.8,0
2023-10-06 14:09:13,5,70,22.2,80,20.1,1015.3,1020.2,3.4,4.4,8,361.8,0
2023-10-06 14:14:13,5,70,22.2,80,20,1015.7,1020.6,1.7,2.4,10,361.8,0
2023-10-06 14:19:13,5,70,22.2,80,19.9,1015.5,1020.4,2.7,3.4,10,361.8,0
2023-10-06 14:24:13,5,70,22.2,80,19.8,1015.6,1020.5,2.7,3.7,10,361.8,0
2023-10-06 14:29:13,5,70,22.3,80,19.8,1015.6,1020.5,2.7,3.7,,361.8,0
2023-10-06 14:34:13,5,70,22.3,80,19.7,1015.7,1020.6,2.7,3.7,10,361.8,0
2023-10-06 14:39:13,5,70,22.3,80,19.7,1015.6,1020.5,3.1,3.7,14,361.8,0
2023-10-06 14:44:13,5,70,22.3,80,19.8,1015.6,1020.5,2.4,3.1,10,361.8,0
2023-10-06 14:49:13,5,70,22.3,79,19.6,1015.5,1020.4,2.7,3.7,14,361.8,0
2023-10-06 14:54:13,5,70,22.4,78,19.4,1015.6,1020.5,3.7,5.1,8,361.8,0
2023-10-06 14:59:13,5,70,22.4,79,19.3,1015.5,1020.4,3.1,5.1,10,361.8,0
2023-10-06 15:04:13,5,70,22.4,80,19.1,1015.4,1020.3,3.4,4.1,10,361.8,0
2023-10-06 15:09:13,5,69,22.4,81,19,1015.5,1020.4,3.1,3.4,,361.8,0
2023-10-06 15:14:13,5,69,22.4,81,19,1015.7,1020.6,3.4,4.4,10,361.8,0
2023-10-06 15:19:13,5,69,22.4,82,18.9,1015.2,1020.1,2.7,4.1,8,361.8,0
2023-10-06 15:24:13,5,69,22.3,82,19,1015.5,1020.4,2,2.7,10,361.8,0
2023-10-06 15:29:13,5,69,22.3,81,19,1015.5,1020.4,2,2.7,8,361.8,0
2023-10-06 15:34:13,5,69,22.3,81,19,1015.5,1020.4,2.4,3.7,8,361.8,0
2023-10-06 15:39:13,5,69,22.2,80,18.9,1015.6,1020.5,3.4,4.4,10,361.8,0
2023-10-06 15:44:13,5,69,22.2,80,18.8,1015.3,1020.2,4.1,5.8,8,361.8,0
2023-10-06 15:49:13,5,69,22.2,79,18.7,1015.5,1020.4,4.1,5.1,8,361.8,0
2023-10-06 15:54:13,5,69,22.1,79,18.6,1015.7,1020.6,2,2.7,8,361.8,0
2023-10-06 15:59:13,5,69,22.1,79,18.5,1015.3,1020.2,2.7,3.7,10,361.8,0
2023-10-06 16:04:13,5,69,22.1,79,18.4,1015.3,1020.2,2.4,3.1,8,361.8,0
2023-10-06 16:09:13,5,69,22.1,80,18.4,1015.1,1020,1.4,2,10,361.8,0
2023-10-06 16:14:13,5,69,22,80,18.4,1015.2,1020.1,2,2.7,10,361.8,0
2023-10-06 16:19:13,5,69,22,80,18.4,1015.2,1020.1,3.4,4.8,10,361.8,0
2023-10-06 16:24:13,5,69,22,80,18.4,1015.2,1020.1,2.4,3.4,10,361.8,0
2023-10-06 16:29:13,5,69,22,80,18.4,1015.1,1020,2.7,3.1,8,361.8,0
2023-10-06 16:34:13,5,69,22,80,18.4,1015.4,1020.3,2,3.7,8,361.8,0
2023-10-06 16:39:13,5,69,22,81,18.4,1015.2,1020.1,1.4,2,10,361.8,0
2023-10-06 16:44:13,5,70,21.9,81,18.3,1015.3,1020.2,3.1,4.1,,361.8,0
2023-10-06 16:49:13,5,70,21.9,81,18.2,1015.5,1020.4,2.7,4.1,10,361.8,0
2023-10-06 16:54:13,5,70,21.9,81,18.2,1015.5,1020.4,2.7,3.4,10,361.8,0
2023-10-06 16:59:13,5,70,21.8,81,18.1,1015.4,1020.3,1.4,2,8,361.8,0
2023-10-06 17:04:13,5,70,21.8,81,18.1,1015.7,1020.6,1.7,2,10,361.8,0
2023-10-06 17:09:13,5,70,21.7,81,18,1015.7,1020.6,1.7,2.4,,361.8,0
2023-10-06 17:14:13,5,70,21.7,81,18,1015.8,1020.7,0.7,1,10,361.8,0
2023-10-06 17:19:13,5,70,21.7,82,18,1015.8,1020.7,1,1.4,,361.8,0
2023-10-06 17:24:13,5,70,21.7,82,17.9,1015.8,1020.7,1,1.4,10,361.8,0
2023-10-06 17:29:13,5,70,21.6,82,17.9,1015.7,1020.6,1.4,2,10,361.8,0
2023-10-06 17:34:13,5,70,21.5,82,17.8,1016,1020.9,1.4,1.4,10,361.8,0
2023-10-06 17:39:13,5,70,21.5,82,17.7,1016.1,1021,1.4,1.7,,361.8,0
2023-10-06 17:44:13,5,70,21.5,82,17.6,1016.2,1021.1,1,1.4,10,361.8,0
2023-10-06 17:49:13,5,70,21.4,82,17.5,1015.9,1020.8,1.4,2,10,361.8,0
2023-10-06 17:54:13,5,71,21.5,85,17.4,1016.3,1021.2,1,1.7,10,361.8,0
2023-10-06 17:59:13,5,71,21.4,85,17.4,1016.1,1021,1.4,2,10,361.8,0
2023-10-06 18:04:13,5,71,21.4,85,17.2,1016.2,1021.1,2,2.7,10,361.8,0
2023-10-06 18:09:13,5,71,21.4,85,17.1,1016.4,1021.3,3.1,3.7,8,361.8,0
2023-10-06 18:14:13,5,71,21.4,84,17,1016.5,1021.4,3.1,4.1,10,361.8,0
2023-10-06 18:19:13,5,70,21.4,83,16.9,1016.5,1021.4,2.7,3.7,10,361.8,0
2023-10-06 18:24:13,5,70,21.4,83,16.8,1016.6,1021.5,2.4,3.4,10,361.8,0
2023-10-06 18:29:13,5,70,21.4,83,16.6,1016.8,1021.7,2,2.7,10,361.8,0
2023-10-06 18:34:13,5,70,21.4,83,16.5,1016.7,1021.6,3.4,4.1,10,361.8,0
2023-10-06 18:39:13,5,70,21.1,82,16.4,1016.7,1021.6,3.4,4.1,8,361.8,0
2023-10-06 18:44:13,5,70,21.1,82,16.2,1016.7,1021.6,2,2.4,10,361.8,0
2023-10-06 18:49:13,5,70,21.1,82,16.1,1016.7,1021.6,2,2.7,10,361.8,0
2023-10-06 18:54:13,5,71,21.1,82,16,1016.5,1021.4,2,2.7,10,361.8,0
2023-10-06 18:59:13,5,71,21.1,83,16,1016.6,1021.5,3.7,5.4,10,361.8,0
2023-10-06 19:04:13,5,71,21.1,83,16,1016.6,1021.5,3.7,5.4,10,361.8,0
2023-10-06 19:09:13,5,71,21.1,83,15.9,1016.4,1021.3,1.7,2.4,10,361.8,0
2023-10-06 19:14:13,5,71,21.1,83,15.9,1016.4,1021.3,3.1,4.4,8,361.8,0
2023-10-06 19:19:13,5,71,21.1,83,15.8,1016.5,1021.4,1.7,2.4,10,361.8,0
2023-10-06 19:24:13,5,71,21.1,83,15.8,1016.4,1021.3,2.4,3.4,10,361.8,0
2023-10-06 19:29:13,5,71,21.1,84,15.8,1016.4,1021.3,2.4,3.1,10,361.8,0
2023-10-06 19:34:13,5,71,21.1,84,15.7,1016.3,1021.2,3.4,4.8,10,361.8,0
2023-10-06 19:39:13,5,71,21.1,84,15.7,1016.4,1021.3,3.4,4.8,10,361.8,0
2023-10-06 19:44:13,5,71,21.1,84,15.7,1016.4,1021.3,2,3.1,10,361.8,0
2023-10-06 19:49:13,5,71,21.1,84,15.7,1016.4,1021.3,2.4,3.1,8,361.8,0
2023-10-06 19:54:13,5,71,21.1,84,15.8,1016.2,1021.1,3.4,4.1,10,361.8,0
2023-10-06 19:59:13,5,71,21.1,83,15.9,1016.1,1021,4.4,5.8,10,361.8,0
2023-10-06 20:04:13,5,71,21.1,82,16,1016,1020.9,2,2.7,8,361.8,0
2023-10-06 20:09:13,5,71,21.1,82,16,1016.2,1021.1,2.7,3.4,8,361.8,0
2023-10-06 20:14:13,5,71,21.1,81,16,1016.3,1021.2,1.7,2.7,10,361.8,0
2023-10-06 20:19:13,5,71,21.1,81,15.9,1016.2,1021.1,2,2.7,8,361.8,0
2023-10-06 20:24:13,5,71,21.1,81,15.9,1016.2,1021.1,1.7,2.4,8,361.8,0
2023-10-06 20:29:13,5,71,21.1,81,15.8,1016,1020.9,2,2.7,8,361.8,0
2023-10-06 20:34:13,5,71,21.1,81,15.9,1016.1,1021,2.4,3.7,10,361.8,0
2023-10-06 20:39:13,5,71,21.1,81,15.8,1016,1020.9,2,2.7,8,361.8,0
2023-10-06 20:44:13,5,71,21.1,81,15.7,1016,1020.9,2,3.1,10,361.8,0
2023-10-06 20:49:13,5,71,21.1,81,15.7,1016,1020.9,3.4,5.1,10,361.8,0
2023-10-06 20:54:13,5,71,21.1,81,15.8,1016.1,1021,2.7,4.1,8,361.8,0
2023-10-06 20:59:13,5,71,21.1,81,15.8,1016.1,1021,3.1,3.7,10,361.8,0
2023-10-06 21:04:13,5,71,21.1,80,15.8,1016.1,1021,3.1,4.8,8,361.8,0
2023-10-06 21:09:13,5,71,21.1,81,15.8,1016.2,1021.1,4.1,5.1,,361.8,0
2023-10-06 21:14:13,5,71,21.1,81,15.8,1016.3,1021.2,3.1,4.4,8,361.8,0
2023-10-06 21:19:13,5,71,21.1,81,15.8,1016.3,1021.2,2.7,4.8,8,361.8,0
2023-10-06 21:24:13,5,71,21.1,81,15.7,1016.2,1021.1,3.1,4.1,8,361.8,0
2023-10-06 21:29:13,5,71,21.1,81,15.6,1016.4,1021.3,1.7,2.4,8,361.8,0
2023-10-06 21:34:13,5,71,21.1,81,15.6,1016.5,1021.4,2.4,3.4,8,361.8,0
2023-10-06 21:39:13,5,71,21.1,81,15.6,1016.7,1021.6,1.7,2.7,10,361.8,0
2023-10-06 21:44:13,5,71,21.1,82,15.6,1016.6,1021.5,2.7,3.7,,361.8,0
2023-10-06 21:49:13,5,71,21.1,82,15.6,1016.7,1021.6,1.7,2.4,10,361.8,0
2023-10-06 21:54:13,5,71,21.1,82,15.6,1016.7,1021.6,2.4,3.4,8,361.8,0
2023-10-06 21:59:13,5,71,21.1,82,15.6,1016.8,1021.7,1.7,2.4,8,361.8,0
2023-10-06 22:04:13,5,71,21.1,82,15.7,1016.8,1021.7,1.7,2.4,,361.8,0
2023-10-06 22:09:13,5,71,21.1,82,15.7,1016.8,1021.7,2.4,3.1,10,361.8,0
2023-10-06 22:14:13,5,71,21.1,81,15.7,1016.8,1021.7,1.7,2.7,8,361.8,0
2023-10-06 22:19:13,5,71,21.1,81,15.7,1016.6,1021.5,2.4,3.1,8,361.8,0
2023-10-06 22:24:13,5,71,21.1,81,15.7,1016.7,1021.6,1.7,2.4,10,361.8,0
2023-10-06 22:29:13,5,71,21.1,81,15.7,1016.7,1021.6,1.7,2,8,361.8,0
2023-10-06 22:34:13,5,71,21.1,81,15.7,1016.7,1021.6,2,2.7,8,361.8,0
2023-10-06 22:39:13,5,71,21.1,81,15.7,1016.6,1021.5,2.4,3.7,8,361.8,0
2023-10-06 22:44:13,5,71,21.1,81,15.6,1016.6,1021.5,1.7,2.4,10,361.8,0
2023-10-06 22:49:13,5,71,21.1,81,15.6,1016.4,1021.3,2.4,3.4,10,361.8,0
2023-10-06 22:54:13,5,71,21.1,81,15.6,1016.6,1021.5,3.4,3.7,10,361.8,0
2023-10-06 22:59:13,5,71,21.1,81,15.7,1016.5,1021.4,3.7,5.1,10,361.8,0
2023-10-06 23:04:13,5,71,21.1,81,15.7,1016.5,1021.4,2,2.4,,361.8,0
2023-10-06 23:09:13,5,71,21.1,81,15.7,1016.6,1021.5,2.4,2.7,10,361.8,0
2023-10-06 23:14:13,5,71,21.1,82,15.7,1016.5,1021.4,3.4,3.7,8,361.8,0
2023-10-06 23:19:13,5,71,21.1,82,15.8,1016.6,1021.5,2.4,3.1,8,361.8,0
2023-10-06 23:24:13,5,71,21.1,82,15.8,1016.5,1021.4,1.7,2.4,10,361.8,0
2023-10-06 23:29:13,5,71,21,82,15.8,1016.3,1021.2,1.7,3.1,,361.8,0
2023-10-06 23:34:13,5,71,21.1,82,15.8,1016.7,1021.6,3.1,4.1,10,361.8,0
2023-10-06 23:39:13,5,71,21,82,15.9,1016.4,1021.3,3.7,5.8,10,361.8,0
2023-10-06 23:44:13,5,71,21,82,15.8,1016.6,1021.5,2,2.4,10,361.8,0
2023-10-06 23:49:13,5,71,21,82,15.7,1016.5,1021.4,3.4,4.1,10,361.8,0
2023-10-06 23:54:13,5,71,21.1,82,15.6,1016.4,1021.3,3.1,3.7,10,361.8,0
2023-10-06 23:59:13,5,71,21,83,15.6,1016.4,1021.3,2,3.1,10,361.8,0
