2018-08-22 00:01:41,5,70,21.2,79,17.3,1010.2,1015.1,1,1.4,8,375.9,0
2018-08-22 00:06:41,5,70,21.2,79,17.3,1010,1014.9,2.7,4.1,4,375.9,0
2018-08-22 00:11:41,5,70,21.2,79,17.3,1010,1014.9,1.4,2.4,12,375.9,0
2018-08-22 00:16:41,5,70,21.2,79,17.4,1009.9,1014.8,1.4,2.7,10,375.9,0
2018-08-22 00:21:41,5,70,21.2,79,17.4,1009.9,1014.8,3.1,4.8,10,375.9,0
2018-08-22 00:26:41,5,70,21.2,79,17.4,1009.8,1014.7,2,3.1,10,375.9,0
2018-08-22 00:31:41,5,71,21.2,80,17.4,1010,1014.9,2.4,3.7,8,375.9,0
2018-08-22 00:36:41,5,71,21.2,80,17.4,1009.9,1014.8,2.7,4.1,10,375.9,0
2018-08-22 00:41:41,5,71,21.2,80,17.4,1009.7,1014.6,1.7,2.4,12,375.9,0
2018-08-22 00:46:41,5,71,21.2,80,17.4,1009.8,1014.7,1,1.7,10,375.9,0
2018-08-22 00:51:41,5,71,21.2,80,17.4,1009.8,1014.7,1.7,2.7,10,375.9,0
2018-08-22 00:56:41,5,71,21.2,80,17.4,1009.7,1014.6,1,2.4,14,375.9,0
2018-08-22 01:01:41,5,71,21.2,80,17.4,1009.7,1014.6,2,3.4,10,375.9,0
2018-08-22 01:06:41,5,71,21.2,80,17.4,1009.7,1014.6,1.7,2.7,12,375.9,0
2018-08-22 01:11:41,5,71,21.2,80,17.4,1009.7,1014.6,1.4,1.7,10,375.9,0
2018-08-22 01:16:41,5,71,21.2,80,17.4,1009.5,1014.4,1.4,2.7,12,375.9,0
2018-08-22 01:21:41,5,71,21.2,80,17.4,1009.6,1014.5,2.4,3.1,10,375.9,0
2018-08-22 01:26:41,5,71,21.2,80,17.3,1009.6,1014.5,1.7,3.1,10,376.2,0
2018-08-22 01:31:41,5,71,21.2,80,17.4,1009.6,1014.5,1.7,2.4,10,376.2,0
2018-08-22 01:36:41,5,71,21.2,80,17.3,1009.6,1014.5,1.4,2.7,12,376.2,0
2018-08-22 01:41:41,5,71,21.2,81,17.3,1009.6,1014.5,1.4,2.4,12,376.2,0
2018-08-22 01:46:41,5,71,21.2,81,17.3,1009.6,1014.5,1,1.7,10,376.2,0
2018-08-22 01:51:41,5,71,21.2,81,17.3,1009.6,1014.5,0.7,1.4,10,376.2,0
2018-08-22 01:56:41,5,71,21.2,81,17.3,1009.5,1014.4,1.4,2,8,376.2,0
2018-08-22 02:01:41,5,71,21.2,81,17.3,1009.6,1014.5,1,1.7,10,376.2,0
2018-08-22 02:06:41,5,71,21.2,81,17.3,1009.5,1014.4,1.4,2,12,376.2,0
2018-08-22 02:12:41,6,71,21.2,81,17.3,1009.5,1014.4,2,2.7,4,376.2,0
2018-08-22 02:17:41,5,71,21.2,81,17.3,1009.6,1014.5,0.7,1.7,12,376.2,0
2018-08-22 02:22:41,5,71,21.2,81,17.3,1009.5,1014.4,1,1.4,12,376.2,0
2018-08-22 02:28:41,6,71,21.2,81,17.3,1009.5,1014.4,1,2.4,10,376.2,0
2018-08-22 02:33:41,5,71,21.2,81,17.3,1009.4,1014.3,0.7,1.7,14,376.2,0
2018-08-22 02:38:41,5,71,21.2,81,17.3,1009.4,1014.3,1,1.7,10,376.2,0
2018-08-22 02:43:41,5,71,21.2,81,17.2,1009.3,1014.2,1,2,10,376.2,0
2018-08-22 02:48:41,5,71,21.2,81,17.2,1009.3,1014.2,1.4,2.4,10,376.2,0
2018-08-22 02:53:41,5,71,21.2,81,17.2,1009.3,1014.2,1,1.7,12,376.2,0
2018-08-22 02:58:41,5,71,21.2,81,17.2,1009.3,1014.2,1,1.7,10,376.2,0
2018-08-22 03:03:41,5,71,21.2,81,17.2,1009.3,1014.2,1,1.7,10,376.2,0
2018-08-22 03:08:41,5,71,21.2,81,17.1,1009.4,1014.3,1.4,1.7,10,376.2,0
2018-08-22 03:13:41,5,71,21.2,81,17.1,1009.4,1014.3,2.7,3.4,9,376.2,0
2018-08-22 03:18:41,5,71,21.2,81,17,1009.3,1014.2,2,3.1,10,376.2,0
2018-08-22 03:23:41,5,71,21.1,81,17,1009.4,1014.3,1.7,2.4,12,376.2,0
2018-08-22 03:28:41,5,71,21.1,82,16.9,1009.4,1014.3,1,1.4,10,376.2,0
2018-08-22 03:33:41,5,71,21.1,82,16.9,1009.3,1014.2,1,2,8,376.2,0
2018-08-22 03:38:41,5,71,21.1,82,16.8,1009.2,1014.1,1,1.7,12,376.2,0
2018-08-22 03:43:41,5,71,21.1,82,16.8,1009.1,1014,1,2,12,376.2,0
2018-08-22 03:48:41,5,71,21.1,82,16.8,1009,1013.9,1,1.7,12,376.2,0
2018-08-22 03:53:41,5,71,21.1,82,16.8,1009,1013.9,0.7,1.4,10,376.2,0
2018-08-22 03:58:41,5,71,21.1,82,16.8,1009,1013.9,0.7,1.4,12,376.2,0
2018-08-22 04:03:41,5,71,21.1,82,16.8,1009,1013.9,0.7,1,10,376.2,0
2018-08-22 04:08:41,5,71,21.1,82,16.8,1009.3,1014.2,1,1.7,12,376.2,0
2018-08-22 04:13:41,5,71,21.1,82,16.7,1009.4,1014.3,1,2,10,376.2,0
2018-08-22 04:18:41,5,71,21.1,82,16.6,1009.2,1014.1,1,2,8,376.2,0
2018-08-22 04:23:41,5,71,21,82,16.6,1009.3,1014.2,1.7,2.4,10,376.2,0
2018-08-22 04:28:41,5,71,21.1,82,16.5,1009.3,1014.2,0.7,1.4,12,376.2,0
2018-08-22 04:33:41,5,71,21.1,82,16.5,1009.2,1014.1,0.7,1,10,376.2,0
2018-08-22 04:38:41,5,71,21.1,82,16.5,1009.3,1014.2,1,1.4,12,376.2,0
2018-08-22 04:43:41,5,71,21.1,82,16.4,1009.3,1014.2,1,1.7,12,376.2,0
2018-08-22 04:48:41,5,71,21.1,82,16.4,1009.5,1014.4,1,1.7,14,376.2,0
2018-08-22 04:53:41,5,71,21.1,82,16.2,1009.4,1014.3,1,2.4,12,376.2,0
2018-08-22 04:58:41,5,71,21.1,82,16.1,1009.5,1014.4,1,1.7,14,376.2,0
2018-08-22 05:03:41,5,71,21.1,83,15.9,1009.7,1014.6,1.4,2.4,8,376.2,0
2018-08-22 05:08:41,5,71,21.1,83,15.7,1009.6,1014.5,1,1.4,12,376.2,0
2018-08-22 05:13:41,5,71,21.1,83,15.7,1009.6,1014.5,1.4,2.4,12,376.2,0
2018-08-22 05:18:41,5,71,21,83,15.6,1009.7,1014.6,0.7,1.4,14,376.2,0
2018-08-22 05:23:41,5,71,21,83,15.6,1009.5,1014.4,1,1.4,12,376.2,0
2018-08-22 05:28:41,5,71,21,83,15.6,1009.7,1014.6,0.7,1,12,376.2,0
2018-08-22 05:33:41,5,71,21,83,15.6,1010.1,1015,3.4,4.1,14,376.2,0
2018-08-22 05:38:41,5,71,21,83,15.2,1010,1014.9,1.7,2.7,12,376.2,0
2018-08-22 05:43:41,5,71,21,82,15,1009.9,1014.8,0.7,1.7,14,376.2,0
2018-08-22 05:48:41,5,71,21,83,14.9,1010.1,1015,0.7,1.4,12,376.2,0
2018-08-22 05:53:41,5,71,21,83,14.8,1010,1014.9,1.4,2,12,376.2,0
2018-08-22 05:58:41,5,71,21,83,14.7,1010.1,1015,1.7,2.4,14,376.2,0
2018-08-22 06:03:41,5,70,21,83,14.7,1010.1,1015,1.7,2.7,12,376.2,0
2018-08-22 06:08:41,5,70,21,83,14.6,1010.2,1015.1,2,4.8,14,376.2,0
2018-08-22 06:13:41,5,70,21,83,14.3,1010.4,1015.3,1,2.7,14,376.2,0
2018-08-22 06:18:41,5,70,21,83,14.1,1010.4,1015.3,0.3,0.7,0,376.2,0
2018-08-22 06:23:41,5,70,21,83,14,1010.6,1015.5,1,2.7,0,376.2,0
2018-08-22 06:28:41,5,70,21,84,13.9,1010.6,1015.5,0.3,1,0,376.2,0
2018-08-22 06:33:41,5,70,21,84,13.8,1010.7,1015.6,1.4,2.7,0,376.2,0
2018-08-22 06:38:41,5,70,21,84,13.7,1010.7,1015.6,0.7,1.4,14,376.2,0
2018-08-22 06:43:41,5,70,21,84,13.7,1011,1015.9,0.3,0.7,0,376.2,0
2018-08-22 06:48:41,5,70,21,84,13.7,1011,1015.9,1,2.4,0,376.2,0
2018-08-22 06:53:41,5,70,21,84,13.7,1011.2,1016.1,1.4,1.7,14,376.2,0
2018-08-22 06:58:41,5,70,21,84,13.5,1011.3,1016.2,1.4,2.4,14,376.2,0
2018-08-22 07:03:41,5,70,21,84,13.5,1011.3,1016.2,0,0.3,0,376.2,0
2018-08-22 07:08:41,5,71,20.9,84,13.5,1011.4,1016.3,1.4,1.7,14,376.2,0
2018-08-22 07:13:41,5,70,21,84,13.5,1011.4,1016.3,0,0.3,14,376.2,0
2018-08-22 07:18:41,5,70,21,84,13.6,1011.4,1016.3,1.4,2.4,14,376.2,0
2018-08-22 07:23:41,5,70,20.9,84,13.6,1011.4,1016.3,1.4,2,14,376.2,0
2018-08-22 07:28:41,5,68,20.8,84,13.6,1011.6,1016.5,0.3,1,14,376.2,0
2018-08-22 07:33:41,5,68,20.8,84,13.6,1011.7,1016.6,0.7,2,12,376.2,0
2018-08-22 07:38:41,5,67,20.8,84,13.6,1011.7,1016.6,0.3,1,12,376.2,0
2018-08-22 07:43:41,5,67,20.7,84,13.5,1011.9,1016.8,3.1,5.4,14,376.2,0
2018-08-22 07:48:41,5,67,20.6,84,13.3,1012,1016.9,1.4,2,14,376.2,0
2018-08-22 07:53:41,5,67,20.6,83,13.1,1012,1016.9,1.7,4.8,14,376.2,0
2018-08-22 07:58:41,5,68,20.6,83,13,1011.9,1016.8,0.7,2,0,376.2,0
2018-08-22 08:03:41,5,68,20.6,83,13,1012.3,1017.2,2.4,3.1,0,376.2,0
2018-08-22 08:08:41,5,68,20.6,84,13.1,1012.2,1017.1,0.3,1,14,376.2,0
2018-08-22 08:13:41,5,68,20.6,84,13.1,1012.2,1017.1,1.7,2.4,0,376.2,0
2018-08-22 08:18:41,5,68,20.6,83,13,1012.4,1017.3,0.3,0.7,0,376.2,0
2018-08-22 08:23:41,5,68,20.7,83,13.1,1012.2,1017.1,1,4.1,14,376.2,0
2018-08-22 08:28:41,5,68,20.7,83,13.2,1012.3,1017.2,0,0.3,0,376.2,0
2018-08-22 08:33:41,5,69,20.7,84,13.4,1012.4,1017.3,0.3,1,0,376.2,0
2018-08-22 08:38:41,5,69,20.7,84,13.5,1012.5,1017.4,1.7,3.1,12,376.2,0
2018-08-22 08:43:41,5,69,20.8,83,13.6,1012.4,1017.3,1.7,4.4,14,376.2,0
2018-08-22 08:48:41,5,69,20.7,83,13.7,1012.4,1017.3,1,2,0,376.2,0
2018-08-22 08:53:41,5,69,20.8,82,14,1012.6,1017.5,1.7,2.7,0,376.2,0
2018-08-22 08:58:41,5,69,20.8,83,13.9,1012.5,1017.4,0.7,1,0,376.2,0
2018-08-22 09:03:41,5,69,20.8,82,14.1,1012.7,1017.6,0.3,1,0,376.2,0
2018-08-22 09:08:41,5,69,20.8,82,14.5,1012.7,1017.6,0,0.7,14,376.2,0
2018-08-22 09:13:41,5,69,20.8,81,14.3,1012.8,1017.7,0.3,1,0,376.2,0
2018-08-22 09:18:41,5,69,20.8,81,14.3,1012.8,1017.7,0.3,0.7,0,376.2,0
2018-08-22 09:23:41,5,69,20.9,81,14.2,1012.8,1017.7,0,0.7,0,376.2,0
2018-08-22 09:28:41,5,68,20.9,80,14,1012.9,1017.8,1,2.4,14,376.2,0
2018-08-22 09:33:41,5,68,20.9,80,13.8,1013,1017.9,0.7,1.7,14,376.2,0
2018-08-22 09:38:41,5,68,20.9,80,13.9,1012.9,1017.8,0.3,2,15,376.2,0
2018-08-22 09:43:41,5,68,20.9,80,13.9,1013.1,1018,0.3,1,14,376.2,0
2018-08-22 09:48:41,5,68,20.9,79,14.1,1013.1,1018,0.3,1,0,376.2,0
2018-08-22 09:53:41,5,68,20.9,79,14.3,1013.1,1018,0,0.3,0,376.2,0
2018-08-22 09:58:41,5,68,20.9,79,14.7,1013,1017.9,1.7,2.4,12,376.2,0
2018-08-22 10:03:41,5,67,21,79,14.7,1013.1,1018,0.7,1.4,0,376.2,0
2018-08-22 10:08:41,5,67,21,78,15,1013.2,1018.1,0.7,1.4,14,376.2,0
2018-08-22 10:13:41,5,67,21,78,14.7,1013.3,1018.2,0.7,1.7,15,376.2,0
2018-08-22 10:18:41,5,67,21,78,14.5,1013.3,1018.2,0.3,0.7,0,376.2,0
2018-08-22 10:23:41,5,67,21,77,14.2,1013.3,1018.2,1.7,2.4,12,376.2,0
2018-08-22 10:28:41,5,67,21.1,77,14,1013.3,1018.2,1.7,3.1,14,376.2,0
2018-08-22 10:33:41,5,67,21.1,78,13.7,1013.4,1018.3,2.7,3.7,14,376.2,0
2018-08-22 10:38:41,5,67,21.1,79,13.7,1013.5,1018.4,0.3,1,0,376.2,0
2018-08-22 10:43:41,5,67,21.1,78,14,1013.5,1018.4,1,1.4,14,376.2,0
2018-08-22 10:48:41,5,67,21.1,78,14.5,1013.6,1018.5,0.3,1,0,376.2,0
2018-08-22 10:53:41,5,67,21.1,77,15,1013.3,1018.2,2.4,3.1,1,376.2,0
2018-08-22 10:58:41,5,67,21.1,76,15.2,1013.5,1018.4,2.7,3.7,12,376.2,0
2018-08-22 11:03:41,5,67,21.2,75,14.9,1013.4,1018.3,2,3.1,14,376.2,0
2018-08-22 11:08:41,5,67,21.2,74,14.8,1013.4,1018.3,3.1,3.7,12,376.2,0
2018-08-22 11:13:41,5,67,21.2,74,14.7,1013.4,1018.3,1.4,2,12,376.2,0
2018-08-22 11:18:41,5,67,21.2,74,15,1013.5,1018.4,0.7,1.4,0,376.2,0
2018-08-22 11:23:40,5,67,21.2,73,15.1,1013.5,1018.4,0.7,1.4,12,376.2,0
2018-08-22 11:28:40,5,67,21.2,73,15.6,1013.6,1018.5,0.7,1.4,0,376.2,0
2018-08-22 11:33:40,5,67,21.2,72,16.1,1013.4,1018.3,0.7,1.4,14,376.2,0
2018-08-22 11:38:40,5,67,21.2,70,16.3,1013.6,1018.5,0.3,0.7,14,376.2,0
2018-08-22 11:43:40,5,67,21.2,69,16.3,1013.5,1018.4,0.7,1.7,0,376.2,0
2018-08-22 11:48:40,5,67,21.2,68,16.5,1013.5,1018.4,0,0.7,0,376.2,0
2018-08-22 11:53:40,5,67,21.2,66,16.6,1013.5,1018.4,0.7,1.7,14,376.2,0
2018-08-22 11:58:40,5,67,21.2,66,16.2,1013.6,1018.5,1.7,3.4,0,376.2,0
2018-08-22 12:03:40,5,67,21.5,67,16.7,1013.5,1018.4,0,0.7,14,376.2,0
2018-08-22 12:08:40,5,67,21.4,65,17.8,1013.5,1018.4,0.3,1,0,376.2,0
2018-08-22 12:13:40,5,67,21.4,61,17.6,1013.6,1018.5,1.7,3.1,14,376.2,0
2018-08-22 12:18:40,5,67,21.5,63,16.8,1013.8,1018.7,1.4,2,14,376.2,0
2018-08-22 12:23:40,5,66,21.4,63,16.6,1013.7,1018.6,0.7,2.4,14,376.2,0
2018-08-22 12:28:40,5,66,21.5,64,16.9,1013.5,1018.4,0.7,1.4,12,376.2,0
2018-08-22 12:33:40,5,66,21.5,63,16.7,1013.5,1018.4,1.7,2.4,12,376.2,0
2018-08-22 12:38:40,5,66,21.5,63,16.4,1013.6,1018.5,2.7,5.8,14,376.2,0
2018-08-22 12:43:40,5,66,21.5,62,16.4,1013.5,1018.4,0.3,1.4,0,376.2,0
2018-08-22 12:48:40,5,66,21.6,61,17.3,1013.7,1018.6,3.7,5.4,14,376.2,0
2018-08-22 12:53:40,5,66,21.6,60,16.5,1013.8,1018.7,1,2,14,376.2,0
2018-08-22 12:58:40,5,66,21.6,61,16.7,1013.7,1018.6,2,3.1,14,376.2,0
2018-08-22 13:03:40,5,66,21.6,59,16.5,1013.6,1018.5,2.4,3.4,12,376.2,0
2018-08-22 13:08:40,5,66,21.6,59,16.6,1013.6,1018.5,2.7,4.1,14,376.2,0
2018-08-22 13:13:40,5,66,21.6,58,16.5,1013.6,1018.5,2.4,4.1,0,376.2,0
2018-08-22 13:18:40,5,66,21.6,59,16.3,1013.7,1018.6,3.1,4.1,14,376.2,0
2018-08-22 13:23:40,5,66,21.7,59,16.3,1013.7,1018.6,1,2,12,376.2,0
2018-08-22 13:28:40,5,66,21.6,59,16.4,1013.7,1018.6,1,1.7,12,376.2,0
2018-08-22 13:33:40,5,66,21.6,60,17,1013.8,1018.7,3.4,5.4,12,376.2,0
2018-08-22 13:38:40,5,65,21.6,59,16.4,1013.9,1018.8,1.4,3.1,14,376.2,0
2018-08-22 13:43:40,5,65,21.7,59,16.2,1013.8,1018.7,2.4,3.4,14,376.2,0
2018-08-22 13:48:40,5,65,21.7,60,16.2,1013.9,1018.8,1,2,12,376.2,0
2018-08-22 13:53:40,5,65,21.8,59,16.5,1013.6,1018.5,2,2.7,14,376.2,0
2018-08-22 13:58:40,5,65,21.8,56,17,1013.6,1018.5,0.7,1.7,14,376.2,0
2018-08-22 14:03:40,5,65,21.8,56,17.1,1013.7,1018.6,1,1.4,12,376.2,0
2018-08-22 14:08:40,5,65,21.9,56,16.7,1013.8,1018.7,0.7,1,14,376.2,0
2018-08-22 14:13:40,5,65,21.9,56,16.6,1013.7,1018.6,1.7,2.7,14,376.2,0
2018-08-22 14:18:40,5,65,21.9,58,17,1013.7,1018.6,1.4,3.1,0,376.2,0
2018-08-22 14:23:40,5,65,21.9,56,17.2,1013.7,1018.6,1,2.7,0,376.2,0
2018-08-22 14:28:40,5,65,21.9,56,17.3,1013.8,1018.7,2,4.1,14,376.2,0
2018-08-22 14:33:40,5,65,21.9,57,17.1,1013.9,1018.8,1,2,14,376.2,0
2018-08-22 14:38:40,5,65,21.9,58,16.9,1013.7,1018.6,2,3.1,12,376.2,0
2018-08-22 14:43:40,5,64,22,58,16.7,1013.7,1018.6,2,3.4,12,376.2,0
2018-08-22 14:49:40,6,64,22,57,16.7,1013.8,1018.7,1,1.4,10,376.2,0
2018-08-22 14:54:40,5,64,22,57,17,1013.8,1018.7,1.7,2.4,14,376.2,0
2018-08-22 14:59:40,5,63,22,57,17.2,1013.7,1018.6,1.7,4.1,14,376.2,0
2018-08-22 15:05:40,6,63,22,59,17.1,1013.6,1018.5,2,2.4,12,376.2,0
2018-08-22 15:10:40,5,63,22,60,17.7,1013.7,1018.6,1,1.4,12,376.2,0
2018-08-22 15:15:40,5,63,22,57,17.6,1013.6,1018.5,0.7,1.4,12,376.2,0
2018-08-22 15:20:40,5,63,22,59,17.3,1013.8,1018.7,0.3,1,12,376.2,0
2018-08-22 15:25:40,5,63,22,61,16.9,1013.7,1018.6,1,2,12,376.2,0
2018-08-22 15:30:40,5,63,22,61,16.6,1013.7,1018.6,1.4,1.7,12,376.2,0
2018-08-22 15:35:40,5,63,22,62,16.4,1013.6,1018.5,0.7,1.7,10,376.2,0
2018-08-22 15:40:40,5,63,22,62,16.4,1013.8,1018.7,0.7,1.4,10,376.2,0
2018-08-22 15:45:40,5,63,22,62,16.5,1013.6,1018.5,1,1.4,14,376.2,0
2018-08-22 15:50:40,5,63,22,62,16.4,1013.7,1018.6,1.4,1.7,14,376.2,0
2018-08-22 15:55:40,5,63,22.1,62,16.3,1013.8,1018.7,0.7,1.4,12,376.2,0
2018-08-22 16:00:40,5,63,22,62,16.3,1013.8,1018.7,1.7,2.4,14,376.2,0
2018-08-22 16:05:40,5,63,22,62,16.2,1013.7,1018.6,1.4,2,12,376.2,0
2018-08-22 16:10:40,5,63,22,63,16.4,1013.6,1018.5,0.3,0.7,12,376.2,0
2018-08-22 16:15:40,5,63,22,63,16.9,1013.6,1018.5,0.3,1.4,10,376.2,0
2018-08-22 16:20:40,5,63,22,61,17.2,1013.6,1018.5,0.7,2.4,10,376.2,0
2018-08-22 16:25:40,5,63,22.1,61,17.1,1013.6,1018.5,1,2,14,376.2,0
2018-08-22 16:30:40,5,63,22.1,61,16.7,1013.5,1018.4,0.7,1,12,376.2,0
2018-08-22 16:35:40,5,63,22.1,62,16.6,1013.6,1018.5,0.7,1,12,376.2,0
2018-08-22 16:40:40,5,63,22.1,61,17.2,1013.6,1018.5,0.3,1,12,376.2,0
2018-08-22 16:45:40,5,63,22.1,60,17.8,1013.7,1018.6,0.7,1.4,14,376.2,0
2018-08-22 16:50:40,5,63,22.1,59,17.3,1013.6,1018.5,0.7,1.4,12,376.2,0
2018-08-22 16:55:40,5,63,22.1,62,16.8,1013.5,1018.4,0.7,1,10,376.2,0
2018-08-22 17:00:40,5,63,22.2,62,16.5,1013.6,1018.5,0.7,1,10,376.2,0
2018-08-22 17:05:40,5,62,22.1,63,16.4,1013.7,1018.6,1.4,2,14,376.2,0
2018-08-22 17:10:40,5,61,22.1,62,16.2,1013.8,1018.7,0.7,1.4,0,376.2,0
2018-08-22 17:15:40,5,60,22.1,62,16.1,1013.8,1018.7,1.7,2.4,14,376.2,0
2018-08-22 17:20:40,5,59,22,62,15.8,1013.9,1018.8,2,3.1,12,376.2,0
2018-08-22 17:25:40,5,59,21.9,61,15.6,1013.9,1018.8,1.4,2.7,12,376.2,0
2018-08-22 17:30:40,5,59,21.9,60,15.4,1013.9,1018.8,2.4,4.1,12,376.2,0
2018-08-22 17:35:40,5,57,21.8,61,15.2,1013.9,1018.8,2.7,4.4,12,376.2,0
2018-08-22 17:40:40,5,55,21.6,61,15.1,1013.4,1018.3,3.1,4.1,12,376.2,0
2018-08-22 17:45:40,5,55,21.6,62,15.1,1014,1018.9,1.7,2,12,376.2,0
2018-08-22 17:50:40,5,54,21.6,63,15.1,1014,1018.9,2.7,3.4,14,376.2,0
2018-08-22 17:55:40,5,54,21.5,63,15,1014,1018.9,2,3.4,12,376.2,0
2018-08-22 18:00:40,5,53,21.5,64,14.9,1013.9,1018.8,1.7,3.4,14,376.2,0
2018-08-22 18:05:40,5,54,21.2,64,14.7,1014,1018.9,2,3.1,12,376.2,0
2018-08-22 18:10:40,5,53,21.2,64,14.6,1014,1018.9,2.4,3.4,14,376.2,0
2018-08-22 18:15:40,5,53,21.2,64,14.5,1014,1018.9,2,2.7,12,376.2,0
2018-08-22 18:20:40,5,53,21.2,64,14.3,1014.1,1019,2.7,3.4,12,376.2,0
2018-08-22 18:25:40,5,53,21.2,64,14.2,1014.2,1019.1,1.7,2.7,14,376.2,0
2018-08-22 18:30:40,5,53,21.1,64,14.1,1014.1,1019,1.4,1.7,14,376.2,0
2018-08-22 18:35:40,5,52,21.1,64,14,1014.1,1019,1,1.4,12,376.2,0
2018-08-22 18:40:40,5,52,21,64,14,1014.1,1019,0.7,1.4,14,376.2,0
2018-08-22 18:45:40,5,53,20.9,66,13.9,1014.1,1019,1,1.7,10,376.2,0
2018-08-22 18:50:40,5,53,20.9,66,13.8,1014.1,1019,1,1.7,10,376.2,0
2018-08-22 18:55:40,5,53,20.8,66,13.8,1014.3,1019.2,1,1.7,12,376.2,0
2018-08-22 19:00:40,5,53,20.8,66,13.7,1014.2,1019.1,1.4,3.4,12,376.2,0
2018-08-22 19:05:40,5,53,20.7,66,13.7,1014.3,1019.2,0.3,1,8,376.2,0
2018-08-22 19:10:40,5,53,20.6,66,13.7,1014.3,1019.2,0.7,1,12,376.2,0
2018-08-22 19:15:40,5,53,20.6,67,13.7,1014.1,1019,0.3,1,12,376.2,0
2018-08-22 19:20:40,5,53,20.5,67,13.6,1014.3,1019.2,0.7,1.4,10,376.2,0
2018-08-22 19:25:40,5,53,20.4,67,13.5,1014.3,1019.2,0.3,0.7,10,376.2,0
2018-08-22 19:30:40,5,54,20.4,67,13.3,1014.3,1019.2,0.7,1,12,376.2,0
2018-08-22 19:35:40,5,54,20.4,68,13.2,1014.4,1019.3,0.3,0.7,12,376.2,0
2018-08-22 19:40:40,5,54,20.3,68,13,1014.6,1019.5,0,0.3,12,376.2,0
2018-08-22 19:45:40,5,54,20.3,70,12.8,1014.5,1019.4,0,0.3,12,376.2,0
2018-08-22 19:50:40,5,54,20.2,70,12.6,1014.4,1019.3,0,0.7,12,376.2,0
2018-08-22 19:55:40,5,54,20.2,71,12.4,1014.5,1019.4,0.3,0.7,12,376.2,0
2018-08-22 20:00:40,5,54,20.1,71,12.4,1014.5,1019.4,0,0.3,12,376.2,0
2018-08-22 20:05:40,5,54,20,71,12.2,1014.6,1019.5,0,0.3,12,376.2,0
2018-08-22 20:10:40,5,54,20,71,12.1,1014.7,1019.6,0.3,0.7,12,376.2,0
2018-08-22 20:15:40,5,55,19.8,72,12.1,1014.7,1019.6,0.3,0.7,10,376.2,0
2018-08-22 20:20:40,5,56,19.8,72,12.1,1014.6,1019.5,0,0,10,376.2,0
2018-08-22 20:25:40,5,56,19.9,72,12.2,1014.7,1019.6,0,0,12,376.2,0
2018-08-22 20:30:40,5,57,19.9,72,12.2,1014.6,1019.5,0,0,12,376.2,0
2018-08-22 20:35:40,5,57,19.9,72,12.3,1014.4,1019.3,0,0,12,376.2,0
2018-08-22 20:40:40,5,57,19.9,72,12.3,1014.6,1019.5,0,0,12,376.2,0
2018-08-22 20:45:40,5,57,20,72,12.3,1014.7,1019.6,0,0,12,376.2,0
2018-08-22 20:50:40,5,57,20,72,12.4,1014.7,1019.6,0,0,12,376.2,0
2018-08-22 20:55:40,5,57,20,72,12.4,1014.6,1019.5,0,0,12,376.2,0
2018-08-22 21:00:40,5,58,20,72,12.4,1014.7,1019.6,0,0,14,376.2,0
2018-08-22 21:05:40,5,58,20.1,72,12.4,1014.6,1019.5,0,0,12,376.2,0
2018-08-22 21:10:40,5,58,20.1,72,12.4,1014.7,1019.6,0,0,12,376.2,0
2018-08-22 21:15:40,5,58,20.1,72,12.4,1014.7,1019.6,0,0,12,376.2,0
2018-08-22 21:20:40,5,59,20.1,72,12.4,1014.6,1019.5,0,0,12,376.2,0
2018-08-22 21:25:40,5,59,20.2,72,12.3,1014.6,1019.5,0,0,12,376.2,0
2018-08-22 21:30:40,5,59,20.2,72,12.3,1014.5,1019.4,0,0,12,376.2,0
2018-08-22 21:35:40,5,60,20.2,72,12.2,1014.7,1019.6,0,0,14,376.2,0
2018-08-22 21:40:40,5,60,20.2,71,12.2,1014.7,1019.6,0,0,12,376.2,0
2018-08-22 21:45:40,5,60,20.2,71,12.2,1014.7,1019.6,0,0,12,376.2,0
2018-08-22 21:50:40,5,60,20.3,71,12.2,1014.6,1019.5,0,0,12,376.2,0
2018-08-22 21:55:40,5,60,20.3,71,12.1,1014.5,1019.4,0,0,12,376.2,0
2018-08-22 22:00:40,5,60,20.3,71,12.1,1014.5,1019.4,0,0,12,376.2,0
2018-08-22 22:05:40,5,60,20.3,71,12.1,1014.3,1019.2,0,0,12,376.2,0
2018-08-22 22:10:40,5,60,20.3,71,12.1,1014.4,1019.3,0,0,10,376.2,0
2018-08-22 22:15:40,5,60,20.3,71,12.1,1014.3,1019.2,0,0,10,376.2,0
2018-08-22 22:20:40,5,60,20.3,71,12.1,1014.2,1019.1,0,0,10,376.2,0
2018-08-22 22:25:40,5,60,20.3,72,12.1,1014,1018.9,0,0,10,376.2,0
2018-08-22 22:30:40,5,60,20.4,72,12.1,1014.1,1019,0,0,14,376.2,0
2018-08-22 22:35:40,5,60,20.4,72,12.1,1014,1018.9,0,0,14,376.2,0
2018-08-22 22:40:40,5,60,20.4,72,12.1,1014,1018.9,0,0,12,376.2,0
2018-08-22 22:45:40,5,60,20.4,72,12.1,1013.8,1018.7,0,0,12,376.2,0
2018-08-22 22:50:40,5,60,20.4,72,12.1,1013.9,1018.8,0,0,10,376.2,0
2018-08-22 22:55:40,5,60,20.4,72,12.1,1013.8,1018.7,0,0,10,376.2,0
2018-08-22 23:00:40,5,60,20.4,72,12.1,1013.7,1018.6,0,0,12,376.2,0
2018-08-22 23:05:40,5,60,20.4,72,12.1,1014,1018.9,0,0,12,376.2,0
2018-08-22 23:10:40,5,60,20.4,72,12.1,1013.9,1018.8,0,0,10,376.2,0
2018-08-22 23:15:40,5,60,20.4,72,12.2,1013.9,1018.8,0,0,12,376.2,0
2018-08-22 23:20:40,5,60,20.4,72,12.2,1013.9,1018.8,0,0,12,376.2,0
2018-08-22 23:25:40,5,60,20.4,72,12.2,1013.8,1018.7,0,0,10,376.2,0
2018-08-22 23:30:40,5,60,20.4,72,12.2,1013.7,1018.6,0,0,12,376.2,0
2018-08-22 23:35:40,5,60,20.4,72,12.2,1013.5,1018.4,0,0,12,376.2,0
2018-08-22 23:40:40,5,60,20.4,72,12.1,1013.6,1018.5,0,0,12,376.2,0
2018-08-22 23:45:40,5,60,20.4,72,12.1,1013.7,1018.6,0,0,12,376.2,0
2018-08-22 23:50:40,5,60,20.4,72,12.1,1013.4,1018.3,0,0,12,376.2,0
2018-08-22 23:55:40,5,60,20.4,72,12.1,1013.6,1018.5,0,0,10,376.2,0
