2020-04-17 00:00:38,5,40,22.3,74,9,1012.5,1017.4,1,1.4,2,384.6,0
2020-04-17 00:05:38,5,40,22.2,75,8.9,1012.4,1017.3,1.4,2,2,384.6,0
2020-04-17 00:10:38,5,41,22.2,75,8.9,1012.6,1017.5,1,1.4,2,384.6,0
2020-04-17 00:15:38,5,41,22.2,75,8.8,1012.6,1017.5,1.4,1.7,,384.6,0
2020-04-17 00:20:38,5,41,22.2,75,8.8,1012.5,1017.4,0.7,1,2,384.6,0
2020-04-17 00:25:38,5,41,22.1,75,8.8,1012.4,1017.3,0.7,1.4,2,384.6,0
2020-04-17 00:30:38,5,41,22.1,75,8.7,1012.7,1017.6,1.4,1.7,4,384.6,0
2020-04-17 00:35:38,5,41,22.1,76,8.6,1012.4,1017.3,0.7,1,4,384.6,0
2020-04-17 00:40:38,5,41,22.1,75,8.4,1012.3,1017.2,0.7,1.4,,384.6,0
2020-04-17 00:45:38,5,41,22.1,75,8.2,1012.5,1017.4,0.7,1.4,2,384.6,0
2020-04-17 00:50:38,5,41,22,75,8,1012.4,1017.3,0.7,1,2,384.6,0
2020-04-17 00:55:38,5,41,22,75,7.8,1012.5,1017.4,1,1.4,4,384.6,0
2020-04-17 01:00:38,5,41,22,76,7.8,1012.4,1017.3,1,1.4,4,384.6,0
2020-04-17 01:05:38,5,41,22,76,7.8,1012.4,1017.3,0.7,1,2,384.6,0
2020-04-17 01:11:38,6,41,22,77,7.9,1012.3,1017.2,1,1.4,4,384.6,0
2020-04-17 01:16:38,5,41,22,78,7.8,1012.2,1017.1,0.7,1,4,384.6,0
2020-04-17 01:21:38,5,42,21.9,78,7.9,1012.2,1017.1,0.7,1.4,4,384.6,0
2020-04-17 01:26:38,5,42,21.9,78,7.9,1012.2,1017.1,0.3,0.7,8,384.6,0
2020-04-17 01:31:38,5,42,21.9,78,7.7,1012.3,1017.2,0,0.7,8,384.6,0
2020-04-17 01:36:38,5,42,21.9,78,7.7,1012.3,1017.2,1.4,2,,384.6,0
2020-04-17 01:41:38,5,42,21.8,78,7.6,1012.3,1017.2,1,1.4,4,384.6,0
2020-04-17 01:46:38,5,42,21.8,79,7.8,1012.2,1017.1,1.4,2,4,384.6,0
2020-04-17 01:51:38,5,42,21.8,80,7.9,1012.2,1017.1,1.4,1.7,4,384.6,0
2020-04-17 01:56:38,5,42,21.8,80,7.9,1012.2,1017.1,1.7,2,,384.6,0
2020-04-17 02:01:38,5,42,21.8,80,8,1012.3,1017.2,1.7,3.1,,384.6,0
2020-04-17 02:06:38,5,42,21.6,80,8,1012.2,1017.1,1.7,2,4,384.6,0
2020-04-17 02:11:38,5,42,21.6,80,7.9,1012.2,1017.1,1,1.4,4,384.6,0
2020-04-17 02:16:38,5,42,21.6,80,7.9,1012.1,1017,1.7,2.4,4,384.6,0
2020-04-17 02:21:38,5,42,21.6,80,7.8,1011.9,1016.8,1.4,2.4,4,384.6,0
2020-04-17 02:26:38,5,42,21.6,80,7.8,1012,1016.9,1,1.7,4,384.6,0
2020-04-17 02:31:38,5,42,21.6,80,7.7,1011.9,1016.8,1,2,0,384.6,0
2020-04-17 02:36:38,5,42,21.5,80,7.6,1012.1,1017,1,1.7,,384.6,0
2020-04-17 02:41:38,5,42,21.5,80,7.6,1012.1,1017,1,1.7,2,384.6,0
2020-04-17 02:47:38,6,42,21.5,80,7.5,1012,1016.9,1,2,0,384.6,0
2020-04-17 02:52:38,5,42,21.5,81,7.6,1012.1,1017,1,1.7,4,384.6,0
2020-04-17 02:57:38,5,42,21.5,81,7.6,1012,1016.9,1.7,2.4,,384.6,0
2020-04-17 03:02:38,5,42,21.5,81,7.5,1012.1,1017,1.4,1.7,4,384.6,0
2020-04-17 03:07:38,5,42,21.4,85,7.4,1012,1016.9,1,1.7,,384.6,0
2020-04-17 03:12:38,5,42,21.4,81,7.5,1011.9,1016.8,1,1.7,2,384.6,0
2020-04-17 03:17:38,5,42,21.4,81,7.6,1012.1,1017,1.4,2,2,384.6,0
2020-04-17 03:22:38,5,42,21.5,81,7.7,1012.1,1017,1,1.7,2,384.6,0
2020-04-17 03:27:38,5,42,21.5,81,7.7,1012.1,1017,1.4,2,2,384.6,0
2020-04-17 03:32:38,5,42,21.4,81,7.8,1012.1,1017,1.4,1.7,2,384.6,0
2020-04-17 03:37:38,5,42,21.5,81,7.8,1011.9,1016.8,0.7,1.4,2,384.6,0
2020-04-17 03:42:38,5,42,21.2,81,7.9,1012.1,1017,1.4,1.7,0,384.6,0
2020-04-17 03:47:38,5,42,21.2,81,7.9,1012,1016.9,1.4,2,4,384.6,0
2020-04-17 03:52:38,5,42,21.2,80,7.9,1012,1016.9,1.4,2,4,384.6,0
2020-04-17 03:57:38,5,42,21.2,80,7.8,1012,1016.9,1.7,2.4,4,384.6,0
2020-04-17 04:02:37,5,42,21.2,80,7.6,1012.1,1017,1.4,2,2,384.6,0
2020-04-17 04:07:37,5,42,21.2,80,7.6,1012.1,1017,1,1.7,4,384.6,0
2020-04-17 04:12:37,5,42,21.2,80,7.6,1012.1,1017,1,1.4,4,384.6,0
2020-04-17 04:17:37,5,42,21.2,84,7.4,1012.1,1017,1,1.4,4,384.6,0
2020-04-17 04:22:37,5,42,21.2,84,7.2,1012.1,1017,1.4,1.7,,384.6,0
2020-04-17 04:27:37,5,42,21.2,84,7,1012.2,1017.1,0.7,1,2,384.6,0
2020-04-17 04:32:37,5,42,21.2,84,7.1,1012.2,1017.1,1,1.4,4,384.6,0
2020-04-17 04:37:37,5,42,21.2,84,7.2,1012.2,1017.1,1,1.4,,384.6,0
2020-04-17 04:42:37,5,42,21.2,84,7.1,1012.2,1017.1,0.3,1,4,384.6,0
2020-04-17 04:47:37,5,42,21.2,84,7.2,1012.2,1017.1,1,1.7,2,384.6,0
2020-04-17 04:52:37,5,42,21.2,85,7.2,1012.2,1017.1,0.7,1,4,384.6,0
2020-04-17 04:57:37,5,42,21.2,85,7.2,1012.2,1017.1,0.3,0.7,4,384.6,0
2020-04-17 05:02:37,5,42,21.2,85,7.1,1012.2,1017.1,1,1.4,2,384.6,0
2020-04-17 05:07:37,5,42,21.2,84,7.1,1012.2,1017.1,1,1.4,4,384.6,0
2020-04-17 05:12:37,5,42,21.2,84,7.1,1012.3,1017.2,1,1.4,4,384.6,0
2020-04-17 05:17:37,5,42,21.1,85,7.1,1012.2,1017.1,1,1.7,2,384.6,0
2020-04-17 05:22:37,5,42,21.2,85,7.2,1012.2,1017.1,1,1.4,4,384.6,0
2020-04-17 05:27:37,5,42,21.2,85,7.3,1012.3,1017.2,1.4,2,2,384.6,0
2020-04-17 05:32:37,5,42,21.2,85,7.3,1012.4,1017.3,1.7,2.4,4,384.6,0
2020-04-17 05:37:37,5,42,21.1,84,7.3,1012.3,1017.2,1.7,2.4,4,384.6,0
2020-04-17 05:42:37,5,42,21.1,84,7.3,1012.1,1017,1.7,2.4,2,384.6,0
2020-04-17 05:47:37,5,42,21.1,84,7.3,1012.4,1017.3,2,3.4,8,384.6,0
2020-04-17 05:52:37,5,42,21.1,84,7.3,1012.3,1017.2,1.7,2,,384.6,0
2020-04-17 05:57:37,5,42,21.1,84,7.3,1012.2,1017.1,1.7,2,2,384.6,0
2020-04-17 06:02:37,5,42,21.1,84,7.4,1012.5,1017.4,1.7,2,4,384.6,0
2020-04-17 06:07:37,5,42,21.1,80,7.6,1012.5,1017.4,1.4,1.7,2,384.6,0
2020-04-17 06:12:37,5,42,21,80,7.7,1012.5,1017.4,1.7,2.4,0,384.6,0
2020-04-17 06:17:37,5,42,21,80,8,1012.5,1017.4,1,1.7,2,384.6,0
2020-04-17 06:22:37,5,42,21,80,8.1,1012.6,1017.5,1.4,1.7,2,384.6,0
2020-04-17 06:27:37,5,42,21,79,8.2,1012.7,1017.6,1.4,2,2,384.6,0
2020-04-17 06:32:37,5,42,21,79,8.5,1012.6,1017.5,1.4,1.7,2,384.6,0
2020-04-17 06:37:37,5,42,21,79,8.8,1012.7,1017.6,2.4,2.7,2,384.6,0
2020-04-17 06:42:37,5,42,21,78,9.1,1012.9,1017.8,1,1.7,2,384.6,0
2020-04-17 06:47:37,5,42,21,77,9.2,1012.8,1017.7,2.4,3.1,2,384.6,0
2020-04-17 06:52:37,5,42,21,76,9.3,1012.8,1017.7,1.7,2,2,384.6,0
2020-04-17 06:57:37,5,42,21.1,76,9.4,1012.8,1017.7,2.4,3.1,2,384.6,0
2020-04-17 07:02:37,5,42,21.1,75,9.4,1012.8,1017.7,1.4,2,1,384.6,0
2020-04-17 07:07:37,5,42,21.1,75,9.5,1012.8,1017.7,3.1,4.1,2,384.6,0
2020-04-17 07:12:37,5,42,21.1,75,9.6,1012.8,1017.7,1.7,2.4,4,384.6,0
2020-04-17 07:17:37,5,42,21.1,75,9.7,1012.8,1017.7,1.7,2.4,2,384.6,0
2020-04-17 07:22:37,5,42,21.1,75,9.9,1012.8,1017.7,1.4,2.4,2,384.6,0
2020-04-17 07:27:37,5,42,21.1,74,10,1012.7,1017.6,2,2.7,2,384.6,0
2020-04-17 07:32:37,5,42,21.1,74,10.1,1012.7,1017.6,1.7,2.4,2,384.6,0
2020-04-17 07:37:37,5,42,21.1,74,10.2,1012.9,1017.8,2,2.7,2,384.6,0
2020-04-17 07:42:37,5,42,21.1,73,10.2,1012.7,1017.6,3.7,4.4,0,384.6,0
2020-04-17 07:47:37,5,42,21.1,73,10.1,1012.7,1017.6,2.7,3.7,2,384.6,0
2020-04-17 07:52:37,5,42,21.1,73,10.5,1012.6,1017.5,1.4,1.7,4,384.6,0
2020-04-17 07:57:37,5,42,21.1,73,10.7,1012.6,1017.5,2.7,3.7,4,384.6,0
2020-04-17 08:02:37,5,43,21.1,72,10.9,1012.7,1017.6,3.4,4.8,0,384.6,0
2020-04-17 08:07:37,5,43,21.2,72,11,1012.7,1017.6,1.7,2.7,4,384.6,0
2020-04-17 08:12:37,5,43,21.1,72,11.1,1012.8,1017.7,2.7,4.1,2,384.6,0
2020-04-17 08:17:37,5,44,21.2,71,11,1012.7,1017.6,3.4,4.1,2,384.6,0
2020-04-17 08:22:37,5,44,21.5,72,11.1,1012.7,1017.6,3.1,4.4,,384.6,0
2020-04-17 08:27:37,5,44,21.5,72,11.4,1012.6,1017.5,2.4,3.4,1,384.6,0
2020-04-17 08:32:37,5,44,21.6,71,11.6,1012.7,1017.6,3.4,4.8,0,384.6,0
2020-04-17 08:37:37,5,45,21.6,71,11.5,1012.8,1017.7,3.1,4.4,2,384.6,0
2020-04-17 08:42:37,5,45,21.8,71,11.9,1012.8,1017.7,1.7,2.4,12,384.6,0
2020-04-17 08:47:37,5,45,21.8,71,11.9,1012.8,1017.7,3.7,4.8,4,384.6,0
2020-04-17 08:52:37,5,45,21.8,71,11.9,1012.7,1017.6,3.7,5.1,,384.6,0
2020-04-17 08:57:37,5,45,21.8,71,12.3,1012.5,1017.4,2.7,3.7,,384.6,0
2020-04-17 09:02:37,5,45,21.9,70,12,1012.5,1017.4,2.7,3.4,2,384.6,0
2020-04-17 09:07:37,5,45,21.9,71,11.8,1012.3,1017.2,2.7,3.4,2,384.6,0
2020-04-17 09:12:37,5,44,22,71,11.9,1012.2,1017.1,2,3.1,0,384.6,0
2020-04-17 09:17:37,5,44,22.1,70,12.5,1012.4,1017.3,2,2.4,2,384.6,0
2020-04-17 09:22:37,5,45,22.1,68,12.9,1012.3,1017.2,2,3.1,2,384.6,0
2020-04-17 09:27:37,5,45,22.2,67,13.3,1012.3,1017.2,3.1,3.4,,384.6,0
2020-04-17 09:32:37,5,45,22.2,65,13.5,1012.4,1017.3,2.4,3.1,0,384.6,0
2020-04-17 09:37:37,5,45,22.2,65,13.8,1012.2,1017.1,1.4,2,0,384.6,0
2020-04-17 09:42:37,5,45,22.2,65,14.3,1012.3,1017.2,3.1,3.7,4,384.6,0
2020-04-17 09:47:37,5,45,22.2,63,14.2,1012.3,1017.2,3.1,4.4,14,384.6,0
2020-04-17 09:52:37,5,45,22.3,64,14.4,1012.3,1017.2,2.4,2.7,0,384.6,0
2020-04-17 09:57:37,5,45,22.3,64,14.2,1012.2,1017.1,3.1,4.4,4,384.6,0
2020-04-17 10:02:37,5,45,22.3,65,14.5,1012.1,1017,1.7,2,4,384.6,0
2020-04-17 10:07:37,5,45,22.3,64,14.6,1012.1,1017,2.7,3.4,2,384.6,0
2020-04-17 10:12:37,5,45,22.3,64,14.6,1012.2,1017.1,3.1,4.4,2,384.6,0
2020-04-17 10:17:37,5,45,22.4,63,14.9,1012,1016.9,3.1,3.7,4,384.6,0
2020-04-17 10:22:37,5,45,22.3,64,14.8,1012.1,1017,2.7,3.7,2,384.6,0
2020-04-17 10:27:37,5,45,22.4,63,15.1,1012,1016.9,2.7,3.4,2,384.6,0
2020-04-17 10:32:37,5,46,22.4,63,15.4,1012.2,1017.1,2.7,3.7,0,384.6,0
2020-04-17 10:37:37,5,46,22.5,63,15.5,1012.3,1017.2,2.4,2.7,,384.6,0
2020-04-17 10:42:37,5,46,22.4,63,15.5,1012.2,1017.1,2,2.7,2,384.6,0
2020-04-17 10:47:37,5,47,22.6,63,15.7,1012.2,1017.1,1.4,1.7,2,384.6,0
2020-04-17 10:52:37,5,47,22.6,62,16.1,1012.3,1017.2,3.1,3.7,4,384.6,0
2020-04-17 10:57:37,5,47,22.6,61,15.9,1012.1,1017,2,2.7,2,384.6,0
2020-04-17 11:02:37,5,47,22.7,63,15.8,1012.1,1017,2,2.7,2,384.6,0
2020-04-17 11:07:37,5,47,22.7,63,15.6,1012,1016.9,2,2.7,2,384.6,0
2020-04-17 11:12:37,5,47,22.7,63,15.7,1011.9,1016.8,2.4,2.7,4,384.6,0
2020-04-17 11:17:37,5,48,22.8,63,15.8,1011.8,1016.7,2.4,3.1,4,384.6,0
2020-04-17 11:22:37,5,48,22.8,63,16.2,1011.8,1016.7,1,1.7,,384.6,0
2020-04-17 11:27:37,5,48,22.9,62,15.9,1011.7,1016.6,2,3.1,2,384.6,0
2020-04-17 11:32:37,5,48,22.9,63,15.9,1011.8,1016.7,3.1,3.7,,384.6,0
2020-04-17 11:37:37,5,48,22.9,63,16,1011.9,1016.8,2.7,3.4,4,384.6,0
2020-04-17 11:42:37,5,48,22.9,63,16.5,1011.9,1016.8,2.4,3.1,2,384.6,0
2020-04-17 11:47:37,5,47,23,61,16.6,1011.7,1016.6,1.7,2.7,2,384.6,0
2020-04-17 11:52:37,5,47,23,61,16.3,1011.8,1016.7,2.7,3.7,2,384.6,0
2020-04-17 11:57:37,5,47,23,62,16.1,1011.9,1016.8,2.4,3.1,0,384.6,0
2020-04-17 12:02:37,5,46,23,63,16.2,1011.8,1016.7,2,3.4,2,384.6,0
2020-04-17 12:07:37,5,46,23,62,16.3,1011.8,1016.7,2.4,3.1,4,384.6,0
2020-04-17 12:12:37,5,46,23,63,15.9,1011.7,1016.6,2.7,3.4,2,384.6,0
2020-04-17 12:17:37,5,46,23.1,64,15.9,1011.7,1016.6,2,3.4,2,384.6,0
2020-04-17 12:22:37,5,46,23.1,63,15.6,1011.7,1016.6,3.1,4.1,1,384.6,0
2020-04-17 12:27:37,5,46,23.1,64,15.6,1011.6,1016.5,2.4,3.4,2,384.6,0
2020-04-17 12:32:37,5,46,23.1,63,16.6,1011.6,1016.5,3.4,4.1,4,384.6,0
2020-04-17 12:37:37,5,47,23.1,61,16.9,1011.6,1016.5,3.7,4.4,2,384.6,0
2020-04-17 12:42:37,5,47,23.2,61,16.9,1011.6,1016.5,2,3.1,2,384.6,0
2020-04-17 12:47:37,5,47,23.3,61,16.8,1011.6,1016.5,3.1,4.1,2,384.6,0
2020-04-17 12:52:37,5,47,23.3,61,17.1,1011.6,1016.5,2.7,3.4,0,384.6,0
2020-04-17 12:57:37,5,47,23.4,61,16.7,1011.6,1016.5,4.1,5.8,2,384.6,0
2020-04-17 13:02:37,5,47,23.5,61,16.3,1011.7,1016.6,3.7,5.1,1,384.6,0
2020-04-17 13:07:37,5,47,23.5,62,16.6,1011.5,1016.4,3.4,4.8,2,384.6,0
2020-04-17 13:12:37,5,48,23.6,61,16.5,1011.4,1016.3,2.7,3.1,2,384.6,0
2020-04-17 13:17:37,5,48,23.6,63,16.3,1011.3,1016.2,2.4,3.4,2,384.6,0
2020-04-17 13:22:37,5,48,23.7,61,16.8,1011.3,1016.2,4.4,5.8,2,384.6,0
2020-04-17 13:27:37,5,48,23.8,62,16.8,1011.1,1016,2.7,3.7,0,384.6,0
2020-04-17 13:32:37,5,48,23.8,62,16.4,1011.1,1016,2.4,3.4,0,384.6,0
2020-04-17 13:37:37,5,48,23.8,62,16.6,1011,1015.9,3.7,5.1,2,384.6,0
2020-04-17 13:42:37,5,48,23.8,62,16.5,1011,1015.9,3.4,6.1,0,384.6,0
2020-04-17 13:47:37,5,48,23.9,62,16.6,1011,1015.9,3.7,4.4,2,384.6,0
2020-04-17 13:52:37,5,47,24,62,16.7,1011,1015.9,2.7,3.4,2,384.6,0
2020-04-17 13:57:37,5,47,24.1,61,17.1,1010.9,1015.8,2.7,4.1,0,384.6,0
2020-04-17 14:02:37,5,47,24.1,60,17.1,1010.9,1015.8,3.1,4.4,4,384.6,0
2020-04-17 14:07:37,5,47,24.2,55,17.5,1010.8,1015.7,3.1,5.1,2,384.6,0
2020-04-17 14:12:37,5,46,24.2,60,17.4,1010.7,1015.6,3.7,4.8,2,384.6,0
2020-04-17 14:17:37,5,46,24.3,60,17.1,1010.7,1015.6,3.4,4.1,0,384.6,0
2020-04-17 14:22:37,5,46,24.3,60,17,1010.8,1015.7,3.4,4.4,0,384.6,0
2020-04-17 14:27:37,5,46,24.3,61,16.9,1010.6,1015.5,3.4,4.8,2,384.6,0
2020-04-17 14:32:37,5,46,24.4,60,17,1010.5,1015.4,3.1,4.1,2,384.6,0
2020-04-17 14:37:37,5,46,24.4,59,17.6,1010.5,1015.4,3.7,5.4,2,384.6,0
2020-04-17 14:42:37,5,46,24.4,60,17.2,1010.5,1015.4,3.7,5.4,0,384.6,0
2020-04-17 14:47:37,5,45,24.5,61,17.2,1010.3,1015.2,3.7,5.1,2,384.6,0
2020-04-17 14:52:37,5,46,24.5,61,16.9,1010.2,1015.1,3.7,5.1,2,384.6,0
2020-04-17 14:57:37,5,46,24.6,61,17.1,1010.1,1015,3.7,4.4,2,384.6,0
2020-04-17 15:02:37,5,46,24.6,60,17,1010.1,1015,4.8,6.1,2,384.6,0
2020-04-17 15:07:37,5,46,24.7,61,16.9,1009.9,1014.8,4.4,6.1,2,384.6,0
2020-04-17 15:12:37,5,46,24.7,61,17.1,1009.9,1014.8,4.4,6.8,2,384.6,0
2020-04-17 15:17:37,5,46,24.7,61,16.8,1010,1014.9,4.8,5.8,2,384.6,0
2020-04-17 15:22:37,5,46,24.8,61,17,1010,1014.9,4.4,6.1,2,384.6,0
2020-04-17 15:27:37,5,45,24.8,57,17.5,1009.8,1014.7,4.4,6.5,0,384.6,0
2020-04-17 15:32:39,5,45,24.8,60,17.3,1010,1014.9,4.8,6.1,2,384.6,0
2020-04-17 15:37:38,5,45,24.8,59,16.7,1010.1,1015,4.1,5.4,2,384.6,0
2020-04-17 15:42:38,5,44,24.8,61,16.1,1010.1,1015,3.1,4.8,2,384.6,0
2020-04-17 15:47:38,5,44,24.8,62,16.1,1010.2,1015.1,2.4,3.4,2,384.6,0
2020-04-17 15:52:38,5,44,24.6,61,16.1,1010.2,1015.1,2.7,3.4,2,384.6,0
2020-04-17 15:57:38,5,44,24.6,61,16,1010.2,1015.1,3.4,4.8,2,384.6,0
2020-04-17 16:02:38,5,44,24.6,61,15.9,1010,1014.9,3.1,4.1,2,384.6,0
2020-04-17 16:07:38,5,44,24.5,61,15.9,1010.2,1015.1,4.4,5.4,2,384.6,0
2020-04-17 16:12:38,5,44,24.4,61,15.7,1010.1,1015,3.4,4.4,2,384.6,0
2020-04-17 16:17:38,5,44,24.3,61,15.7,1010.3,1015.2,2.4,3.4,0,384.6,0
2020-04-17 16:22:38,5,44,24.3,57,15.9,1010.2,1015.1,4.1,5.4,2,384.6,0
2020-04-17 16:27:38,5,44,24.2,55,15.9,1010.2,1015.1,3.4,4.8,1,384.6,0
2020-04-17 16:32:38,5,44,24.1,55,15.9,1010.3,1015.2,4.4,5.1,4,384.6,0
2020-04-17 16:37:38,5,45,24,56,15.9,1010.3,1015.2,4.1,5.1,0,384.6,0
2020-04-17 16:42:38,5,45,24.1,56,15.9,1010.4,1015.3,3.4,5.4,14,384.6,0
2020-04-17 16:47:38,5,45,24,55,16,1010.2,1015.1,2,3.1,14,384.6,0
2020-04-17 16:52:38,5,46,23.9,56,16,1010.3,1015.2,3.4,4.8,4,384.6,0
2020-04-17 16:57:38,5,46,23.9,57,15.8,1010.4,1015.3,4.1,4.8,,384.6,0
2020-04-17 17:02:38,5,46,23.9,58,15.3,1010.6,1015.5,4.4,6.5,,384.6,0
2020-04-17 17:07:38,5,46,23.8,60,15.1,1010.7,1015.6,4.4,6.1,,384.6,0
2020-04-17 17:12:38,5,46,23.8,60,14.9,1010.6,1015.5,4.8,5.8,8,384.6,0
2020-04-17 17:17:38,5,46,23.8,61,14.8,1010.6,1015.5,5.4,6.8,4,384.6,0
2020-04-17 17:22:38,5,45,23.7,61,14.7,1010.5,1015.4,3.7,5.1,4,384.6,0
2020-04-17 17:27:38,5,45,23.7,62,14.5,1010.7,1015.6,4.8,5.8,4,384.6,0
2020-04-17 17:32:38,5,45,23.6,61,14.4,1010.8,1015.7,3.1,3.7,4,384.6,0
2020-04-17 17:37:38,5,45,23.6,61,14.3,1010.8,1015.7,5.4,6.5,4,384.6,0
2020-04-17 17:42:38,5,44,23.4,62,14,1011,1015.9,4.4,5.1,,384.6,0
2020-04-17 17:47:38,5,44,23.4,62,13.8,1011,1015.9,3.7,4.4,4,384.6,0
2020-04-17 17:52:38,5,44,23.3,63,13.6,1010.9,1015.8,4.4,5.1,4,384.6,0
2020-04-17 17:57:38,5,44,23.3,63,13.5,1011,1015.9,4.1,5.1,4,384.6,0
2020-04-17 18:02:38,5,44,23.3,63,13.3,1011,1015.9,4.8,5.8,4,384.6,0
2020-04-17 18:07:38,5,44,23.2,63,13.2,1011,1015.9,3.7,4.8,4,384.6,0
2020-04-17 18:12:38,5,43,23.1,63,13.1,1010.9,1015.8,3.7,4.4,4,384.6,0
2020-04-17 18:17:38,5,43,23.1,62,13,1010.9,1015.8,5.1,6.1,,384.6,0
2020-04-17 18:22:38,5,43,23,63,12.9,1010.9,1015.8,4.1,4.8,4,384.6,0
2020-04-17 18:27:38,5,43,23,64,12.7,1010.9,1015.8,4.1,5.8,4,384.6,0
2020-04-17 18:32:38,5,43,23,65,12.5,1011,1015.9,3.1,3.7,,384.6,0
2020-04-17 18:37:38,5,41,22.9,70,12.4,1010.8,1015.7,4.1,5.1,4,384.6,0
2020-04-17 18:42:38,5,41,22.9,70,12.3,1010.9,1015.8,4.1,5.4,,384.6,0
2020-04-17 18:47:38,5,41,22.8,70,12.2,1011,1015.9,4.1,5.1,4,384.6,0
2020-04-17 18:52:38,5,42,22.8,70,12.2,1011.1,1016,3.4,4.4,4,384.6,0
2020-04-17 18:57:38,5,42,22.8,71,12.1,1011.2,1016.1,3.4,3.7,,384.6,0
2020-04-17 19:02:38,5,42,22.7,71,12,1011.4,1016.3,2.7,3.4,4,384.6,0
2020-04-17 19:07:38,5,42,22.7,72,11.9,1011.2,1016.1,2.4,2.7,4,384.6,0
2020-04-17 19:12:38,5,42,22.6,72,11.9,1011.2,1016.1,2,2.7,4,384.6,0
2020-04-17 19:17:38,5,43,22.6,72,11.8,1011.4,1016.3,1.7,2.4,0,384.6,0
2020-04-17 19:22:38,5,43,22.6,72,11.8,1011.3,1016.2,1.4,2,0,384.6,0
2020-04-17 19:27:38,5,44,22.6,72,11.7,1011.4,1016.3,1,1.4,4,384.6,0
2020-04-17 19:32:38,5,44,22.6,73,11.7,1011.4,1016.3,2,2.4,4,384.6,0
2020-04-17 19:37:38,5,44,22.5,73,11.6,1011.4,1016.3,1,1.4,2,384.6,0
2020-04-17 19:42:38,5,44,22.6,73,11.5,1011.6,1016.5,1.4,1.7,4,384.6,0
2020-04-17 19:47:38,5,45,22.6,73,11.4,1011.5,1016.4,1.4,2,4,384.6,0
2020-04-17 19:52:38,5,45,22.5,74,11.4,1011.5,1016.4,1,1.4,4,384.6,0
2020-04-17 19:57:38,5,45,22.5,74,11.3,1011.6,1016.5,0.7,1,4,384.6,0
2020-04-17 20:02:38,5,45,22.5,75,11.3,1011.8,1016.7,0.7,1,2,384.6,0
2020-04-17 20:07:38,5,46,22.5,75,11.2,1011.7,1016.6,1,1.4,2,384.6,0
2020-04-17 20:12:38,5,46,22.5,76,11.2,1011.7,1016.6,1,1.4,2,384.6,0
2020-04-17 20:17:38,5,46,22.5,77,11.2,1011.7,1016.6,1,1.4,4,384.6,0
2020-04-17 20:22:38,5,46,22.4,77,11.2,1011.7,1016.6,1,1.7,2,384.6,0
2020-04-17 20:27:38,5,46,22.5,77,11.2,1011.7,1016.6,1.4,2.4,4,384.6,0
2020-04-17 20:32:38,5,46,22.4,77,11.2,1011.8,1016.7,1,1.7,2,384.6,0
2020-04-17 20:37:38,5,47,22.4,76,11.2,1011.8,1016.7,1.4,2,2,384.6,0
2020-04-17 20:42:38,5,47,22.4,76,11.2,1011.9,1016.8,1.7,2,2,384.6,0
2020-04-17 20:47:38,5,47,22.4,76,11.1,1011.8,1016.7,1.4,2,4,384.6,0
2020-04-17 20:52:38,5,47,22.4,76,11.1,1011.9,1016.8,1.4,2,0,384.6,0
2020-04-17 20:57:38,5,47,22.4,76,11,1012,1016.9,1,1.4,2,384.6,0
2020-04-17 21:02:38,5,47,22.3,77,10.9,1011.9,1016.8,1.7,2.4,4,384.6,0
2020-04-17 21:07:38,5,47,22.4,77,10.8,1012,1016.9,2,2.7,4,384.6,0
2020-04-17 21:12:38,5,47,22.3,76,10.8,1011.8,1016.7,2.7,3.7,4,384.6,0
2020-04-17 21:17:38,5,47,22.4,76,10.7,1011.8,1016.7,2.4,3.1,0,384.6,0
2020-04-17 21:22:38,5,47,22.3,76,10.7,1011.8,1016.7,2,2.4,4,384.6,0
2020-04-17 21:27:37,5,47,22.3,76,10.7,1011.7,1016.6,1.7,2.7,2,384.6,0
2020-04-17 21:32:37,5,47,22.3,76,10.6,1011.9,1016.8,2.4,3.7,4,384.6,0
2020-04-17 21:37:37,5,47,22.3,76,10.6,1011.8,1016.7,1.7,2.7,2,384.6,0
2020-04-17 21:42:37,5,48,22.3,76,10.5,1011.9,1016.8,2,2.7,2,384.6,0
2020-04-17 21:47:37,5,47,22.3,77,10.4,1011.8,1016.7,1.7,3.1,0,384.6,0
2020-04-17 21:52:37,5,47,22.3,77,10.3,1011.9,1016.8,1.7,2.4,2,384.6,0
2020-04-17 21:57:37,5,47,22.4,78,10.2,1011.9,1016.8,2.4,3.4,2,384.6,0
2020-04-17 22:02:37,5,47,22.2,78,10.2,1011.7,1016.6,1.7,2.4,2,384.6,0
2020-04-17 22:07:37,5,47,22.2,78,10.1,1011.8,1016.7,1.7,2.4,0,384.6,0
2020-04-17 22:12:37,5,47,22.2,78,10.1,1011.7,1016.6,2,3.1,2,384.6,0
2020-04-17 22:17:37,5,47,22.2,77,10,1011.9,1016.8,2,2.7,2,384.6,0
2020-04-17 22:22:37,5,47,22.2,77,10,1011.9,1016.8,1.7,2.4,2,384.6,0
2020-04-17 22:27:37,5,47,22.2,77,9.9,1011.9,1016.8,2.7,3.4,0,384.6,0
2020-04-17 22:32:37,5,48,22.2,77,9.9,1011.9,1016.8,1.7,2.4,2,384.6,0
2020-04-17 22:37:37,5,48,22.2,77,9.9,1011.9,1016.8,1.7,2,4,384.6,0
2020-04-17 22:42:37,5,48,22.2,77,9.9,1011.9,1016.8,2,2.4,2,384.6,0
2020-04-17 22:47:37,5,48,22.2,77,9.9,1012,1016.9,1.7,2,4,384.6,0
2020-04-17 22:52:37,5,48,22.2,77,9.9,1012.1,1017,1.4,2,2,384.6,0
2020-04-17 22:57:37,5,47,22.2,77,9.9,1012.1,1017,1.7,2,2,384.6,0
2020-04-17 23:02:37,5,47,22.1,77,9.9,1012.2,1017.1,1.7,2.4,2,384.6,0
2020-04-17 23:07:37,5,47,22.1,77,9.9,1012.1,1017,2,2.4,2,384.6,0
2020-04-17 23:12:37,5,47,22.1,77,9.9,1012,1016.9,1.7,2,2,384.6,0
2020-04-17 23:17:37,5,47,22.1,77,9.9,1012,1016.9,2,4.1,2,384.6,0
2020-04-17 23:22:37,5,47,22.1,77,9.8,1012.1,1017,2.4,3.1,2,384.9,0
2020-04-17 23:27:37,5,47,22,77,9.8,1012.1,1017,1.7,2.4,2,384.9,0
2020-04-17 23:32:37,5,47,22,77,9.8,1012.1,1017,2.4,3.1,2,384.9,0
2020-04-17 23:37:37,5,47,22,77,9.8,1012.1,1017,2,2.7,0,384.9,0
2020-04-17 23:42:37,5,47,22,78,9.7,1012.1,1017,2.4,2.7,2,384.9,0
2020-04-17 23:47:37,5,47,22,78,9.7,1012.1,1017,2.4,3.1,2,384.9,0
2020-04-17 23:52:37,5,47,22,78,9.6,1012.1,1017,2.4,2.7,0,384.9,0
2020-04-17 23:57:37,5,47,22,78,9.6,1012.1,1017,2,3.1,2,384.9,0
