2020-04-09 00:04:39,5,48,21.9,79,7.8,1021.8,1026.7,0,0.3,8,378.6,0
2020-04-09 00:09:39,5,48,21.8,78,7.6,1021.7,1026.6,0,0,8,378.6,0
2020-04-09 00:14:39,5,48,21.9,83,7.4,1021.6,1026.5,0,0,4,378.6,0
2020-04-09 00:19:39,5,48,21.9,79,7.5,1021.7,1026.6,0,0,4,378.6,0
2020-04-09 00:24:39,5,48,21.8,79,7.6,1021.6,1026.5,0.3,0.7,4,378.6,0
2020-04-09 00:29:39,5,48,21.8,79,7.6,1021.5,1026.4,0,0,4,378.6,0
2020-04-09 00:34:39,5,48,21.8,80,7.9,1021.5,1026.4,0.3,0.7,4,378.6,0
2020-04-09 00:39:39,5,48,21.8,80,8.4,1021.5,1026.4,0.3,0.7,4,378.6,0
2020-04-09 00:44:39,5,48,21.7,80,8.7,1021.3,1026.2,0.3,0.7,4,378.6,0
2020-04-09 00:49:39,5,48,21.7,81,8.8,1021.4,1026.3,0,0.3,4,378.6,0
2020-04-09 00:54:39,5,48,21.8,81,8.8,1021.4,1026.3,0.3,0.7,,378.6,0
2020-04-09 00:59:39,5,48,21.7,80,8.5,1021.3,1026.2,0.3,0.7,4,378.6,0
2020-04-09 01:04:39,5,48,21.7,80,8.3,1021.2,1026.1,0.7,1,4,378.6,0
2020-04-09 01:09:39,5,48,21.6,80,8.5,1021.1,1026,0.3,0.7,4,378.6,0
2020-04-09 01:14:39,5,48,21.6,80,8.7,1021.1,1026,0.3,0.7,4,378.6,0
2020-04-09 01:19:39,5,48,21.6,81,8.7,1021.2,1026.1,0.3,1,4,378.6,0
2020-04-09 01:24:39,5,48,21.6,81,8.7,1021.3,1026.2,0.3,0.3,,378.6,0
2020-04-09 01:29:39,5,48,21.6,80,8.7,1021,1025.9,0.3,0.7,4,378.6,0
2020-04-09 01:34:39,5,48,21.5,80,8.4,1021,1025.9,0.3,0.7,4,378.6,0
2020-04-09 01:39:39,5,48,21.5,80,7.9,1021,1025.9,0,0,4,378.6,0
2020-04-09 01:44:39,5,48,21.5,80,7.8,1021.2,1026.1,0,0.3,4,378.6,0
2020-04-09 01:49:39,5,48,21.5,80,7.7,1021,1025.9,0.3,0.7,,378.6,0
2020-04-09 01:54:39,5,48,21.5,80,7.8,1020.8,1025.7,0.3,1,4,378.6,0
2020-04-09 01:59:39,5,48,21.5,80,8,1020.9,1025.8,0.7,1,4,378.6,0
2020-04-09 02:04:39,5,48,21.5,81,8.2,1021,1025.9,1,1.4,,378.6,0
2020-04-09 02:09:39,5,47,21.4,81,8.4,1021.1,1026,1,1.4,4,378.6,0
2020-04-09 02:14:39,5,47,21.5,81,8.4,1020.9,1025.8,1,1.4,4,378.6,0
2020-04-09 02:19:39,5,48,21.4,81,8.3,1020.8,1025.7,1,1.4,4,378.6,0
2020-04-09 02:24:39,5,48,21.5,81,8,1020.8,1025.7,0.7,1.4,4,378.6,0
2020-04-09 02:29:39,5,48,21.5,80,7.9,1021,1025.9,1,1.4,,378.6,0
2020-04-09 02:34:39,5,48,21.4,80,7.9,1020.9,1025.8,1,1.4,,378.6,0
2020-04-09 02:39:39,5,48,21.4,80,7.8,1021,1025.9,1,1.4,4,378.6,0
2020-04-09 02:44:39,5,48,21.4,81,8,1020.9,1025.8,1,1.4,,378.6,0
2020-04-09 02:49:39,5,48,21.4,81,8.1,1021,1025.9,0.7,1.4,,378.6,0
2020-04-09 02:54:39,5,48,21.4,81,8.1,1021,1025.9,1.4,1.7,4,378.6,0
2020-04-09 02:59:39,5,48,21.5,81,8,1021,1025.9,0.7,1,4,378.6,0
2020-04-09 03:04:39,5,48,21.4,81,8.1,1020.9,1025.8,0.7,1,4,378.6,0
2020-04-09 03:09:39,5,47,21.2,81,8,1021,1025.9,0.3,0.7,4,378.6,0
2020-04-09 03:14:39,5,47,21.2,81,7.9,1020.8,1025.7,1,1,4,378.6,0
2020-04-09 03:19:39,5,47,21.2,81,7.9,1020.9,1025.8,0.3,0.7,4,378.6,0
2020-04-09 03:24:39,5,47,21.2,81,7.8,1020.7,1025.6,0.3,1,2,378.6,0
2020-04-09 03:29:39,5,47,21.2,80,7.8,1020.5,1025.4,0.7,1,2,378.6,0
2020-04-09 03:34:39,5,47,21.2,81,7.8,1020.6,1025.5,0.3,0.7,4,378.6,0
2020-04-09 03:39:39,5,47,21.2,81,7.7,1020.5,1025.4,0.7,1,4,378.6,0
2020-04-09 03:44:39,5,47,21.2,85,7.4,1020.6,1025.5,0.7,1,4,378.6,0
2020-04-09 03:49:39,5,47,21.2,85,7.1,1020.5,1025.4,0,0.7,4,378.6,0
2020-04-09 03:54:39,5,47,21.2,85,7,1020.6,1025.5,0,0,4,378.6,0
2020-04-09 03:59:39,5,47,21.2,85,7,1020.5,1025.4,0.3,0.3,0,378.6,0
2020-04-09 04:04:39,5,47,21.2,85,6.9,1020.6,1025.5,0,0,2,378.6,0
2020-04-09 04:09:39,5,47,21.2,85,6.9,1020.4,1025.3,0.3,0.7,2,378.6,0
2020-04-09 04:14:39,5,47,21.2,85,6.7,1020.6,1025.5,0.3,0.7,4,378.6,0
2020-04-09 04:19:39,5,47,21.2,85,6.8,1020.6,1025.5,0.3,0.7,2,378.6,0
2020-04-09 04:24:39,5,47,21.2,85,6.8,1020.4,1025.3,0.3,0.7,,378.6,0
2020-04-09 04:29:39,5,47,21.2,85,6.7,1020.5,1025.4,1,2,2,378.6,0
2020-04-09 04:34:39,5,47,21.2,86,7,1020.7,1025.6,1,2,0,378.6,0
2020-04-09 04:39:39,5,47,21.2,86,7.2,1020.5,1025.4,1,1.7,,378.6,0
2020-04-09 04:44:39,5,47,21.2,86,7.2,1020.6,1025.5,0.7,1,0,378.6,0
2020-04-09 04:49:39,5,47,21.1,86,7.2,1020.6,1025.5,0.7,1.4,2,378.6,0
2020-04-09 04:54:39,5,47,21.1,86,7.1,1020.7,1025.6,1,1.7,4,378.6,0
2020-04-09 04:59:39,5,47,21.1,86,7.2,1020.6,1025.5,0.7,1.4,4,378.6,0
2020-04-09 05:04:39,5,47,21.1,87,7.2,1020.5,1025.4,1,1.4,4,378.6,0
2020-04-09 05:09:39,5,47,21.1,86,7,1020.5,1025.4,0.3,1,0,378.6,0
2020-04-09 05:14:39,5,47,21.1,86,6.8,1020.7,1025.6,0.7,1,2,378.6,0
2020-04-09 05:19:39,5,47,21.1,86,6.7,1020.6,1025.5,0.3,0.7,4,378.6,0
2020-04-09 05:24:39,5,47,21.1,86,6.6,1020.6,1025.5,0.3,0.7,4,378.6,0
2020-04-09 05:29:39,5,47,21.1,86,6.4,1020.8,1025.7,0.7,1,2,378.6,0
2020-04-09 05:34:39,5,47,21,86,6.4,1020.8,1025.7,0.3,0.7,4,378.6,0
2020-04-09 05:39:39,5,47,21,86,6.4,1020.7,1025.6,0.3,1,0,378.6,0
2020-04-09 05:44:39,5,47,21,86,6.5,1020.8,1025.7,0.7,1,4,378.6,0
2020-04-09 05:49:39,5,47,21,86,6.6,1020.6,1025.5,1,1.4,2,378.6,0
2020-04-09 05:54:39,5,47,21,86,6.7,1020.7,1025.6,0.7,1,4,378.6,0
2020-04-09 05:59:39,5,47,21,87,6.8,1020.8,1025.7,1,1.4,4,378.6,0
2020-04-09 06:04:39,5,47,21,87,6.9,1020.8,1025.7,0.7,1,,378.6,0
2020-04-09 06:09:39,5,47,21,87,6.9,1020.8,1025.7,0.7,1,,378.6,0
2020-04-09 06:14:39,5,47,21,87,6.8,1020.8,1025.7,0.3,0.7,4,378.6,0
2020-04-09 06:19:39,5,47,21,87,6.8,1021,1025.9,0,0.3,,378.6,0
2020-04-09 06:24:39,5,47,21,87,7,1020.8,1025.7,0,0,,378.6,0
2020-04-09 06:29:39,5,47,21,82,7.5,1020.9,1025.8,0,0,,378.6,0
2020-04-09 06:34:39,5,47,21,82,8.1,1020.9,1025.8,0,0,,378.6,0
2020-04-09 06:39:39,5,47,21,83,8.4,1021.1,1026,0,0,0,378.6,0
2020-04-09 06:44:39,5,47,21,83,8.4,1021,1025.9,0.3,0.7,0,378.6,0
2020-04-09 06:49:39,5,47,21,83,8.2,1020.9,1025.8,0.3,0.7,2,378.6,0
2020-04-09 06:54:39,5,47,21,83,8.5,1020.9,1025.8,1,1.7,4,378.6,0
2020-04-09 06:59:39,5,47,21,83,8.6,1020.9,1025.8,1.4,1.7,4,378.6,0
2020-04-09 07:04:39,5,47,21,82,8.7,1021,1025.9,1.4,1.7,2,378.6,0
2020-04-09 07:09:39,5,47,21,82,8.7,1021.1,1026,1.4,2,2,378.6,0
2020-04-09 07:14:39,5,47,21,82,8.8,1021.1,1026,0.7,1,0,378.6,0
2020-04-09 07:19:39,5,47,21,82,9,1021.2,1026.1,1.4,1.7,2,378.6,0
2020-04-09 07:24:39,5,47,21,82,9.4,1021.2,1026.1,0.7,1.4,2,378.6,0
2020-04-09 07:29:39,5,48,21,82,9.7,1021.1,1026,0.7,1.4,2,378.6,0
2020-04-09 07:34:39,5,48,21,82,10.3,1021.3,1026.2,1,1.4,4,378.6,0
2020-04-09 07:39:39,5,49,21,81,10.8,1021.1,1026,1.4,2.4,,378.6,0
2020-04-09 07:44:39,5,49,21.1,80,11.1,1021.2,1026.1,1.7,2.4,2,378.6,0
2020-04-09 07:49:39,5,49,21.2,77,11.1,1021.3,1026.2,2,2.7,4,378.6,0
2020-04-09 07:54:39,5,50,21.2,76,11.3,1021.1,1026,1.7,2.4,4,378.6,0
2020-04-09 07:59:39,5,50,21.2,75,11.8,1021.1,1026,2.7,3.4,4,378.6,0
2020-04-09 08:04:39,5,50,21.4,74,11.9,1021,1025.9,2,2.7,,378.6,0
2020-04-09 08:09:39,5,50,21.4,73,12.1,1021.1,1026,1.7,2.4,4,378.6,0
2020-04-09 08:14:39,5,50,21.5,73,12.3,1021.1,1026,0.7,1,2,378.6,0
2020-04-09 08:19:39,5,49,21.6,70,12.6,1021.1,1026,1,1.4,2,378.6,0
2020-04-09 08:24:39,5,49,21.6,70,13.1,1021.2,1026.1,1.4,2.4,2,378.6,0
2020-04-09 08:29:39,5,49,21.6,68,13.8,1021.3,1026.2,1.7,2,4,378.6,0
2020-04-09 08:34:39,5,50,21.6,66,14,1021.1,1026,2,2.7,,378.6,0
2020-04-09 08:39:39,5,50,21.8,64,13.7,1021.2,1026.1,2,2.7,,378.6,0
2020-04-09 08:44:39,5,50,21.8,64,13.7,1021.2,1026.1,2,2.7,4,378.6,0
2020-04-09 08:49:39,5,50,21.9,64,13.9,1021.2,1026.1,2,2.7,4,378.6,0
2020-04-09 08:54:39,5,50,21.9,64,13.7,1021.2,1026.1,1.7,2.4,12,378.6,0
2020-04-09 08:59:39,5,49,22,64,13.5,1021.1,1026,1.7,2.4,,378.6,0
2020-04-09 09:04:39,5,49,22,65,13.4,1021.3,1026.2,1.7,2.4,2,378.6,0
2020-04-09 09:09:39,5,49,22.1,65,13.8,1021.1,1026,1.7,2.7,4,378.6,0
2020-04-09 09:14:39,5,49,22.1,64,13.9,1021,1025.9,2.4,3.1,4,378.6,0
2020-04-09 09:19:39,5,49,22.2,64,13.9,1021.1,1026,1.7,2,4,378.6,0
2020-04-09 09:24:39,5,49,22.2,65,14.1,1021,1025.9,1.7,2.4,2,378.6,0
2020-04-09 09:29:39,5,49,22.3,64,14.3,1021.2,1026.1,1.4,1.7,4,378.6,0
2020-04-09 09:34:39,5,49,22.3,63,14.4,1021.1,1026,2.7,3.4,4,378.6,0
2020-04-09 09:39:39,5,49,22.3,64,14,1021.2,1026.1,2.4,3.1,4,378.6,0
2020-04-09 09:44:39,5,49,22.3,65,13.8,1021.2,1026.1,2.4,3.1,4,378.6,0
2020-04-09 09:49:39,5,49,22.4,66,13.7,1021.1,1026,1.7,2.4,2,378.6,0
2020-04-09 09:54:39,5,49,22.4,67,13.8,1021.3,1026.2,2.4,2.7,2,378.6,0
2020-04-09 09:59:39,5,49,22.5,68,13.9,1021.2,1026.1,1.7,2.4,0,378.6,0
2020-04-09 10:04:39,5,49,22.5,67,14.2,1021.1,1026,2,3.1,,378.6,0
2020-04-09 10:09:39,5,49,22.5,66,14.4,1021.2,1026.1,2,2.4,4,378.6,0
2020-04-09 10:14:39,5,49,22.6,66,14.6,1021.3,1026.2,1.7,2,,378.6,0
2020-04-09 10:19:39,5,49,22.6,65,14.5,1021.1,1026,2.4,3.4,2,378.6,0
2020-04-09 10:24:39,5,49,22.7,64,14.8,1021.1,1026,3.1,3.7,4,378.6,0
2020-04-09 10:29:39,5,49,22.7,65,15.1,1020.9,1025.8,2.7,4.8,2,378.6,0
2020-04-09 10:34:39,5,49,22.8,64,15.1,1021,1025.9,3.7,4.4,,378.6,0
2020-04-09 10:39:39,5,49,22.8,63,14.8,1020.9,1025.8,3.1,4.1,14,378.6,0
2020-04-09 10:44:39,5,49,22.8,64,14.8,1020.9,1025.8,3.1,4.1,4,378.6,0
2020-04-09 10:49:39,5,49,22.9,64,14.9,1020.8,1025.7,3.4,4.1,4,378.6,0
2020-04-09 10:54:39,5,49,22.9,64,15.2,1020.7,1025.6,3.4,4.4,,378.6,0
2020-04-09 10:59:39,5,49,22.9,63,15.4,1020.7,1025.6,2.7,4.1,4,378.6,0
2020-04-09 11:04:39,5,49,22.9,63,15.6,1020.8,1025.7,3.1,3.7,4,378.6,0
2020-04-09 11:09:39,5,49,23,62,16,1020.7,1025.6,3.4,4.4,,378.6,0
2020-04-09 11:14:39,5,49,23,61,15.8,1020.7,1025.6,3.7,5.1,4,378.6,0
2020-04-09 11:19:39,5,49,23.1,62,15.6,1020.6,1025.5,3.4,4.1,4,378.6,0
2020-04-09 11:24:39,5,49,23.1,62,15.9,1020.6,1025.5,3.4,4.4,4,378.6,0
2020-04-09 11:29:39,5,49,23.1,61,16.4,1020.6,1025.5,3.4,4.4,4,378.6,0
2020-04-09 11:34:39,5,49,23.1,61,16.7,1020.5,1025.4,3.1,4.1,8,378.6,0
2020-04-09 11:39:39,5,49,23.1,60,16.9,1020.5,1025.4,3.4,4.4,2,378.6,0
2020-04-09 11:44:39,5,49,23.2,60,16.9,1020.5,1025.4,4.1,4.4,4,378.6,0
2020-04-09 11:49:39,5,49,23.2,59,17,1020.5,1025.4,4.4,4.8,,378.6,0
2020-04-09 11:54:39,5,49,23.2,60,17.3,1020.1,1025,3.1,3.7,,378.6,0
2020-04-09 11:59:39,5,48,23.3,53,17.6,1020.2,1025.1,2.4,3.7,4,378.6,0
2020-04-09 12:04:39,5,46,23.2,57,17.4,1020.2,1025.1,4.1,4.4,,378.6,0
2020-04-09 12:09:39,5,45,23.2,56,17.4,1020,1024.9,2.7,3.7,4,378.6,0
2020-04-09 12:14:39,5,45,23.1,56,17.2,1020,1024.9,2.7,3.4,4,378.6,0
2020-04-09 12:19:39,5,45,23.1,53,17.6,1020.1,1025,2.7,3.7,2,378.6,0
2020-04-09 12:24:39,5,46,23.1,53,17.9,1020,1024.9,2,2.7,2,378.6,0
2020-04-09 12:29:39,5,46,23.1,51,17.9,1019.9,1024.8,3.4,4.4,,378.6,0
2020-04-09 12:34:39,5,45,23.1,51,17.9,1020,1024.9,1.7,2.4,,378.6,0
2020-04-09 12:39:39,5,45,23.1,52,18.2,1019.9,1024.8,3.1,3.7,10,378.6,0
2020-04-09 12:44:39,5,45,23.1,52,18.4,1019.9,1024.8,3.4,4.1,4,378.6,0
2020-04-09 12:49:39,5,46,23.1,52,18.3,1019.7,1024.6,2,2.7,4,378.6,0
2020-04-09 12:54:39,5,46,23.1,52,18.4,1019.6,1024.5,3.1,4.1,4,378.6,0
2020-04-09 12:59:39,5,46,23.1,52,18.1,1019.6,1024.5,2.4,2.7,4,378.6,0
2020-04-09 13:04:39,5,46,23.2,52,18.5,1019.6,1024.5,3.7,4.8,,378.6,0
2020-04-09 13:09:39,5,46,23.2,51,18.7,1019.6,1024.5,2,3.1,4,378.6,0
2020-04-09 13:14:39,5,47,23.3,51,18.6,1019.6,1024.5,4.1,5.1,,378.6,0
2020-04-09 13:19:39,5,47,23.3,52,18.6,1019.5,1024.4,3.7,4.8,4,378.6,0
2020-04-09 13:24:39,5,47,23.4,51,18.6,1019.5,1024.4,3.7,5.1,4,378.6,0
2020-04-09 13:29:39,5,47,23.4,51,18.5,1019.6,1024.5,3.4,4.1,4,378.6,0
2020-04-09 13:34:39,5,47,23.5,51,18.7,1019.6,1024.5,2,2.4,4,378.6,0
2020-04-09 13:39:39,5,47,23.6,51,19,1019.5,1024.4,3.1,4.1,4,378.6,0
2020-04-09 13:44:39,5,47,23.6,51,18.6,1019.3,1024.2,2.7,3.4,4,378.6,0
2020-04-09 13:49:39,5,47,23.6,51,18.6,1019.2,1024.1,4.1,4.8,4,378.6,0
2020-04-09 13:54:39,5,47,23.7,52,18.9,1019.3,1024.2,3.1,4.1,,378.6,0
2020-04-09 13:59:39,5,47,23.7,51,19,1019.1,1024,2.4,5.1,4,378.6,0
2020-04-09 14:04:39,5,47,23.8,51,19.2,1019.1,1024,3.4,4.8,4,378.6,0
2020-04-09 14:09:39,5,47,23.8,51,18.7,1019.1,1024,2.7,3.4,,378.6,0
2020-04-09 14:14:39,5,47,23.9,52,18.6,1019.1,1024,4.1,4.8,,378.6,0
2020-04-09 14:19:39,5,47,23.9,52,18.8,1019.1,1024,2.7,3.4,,378.6,0
2020-04-09 14:24:39,5,46,24,53,18.5,1019.1,1024,2,2.7,,378.6,0
2020-04-09 14:29:39,5,46,24,53,18.3,1019,1023.9,3.1,3.7,,378.6,0
2020-04-09 14:34:39,5,47,23.9,54,18.2,1019.1,1024,3.1,4.1,4,378.6,0
2020-04-09 14:39:39,5,47,23.9,54,18.3,1018.9,1023.8,3.4,4.1,,378.6,0
2020-04-09 14:44:39,5,47,23.9,54,18.3,1018.8,1023.7,2.4,3.4,4,378.6,0
2020-04-09 14:49:39,5,47,23.9,54,18.4,1018.9,1023.8,2.4,3.1,2,378.6,0
2020-04-09 14:54:41,5,47,23.9,54,18.3,1018.9,1023.8,2.7,3.4,0,378.6,0
2020-04-09 14:59:40,5,47,23.9,53,18.4,1018.7,1023.6,2.7,3.7,4,378.6,0
2020-04-09 15:04:40,5,47,23.9,53,18.5,1018.6,1023.5,3.1,4.4,2,378.6,0
2020-04-09 15:09:40,5,47,23.9,53,18.7,1018.5,1023.4,3.1,4.1,,378.6,0
2020-04-09 15:14:40,5,47,23.9,52,18.8,1018.4,1023.3,3.7,4.8,4,378.6,0
2020-04-09 15:19:40,5,47,23.9,52,18.8,1018.4,1023.3,3.1,4.1,4,378.6,0
2020-04-09 15:24:40,5,47,23.9,52,18.8,1018.4,1023.3,3.1,3.7,12,378.6,0
2020-04-09 15:29:40,5,47,23.9,51,18.8,1018.4,1023.3,2.4,3.1,4,378.6,0
2020-04-09 15:34:40,5,47,23.9,51,18.7,1018.3,1023.2,2.7,3.7,,378.6,0
2020-04-09 15:39:40,5,47,23.9,51,18.5,1018.3,1023.2,3.7,4.4,4,378.6,0
2020-04-09 15:44:40,5,48,23.9,51,18.5,1018.3,1023.2,2.7,3.7,4,378.6,0
2020-04-09 15:49:40,5,47,23.9,52,18.4,1018.3,1023.2,3.1,4.1,4,378.6,0
2020-04-09 15:54:40,5,47,23.9,52,18.4,1018.3,1023.2,2.4,3.4,,378.6,0
2020-04-09 15:59:40,5,47,23.9,52,18.4,1018.4,1023.3,2.7,3.1,8,378.6,0
2020-04-09 16:04:40,5,47,23.8,53,18.5,1018.3,1023.2,3.4,4.1,4,378.6,0
2020-04-09 16:09:40,5,47,23.7,53,18.4,1018.3,1023.2,2.7,4.1,,378.6,0
2020-04-09 16:14:40,5,47,23.7,53,18.4,1018.4,1023.3,1.4,2,,378.6,0
2020-04-09 16:19:40,5,47,23.7,53,18.5,1018.3,1023.2,1.7,2.4,12,378.6,0
2020-04-09 16:24:40,5,47,23.7,53,18.5,1018.3,1023.2,2,2.7,,378.6,0
2020-04-09 16:29:40,5,47,23.6,54,18.4,1018.2,1023.1,2.4,3.4,8,378.6,0
2020-04-09 16:34:40,5,47,23.6,54,18.4,1018.4,1023.3,1.7,2,,378.6,0
2020-04-09 16:39:40,5,47,23.6,54,18.3,1018.4,1023.3,2.4,3.4,4,378.6,0
2020-04-09 16:44:40,5,47,23.5,55,18.2,1018.5,1023.4,2,3.1,4,378.6,0
2020-04-09 16:49:40,5,47,23.5,55,18.1,1018.4,1023.3,1.7,2.4,,378.6,0
2020-04-09 16:54:40,5,47,23.4,56,18,1018.5,1023.4,2.7,3.4,4,378.6,0
2020-04-09 16:59:40,5,47,23.4,57,17.9,1018.5,1023.4,2,2.7,4,378.6,0
2020-04-09 17:04:40,5,46,23.2,58,17.9,1018.4,1023.3,1.7,2.4,4,378.6,0
2020-04-09 17:09:40,5,46,23.2,57,17.8,1018.5,1023.4,2.7,3.4,,378.6,0
2020-04-09 17:14:40,5,46,23.1,58,17.8,1018.5,1023.4,3.1,3.7,4,378.6,0
2020-04-09 17:19:40,5,47,23.1,58,17.7,1018.5,1023.4,2.4,3.1,4,378.6,0
2020-04-09 17:24:40,5,47,23.1,58,17.7,1018.5,1023.4,1.4,2,,378.6,0
2020-04-09 17:29:40,5,47,23,58,17.7,1018.4,1023.3,2,2.4,,378.6,0
2020-04-09 17:34:40,5,47,23,59,17.7,1018.4,1023.3,1.7,2,4,378.6,0
2020-04-09 17:39:40,5,47,23,60,17.6,1018.5,1023.4,1,1.4,,378.6,0
2020-04-09 17:44:40,5,48,22.9,60,17.5,1018.6,1023.5,1.4,1.7,4,378.6,0
2020-04-09 17:49:40,5,48,22.9,63,17.4,1018.5,1023.4,0.7,1.4,4,378.6,0
2020-04-09 17:54:40,5,48,22.9,63,17.3,1018.6,1023.5,0.7,1.4,4,378.6,0
2020-04-09 17:59:40,5,49,22.8,63,17.3,1018.6,1023.5,0.7,1.4,4,378.6,0
2020-04-09 18:04:40,5,49,22.8,63,17.3,1018.5,1023.4,0.7,1,4,378.6,0
2020-04-09 18:09:40,5,49,22.8,64,17.2,1018.5,1023.4,0.7,1,4,378.6,0
2020-04-09 18:14:40,5,49,22.7,64,17.2,1018.5,1023.4,0.7,1.4,4,378.6,0
2020-04-09 18:19:40,5,49,22.7,64,17.1,1018.7,1023.6,0.7,1,4,378.6,0
2020-04-09 18:24:40,5,49,22.7,64,17,1018.6,1023.5,0.7,1.4,4,378.6,0
2020-04-09 18:29:40,5,49,22.7,64,16.9,1018.6,1023.5,1,1.4,,378.6,0
2020-04-09 18:34:40,5,49,22.7,65,16.8,1018.6,1023.5,0.7,1,4,378.6,0
2020-04-09 18:39:40,5,49,22.6,65,16.7,1018.6,1023.5,0.7,1,2,378.6,0
2020-04-09 18:44:40,5,49,22.6,65,16.6,1018.7,1023.6,0.7,1,2,378.6,0
2020-04-09 18:49:40,5,50,22.6,65,16.6,1018.7,1023.6,0.7,1,,378.6,0
2020-04-09 18:54:40,5,50,22.6,66,16.6,1018.7,1023.6,0.3,0.7,4,378.6,0
2020-04-09 18:59:40,5,50,22.6,66,16.5,1018.6,1023.5,0.7,1,4,378.6,0
2020-04-09 19:04:40,5,50,22.6,66,16.3,1018.6,1023.5,0.7,1,,378.6,0
2020-04-09 19:09:40,5,50,22.6,66,16.2,1018.8,1023.7,0.7,1,4,378.6,0
2020-04-09 19:14:40,5,50,22.5,67,16.1,1018.6,1023.5,0.7,1,,378.6,0
2020-04-09 19:19:40,5,50,22.5,67,15.9,1018.7,1023.6,1,1.4,4,378.6,0
2020-04-09 19:24:40,5,50,22.5,68,15.7,1018.7,1023.6,1,1.4,,378.6,0
2020-04-09 19:29:40,5,50,22.5,68,15.5,1018.8,1023.7,0.7,1,4,378.6,0
2020-04-09 19:34:40,5,50,22.5,69,15.2,1018.8,1023.7,1,1.4,4,378.6,0
2020-04-09 19:39:40,5,51,22.5,70,15.1,1018.8,1023.7,1,1.4,4,378.6,0
2020-04-09 19:44:40,5,51,22.5,70,15.1,1018.9,1023.8,1.4,2,,378.6,0
2020-04-09 19:49:40,5,51,22.4,69,15.2,1018.9,1023.8,1.4,1.7,4,378.6,0
2020-04-09 19:54:40,5,51,22.4,68,15.2,1019.1,1024,1,1.4,4,378.6,0
2020-04-09 19:59:40,5,51,22.4,67,15.2,1019.1,1024,1,1.7,4,378.6,0
2020-04-09 20:04:40,5,51,22.4,67,15.1,1019.1,1024,1,1.7,4,378.6,0
2020-04-09 20:09:40,5,51,22.4,66,15,1019,1023.9,1,1.4,4,378.6,0
2020-04-09 20:14:40,5,51,22.4,66,15,1019,1023.9,1.4,1.7,,378.6,0
2020-04-09 20:19:40,5,51,22.4,66,14.9,1019.1,1024,1,1.7,,378.6,0
2020-04-09 20:24:40,5,51,22.3,66,14.8,1019.3,1024.2,1,1.4,4,378.6,0
2020-04-09 20:29:40,5,51,22.3,66,14.7,1019.2,1024.1,1,1.4,4,378.6,0
2020-04-09 20:34:40,5,51,22.3,66,14.7,1019.3,1024.2,1,1.4,4,378.6,0
2020-04-09 20:39:40,5,51,22.3,66,14.5,1019.4,1024.3,1.4,1.7,4,378.6,0
2020-04-09 20:44:40,5,51,22.3,66,14.3,1019.3,1024.2,1,1.4,4,378.6,0
2020-04-09 20:49:40,5,51,22.3,67,14,1019.3,1024.2,1.4,1.7,,378.6,0
2020-04-09 20:54:40,5,51,22.2,67,13.8,1019.3,1024.2,1.7,2,,378.6,0
2020-04-09 20:59:40,5,51,22.3,68,13.9,1019.5,1024.4,1.7,2.4,4,378.6,0
2020-04-09 21:04:40,5,51,22.3,68,14,1019.3,1024.2,2,2.4,,378.6,0
2020-04-09 21:09:40,5,51,22.3,68,14,1019.5,1024.4,2,2.7,4,378.6,0
2020-04-09 21:14:40,5,51,22.2,68,13.9,1019.3,1024.2,1.4,2,4,378.6,0
2020-04-09 21:19:40,5,51,22.2,69,13.6,1019.5,1024.4,1.7,2.4,,378.6,0
2020-04-09 21:24:40,5,51,22.2,70,13.4,1019.5,1024.4,2,2.7,4,378.6,0
2020-04-09 21:29:40,5,51,22.2,70,13.2,1019.4,1024.3,2,2.4,,378.6,0
2020-04-09 21:34:40,5,51,22.2,71,13.1,1019.5,1024.4,1.7,2.4,,378.6,0
2020-04-09 21:39:40,5,51,22.2,71,13.1,1019.4,1024.3,1.4,2,4,378.6,0
2020-04-09 21:44:40,5,51,22.2,71,13.1,1019.5,1024.4,1,1.4,4,378.6,0
2020-04-09 21:49:40,5,51,22.2,71,13.2,1019.5,1024.4,1.7,2.4,4,378.6,0
2020-04-09 21:54:40,5,50,22.1,71,13.3,1019.5,1024.4,1,1.4,4,378.6,0
2020-04-09 21:59:40,5,51,22.1,71,13.2,1019.3,1024.2,1,1.4,4,378.6,0
2020-04-09 22:04:40,5,51,22.1,71,13.1,1019.4,1024.3,1,1.4,,378.6,0
2020-04-09 22:09:40,5,51,22.1,71,12.9,1019.4,1024.3,0.7,1,,378.6,0
2020-04-09 22:14:40,5,51,22.1,71,12.7,1019.5,1024.4,0,0.3,,378.6,0
2020-04-09 22:19:40,5,51,22.1,73,12.4,1019.6,1024.5,0,0.3,8,378.6,0
2020-04-09 22:24:40,5,51,22.1,73,12.2,1019.7,1024.6,0,0,8,378.6,0
2020-04-09 22:29:40,5,51,22.1,73,12,1019.5,1024.4,0.7,1,0,378.6,0
2020-04-09 22:34:40,5,51,22.1,74,11.8,1019.6,1024.5,1.4,1.7,14,378.6,0
2020-04-09 22:39:40,5,51,22.1,75,11.7,1019.6,1024.5,0.7,1,0,378.6,0
2020-04-09 22:44:40,5,51,22.1,75,11.4,1019.7,1024.6,1.7,2,0,378.6,0
2020-04-09 22:49:40,5,51,22.1,76,11.5,1019.5,1024.4,2,2.4,0,378.6,0
2020-04-09 22:54:40,5,51,22.1,76,11.4,1019.6,1024.5,0.7,1,2,378.6,0
2020-04-09 22:59:40,5,51,22,76,11.4,1019.5,1024.4,0.7,1,2,378.6,0
2020-04-09 23:04:40,5,51,22,76,11.6,1019.4,1024.3,0.3,0.7,2,378.6,0
2020-04-09 23:09:40,5,51,22,76,11.5,1019.4,1024.3,0,0,,378.6,0
2020-04-09 23:14:40,5,51,22,75,11.3,1019.6,1024.5,0.3,0.7,0,378.6,0
2020-04-09 23:19:40,5,51,22,75,11.2,1019.6,1024.5,0.3,0.7,2,378.6,0
2020-04-09 23:24:40,5,51,22,75,11,1019.5,1024.4,0.3,0.7,2,378.6,0
2020-04-09 23:29:40,5,51,22,75,10.9,1019.6,1024.5,1.4,1.4,0,378.6,0
2020-04-09 23:34:40,5,51,22,76,11,1019.6,1024.5,1,1.4,1,378.6,0
2020-04-09 23:39:40,5,51,22,77,11.1,1019.5,1024.4,1,1.4,0,378.6,0
2020-04-09 23:44:40,5,51,22,78,11.1,1019.5,1024.4,0.3,0.7,2,378.6,0
2020-04-09 23:49:40,5,51,22,77,10.9,1019.6,1024.5,0.7,1,0,378.6,0
2020-04-09 23:54:40,5,52,21.9,77,10.8,1019.6,1024.5,1,1.4,2,378.6,0
2020-04-09 23:59:40,5,52,21.9,77,10.7,1019.6,1024.5,0,0.3,2,378.6,0
