2020-03-25 00:03:43,5,49,21.8,79,9.4,1014.2,1019.1,2.4,4.1,12,371.4,0
2020-03-25 00:08:43,5,49,21.8,79,9.4,1014.1,1019,2,3.1,14,371.4,0
2020-03-25 00:13:43,5,49,21.8,79,9.4,1014.2,1019.1,2.4,3.7,9,371.4,0
2020-03-25 00:18:43,5,49,21.8,79,9.4,1014,1018.9,2,2.7,8,371.4,0
2020-03-25 00:23:43,5,49,21.8,79,9.4,1014.2,1019.1,1.7,2.7,8,371.4,0
2020-03-25 00:28:43,5,49,21.8,79,9.4,1014.1,1019,1.4,2.4,4,371.4,0
2020-03-25 00:33:43,5,49,21.8,79,9.4,1014.2,1019.1,2.4,3.1,2,371.4,0
2020-03-25 00:38:43,5,49,21.8,79,9.4,1014.3,1019.2,1.4,2,2,371.4,0
2020-03-25 00:43:43,5,49,21.8,79,9.4,1014.4,1019.3,1.7,2.4,,371.4,0
2020-03-25 00:48:43,5,49,21.8,79,9.4,1014.3,1019.2,1.7,2,10,371.4,0
2020-03-25 00:53:43,5,49,21.8,79,9.4,1014.4,1019.3,2.4,3.1,8,371.4,0
2020-03-25 00:58:43,5,49,21.7,79,9.4,1014.4,1019.3,2,3.4,10,371.4,0
2020-03-25 01:03:43,5,49,21.7,79,9.4,1014.3,1019.2,1.4,2,8,371.4,0
2020-03-25 01:08:43,5,50,21.8,79,9.4,1014.3,1019.2,2,3.4,8,371.4,0
2020-03-25 01:13:43,5,50,21.8,79,9.4,1014.3,1019.2,2,2.7,10,371.4,0
2020-03-25 01:18:43,5,50,21.8,79,9.5,1014.5,1019.4,1.4,1.7,8,371.4,0
2020-03-25 01:23:43,5,50,21.8,79,9.4,1014.5,1019.4,1.7,2.7,,371.4,0
2020-03-25 01:28:43,5,50,21.8,79,9.4,1014.3,1019.2,1.4,2,10,371.4,0
2020-03-25 01:33:43,5,50,21.8,79,9.5,1014.4,1019.3,2.4,3.1,,371.4,0
2020-03-25 01:38:43,5,50,21.8,79,9.5,1014.5,1019.4,1.7,2.4,10,371.4,0
2020-03-25 01:43:43,5,50,21.6,79,9.5,1014.6,1019.5,1.7,2.4,4,371.4,0
2020-03-25 01:48:43,5,50,21.7,79,9.5,1014.6,1019.5,1.4,2,,371.4,0
2020-03-25 01:53:43,5,50,21.6,79,9.5,1014.6,1019.5,1.4,2.4,10,371.4,0
2020-03-25 01:58:43,5,50,21.6,78,9.6,1014.4,1019.3,3.1,3.7,8,371.4,0
2020-03-25 02:03:43,5,50,21.6,78,9.6,1014.6,1019.5,2.4,3.1,10,371.4,0
2020-03-25 02:08:43,5,50,21.6,78,9.6,1014.6,1019.5,1.4,2.4,10,371.4,0
2020-03-25 02:13:43,5,50,21.6,78,9.6,1014.4,1019.3,1.7,2.4,0,371.4,0
2020-03-25 02:18:43,5,50,21.6,78,9.5,1014.6,1019.5,1.4,2,4,371.4,0
2020-03-25 02:23:43,5,50,21.6,78,9.5,1014.5,1019.4,1.7,2.4,8,371.4,0
2020-03-25 02:28:43,5,50,21.6,78,9.5,1014.4,1019.3,3.1,4.1,10,371.4,0
2020-03-25 02:33:43,5,50,21.6,78,9.4,1014.7,1019.6,2.7,3.4,10,371.4,0
2020-03-25 02:38:43,5,50,21.6,79,9.4,1014.4,1019.3,1.7,3.4,10,371.4,0
2020-03-25 02:43:43,5,50,21.6,79,9.5,1014.6,1019.5,1.4,2,0,371.4,0
2020-03-25 02:48:43,5,50,21.6,79,9.4,1014.5,1019.4,3.4,4.4,8,371.4,0
2020-03-25 02:53:43,5,50,21.6,79,9.4,1014.5,1019.4,1.7,3.1,4,371.4,0
2020-03-25 02:58:43,5,50,21.6,79,9.4,1014.6,1019.5,3.1,4.4,10,371.4,0
2020-03-25 03:03:43,5,50,21.6,79,9.4,1014.5,1019.4,2,2.7,8,371.4,0
2020-03-25 03:08:43,5,50,21.6,79,9.4,1014.4,1019.3,2.4,3.4,2,371.4,0
2020-03-25 03:13:43,5,50,21.5,79,9.4,1014.6,1019.5,1.4,2.4,12,371.4,0
2020-03-25 03:18:43,5,50,21.5,79,9.4,1014.6,1019.5,1.4,2.4,8,371.4,0
2020-03-25 03:23:43,5,50,21.5,79,9.4,1014.7,1019.6,2,3.1,12,371.4,0
2020-03-25 03:28:43,5,50,21.5,78,9.5,1014.7,1019.6,2.7,3.4,8,371.4,0
2020-03-25 03:33:43,5,50,21.5,78,9.5,1014.6,1019.5,3.1,5.1,8,371.4,0
2020-03-25 03:38:43,5,50,21.5,77,9.6,1014.7,1019.6,3.4,4.8,8,371.4,0
2020-03-25 03:43:43,5,50,21.5,76,9.6,1014.6,1019.5,3.7,4.8,10,371.4,0
2020-03-25 03:48:43,5,50,21.5,76,9.6,1014.7,1019.6,2.7,3.7,10,371.4,0
2020-03-25 03:53:43,5,50,21.5,75,9.7,1014.7,1019.6,2,2.7,10,371.4,0
2020-03-25 03:58:43,5,50,21.5,75,9.6,1014.8,1019.7,1.7,2.4,12,371.4,0
2020-03-25 04:03:43,5,50,21.5,75,9.6,1014.6,1019.5,2.7,3.7,10,371.4,0
2020-03-25 04:08:43,5,50,21.5,75,9.6,1014.7,1019.6,1,2,4,371.4,0
2020-03-25 04:13:43,5,50,21.5,75,9.6,1014.8,1019.7,2,3.4,8,371.4,0
2020-03-25 04:18:43,5,50,21.5,75,9.6,1014.8,1019.7,1,2,4,371.4,0
2020-03-25 04:23:43,5,49,21.5,75,9.6,1014.8,1019.7,1.7,2.4,8,371.4,0
2020-03-25 04:28:43,5,49,21.5,75,9.5,1014.7,1019.6,1.7,3.1,10,371.4,0
2020-03-25 04:33:43,5,49,21.5,75,9.5,1014.8,1019.7,1.4,2,10,371.4,0
2020-03-25 04:38:43,5,49,21.4,76,9.5,1014.8,1019.7,1.4,2,10,371.4,0
2020-03-25 04:43:43,5,49,21.5,76,9.5,1014.8,1019.7,1.4,2,4,371.4,0
2020-03-25 04:48:43,5,49,21.4,76,9.5,1015,1019.9,1.7,3.1,,371.4,0
2020-03-25 04:53:43,5,49,21.4,76,9.5,1014.9,1019.8,1.7,2,10,371.4,0
2020-03-25 04:58:43,5,49,21.4,75,9.5,1015,1019.9,2.4,3.4,0,371.4,0
2020-03-25 05:03:43,5,49,21.4,75,9.5,1015.1,1020,1.4,1.7,10,371.4,0
2020-03-25 05:08:43,5,49,21.4,75,9.5,1015.1,1020,1.7,2.7,8,371.4,0
2020-03-25 05:13:43,5,49,21.4,75,9.5,1015.2,1020.1,1,1.4,2,371.4,0
2020-03-25 05:18:43,5,49,21.4,75,9.5,1015.2,1020.1,2,2.7,4,371.4,0
2020-03-25 05:23:43,5,49,21.4,75,9.5,1015.3,1020.2,1.7,2.7,4,371.4,0
2020-03-25 05:28:43,5,49,21.4,75,9.5,1015.3,1020.2,1.4,1.7,4,371.4,0
2020-03-25 05:33:43,5,49,21.4,75,9.5,1015.3,1020.2,1.7,2.7,4,371.4,0
2020-03-25 05:38:43,5,49,21.4,75,9.5,1015.4,1020.3,1.4,1.7,10,371.4,0
2020-03-25 05:43:43,5,49,21.4,75,9.4,1015.3,1020.2,2,2.7,12,371.4,0
2020-03-25 05:48:43,5,49,21.4,75,9.4,1015.3,1020.2,1.7,2.7,,371.4,0
2020-03-25 05:53:43,5,49,21.4,75,9.4,1015.4,1020.3,2.4,3.4,9,371.4,0
2020-03-25 05:58:43,5,49,21.4,75,9.4,1015.5,1020.4,1,2.4,8,371.4,0
2020-03-25 06:03:43,5,49,21.4,75,9.4,1015.6,1020.5,1,2,8,371.4,0
2020-03-25 06:08:43,5,49,21.4,75,9.4,1015.4,1020.3,2,2.4,8,371.4,0
2020-03-25 06:13:43,5,49,21.4,75,9.4,1015.5,1020.4,2.4,3.1,10,371.4,0
2020-03-25 06:18:43,5,49,21.4,74,9.4,1015.7,1020.6,2,3.4,10,371.4,0
2020-03-25 06:23:43,5,49,21.4,74,9.4,1015.7,1020.6,2,3.1,10,371.4,0
2020-03-25 06:28:43,5,49,21.4,74,9.4,1015.8,1020.7,2,3.1,9,371.4,0
2020-03-25 06:33:43,5,49,21.4,74,9.5,1015.8,1020.7,3.1,4.4,10,371.4,0
2020-03-25 06:38:43,5,49,21.4,74,9.5,1015.8,1020.7,2,2.4,8,371.4,0
2020-03-25 06:43:43,5,49,21.4,74,9.5,1015.9,1020.8,2.4,3.4,8,371.4,0
2020-03-25 06:48:43,5,49,21.4,74,9.5,1015.9,1020.8,2.4,3.1,10,371.4,0
2020-03-25 06:53:43,5,49,21.4,74,9.5,1015.8,1020.7,1.4,2.4,8,371.4,0
2020-03-25 06:58:43,5,49,21.4,74,9.6,1016,1020.9,2.4,3.1,8,371.4,0
2020-03-25 07:03:43,5,49,21.4,74,9.6,1016.1,1021,2.4,3.4,10,371.4,0
2020-03-25 07:08:43,5,49,21.4,74,9.6,1016.1,1021,2.4,4.1,10,371.4,0
2020-03-25 07:13:43,5,49,21.4,74,9.6,1016.2,1021.1,3.4,4.1,8,371.4,0
2020-03-25 07:18:43,5,49,21.4,74,9.7,1016.2,1021.1,2.7,3.4,10,371.4,0
2020-03-25 07:23:43,5,49,21.4,74,9.7,1016.3,1021.2,1.7,3.1,8,371.4,0
2020-03-25 07:28:43,5,49,21.4,74,9.8,1016.4,1021.3,3.1,4.4,10,371.4,0
2020-03-25 07:33:43,5,49,21.2,75,9.8,1016.3,1021.2,2,2.7,12,371.4,0
2020-03-25 07:38:43,5,49,21.2,75,9.8,1016.3,1021.2,4.1,4.8,10,371.4,0
2020-03-25 07:43:43,5,49,21.2,76,9.7,1016.6,1021.5,2.4,3.4,10,371.4,0
2020-03-25 07:48:43,5,49,21.2,76,9.7,1016.7,1021.6,2.7,4.4,10,371.4,0
2020-03-25 07:53:43,5,49,21.2,76,9.7,1016.6,1021.5,1.7,2.7,10,371.4,0
2020-03-25 07:58:43,5,49,21.2,77,9.7,1016.9,1021.8,1.7,2,10,371.4,0
2020-03-25 08:03:43,5,49,21.2,77,9.8,1016.8,1021.7,2.4,4.1,10,371.4,0
2020-03-25 08:08:43,5,49,21.2,77,9.8,1016.8,1021.7,1.7,2.7,8,371.4,0
2020-03-25 08:13:43,5,49,21.2,78,9.8,1016.8,1021.7,2,2.4,2,371.4,0
2020-03-25 08:18:43,5,49,21.2,78,9.8,1016.8,1021.7,2.4,3.4,8,371.4,0
2020-03-25 08:23:43,5,49,21.2,78,9.8,1016.9,1021.8,3.1,4.1,8,371.4,0
2020-03-25 08:28:43,5,49,21.2,78,9.8,1016.9,1021.8,2.4,3.1,14,371.4,0
2020-03-25 08:33:43,5,49,21.2,78,9.8,1016.8,1021.7,1.7,3.4,9,371.4,0
2020-03-25 08:38:43,5,49,21.2,79,9.9,1017,1021.9,1,1.4,12,371.4,0
2020-03-25 08:43:43,5,50,21.2,79,9.9,1017,1021.9,0.7,1,8,371.4,0
2020-03-25 08:48:43,5,50,21.4,79,9.9,1017,1021.9,1.4,2,10,371.4,0
2020-03-25 08:53:43,5,50,21.4,79,10,1017.1,1022,1,1.7,10,371.4,0
2020-03-25 08:58:43,5,51,21.4,78,10,1017.1,1022,2,2.7,8,371.4,0
2020-03-25 09:03:43,5,51,21.5,78,10.1,1017.1,1022,2.4,3.4,10,371.4,0
2020-03-25 09:08:43,5,52,21.6,78,10.2,1017.1,1022,1.7,2.7,10,371.4,0
2020-03-25 09:13:43,5,52,21.8,78,10.3,1017.2,1022.1,1.7,2.7,12,371.7,0
2020-03-25 09:18:43,5,52,21.9,78,10.3,1017.3,1022.2,1.4,2,10,371.7,0
2020-03-25 09:23:43,5,51,22,78,10.3,1017.3,1022.2,1.7,2.7,10,371.7,0
2020-03-25 09:28:43,5,51,22.1,78,10.4,1017.3,1022.2,2,2.7,8,371.7,0
2020-03-25 09:33:43,5,51,22.1,77,10.5,1017.5,1022.4,2.4,3.1,10,371.7,0
2020-03-25 09:38:43,5,51,22.2,77,10.6,1017.5,1022.4,2,2.7,10,371.7,0
2020-03-25 09:43:43,5,50,22.2,77,10.6,1017.4,1022.3,1.4,2,9,371.7,0
2020-03-25 09:48:43,5,50,22.2,77,10.7,1017.6,1022.5,1.4,1.7,8,371.7,0
2020-03-25 09:53:43,5,50,22.2,77,10.7,1017.6,1022.5,1.7,2.7,8,371.7,0
2020-03-25 09:58:43,5,51,22.3,77,10.7,1017.6,1022.5,1.7,2.4,10,371.7,0
2020-03-25 10:03:43,5,50,22.3,77,10.7,1017.7,1022.6,1.4,2.4,10,372,0
2020-03-25 10:08:43,5,50,22.3,77,10.8,1017.7,1022.6,2,2.4,10,372,0
2020-03-25 10:13:43,5,50,22.4,76,10.8,1017.7,1022.6,2,2.7,8,372,0
2020-03-25 10:18:43,5,50,22.4,76,10.9,1017.7,1022.6,1.7,2,10,372,0
2020-03-25 10:23:43,5,50,22.4,76,11,1017.8,1022.7,1.7,2.4,10,372,0
2020-03-25 10:28:43,5,50,22.5,76,11.1,1017.8,1022.7,1,1.4,10,372,0
2020-03-25 10:33:43,5,50,22.5,76,11.2,1017.8,1022.7,1,1.7,10,372,0
2020-03-25 10:38:43,5,50,22.5,76,11.3,1017.9,1022.8,0.7,1.4,10,372,0
2020-03-25 10:43:43,5,50,22.6,75,11.4,1017.9,1022.8,1.7,2,10,372,0
2020-03-25 10:48:43,5,50,22.6,74,11.5,1017.8,1022.7,2,2.4,9,372,0
2020-03-25 10:53:43,5,50,22.6,73,11.7,1017.6,1022.5,1.4,1.7,8,372,0
2020-03-25 10:58:43,5,49,22.6,74,11.9,1017.9,1022.8,1.7,2,8,372,0
2020-03-25 11:03:43,5,49,22.7,73,12,1017.8,1022.7,1,1.7,0,372,0
2020-03-25 11:08:43,5,49,22.8,73,12,1017.8,1022.7,2,3.1,10,372,0
2020-03-25 11:13:43,5,49,22.8,72,12.1,1017.8,1022.7,1.7,2.7,10,372,0
2020-03-25 11:18:43,5,49,22.8,72,12.2,1017.6,1022.5,1.7,2.4,10,372,0
2020-03-25 11:23:43,5,49,22.8,71,12.3,1017.7,1022.6,1.4,1.7,10,372,0
2020-03-25 11:28:43,5,49,22.9,71,12.4,1017.8,1022.7,2,2.7,8,372,0
2020-03-25 11:33:43,5,49,22.9,69,12.8,1017.8,1022.7,1.4,1.7,10,372,0
2020-03-25 11:38:43,5,49,23,69,13.5,1017.8,1022.7,1.4,1.7,10,372,0
2020-03-25 11:43:43,5,49,23,66,14.5,1017.7,1022.6,2,2.7,8,372,0
2020-03-25 11:48:43,5,49,23,62,14.9,1017.6,1022.5,1.7,2,10,372,0
2020-03-25 11:53:43,5,49,23.1,62,14.6,1017.7,1022.6,1.4,1.7,12,372,0
2020-03-25 11:58:43,5,49,23.1,63,15.3,1017.7,1022.6,2.4,3.4,12,372,0
2020-03-25 12:03:43,5,49,23.2,61,15.3,1017.7,1022.6,1.7,2.7,8,372,0
2020-03-25 12:08:43,5,49,23.2,60,15.2,1017.8,1022.7,3.1,4.4,10,372,0
2020-03-25 12:13:43,5,49,23.3,60,14.9,1017.8,1022.7,1.7,2.4,10,372,0
2020-03-25 12:18:43,5,48,23.3,60,14.9,1017.8,1022.7,2,3.1,8,372,0
2020-03-25 12:23:43,5,48,23.3,60,14.8,1017.8,1022.7,2,3.4,8,372,0
2020-03-25 12:28:43,5,48,23.2,60,15,1017.9,1022.8,2,3.1,10,372,0
2020-03-25 12:33:43,5,48,23.2,60,15.4,1017.8,1022.7,1.4,2.4,8,372,0
2020-03-25 12:38:43,5,47,23.3,58,15.2,1017.9,1022.8,2.4,3.7,10,372,0
2020-03-25 12:43:43,5,46,23.2,57,14.6,1018,1022.9,1,1.4,10,372,0
2020-03-25 12:48:43,5,46,23.2,60,15.2,1017.7,1022.6,2.7,3.7,10,372,0
2020-03-25 12:53:43,5,46,23.2,59,16,1018,1022.9,1.4,2,10,372,0
2020-03-25 12:58:43,5,45,23.2,57,16.6,1018,1022.9,2.7,3.1,10,372,0
2020-03-25 13:03:43,5,45,23.2,55,16.5,1018,1022.9,2.7,3.4,14,372,0
2020-03-25 13:08:43,5,45,23.1,54,16.2,1018,1022.9,2.7,4.1,10,372,0
2020-03-25 13:13:43,5,44,23.1,55,16,1017.8,1022.7,2,3.1,10,372,0
2020-03-25 13:18:43,5,44,23.1,55,15.6,1017.8,1022.7,2.4,2.7,10,372,0
2020-03-25 13:23:43,5,44,23.1,57,16.1,1018,1022.9,1.4,2,10,372,0
2020-03-25 13:28:43,5,44,23,55,15.7,1017.8,1022.7,1.7,2,8,372,0
2020-03-25 13:33:43,5,44,23,56,15,1018,1022.9,3.4,4.1,8,372,0
2020-03-25 13:38:45,5,43,23,59,14.8,1018,1022.9,2,2.4,12,372,0
2020-03-25 13:43:43,5,43,23,60,14.6,1018,1022.9,3.1,3.7,4,372,0
2020-03-25 13:48:43,5,43,23,60,14.5,1018,1022.9,1.7,2.4,10,372,0
2020-03-25 13:53:43,5,43,23,60,14.6,1018.1,1023,1.7,2.4,10,372,0
2020-03-25 13:58:43,5,43,22.9,60,14.4,1018,1022.9,1,1.7,8,372,0
2020-03-25 14:03:43,5,43,22.9,60,14.3,1018,1022.9,2.4,3.1,10,372,0
2020-03-25 14:08:43,5,43,22.9,61,14.7,1018.1,1023,3.1,4.1,10,372,0
2020-03-25 14:13:43,5,43,22.9,60,14.7,1018.1,1023,2.4,2.7,10,372,0
2020-03-25 14:18:43,5,43,22.9,60,14.6,1018.1,1023,2.7,3.7,12,372,0
2020-03-25 14:23:43,5,43,22.9,60,14.6,1018.1,1023,1.4,2.4,12,372,0
2020-03-25 14:28:43,5,44,22.9,60,14.5,1018,1022.9,1.4,1.7,10,372,0
2020-03-25 14:33:43,5,44,23,60,14.5,1017.9,1022.8,2.4,3.1,10,372,0
2020-03-25 14:38:43,5,44,23,60,14.3,1018.1,1023,1.4,1.7,,372,0
2020-03-25 14:43:43,5,44,23,60,14.2,1018.2,1023.1,2.7,3.1,10,372,0
2020-03-25 14:48:43,5,44,23,60,14.1,1018.2,1023.1,2.7,4.1,10,372,0
2020-03-25 14:53:43,5,44,23,61,14,1018,1022.9,1.7,2.4,,372,0
2020-03-25 14:58:43,5,44,23,60,14.1,1018.1,1023,1,1.4,12,372,0
2020-03-25 15:03:43,5,44,23,60,14.6,1018.3,1023.2,2.4,2.7,10,372,0
2020-03-25 15:08:43,5,44,23.1,60,15,1018.3,1023.2,2.4,3.4,8,372,0
2020-03-25 15:13:43,5,44,23.1,59,14.9,1018.3,1023.2,2.4,3.1,10,372,0
2020-03-25 15:18:43,5,44,23.1,60,14.6,1018.2,1023.1,1,2,8,372,0
2020-03-25 15:23:43,5,44,23.1,60,14.4,1018.2,1023.1,3.1,3.7,10,372,0
2020-03-25 15:28:43,5,44,23.1,61,14.2,1018.1,1023,1.4,2,12,372,0
2020-03-25 15:33:43,5,44,23.1,61,13.9,1018.2,1023.1,2.4,4.1,10,372,0
2020-03-25 15:38:43,5,44,23.1,61,13.7,1018.3,1023.2,2,2.7,10,372,0
2020-03-25 15:43:43,5,44,23.1,62,13.5,1018.2,1023.1,2.7,3.1,10,372,0
2020-03-25 15:48:43,5,44,23.1,63,13.5,1018.3,1023.2,2,3.1,12,372,0
2020-03-25 15:53:43,5,44,23.1,63,13.4,1018.2,1023.1,2,2.4,10,372,0
2020-03-25 15:58:43,5,44,23.1,64,13.5,1018.2,1023.1,1.4,1.7,12,372,0
2020-03-25 16:03:43,5,44,23.1,64,13.5,1018.3,1023.2,1.7,2,12,372,0
2020-03-25 16:08:43,5,44,23.1,64,13.4,1018.4,1023.3,1.4,1.7,8,372,0
2020-03-25 16:13:43,5,44,23.1,64,13.5,1018.2,1023.1,1,1.7,8,372,0
2020-03-25 16:18:43,5,44,23.1,64,13.8,1018.3,1023.2,1.4,1.7,10,372,0
2020-03-25 16:23:43,5,44,23.1,63,14,1018.4,1023.3,1.7,2,10,372,0
2020-03-25 16:28:43,5,45,23.1,64,14,1018.4,1023.3,0.3,0.7,10,372,0
2020-03-25 16:33:43,5,45,23.2,63,13.9,1018.4,1023.3,1,1.4,10,372,0
2020-03-25 16:38:43,5,45,23.2,63,13.8,1018.5,1023.4,0.7,1,8,372,0
2020-03-25 16:43:43,5,45,23.3,64,13.7,1018.5,1023.4,1,1.4,10,372,0
2020-03-25 16:48:43,5,45,23.3,64,13.6,1018.6,1023.5,1.4,2,10,372,0
2020-03-25 16:53:43,5,46,23.3,65,13.2,1018.6,1023.5,1.4,2,12,372,0
2020-03-25 16:58:43,5,46,23.3,66,13,1018.8,1023.7,1,1.4,12,372,0
2020-03-25 17:03:43,5,46,23.3,67,12.8,1018.6,1023.5,0.7,1,12,372,0
2020-03-25 17:08:43,5,46,23.3,68,12.6,1018.8,1023.7,1.4,2,12,372,0
2020-03-25 17:13:43,5,46,23.2,69,12.5,1018.9,1023.8,1.4,2,12,372,0
2020-03-25 17:18:43,5,46,23.1,71,12.3,1018.9,1023.8,1.4,1.7,12,372,0
2020-03-25 17:23:43,5,46,23.1,72,12.1,1019,1023.9,1,1.4,10,372,0
2020-03-25 17:28:43,5,46,23.1,72,12,1018.9,1023.8,1.4,1.7,12,372,0
2020-03-25 17:33:43,5,46,23.1,73,11.8,1019,1023.9,0.7,1,12,372,0
2020-03-25 17:38:43,5,46,23.1,73,11.8,1019.1,1024,0.7,1,10,372,0
2020-03-25 17:43:43,5,46,23.1,74,11.7,1019.2,1024.1,1.7,2.4,12,372,0
2020-03-25 17:48:43,5,46,23.1,76,11.6,1019.2,1024.1,2.4,2.7,14,372,0
2020-03-25 17:53:43,5,46,23,77,11.5,1019.2,1024.1,3.7,4.4,0,372,0
2020-03-25 17:58:43,5,46,23,78,11.4,1019.2,1024.1,1.7,2.4,15,372,0
2020-03-25 18:03:43,5,46,23,79,11.3,1019.4,1024.3,2.7,3.4,14,372,0
2020-03-25 18:08:43,5,46,23,79,11.2,1019.5,1024.4,2,2.7,14,372,0
2020-03-25 18:13:43,5,48,22.9,80,11.2,1019.4,1024.3,2.7,3.4,14,372,0
2020-03-25 18:18:43,5,48,22.9,80,11.1,1019.3,1024.2,2.4,3.1,14,372,0
2020-03-25 18:23:43,5,48,22.9,80,11.1,1019.5,1024.4,2.4,3.1,14,372,0
2020-03-25 18:28:43,5,48,22.8,80,11.1,1019.5,1024.4,2,2.4,0,372,0
2020-03-25 18:33:43,5,48,22.8,80,11,1019.4,1024.3,2.4,2.7,14,372,0
2020-03-25 18:38:43,5,48,22.7,80,11,1019.6,1024.5,1.7,2,14,372,0
2020-03-25 18:43:43,5,48,22.7,80,11,1019.6,1024.5,1.4,2,14,372,0
2020-03-25 18:48:43,5,48,22.7,80,10.9,1019.6,1024.5,1.7,2,14,372,0
2020-03-25 18:53:43,5,48,22.7,80,10.9,1019.7,1024.6,1,1.4,0,372,0
2020-03-25 18:58:43,5,48,22.6,80,10.9,1019.7,1024.6,0.7,1.4,0,372,0
2020-03-25 19:03:43,5,48,22.6,80,10.9,1019.8,1024.7,0.7,1,14,372,0
2020-03-25 19:08:43,5,49,22.6,80,10.9,1019.9,1024.8,1,1.4,14,372,0
2020-03-25 19:13:43,5,49,22.6,80,10.9,1020,1024.9,0.3,0.7,0,372,0
2020-03-25 19:18:43,5,49,22.6,80,10.8,1020,1024.9,0.7,1,14,372,0
2020-03-25 19:23:43,5,49,22.6,80,10.8,1019.9,1024.8,0.7,1,0,372,0
2020-03-25 19:28:43,5,49,22.6,80,10.8,1020,1024.9,0.7,1,0,372,0
2020-03-25 19:33:43,5,50,22.6,80,10.8,1020.2,1025.1,0.3,0.7,0,372,0
2020-03-25 19:38:43,5,50,22.6,80,10.7,1020.3,1025.2,0.3,0.7,0,372,0
2020-03-25 19:43:43,5,50,22.6,80,10.7,1020.3,1025.2,0.7,1,0,372,0
2020-03-25 19:48:43,5,50,22.6,80,10.7,1020.3,1025.2,1.4,1.7,0,372,0
2020-03-25 19:53:43,5,51,22.6,80,10.7,1020.4,1025.3,0.7,1,0,372,0
2020-03-25 19:58:43,5,51,22.6,80,10.6,1020.4,1025.3,1,1.4,0,372,0
2020-03-25 20:03:43,5,51,22.7,80,10.6,1020.4,1025.3,0.7,1,0,372,0
2020-03-25 20:08:43,5,52,22.7,80,10.5,1020.6,1025.5,1,1.4,0,372,0
2020-03-25 20:13:43,5,52,22.8,80,10.5,1020.5,1025.4,1,1.4,0,372,0
2020-03-25 20:18:43,5,52,22.8,80,10.4,1020.5,1025.4,1,1.4,0,372,0
2020-03-25 20:23:43,5,52,22.8,80,10.4,1020.5,1025.4,0.7,1,0,372,0
2020-03-25 20:28:43,5,52,22.8,81,10.4,1020.6,1025.5,1,1.7,14,372,0
2020-03-25 20:33:43,5,52,22.9,81,10.4,1020.6,1025.5,1,1.4,14,372,0
2020-03-25 20:38:43,5,52,22.9,81,10.3,1020.6,1025.5,1.7,2,14,372,0
2020-03-25 20:43:43,5,52,23,81,10.3,1020.7,1025.6,1,1.7,14,372,0
2020-03-25 20:48:43,5,51,22.8,81,10.2,1020.6,1025.5,1.4,1.7,0,372,0
2020-03-25 20:53:43,5,52,23,81,10.1,1020.8,1025.7,1.7,2,14,372,0
2020-03-25 20:58:43,5,51,23,81,10.1,1020.8,1025.7,1,1.4,0,372,0
2020-03-25 21:03:43,5,51,23,81,10.1,1020.8,1025.7,1.4,1.7,0,372,0
2020-03-25 21:08:43,5,51,23.1,81,10,1020.6,1025.5,0.7,1.4,0,372,0
2020-03-25 21:13:43,5,51,23.1,81,10,1020.8,1025.7,1,1.7,0,372,0
2020-03-25 21:18:43,5,52,23.1,81,9.9,1020.7,1025.6,2,2.4,14,372,0
2020-03-25 21:23:43,5,51,23.1,81,9.8,1020.7,1025.6,1,1.7,0,372,0
2020-03-25 21:28:43,5,51,23.1,81,9.8,1020.8,1025.7,1.4,2,0,372,0
2020-03-25 21:33:43,5,51,23.1,81,9.8,1020.9,1025.8,1.4,2,0,372,0
2020-03-25 21:38:43,5,51,23.1,81,9.7,1021,1025.9,1,1.4,0,372,0
2020-03-25 21:43:43,5,51,23.1,81,9.6,1021,1025.9,2,2.4,0,372,0
2020-03-25 21:48:43,5,51,23.1,81,9.5,1021,1025.9,1.4,1.7,0,372,0
2020-03-25 21:53:43,5,51,23.1,81,9.5,1021,1025.9,2,2.7,0,372,0
2020-03-25 21:58:43,5,51,23.1,81,9.5,1021.2,1026.1,1,1.7,0,372,0
2020-03-25 22:03:43,5,51,23.1,81,9.4,1021,1025.9,1,1.7,14,372,0
2020-03-25 22:08:43,5,51,23.1,81,9.4,1021.2,1026.1,1.7,2,15,372,0
2020-03-25 22:13:43,5,50,23.1,81,9.2,1021.1,1026,1.4,2,0,372,0
2020-03-25 22:18:43,5,50,23.1,81,9.1,1021,1025.9,2,2.4,14,372,0
2020-03-25 22:23:43,5,50,23.1,81,9,1021.1,1026,2,2.7,15,372,0
2020-03-25 22:28:43,5,50,23.1,81,9,1020.9,1025.8,2.4,2.7,14,372,0
2020-03-25 22:33:43,5,50,23.1,81,8.9,1021.2,1026.1,2,2.4,13,372,0
2020-03-25 22:38:43,5,49,23,81,8.8,1021.1,1026,1.4,1.7,0,372,0
2020-03-25 22:43:43,5,49,23,81,8.8,1021.2,1026.1,2.4,3.1,0,372,0
2020-03-25 22:48:43,5,49,22.9,81,8.7,1021.4,1026.3,1.4,1.7,0,372,0
2020-03-25 22:53:43,5,49,22.9,82,8.7,1021.2,1026.1,1,1.7,14,372,0
2020-03-25 22:58:43,5,49,22.9,82,8.6,1021.2,1026.1,1.7,2,0,372,0
2020-03-25 23:03:43,5,49,22.8,82,8.6,1021.2,1026.1,1.7,2.4,0,372,0
2020-03-25 23:08:43,5,49,22.8,82,8.5,1021.2,1026.1,2,2,0,372,0
2020-03-25 23:13:43,5,49,22.8,82,8.5,1021.3,1026.2,0.7,1,0,372,0
2020-03-25 23:18:43,5,49,22.7,82,8.6,1021.4,1026.3,0.7,0.7,0,372,0
2020-03-25 23:23:43,5,49,22.7,82,8.5,1021.5,1026.4,1.4,1.7,14,372,0
2020-03-25 23:28:43,5,49,22.7,82,8.5,1021.5,1026.4,1.4,2,12,372,0
2020-03-25 23:33:43,5,49,22.6,82,8.4,1021.4,1026.3,1,1.4,14,372,0
2020-03-25 23:38:43,5,49,22.6,82,8.5,1021.4,1026.3,1.4,1.7,0,372,0
2020-03-25 23:43:43,5,49,22.6,82,8.5,1021.4,1026.3,1.4,1.7,14,372,0
2020-03-25 23:48:43,5,49,22.5,82,8.4,1021.4,1026.3,1.4,2,14,372,0
2020-03-25 23:53:43,5,49,22.5,82,8.3,1021.4,1026.3,2,3.1,14,372,0
2020-03-25 23:58:43,5,49,22.5,82,8.3,1021.4,1026.3,2.4,2.7,14,372,0
