2020-03-19 00:03:45,5,51,20.3,81,1.9,1025.6,1030.5,0.3,0.3,10,369,0
2020-03-19 00:08:45,5,51,20.3,81,1.8,1025.7,1030.6,0.3,0.7,8,369,0
2020-03-19 00:13:45,5,51,20.3,81,1.7,1025.8,1030.7,0,0.3,10,369,0
2020-03-19 00:18:45,5,51,20.3,81,1.7,1025.7,1030.6,1,1,10,369,0
2020-03-19 00:23:45,5,51,20.3,82,1.7,1025.8,1030.7,0.3,0.7,10,369,0
2020-03-19 00:28:45,5,51,20.3,82,1.8,1025.9,1030.8,0.7,1,10,369,0
2020-03-19 00:33:45,5,51,20.2,82,1.8,1025.9,1030.8,0,0.3,10,369,0
2020-03-19 00:38:45,5,51,20.2,82,1.6,1025.9,1030.8,0.3,0.3,4,369,0
2020-03-19 00:43:45,5,51,20.2,82,1.6,1025.8,1030.7,0,0,4,369,0
2020-03-19 00:48:45,5,51,20.2,82,1.5,1025.7,1030.6,0.3,0.7,10,369,0
2020-03-19 00:53:45,5,50,20.2,82,1.5,1025.7,1030.6,0.3,0.7,10,369,0
2020-03-19 00:58:45,5,50,20.2,82,1.4,1025.8,1030.7,0.3,0.7,10,369,0
2020-03-19 01:03:45,5,50,20.2,82,1.4,1025.6,1030.5,0,0.3,10,369,0
2020-03-19 01:08:45,5,50,20.2,82,1.4,1025.8,1030.7,0.3,0.7,10,369,0
2020-03-19 01:13:45,5,50,20.2,82,1.5,1025.7,1030.6,0.3,0.7,10,369,0
2020-03-19 01:18:45,5,50,20.2,82,1.3,1025.8,1030.7,0.3,0.7,,369,0
2020-03-19 01:23:45,5,50,20.1,82,1.1,1025.8,1030.7,0.3,0.7,8,369,0
2020-03-19 01:28:45,5,50,20.1,82,0.9,1025.6,1030.5,0.7,1,10,369,0
2020-03-19 01:33:45,5,50,20.1,82,1.1,1025.6,1030.5,0.7,1,10,369,0
2020-03-19 01:38:45,5,50,20.1,82,1.3,1025.6,1030.5,0.3,0.7,10,369,0
2020-03-19 01:43:45,5,50,20.1,82,1.3,1025.6,1030.5,0,0.3,10,369,0
2020-03-19 01:48:45,5,50,20.1,82,1.3,1025.6,1030.5,0.3,0.7,10,369,0
2020-03-19 01:53:45,5,50,20.1,82,1.3,1025.6,1030.5,0.3,0.7,10,369,0
2020-03-19 01:58:45,5,50,20.1,82,1.3,1025.7,1030.6,0,0.3,10,369,0
2020-03-19 02:03:45,5,50,20,82,1.2,1025.7,1030.6,0,0,10,369,0
2020-03-19 02:08:45,5,50,20,82,0.9,1025.5,1030.4,0.3,0.7,8,369,0
2020-03-19 02:13:45,5,50,20,81,0.6,1025.4,1030.3,0.3,0.7,8,369,0
2020-03-19 02:18:45,5,50,20,81,0.6,1025.5,1030.4,0,0.3,4,369,0
2020-03-19 02:23:45,5,50,20,81,0.5,1025.4,1030.3,0.3,0.7,4,369,0
2020-03-19 02:28:45,5,50,20,81,0.4,1025.3,1030.2,0,0,4,369,0
2020-03-19 02:33:45,5,50,20,81,0.3,1025.4,1030.3,0.3,0.7,4,369,0
2020-03-19 02:38:45,5,50,20,81,0.5,1025.4,1030.3,0.3,0.7,4,369,0
2020-03-19 02:43:45,5,50,20,81,0.6,1025.3,1030.2,0.3,0.3,4,369,0
2020-03-19 02:48:45,5,50,20,82,0.7,1025.2,1030.1,0,0,4,369,0
2020-03-19 02:53:45,5,51,19.9,81,0.5,1025.3,1030.2,0,0,4,369,0
2020-03-19 02:58:45,5,51,19.9,81,0.5,1025.4,1030.3,0,0,4,369,0
2020-03-19 03:03:45,5,51,19.9,81,0.6,1025.4,1030.3,0.3,0.3,4,369,0
2020-03-19 03:08:45,5,51,19.9,82,0.9,1025.4,1030.3,0,0.3,4,369,0
2020-03-19 03:13:45,5,51,19.9,82,0.8,1025.5,1030.4,0,0,4,369,0
2020-03-19 03:18:45,5,51,19.9,82,0.6,1025.6,1030.5,0,0,4,369,0
2020-03-19 03:23:45,5,51,19.9,82,0.6,1025.3,1030.2,0,0,4,369,0
2020-03-19 03:28:45,5,51,19.9,82,0.8,1025.4,1030.3,0,0,4,369,0
2020-03-19 03:33:45,5,51,19.8,82,0.8,1025.5,1030.4,0,0,8,369,0
2020-03-19 03:38:45,5,51,19.8,82,0.7,1025.4,1030.3,0,0,,369,0
2020-03-19 03:43:45,5,51,19.8,82,0.5,1025.4,1030.3,0,0,,369,0
2020-03-19 03:48:45,5,50,19.8,82,0.4,1025.5,1030.4,0.3,0.7,,369,0
2020-03-19 03:53:45,5,50,19.8,81,0.2,1025.4,1030.3,0,0,,369,0
2020-03-19 03:58:45,5,50,19.8,81,0.1,1025.5,1030.4,0.3,0.7,,369,0
2020-03-19 04:03:45,5,50,19.8,82,0.3,1025.6,1030.5,0.7,0.7,10,369,0
2020-03-19 04:08:45,5,50,19.8,82,0.5,1025.5,1030.4,0.3,0.7,8,369,0
2020-03-19 04:13:45,5,50,19.7,82,0.7,1025.4,1030.3,0.3,0.7,8,369,0
2020-03-19 04:18:45,5,50,19.7,82,0.8,1025.5,1030.4,0,0.3,8,369,0
2020-03-19 04:23:45,5,50,19.7,82,0.8,1025.6,1030.5,0,0,8,369,0
2020-03-19 04:28:45,5,50,19.7,82,0.7,1025.5,1030.4,0,0,8,369,0
2020-03-19 04:33:45,5,50,19.7,82,0.6,1025.5,1030.4,0,0,8,369,0
2020-03-19 04:38:45,5,50,19.7,82,0.6,1025.6,1030.5,0,0,8,369,0
2020-03-19 04:43:45,5,50,19.6,82,0.6,1025.5,1030.4,0,0,8,369,0
2020-03-19 04:48:45,5,50,19.6,82,0.5,1025.6,1030.5,0,0,8,369,0
2020-03-19 04:53:45,5,50,19.6,82,0.4,1025.8,1030.7,0,0,8,369,0
2020-03-19 04:58:45,5,50,19.6,82,0.4,1025.7,1030.6,0.3,0.7,4,369,0
2020-03-19 05:03:45,5,50,19.6,82,0.5,1025.6,1030.5,0.7,1,,369,0
2020-03-19 05:08:45,5,49,19.6,82,0.5,1025.7,1030.6,0.3,0.7,,369,0
2020-03-19 05:13:45,5,49,19.6,82,0.4,1025.6,1030.5,0,0,,369,0
2020-03-19 05:18:45,5,49,19.6,82,0.4,1025.7,1030.6,0,0,,369,0
2020-03-19 05:23:45,5,49,19.6,82,0.3,1025.8,1030.7,0,0,,369,0
2020-03-19 05:28:45,5,49,19.5,82,0.2,1025.7,1030.6,0,0,,369,0
2020-03-19 05:33:45,5,49,19.5,82,0.2,1025.9,1030.8,0,0,,369,0
2020-03-19 05:38:45,5,49,19.5,82,0.2,1025.9,1030.8,0,0,,369,0
2020-03-19 05:43:45,5,49,19.5,82,0.2,1025.9,1030.8,0,0,,369,0
2020-03-19 05:48:45,5,49,19.5,82,0.1,1026,1030.9,0.3,0.7,8,369,0
2020-03-19 05:53:45,5,49,19.5,82,0.1,1026.1,1031,0,0,8,369,0
2020-03-19 05:58:45,5,49,19.5,82,0.1,1026,1030.9,0,0,8,369,0
2020-03-19 06:03:45,5,49,19.5,82,0,1026,1030.9,0,0,8,369,0
2020-03-19 06:08:45,5,49,19.5,82,0,1026.1,1031,0,0,8,369,0
2020-03-19 06:13:45,5,49,19.4,82,-0.1,1026.3,1031.2,0,0,8,369,0
2020-03-19 06:18:45,5,49,19.4,82,-0.1,1026.2,1031.1,0,0,8,369,0
2020-03-19 06:23:45,5,49,19.4,82,-0.1,1026.2,1031.1,0,0,10,369,0
2020-03-19 06:28:45,5,49,19.4,82,-0.1,1026.2,1031.1,0,0,10,369,0
2020-03-19 06:33:45,5,49,19.4,82,-0.1,1026.1,1031,0,0,10,369,0
2020-03-19 06:38:45,5,49,19.4,82,-0.1,1026.2,1031.1,0,0,10,369,0
2020-03-19 06:43:45,5,49,19.4,82,0,1026.3,1031.2,0,0,10,369,0
2020-03-19 06:48:45,5,49,19.4,82,0,1026.5,1031.4,0,0,10,369,0
2020-03-19 06:53:45,5,49,19.4,82,0,1026.4,1031.3,0,0,10,369,0
2020-03-19 06:58:45,5,49,19.4,82,0.1,1026.4,1031.3,0,0,10,369,0
2020-03-19 07:03:45,5,49,19.4,82,0.2,1026.6,1031.5,0,0,,369,0
2020-03-19 07:08:45,5,48,19.4,82,0.2,1026.5,1031.4,0,0,,369,0
2020-03-19 07:13:45,5,48,19.4,83,0.5,1026.5,1031.4,0,0,,369,0
2020-03-19 07:18:45,5,48,19.4,83,1.2,1026.6,1031.5,0,0,,369,0
2020-03-19 07:23:45,5,48,19.4,83,1.6,1026.6,1031.5,0,0,,369,0
2020-03-19 07:28:45,5,48,19.4,83,2,1026.6,1031.5,0,0,,369,0
2020-03-19 07:33:45,5,48,19.4,84,2,1026.6,1031.5,0,0,,369,0
2020-03-19 07:38:45,5,48,19.4,84,2,1026.7,1031.6,0,0,,369,0
2020-03-19 07:43:45,5,48,19.4,84,1.9,1026.7,1031.6,0,0,,369,0
2020-03-19 07:48:45,5,48,19.4,84,1.9,1026.7,1031.6,0,0,,369,0
2020-03-19 07:53:45,5,48,19.4,84,2.1,1026.8,1031.7,0,0,,369,0
2020-03-19 07:58:45,5,48,19.4,84,2.7,1026.8,1031.7,0,0,,369,0
2020-03-19 08:03:45,5,47,19.4,84,3.4,1026.9,1031.8,0,0,,369,0
2020-03-19 08:08:45,5,47,19.4,85,4.3,1026.9,1031.8,0,0,,369,0
2020-03-19 08:13:45,5,47,19.4,85,4.9,1026.9,1031.8,0,0,0,369,0
2020-03-19 08:18:45,5,47,19.4,84,5,1027.2,1032.1,0.3,0.7,0,369,0
2020-03-19 08:23:45,5,47,19.4,82,5.2,1027.1,1032,0.7,1,0,369,0
2020-03-19 08:28:45,5,45,19.3,80,5.4,1027.1,1032,0.3,0.7,0,369,0
2020-03-19 08:33:45,5,44,19.3,77,5.8,1027.3,1032.2,0.3,0.7,0,369,0
2020-03-19 08:38:45,5,44,19.2,78,6.9,1027.2,1032.1,0.3,0.7,0,369,0
2020-03-19 08:43:45,5,45,19.3,75,7.4,1027.2,1032.1,0,0,14,369,0
2020-03-19 08:48:45,5,46,19.3,72,7,1027.2,1032.1,0.7,1,14,369,0
2020-03-19 08:53:45,5,47,19.4,70,6.6,1027.3,1032.2,1,1.4,12,369,0
2020-03-19 08:58:45,5,48,19.4,70,6.3,1027.4,1032.3,0.7,1,14,369,0
2020-03-19 09:03:45,5,48,19.5,71,6.1,1027.6,1032.5,1.4,1.7,14,369,0
2020-03-19 09:08:45,5,49,19.6,71,5.9,1027.7,1032.6,1.4,1.7,12,369,0
2020-03-19 09:13:45,5,50,19.6,72,5.7,1027.7,1032.6,1,1.4,12,369,0
2020-03-19 09:18:45,5,50,19.7,72,5.8,1027.8,1032.7,1.4,1.7,14,369,0
2020-03-19 09:23:45,5,51,19.8,71,5.9,1027.7,1032.6,1.4,2,14,369,0
2020-03-19 09:28:45,5,51,19.9,71,6.3,1027.8,1032.7,1.4,1.7,12,369,0
2020-03-19 09:33:45,5,51,19.9,70,6.7,1027.7,1032.6,2,2.4,12,369,0
2020-03-19 09:38:45,5,50,20,66,6.9,1027.7,1032.6,2,2.4,12,369,0
2020-03-19 09:43:45,5,50,20,66,7,1027.6,1032.5,2.4,3.1,15,369,0
2020-03-19 09:48:45,5,50,20.1,67,7.4,1027.6,1032.5,2,2.7,14,369,0
2020-03-19 09:53:45,5,50,20.1,62,7.8,1027.7,1032.6,1.7,2,0,369,0
2020-03-19 09:58:45,5,50,20.2,63,8.5,1027.8,1032.7,1.7,2,10,369,0
2020-03-19 10:03:45,5,50,20.2,61,8.2,1027.8,1032.7,2,2.4,14,369,0
2020-03-19 10:08:45,5,50,20.2,62,8.6,1027.8,1032.7,2,2.4,0,369,0
2020-03-19 10:13:45,5,50,20.3,60,8.5,1027.9,1032.8,2,2.4,14,369,0
2020-03-19 10:18:45,5,50,20.3,61,8.3,1027.8,1032.7,2.4,3.1,14,369,0
2020-03-19 10:23:45,5,50,20.3,62,8.8,1027.8,1032.7,3.1,3.7,14,369,0
2020-03-19 10:28:45,5,50,20.4,61,8.8,1028,1032.9,2,3.1,15,369,0
2020-03-19 10:33:45,5,50,20.4,60,9.1,1027.9,1032.8,2.4,3.7,1,369,0
2020-03-19 10:38:45,5,50,20.5,60,9.3,1027.9,1032.8,2.7,3.4,15,369,0
2020-03-19 10:43:45,5,50,20.5,60,9.2,1027.9,1032.8,2.4,3.1,0,369,0
2020-03-19 10:48:45,5,50,20.5,60,8.9,1028,1032.9,2.4,3.1,0,369,0
2020-03-19 10:53:45,5,50,20.5,61,8.6,1027.8,1032.7,2.7,3.7,14,369,0
2020-03-19 10:58:45,5,50,20.5,61,8.8,1027.9,1032.8,2.7,3.7,0,369,0
2020-03-19 11:03:45,5,50,20.5,62,9.2,1027.9,1032.8,3.1,3.7,0,369,0
2020-03-19 11:08:45,5,51,20.5,60,9.1,1028.1,1033,2.7,3.4,0,369,0
2020-03-19 11:13:45,5,51,20.4,61,8.9,1028,1032.9,2.7,3.4,2,369,0
2020-03-19 11:18:45,5,51,20.4,61,8.9,1028.1,1033,4.1,5.4,0,369,0
2020-03-19 11:23:45,5,51,20.4,61,8.2,1028.2,1033.1,2.7,3.4,1,369,0
2020-03-19 11:28:45,5,51,20.4,63,8.6,1028.3,1033.2,2.7,3.4,0,369,0
2020-03-19 11:33:45,5,51,20.4,63,9.3,1028.2,1033.1,2.7,3.7,0,369,0
2020-03-19 11:38:45,5,51,20.4,60,9.4,1028.2,1033.1,2.7,3.4,0,369,0
2020-03-19 11:43:45,5,51,20.4,60,9.6,1028.2,1033.1,5.1,6.8,0,369,0
2020-03-19 11:48:45,5,51,20.4,59,8.9,1028,1032.9,3.1,3.7,2,369,0
2020-03-19 11:53:45,5,51,20.4,61,9.2,1028.3,1033.2,3.1,3.7,0,369,0
2020-03-19 11:58:45,5,51,20.4,61,9.5,1028.2,1033.1,3.1,4.8,2,369,0
2020-03-19 12:03:45,5,51,20.4,61,10.1,1028.3,1033.2,3.1,4.4,0,369,0
2020-03-19 12:08:45,5,51,20.4,57,9.6,1028.3,1033.2,3.7,4.8,0,369,0
2020-03-19 12:13:45,5,51,20.4,60,8.6,1028.3,1033.2,2.4,3.4,0,369,0
2020-03-19 12:18:45,5,51,20.4,61,8.3,1028.3,1033.2,3.1,4.1,0,369,0
2020-03-19 12:23:45,5,51,20.4,61,8.9,1028.1,1033,3.1,3.4,0,369,0
2020-03-19 12:28:45,5,51,20.4,61,10,1028.1,1033,4.8,6.1,0,369,0
2020-03-19 12:33:45,5,51,20.4,56,9.5,1028.2,1033.1,4.8,6.5,1,369,0
2020-03-19 12:38:45,5,51,20.4,59,8.6,1028.2,1033.1,4.1,5.1,2,369,0
2020-03-19 12:43:45,5,51,20.4,61,9.3,1028.1,1033,4.4,5.8,2,369,0
2020-03-19 12:48:45,5,51,20.5,58,9.2,1028.1,1033,4.1,5.4,2,369,0
2020-03-19 12:53:45,5,51,20.4,58,8.8,1028.3,1033.2,4.8,5.8,2,369,0
2020-03-19 12:58:45,5,51,20.4,60,8.8,1028.2,1033.1,3.1,4.1,0,369,0
2020-03-19 13:03:45,5,51,20.4,61,9.2,1028.2,1033.1,2.7,3.4,1,369,0
2020-03-19 13:08:46,5,51,20.4,60,9.4,1028.3,1033.2,2.7,4.1,2,369,0
2020-03-19 13:13:45,5,51,20.4,58,9.4,1028.2,1033.1,3.7,4.4,0,369,0
2020-03-19 13:18:45,5,51,20.4,57,9.4,1028.1,1033,3.4,4.4,0,369,0
2020-03-19 13:23:45,5,51,20.4,56,9.4,1028.1,1033,3.7,4.4,0,369,0
2020-03-19 13:28:45,5,51,20.5,55,9.1,1028.3,1033.2,4.8,5.4,2,369,0
2020-03-19 13:33:45,5,51,20.5,54,8.7,1028.2,1033.1,3.4,5.4,1,369,0
2020-03-19 13:38:45,5,50,20.5,56,8.8,1028.2,1033.1,1.7,2.7,2,369,0
2020-03-19 13:43:45,5,50,20.5,59,9.2,1028.2,1033.1,2.7,4.4,0,369,0
2020-03-19 13:48:45,5,50,20.6,58,9.6,1028,1032.9,3.1,4.1,2,369,0
2020-03-19 13:53:45,5,50,20.6,57,10.3,1028,1032.9,4.1,5.4,2,369,0
2020-03-19 13:58:45,5,50,20.6,53,9.9,1028,1032.9,4.8,6.5,2,369,0
2020-03-19 14:03:45,5,50,20.7,54,9.2,1028,1032.9,5.4,6.1,0,369,0
2020-03-19 14:08:45,5,50,20.7,56,9.1,1028,1032.9,5.8,6.8,0,369,0
2020-03-19 14:13:45,5,51,20.8,54,10,1027.8,1032.7,3.1,4.4,2,369,0
2020-03-19 14:18:45,5,51,20.9,54,10,1028,1032.9,4.4,5.8,15,369,0
2020-03-19 14:23:45,5,49,21,53,10.4,1027.9,1032.8,3.7,4.8,0,369,0
2020-03-19 14:28:45,5,49,21,53,10.3,1027.9,1032.8,4.4,6.1,0,369,0
2020-03-19 14:33:45,5,49,21.1,56,9.7,1028,1032.9,4.8,6.5,0,369,0
2020-03-19 14:38:45,5,49,21.1,60,9,1027.9,1032.8,3.1,3.7,0,369,0
2020-03-19 14:43:45,5,49,21.1,61,9,1027.6,1032.5,2.4,3.4,0,369,0
2020-03-19 14:48:45,5,49,21.1,61,9.5,1027.8,1032.7,2.4,3.1,14,369,0
2020-03-19 14:53:45,5,49,21.1,58,10,1027.8,1032.7,5.1,7.1,0,369,0
2020-03-19 14:58:45,5,49,21.1,56,9.5,1027.8,1032.7,5.4,7.5,0,369,0
2020-03-19 15:03:45,5,49,21.4,61,9.8,1027.8,1032.7,3.7,5.1,0,369,0
2020-03-19 15:08:45,5,49,21.4,60,9.9,1027.6,1032.5,4.1,5.8,1,369,0
2020-03-19 15:13:45,5,49,21.4,59,9.9,1028,1032.9,6.1,6.8,2,369,0
2020-03-19 15:18:45,5,49,21.5,60,9,1028,1032.9,6.1,7.8,1,369,0
2020-03-19 15:23:45,5,49,21.5,62,8.5,1027.9,1032.8,4.1,4.8,2,369,0
2020-03-19 15:28:45,5,49,21.5,62,8.5,1027.9,1032.8,4.4,5.8,0,369,0
2020-03-19 15:33:45,5,49,21.6,62,8.7,1027.9,1032.8,3.7,4.4,0,369,0
2020-03-19 15:38:45,5,49,21.6,61,9,1027.9,1032.8,3.7,5.1,0,369,0
2020-03-19 15:43:45,5,49,21.6,57,9.5,1027.9,1032.8,6.5,8.2,0,369,0
2020-03-19 15:48:45,5,48,21.7,56,9.3,1027.8,1032.7,5.4,6.5,1,369,0
2020-03-19 15:53:45,5,48,21.8,57,9.6,1027.8,1032.7,4.8,6.5,0,369,0
2020-03-19 15:58:45,5,48,21.8,57,9.5,1027.7,1032.6,6.5,9.2,0,369,0
2020-03-19 16:03:45,5,48,21.9,60,9.1,1027.8,1032.7,3.7,4.8,0,369,0
2020-03-19 16:08:45,5,48,21.9,60,9.6,1027.8,1032.7,4.8,5.4,0,369,0
2020-03-19 16:13:45,5,47,22,60,9.7,1027.9,1032.8,3.7,5.1,2,369,0
2020-03-19 16:18:45,5,47,22.1,59,10.1,1027.9,1032.8,4.1,4.8,0,369,0
2020-03-19 16:23:45,5,47,22.1,56,10,1027.9,1032.8,4.8,5.4,0,369,0
2020-03-19 16:28:45,5,47,22.1,57,10.2,1027.8,1032.7,4.4,5.8,0,369,0
2020-03-19 16:33:45,5,46,22.2,55,9.8,1027.7,1032.6,4.1,5.1,0,369,0
2020-03-19 16:38:45,5,46,22.2,55,9.3,1027.6,1032.5,5.4,7.1,2,369,0
2020-03-19 16:43:45,5,46,22.3,57,9.6,1027.6,1032.5,4.8,5.4,2,369,0
2020-03-19 16:48:45,5,46,22.4,58,9.1,1027.9,1032.8,6.5,8.2,0,369,0
2020-03-19 16:53:45,5,46,22.4,62,8,1028.1,1033,3.4,5.1,0,369,0
2020-03-19 16:58:45,5,45,22.4,64,7.7,1027.9,1032.8,4.1,5.1,0,369,0
2020-03-19 17:03:45,5,45,22.4,65,7.6,1028,1032.9,5.1,7.1,0,369,0
2020-03-19 17:08:45,5,45,22.4,66,7.5,1027.9,1032.8,3.1,4.1,0,369,0
2020-03-19 17:13:45,5,45,22.3,66,7.6,1027.9,1032.8,5.1,5.8,2,369,0
2020-03-19 17:18:45,5,45,22.3,65,8,1028,1032.9,3.7,4.4,0,369,0
2020-03-19 17:23:45,5,45,22.3,64,8.3,1027.9,1032.8,3.4,4.1,2,369,0
2020-03-19 17:28:45,5,45,22.3,63,8.4,1028.1,1033,4.1,4.8,0,369,0
2020-03-19 17:33:45,5,45,22.3,62,8.2,1028,1032.9,2.7,3.4,0,369,0
2020-03-19 17:38:45,5,45,22.3,62,8,1028.2,1033.1,4.1,5.4,0,369,0
2020-03-19 17:43:45,5,44,22.2,61,7.8,1028.1,1033,4.8,5.8,0,369,0
2020-03-19 17:48:45,5,44,22.1,61,7.9,1028.2,1033.1,4.4,4.8,2,369,0
2020-03-19 17:53:45,5,44,22.1,61,7.8,1028.3,1033.2,3.4,4.4,0,369,0
2020-03-19 17:58:45,5,43,22,61,7.7,1028.1,1033,3.7,4.4,0,369,0
2020-03-19 18:03:45,5,44,22,61,7.6,1028.2,1033.1,3.7,4.4,0,369,0
2020-03-19 18:08:45,5,44,22,61,7.5,1028.4,1033.3,3.1,3.7,0,369,0
2020-03-19 18:13:45,5,44,22,64,7.4,1027.9,1032.8,3.7,4.8,2,369,0
2020-03-19 18:18:45,5,43,22.1,63,7.2,1028.5,1033.4,4.4,4.8,0,369,0
2020-03-19 18:23:45,5,43,22.1,62,7,1028.6,1033.5,4.8,6.1,0,369,0
2020-03-19 18:28:45,5,43,22.1,62,6.9,1028.6,1033.5,3.7,4.8,0,369,0
2020-03-19 18:33:45,5,43,22,62,6.6,1028.7,1033.6,2.7,3.1,0,369,0
2020-03-19 18:38:45,5,44,21.8,63,6.3,1028.8,1033.7,1.7,2.4,0,369,0
2020-03-19 18:43:45,5,44,21.7,64,6,1028.8,1033.7,2,3.1,0,369,0
2020-03-19 18:48:45,5,45,21.6,65,5.9,1028.9,1033.8,3.7,5.1,1,369,0
2020-03-19 18:53:45,5,45,21.5,64,5.9,1029,1033.9,3.1,4.8,0,369,0
2020-03-19 18:58:45,5,45,21.4,64,5.7,1029.2,1034.1,2.7,3.4,2,369,0
2020-03-19 19:03:45,5,46,21.4,64,5.6,1029.2,1034.1,2,2.4,0,369,0
2020-03-19 19:08:45,5,46,21.2,64,5.4,1029.2,1034.1,2.4,4.1,0,369,0
2020-03-19 19:13:45,5,46,21.1,64,5.3,1029.3,1034.2,2.7,3.4,0,369,0
2020-03-19 19:18:45,5,46,21.2,64,5.3,1029.5,1034.4,3.4,3.7,1,369,0
2020-03-19 19:23:45,5,46,21.1,64,5.1,1029.4,1034.3,3.4,4.1,0,369,0
2020-03-19 19:28:45,5,46,21.1,65,4.9,1029.6,1034.5,2.4,3.1,0,369,0
2020-03-19 19:33:45,5,45,21.1,66,4.7,1029.8,1034.7,2.4,2.7,0,369,0
2020-03-19 19:38:45,5,45,21.1,67,4.7,1029.5,1034.4,2.7,3.4,0,369,0
2020-03-19 19:43:45,5,45,21,67,4.6,1029.9,1034.8,1.7,2.7,0,369,0
2020-03-19 19:48:45,5,46,21,68,4.5,1029.8,1034.7,2.4,3.4,0,369,0
2020-03-19 19:53:45,5,47,20.9,68,4.4,1029.8,1034.7,2.7,3.7,1,369,0
2020-03-19 19:58:45,5,47,20.9,69,4.3,1030,1034.9,3.1,4.1,0,369,0
2020-03-19 20:03:45,5,46,20.9,70,4.2,1030.1,1035,2.4,3.1,0,369,0
2020-03-19 20:08:45,5,46,20.9,70,4.1,1030.1,1035,2.4,3.1,0,369,0
2020-03-19 20:13:45,5,46,20.9,70,4,1030.2,1035.1,2.4,3.1,0,369,0
2020-03-19 20:18:45,5,45,20.8,70,3.9,1030.4,1035.3,1,1.4,15,369,0
2020-03-19 20:23:45,5,45,20.8,71,3.8,1030.2,1035.1,1,1.4,0,369,0
2020-03-19 20:28:45,5,45,20.8,71,3.6,1030.4,1035.3,2,2.7,0,369,0
2020-03-19 20:33:45,5,45,20.7,71,3.5,1030.4,1035.3,0.7,1,0,369,0
2020-03-19 20:38:45,5,45,20.8,71,3.4,1030.4,1035.3,1.4,1.7,0,369,0
2020-03-19 20:43:45,5,45,20.8,72,3.3,1030.4,1035.3,1,1.7,0,369,0
2020-03-19 20:48:45,5,46,20.8,72,3.3,1030.5,1035.4,1.4,2,0,369,0
2020-03-19 20:53:45,5,46,20.9,73,3.4,1030.5,1035.4,1.4,2,14,369,0
2020-03-19 20:58:45,5,45,21,73,3.5,1030.5,1035.4,1.7,2.4,0,369,0
2020-03-19 21:03:45,5,45,21,73,3.5,1030.6,1035.5,2.7,3.4,2,369,0
2020-03-19 21:08:45,5,45,21,73,3.6,1030.6,1035.5,2.4,3.1,0,369,0
2020-03-19 21:13:45,5,45,21,72,3.6,1030.6,1035.5,2,3.1,0,369,0
2020-03-19 21:18:45,5,45,21,72,3.7,1030.6,1035.5,2.7,3.1,0,369,0
2020-03-19 21:23:45,5,45,21,72,3.7,1030.6,1035.5,2.4,3.4,0,369,0
2020-03-19 21:28:45,5,45,21,72,3.7,1030.7,1035.6,3.1,3.4,0,369,0
2020-03-19 21:33:45,5,46,21,72,3.7,1030.6,1035.5,2,2.4,1,369,0
2020-03-19 21:38:45,5,46,21,72,3.7,1030.6,1035.5,2.7,3.7,0,369,0
2020-03-19 21:43:45,5,46,21,72,3.7,1030.8,1035.7,2.4,3.1,0,369,0
2020-03-19 21:48:45,5,46,21,72,3.8,1030.7,1035.6,2.7,3.4,0,369,0
2020-03-19 21:53:45,5,46,21,72,3.8,1030.9,1035.8,2.7,3.7,2,369,0
2020-03-19 21:58:45,5,46,21,72,3.8,1030.8,1035.7,3.4,3.7,0,369,0
2020-03-19 22:03:45,5,47,20.9,72,3.9,1030.9,1035.8,3.1,4.1,0,369,0
2020-03-19 22:08:45,5,46,21,71,3.9,1030.8,1035.7,3.7,4.4,0,369,0
2020-03-19 22:13:45,5,46,21,71,3.9,1030.9,1035.8,3.1,4.4,0,369,0
2020-03-19 22:18:45,5,46,21,71,4,1030.9,1035.8,3.4,5.1,0,369,0
2020-03-19 22:23:45,5,47,20.9,71,4,1031,1035.9,4.4,5.1,0,369,0
2020-03-19 22:28:45,5,47,20.9,71,4,1031,1035.9,3.7,5.1,0,369,0
2020-03-19 22:33:45,5,47,20.9,71,4,1031.1,1036,2.7,3.4,0,369,0
2020-03-19 22:38:45,5,47,20.9,71,3.9,1031,1035.9,3.4,5.1,0,369,0
2020-03-19 22:43:45,5,47,20.8,71,3.8,1030.9,1035.8,2.7,3.4,0,369,0
2020-03-19 22:48:45,5,46,20.8,71,3.7,1031,1035.9,3.4,3.7,0,369,0
2020-03-19 22:53:45,5,46,20.8,71,3.6,1031,1035.9,2.7,3.4,0,369,0
2020-03-19 22:58:45,5,46,20.8,71,3.6,1031,1035.9,3.4,4.1,0,369,0
2020-03-19 23:03:45,5,46,20.8,71,3.5,1031.1,1036,3.1,4.4,0,369,0
2020-03-19 23:08:45,5,46,20.8,71,3.4,1031.1,1036,3.4,5.1,1,369,0
2020-03-19 23:13:45,5,46,20.7,72,3.3,1031.1,1036,2.4,3.4,0,369,0
2020-03-19 23:18:45,5,46,20.7,72,3.1,1031,1035.9,3.1,4.1,0,369,0
2020-03-19 23:23:45,5,46,20.7,72,2.9,1031.2,1036.1,2.4,3.1,0,369,0
2020-03-19 23:28:45,5,46,20.7,73,2.9,1031.2,1036.1,3.7,5.1,0,369,0
2020-03-19 23:33:45,5,46,20.7,73,2.8,1031.2,1036.1,2.7,3.4,0,369,0
2020-03-19 23:38:45,5,46,20.6,73,2.7,1031.2,1036.1,3.1,3.7,2,369,0
2020-03-19 23:43:45,5,46,20.6,73,2.6,1031.2,1036.1,2.4,2.7,2,369,0
2020-03-19 23:48:45,5,46,20.7,73,2.4,1031.4,1036.3,1.7,2.7,0,369,0
2020-03-19 23:53:45,5,46,20.6,73,2.2,1031.2,1036.1,1.7,2,0,369,0
2020-03-19 23:58:45,5,46,20.6,74,2.1,1031.2,1036.1,1,2,2,369,0
