2017-11-01 00:04:40,5,64,20.7,74,10,1014,1018.9,1.4,2,10,176.1,0
2017-11-01 00:09:40,5,64,20.7,75,9.9,1014.1,1019,0.7,1.4,8,176.1,0
2017-11-01 00:14:40,5,64,20.6,75,9.9,1014.1,1019,0.3,1.4,10,176.1,0
2017-11-01 00:19:40,5,64,20.6,75,9.8,1014,1018.9,0.7,1.4,0,176.1,0
2017-11-01 00:24:40,5,64,20.5,75,9.8,1014,1018.9,0.7,1,10,176.1,0
2017-11-01 00:29:40,5,64,20.4,75,9.7,1013.9,1018.8,1,1.4,10,176.1,0
2017-11-01 00:34:40,5,64,20.5,75,9.7,1014,1018.9,0.3,0.7,12,176.1,0
2017-11-01 00:39:40,5,64,20.4,75,9.7,1013.9,1018.8,0.3,1,10,176.1,0
2017-11-01 00:44:40,5,64,20.4,75,9.6,1013.9,1018.8,0.7,1.4,10,176.1,0
2017-11-01 00:49:40,5,64,20.3,75,9.6,1014,1018.9,0.7,1.4,10,176.1,0
2017-11-01 00:54:40,5,64,20.3,75,9.5,1013.8,1018.7,0.3,0.7,10,176.1,0
2017-11-01 00:59:40,5,64,20.3,75,9.4,1013.8,1018.7,0,0.3,4,176.1,0
2017-11-01 01:04:40,5,64,20.2,75,9.3,1013.6,1018.5,0.3,1,4,176.1,0
2017-11-01 01:09:40,5,64,20.2,75,9.3,1013.7,1018.6,0.7,1.4,10,176.1,0
2017-11-01 01:14:40,5,64,20.2,75,9.5,1013.7,1018.6,0.3,1,8,176.1,0
2017-11-01 01:19:40,5,64,20.1,75,9.7,1013.6,1018.5,1,1.7,12,176.1,0
2017-11-01 01:24:40,5,64,20.1,75,9.7,1013.7,1018.6,1,1.4,8,176.1,0
2017-11-01 01:29:40,5,64,20.1,75,9.7,1013.6,1018.5,1,1.7,10,176.1,0
2017-11-01 01:34:40,5,64,20,75,9.7,1013.7,1018.6,1.7,2.4,9,176.1,0
2017-11-01 01:39:40,5,64,20,75,9.7,1013.6,1018.5,2.4,3.4,10,176.1,0
2017-11-01 01:44:40,5,64,20,75,9.7,1013.7,1018.6,2,3.1,8,176.1,0
2017-11-01 01:49:40,5,64,20,75,9.7,1013.8,1018.7,1.7,3.1,9,176.1,0
2017-11-01 01:54:40,5,65,19.9,75,9.6,1013.8,1018.7,1.7,2.7,10,176.1,0
2017-11-01 01:59:40,5,65,19.9,75,9.6,1013.9,1018.8,1.4,2,10,176.1,0
2017-11-01 02:04:40,5,65,19.9,75,9.6,1013.9,1018.8,1,2.4,8,176.1,0
2017-11-01 02:09:40,5,65,19.8,75,9.6,1013.8,1018.7,1.4,2,14,176.1,0
2017-11-01 02:14:40,5,65,19.8,75,9.6,1013.8,1018.7,1,2,8,176.1,0
2017-11-01 02:19:40,5,65,19.8,75,9.7,1013.7,1018.6,1.7,2.4,10,176.1,0
2017-11-01 02:24:40,5,65,19.8,75,9.7,1013.6,1018.5,1.4,1.7,8,176.1,0
2017-11-01 02:29:40,5,65,19.7,75,9.7,1013.7,1018.6,1.7,2.4,8,176.1,0
2017-11-01 02:34:40,5,65,19.7,75,9.7,1013.6,1018.5,2,2.7,8,176.1,0
2017-11-01 02:39:40,5,66,19.7,75,9.7,1013.7,1018.6,1.7,2.4,10,176.1,0
2017-11-01 02:44:40,5,66,19.7,75,9.7,1013.7,1018.6,1.7,2.4,8,176.1,0
2017-11-01 02:49:40,5,66,19.7,75,9.8,1013.8,1018.7,1.7,3.1,8,176.1,0
2017-11-01 02:54:40,5,65,19.6,75,9.8,1013.6,1018.5,1.4,2,8,176.1,0
2017-11-01 02:59:40,5,66,19.6,75,9.9,1013.7,1018.6,1.7,2,8,176.1,0
2017-11-01 03:04:40,5,66,19.6,75,9.9,1013.6,1018.5,1.4,2.7,10,176.1,0
2017-11-01 03:09:40,5,66,19.6,74,10,1013.5,1018.4,2,3.1,10,176.1,0
2017-11-01 03:14:40,5,66,19.6,73,10,1013.5,1018.4,1.4,2.4,10,176.1,0
2017-11-01 03:19:40,5,65,19.5,73,10,1013.5,1018.4,1.7,2.4,10,176.1,0
2017-11-01 03:24:40,5,66,19.5,74,9.9,1013.5,1018.4,1.4,2.7,8,176.1,0
2017-11-01 03:29:40,5,66,19.5,74,9.9,1013.4,1018.3,2,2.4,13,176.1,0
2017-11-01 03:34:40,5,66,19.5,74,9.8,1013.3,1018.2,1.4,2.4,14,176.1,0
2017-11-01 03:39:40,5,65,19.5,74,9.8,1013.3,1018.2,1.4,2.4,10,176.1,0
2017-11-01 03:44:40,5,66,19.5,74,9.7,1013.2,1018.1,1,1.7,10,176.1,0
2017-11-01 03:49:40,5,65,19.5,74,9.7,1013.2,1018.1,2.4,3.4,8,176.1,0
2017-11-01 03:54:40,5,65,19.5,74,9.8,1013.2,1018.1,2,3.7,8,176.1,0
2017-11-01 03:59:40,5,65,19.4,74,9.8,1013.2,1018.1,1.4,2.4,8,176.1,0
2017-11-01 04:04:40,5,65,19.4,74,9.7,1013,1017.9,1.4,2.4,8,176.1,0
2017-11-01 04:09:40,5,65,19.4,74,9.7,1013.2,1018.1,1.4,2,8,176.1,0
2017-11-01 04:14:40,5,65,19.4,74,9.7,1013,1017.9,1.7,2.7,10,176.1,0
2017-11-01 04:19:40,5,65,19.4,74,9.7,1013.1,1018,2,2.4,9,176.1,0
2017-11-01 04:24:40,5,65,19.4,74,9.7,1012.9,1017.8,2,3.7,8,176.1,0
2017-11-01 04:29:40,5,65,19.4,74,9.6,1012.9,1017.8,1.4,2,8,176.1,0
2017-11-01 04:34:40,5,65,19.4,74,9.6,1013,1017.9,1.4,2.4,10,176.1,0
2017-11-01 04:39:40,5,65,19.3,74,9.6,1013,1017.9,1.7,3.1,10,176.1,0
2017-11-01 04:44:40,5,65,19.3,74,9.6,1013,1017.9,0.7,1,8,176.1,0
2017-11-01 04:49:40,5,65,19.3,74,9.5,1013,1017.9,1.4,2,8,176.1,0
2017-11-01 04:54:40,5,65,19.3,74,9.5,1013.1,1018,2,2.7,10,176.1,0
2017-11-01 04:59:40,5,65,19.3,74,9.5,1013,1017.9,2,2.7,8,176.1,0
2017-11-01 05:04:40,5,65,19.3,74,9.5,1012.9,1017.8,2,3.4,8,176.1,0
2017-11-01 05:09:40,5,65,19.3,74,9.5,1013,1017.9,1.7,3.1,8,176.1,0
2017-11-01 05:14:40,5,65,19.3,74,9.5,1012.9,1017.8,1.7,2.4,10,176.1,0
2017-11-01 05:19:40,5,65,19.3,74,9.5,1012.9,1017.8,1,2,8,176.1,0
2017-11-01 05:24:40,5,65,19.3,74,9.5,1012.9,1017.8,1.4,2.4,0,176.1,0
2017-11-01 05:29:40,5,65,19.3,74,9.5,1012.9,1017.8,1.7,2.4,10,176.1,0
2017-11-01 05:34:40,5,65,19.3,74,9.5,1012.8,1017.7,1.4,1.7,10,176.1,0
2017-11-01 05:39:40,5,65,19.2,74,9.4,1012.9,1017.8,2,3.1,10,176.1,0
2017-11-01 05:44:40,5,65,19.2,74,9.4,1012.8,1017.7,1.7,2.7,9,176.1,0
2017-11-01 05:49:40,5,65,19.2,74,9.4,1013,1017.9,1.4,2,13,176.1,0
2017-11-01 05:54:40,5,65,19.2,74,9.4,1012.8,1017.7,1.4,2.4,8,176.1,0
2017-11-01 05:59:40,5,65,19.2,74,9.4,1012.9,1017.8,1.4,2.4,8,176.1,0
2017-11-01 06:04:40,5,65,19.2,74,9.4,1012.7,1017.6,0.7,2,14,176.1,0
2017-11-01 06:09:40,5,65,19.2,74,9.4,1012.8,1017.7,1,2,8,176.1,0
2017-11-01 06:14:40,5,65,19.2,74,9.5,1012.7,1017.6,1,2,10,176.1,0
2017-11-01 06:19:40,5,65,19.2,74,9.5,1012.8,1017.7,1.7,2.4,10,176.1,0
2017-11-01 06:24:40,5,65,19.2,74,9.5,1012.8,1017.7,1.7,2.4,10,176.1,0
2017-11-01 06:29:40,5,65,19.2,74,9.5,1012.9,1017.8,1.7,2.4,10,176.1,0
2017-11-01 06:34:40,5,65,19.2,74,9.5,1012.8,1017.7,1.7,2,10,176.1,0
2017-11-01 06:39:40,5,65,19.2,74,9.5,1012.8,1017.7,2.4,3.4,8,176.1,0
2017-11-01 06:44:40,5,65,19.2,74,9.6,1012.9,1017.8,1,1.7,10,176.1,0
2017-11-01 06:49:40,5,65,19.1,74,9.6,1012.8,1017.7,0.7,1.4,10,176.1,0
2017-11-01 06:54:40,5,65,19.1,74,9.6,1012.9,1017.8,0.7,1.7,12,176.1,0
2017-11-01 06:59:40,5,65,19.1,74,9.6,1012.9,1017.8,1.4,1.7,8,176.1,0
2017-11-01 07:04:40,5,65,19.1,74,9.6,1012.9,1017.8,1.7,2.7,8,176.1,0
2017-11-01 07:09:40,5,65,19.1,74,9.7,1012.9,1017.8,1.4,2,8,176.1,0
2017-11-01 07:14:40,5,65,19.1,74,9.7,1012.8,1017.7,2,3.1,8,176.1,0
2017-11-01 07:19:40,5,65,19.1,74,9.7,1013.1,1018,1.4,1.7,2,176.1,0
2017-11-01 07:24:40,5,65,19.1,74,9.7,1013,1017.9,1.4,2,10,176.1,0
2017-11-01 07:29:40,5,65,19.1,74,9.8,1013,1017.9,1.4,2,8,176.1,0
2017-11-01 07:34:40,5,65,19.1,74,9.8,1012.9,1017.8,1,1.7,8,176.1,0
2017-11-01 07:39:40,5,65,19.1,74,9.7,1013,1017.9,1,2,10,176.1,0
2017-11-01 07:44:40,5,65,19.1,74,9.6,1013.2,1018.1,1,1.7,8,176.1,0
2017-11-01 07:49:40,5,65,19.1,74,9.6,1013,1017.9,1.4,1.7,10,176.1,0
2017-11-01 07:54:40,5,65,19,74,9.6,1013.1,1018,1.4,1.7,10,176.1,0
2017-11-01 07:59:40,5,65,19.1,74,9.6,1013.1,1018,1.4,2.4,8,176.1,0
2017-11-01 08:04:40,5,65,19.1,74,9.7,1013.2,1018.1,1.7,2.7,10,176.1,0
2017-11-01 08:09:40,5,65,19.1,74,9.7,1013.3,1018.2,1.4,2,10,176.1,0
2017-11-01 08:14:40,5,65,19.1,74,9.7,1013.4,1018.3,1.7,2.4,10,176.1,0
2017-11-01 08:19:40,5,65,19.1,74,9.7,1013.4,1018.3,1.4,1.7,9,176.1,0
2017-11-01 08:24:40,5,65,19.1,74,9.7,1013.4,1018.3,1.4,2.4,10,176.1,0
2017-11-01 08:29:40,5,63,19,73,10,1013.6,1018.5,1.7,2.7,8,176.1,0
2017-11-01 08:34:40,5,63,18.9,73,10.1,1013.4,1018.3,1.7,2.4,10,176.1,0
2017-11-01 08:39:40,5,63,18.9,73,10.1,1013.5,1018.4,0.7,1.4,10,176.1,0
2017-11-01 08:44:40,5,64,18.9,73,10,1013.7,1018.6,0,0.3,10,176.1,0
2017-11-01 08:49:40,5,64,18.9,73,10,1013.6,1018.5,0,0.3,10,176.1,0
2017-11-01 08:54:40,5,64,18.9,73,10.1,1013.8,1018.7,0,0.7,10,176.1,0
2017-11-01 08:59:40,5,64,18.9,73,10.2,1013.7,1018.6,0,0.7,10,176.1,0
2017-11-01 09:04:40,5,64,18.9,73,10.3,1013.7,1018.6,0.3,1,8,176.1,0
2017-11-01 09:09:40,5,64,18.8,73,10.6,1013.5,1018.4,0.7,1,10,176.1,0
2017-11-01 09:14:40,5,65,18.9,73,10.9,1013.5,1018.4,0.3,1,10,176.1,0
2017-11-01 09:19:40,5,65,18.9,71,11.1,1013.6,1018.5,0.7,1.4,9,176.1,0
2017-11-01 09:24:40,5,65,18.9,70,11.2,1013.6,1018.5,0.7,1,10,176.1,0
2017-11-01 09:29:40,5,64,19,70,11.3,1013.4,1018.3,1,2,10,176.1,0
2017-11-01 09:34:40,5,64,19,69,11.4,1013.7,1018.6,0.3,0.7,8,176.1,0
2017-11-01 09:39:40,5,64,19,69,11.5,1013.6,1018.5,0.7,2,8,176.1,0
2017-11-01 09:44:40,5,64,19,69,11.6,1013.6,1018.5,1.4,2,8,176.1,0
2017-11-01 09:49:40,5,64,19,68,11.7,1013.4,1018.3,1.4,2.7,12,176.1,0
2017-11-01 09:54:40,5,64,19,67,11.7,1013.5,1018.4,1.4,2.7,10,176.1,0
2017-11-01 09:59:40,5,64,19,67,11.7,1013.7,1018.6,1.7,2.7,10,176.1,0
2017-11-01 10:04:40,5,64,19,67,11.7,1013.5,1018.4,2,2.7,10,176.1,0
2017-11-01 10:09:40,5,64,19.1,67,11.7,1013.7,1018.6,1,1.4,10,176.1,0
2017-11-01 10:14:40,5,64,19.1,67,11.8,1013.7,1018.6,1.4,1.7,8,176.1,0
2017-11-01 10:20:40,6,64,19.1,67,11.9,1013.7,1018.6,1.4,1.7,10,176.1,0
2017-11-01 10:25:40,5,64,19.1,66,12,1013.6,1018.5,0.3,1,10,176.1,0
2017-11-01 10:30:40,5,64,19.2,66,12.1,1013.6,1018.5,1,2.4,8,176.1,0
2017-11-01 10:36:40,6,64,19.2,66,12.3,1013.7,1018.6,0.7,1.4,8,176.1,0
2017-11-01 10:41:40,5,65,19.2,65,12.4,1013.6,1018.5,1,1.4,10,176.1,0
2017-11-01 10:46:40,5,65,19.2,66,12.5,1013.7,1018.6,1.4,2,10,176.1,0
2017-11-01 10:52:40,6,65,19.3,66,12.6,1013.6,1018.5,0.7,2,8,176.1,0
2017-11-01 10:57:40,5,65,19.3,65,12.7,1013.6,1018.5,1.4,2,8,176.1,0
2017-11-01 11:02:40,5,65,19.3,65,13,1013.4,1018.3,2,2.7,8,176.1,0
2017-11-01 11:08:40,6,65,19.3,64,13.6,1013.5,1018.4,3.4,4.1,10,176.1,0
2017-11-01 11:13:40,5,65,19.4,63,13.6,1013.5,1018.4,1,1.4,10,176.1,0
2017-11-01 11:18:40,5,65,19.4,63,13.4,1013.4,1018.3,1,1.7,8,176.1,0
2017-11-01 11:24:40,6,65,19.4,64,13.7,1013.3,1018.2,1,1.7,10,176.1,0
2017-11-01 11:29:40,5,65,19.5,63,13.5,1013.4,1018.3,1,1.7,10,176.1,0
2017-11-01 11:34:40,5,65,19.5,63,13.3,1013.3,1018.2,1,1.7,8,176.1,0
2017-11-01 11:40:40,6,65,19.5,63,13.3,1013.2,1018.1,2.7,3.7,8,176.1,0
2017-11-01 11:45:40,5,65,19.6,62,13.7,1013.3,1018.2,1,1.4,10,176.1,0
2017-11-01 11:50:40,5,64,19.6,62,14.1,1013.2,1018.1,1.7,2.4,12,176.1,0
2017-11-01 11:56:40,6,64,19.6,61,14.4,1013.2,1018.1,1.4,2.4,12,176.1,0
2017-11-01 12:01:40,5,64,19.6,60,14.5,1013.2,1018.1,0.7,2.4,12,176.1,0
2017-11-01 12:06:40,5,64,19.7,61,14.7,1013.1,1018,1.4,2.4,10,176.1,0
2017-11-01 12:12:40,6,64,19.7,60,14.5,1013.3,1018.2,1.4,2.4,10,176.1,0
2017-11-01 12:17:40,5,64,19.7,59,14.5,1013.2,1018.1,2,2.4,12,176.1,0
2017-11-01 12:22:40,5,64,19.7,59,14.4,1013.1,1018,1.4,2.4,8,176.1,0
2017-11-01 12:28:40,6,64,19.8,59,14.8,1013.1,1018,2,2.7,10,176.1,0
2017-11-01 12:33:40,5,64,19.8,58,15,1013.1,1018,1,1.7,10,176.1,0
2017-11-01 12:38:40,5,64,19.8,58,15.1,1013,1017.9,0.7,1,12,176.1,0
2017-11-01 12:44:40,6,64,19.9,58,14.8,1012.9,1017.8,0.7,2,12,176.1,0
2017-11-01 12:49:40,5,64,19.9,59,14.9,1012.7,1017.6,1.4,1.7,12,176.1,0
2017-11-01 12:54:40,5,64,19.9,59,14.7,1012.6,1017.5,2.7,3.4,11,176.1,0
2017-11-01 13:00:40,6,64,19.9,59,14.6,1012.7,1017.6,1.7,2.7,10,176.1,0
2017-11-01 13:05:40,5,64,19.9,58,14.9,1012.7,1017.6,1,2,13,176.1,0
2017-11-01 13:10:40,5,63,20,56,15.1,1012.7,1017.6,1,1.7,12,176.1,0
2017-11-01 13:16:40,6,63,20,57,14.7,1012.7,1017.6,1,1.4,12,176.1,0
2017-11-01 13:21:40,5,63,20,58,14.4,1012.7,1017.6,1,1.7,12,176.1,0
2017-11-01 13:26:40,5,63,20,58,14.6,1012.8,1017.7,1,2.4,10,176.1,0
2017-11-01 13:32:40,6,64,20.1,58,14.8,1012.7,1017.6,1,2,12,176.1,0
2017-11-01 13:37:40,5,64,20.1,57,15.1,1012.6,1017.5,1.4,1.7,10,176.1,0
2017-11-01 13:42:40,5,64,20.2,56,15.2,1012.8,1017.7,1,1.7,10,176.1,0
2017-11-01 13:48:40,6,63,20.3,58,14.8,1012.7,1017.6,1.4,2,10,176.1,0
2017-11-01 13:53:40,5,63,20.3,59,14.4,1012.7,1017.6,2,2.7,10,176.1,0
2017-11-01 13:58:40,5,63,20.3,59,14.3,1012.8,1017.7,1,1.7,12,176.1,0
2017-11-01 14:04:40,6,63,20.3,60,14.1,1012.9,1017.8,1.4,2,12,176.1,0
2017-11-01 14:09:40,5,63,20.2,62,13.8,1012.9,1017.8,1.4,2,10,176.1,0
2017-11-01 14:14:40,5,63,20.3,62,13.5,1013,1017.9,1.4,1.7,12,176.1,0
2017-11-01 14:20:40,6,63,20.2,64,13.3,1012.8,1017.7,1,2,10,176.1,0
2017-11-01 14:25:40,5,63,20.2,65,13.2,1012.9,1017.8,1,1.4,10,176.1,0
2017-11-01 14:30:40,5,63,20.1,65,13.2,1012.7,1017.6,0.7,1.4,14,176.1,0
2017-11-01 14:36:40,6,63,20.2,65,13.1,1012.8,1017.7,0.3,1,12,176.1,0
2017-11-01 14:41:40,5,63,20.1,65,13.1,1012.7,1017.6,0.7,1.4,12,176.1,0
2017-11-01 14:46:40,5,63,20.1,65,13.2,1012.7,1017.6,1,1.7,12,176.1,0
2017-11-01 14:52:40,6,63,20.1,65,13.1,1012.7,1017.6,1,1.7,10,176.1,0
2017-11-01 14:57:40,5,63,20,65,13.1,1012.7,1017.6,0.7,1,14,176.1,0
2017-11-01 15:02:40,5,63,20,65,13,1012.6,1017.5,1,1.7,12,176.1,0
2017-11-01 15:08:40,6,63,20,65,12.9,1012.5,1017.4,0.7,1.4,12,176.1,0
2017-11-01 15:13:40,5,63,20,65,12.8,1012.5,1017.4,1.4,1.7,12,176.1,0
2017-11-01 15:18:40,5,63,20,65,12.8,1012.7,1017.6,1,1.7,12,176.1,0
2017-11-01 15:24:40,6,63,20,65,12.7,1012.7,1017.6,0.3,1.4,12,176.1,0
2017-11-01 15:29:40,5,63,20,66,12.7,1012.7,1017.6,0.7,1.4,10,176.1,0
2017-11-01 15:34:40,5,63,20,66,12.7,1012.7,1017.6,0,0.7,12,176.1,0
2017-11-01 15:40:40,6,63,20,66,12.6,1012.8,1017.7,0.3,1,10,176.1,0
2017-11-01 15:45:40,5,64,19.9,66,12.6,1012.8,1017.7,1,1.7,10,176.1,0
2017-11-01 15:50:40,5,64,19.9,66,12.5,1012.8,1017.7,1,1.7,10,176.1,0
2017-11-01 15:56:40,6,64,19.9,67,12.3,1012.8,1017.7,1.4,2.4,12,176.1,0
2017-11-01 16:01:40,5,64,19.8,67,12.2,1012.8,1017.7,0.7,1.4,12,176.1,0
2017-11-01 16:06:40,5,64,19.9,68,12.2,1012.7,1017.6,0.7,1.4,10,176.1,0
2017-11-01 16:12:40,6,64,19.8,68,12,1012.7,1017.6,0.7,1,10,176.1,0
2017-11-01 16:17:40,5,64,19.8,69,11.9,1012.7,1017.6,0.7,0.7,12,176.1,0
2017-11-01 16:22:40,5,64,19.8,69,11.8,1012.8,1017.7,0.3,0.7,10,176.1,0
2017-11-01 16:28:40,6,64,19.8,69,11.7,1012.9,1017.8,0.3,0.7,10,176.1,0
2017-11-01 16:33:40,5,64,19.8,70,11.6,1012.8,1017.7,0,0,10,176.1,0
2017-11-01 16:38:40,5,64,19.8,70,11.5,1012.9,1017.8,0,0,12,176.1,0
2017-11-01 16:44:40,6,64,19.7,70,11.5,1012.8,1017.7,0,0.3,12,176.1,0
2017-11-01 16:49:40,5,64,19.7,71,11.5,1013,1017.9,0.3,0.7,12,176.1,0
2017-11-01 16:54:40,5,64,19.7,71,11.5,1013,1017.9,0.3,1,12,176.1,0
2017-11-01 17:00:40,6,64,19.6,71,11.5,1012.9,1017.8,0.3,0.7,12,176.1,0
2017-11-01 17:05:40,5,64,19.6,71,11.5,1012.9,1017.8,0.3,0.7,10,176.1,0
2017-11-01 17:10:40,5,64,19.6,72,11.4,1012.9,1017.8,0.3,0.7,12,176.1,0
2017-11-01 17:16:40,6,64,19.6,72,11.3,1013,1017.9,0.3,0.7,12,176.1,0
2017-11-01 17:21:40,5,64,19.5,72,11.4,1013,1017.9,1,1.4,12,176.1,0
2017-11-01 17:26:40,5,64,19.5,72,11.4,1013,1017.9,1,1.7,12,176.1,0
2017-11-01 17:32:40,6,64,19.5,72,11.4,1012.9,1017.8,0.7,1.4,12,176.1,0
2017-11-01 17:37:40,5,64,19.5,72,11.3,1012.9,1017.8,1,1.4,10,176.1,0
2017-11-01 17:42:40,5,64,19.5,73,11.3,1013,1017.9,0.3,0.7,12,176.1,0
2017-11-01 17:48:40,6,64,19.4,73,11.4,1013,1017.9,0.3,0.7,12,176.1,0
2017-11-01 17:53:40,5,64,19.4,73,11.4,1013.2,1018.1,0.7,1,12,176.1,0
2017-11-01 17:58:40,5,64,19.4,73,11.4,1013.2,1018.1,0.7,1.4,12,176.1,0
2017-11-01 18:04:40,6,64,19.4,73,11.4,1013.3,1018.2,0.7,1.4,12,176.1,0
2017-11-01 18:09:40,5,64,19.4,73,11.4,1013.1,1018,1,1.4,12,176.1,0
2017-11-01 18:14:40,5,64,19.4,73,11.4,1013.1,1018,1,1.4,12,176.1,0
2017-11-01 18:20:40,6,64,19.4,73,11.3,1013.1,1018,0.3,0.7,12,176.1,0
2017-11-01 18:25:40,5,64,19.4,73,11.2,1013,1017.9,0.3,0.3,12,176.1,0
2017-11-01 18:30:40,5,64,19.4,73,11,1013.1,1018,0.3,0.7,12,176.1,0
2017-11-01 18:36:40,6,64,19.4,74,10.7,1013.1,1018,0,0.3,10,176.1,0
2017-11-01 18:41:40,5,64,19.3,74,10.6,1013.2,1018.1,0,0.3,10,176.1,0
2017-11-01 18:46:40,5,64,19.3,74,10.5,1013.1,1018,0.3,0.7,10,176.1,0
2017-11-01 18:52:40,6,64,19.3,75,10.4,1013.2,1018.1,0,0.3,10,176.1,0
2017-11-01 18:57:40,5,65,19.3,75,10.3,1013.2,1018.1,0.3,0.7,12,176.1,0
2017-11-01 19:02:40,5,65,19.3,75,10.4,1013.2,1018.1,0.3,0.7,12,176.1,0
2017-11-01 19:08:40,6,65,19.3,75,10.3,1013.2,1018.1,0.3,0.7,10,176.1,0
2017-11-01 19:13:40,5,65,19.3,75,10.4,1013.3,1018.2,0.3,0.7,10,176.1,0
2017-11-01 19:18:40,5,65,19.3,75,10.5,1013.2,1018.1,0.7,1,12,176.1,0
2017-11-01 19:24:40,6,65,19.3,75,10.7,1013.3,1018.2,0.7,1.4,12,176.1,0
2017-11-01 19:29:40,5,66,19.3,75,10.8,1013.3,1018.2,0.7,1,12,176.1,0
2017-11-01 19:34:40,5,66,19.3,75,10.8,1013.4,1018.3,0.3,1,10,176.1,0
2017-11-01 19:40:40,6,66,19.3,75,10.7,1013.3,1018.2,0.3,0.7,10,176.1,0
2017-11-01 19:45:40,5,66,19.3,75,10.6,1013.5,1018.4,0.3,0.7,10,176.1,0
2017-11-01 19:50:40,5,66,19.3,75,10.5,1013.4,1018.3,0.7,1.4,10,176.1,0
2017-11-01 19:56:40,6,66,19.3,76,10.4,1013.3,1018.2,0,0.3,10,176.1,0
2017-11-01 20:01:40,5,66,19.3,76,10.3,1013.4,1018.3,0.7,1,12,176.1,0
2017-11-01 20:06:40,5,67,19.3,76,10.3,1013.2,1018.1,0.3,0.7,10,176.1,0
2017-11-01 20:12:40,6,67,19.4,76,10.1,1013.3,1018.2,0.3,0.7,10,176.1,0
2017-11-01 20:17:40,5,67,19.4,76,10,1013.4,1018.3,0.7,1,8,176.1,0
2017-11-01 20:22:40,5,67,19.5,76,10,1013.4,1018.3,0.3,0.7,12,176.1,0
2017-11-01 20:28:40,6,67,19.6,76,10.1,1013.4,1018.3,0.7,1,12,176.1,0
2017-11-01 20:33:40,5,67,19.6,76,10.2,1013.4,1018.3,0.7,1,12,176.1,0
2017-11-01 20:38:40,5,67,19.7,76,10.3,1013.5,1018.4,0.3,1,10,176.1,0
2017-11-01 20:44:40,6,67,19.8,76,10.4,1013.2,1018.1,0.7,1.4,12,176.1,0
2017-11-01 20:49:40,5,67,19.9,76,10.5,1013.3,1018.2,0.7,1.4,12,176.1,0
2017-11-01 20:54:40,5,66,20,76,10.5,1013.2,1018.1,0.7,1.4,10,176.1,0
2017-11-01 21:00:40,6,66,20.3,76,10.6,1013.4,1018.3,0.7,1.4,10,176.1,0
2017-11-01 21:05:40,5,66,20.3,76,10.6,1013.2,1018.1,0.7,1.4,12,176.1,0
2017-11-01 21:10:40,5,66,20.3,76,10.6,1013.2,1018.1,0.7,1,12,176.1,0
2017-11-01 21:16:40,6,66,20.5,76,10.6,1013.3,1018.2,0.7,1,12,176.1,0
2017-11-01 21:21:40,5,66,20.5,76,10.6,1013.3,1018.2,0.3,1,10,176.1,0
2017-11-01 21:26:40,5,66,20.6,77,10.6,1013.2,1018.1,0.7,1,12,176.1,0
2017-11-01 21:32:40,6,65,20.7,77,10.6,1013.3,1018.2,0.3,0.7,10,176.1,0
2017-11-01 21:37:40,5,65,20.7,77,10.6,1013.3,1018.2,0.7,1,10,176.1,0
2017-11-01 21:42:40,5,65,20.8,77,10.6,1013.3,1018.2,0.3,0.7,10,176.1,0
2017-11-01 21:48:40,6,65,20.8,77,10.6,1013.4,1018.3,0.3,1,12,176.1,0
2017-11-01 21:53:40,5,65,20.9,77,10.6,1013.3,1018.2,0.3,1,10,176.1,0
2017-11-01 21:58:40,5,64,21,77,10.6,1013.7,1018.6,0.3,1,12,176.1,0
2017-11-01 22:04:40,6,64,21,77,10.6,1013.5,1018.4,0.3,1,12,176.1,0
2017-11-01 22:09:40,5,64,21.1,77,10.6,1013.6,1018.5,0.3,0.7,12,176.1,0
2017-11-01 22:14:40,5,63,21.1,77,10.6,1013.5,1018.4,0.3,0.7,12,176.1,0
2017-11-01 22:20:40,6,63,21.2,77,10.6,1013.4,1018.3,0.3,0.7,10,176.1,0
2017-11-01 22:25:40,5,63,21.2,77,10.6,1013.4,1018.3,0.7,1,10,176.1,0
2017-11-01 22:30:40,5,63,21.2,77,10.7,1013.5,1018.4,0,0,10,176.1,0
2017-11-01 22:36:40,6,63,21.2,77,10.7,1013.5,1018.4,0.3,0.7,10,176.1,0
2017-11-01 22:41:40,5,63,21.2,77,10.7,1013.4,1018.3,0,0.3,12,176.1,0
2017-11-01 22:46:40,5,63,21.2,77,10.7,1013.4,1018.3,0.7,1,10,176.1,0
2017-11-01 22:52:40,6,63,21.2,77,10.7,1013.3,1018.2,0,0.7,10,176.1,0
2017-11-01 22:57:40,5,63,21.2,77,10.7,1013.5,1018.4,0.3,0.7,10,176.1,0
2017-11-01 23:02:40,5,63,21.2,77,10.8,1013.4,1018.3,0.7,1,12,176.1,0
2017-11-01 23:07:40,5,63,21.1,77,10.8,1013.3,1018.2,0.3,0.7,12,176.1,0
2017-11-01 23:12:40,5,63,21.1,77,10.8,1013.4,1018.3,0.3,0.7,12,176.1,0
2017-11-01 23:17:40,5,63,21,77,10.8,1013.4,1018.3,0.3,0.7,10,176.1,0
2017-11-01 23:22:40,5,63,21,77,10.8,1013.4,1018.3,0.3,0.7,12,176.1,0
2017-11-01 23:27:40,5,64,20.9,77,10.8,1013.5,1018.4,0.3,1,12,176.1,0
2017-11-01 23:32:40,5,64,20.9,77,10.8,1013.5,1018.4,1,1.4,12,176.1,0
2017-11-01 23:37:40,5,64,20.8,77,10.8,1013.5,1018.4,0.7,1,12,176.1,0
2017-11-01 23:42:40,5,65,20.7,77,10.8,1013.5,1018.4,1,1.7,12,176.1,0
2017-11-01 23:47:40,5,65,20.7,77,10.8,1013.5,1018.4,0.3,0.7,12,176.1,0
2017-11-01 23:52:40,5,65,20.7,77,10.8,1013.5,1018.4,0.3,1,12,176.1,0
2017-11-01 23:57:40,5,65,20.7,77,10.8,1013.5,1018.4,0,0.7,12,176.1,0
