2017-11-30 00:03:35,5,51,19.5,76,1.8,1019.5,1024.4,1.7,2.4,12,206.7,0
2017-11-30 00:08:35,5,51,19.4,76,1.9,1019.5,1024.4,1.4,2,14,206.7,0
2017-11-30 00:13:35,5,51,19.4,75,2,1019.5,1024.4,0.7,1.4,12,206.7,0
2017-11-30 00:18:35,5,51,19.4,76,1.9,1019.4,1024.3,0.3,0.7,12,206.7,0
2017-11-30 00:23:35,5,51,19.4,76,1.9,1019.4,1024.3,0.3,1,12,206.7,0
2017-11-30 00:28:35,5,51,19.4,75,2,1019.4,1024.3,1,1.4,12,206.7,0
2017-11-30 00:33:35,5,51,19.4,75,2,1019.3,1024.2,0.7,1,10,206.7,0
2017-11-30 00:38:35,5,51,19.4,75,2,1019.2,1024.1,0.3,0.7,10,206.7,0
2017-11-30 00:43:35,5,51,19.4,75,2,1019.3,1024.2,0.7,1.4,12,206.7,0
2017-11-30 00:48:35,5,51,19.3,76,1.9,1019.1,1024,1,2.4,12,206.7,0
2017-11-30 00:53:35,5,51,19.3,75,2,1019.1,1024,1.4,2,14,206.7,0
2017-11-30 00:58:35,5,51,19.3,75,2.1,1019.2,1024.1,3.4,4.8,12,206.7,0
2017-11-30 01:03:35,5,51,19.3,75,2.4,1019.3,1024.2,2.4,3.4,14,206.7,0
2017-11-30 01:08:35,5,51,19.3,75,2.5,1019.1,1024,3.1,4.1,12,206.7,0
2017-11-30 01:13:35,5,51,19.2,75,2.5,1018.9,1023.8,0.7,1,12,206.7,0
2017-11-30 01:18:35,5,51,19.3,75,2.5,1019.1,1024,1.4,2.7,14,206.7,0
2017-11-30 01:23:35,5,51,19.3,75,2.4,1019,1023.9,1.4,1.7,12,206.7,0
2017-11-30 01:28:35,5,51,19.2,75,2.3,1018.8,1023.7,2,2.7,12,206.7,0
2017-11-30 01:33:35,5,51,19.2,75,2.3,1018.9,1023.8,1.4,1.7,12,206.7,0
2017-11-30 01:38:35,5,51,19.2,75,2.3,1018.8,1023.7,1,1.7,14,206.7,0
2017-11-30 01:43:35,5,51,19.2,75,2.2,1019,1023.9,1,1.4,12,206.7,0
2017-11-30 01:48:35,5,51,19.2,75,2.1,1019,1023.9,1,1.7,12,206.7,0
2017-11-30 01:53:35,5,51,19.2,75,2.1,1018.9,1023.8,1,1.7,12,206.7,0
2017-11-30 01:58:35,5,51,19.2,75,2,1019,1023.9,0.7,1,12,206.7,0
2017-11-30 02:03:35,5,51,19.2,75,1.9,1018.9,1023.8,0.3,0.7,12,206.7,0
2017-11-30 02:08:35,5,51,19.1,75,1.8,1018.9,1023.8,0.7,1.4,12,206.7,0
2017-11-30 02:13:35,5,51,19.1,75,1.8,1019.1,1024,0.7,1,12,206.7,0
2017-11-30 02:18:35,5,51,19.1,75,1.8,1018.9,1023.8,0,0.7,12,206.7,0
2017-11-30 02:23:35,5,51,19.1,76,1.9,1018.9,1023.8,0.3,1,12,206.7,0
2017-11-30 02:28:35,5,51,19.1,75,2,1019,1023.9,0.7,1.4,14,206.7,0
2017-11-30 02:33:35,5,51,19.1,75,2.1,1018.8,1023.7,1,2,12,206.7,0
2017-11-30 02:38:35,5,51,19.1,75,2.2,1019,1023.9,1.4,2,14,206.7,0
2017-11-30 02:43:35,5,51,19,75,2.3,1019,1023.9,1.4,1.7,12,206.7,0
2017-11-30 02:48:35,5,51,19.1,75,2.2,1019,1023.9,2,2.7,14,206.7,0
2017-11-30 02:53:35,5,51,19,75,2.2,1019,1023.9,1.7,2.4,12,206.7,0
2017-11-30 02:58:35,5,51,19,75,2.2,1018.9,1023.8,1.4,2.4,12,206.7,0
2017-11-30 03:03:35,5,51,19,75,2.2,1019.1,1024,1.4,2,14,206.7,0
2017-11-30 03:08:35,5,50,19,74,2.2,1019.1,1024,1,1.4,12,206.7,0
2017-11-30 03:13:35,5,50,19,74,2.2,1019.2,1024.1,1,1.4,12,206.7,0
2017-11-30 03:18:35,5,50,19,74,2.1,1018.9,1023.8,0.7,1,12,206.7,0
2017-11-30 03:23:35,5,50,19,74,2,1018.9,1023.8,0.3,0.7,14,206.7,0
2017-11-30 03:28:35,5,50,19,74,2,1018.9,1023.8,1,1.4,14,206.7,0
2017-11-30 03:33:35,5,50,19,74,2.1,1018.9,1023.8,1.4,1.7,12,206.7,0
2017-11-30 03:38:35,5,50,19,74,2.1,1018.8,1023.7,1,2,12,206.7,0
2017-11-30 03:43:35,5,50,19,74,2.2,1018.8,1023.7,1.4,2,12,206.7,0
2017-11-30 03:48:35,5,50,19,74,2.2,1018.8,1023.7,1.4,1.7,12,206.7,0
2017-11-30 03:53:35,5,51,18.9,74,2.2,1018.9,1023.8,1.7,2.4,12,206.7,0
2017-11-30 03:58:35,5,51,18.9,74,2.4,1018.9,1023.8,1.7,2.7,12,206.7,0
2017-11-30 04:03:35,5,51,18.9,74,2.4,1018.8,1023.7,1.7,2.4,12,206.7,0
2017-11-30 04:08:35,5,51,18.9,74,2.4,1018.9,1023.8,2,3.1,14,206.7,0
2017-11-30 04:13:35,5,51,18.9,74,2.5,1018.7,1023.6,1.7,3.1,12,206.7,0
2017-11-30 04:18:35,5,51,18.9,74,2.5,1018.6,1023.5,2,2.4,12,206.7,0
2017-11-30 04:23:35,5,51,18.9,74,2.5,1018.7,1023.6,1.4,1.7,12,206.7,0
2017-11-30 04:28:35,5,51,18.9,74,2.4,1018.6,1023.5,0.7,1.4,14,206.7,0
2017-11-30 04:33:35,5,51,18.9,74,2.4,1018.6,1023.5,0.7,1.4,12,206.7,0
2017-11-30 04:38:35,5,51,18.9,74,2.3,1018.5,1023.4,0.7,1,12,206.7,0
2017-11-30 04:43:35,5,51,18.9,74,2.2,1018.6,1023.5,0.7,1,10,206.7,0
2017-11-30 04:48:35,5,51,18.9,74,2.1,1018.5,1023.4,0.7,1.4,12,206.7,0
2017-11-30 04:53:35,5,51,18.8,74,2.1,1018.4,1023.3,1,1.7,12,206.7,0
2017-11-30 04:58:35,5,51,18.9,74,2.2,1018.6,1023.5,1.7,2.7,14,206.7,0
2017-11-30 05:03:35,5,51,18.9,74,2.4,1018.5,1023.4,1.4,2.4,8,206.7,0
2017-11-30 05:08:35,5,51,18.9,74,2.5,1018.6,1023.5,0.7,1.4,14,206.7,0
2017-11-30 05:13:35,5,51,18.8,74,2.4,1018.5,1023.4,0.7,1.4,12,206.7,0
2017-11-30 05:18:35,5,50,18.8,74,2.3,1018.4,1023.3,0.7,1,10,206.7,0
2017-11-30 05:23:35,5,50,18.8,74,2.2,1018.2,1023.1,0.7,2,12,206.7,0
2017-11-30 05:28:35,5,50,18.8,74,2.1,1018.4,1023.3,1.4,2,12,206.7,0
2017-11-30 05:33:35,5,50,18.7,74,2.1,1018.2,1023.1,1,1.7,12,206.7,0
2017-11-30 05:38:35,5,50,18.8,74,2.2,1018.5,1023.4,1.7,2.4,14,206.7,0
2017-11-30 05:43:35,5,50,18.7,74,2.3,1018.3,1023.2,2,3.1,14,206.7,0
2017-11-30 05:48:35,5,50,18.8,74,2.4,1018.2,1023.1,1.7,2.7,12,206.7,0
2017-11-30 05:53:35,5,50,18.7,74,2.6,1018.4,1023.3,1.7,3.4,14,206.7,0
2017-11-30 05:58:35,5,50,18.8,74,2.6,1018.3,1023.2,2,2.4,12,206.7,0
2017-11-30 06:03:35,5,50,18.7,74,2.6,1018.3,1023.2,1,1.7,12,206.7,0
2017-11-30 06:08:35,5,50,18.7,74,2.6,1018.2,1023.1,1.7,2.7,12,206.7,0
2017-11-30 06:13:35,5,50,18.7,74,2.7,1018.2,1023.1,0.7,1.7,12,206.7,0
2017-11-30 06:18:35,5,50,18.7,74,2.7,1018.2,1023.1,1.4,2,14,206.7,0
2017-11-30 06:23:35,5,50,18.7,74,2.8,1018.2,1023.1,2,2.7,12,206.7,0
2017-11-30 06:28:35,5,50,18.7,74,2.9,1018.2,1023.1,2,4.4,14,206.7,0
2017-11-30 06:33:35,5,50,18.7,78,3,1018.1,1023,2,3.1,14,206.7,0
2017-11-30 06:38:35,5,50,18.7,78,3.1,1018.3,1023.2,2,3.1,14,206.7,0
2017-11-30 06:43:35,5,50,18.7,77,3.1,1018.4,1023.3,1.4,1.7,14,206.7,0
2017-11-30 06:48:35,5,50,18.7,77,3.1,1018.4,1023.3,1.4,2,12,206.7,0
2017-11-30 06:53:35,5,50,18.7,77,3.1,1018.4,1023.3,1.4,2.4,12,206.7,0
2017-11-30 06:58:35,5,50,18.7,77,3.1,1018.4,1023.3,1.7,2.7,12,206.7,0
2017-11-30 07:03:35,5,50,18.7,77,3.1,1018.4,1023.3,2,2.7,12,206.7,0
2017-11-30 07:08:35,5,50,18.7,77,3.1,1018.3,1023.2,1.4,3.1,14,206.7,0
2017-11-30 07:13:35,5,50,18.7,77,3.1,1018.2,1023.1,2,2.4,14,206.7,0
2017-11-30 07:18:35,5,50,18.7,77,3.1,1018.4,1023.3,1.7,2.4,12,206.7,0
2017-11-30 07:23:35,5,50,18.7,77,3.2,1018.3,1023.2,2.7,3.4,14,206.7,0
2017-11-30 07:28:35,5,50,18.7,77,3.3,1018.5,1023.4,2,3.1,12,206.7,0
2017-11-30 07:33:35,5,50,18.7,77,3.3,1018.3,1023.2,1.4,2,12,206.7,0
2017-11-30 07:38:35,5,50,18.7,77,3.3,1018.5,1023.4,1.7,2.7,14,206.7,0
2017-11-30 07:43:35,5,50,18.7,77,3.4,1018.4,1023.3,2.4,3.7,12,206.7,0
2017-11-30 07:48:35,5,50,18.7,77,3.6,1018.4,1023.3,2.4,3.7,14,206.7,0
2017-11-30 07:53:35,5,50,18.7,77,3.6,1018.5,1023.4,3.4,5.1,12,206.7,0
2017-11-30 07:58:35,5,50,18.7,77,3.7,1018.4,1023.3,2.7,5.1,10,206.7,0
2017-11-30 08:03:35,5,50,18.7,77,3.7,1018.3,1023.2,2,3.1,12,206.7,0
2017-11-30 08:08:35,5,51,18.7,76,3.7,1018.4,1023.3,1.7,2.7,12,206.7,0
2017-11-30 08:13:35,5,51,18.7,76,3.6,1018.5,1023.4,1.7,2.4,12,206.7,0
2017-11-30 08:18:35,5,51,18.7,76,3.4,1018.5,1023.4,2.4,3.7,12,206.7,0
2017-11-30 08:23:35,5,51,18.7,76,3.3,1018.6,1023.5,2.4,3.7,14,206.7,0
2017-11-30 08:28:35,5,51,18.7,76,3.3,1018.6,1023.5,2.4,3.4,14,206.7,0
2017-11-30 08:33:35,5,50,18.7,76,3.2,1018.7,1023.6,1.7,3.1,14,206.7,0
2017-11-30 08:38:35,5,50,18.7,76,3.2,1018.6,1023.5,2,2.7,14,206.7,0
2017-11-30 08:43:35,5,49,18.7,76,3.2,1018.7,1023.6,1.4,2,12,206.7,0
2017-11-30 08:48:35,5,49,18.7,76,3,1018.7,1023.6,1.4,1.7,12,206.7,0
2017-11-30 08:53:35,5,50,18.7,72,2.8,1018.8,1023.7,1.4,1.7,14,206.7,0
2017-11-30 08:58:35,5,50,18.7,72,2.6,1018.6,1023.5,1,1.4,12,206.7,0
2017-11-30 09:03:35,5,50,18.7,72,2.4,1018.5,1023.4,0.7,1.4,14,206.7,0
2017-11-30 09:08:35,5,50,18.6,72,2.5,1018.5,1023.4,0.7,1.7,12,206.7,0
2017-11-30 09:13:35,5,50,18.7,72,2.5,1018.5,1023.4,1.4,2,14,206.7,0
2017-11-30 09:18:35,5,50,18.7,72,2.6,1018.6,1023.5,1,1.4,12,206.7,0
2017-11-30 09:23:35,5,50,18.7,73,2.6,1018.7,1023.6,0.7,1.4,12,206.7,0
2017-11-30 09:28:35,5,50,18.7,73,2.8,1018.7,1023.6,1,2,12,206.7,0
2017-11-30 09:33:35,5,50,18.7,73,2.9,1018.7,1023.6,1.4,2,14,206.7,0
2017-11-30 09:38:35,5,50,18.7,77,3,1018.5,1023.4,0.7,1,14,206.7,0
2017-11-30 09:43:35,5,50,18.7,77,3.1,1018.6,1023.5,1.4,2.7,14,206.7,0
2017-11-30 09:48:35,5,50,18.7,77,3.2,1018.6,1023.5,1.4,1.7,12,206.7,0
2017-11-30 09:53:35,5,50,18.7,77,3.3,1018.6,1023.5,1,1.7,12,206.7,0
2017-11-30 09:58:35,5,50,18.7,77,3.3,1018.6,1023.5,1.4,2.4,12,206.7,0
2017-11-30 10:03:35,5,50,18.7,77,3.6,1018.6,1023.5,1.7,3.4,14,206.7,0
2017-11-30 10:08:35,5,50,18.7,77,3.8,1018.7,1023.6,1.7,2.4,14,206.7,0
2017-11-30 10:13:35,5,50,18.8,76,4,1018.6,1023.5,2,2.7,14,206.7,0
2017-11-30 10:18:35,5,50,18.8,76,4.2,1018.7,1023.6,2,2.7,12,206.7,0
2017-11-30 10:23:35,5,50,18.8,76,4.4,1018.5,1023.4,1.7,3.1,12,206.7,0
2017-11-30 10:28:35,5,50,18.8,75,4.6,1018.5,1023.4,1.7,2.7,14,206.7,0
2017-11-30 10:33:35,5,50,18.8,75,4.8,1018.6,1023.5,1.7,2,14,206.7,0
2017-11-30 10:38:35,5,50,18.8,74,5.1,1018.5,1023.4,1.4,1.7,0,206.7,0
2017-11-30 10:43:35,5,50,18.8,73,5.3,1018.6,1023.5,2.4,3.1,12,206.7,0
2017-11-30 10:48:35,5,50,18.9,73,5.4,1018.5,1023.4,2.7,4.1,12,206.7,0
2017-11-30 10:53:35,5,50,18.9,73,5.5,1018.6,1023.5,2.4,3.1,12,206.7,0
2017-11-30 10:58:35,5,50,18.8,73,5.5,1018.7,1023.6,3.1,3.7,14,206.7,0
2017-11-30 11:03:35,5,50,18.8,73,5.5,1018.6,1023.5,3.4,4.8,14,206.7,0
2017-11-30 11:08:35,5,50,18.9,73,5.6,1018.5,1023.4,3.4,4.1,0,206.7,0
2017-11-30 11:13:35,5,50,18.9,73,5.8,1018.6,1023.5,3.7,4.8,14,206.7,0
2017-11-30 11:18:35,5,50,18.9,72,6,1018.5,1023.4,2.7,4.1,13,206.7,0
2017-11-30 11:23:35,5,50,18.9,72,6,1018.7,1023.6,2.7,4.1,14,206.7,0
2017-11-30 11:28:35,5,50,18.9,72,6,1018.8,1023.7,4.4,6.1,12,206.7,0
2017-11-30 11:33:35,5,50,18.9,73,5.8,1018.6,1023.5,2.7,3.1,12,206.7,0
2017-11-30 11:38:35,5,50,18.9,73,5.9,1018.8,1023.7,2.7,4.1,12,206.7,0
2017-11-30 11:43:35,5,49,19,73,5.9,1018.6,1023.5,3.1,4.1,14,206.7,0
2017-11-30 11:48:35,5,49,19,72,6,1018.6,1023.5,2.7,5.1,8,206.7,0
2017-11-30 11:53:35,5,49,19,72,6,1018.6,1023.5,3.7,5.1,14,206.7,0
2017-11-30 11:58:35,5,49,19,72,6.1,1018.6,1023.5,3.4,4.4,12,206.7,0
2017-11-30 12:03:35,5,49,19,72,6.2,1018.4,1023.3,2.4,4.1,12,206.7,0
2017-11-30 12:08:35,5,49,19,72,6.2,1018.4,1023.3,3.7,6.1,12,206.7,0
2017-11-30 12:13:35,5,49,19,72,6.1,1018.4,1023.3,4.1,5.8,14,206.7,0
2017-11-30 12:18:35,5,49,19,73,6.2,1018.3,1023.2,3.4,4.8,12,206.7,0
2017-11-30 12:23:35,5,49,19,73,6.2,1018.4,1023.3,2.7,4.1,10,206.7,0
2017-11-30 12:28:35,5,49,19,73,6.2,1018.3,1023.2,4.1,5.4,14,206.7,0
2017-11-30 12:33:35,5,49,19,72,6.2,1018.3,1023.2,3.4,4.1,14,206.7,0
2017-11-30 12:38:35,5,49,19,73,6.3,1018.2,1023.1,3.1,3.7,14,206.7,0
2017-11-30 12:43:35,5,49,19.1,73,6.4,1018.3,1023.2,3.1,4.8,14,206.7,0
2017-11-30 12:48:35,5,49,19,73,6.4,1018.3,1023.2,3.7,6.1,12,206.7,0
2017-11-30 12:53:35,5,49,19,73,6.4,1018.2,1023.1,3.7,5.8,14,206.7,0
2017-11-30 12:58:35,5,49,19,73,6.4,1018.2,1023.1,3.7,5.1,14,206.7,0
2017-11-30 13:03:35,5,49,19,73,6.4,1018.1,1023,3.7,5.8,14,206.7,0
2017-11-30 13:08:35,5,49,19.1,73,6.3,1018.3,1023.2,3.1,4.4,0,206.7,0
2017-11-30 13:13:35,5,49,19,73,6.3,1018.4,1023.3,3.4,4.8,14,206.7,0
2017-11-30 13:18:35,5,49,19,73,6.2,1018.3,1023.2,3.1,5.4,14,206.7,0
2017-11-30 13:23:35,5,49,19.1,74,6.2,1018.3,1023.2,4.1,6.5,12,206.7,0
2017-11-30 13:28:35,5,49,19,74,6.1,1018.2,1023.1,3.1,4.4,14,206.7,0
2017-11-30 13:33:35,5,48,19,74,6,1018.3,1023.2,2.4,3.4,12,206.7,0
2017-11-30 13:38:35,5,48,19,75,6.4,1018.3,1023.2,2.4,3.1,12,206.7,0
2017-11-30 13:43:35,5,48,19,75,6.4,1018,1022.9,2.4,3.4,12,206.7,0
2017-11-30 13:48:35,5,48,19.1,75,6.4,1018.2,1023.1,3.4,5.1,13,206.7,0
2017-11-30 13:53:35,5,48,19,74,6.4,1018.3,1023.2,2.7,4.4,12,206.7,0
2017-11-30 13:58:35,5,48,19,74,6.4,1018.3,1023.2,2.7,4.1,12,206.7,0
2017-11-30 14:03:35,5,48,19,74,6.4,1018.4,1023.3,3.4,5.1,12,206.7,0
2017-11-30 14:08:35,5,48,19.1,74,6.4,1018.3,1023.2,3.4,4.1,0,206.7,0
2017-11-30 14:13:35,5,48,19,74,6.4,1018.4,1023.3,2.4,3.7,0,206.7,0
2017-11-30 14:18:35,5,48,19.1,74,6.3,1018.4,1023.3,3.1,3.7,14,206.7,0
2017-11-30 14:23:35,5,48,19,74,6,1018.5,1023.4,2.7,5.1,14,206.7,0
2017-11-30 14:28:35,5,48,19,75,5.9,1018.4,1023.3,2.7,4.1,0,206.7,0
2017-11-30 14:33:35,5,48,19,75,5.7,1018.6,1023.5,2.4,2.7,13,206.7,0
2017-11-30 14:38:35,5,48,19,75,5.7,1018.6,1023.5,2.4,3.4,0,206.7,0
2017-11-30 14:43:35,5,48,19,75,5.8,1018.5,1023.4,2.4,3.1,0,206.7,0
2017-11-30 14:48:35,5,48,19,75,5.8,1018.7,1023.6,2,3.1,0,206.7,0
2017-11-30 14:53:35,5,48,19,75,5.8,1018.5,1023.4,1.7,2.7,0,206.7,0
2017-11-30 14:58:35,5,48,19,75,5.8,1018.5,1023.4,2.4,3.1,14,206.7,0
2017-11-30 15:03:35,5,48,19,75,5.8,1018.6,1023.5,2.4,3.1,14,206.7,0
2017-11-30 15:08:35,5,49,18.9,75,5.8,1018.7,1023.6,1.7,2.4,14,206.7,0
2017-11-30 15:13:35,5,49,18.9,75,5.7,1018.7,1023.6,1.7,2.4,14,206.7,0
2017-11-30 15:18:35,5,49,18.9,75,5.5,1018.7,1023.6,2,2.7,14,206.7,0
2017-11-30 15:23:35,5,49,18.9,75,5.3,1018.7,1023.6,2.4,3.1,14,206.7,0
2017-11-30 15:28:35,5,49,18.9,75,5.1,1018.8,1023.7,1.4,2,14,206.7,0
2017-11-30 15:33:35,5,49,18.9,75,5,1018.9,1023.8,1.4,1.7,14,206.7,0
2017-11-30 15:38:35,5,49,18.9,76,4.9,1019,1023.9,1.7,2.4,14,206.7,0
2017-11-30 15:43:35,5,49,18.9,76,4.7,1018.9,1023.8,1.7,2.4,14,206.7,0
2017-11-30 15:48:35,5,49,18.9,76,4.8,1019,1023.9,1,1.7,14,206.7,0
2017-11-30 15:53:35,5,49,18.9,76,4.7,1019,1023.9,1.4,2.4,14,206.7,0
2017-11-30 15:58:35,5,49,18.9,76,4.7,1019.1,1024,1.4,2,14,206.7,0
2017-11-30 16:03:35,5,49,18.9,76,4.5,1019.2,1024.1,1,1.4,14,206.7,0
2017-11-30 16:08:35,5,49,18.9,76,4.4,1019.3,1024.2,1,2,14,206.7,0
2017-11-30 16:13:35,5,49,18.9,76,4.2,1019.3,1024.2,1.7,2,13,206.7,0
2017-11-30 16:18:35,5,49,18.8,76,4,1019.3,1024.2,1.4,1.7,14,206.7,0
2017-11-30 16:23:35,5,49,18.8,77,3.7,1019.4,1024.3,1.7,2.4,14,206.7,0
2017-11-30 16:28:35,5,49,18.8,77,3.6,1019.4,1024.3,1.4,1.7,14,206.7,0
2017-11-30 16:33:35,5,49,18.8,77,3.5,1019.4,1024.3,1,1.7,0,206.7,0
2017-11-30 16:38:35,5,49,18.8,77,3.3,1019.5,1024.4,0.7,1,0,206.7,0
2017-11-30 16:43:35,5,49,18.7,77,3.1,1019.6,1024.5,1,1.7,14,206.7,0
2017-11-30 16:48:35,5,49,18.7,77,3,1019.6,1024.5,1.4,1.7,14,206.7,0
2017-11-30 16:53:35,5,49,18.7,77,3,1019.6,1024.5,1.4,2,14,206.7,0
2017-11-30 16:58:35,5,49,18.7,78,3,1019.5,1024.4,0.7,1,12,206.7,0
2017-11-30 17:03:35,5,49,18.7,78,3.1,1019.6,1024.5,1.4,1.7,12,206.7,0
2017-11-30 17:08:35,5,49,18.6,78,3.1,1019.8,1024.7,0.7,1.4,14,206.7,0
2017-11-30 17:13:35,5,49,18.6,78,3,1019.9,1024.8,0.7,1,14,206.7,0
2017-11-30 17:18:35,5,49,18.6,78,3,1020,1024.9,0.7,1,12,206.7,0
2017-11-30 17:23:35,5,49,18.6,73,2.9,1020.1,1025,0.3,0.7,12,206.7,0
2017-11-30 17:28:35,5,49,18.6,73,2.7,1020.1,1025,0,0,12,206.7,0
2017-11-30 17:33:35,5,49,18.6,73,2.2,1020.3,1025.2,0,0,12,206.7,0
2017-11-30 17:38:35,5,49,18.6,74,1.9,1020.4,1025.3,0,0.3,14,206.7,0
2017-11-30 17:43:35,5,49,18.6,74,1.7,1020.5,1025.4,0,0.3,10,206.7,0
2017-11-30 17:48:35,5,49,18.5,74,1.5,1020.5,1025.4,0,0,10,206.7,0
2017-11-30 17:53:35,5,49,18.5,74,1.4,1020.5,1025.4,0,0,10,206.7,0
2017-11-30 17:58:35,5,49,18.4,74,1.3,1020.7,1025.6,0,0.3,10,206.7,0
2017-11-30 18:03:35,5,49,18.5,74,1.3,1020.8,1025.7,0,0,10,206.7,0
2017-11-30 18:08:35,5,48,18.5,74,1.3,1020.9,1025.8,0.7,1,14,206.7,0
2017-11-30 18:13:35,5,45,18.4,74,1.6,1020.8,1025.7,0.7,1,12,206.7,0
2017-11-30 18:18:35,5,45,18.3,75,1.8,1020.9,1025.8,0.7,1,14,206.7,0
2017-11-30 18:23:35,5,46,18.3,75,1.9,1020.9,1025.8,1,1.4,14,206.7,0
2017-11-30 18:28:35,5,46,18.2,74,2,1020.9,1025.8,1,1.7,14,206.7,0
2017-11-30 18:33:35,5,45,18.2,74,2,1021,1025.9,0.7,1.4,14,206.7,0
2017-11-30 18:38:35,5,45,18.1,75,1.8,1021,1025.9,0,0.3,14,206.7,0
2017-11-30 18:43:35,5,45,18.1,75,1.4,1021.2,1026.1,0,0.3,0,206.7,0
2017-11-30 18:48:35,5,45,18.1,75,1.3,1021,1025.9,0.3,0.7,14,206.7,0
2017-11-30 18:53:35,5,45,18.1,75,1.3,1021.1,1026,0,0.3,14,206.7,0
2017-11-30 18:58:35,5,46,18.1,75,1.3,1021.1,1026,0,0.3,0,206.7,0
2017-11-30 19:03:35,5,46,18,75,1.1,1021.4,1026.3,0,0,0,206.7,0
2017-11-30 19:08:35,5,46,18,75,1,1021.3,1026.2,0,0,0,206.7,0
2017-11-30 19:13:35,5,46,18,75,1,1021.3,1026.2,0,0,0,206.7,0
2017-11-30 19:18:35,5,47,18.1,75,1.1,1021.3,1026.2,0,0.3,0,206.7,0
2017-11-30 19:23:35,5,47,18.1,75,1.2,1021.4,1026.3,0.3,0.7,14,206.7,0
2017-11-30 19:28:35,5,48,18.1,75,1.3,1021.3,1026.2,0.3,0.7,14,206.7,0
2017-11-30 19:33:35,5,49,18.1,75,1.3,1021.4,1026.3,0.3,0.7,14,206.7,0
2017-11-30 19:38:35,5,49,18.1,75,1.4,1021.6,1026.5,0.7,1,12,206.7,0
2017-11-30 19:43:35,5,50,18.1,75,1.6,1021.5,1026.4,0.7,1,14,206.7,0
2017-11-30 19:48:35,5,50,18.1,75,1.6,1021.6,1026.5,0.7,1,12,206.7,0
2017-11-30 19:53:35,5,50,18.1,75,1.6,1021.7,1026.6,0.7,1,14,206.7,0
2017-11-30 19:58:35,5,50,18.2,75,1.5,1021.7,1026.6,0.3,0.7,14,206.7,0
2017-11-30 20:03:35,5,51,18.2,75,1.1,1021.7,1026.6,0,0.3,14,206.7,0
2017-11-30 20:08:35,5,51,18.2,76,0.8,1021.8,1026.7,0,0,14,206.7,0
2017-11-30 20:13:35,5,51,18.2,76,0.5,1021.7,1026.6,0,0,12,206.7,0
2017-11-30 20:18:35,5,51,18.2,76,0.3,1021.9,1026.8,0,0.3,12,206.7,0
2017-11-30 20:23:35,5,51,18.2,76,0.2,1021.9,1026.8,0,0.3,12,206.7,0
2017-11-30 20:28:35,5,51,18.3,76,0.2,1022.1,1027,0,0,12,206.7,0
2017-11-30 20:33:35,5,51,18.3,76,0.2,1022.2,1027.1,0.7,1,12,206.7,0
2017-11-30 20:38:35,5,52,18.3,76,0.4,1022.1,1027,0.3,0.7,12,206.7,0
2017-11-30 20:43:35,5,52,18.3,76,0.4,1022.1,1027,0.7,1,12,206.7,0
2017-11-30 20:48:35,5,52,18.4,76,0.9,1022.2,1027.1,1,1.4,12,206.7,0
2017-11-30 20:53:34,5,52,18.4,76,1.1,1022.2,1027.1,0.7,1.4,14,206.7,0
2017-11-30 20:58:34,5,52,18.4,76,1.2,1022.3,1027.2,1,1.7,14,206.7,0
2017-11-30 21:03:34,5,52,18.6,76,1.2,1022.2,1027.1,1,1.4,14,206.7,0
2017-11-30 21:08:34,5,53,18.7,76,1.2,1022.3,1027.2,0.7,1,12,206.7,0
2017-11-30 21:13:34,5,53,18.8,76,1.2,1022.3,1027.2,0.3,0.7,14,206.7,0
2017-11-30 21:18:34,5,53,18.9,76,1.3,1022.5,1027.4,0,0,14,206.7,0
2017-11-30 21:23:34,5,52,19,76,1.2,1022.5,1027.4,0,0,14,206.7,0
2017-11-30 21:28:34,5,52,19,76,1,1022.4,1027.3,0,0,14,206.7,0
2017-11-30 21:33:34,5,52,19.1,77,0.9,1022.5,1027.4,0,0.3,14,206.7,0
2017-11-30 21:38:34,5,52,19.2,77,0.9,1022.5,1027.4,1,1.7,12,206.7,0
2017-11-30 21:43:34,5,52,19.3,76,1.1,1022.5,1027.4,1.4,1.7,12,206.7,0
2017-11-30 21:48:34,5,52,19.4,76,1.1,1022.7,1027.6,1,1.7,12,206.7,0
2017-11-30 21:53:34,5,52,19.5,76,1.1,1022.6,1027.5,0.7,1,12,206.7,0
2017-11-30 21:58:34,5,52,19.6,76,1.1,1022.6,1027.5,0.7,1,14,206.7,0
2017-11-30 22:03:34,5,52,19.7,76,1.2,1022.7,1027.6,0.7,1,12,206.7,0
2017-11-30 22:08:34,5,52,19.7,76,1.1,1022.6,1027.5,0.3,1,14,206.7,0
2017-11-30 22:13:34,5,52,19.7,76,1.1,1022.6,1027.5,0,0.3,14,206.7,0
2017-11-30 22:18:34,5,52,19.8,76,1.1,1022.5,1027.4,0,0,4,206.7,0
2017-11-30 22:23:34,5,52,19.8,77,0.9,1022.7,1027.6,0,0,4,206.7,0
2017-11-30 22:28:34,5,52,19.8,77,0.8,1022.6,1027.5,0,0,4,206.7,0
2017-11-30 22:33:34,5,52,19.8,77,0.7,1022.8,1027.7,0,0,4,206.7,0
2017-11-30 22:38:34,5,52,19.8,77,0.6,1022.9,1027.8,0,0,0,206.7,0
2017-11-30 22:43:34,5,52,19.7,77,0.7,1022.9,1027.8,0,0.3,4,206.7,0
2017-11-30 22:48:34,5,52,19.7,77,0.7,1022.9,1027.8,0.3,0.7,4,206.7,0
2017-11-30 22:53:34,5,52,19.7,77,0.6,1023.1,1028,0,0.3,,206.7,0
2017-11-30 22:58:34,5,52,19.6,77,0.6,1023,1027.9,0,0.3,10,206.7,0
2017-11-30 23:03:34,5,52,19.6,77,0.4,1023.1,1028,0.3,0.7,10,206.7,0
2017-11-30 23:08:34,5,52,19.5,77,0.5,1023,1027.9,0,0.3,12,206.7,0
2017-11-30 23:13:34,5,52,19.5,77,0.4,1023,1027.9,0,0,12,206.7,0
2017-11-30 23:18:34,5,52,19.4,77,0.3,1023.3,1028.2,0.3,0.7,12,206.7,0
2017-11-30 23:23:34,5,52,19.4,77,0.3,1023.1,1028,0,0.7,12,206.7,0
2017-11-30 23:28:34,5,52,19.3,77,0.4,1023.2,1028.1,0,0.3,12,206.7,0
2017-11-30 23:33:34,5,52,19.3,77,0.7,1023.1,1028,1,1.4,14,206.7,0
2017-11-30 23:38:34,5,52,19.3,76,1.1,1023.2,1028.1,0.7,1.4,12,206.7,0
2017-11-30 23:43:34,5,52,19.2,76,1.2,1023.4,1028.3,1,2,14,206.7,0
2017-11-30 23:48:34,5,52,19.1,76,1.2,1023.5,1028.4,0.3,0.7,14,206.7,0
2017-11-30 23:53:34,5,52,19.1,76,1,1023.4,1028.3,0,0,14,206.7,0
2017-11-30 23:58:34,5,52,19.1,77,0.9,1023.6,1028.5,0,0,14,206.7,0
