2017-11-04 00:03:39,5,64,20.3,78,8,1002.7,1007.6,1,1.7,12,176.4,0
2017-11-04 00:08:39,5,64,20.3,78,8,1002.8,1007.7,1.4,2.4,12,176.4,0
2017-11-04 00:13:39,5,64,20.3,78,8,1002.7,1007.6,1,1.4,14,176.4,0
2017-11-04 00:18:39,5,64,20.3,78,7.9,1002.6,1007.5,1.4,1.7,10,176.4,0
2017-11-04 00:23:39,5,63,20.2,78,7.9,1002.5,1007.4,1,1.4,12,176.4,0
2017-11-04 00:28:39,5,63,20.2,78,7.8,1002.5,1007.4,1,2,10,176.4,0
2017-11-04 00:33:39,5,63,20.2,78,7.8,1002.4,1007.3,1.7,2.7,12,176.4,0
2017-11-04 00:38:39,5,63,20.1,78,7.8,1002.4,1007.3,1.7,2.4,12,176.4,0
2017-11-04 00:43:39,5,64,20.2,78,7.8,1002.4,1007.3,1.7,2.7,12,176.4,0
2017-11-04 00:48:39,5,64,20.2,78,7.9,1002.5,1007.4,2.4,3.1,12,176.4,0
2017-11-04 00:53:39,5,64,20.1,78,7.9,1002.5,1007.4,2.4,3.4,10,176.4,0
2017-11-04 00:58:39,5,64,20.1,78,7.9,1002.4,1007.3,2,3.1,12,176.4,0
2017-11-04 01:03:39,5,64,20.1,77,7.8,1002.4,1007.3,1.7,2.4,12,176.4,0
2017-11-04 01:08:39,5,64,20.1,77,7.8,1002.3,1007.2,1.4,2,10,176.4,0
2017-11-04 01:13:39,5,64,20.1,77,7.8,1002.4,1007.3,2.4,3.1,12,176.4,0
2017-11-04 01:18:39,5,64,20,77,7.7,1002.4,1007.3,1,1.7,12,176.4,0
2017-11-04 01:23:39,5,64,20,77,7.6,1002.3,1007.2,1.4,2,12,176.4,0
2017-11-04 01:28:39,5,64,20,77,7.6,1002.4,1007.3,1.4,2,10,176.4,0
2017-11-04 01:33:39,5,64,20,77,7.5,1002.4,1007.3,1.4,2,12,176.4,0
2017-11-04 01:38:39,5,65,19.9,77,7.4,1002.3,1007.2,1,1.7,12,176.4,0
2017-11-04 01:43:39,5,64,20,77,7.3,1002.4,1007.3,1.4,2,12,176.4,0
2017-11-04 01:48:39,5,65,19.9,77,7.2,1002.6,1007.5,1,1.4,13,176.4,0
2017-11-04 01:53:39,5,65,19.9,76,7.1,1002.5,1007.4,1.7,2,12,176.4,0
2017-11-04 01:58:39,5,65,19.9,76,7,1002.5,1007.4,1,1.7,10,176.4,0
2017-11-04 02:03:39,5,65,19.9,76,7,1002.5,1007.4,1.4,1.7,12,176.4,0
2017-11-04 02:08:39,5,65,19.8,77,7,1002.4,1007.3,1,1.7,10,176.4,0
2017-11-04 02:13:39,5,65,19.8,77,7,1002.5,1007.4,1,1.7,14,176.4,0
2017-11-04 02:18:39,5,65,19.8,77,7,1002.5,1007.4,1,1.7,12,176.4,0
2017-11-04 02:23:39,5,65,19.7,77,7,1002.4,1007.3,1,1.4,12,176.4,0
2017-11-04 02:28:39,5,65,19.7,77,7,1002.3,1007.2,1.4,1.7,12,176.4,0
2017-11-04 02:33:39,5,65,19.7,77,7,1002.3,1007.2,1,1.4,12,176.4,0
2017-11-04 02:38:39,5,65,19.7,77,6.8,1002.3,1007.2,0.7,1,12,176.4,0
2017-11-04 02:43:39,5,65,19.7,77,6.7,1002.3,1007.2,0.7,1,12,176.4,0
2017-11-04 02:48:39,5,65,19.7,77,6.5,1002.3,1007.2,0.7,1.4,12,176.4,0
2017-11-04 02:53:39,5,65,19.7,77,6.3,1002.3,1007.2,0.3,1,12,176.4,0
2017-11-04 02:58:39,5,65,19.7,77,6.2,1002.4,1007.3,0.7,1,12,176.4,0
2017-11-04 03:03:39,5,65,19.6,77,6.1,1002.3,1007.2,0.3,0.7,12,176.4,0
2017-11-04 03:08:39,5,65,19.6,78,5.9,1002.4,1007.3,0.3,0.7,10,176.4,0
2017-11-04 03:13:39,5,65,19.6,78,5.8,1002.3,1007.2,0.3,0.7,10,176.4,0
2017-11-04 03:18:39,5,65,19.6,78,5.7,1002.3,1007.2,0.3,0.7,8,176.4,0
2017-11-04 03:23:39,5,65,19.6,78,5.5,1002.4,1007.3,0.7,1,10,176.4,0
2017-11-04 03:28:39,5,65,19.6,78,5.5,1002.5,1007.4,1.4,1.7,10,176.4,0
2017-11-04 03:33:39,5,65,19.5,78,5.4,1002.5,1007.4,0.7,1.4,10,176.4,0
2017-11-04 03:38:39,5,65,19.5,78,5.2,1002.4,1007.3,0.3,1,10,176.4,0
2017-11-04 03:43:39,5,64,19.5,78,5.2,1002.4,1007.3,0.7,1.4,10,176.4,0
2017-11-04 03:48:39,5,64,19.5,78,5.3,1002.6,1007.5,0.7,1,10,176.4,0
2017-11-04 03:53:39,5,64,19.5,78,5.2,1002.5,1007.4,0.3,0.7,10,176.4,0
2017-11-04 03:58:39,5,64,19.4,78,5.2,1002.7,1007.6,0.3,0.7,12,176.4,0
2017-11-04 04:03:39,5,64,19.4,79,5.2,1002.4,1007.3,0.3,0.7,10,176.4,0
2017-11-04 04:08:39,5,64,19.4,79,5.2,1002.5,1007.4,1,1.4,8,176.4,0
2017-11-04 04:13:39,5,64,19.4,79,5.2,1002.5,1007.4,0.7,1,10,176.4,0
2017-11-04 04:18:39,5,64,19.4,79,5.2,1002.4,1007.3,0.3,0.7,10,176.4,0
2017-11-04 04:23:39,5,64,19.4,79,5.1,1002.4,1007.3,0.3,0.7,12,176.4,0
2017-11-04 04:28:39,5,64,19.4,79,5.1,1002.5,1007.4,0.3,1,10,176.4,0
2017-11-04 04:33:39,5,64,19.3,79,5,1002.4,1007.3,0.3,1,8,176.4,0
2017-11-04 04:38:39,5,64,19.3,79,4.9,1002.4,1007.3,1.4,1.7,10,176.4,0
2017-11-04 04:43:39,5,64,19.3,79,4.8,1002.6,1007.5,0.3,1,10,176.4,0
2017-11-04 04:48:39,5,64,19.3,79,4.6,1002.6,1007.5,0.7,1.4,10,176.4,0
2017-11-04 04:53:39,5,64,19.3,79,4.6,1002.7,1007.6,0.7,1,10,176.4,0
2017-11-04 04:58:39,5,64,19.2,79,4.5,1002.6,1007.5,0.7,1,10,176.4,0
2017-11-04 05:03:39,5,64,19.3,79,4.4,1002.6,1007.5,0.3,1,10,176.4,0
2017-11-04 05:08:39,5,64,19.2,79,4.3,1002.6,1007.5,0.3,0.7,10,176.4,0
2017-11-04 05:13:39,5,64,19.2,79,4.2,1002.7,1007.6,0.3,0.7,8,176.4,0
2017-11-04 05:18:39,5,64,19.2,79,4.3,1002.8,1007.7,1,1.4,10,176.4,0
2017-11-04 05:23:39,5,64,19.2,80,4.4,1002.7,1007.6,0.3,0.7,12,176.4,0
2017-11-04 05:28:39,5,64,19.2,79,4.3,1002.9,1007.8,0.3,0.7,10,176.4,0
2017-11-04 05:33:39,5,64,19.2,79,4.2,1002.9,1007.8,0.3,1,10,176.4,0
2017-11-04 05:38:39,5,64,19.2,79,4.1,1002.9,1007.8,0.3,0.7,10,176.4,0
2017-11-04 05:43:39,5,64,19.1,79,4,1002.7,1007.6,0.3,0.7,10,176.4,0
2017-11-04 05:48:39,5,64,19.1,80,3.9,1002.9,1007.8,0,0.3,10,176.4,0
2017-11-04 05:53:39,5,64,19.1,80,3.8,1002.8,1007.7,0.3,0.7,10,176.4,0
2017-11-04 05:58:39,5,64,19.1,80,3.8,1002.9,1007.8,0.3,0.7,10,176.4,0
2017-11-04 06:03:39,5,64,19.1,80,3.8,1002.9,1007.8,0.3,0.7,10,176.4,0
2017-11-04 06:08:39,5,64,19,80,3.7,1002.9,1007.8,0.3,1,10,176.4,0
2017-11-04 06:13:39,5,64,19,80,3.6,1002.9,1007.8,0.3,1,10,176.4,0
2017-11-04 06:18:39,5,64,19,80,3.5,1002.9,1007.8,0.3,0.7,10,176.4,0
2017-11-04 06:23:39,5,64,19,80,3.5,1002.9,1007.8,0.7,0.7,8,176.4,0
2017-11-04 06:28:39,5,65,18.9,80,3.5,1002.9,1007.8,0,0.7,10,176.4,0
2017-11-04 06:33:39,5,65,18.9,80,3.4,1002.9,1007.8,0.7,1,10,176.4,0
2017-11-04 06:38:39,5,65,18.9,80,3.4,1003,1007.9,0,0.7,8,176.4,0
2017-11-04 06:43:39,5,65,18.9,81,3.5,1003,1007.9,1,1.4,10,176.4,0
2017-11-04 06:48:39,5,65,18.9,81,3.7,1003,1007.9,1,1.4,10,176.4,0
2017-11-04 06:53:39,5,65,18.9,81,3.8,1003,1007.9,0.7,1,10,176.4,0
2017-11-04 06:58:39,5,65,18.9,81,3.8,1003,1007.9,0.3,0.7,12,176.4,0
2017-11-04 07:03:39,5,65,18.8,81,3.8,1003.1,1008,0.7,0.7,12,176.4,0
2017-11-04 07:08:39,5,65,18.8,80,4,1003.2,1008.1,0.7,1,12,176.4,0
2017-11-04 07:13:39,5,65,18.9,80,4.4,1003,1007.9,1,1.4,10,176.4,0
2017-11-04 07:18:39,5,65,18.8,80,4.8,1003,1007.9,1,1.7,12,176.4,0
2017-11-04 07:23:39,5,65,18.8,79,5.1,1003.2,1008.1,1,1.7,14,176.4,0
2017-11-04 07:28:39,5,65,18.8,79,5.3,1003.2,1008.1,1,1.4,12,176.4,0
2017-11-04 07:33:39,5,65,18.8,79,5.2,1003.1,1008,1.4,2.4,12,176.4,0
2017-11-04 07:38:39,5,65,18.8,79,5.2,1003.2,1008.1,1.4,1.7,12,176.4,0
2017-11-04 07:43:39,5,65,18.8,79,5.2,1003.2,1008.1,1.4,2,12,176.4,0
2017-11-04 07:48:39,5,65,18.8,79,5.1,1003.2,1008.1,1,1.7,12,176.4,0
2017-11-04 07:53:39,5,65,18.8,79,5.1,1003.5,1008.4,1,1.4,12,176.4,0
2017-11-04 07:58:39,5,65,18.7,78,5,1003.5,1008.4,0.7,1,12,176.4,0
2017-11-04 08:03:39,5,65,18.8,78,5,1003.7,1008.6,0.7,1,12,176.4,0
2017-11-04 08:08:39,5,65,18.7,78,5,1003.6,1008.5,1,1.7,12,176.4,0
2017-11-04 08:13:39,5,65,18.8,78,5.2,1003.6,1008.5,1.4,2.7,12,176.4,0
2017-11-04 08:18:39,5,65,18.8,78,5.7,1003.4,1008.3,1,1.4,14,176.4,0
2017-11-04 08:23:39,5,65,18.7,78,5.8,1003.6,1008.5,1.4,1.7,10,176.4,0
2017-11-04 08:28:39,5,65,18.7,78,5.9,1003.6,1008.5,1,1.4,12,176.4,0
2017-11-04 08:33:39,5,65,18.8,77,5.9,1003.6,1008.5,0.7,1,12,176.4,0
2017-11-04 08:38:39,5,64,18.8,77,5.8,1003.6,1008.5,0.3,1,12,176.4,0
2017-11-04 08:43:39,5,64,18.8,77,5.7,1003.7,1008.6,0.7,1,12,176.4,0
2017-11-04 08:48:39,5,64,18.8,77,5.7,1003.6,1008.5,0.3,1,12,176.4,0
2017-11-04 08:53:39,5,64,18.8,77,5.7,1003.6,1008.5,0.3,0.7,12,176.4,0
2017-11-04 08:58:39,5,64,18.8,76,5.7,1003.7,1008.6,0.3,0.7,10,176.4,0
2017-11-04 09:03:39,5,64,18.8,76,5.8,1003.6,1008.5,0.3,0.7,12,176.4,0
2017-11-04 09:08:39,5,65,18.8,75,6,1003.7,1008.6,1,1.4,12,176.4,0
2017-11-04 09:13:39,5,65,18.8,75,6.2,1003.7,1008.6,1.7,2,8,176.4,0
2017-11-04 09:18:39,5,65,18.8,74,6.5,1003.6,1008.5,0.7,1,10,176.4,0
2017-11-04 09:23:39,5,64,18.8,74,6.7,1003.6,1008.5,0.7,1.4,8,176.4,0
2017-11-04 09:28:39,5,64,18.8,73,7,1003.6,1008.5,1,1.4,10,176.4,0
2017-11-04 09:33:39,5,64,18.8,73,7.2,1003.6,1008.5,1,1.4,12,176.4,0
2017-11-04 09:38:39,5,64,18.8,73,7.4,1003.8,1008.7,1,2,10,176.4,0
2017-11-04 09:43:39,5,64,18.8,72,7.6,1003.6,1008.5,1.7,2.4,10,176.4,0
2017-11-04 09:48:39,5,64,18.9,72,7.5,1003.7,1008.6,1.4,1.7,14,176.4,0
2017-11-04 09:53:39,5,64,18.9,71,7.4,1003.7,1008.6,1.4,3.1,12,176.4,0
2017-11-04 09:58:39,5,64,18.9,71,7.8,1003.8,1008.7,1.7,2.4,12,176.4,0
2017-11-04 10:03:39,5,64,18.9,69,8,1003.8,1008.7,2,3.1,12,176.4,0
2017-11-04 10:08:39,5,64,18.9,68,7.8,1003.7,1008.6,2.4,3.1,13,176.4,0
2017-11-04 10:13:39,5,64,18.9,67,8,1003.8,1008.7,1.7,2.4,14,176.4,0
2017-11-04 10:18:39,5,64,18.9,67,8.1,1003.8,1008.7,1,1.7,12,176.4,0
2017-11-04 10:23:39,5,61,18.9,66,8,1003.7,1008.6,1,1.7,14,176.4,0
2017-11-04 10:28:39,5,58,18.8,67,8,1003.7,1008.6,0.7,1.4,14,176.4,0
2017-11-04 10:33:39,5,56,18.6,67,8.1,1003.8,1008.7,1,1.7,10,176.4,0
2017-11-04 10:38:39,5,57,18.6,68,8.2,1003.9,1008.8,1.4,2.7,8,176.4,0
2017-11-04 10:43:39,5,59,18.6,67,8.1,1004,1008.9,1.7,2.7,12,176.4,0
2017-11-04 10:48:39,5,61,18.6,67,7.9,1004.1,1009,1.7,2.7,12,176.4,0
2017-11-04 10:53:39,5,62,18.6,68,7.8,1004,1008.9,1.4,2,12,176.4,0
2017-11-04 10:58:39,5,62,18.6,68,7.8,1003.9,1008.8,2.4,3.1,12,176.4,0
2017-11-04 11:03:39,5,62,18.6,68,7.9,1003.9,1008.8,2,4.1,12,176.4,0
2017-11-04 11:08:39,5,62,18.6,68,8.1,1003.9,1008.8,1.4,2,12,176.4,0
2017-11-04 11:13:39,5,61,18.6,67,8.2,1003.9,1008.8,3.1,4.4,14,176.4,0
2017-11-04 11:18:39,5,61,18.7,66,8.3,1003.9,1008.8,2,3.1,12,176.4,0
2017-11-04 11:23:39,5,60,18.7,66,8.3,1004,1008.9,2.7,3.7,10,176.4,0
2017-11-04 11:28:39,5,59,18.6,65,8.2,1003.8,1008.7,2.4,3.4,10,176.4,0
2017-11-04 11:33:39,5,59,18.7,66,8.1,1003.9,1008.8,2,2.7,14,176.4,0
2017-11-04 11:38:39,5,59,18.8,66,8.4,1003.9,1008.8,1.7,2.7,14,176.4,0
2017-11-04 11:43:39,5,59,18.7,65,8.6,1003.8,1008.7,2.7,3.4,10,176.4,0
2017-11-04 11:48:39,5,59,18.7,62,8.5,1003.9,1008.8,1.7,3.4,12,176.4,0
2017-11-04 11:53:39,5,60,18.7,62,8.7,1004,1008.9,2.4,3.4,14,176.4,0
2017-11-04 11:58:39,5,60,18.8,60,8.6,1004,1008.9,2.7,4.8,14,176.4,0
2017-11-04 12:03:39,5,60,18.8,60,8.4,1003.8,1008.7,1.7,3.4,12,176.4,0
2017-11-04 12:08:39,5,60,18.8,61,8.2,1004,1008.9,1.7,3.1,14,176.4,0
2017-11-04 12:13:39,5,61,18.8,62,8.2,1003.9,1008.8,2.7,3.4,8,176.4,0
2017-11-04 12:18:39,5,61,18.8,61,8,1003.9,1008.8,2.7,4.8,10,176.4,0
2017-11-04 12:23:39,5,61,18.8,61,7.8,1004,1008.9,1.7,2.7,14,176.4,0
2017-11-04 12:28:39,5,61,18.8,62,7.8,1003.9,1008.8,2,2.7,12,176.4,0
2017-11-04 12:33:39,5,61,18.8,62,7.7,1003.8,1008.7,1.7,2.7,12,176.4,0
2017-11-04 12:38:39,5,61,18.8,63,7.7,1003.7,1008.6,2,2.7,12,176.4,0
2017-11-04 12:43:39,5,60,18.8,63,7.5,1003.8,1008.7,1.7,2,0,176.4,0
2017-11-04 12:48:39,5,57,18.8,64,7.6,1003.5,1008.4,1.7,2.4,12,176.4,0
2017-11-04 12:53:39,5,57,18.8,66,8.4,1003.4,1008.3,0.7,1.4,10,176.4,0
2017-11-04 12:58:39,5,57,18.8,65,8.5,1003.5,1008.4,3.4,4.4,14,176.4,0
2017-11-04 13:03:39,5,57,18.8,63,8.7,1003.3,1008.2,3.4,4.4,12,176.4,0
2017-11-04 13:08:39,5,56,18.8,61,9.1,1003.3,1008.2,1.7,2.4,12,176.4,0
2017-11-04 13:13:39,5,55,18.8,60,9.5,1003.4,1008.3,3.4,4.4,0,176.4,0
2017-11-04 13:18:39,5,55,18.8,60,9.7,1003.3,1008.2,4.8,7.8,12,176.4,0
2017-11-04 13:23:39,5,55,18.9,58,9.8,1003.5,1008.4,3.4,5.8,12,176.4,0
2017-11-04 13:28:39,5,55,18.9,58,9.3,1003.6,1008.5,4.1,5.8,12,176.4,0
2017-11-04 13:33:39,5,56,18.9,62,8.6,1003.6,1008.5,2,2.7,12,176.4,0
2017-11-04 13:38:39,5,56,18.9,64,8,1003.7,1008.6,5.1,6.8,14,176.4,0
2017-11-04 13:43:39,5,56,18.9,63,7.1,1003.6,1008.5,3.7,5.1,12,176.4,0
2017-11-04 13:48:39,5,56,19,63,7.3,1003.5,1008.4,3.7,5.4,12,176.4,0
2017-11-04 13:53:39,5,56,19,63,7.6,1003.6,1008.5,2.7,3.7,14,176.4,0
2017-11-04 13:58:39,5,56,19.1,62,7.7,1003.6,1008.5,3.1,4.1,14,176.4,0
2017-11-04 14:03:39,5,57,19.1,63,7.9,1003.6,1008.5,3.7,4.4,14,176.4,0
2017-11-04 14:08:39,5,57,19.1,63,7.6,1003.8,1008.7,4.4,6.5,8,176.4,0
2017-11-04 14:13:39,5,56,19.1,65,7.3,1003.8,1008.7,3.7,5.1,14,176.4,0
2017-11-04 14:18:39,5,56,19.2,67,7.1,1003.8,1008.7,1.7,2.4,12,176.4,0
2017-11-04 14:23:39,5,55,19.2,67,7.1,1003.7,1008.6,3.1,4.4,14,176.4,0
2017-11-04 14:28:39,5,56,19.2,66,7.4,1003.7,1008.6,2.7,5.4,14,176.4,0
2017-11-04 14:33:39,5,56,19.3,65,7.7,1003.8,1008.7,2,4.4,12,176.4,0
2017-11-04 14:38:39,5,56,19.3,64,8,1003.8,1008.7,2.4,3.7,12,176.4,0
2017-11-04 14:43:39,5,56,19.5,63,8.5,1003.9,1008.8,2,3.4,12,176.4,0
2017-11-04 14:48:39,5,55,19.5,62,8.1,1004,1008.9,1.4,1.7,12,176.4,0
2017-11-04 14:53:39,5,53,19.5,62,7.7,1004,1008.9,2.4,3.7,12,176.4,0
2017-11-04 14:58:39,5,51,19.4,64,7.4,1004.3,1009.2,3.4,5.4,0,176.4,0
2017-11-04 15:03:39,5,52,19.3,71,5.5,1004.3,1009.2,5.4,7.5,14,176.7,0
2017-11-04 15:08:39,5,52,19.2,73,5.2,1004,1008.9,2.7,4.4,14,176.7,0
2017-11-04 15:13:39,5,53,19.3,74,5.3,1003.9,1008.8,1.4,2,14,176.7,0
2017-11-04 15:18:39,5,53,19.3,74,5.3,1004.1,1009,1.7,2,14,176.7,0
2017-11-04 15:23:39,5,53,19.3,74,5.1,1004.1,1009,1,1.7,10,176.7,0
2017-11-04 15:28:39,5,53,19.3,74,5,1004,1008.9,1,1.4,12,176.7,0
2017-11-04 15:33:39,5,53,19.3,75,4.8,1004.1,1009,0.7,1.4,10,176.7,0
2017-11-04 15:38:39,5,53,19.2,75,4.7,1004,1008.9,1,1.7,12,176.7,0
2017-11-04 15:43:39,5,54,19.2,75,4.7,1004.2,1009.1,1.4,2,10,176.7,0
2017-11-04 15:48:39,5,54,19.2,75,4.8,1004.2,1009.1,1.7,2.4,12,176.7,0
2017-11-04 15:53:39,5,54,19.2,75,4.8,1004.2,1009.1,1.4,2.4,12,176.7,0
2017-11-04 15:58:39,5,55,19.2,74,5,1004.2,1009.1,1.7,2.4,12,176.7,0
2017-11-04 16:03:39,5,55,19.2,74,5.1,1004.2,1009.1,2,3.4,14,176.7,0
2017-11-04 16:08:39,5,55,19.2,74,5.1,1004.4,1009.3,2,3.7,12,176.7,0
2017-11-04 16:13:39,5,55,19.2,74,5.3,1004.3,1009.2,1.7,2.4,10,176.7,0
2017-11-04 16:18:39,5,55,19.2,74,5.3,1004.5,1009.4,1.4,2.7,12,176.7,0
2017-11-04 16:23:39,5,55,19.1,74,5.4,1004.6,1009.5,1.7,2.7,12,176.7,0
2017-11-04 16:28:39,5,55,19.1,74,5.4,1004.7,1009.6,2,3.1,12,176.7,0
2017-11-04 16:33:39,5,55,19.1,73,5.4,1004.7,1009.6,1.7,2.7,12,176.7,0
2017-11-04 16:38:39,5,56,19,73,5.4,1004.8,1009.7,1.7,2.4,12,176.7,0
2017-11-04 16:43:39,5,56,19,73,5.6,1004.8,1009.7,2.4,5.1,14,176.7,0
2017-11-04 16:48:39,5,57,18.9,73,5.6,1005.1,1010,2,3.4,14,176.7,0
2017-11-04 16:53:39,5,56,18.9,73,5.5,1005,1009.9,0.7,1.4,14,176.7,0
2017-11-04 16:58:39,5,56,18.8,73,5.3,1005.1,1010,1,1.7,12,176.7,0
2017-11-04 17:03:39,5,56,18.8,73,5,1005.2,1010.1,0.7,1.4,12,176.7,0
2017-11-04 17:08:39,5,56,18.8,74,4.9,1005,1009.9,0.7,1.4,12,176.7,0
2017-11-04 17:13:39,5,55,18.7,74,4.7,1005.2,1010.1,1,1.4,12,176.7,0
2017-11-04 17:18:39,5,55,18.7,74,4.4,1005.1,1010,0.7,1.4,12,176.7,0
2017-11-04 17:23:39,5,54,18.6,74,4.3,1005.1,1010,1,1.7,12,176.7,0
2017-11-04 17:28:39,5,54,18.6,74,4.3,1005.3,1010.2,1,1.4,10,176.7,0
2017-11-04 17:33:39,5,54,18.6,75,4.2,1005.3,1010.2,1,1.7,12,176.7,0
2017-11-04 17:38:39,5,54,18.5,75,4.2,1005.6,1010.5,0.7,1,12,176.7,0
2017-11-04 17:43:39,5,54,18.5,75,4.1,1005.4,1010.3,0.7,1,12,176.7,0
2017-11-04 17:48:39,5,54,18.5,75,4.1,1005.6,1010.5,1,1.7,12,176.7,0
2017-11-04 17:53:39,5,54,18.5,75,4.2,1005.6,1010.5,0.7,1.4,10,176.7,0
2017-11-04 17:58:39,5,55,18.5,75,4.3,1005.7,1010.6,0.7,1,12,176.7,0
2017-11-04 18:03:39,5,55,18.4,75,4.3,1005.7,1010.6,0.3,0.7,12,176.7,0
2017-11-04 18:08:39,5,55,18.4,75,4.2,1005.8,1010.7,0.7,1,14,176.7,0
2017-11-04 18:13:39,5,55,18.4,75,4.3,1006.1,1011,0.7,1.4,10,176.7,0
2017-11-04 18:18:39,5,55,18.4,75,4.5,1005.9,1010.8,1,1.4,10,176.7,0
2017-11-04 18:23:39,5,56,18.4,75,4.5,1005.8,1010.7,1.4,2.4,12,176.7,0
2017-11-04 18:28:40,5,56,18.5,75,4.3,1005.8,1010.7,0.7,1,12,176.7,0
2017-11-04 18:33:40,5,56,18.5,75,4.1,1005.8,1010.7,0.3,0.7,10,176.7,0
2017-11-04 18:38:40,5,56,18.5,76,3.9,1005.9,1010.8,0.7,1,12,176.7,0
2017-11-04 18:43:40,5,57,18.5,76,3.7,1005.8,1010.7,0.7,1,12,176.7,0
2017-11-04 18:48:40,5,57,18.5,76,3.6,1006,1010.9,1,1.4,10,176.7,0
2017-11-04 18:53:40,5,57,18.5,76,3.5,1005.9,1010.8,0.7,1,10,176.7,0
2017-11-04 18:58:40,5,57,18.5,76,3.4,1006,1010.9,0.3,1,12,176.7,0
2017-11-04 19:03:40,5,57,18.5,76,3.2,1006.2,1011.1,1.4,1.7,12,176.7,0
2017-11-04 19:08:40,5,58,18.4,77,3.4,1006.2,1011.1,1,1.7,12,176.7,0
2017-11-04 19:13:40,5,58,18.5,77,3.7,1006.3,1011.2,1.4,1.7,12,176.7,0
2017-11-04 19:18:40,5,59,18.5,77,3.9,1006.4,1011.3,0.7,1.4,12,176.7,0
2017-11-04 19:23:40,5,59,18.6,76,4.1,1006.4,1011.3,1,1.4,12,176.7,0
2017-11-04 19:28:40,5,59,18.6,76,4.2,1006.6,1011.5,1.7,2.4,12,176.7,0
2017-11-04 19:33:40,5,59,18.6,76,4.2,1006.3,1011.2,1.4,2,12,176.7,0
2017-11-04 19:38:40,5,59,18.6,75,4.3,1006.5,1011.4,2,3.1,10,176.7,0
2017-11-04 19:43:40,5,59,18.5,75,4.4,1006.7,1011.6,2,3.4,12,177,0
2017-11-04 19:48:40,5,59,18.5,74,4.4,1006.7,1011.6,0.7,1.4,12,177,0
2017-11-04 19:53:40,5,59,18.5,74,4.3,1006.7,1011.6,1.7,2.7,10,177,0
2017-11-04 19:58:40,5,59,18.5,74,4.3,1007,1011.9,1.7,2.4,12,177,0
2017-11-04 20:03:40,5,59,18.5,74,4.3,1007,1011.9,1.7,2.7,12,177,0
2017-11-04 20:08:40,5,59,18.5,73,4.3,1007,1011.9,1.7,2.7,12,177,0
2017-11-04 20:13:40,5,59,18.5,73,4.4,1007.2,1012.1,2.4,5.4,14,177,0
2017-11-04 20:18:40,5,59,18.5,73,4.5,1007.5,1012.4,4.8,6.8,14,177,0
2017-11-04 20:23:40,5,59,18.5,73,4.3,1007.3,1012.2,4.4,5.4,14,177,0
2017-11-04 20:28:40,5,59,18.5,74,4.2,1007.1,1012,1.4,2.4,12,177,0
2017-11-04 20:33:40,5,59,18.5,74,4,1007.2,1012.1,1,1.7,10,177,0
2017-11-04 20:38:40,5,59,18.5,75,3.9,1007.1,1012,1,1.7,12,177,0
2017-11-04 20:43:40,5,59,18.5,75,3.8,1007.1,1012,1.4,1.7,10,177,0
2017-11-04 20:48:40,5,59,18.4,75,3.7,1007.2,1012.1,1,1.4,10,177,0
2017-11-04 20:53:40,5,59,18.4,75,3.5,1007.2,1012.1,1.4,1.7,12,177,0
2017-11-04 20:58:40,5,59,18.4,75,3.4,1007.2,1012.1,1.4,2.7,12,177,0
2017-11-04 21:03:40,5,59,18.5,76,3.6,1007.4,1012.3,2,3.4,12,177,0
2017-11-04 21:08:40,5,59,18.4,76,3.8,1007.4,1012.3,2.4,3.4,14,177,0
2017-11-04 21:13:40,5,59,18.4,74,4.1,1007.3,1012.2,1.7,2.4,10,177,0
2017-11-04 21:18:40,5,59,18.4,74,4.1,1007.4,1012.3,1.7,2.4,12,177,0
2017-11-04 21:23:40,5,59,18.4,74,4.1,1007.5,1012.4,1.4,2,14,177,0
2017-11-04 21:28:40,5,59,18.4,74,4,1007.6,1012.5,1,1.7,10,177,0
2017-11-04 21:33:40,5,59,18.4,75,3.9,1007.5,1012.4,1,1.7,10,177,0
2017-11-04 21:38:40,5,59,18.4,75,3.8,1007.6,1012.5,1,1.4,10,177,0
2017-11-04 21:43:40,5,59,18.4,75,3.6,1007.5,1012.4,0.3,1.4,12,177,0
2017-11-04 21:48:40,5,59,18.4,75,3.4,1007.7,1012.6,0.7,1.7,12,177,0
2017-11-04 21:53:40,5,59,18.4,75,3.4,1007.7,1012.6,1,2,12,177,0
2017-11-04 21:58:40,5,59,18.4,75,3.5,1007.7,1012.6,1.4,2,12,177,0
2017-11-04 22:03:40,5,59,18.4,75,3.5,1007.6,1012.5,1,1.4,10,177,0
2017-11-04 22:08:40,5,59,18.4,75,3.4,1007.7,1012.6,1,1.7,12,177,0
2017-11-04 22:13:40,5,59,18.4,76,3.2,1007.7,1012.6,1,1.4,12,177,0
2017-11-04 22:18:40,5,59,18.4,76,3,1007.7,1012.6,1,1.7,12,177,0
2017-11-04 22:23:40,5,59,18.4,76,3.1,1007.9,1012.8,1.4,2,10,177,0
2017-11-04 22:28:40,5,59,18.4,76,3.3,1007.7,1012.6,1,1.7,10,177,0
2017-11-04 22:33:40,5,59,18.4,77,3.4,1007.9,1012.8,1.4,1.7,12,177,0
2017-11-04 22:38:40,5,59,18.4,77,3.6,1007.8,1012.7,1.4,2,12,177,0
2017-11-04 22:43:40,5,59,18.4,77,3.7,1007.8,1012.7,1.4,1.7,12,177,0
2017-11-04 22:48:40,5,59,18.4,77,3.7,1007.9,1012.8,1,1.7,10,177,0
2017-11-04 22:53:40,5,60,18.4,76,3.7,1008.1,1013,1.7,2.4,10,177,0
2017-11-04 22:58:40,5,60,18.4,76,3.8,1008.1,1013,1.7,2.4,14,177,0
2017-11-04 23:03:40,5,60,18.4,76,4.3,1008.2,1013.1,1.7,2.4,12,177,0
2017-11-04 23:08:40,5,60,18.4,75,4.6,1008.1,1013,1.7,2.4,12,177,0
2017-11-04 23:13:40,5,60,18.4,75,4.6,1008.3,1013.2,2.4,2.7,14,177,0
2017-11-04 23:18:40,5,60,18.4,75,4.5,1008.1,1013,2.7,3.7,10,177,0
2017-11-04 23:23:40,5,60,18.5,75,4.4,1008.3,1013.2,1.4,2,14,177,0
2017-11-04 23:28:40,5,61,18.5,75,4.3,1008.3,1013.2,1.4,1.7,12,177,0
2017-11-04 23:33:40,5,61,18.5,75,4.2,1008.2,1013.1,1.4,2,10,177,0
2017-11-04 23:38:40,5,61,18.5,75,4.1,1008.3,1013.2,1,1.7,12,177,0
2017-11-04 23:43:40,5,61,18.5,75,4.1,1008.2,1013.1,1,1.7,12,177,0
2017-11-04 23:48:40,5,61,18.5,75,4.3,1008.3,1013.2,1.4,2,12,177,0
2017-11-04 23:53:40,5,61,18.5,75,4.4,1008.5,1013.4,1.4,1.7,10,177,0
2017-11-04 23:58:40,5,61,18.5,75,4.5,1008.5,1013.4,1,1.7,12,177,0
