2022-08-16 00:02:58,5,59,22.6,88,14.3,1008.2,1013.1,2.7,3.7,0,1.2,0
2022-08-16 00:07:58,5,59,22.6,87,14.3,1008.2,1013.1,2,2.7,14,1.2,0
2022-08-16 00:12:58,5,59,22.6,87,14.3,1008.4,1013.3,1.7,3.1,14,1.2,0
2022-08-16 00:17:58,5,59,22.6,87,14.3,1008.3,1013.2,3.4,5.1,14,1.2,0
2022-08-16 00:22:58,5,59,22.6,87,14.3,1008.3,1013.2,2.4,3.4,14,1.2,0
2022-08-16 00:27:58,5,59,22.6,86,14.3,1008.3,1013.2,2.4,3.1,14,1.2,0
2022-08-16 00:32:58,5,59,22.6,86,14.3,1008.3,1013.2,1.7,2.4,14,1.2,0
2022-08-16 00:37:58,5,59,22.6,86,14.3,1008.4,1013.3,1.7,2,0,1.2,0
2022-08-16 00:42:58,5,59,22.7,86,14.3,1008.6,1013.5,1.7,3.1,0,1.2,0
2022-08-16 00:47:58,5,59,22.6,86,14.3,1008.4,1013.3,3.4,4.4,2,1.2,0
2022-08-16 00:52:58,5,59,22.6,85,14.3,1008.4,1013.3,3.7,5.1,14,1.2,0
2022-08-16 00:57:58,5,59,22.6,85,14.3,1008.5,1013.4,3.1,4.4,0,1.2,0
2022-08-16 01:02:58,5,59,22.6,84,14.3,1008.4,1013.3,2,2.4,14,1.2,0
2022-08-16 01:07:58,5,59,22.6,84,14.2,1008.5,1013.4,1.4,2.4,0,1.2,0
2022-08-16 01:12:58,5,59,22.6,84,14.2,1008.5,1013.4,1.7,2.4,14,1.2,0
2022-08-16 01:17:58,5,59,22.6,84,14.2,1008.5,1013.4,2.7,3.7,14,1.2,0
2022-08-16 01:22:58,5,59,22.6,84,14.2,1008.7,1013.6,4.4,5.1,0,1.2,0
2022-08-16 01:27:58,5,59,22.6,84,14.2,1008.7,1013.6,2,2.7,14,1.2,0
2022-08-16 01:32:58,5,58,22.6,84,14.2,1008.7,1013.6,2.7,3.4,12,1.2,0
2022-08-16 01:37:58,5,58,22.6,83,14.1,1008.7,1013.6,3.4,4.4,0,1.2,0
2022-08-16 01:42:58,5,58,22.6,82,14.1,1008.6,1013.5,4.1,5.1,0,1.2,0
2022-08-16 01:47:58,5,58,22.6,80,14.1,1008.7,1013.6,3.7,6.1,14,1.2,0
2022-08-16 01:52:58,5,58,22.6,78,14.1,1008.7,1013.6,4.1,4.8,0,1.2,0
2022-08-16 01:57:58,5,58,22.6,77,14.1,1008.7,1013.6,4.4,5.4,0,1.2,0
2022-08-16 02:02:58,5,58,22.6,76,14,1008.8,1013.7,3.4,4.4,0,1.2,0
2022-08-16 02:07:58,5,58,22.6,76,14,1008.8,1013.7,4.8,6.5,0,1.2,0
2022-08-16 02:12:58,5,58,22.6,77,13.9,1008.7,1013.6,4.1,4.8,14,1.2,0
2022-08-16 02:17:58,5,58,22.6,78,13.9,1008.9,1013.8,4.1,5.4,0,1.2,0
2022-08-16 02:22:58,5,58,22.6,79,13.9,1009,1013.9,5.1,6.8,0,1.2,0
2022-08-16 02:27:58,5,58,22.6,80,13.9,1008.9,1013.8,3.7,4.8,14,1.2,0
2022-08-16 02:32:58,5,58,22.6,80,13.8,1008.9,1013.8,2.7,4.1,14,1.2,0
2022-08-16 02:37:58,5,58,22.6,81,13.8,1009,1013.9,2,2.7,14,1.2,0
2022-08-16 02:42:58,5,58,22.6,81,13.7,1009,1013.9,2,3.1,0,1.2,0
2022-08-16 02:47:58,5,58,22.6,82,13.7,1008.9,1013.8,3.7,4.8,0,1.2,0
2022-08-16 02:52:58,5,58,22.6,82,13.7,1009,1013.9,2,3.1,14,1.2,0
2022-08-16 02:57:58,5,58,22.6,82,13.6,1009.1,1014,1.4,2,10,1.2,0
2022-08-16 03:02:58,5,58,22.6,82,13.6,1009.1,1014,1.7,2.4,0,1.2,0
2022-08-16 03:07:58,5,58,22.6,82,13.6,1009.1,1014,1.7,2,12,1.2,0
2022-08-16 03:12:58,5,58,22.6,83,13.6,1009.3,1014.2,2.4,3.1,,1.2,0
2022-08-16 03:17:58,5,58,22.6,83,13.6,1009.3,1014.2,2,2.7,1,1.2,0
2022-08-16 03:22:58,5,58,22.6,83,13.6,1009.4,1014.3,2.4,2.7,0,1.2,0
2022-08-16 03:27:58,5,58,22.6,83,13.5,1009.3,1014.2,2,3.4,14,1.2,0
2022-08-16 03:32:58,5,58,22.6,84,13.4,1009.3,1014.2,1.4,2.4,0,1.2,0
2022-08-16 03:37:58,5,58,22.6,84,13.4,1009.4,1014.3,1,1.7,14,1.2,0
2022-08-16 03:42:58,5,58,22.6,84,13.3,1009.4,1014.3,3.4,4.4,0,1.2,0
2022-08-16 03:47:58,5,58,22.6,83,13.2,1009.3,1014.2,1.7,2.7,12,1.2,0
2022-08-16 03:52:58,5,58,22.5,83,13.2,1009.2,1014.1,1.4,2,14,1.2,0
2022-08-16 03:57:58,5,58,22.5,84,13,1009.4,1014.3,1,1.4,15,1.2,0
2022-08-16 04:02:58,5,58,22.5,84,12.9,1009.4,1014.3,3.1,4.1,14,1.2,0
2022-08-16 04:07:58,5,58,22.5,84,12.8,1009.4,1014.3,2.7,3.4,0,1.2,0
2022-08-16 04:12:58,5,58,22.5,84,12.6,1009.5,1014.4,3.1,4.8,12,1.2,0
2022-08-16 04:17:58,5,58,22.5,89,12.4,1009.6,1014.5,2.4,3.4,12,1.2,0
2022-08-16 04:22:58,5,58,22.5,90,12.4,1009.6,1014.5,2,2.7,0,1.2,0
2022-08-16 04:27:58,5,58,22.5,90,12.4,1009.6,1014.5,1.4,2.4,0,1.2,0
2022-08-16 04:32:58,5,58,22.5,91,12.4,1009.6,1014.5,2.4,3.1,14,1.2,0
2022-08-16 04:37:58,5,58,22.5,88,12.5,1009.6,1014.5,2,3.4,14,1.2,0
2022-08-16 04:42:58,5,58,22.5,88,12.6,1009.7,1014.6,2,2.4,14,1.2,0
2022-08-16 04:47:58,5,58,22.5,88,12.6,1009.7,1014.6,2,2.7,0,1.2,0
2022-08-16 04:52:58,5,58,22.5,88,12.6,1009.7,1014.6,1.4,2,14,1.2,0
2022-08-16 04:57:58,5,58,22.5,88,12.6,1009.8,1014.7,1.4,2,12,1.2,0
2022-08-16 05:02:58,5,58,22.5,88,12.6,1009.9,1014.8,2.4,3.1,14,1.2,0
2022-08-16 05:07:58,5,58,22.5,87,12.6,1009.9,1014.8,1.4,2.4,2,1.2,0
2022-08-16 05:12:58,5,57,22.4,91,12.4,1009.9,1014.8,1.7,2.7,0,1.2,0
2022-08-16 05:17:58,5,57,22.4,90,12.3,1010.2,1015.1,1.7,2.4,14,1.2,0
2022-08-16 05:22:58,5,57,22.4,91,12.2,1010.2,1015.1,1.7,3.4,14,1.2,0
2022-08-16 05:27:58,5,57,22.4,91,12.3,1010.3,1015.2,2,2.7,12,1.2,0
2022-08-16 05:32:58,5,57,22.4,91,12.4,1010.3,1015.2,1,1.4,2,1.2,0
2022-08-16 05:37:58,5,57,22.4,88,12.5,1010.3,1015.2,1,1.4,14,1.2,0
2022-08-16 05:42:58,5,57,22.4,88,12.5,1010.4,1015.3,1.4,1.7,12,1.2,0
2022-08-16 05:47:58,5,57,22.4,88,12.6,1010.5,1015.4,1.4,2,14,1.2,0
2022-08-16 05:52:58,5,57,22.4,88,12.6,1010.4,1015.3,1.7,2.4,12,1.2,0
2022-08-16 05:57:58,5,56,22.4,88,12.6,1010.4,1015.3,2,3.1,8,1.2,0
2022-08-16 06:02:58,5,56,22.4,88,12.7,1010.5,1015.4,2,3.1,12,1.2,0
2022-08-16 06:07:58,5,56,22.4,87,12.8,1010.5,1015.4,1.7,2,12,1.2,0
2022-08-16 06:12:58,5,56,22.4,86,12.8,1010.6,1015.5,2.4,3.1,14,1.2,0
2022-08-16 06:17:58,5,56,22.4,86,12.9,1010.6,1015.5,2,3.1,12,1.2,0
2022-08-16 06:22:58,5,56,22.4,85,13,1010.5,1015.4,1.7,2.7,14,1.2,0
2022-08-16 06:27:58,5,56,22.3,84,13,1010.6,1015.5,1.4,2,12,1.2,0
2022-08-16 06:32:58,5,56,22.3,84,13,1010.6,1015.5,2.4,2.7,0,1.2,0
2022-08-16 06:37:58,5,57,22.3,83,13.1,1010.6,1015.5,1.7,2.4,14,1.2,0
2022-08-16 06:42:58,5,57,22.3,83,13.1,1010.8,1015.7,1.4,1.7,10,1.2,0
2022-08-16 06:47:58,5,57,22.3,82,13.2,1010.8,1015.7,1.7,2.7,0,1.2,0
2022-08-16 06:52:58,5,57,22.3,82,13.3,1010.7,1015.6,1.4,2,14,1.2,0
2022-08-16 06:57:58,5,57,22.3,82,13.4,1010.8,1015.7,2.4,3.1,0,1.2,0
2022-08-16 07:02:58,5,57,22.3,82,13.4,1010.8,1015.7,1.4,1.7,14,1.2,0
2022-08-16 07:07:58,5,57,22.3,81,13.5,1010.8,1015.7,1.7,2.4,12,1.2,0
2022-08-16 07:12:58,5,56,22.4,82,13.9,1010.8,1015.7,1,1.4,2,1.2,0
2022-08-16 07:17:58,5,56,22.4,81,14.9,1010.7,1015.6,1.4,2.4,0,1.2,0
2022-08-16 07:22:58,5,57,22.4,78,15.5,1010.8,1015.7,1.7,2.7,8,1.2,0
2022-08-16 07:27:58,5,57,22.5,75,15.6,1010.8,1015.7,2,3.1,0,1.2,0
2022-08-16 07:32:58,5,57,22.5,74,15.6,1010.8,1015.7,2.7,3.7,14,1.2,0
2022-08-16 07:37:58,5,57,22.5,73,15.6,1010.9,1015.8,1.7,3.4,12,1.2,0
2022-08-16 07:42:58,5,57,22.5,74,15.6,1011,1015.9,1.7,2.4,14,1.2,0
2022-08-16 07:47:58,5,57,22.5,74,15.8,1011,1015.9,3.1,3.7,12,1.2,0
2022-08-16 07:52:58,5,57,22.5,74,15.8,1011.1,1016,3.4,4.1,8,1.2,0
2022-08-16 07:57:58,5,57,22.6,74,15.6,1011.1,1016,2.7,4.4,0,1.2,0
2022-08-16 08:02:58,5,57,22.6,74,15.9,1011.2,1016.1,3.4,4.4,14,1.2,0
2022-08-16 08:07:58,5,57,22.6,73,16.1,1011.3,1016.2,4.4,5.8,14,1.2,0
2022-08-16 08:12:58,5,57,22.6,73,15.9,1011.3,1016.2,2.4,3.4,0,1.2,0
2022-08-16 08:17:58,5,54,22.6,73,15.5,1011.4,1016.3,3.4,5.4,14,1.2,0
2022-08-16 08:22:58,5,52,22.6,73,15.3,1011.2,1016.1,2.7,4.1,12,1.2,0
2022-08-16 08:27:58,5,51,22.5,74,15.5,1011.3,1016.2,2.4,4.1,4,1.2,0
2022-08-16 08:32:58,5,51,22.5,74,15.9,1011.5,1016.4,4.1,5.1,14,1.2,0
2022-08-16 08:37:58,5,51,22.4,72,16.2,1011.5,1016.4,3.4,4.4,14,1.2,0
2022-08-16 08:42:58,5,51,22.4,71,16,1011.4,1016.3,2.7,3.7,12,1.2,0
2022-08-16 08:47:58,5,51,22.4,70,15.7,1011.6,1016.5,3.1,4.8,14,1.2,0
2022-08-16 08:52:58,5,50,22.3,70,15.4,1011.6,1016.5,3.4,4.4,12,1.2,0
2022-08-16 08:57:58,5,49,22.3,71,15.7,1011.8,1016.7,3.4,5.1,10,1.2,0
2022-08-16 09:02:58,5,49,22.3,71,15.9,1011.8,1016.7,4.8,5.4,2,1.2,0
2022-08-16 09:07:58,5,49,22.3,70,16.2,1011.9,1016.8,4.1,6.1,0,1.2,0
2022-08-16 09:12:58,5,49,22.3,70,16.6,1011.8,1016.7,3.4,4.8,14,1.2,0
2022-08-16 09:17:58,5,49,22.3,70,16.7,1011.9,1016.8,2.7,3.4,14,1.2,0
2022-08-16 09:22:58,5,49,22.3,69,16.3,1011.9,1016.8,4.1,5.1,0,1.2,0
2022-08-16 09:27:58,5,48,22.3,67,16.1,1012,1016.9,6.5,7.8,2,1.2,0
2022-08-16 09:32:58,5,48,22.3,70,15.6,1012,1016.9,3.7,6.1,12,1.2,0
2022-08-16 09:37:58,5,48,22.3,70,15.3,1012.2,1017.1,4.4,6.5,12,1.2,0
2022-08-16 09:42:58,5,48,22.2,71,15.5,1012.1,1017,4.1,6.1,13,1.2,0
2022-08-16 09:47:58,5,48,22.3,70,15.4,1012.1,1017,6.5,8.2,14,1.2,0
2022-08-16 09:52:58,5,48,22.2,69,15.3,1012,1016.9,6.8,8.2,0,1.2,0
2022-08-16 09:57:58,5,48,22.3,70,15.5,1012.1,1017,5.4,6.5,0,1.2,0
2022-08-16 10:02:58,5,47,22.3,70,15.9,1012,1016.9,3.1,4.1,12,1.2,0
2022-08-16 10:07:58,5,47,22.2,67,16,1012.3,1017.2,5.8,7.8,14,1.2,0
2022-08-16 10:12:58,5,47,22.3,67,16,1012.1,1017,3.4,4.8,0,1.2,0
2022-08-16 10:17:58,5,46,22.3,65,16.2,1012.1,1017,3.1,4.1,0,1.2,0
2022-08-16 10:22:58,5,46,22.3,63,16.7,1012.1,1017,5.1,7.1,0,1.2,0
2022-08-16 10:27:58,5,45,22.3,61,16.5,1012.1,1017,5.1,6.1,0,1.2,0
2022-08-16 10:32:58,5,44,22.3,62,16.4,1012.1,1017,4.4,5.8,0,1.2,0
2022-08-16 10:37:58,5,44,22.3,63,16.3,1012.2,1017.1,4.8,6.1,0,1.2,0
2022-08-16 10:42:58,5,44,22.3,64,17.1,1012.2,1017.1,4.1,5.8,0,1.2,0
2022-08-16 10:47:58,5,44,22.3,60,17.8,1012.2,1017.1,5.1,6.5,14,1.2,0
2022-08-16 10:52:58,5,45,22.3,61,16.7,1012.1,1017,7.1,8.5,0,1.2,0
2022-08-16 10:57:58,5,44,22.3,62,16.2,1012.3,1017.2,7.1,7.8,0,1.2,0
2022-08-16 11:02:58,5,44,22.3,64,16.7,1012.5,1017.4,5.1,6.1,14,1.2,0
2022-08-16 11:07:58,5,44,22.3,64,16.4,1012.3,1017.2,5.4,6.5,0,1.2,0
2022-08-16 11:12:58,5,44,22.3,63,16.6,1012.5,1017.4,5.8,6.8,14,1.2,0
2022-08-16 11:17:58,5,45,22.3,63,16.6,1012.4,1017.3,4.8,6.5,8,1.2,0
2022-08-16 11:22:58,5,45,22.4,64,16.6,1012.4,1017.3,4.8,6.1,0,1.2,0
2022-08-16 11:27:58,5,46,22.4,63,17,1012.4,1017.3,7.1,8.8,15,1.2,0
2022-08-16 11:32:58,5,46,22.5,63,16.6,1012.4,1017.3,6.8,8.5,0,1.2,0
2022-08-16 11:37:58,5,47,22.6,64,16.6,1012.4,1017.3,6.5,8.2,0,1.2,0
2022-08-16 11:42:58,5,48,22.6,66,17.3,1012.4,1017.3,5.1,6.8,0,1.2,0
2022-08-16 11:47:58,5,48,22.8,64,17.4,1012.5,1017.4,4.1,5.4,14,1.2,0
2022-08-16 11:52:58,5,48,22.8,63,17.4,1012.3,1017.2,5.4,6.8,0,1.2,0
2022-08-16 11:57:58,5,48,22.9,61,17.3,1012.3,1017.2,4.4,6.5,14,1.2,0
2022-08-16 12:02:58,5,48,22.9,60,17.1,1012.4,1017.3,6.1,7.8,14,1.2,0
2022-08-16 12:07:58,5,48,23,61,17.3,1012.5,1017.4,6.8,8.2,0,1.2,0
2022-08-16 12:12:58,5,48,23,58,17.9,1012.4,1017.3,6.8,8.2,14,1.2,0
2022-08-16 12:17:58,5,48,23.1,59,16.9,1012.4,1017.3,6.5,8.8,0,1.2,0
2022-08-16 12:22:58,5,48,23.1,61,16.8,1012.5,1017.4,4.4,5.8,14,1.2,0
2022-08-16 12:27:58,5,48,23.1,60,16.9,1012.6,1017.5,4.4,6.1,0,1.2,0
2022-08-16 12:32:58,5,49,23.1,60,17,1012.4,1017.3,4.8,6.5,0,1.2,0
2022-08-16 12:37:58,5,49,23.1,60,17.2,1012.4,1017.3,4.1,5.4,0,1.2,0
2022-08-16 12:42:58,5,49,23.1,56,17.5,1012.3,1017.2,4.4,5.8,0,1.2,0
2022-08-16 12:47:58,5,49,23.1,56,18.1,1012.4,1017.3,5.4,7.5,0,1.2,0
2022-08-16 12:52:58,5,48,23.1,52,18.7,1012.4,1017.3,5.8,6.8,14,1.2,0
2022-08-16 12:57:58,5,48,23.2,52,19.2,1012.4,1017.3,7.1,9.2,0,1.2,0
2022-08-16 13:02:58,5,48,23.2,51,18.9,1012.4,1017.3,7.1,9.2,10,1.2,0
2022-08-16 13:07:58,5,47,23.2,51,18.8,1012.4,1017.3,5.1,6.5,0,1.2,0
2022-08-16 13:12:58,5,47,23.2,47,18,1012.8,1017.7,7.1,8.2,14,1.2,0
2022-08-16 13:17:58,5,44,23.3,49,18.2,1012.5,1017.4,5.4,6.5,14,1.2,0
2022-08-16 13:22:58,5,43,23.3,50,18.1,1012.7,1017.6,4.8,6.8,14,1.2,0
2022-08-16 13:27:58,5,43,23.2,51,17.8,1012.7,1017.6,3.4,4.4,14,1.2,0
2022-08-16 13:32:58,5,42,23.3,51,18.1,1012.7,1017.6,4.4,6.1,14,1.2,0
2022-08-16 13:37:58,5,42,23.2,52,18.6,1012.7,1017.6,3.7,5.1,0,1.2,0
2022-08-16 13:42:58,5,42,23.3,52,17.9,1012.8,1017.7,4.4,5.8,14,1.2,0
2022-08-16 13:47:58,5,42,23.3,55,17.2,1012.7,1017.6,4.8,6.1,12,1.2,0
2022-08-16 13:52:58,5,42,23.2,55,16.9,1012.8,1017.7,4.1,5.8,0,1.2,0
2022-08-16 13:57:58,5,42,23.2,53,18,1012.8,1017.7,3.7,4.4,14,1.2,0
2022-08-16 14:02:58,5,41,23.2,50,18.1,1012.8,1017.7,3.7,5.1,14,1.2,0
2022-08-16 14:07:58,5,41,23.2,52,18.3,1012.7,1017.6,3.7,5.1,14,1.2,0
2022-08-16 14:12:58,5,41,23.2,50,17.6,1012.8,1017.7,5.4,7.5,14,1.2,0
2022-08-16 14:17:58,5,41,23.2,57,17.2,1012.9,1017.8,4.1,5.8,14,1.2,0
2022-08-16 14:22:58,5,41,23.1,59,17.2,1012.9,1017.8,3.1,4.1,12,1.2,0
2022-08-16 14:27:58,5,42,23.2,55,17.8,1012.9,1017.8,3.7,5.1,0,1.2,0
2022-08-16 14:32:58,5,42,23.2,52,18,1012.8,1017.7,3.4,4.4,0,1.2,0
2022-08-16 14:37:58,5,42,23.3,57,17.4,1013.1,1018,5.8,6.5,14,1.2,0
2022-08-16 14:42:58,5,43,23.3,52,17.5,1012.8,1017.7,5.8,6.8,0,1.2,0
2022-08-16 14:47:58,5,43,23.4,52,17.8,1012.8,1017.7,5.1,6.8,14,1.2,0
2022-08-16 14:52:58,5,43,23.4,57,17.4,1012.9,1017.8,6.5,7.1,0,1.2,0
2022-08-16 14:57:58,5,43,23.5,58,17.2,1013,1017.9,5.4,8.2,14,1.2,0
2022-08-16 15:02:58,5,44,23.6,56,17.9,1012.9,1017.8,4.1,5.8,14,1.2,0
2022-08-16 15:07:58,5,44,23.6,60,17.3,1013,1017.9,6.8,8.2,0,1.2,0
2022-08-16 15:12:58,5,44,23.7,61,16.8,1013.2,1018.1,3.7,4.8,2,1.2,0
2022-08-16 15:17:58,5,44,23.8,61,16.8,1013.2,1018.1,4.4,5.4,2,1.2,0
2022-08-16 15:22:58,5,44,23.9,60,17,1013.2,1018.1,3.7,5.8,14,1.2,0
2022-08-16 15:27:58,5,45,23.9,60,17.4,1012.9,1017.8,6.8,9.2,0,1.2,0
2022-08-16 15:32:58,5,44,24,56,17.6,1012.9,1017.8,4.4,5.4,12,1.2,0
2022-08-16 15:37:58,5,44,24,54,17.6,1013.2,1018.1,5.4,7.1,14,1.2,0
2022-08-16 15:42:58,5,44,24,60,17.3,1013.1,1018,6.1,7.5,14,1.2,0
2022-08-16 15:47:58,5,44,24.1,59,17.3,1013.4,1018.3,5.4,7.1,0,1.2,0
2022-08-16 15:52:58,5,44,24.2,59,17.1,1013.1,1018,3.7,4.8,14,1.2,0
2022-08-16 15:57:58,5,44,24.3,60,17.1,1013.1,1018,7.1,8.5,0,1.2,0
2022-08-16 16:02:58,5,45,24.3,59,16.9,1013.1,1018,5.8,8.2,2,1.2,0
2022-08-16 16:07:58,5,44,24.4,60,17,1013.2,1018.1,5.1,6.1,14,1.2,0
2022-08-16 16:12:58,5,43,24.5,59,17.1,1013,1017.9,5.8,7.1,14,1.2,0
2022-08-16 16:17:58,5,42,24.5,57,17,1012.9,1017.8,6.1,8.5,0,1.2,0
2022-08-16 16:22:58,5,42,24.5,56,17,1012.9,1017.8,7.5,8.5,0,1.2,0
2022-08-16 16:27:58,5,42,24.6,57,17.3,1013,1017.9,6.1,7.5,15,1.2,0
2022-08-16 16:32:58,5,42,24.7,58,17.1,1013.2,1018.1,5.4,7.1,0,1.2,0
2022-08-16 16:37:58,5,42,24.7,60,16.3,1013.2,1018.1,5.1,6.5,2,1.2,0
2022-08-16 16:42:58,5,42,24.7,61,16.1,1013.2,1018.1,5.8,7.8,14,1.2,0
2022-08-16 16:47:58,5,43,24.6,62,16.1,1013.2,1018.1,5.1,6.5,0,1.2,0
2022-08-16 16:52:58,5,43,24.6,64,16.2,1013.3,1018.2,3.1,6.1,0,1.2,0
2022-08-16 16:57:58,5,43,24.6,63,16.2,1013.3,1018.2,4.4,5.8,14,1.2,0
2022-08-16 17:02:58,5,42,24.5,62,16,1013.4,1018.3,5.4,6.8,0,1.2,0
2022-08-16 17:07:58,5,42,24.4,62,15.9,1013.3,1018.2,4.8,6.1,12,1.2,0
2022-08-16 17:12:58,5,42,24.5,64,16.4,1013.4,1018.3,3.4,4.1,14,1.2,0
2022-08-16 17:17:58,5,41,24.5,62,17.3,1013.2,1018.1,2.4,3.1,12,1.2,0
2022-08-16 17:22:58,5,41,24.5,60,17.4,1013.1,1018,4.1,6.1,14,1.2,0
2022-08-16 17:27:58,5,41,24.6,59,17.1,1013,1017.9,4.4,5.8,14,1.2,0
2022-08-16 17:32:58,5,40,25.5,60,17,1013.2,1018.1,4.8,6.8,14,1.2,0
2022-08-16 17:37:58,5,36,27.4,58,17,1013.1,1018,3.7,5.4,12,1.2,0
2022-08-16 17:42:58,5,34,29.1,56,16.9,1013.2,1018.1,4.4,5.8,0,1.2,0
2022-08-16 17:47:58,5,31,30.5,57,16.9,1012.9,1017.8,3.7,5.4,14,1.2,0
2022-08-16 17:52:58,5,30,30.7,57,16.7,1013.1,1018,4.1,5.1,14,1.2,0
2022-08-16 17:57:58,5,30,30.3,53,16.3,1013.3,1018.2,5.4,7.5,0,1.2,0
2022-08-16 18:02:58,5,31,29.5,54,16.2,1013.3,1018.2,3.4,4.4,0,1.2,0
2022-08-16 18:07:58,5,32,28.6,54,16.2,1013.4,1018.3,3.7,5.4,12,1.2,0
2022-08-16 18:12:58,5,29,27.9,55,15.8,1013.5,1018.4,3.7,5.4,2,1.2,0
2022-08-16 18:17:58,5,30,27.2,57,15.6,1013.5,1018.4,5.4,6.8,14,1.2,0
2022-08-16 18:22:58,5,32,26.6,59,15.5,1013.7,1018.6,4.1,4.8,0,1.2,0
2022-08-16 18:27:58,5,33,26.5,60,15.4,1013.4,1018.3,3.1,4.1,,1.2,0
2022-08-16 18:32:58,5,33,26.1,58,15.2,1013.5,1018.4,3.1,4.4,15,1.2,0
2022-08-16 18:37:58,5,34,26.1,60,15.1,1013.8,1018.7,2.4,3.1,2,1.2,0
2022-08-16 18:42:58,5,35,25.8,61,14.9,1013.8,1018.7,2.4,4.1,14,1.2,0
2022-08-16 18:47:58,5,33,25.6,61,14.8,1013.9,1018.8,3.7,5.1,12,1.2,0
2022-08-16 18:52:58,5,32,25.3,63,14.7,1014,1018.9,2,3.4,0,1.2,0
2022-08-16 18:57:58,5,32,25,64,14.5,1014.2,1019.1,3.1,3.7,14,1.2,0
2022-08-16 19:02:58,5,33,24.7,65,14.4,1014.3,1019.2,2.4,3.4,14,1.2,0
2022-08-16 19:07:58,5,33,24.4,66,14.3,1014.4,1019.3,2.4,3.1,0,1.2,0
2022-08-16 19:12:58,5,33,24.1,67,14.2,1014.7,1019.6,1.4,2.7,12,1.2,0
2022-08-16 19:17:58,5,35,23.7,69,14,1014.7,1019.6,2.4,3.4,0,1.2,0
2022-08-16 19:22:58,5,36,23.5,70,13.9,1014.9,1019.8,2.4,3.1,14,1.2,0
2022-08-16 19:27:58,5,37,23.4,70,13.8,1014.9,1019.8,1.4,2.4,14,1.2,0
2022-08-16 19:32:58,5,37,23.3,71,13.7,1015,1019.9,2.4,3.7,14,1.2,0
2022-08-16 19:37:58,5,38,23.1,71,13.6,1015.1,1020,2.7,3.4,12,1.2,0
2022-08-16 19:42:58,5,39,23,71,13.5,1015.4,1020.3,2.4,3.4,14,1.2,0
2022-08-16 19:47:58,5,38,22.8,70,13.4,1015.2,1020.1,2.7,4.1,14,1.2,0
2022-08-16 19:52:58,5,38,22.7,71,13.3,1015.5,1020.4,1.7,2.7,12,1.2,0
2022-08-16 19:57:58,5,38,22.6,71,13.1,1015.7,1020.6,1.7,3.1,14,1.2,0
2022-08-16 20:02:58,5,38,22.4,71,13,1015.6,1020.5,1.7,2.7,2,1.2,0
2022-08-16 20:07:58,5,39,22.3,72,12.9,1015.6,1020.5,1.4,1.7,10,1.2,0
2022-08-16 20:12:58,5,39,22.2,73,12.9,1015.7,1020.6,1.4,1.7,4,1.2,0
2022-08-16 20:17:58,5,39,22.2,73,12.9,1015.8,1020.7,1,1.7,12,1.2,0
2022-08-16 20:22:58,5,40,22.2,73,12.9,1015.8,1020.7,1.7,2.4,0,1.2,0
2022-08-16 20:27:58,5,40,22.2,74,12.9,1015.7,1020.6,1,1.7,12,1.2,0
2022-08-16 20:32:58,5,40,22.3,74,12.8,1015.9,1020.8,1.4,2,14,1.2,0
2022-08-16 20:37:58,5,41,22.3,75,12.7,1015.8,1020.7,1.7,2.7,14,1.2,0
2022-08-16 20:43:00,5,41,22.3,75,12.7,1016,1020.9,1.7,2.4,0,1.2,0
2022-08-16 20:47:58,5,41,22.3,79,12.4,1015.9,1020.8,1.4,2,12,1.2,0
2022-08-16 20:52:58,5,41,22.4,79,12.1,1015.8,1020.7,1,1.4,14,1.2,0
2022-08-16 20:57:58,5,42,22.4,80,11.8,1016,1020.9,1,1.4,14,1.2,0
2022-08-16 21:02:58,5,42,22.4,80,11.6,1016.1,1021,1.4,1.7,14,1.2,0
2022-08-16 21:07:58,5,42,22.3,81,11.4,1016.2,1021.1,1,2,0,1.2,0
2022-08-16 21:12:58,5,42,22.4,82,11.3,1016.2,1021.1,1.4,2.4,0,1.2,0
2022-08-16 21:17:58,5,42,22.3,82,11.3,1016.4,1021.3,1.4,2,15,1.2,0
2022-08-16 21:22:58,5,43,22.3,83,11.2,1016.4,1021.3,1.4,2.4,14,1.2,0
2022-08-16 21:27:58,5,43,22.3,83,11,1016.4,1021.3,0.7,1.4,0,1.2,0
2022-08-16 21:32:58,5,43,22.3,83,10.8,1016.6,1021.5,1,1.4,12,1.2,0
2022-08-16 21:37:58,5,43,22.3,84,10.8,1016.5,1021.4,1,1.4,10,1.2,0
2022-08-16 21:42:58,5,43,22.3,84,10.9,1016.5,1021.4,0.7,1,14,1.2,0
2022-08-16 21:47:58,5,44,22.3,84,10.8,1016.5,1021.4,0.7,1,12,1.2,0
2022-08-16 21:52:58,5,44,22.3,84,10.7,1016.6,1021.5,0.7,1,12,1.2,0
2022-08-16 21:57:58,5,44,22.2,84,10.5,1016.7,1021.6,0.7,1,0,1.2,0
2022-08-16 22:02:58,5,44,22.2,84,10.2,1016.7,1021.6,0.7,1,14,1.2,0
2022-08-16 22:07:58,5,44,22.1,84,9.9,1016.8,1021.7,0.7,1,0,1.2,0
2022-08-16 22:12:58,5,44,22.1,84,9.7,1016.8,1021.7,0.3,0.7,0,1.2,0
2022-08-16 22:17:58,5,45,22.1,84,9.5,1017,1021.9,0.3,0.7,14,1.2,0
2022-08-16 22:22:58,5,45,22.1,85,9.3,1017,1021.9,0.7,1,0,1.2,0
2022-08-16 22:27:58,5,45,22.1,85,9.3,1017,1021.9,0.7,1,14,1.2,0
2022-08-16 22:32:58,5,45,22.1,86,9.3,1017,1021.9,0.7,1,14,1.2,0
2022-08-16 22:37:58,5,45,22,87,9.3,1017.1,1022,0.7,1,14,1.2,0
2022-08-16 22:42:58,5,45,22,87,9.1,1016.9,1021.8,0.3,0.7,14,1.2,0
2022-08-16 22:47:58,5,45,22.1,87,9.1,1017.1,1022,1,1.4,14,1.2,0
2022-08-16 22:52:58,5,45,22.1,88,9.2,1017.1,1022,1,1.4,14,1.2,0
2022-08-16 22:57:58,5,46,22.1,89,9.3,1017.1,1022,0.7,1,12,1.2,0
2022-08-16 23:02:58,5,46,22,89,9.3,1017,1021.9,1,1.4,12,1.2,0
2022-08-16 23:07:58,5,46,22,89,9.3,1017,1021.9,0.7,1,12,1.2,0
2022-08-16 23:12:58,5,46,22,89,9.3,1017.1,1022,0.3,0.7,12,1.2,0
2022-08-16 23:17:58,5,46,22,89,9.2,1017.1,1022,0.3,0.7,14,1.2,0
2022-08-16 23:22:58,5,46,22,88,9,1016.9,1021.8,0,0.3,14,1.2,0
2022-08-16 23:27:58,5,46,22,88,8.8,1016.9,1021.8,0,0,0,1.2,0
2022-08-16 23:32:58,5,46,22,87,8.7,1016.9,1021.8,0.3,0.7,2,1.2,0
2022-08-16 23:37:58,5,46,22,87,8.4,1016.9,1021.8,0.3,0.7,2,1.2,0
2022-08-16 23:42:58,5,46,22,88,8.3,1016.9,1021.8,0.3,0.7,10,1.2,0
2022-08-16 23:47:58,5,48,21.9,88,8.3,1017,1021.9,0.3,0.7,10,1.2,0
2022-08-16 23:52:58,5,48,21.9,89,8.2,1017.1,1022,0,0.3,10,1.2,0
2022-08-16 23:57:58,5,48,21.9,90,8.2,1017.1,1022,0,0,8,1.2,0
