2021-07-31 00:00:54,5,57,21.5,92,13.9,1008.3,1013.2,0.7,1,12,483.6,0
2021-07-31 00:05:54,5,57,21.5,92,13.9,1008.5,1013.4,0.7,1.4,10,483.6,0
2021-07-31 00:10:54,5,57,21.5,92,13.9,1008.4,1013.3,1,1.4,10,483.6,0
2021-07-31 00:15:54,5,57,21.5,92,13.9,1008.6,1013.5,0.7,1,12,483.6,0
2021-07-31 00:20:54,5,57,21.5,93,13.9,1008.5,1013.4,0.7,1,10,483.6,0
2021-07-31 00:25:54,5,57,21.5,93,13.9,1008.5,1013.4,1,1.4,10,483.6,0
2021-07-31 00:30:54,5,57,21.5,93,13.9,1008.5,1013.4,1,1.7,10,483.6,0
2021-07-31 00:35:54,5,57,21.5,93,13.9,1008.3,1013.2,1.4,1.7,10,483.6,0
2021-07-31 00:40:54,5,57,21.5,93,13.9,1008.4,1013.3,0.7,1.4,12,483.6,0
2021-07-31 00:45:54,5,57,21.5,93,13.9,1008.4,1013.3,1.4,2,12,483.6,0
2021-07-31 00:50:54,5,57,21.2,93,13.9,1008.3,1013.2,1,1.7,10,483.6,0
2021-07-31 00:55:54,5,57,21.2,93,13.8,1008.3,1013.2,1,1.4,8,483.6,0
2021-07-31 01:00:54,5,57,21.2,93,13.8,1008.4,1013.3,0.7,1,10,483.6,0
2021-07-31 01:05:54,5,57,21.2,94,13.8,1008.2,1013.1,1,1.7,10,483.6,0
2021-07-31 01:10:54,5,57,21.2,94,13.7,1008.3,1013.2,1,1.4,10,483.6,0
2021-07-31 01:15:54,5,57,21.2,94,13.7,1008.4,1013.3,0.7,1,10,483.6,0
2021-07-31 01:20:54,5,57,21.2,94,13.7,1008.2,1013.1,0.7,1,8,483.6,0
2021-07-31 01:25:54,5,57,21.2,95,13.7,1008.2,1013.1,1,1.4,10,483.6,0
2021-07-31 01:30:54,5,57,21.2,95,13.8,1008.2,1013.1,0.7,1,8,483.6,0
2021-07-31 01:35:54,5,57,21.2,95,13.8,1008.3,1013.2,1,1.4,12,483.6,0
2021-07-31 01:40:54,5,57,21.2,95,13.8,1008,1012.9,1,1.4,10,483.6,0
2021-07-31 01:45:54,5,57,21.2,95,13.8,1008.2,1013.1,1,1.7,12,483.6,0
2021-07-31 01:50:54,5,57,21.2,95,13.8,1008.2,1013.1,0.7,1.4,12,483.6,0
2021-07-31 01:55:54,5,57,21.2,95,13.8,1008.1,1013,0.7,1,10,483.6,0
2021-07-31 02:00:54,5,57,21.2,95,13.7,1008.1,1013,1,1.4,12,483.6,0
2021-07-31 02:05:54,5,57,21.2,95,13.7,1008.1,1013,0.7,1,10,483.6,0
2021-07-31 02:10:54,5,57,21.2,95,13.7,1008.2,1013.1,0.7,0.7,12,483.6,0
2021-07-31 02:15:54,5,57,21.2,95,13.7,1008,1012.9,0.7,1,10,483.6,0
2021-07-31 02:20:54,5,57,21.2,96,13.7,1008.1,1013,1,1.7,10,483.6,0
2021-07-31 02:25:54,5,57,21.2,96,13.7,1008.1,1013,0.7,1.4,10,483.6,0
2021-07-31 02:30:54,5,57,21.2,96,13.7,1008,1012.9,0.7,1.4,12,483.6,0
2021-07-31 02:35:54,5,57,21.2,96,13.7,1008.1,1013,0.7,1,10,483.6,0
2021-07-31 02:40:54,5,57,21.2,96,13.7,1008.2,1013.1,0.3,1,12,483.6,0
2021-07-31 02:45:54,5,57,21.2,96,13.7,1008.1,1013,0.7,1.4,10,483.6,0
2021-07-31 02:50:54,5,57,21.2,96,13.6,1007.9,1012.8,0.7,1,10,483.6,0
2021-07-31 02:55:54,5,57,21.2,96,13.6,1007.9,1012.8,1,1.4,10,483.6,0
2021-07-31 03:00:54,5,57,21.2,97,13.6,1008,1012.9,0.7,1,12,483.6,0
2021-07-31 03:05:54,5,57,21.2,97,13.6,1007.9,1012.8,0.7,1,10,483.6,0
2021-07-31 03:10:54,5,57,21.2,97,13.5,1007.9,1012.8,0.3,1,10,483.6,0
2021-07-31 03:15:54,5,57,21.2,97,13.5,1007.9,1012.8,0.7,1,10,483.6,0
2021-07-31 03:20:54,5,57,21.2,98,13.4,1007.8,1012.7,0.7,1,10,483.6,0
2021-07-31 03:25:54,5,57,21.2,98,13.4,1007.9,1012.8,0.3,0.7,10,483.6,0
2021-07-31 03:30:54,5,57,21.2,98,13.4,1007.7,1012.6,0.3,0.7,10,483.6,0
2021-07-31 03:35:54,5,57,21.2,98,13.4,1007.7,1012.6,1,1.4,10,483.6,0
2021-07-31 03:40:54,5,57,21.2,99,13.4,1007.5,1012.4,0.3,0.7,10,483.6,0
2021-07-31 03:45:54,5,57,21.2,99,13.4,1007.6,1012.5,0.7,1,10,483.6,0
2021-07-31 03:50:54,5,57,21.2,99,13.5,1007.5,1012.4,0.7,1,10,483.6,0
2021-07-31 03:55:54,5,57,21.2,99,13.5,1007.5,1012.4,0.7,1,10,483.6,0
2021-07-31 04:00:54,5,57,21.2,99,13.5,1007.5,1012.4,1,1,12,483.6,0
2021-07-31 04:05:54,5,57,21.2,99,13.5,1007.5,1012.4,0.7,1,12,483.6,0
2021-07-31 04:10:54,5,57,21.2,99,13.5,1007.6,1012.5,1,2,10,483.6,0
2021-07-31 04:15:54,5,57,21.2,99,13.5,1007.5,1012.4,1,1.4,12,483.6,0
2021-07-31 04:20:54,5,57,21.2,99,13.5,1007.6,1012.5,1,1.4,12,483.6,0
2021-07-31 04:25:54,5,57,21.2,99,13.5,1007.5,1012.4,0.7,1.4,10,483.6,0
2021-07-31 04:30:54,5,57,21.2,99,13.5,1007.6,1012.5,0.7,1,12,483.6,0
2021-07-31 04:35:54,5,57,21.2,99,13.4,1007.5,1012.4,0.7,1,12,483.6,0
2021-07-31 04:40:54,5,57,21.2,99,13.4,1007.5,1012.4,0.7,1,12,483.6,0
2021-07-31 04:45:54,5,57,21.2,99,13.5,1007.7,1012.6,0.7,1,12,483.6,0
2021-07-31 04:50:54,5,57,21.2,99,13.5,1007.7,1012.6,0.7,1,10,483.6,0
2021-07-31 04:55:54,5,57,21.2,99,13.6,1007.5,1012.4,0.7,1,12,483.6,0
2021-07-31 05:00:54,5,57,21.1,99,13.6,1007.6,1012.5,0.3,0.7,10,483.6,0
2021-07-31 05:05:54,5,57,21.1,99,13.6,1007.6,1012.5,0.3,1,12,483.6,0
2021-07-31 05:10:54,5,57,21.1,99,13.6,1007.5,1012.4,0.3,1,12,483.6,0
2021-07-31 05:15:54,5,57,21.1,99,13.7,1007.5,1012.4,0.3,0.7,12,483.6,0
2021-07-31 05:20:54,5,57,21.1,99,13.7,1007.6,1012.5,0.7,1,12,483.6,0
2021-07-31 05:25:54,5,57,21.1,99,13.7,1007.7,1012.6,0.7,1,10,483.6,0
2021-07-31 05:30:54,5,57,21.1,99,13.8,1007.7,1012.6,0.7,1,10,483.6,0
2021-07-31 05:35:54,5,57,21.1,99,13.8,1007.6,1012.5,0.7,1,10,483.6,0
2021-07-31 05:40:54,5,57,21.1,99,13.8,1007.7,1012.6,1.4,1.7,10,483.6,0
2021-07-31 05:45:54,5,58,21.1,99,13.8,1007.6,1012.5,1,1.7,10,483.6,0
2021-07-31 05:50:54,5,58,21.1,99,13.9,1007.6,1012.5,0.7,1,10,483.6,0
2021-07-31 05:55:54,5,58,21.1,99,13.9,1007.7,1012.6,1.7,2.7,10,483.6,0
2021-07-31 06:00:54,5,58,21.1,99,13.9,1007.7,1012.6,1.7,2,10,483.6,0
2021-07-31 06:05:54,5,58,21.1,99,14,1007.6,1012.5,1,1.7,8,483.6,0
2021-07-31 06:10:54,5,58,21.1,99,14,1007.7,1012.6,1,1.4,12,483.6,0
2021-07-31 06:15:54,5,58,21.1,99,14.1,1007.7,1012.6,1,1.7,10,483.6,0
2021-07-31 06:20:54,5,58,21.1,99,14.2,1007.8,1012.7,0.7,1,10,483.6,0
2021-07-31 06:25:54,5,58,21.1,99,14.2,1007.9,1012.8,0.7,1,10,483.6,0
2021-07-31 06:30:54,5,58,21.1,99,14.3,1007.6,1012.5,0.7,1,10,483.6,0
2021-07-31 06:35:54,5,58,21.1,99,14.4,1007.9,1012.8,1,1.7,10,483.6,0
2021-07-31 06:40:54,5,58,21.2,99,14.5,1007.8,1012.7,1.7,2.4,10,483.6,0
2021-07-31 06:45:54,5,58,21.2,99,14.6,1007.9,1012.8,0.7,1,12,483.6,0
2021-07-31 06:50:54,5,58,21.2,99,14.7,1007.9,1012.8,1,1.7,10,483.6,0
2021-07-31 06:55:54,5,58,21.2,99,14.8,1007.9,1012.8,1.4,1.7,10,483.6,0
2021-07-31 07:00:54,5,58,21.2,99,14.8,1007.9,1012.8,1,1.4,10,483.6,0
2021-07-31 07:05:54,5,58,21.2,99,14.9,1007.9,1012.8,1,1.4,10,483.6,0
2021-07-31 07:10:54,5,58,21.2,99,15.1,1007.9,1012.8,0.7,1,12,483.6,0
2021-07-31 07:15:54,5,58,21.2,99,15.3,1007.9,1012.8,0.7,1,10,483.6,0
2021-07-31 07:20:54,5,58,21.2,99,15.3,1007.9,1012.8,1,1.4,12,483.6,0
2021-07-31 07:25:54,5,58,21.2,99,15.3,1007.9,1012.8,0.7,1,10,483.6,0
2021-07-31 07:30:54,5,58,21.2,99,15.4,1007.9,1012.8,1.4,1.7,10,483.6,0
2021-07-31 07:35:54,5,58,21.2,99,15.4,1008.1,1013,0.7,1.4,10,483.6,0
2021-07-31 07:40:54,5,58,21.2,99,15.5,1008,1012.9,0.7,1,10,483.6,0
2021-07-31 07:45:54,5,58,21.2,99,15.6,1008,1012.9,1,1.7,10,483.6,0
2021-07-31 07:50:54,5,59,21.2,98,15.7,1008,1012.9,1.7,2.4,12,483.6,0
2021-07-31 07:55:54,5,59,21.2,97,15.7,1008.1,1013,1.4,2,10,483.6,0
2021-07-31 08:00:54,5,59,21.2,96,15.8,1008.1,1013,1,1.4,12,483.6,0
2021-07-31 08:05:54,5,59,21.2,95,15.8,1008.2,1013.1,0.7,1,12,483.6,0
2021-07-31 08:10:54,5,59,21.2,94,16,1008.1,1013,1,1.4,8,483.6,0
2021-07-31 08:15:54,5,59,21.2,93,16.1,1008.2,1013.1,0.7,1,12,483.6,0
2021-07-31 08:20:54,5,59,21.2,93,16.1,1008.3,1013.2,1,1.4,14,483.6,0
2021-07-31 08:25:54,5,59,21.2,91,16,1008.4,1013.3,1,1.4,10,483.6,0
2021-07-31 08:30:54,5,59,21.2,90,16.1,1008.3,1013.2,0.7,1,12,483.6,0
2021-07-31 08:35:54,5,59,21.2,90,16.2,1008.3,1013.2,0.7,1,12,483.6,0
2021-07-31 08:40:54,5,59,21.2,90,16.1,1008.3,1013.2,0.7,1,12,483.6,0
2021-07-31 08:45:54,5,59,21.2,89,16.1,1008.4,1013.3,0.7,1,8,483.6,0
2021-07-31 08:50:54,5,59,21.2,89,16.3,1008.4,1013.3,0.7,1,10,483.6,0
2021-07-31 08:55:54,5,59,21.2,89,16.4,1008.4,1013.3,1.4,1.7,14,483.6,0
2021-07-31 09:00:54,5,59,21.5,89,16.5,1008.4,1013.3,0.3,0.7,10,483.6,0
2021-07-31 09:05:54,5,59,21.5,89,16.7,1008.4,1013.3,1,1.4,14,483.6,0
2021-07-31 09:10:54,5,59,21.6,87,16.8,1008.3,1013.2,1,1.4,10,483.6,0
2021-07-31 09:15:54,5,59,21.6,86,16.9,1008.3,1013.2,1,1.7,12,483.6,0
2021-07-31 09:20:54,5,59,21.8,86,17.2,1008.4,1013.3,1,1.4,10,483.6,0
2021-07-31 09:25:54,5,60,21.9,86,17.3,1008.4,1013.3,0.7,1,14,483.6,0
2021-07-31 09:30:54,5,60,21.9,83,17.8,1008.3,1013.2,1.4,1.7,12,483.6,0
2021-07-31 09:35:54,5,59,22,80,17.8,1008.3,1013.2,2,3.1,14,483.6,0
2021-07-31 09:40:54,5,59,22,81,17.4,1008.3,1013.2,1.4,2,12,483.6,0
2021-07-31 09:45:54,5,58,22.1,81,17.2,1008.4,1013.3,0.7,1,12,483.6,0
2021-07-31 09:50:54,5,58,22.2,82,17.2,1008.5,1013.4,1,1.7,8,483.6,0
2021-07-31 09:55:54,5,58,22.2,83,17.1,1008.5,1013.4,1.4,1.7,10,483.6,0
2021-07-31 10:00:54,5,58,22.1,84,16.7,1008.5,1013.4,1.4,1.7,8,483.6,0
2021-07-31 10:05:54,5,58,22.1,87,16.3,1008.6,1013.5,1.7,2,14,483.6,0
2021-07-31 10:10:54,5,59,22.1,90,16.1,1008.6,1013.5,1.7,2.7,14,483.9,0
2021-07-31 10:15:54,5,59,22.1,92,16.4,1008.6,1013.5,1.4,1.7,0,483.9,0
2021-07-31 10:20:54,5,59,22.1,94,17.4,1008.7,1013.6,1.7,2.4,0,483.9,0
2021-07-31 10:25:54,5,59,22.2,91,17.4,1008.8,1013.7,2.7,3.4,14,483.9,0
2021-07-31 10:30:54,5,59,22.2,87,16.6,1008.7,1013.6,1.7,2.4,0,483.9,0
2021-07-31 10:35:54,5,59,22.2,89,16.5,1008.6,1013.5,2.7,3.4,14,483.9,0
2021-07-31 10:40:54,5,59,22.2,90,16.9,1008.7,1013.6,2,2.4,0,483.9,0
2021-07-31 10:45:54,5,59,22.2,90,17.4,1008.6,1013.5,1.7,2.4,14,483.9,0
2021-07-31 10:50:54,5,59,22.2,84,17.6,1008.8,1013.7,2.4,3.1,12,483.9,0
2021-07-31 10:55:54,5,59,22.2,84,17.2,1008.5,1013.4,1.7,2,12,483.9,0
2021-07-31 11:00:54,5,59,22.2,86,17.1,1008.6,1013.5,2.4,2.7,14,483.9,0
2021-07-31 11:05:54,5,59,22.2,87,17.4,1008.7,1013.6,2,2.7,0,483.9,0
2021-07-31 11:10:55,5,59,22.3,81,17.9,1008.6,1013.5,1.4,1.7,14,483.9,0
2021-07-31 11:15:54,5,59,22.2,80,18.5,1008.6,1013.5,2.4,3.1,14,483.9,0
2021-07-31 11:20:54,5,59,22.3,78,18.7,1008.5,1013.4,2.7,3.1,14,483.9,0
2021-07-31 11:25:54,5,59,22.3,76,18.7,1008.5,1013.4,2.4,3.1,10,483.9,0
2021-07-31 11:30:54,5,59,22.3,76,18.8,1008.2,1013.1,1,1.4,12,483.9,0
2021-07-31 11:35:54,5,59,22.3,75,19,1008.5,1013.4,2.4,2.7,0,483.9,0
2021-07-31 11:40:54,5,59,22.3,74,19.3,1008.5,1013.4,1.7,2.4,0,483.9,0
2021-07-31 11:45:54,5,59,22.4,72,19.3,1008.3,1013.2,2,2.7,12,483.9,0
2021-07-31 11:50:54,5,59,22.4,73,19.4,1008.3,1013.2,1,1.7,10,483.9,0
2021-07-31 11:55:54,5,59,22.4,72,19.1,1008.4,1013.3,1.4,1.7,12,483.9,0
2021-07-31 12:00:54,5,59,22.4,72,19.2,1008.5,1013.4,2,3.1,8,483.9,0
2021-07-31 12:05:54,5,59,22.5,72,19.3,1008.3,1013.2,1.7,2.7,12,483.9,0
2021-07-31 12:10:54,5,59,22.6,71,19.5,1008.5,1013.4,1.4,1.7,14,483.9,0
2021-07-31 12:15:54,5,59,22.6,71,19.4,1008.4,1013.3,1.4,2,10,483.9,0
2021-07-31 12:20:54,5,58,22.6,71,19.5,1008.3,1013.2,2,2.7,10,483.9,0
2021-07-31 12:25:54,5,58,22.6,71,19.5,1008.4,1013.3,1,1.7,12,483.9,0
2021-07-31 12:30:54,5,58,22.6,71,19.7,1008.4,1013.3,1.4,1.7,12,483.9,0
2021-07-31 12:35:54,5,58,22.6,70,19.8,1008.4,1013.3,2.7,4.1,14,483.9,0
2021-07-31 12:40:54,5,58,22.6,71,19.7,1008.4,1013.3,0.7,1,12,483.9,0
2021-07-31 12:45:54,5,58,22.6,71,19.8,1008.4,1013.3,2,2.7,12,483.9,0
2021-07-31 12:50:54,5,58,22.6,72,20,1008.4,1013.3,1.7,2,12,483.9,0
2021-07-31 12:55:54,5,58,22.6,73,19.6,1008.5,1013.4,1.7,2.4,12,483.9,0
2021-07-31 13:00:54,5,58,22.5,74,19.1,1008.5,1013.4,1.7,2.4,12,483.9,0
2021-07-31 13:05:54,5,58,22.5,75,18.7,1008.5,1013.4,1,1.4,10,483.9,0
2021-07-31 13:10:54,5,58,22.5,77,18.5,1008.6,1013.5,1.4,1.7,12,483.9,0
2021-07-31 13:15:54,5,58,22.4,78,18.2,1008.6,1013.5,1,1.7,12,483.9,0
2021-07-31 13:20:54,5,58,22.4,79,18,1008.7,1013.6,1.7,2,10,483.9,0
2021-07-31 13:25:54,5,58,22.3,80,17.9,1008.7,1013.6,0.7,1.4,12,483.9,0
2021-07-31 13:30:54,5,58,22.3,79,17.7,1008.8,1013.7,2.4,3.1,12,483.9,0
2021-07-31 13:35:54,5,58,22.2,80,17.6,1008.9,1013.8,1.7,2.4,12,483.9,0
2021-07-31 13:40:54,5,58,22.2,80,17.5,1008.8,1013.7,0.7,1,12,483.9,0
2021-07-31 13:45:54,5,58,22.1,81,17.6,1008.9,1013.8,1.4,1.7,14,483.9,0
2021-07-31 13:50:54,5,59,22.1,81,17.8,1008.9,1013.8,1.4,1.7,12,483.9,0
2021-07-31 13:55:54,5,59,22.1,80,18,1008.9,1013.8,1.4,1.7,12,483.9,0
2021-07-31 14:00:54,5,59,22.1,80,18.2,1008.7,1013.6,1,1.4,10,483.9,0
2021-07-31 14:05:54,5,59,22.1,79,18.2,1008.8,1013.7,1.7,2,12,483.9,0
2021-07-31 14:10:54,5,59,22,79,18.4,1008.7,1013.6,1.4,1.7,14,483.9,0
2021-07-31 14:15:54,5,59,22,78,18.5,1008.9,1013.8,1,1.4,10,483.9,0
2021-07-31 14:20:54,5,59,22,79,18.6,1008.7,1013.6,1.4,1.7,10,483.9,0
2021-07-31 14:25:54,5,59,22,79,18.8,1008.7,1013.6,0.7,1.4,10,483.9,0
2021-07-31 14:30:54,5,59,22,78,19,1008.7,1013.6,1,1.4,12,483.9,0
2021-07-31 14:35:54,5,60,22,78,19.2,1008.7,1013.6,1.7,2,10,483.9,0
2021-07-31 14:40:54,5,60,22,77,19.5,1008.7,1013.6,1.4,1.7,12,483.9,0
2021-07-31 14:45:54,5,60,22,76,19.8,1008.6,1013.5,1,1.4,12,483.9,0
2021-07-31 14:50:54,5,60,22,75,19.8,1008.7,1013.6,1.4,2,12,483.9,0
2021-07-31 14:55:54,5,60,22.1,75,19.7,1008.7,1013.6,1.4,1.7,12,483.9,0
2021-07-31 15:00:54,5,60,22.1,74,19.5,1008.8,1013.7,1.4,2,10,483.9,0
2021-07-31 15:05:54,5,60,22.1,74,19.4,1008.8,1013.7,1.7,2,12,483.9,0
2021-07-31 15:10:54,5,60,22.1,74,19.1,1008.8,1013.7,1.4,1.7,12,483.9,0
2021-07-31 15:15:54,5,60,22.1,75,18.7,1008.7,1013.6,1,1,10,483.9,0
2021-07-31 15:20:54,5,59,22.1,75,18.5,1008.8,1013.7,1.4,1.7,14,483.9,0
2021-07-31 15:25:54,5,59,22.1,76,18.2,1008.8,1013.7,1,1.4,10,483.9,0
2021-07-31 15:30:54,5,59,22,77,18,1008.9,1013.8,1.7,2.4,12,483.9,0
2021-07-31 15:35:54,5,59,22,79,17.7,1008.9,1013.8,2,2.4,0,483.9,0
2021-07-31 15:40:54,5,59,22,81,17.5,1009.1,1014,2,2.7,12,483.9,0
2021-07-31 15:45:54,5,60,21.9,84,17.3,1009,1013.9,1,1.4,0,483.9,0
2021-07-31 15:50:54,5,61,21.9,85,17.3,1009.1,1014,1.4,2,14,483.9,0
2021-07-31 15:55:54,5,61,21.9,85,17.3,1009,1013.9,1.4,2,14,483.9,0
2021-07-31 16:00:54,5,60,21.9,84,17.4,1008.8,1013.7,1.4,1.7,14,483.9,0
2021-07-31 16:05:54,5,60,21.9,81,17.5,1008.9,1013.8,1,1.4,14,483.9,0
2021-07-31 16:10:54,5,60,21.8,80,17.7,1009,1013.9,1,1.7,12,483.9,0
2021-07-31 16:15:54,5,60,21.8,79,17.8,1009,1013.9,1.7,2.7,14,483.9,0
2021-07-31 16:20:54,5,60,21.8,80,17.8,1009,1013.9,2.7,3.4,12,483.9,0
2021-07-31 16:25:54,5,60,21.8,81,17.8,1009,1013.9,3.1,4.1,0,483.9,0
2021-07-31 16:30:54,5,60,21.6,80,17.6,1008.8,1013.7,3.4,3.7,0,483.9,0
2021-07-31 16:35:54,5,60,21.6,81,17.6,1009,1013.9,2.7,3.1,14,483.9,0
2021-07-31 16:40:54,5,60,21.5,81,17.8,1009,1013.9,2.7,3.1,12,483.9,0
2021-07-31 16:45:54,5,61,21.5,81,17.9,1009,1013.9,3.7,4.4,0,483.9,0
2021-07-31 16:50:54,5,61,21.6,81,17.9,1009.1,1014,2.7,4.1,0,483.9,0
2021-07-31 16:55:54,5,61,21.5,82,17.9,1008.8,1013.7,2.4,3.1,14,483.9,0
2021-07-31 17:00:54,5,61,21.5,81,17.9,1008.9,1013.8,2.4,3.1,0,483.9,0
2021-07-31 17:05:54,5,61,21.5,81,18.1,1008.9,1013.8,2,2.7,0,483.9,0
2021-07-31 17:10:54,5,61,21.5,80,18,1009.1,1014,3.4,3.7,0,483.9,0
2021-07-31 17:15:54,5,61,21.5,80,17.9,1009,1013.9,2.7,3.1,0,483.9,0
2021-07-31 17:20:54,5,61,21.5,80,18,1009,1013.9,2.4,3.4,0,483.9,0
2021-07-31 17:25:54,5,61,21.6,80,18.1,1008.9,1013.8,2.4,3.1,0,483.9,0
2021-07-31 17:30:54,5,61,21.6,79,18,1008.9,1013.8,2,2.7,0,483.9,0
2021-07-31 17:35:54,5,61,21.6,80,18.2,1008.9,1013.8,1.7,2.4,14,483.9,0
2021-07-31 17:40:54,5,61,21.6,78,18,1009,1013.9,3.1,3.7,0,483.9,0
2021-07-31 17:45:54,5,62,21.6,79,17.9,1009,1013.9,1.7,2.4,14,483.9,0
2021-07-31 17:50:54,5,62,21.6,80,17.5,1009,1013.9,3.4,4.1,0,483.9,0
2021-07-31 17:55:54,5,62,21.7,84,17.2,1009.2,1014.1,2.7,3.7,0,483.9,0
2021-07-31 18:00:54,5,62,21.7,85,16.9,1009.2,1014.1,3.1,4.1,0,483.9,0
2021-07-31 18:05:54,5,62,21.8,86,16.8,1009.4,1014.3,3.1,4.4,0,483.9,0
2021-07-31 18:10:54,5,62,21.8,87,16.7,1009.4,1014.3,3.4,4.1,14,483.9,0
2021-07-31 18:15:54,5,62,21.8,87,16.7,1009.5,1014.4,2,2.7,0,483.9,0
2021-07-31 18:20:54,5,62,21.8,86,16.6,1009.3,1014.2,2.7,3.1,14,483.9,0
2021-07-31 18:25:54,5,61,21.8,87,16.7,1009.3,1014.2,2.7,3.7,15,483.9,0
2021-07-31 18:30:54,5,61,21.8,86,16.7,1009.4,1014.3,3.1,3.7,15,483.9,0
2021-07-31 18:35:54,5,61,21.7,85,16.7,1009.3,1014.2,2,2.4,0,483.9,0
2021-07-31 18:40:54,5,60,21.6,85,16.7,1009.3,1014.2,3.1,4.4,14,483.9,0
2021-07-31 18:45:54,5,60,21.6,84,16.7,1009.4,1014.3,2,2.7,0,483.9,0
2021-07-31 18:50:54,5,60,21.5,83,16.6,1009.4,1014.3,2.7,3.7,0,483.9,0
2021-07-31 18:55:54,5,60,21.5,82,16.5,1009.5,1014.4,3.1,3.7,2,483.9,0
2021-07-31 19:00:54,5,59,21.5,83,16.4,1009.5,1014.4,2.4,3.4,0,483.9,0
2021-07-31 19:05:54,5,59,21.5,82,16.3,1009.6,1014.5,2.4,3.7,0,483.9,0
2021-07-31 19:10:54,5,59,21.2,82,16.2,1009.6,1014.5,3.1,3.7,14,483.9,0
2021-07-31 19:15:54,5,59,21.2,82,16.2,1009.6,1014.5,2.4,3.4,0,483.9,0
2021-07-31 19:20:54,5,59,21.2,81,16.1,1009.6,1014.5,4.4,5.4,15,483.9,0
2021-07-31 19:25:54,5,59,21.2,81,16.1,1009.7,1014.6,2.7,3.4,14,483.9,0
2021-07-31 19:30:54,5,60,21.2,81,15.9,1009.8,1014.7,2.7,4.1,14,483.9,0
2021-07-31 19:35:54,5,60,21.2,81,15.9,1009.7,1014.6,3.1,3.7,12,483.9,0
2021-07-31 19:40:54,5,60,21.2,81,15.8,1009.7,1014.6,2,3.1,0,483.9,0
2021-07-31 19:45:54,5,60,21.2,81,15.7,1009.8,1014.7,2.7,3.4,14,483.9,0
2021-07-31 19:50:54,5,60,21.2,81,15.6,1009.9,1014.8,3.4,4.4,0,483.9,0
2021-07-31 19:55:54,5,60,21.2,81,15.6,1009.9,1014.8,2,2.7,0,483.9,0
2021-07-31 20:00:54,5,60,21.2,81,15.5,1009.9,1014.8,2,2.4,14,483.9,0
2021-07-31 20:05:54,5,60,21.2,81,15.5,1009.9,1014.8,3.4,3.7,0,483.9,0
2021-07-31 20:10:54,5,60,21.2,80,15.3,1010,1014.9,2.4,3.4,0,483.9,0
2021-07-31 20:15:54,5,60,21.2,80,15.2,1010.1,1015,3.7,4.4,14,483.9,0
2021-07-31 20:20:54,5,60,21.2,80,15,1010.2,1015.1,3.1,3.7,0,483.9,0
2021-07-31 20:25:54,5,60,21.2,80,14.9,1010.1,1015,2.4,3.1,0,483.9,0
2021-07-31 20:30:54,5,60,21.2,81,14.8,1010.1,1015,3.4,4.1,14,483.9,0
2021-07-31 20:35:54,5,60,21.2,80,14.7,1010.2,1015.1,3.1,3.7,14,483.9,0
2021-07-31 20:40:54,5,60,21.2,80,14.6,1010.3,1015.2,2,3.1,0,483.9,0
2021-07-31 20:45:54,5,60,21.2,80,14.6,1010.3,1015.2,3.1,3.7,0,483.9,0
2021-07-31 20:50:54,5,60,21.2,80,14.5,1010.3,1015.2,2.7,3.1,0,483.9,0
2021-07-31 20:55:54,5,60,21.2,80,14.5,1010.5,1015.4,2,3.1,0,483.9,0
2021-07-31 21:00:54,5,60,21.2,80,14.4,1010.5,1015.4,2.7,3.4,14,483.9,0
2021-07-31 21:05:54,5,60,21.2,81,14.4,1010.5,1015.4,1.7,2.4,1,483.9,0
2021-07-31 21:10:54,5,60,21.2,81,14.3,1010.6,1015.5,2.4,2.7,0,483.9,0
2021-07-31 21:15:54,5,60,21.2,82,14.2,1010.5,1015.4,3.1,3.7,2,483.9,0
2021-07-31 21:20:54,5,60,21.2,82,14.1,1010.6,1015.5,3.1,4.1,0,483.9,0
2021-07-31 21:25:54,5,60,21.2,82,14.1,1010.6,1015.5,3.7,4.1,14,483.9,0
2021-07-31 21:30:54,5,60,21.2,83,14,1010.6,1015.5,3.1,3.4,0,483.9,0
2021-07-31 21:35:54,5,60,21.2,84,13.9,1010.6,1015.5,2,2.7,0,483.9,0
2021-07-31 21:40:54,5,60,21.2,84,13.8,1010.8,1015.7,2.7,3.4,0,483.9,0
2021-07-31 21:45:54,5,60,21.2,84,13.8,1010.8,1015.7,4.1,5.4,0,483.9,0
2021-07-31 21:50:54,5,60,21.2,84,13.7,1010.8,1015.7,2,3.1,0,483.9,0
2021-07-31 21:55:54,5,60,21.2,84,13.7,1010.9,1015.8,2.7,3.4,2,483.9,0
2021-07-31 22:00:54,5,60,21.2,84,13.6,1010.9,1015.8,2,2.7,0,483.9,0
2021-07-31 22:05:54,5,60,21.2,85,13.6,1010.9,1015.8,2.4,3.4,0,483.9,0
2021-07-31 22:10:54,5,59,21.2,84,13.4,1011,1015.9,3.1,4.1,0,483.9,0
2021-07-31 22:15:54,5,59,21.2,84,13.3,1010.9,1015.8,3.1,3.4,0,483.9,0
2021-07-31 22:20:54,5,59,21.2,84,13.2,1011,1015.9,2,2.7,0,483.9,0
2021-07-31 22:25:54,5,59,21.2,84,13,1010.9,1015.8,2,2.7,0,483.9,0
2021-07-31 22:30:54,5,59,21.2,84,12.9,1011,1015.9,1.4,1.7,0,483.9,0
2021-07-31 22:35:54,5,59,21.2,84,12.7,1010.9,1015.8,0.7,1,14,483.9,0
2021-07-31 22:40:54,5,59,21.2,85,12.7,1011,1015.9,1.7,2,0,483.9,0
2021-07-31 22:45:54,5,59,21.2,86,12.9,1011.1,1016,3.1,4.1,14,483.9,0
2021-07-31 22:50:54,5,59,21.2,86,13.2,1011.1,1016,2,3.1,14,483.9,0
2021-07-31 22:55:54,5,59,21.2,86,13.2,1011.2,1016.1,2.7,3.4,0,483.9,0
2021-07-31 23:00:54,5,59,21.2,84,13.3,1011,1015.9,2.4,3.1,0,483.9,0
2021-07-31 23:05:54,5,59,21.2,83,13.3,1011.1,1016,1.7,2.7,14,483.9,0
2021-07-31 23:10:54,5,59,21.2,83,13.2,1011.2,1016.1,2.7,3.1,0,483.9,0
2021-07-31 23:15:54,5,59,21.2,82,13.2,1011.2,1016.1,2,2.7,0,483.9,0
2021-07-31 23:20:54,5,59,21.1,81,13,1011.1,1016,2.4,2.7,0,483.9,0
2021-07-31 23:25:54,5,59,21.1,81,12.9,1011.1,1016,1.7,2.7,0,483.9,0
2021-07-31 23:30:54,5,59,21.1,80,12.7,1011.2,1016.1,2,2.7,14,483.9,0
2021-07-31 23:35:54,5,59,21.1,80,12.6,1011.1,1016,2,2.4,14,483.9,0
2021-07-31 23:40:54,5,59,21.1,83,12.4,1011.3,1016.2,1.4,2,14,483.9,0
2021-07-31 23:45:54,5,59,21.1,83,12.2,1011.4,1016.3,1.7,2.4,14,483.9,0
2021-07-31 23:50:54,5,59,21.1,84,12.3,1011.4,1016.3,1.7,2,14,483.9,0
2021-07-31 23:55:54,5,58,21.1,82,12.5,1011.3,1016.2,2.7,3.4,10,483.9,0
