2018-10-12 00:04:58,5,61,20.2,72,11.1,981.7,986.6,8.5,11.6,2,431.7,0
2018-10-12 00:09:58,5,61,20.2,74,10.8,981.1,986,9.5,13.6,4,432.3,0
2018-10-12 00:14:58,5,61,20.2,74,10.8,980.5,985.4,11.2,14.3,4,432.9,0
2018-10-12 00:19:58,5,61,20.2,73,10.8,980.4,985.3,11.6,14.6,4,433.2,0
2018-10-12 00:24:58,5,61,20.2,73,10.9,980,984.9,10.2,16.3,4,433.2,0
2018-10-12 00:29:58,5,61,20.2,73,10.8,979.9,984.8,11.2,13.9,2,433.5,0
2018-10-12 00:34:58,5,61,20.2,73,10.9,979.7,984.6,14.6,17.7,4,436.5,0
2018-10-12 00:39:58,5,61,20.2,73,10.9,979.9,984.8,9.2,11.9,4,437.4,0
2018-10-12 00:44:58,5,61,20.2,73,10.9,979.5,984.4,10.9,13.6,4,437.4,0
2018-10-12 00:49:58,5,61,20.1,74,10.9,979.4,984.3,9.5,13.3,4,438.6,0
2018-10-12 00:54:58,5,61,20.1,74,10.8,979.6,984.5,10.2,14.6,4,439.8,0
2018-10-12 00:59:58,5,61,20.1,75,10.8,979.3,984.2,10.9,13.9,4,440.7,0
2018-10-12 01:04:58,5,61,20.1,76,10.9,978.7,983.6,11.2,15.6,4,441,0
2018-10-12 01:09:58,5,61,20.1,76,11,979,983.9,9.5,13.9,1,441.9,0
2018-10-12 01:14:58,5,61,20.1,76,11,978.9,983.8,7.1,9.2,4,442.2,0
2018-10-12 01:19:58,5,61,20.1,77,11,978.7,983.6,8.8,9.9,4,442.8,0
2018-10-12 01:24:58,5,61,20.1,77,11.1,978.5,983.4,7.5,9.9,4,443.1,0
2018-10-12 01:29:58,5,61,20.1,78,11.3,978.3,983.2,7.1,12.6,4,443.7,0
2018-10-12 01:34:58,5,61,20.1,78,11.6,977.9,982.8,7.5,10.2,4,444.3,0
2018-10-12 01:39:58,5,61,20.1,78,11.7,977.8,982.7,11.2,13.9,4,444.6,0
2018-10-12 01:44:58,5,61,20,78,11.8,977.7,982.6,7.1,9.5,4,444.6,0
2018-10-12 01:49:58,5,61,20,77,12,977.8,982.7,3.7,7.8,8,444.9,0
2018-10-12 01:54:58,5,61,20,77,12.1,978,982.9,2,3.7,8,444.9,0
2018-10-12 01:59:58,5,61,20,77,12.1,977.8,982.7,2.4,4.1,15,444.9,0
2018-10-12 02:04:58,5,61,20,76,12,977.8,982.7,3.4,4.4,8,444.9,0
2018-10-12 02:09:58,5,61,20,76,11.9,977.8,982.7,3.1,4.1,8,445.2,0
2018-10-12 02:14:58,5,61,20,77,11.8,977.2,982.1,2.4,3.4,10,445.5,0
2018-10-12 02:19:58,5,61,20,77,11.6,977,981.9,4.1,5.4,10,445.5,0
2018-10-12 02:24:58,5,61,20,77,11.7,977.3,982.2,4.4,6.8,9,445.5,0
2018-10-12 02:29:58,5,61,20,78,11.9,977.6,982.5,4.8,10.2,8,445.5,0
2018-10-12 02:34:58,5,61,20,77,12,977.3,982.2,4.4,6.8,13,445.8,0
2018-10-12 02:39:58,5,61,20,76,12,976.9,981.8,4.8,7.8,14,445.8,0
2018-10-12 02:44:58,5,61,20,75,12,976.7,981.6,6.1,9.9,2,446.1,0
2018-10-12 02:49:58,5,61,20,74,12.1,976.5,981.4,4.8,10.2,8,446.1,0
2018-10-12 02:54:58,5,62,19.9,73,12.2,976.7,981.6,2.4,4.4,8,446.1,0
2018-10-12 02:59:58,5,61,20,74,12,977.1,982,3.7,6.5,13,446.1,0
2018-10-12 03:04:58,5,62,19.9,75,11.9,977.2,982.1,4.8,6.8,14,446.1,0
2018-10-12 03:09:58,5,62,19.9,75,11.9,977.3,982.2,4.4,6.8,10,446.1,0
2018-10-12 03:14:58,5,62,19.9,74,11.9,977.7,982.6,6.1,9.5,10,446.1,0
2018-10-12 03:19:58,5,62,19.9,72,12,977.4,982.3,3.7,5.1,8,446.1,0
2018-10-12 03:24:58,5,62,19.9,71,12,977.6,982.5,3.7,6.1,15,446.1,0
2018-10-12 03:29:58,5,61,20,70,12,977.8,982.7,6.1,7.8,10,446.1,0
2018-10-12 03:34:58,5,62,19.9,68,12.2,978,982.9,4.8,6.5,10,446.1,0
2018-10-12 03:39:58,5,62,19.9,68,12.2,978,982.9,4.4,6.5,8,446.1,0
2018-10-12 03:44:58,5,62,19.9,69,12.1,978.1,983,4.4,6.8,10,446.1,0
2018-10-12 03:49:58,5,62,19.9,69,12.1,978.2,983.1,3.7,6.1,8,446.1,0
2018-10-12 03:54:58,5,62,19.8,70,12.1,978.3,983.2,3.1,4.8,10,446.1,0
2018-10-12 03:59:58,5,62,19.9,70,12,978.1,983,2.7,4.1,1,446.1,0
2018-10-12 04:04:58,5,62,19.9,71,12,978.3,983.2,2.4,4.1,4,446.1,0
2018-10-12 04:09:58,5,62,19.9,71,12.1,978.7,983.6,3.7,8.8,11,446.1,0
2018-10-12 04:14:58,5,62,19.9,71,12.2,978.7,983.6,4.1,5.4,8,446.1,0
2018-10-12 04:19:58,5,62,19.9,70,12.2,978.9,983.8,5.1,9.5,8,446.1,0
2018-10-12 04:24:58,5,62,19.9,67,12.5,979,983.9,4.4,7.5,10,446.1,0
2018-10-12 04:29:58,5,62,19.9,66,12.4,979.2,984.1,4.1,6.5,10,446.1,0
2018-10-12 04:34:58,5,62,19.9,65,12.4,979.3,984.2,3.1,5.1,4,446.1,0
2018-10-12 04:39:58,5,62,19.9,64,12.5,979.3,984.2,4.4,6.8,12,446.1,0
2018-10-12 04:44:58,5,62,19.8,63,12.4,979.5,984.4,3.4,6.1,8,446.1,0
2018-10-12 04:49:58,5,62,19.8,63,12.2,979.5,984.4,3.1,4.8,10,446.1,0
2018-10-12 04:54:58,5,62,19.8,63,12.1,979.7,984.6,2.7,4.1,2,446.1,0
2018-10-12 04:59:58,5,62,19.8,63,12,979.7,984.6,2.7,4.8,8,446.1,0
2018-10-12 05:04:58,5,62,19.8,64,11.9,980,984.9,3.4,5.1,8,446.1,0
2018-10-12 05:09:58,5,62,19.8,64,11.8,980,984.9,3.1,4.1,8,446.1,0
2018-10-12 05:14:58,5,62,19.8,65,11.6,980.1,985,2.4,4.1,8,446.1,0
2018-10-12 05:19:58,5,62,19.8,65,11.6,980.2,985.1,4.4,6.8,8,446.1,0
2018-10-12 05:24:58,5,62,19.8,63,11.8,980.3,985.2,4.4,8.5,8,446.1,0
2018-10-12 05:30:58,6,62,19.8,63,11.8,980.3,985.2,3.1,4.4,10,446.1,0
2018-10-12 05:35:58,5,62,19.7,64,11.6,980.5,985.4,3.7,5.4,8,446.1,0
2018-10-12 05:40:58,5,62,19.8,64,11.6,980.4,985.3,3.1,6.5,8,446.1,0
2018-10-12 05:45:58,5,62,19.8,63,11.6,980.8,985.7,4.1,5.8,8,446.1,0
2018-10-12 05:50:58,5,62,19.8,64,11.5,980.9,985.8,3.7,6.1,4,446.1,0
2018-10-12 05:55:58,5,62,19.8,63,11.6,981,985.9,3.1,3.7,0,446.1,0
2018-10-12 06:00:58,5,62,19.8,63,11.6,981,985.9,4.1,7.5,8,446.1,0
2018-10-12 06:05:58,5,62,19.7,63,11.6,981.2,986.1,4.4,5.8,10,446.1,0
2018-10-12 06:10:58,5,62,19.7,63,11.5,981,985.9,3.7,5.8,8,446.1,0
2018-10-12 06:15:58,5,62,19.7,64,11.5,981.1,986,4.1,7.1,8,446.1,0
2018-10-12 06:20:58,5,62,19.7,64,11.6,980.9,985.8,3.1,4.8,13,446.1,0
2018-10-12 06:25:58,5,62,19.7,64,11.5,981.1,986,4.1,5.1,8,446.1,0
2018-10-12 06:30:58,5,62,19.7,64,11.6,981,985.9,2.7,3.4,9,446.1,0
2018-10-12 06:35:58,5,62,19.7,65,11.5,981,985.9,2.7,3.4,14,446.1,0
2018-10-12 06:40:58,5,62,19.6,65,11.5,981.2,986.1,2.7,4.8,10,446.1,0
2018-10-12 06:45:58,5,62,19.7,65,11.5,981.2,986.1,2.4,3.1,8,446.1,0
2018-10-12 06:50:58,5,61,19.7,66,11.4,981.1,986,3.4,4.4,4,446.1,0
2018-10-12 06:55:58,5,61,19.7,65,11.6,981.3,986.2,3.1,4.8,8,446.1,0
2018-10-12 07:00:58,5,61,19.6,65,11.7,981.1,986,3.1,4.4,10,446.1,0
2018-10-12 07:05:58,5,61,19.6,64,11.8,981.4,986.3,4.1,5.4,12,446.1,0
2018-10-12 07:10:58,5,62,19.6,63,12,981.5,986.4,3.7,5.4,8,446.1,0
2018-10-12 07:15:58,5,62,19.7,63,12.1,981.7,986.6,4.4,6.1,8,446.1,0
2018-10-12 07:20:58,5,62,19.7,63,12.2,981.6,986.5,3.1,5.1,8,446.1,0
2018-10-12 07:25:58,5,62,19.6,63,12.2,981.8,986.7,2.4,4.1,8,446.1,0
2018-10-12 07:30:58,5,62,19.6,63,12.4,981.9,986.8,3.4,4.8,10,446.1,0
2018-10-12 07:35:58,5,62,19.6,62,12.5,982.2,987.1,4.4,7.1,8,446.1,0
2018-10-12 07:40:58,5,62,19.7,62,12.6,982.1,987,3.7,7.1,8,446.1,0
2018-10-12 07:45:58,5,62,19.6,62,12.8,982.1,987,4.1,5.8,8,446.1,0
2018-10-12 07:50:58,5,62,19.7,61,12.8,982,986.9,4.1,7.5,8,446.1,0
2018-10-12 07:55:58,5,61,19.6,62,12.9,982.1,987,4.4,6.5,8,446.1,0
2018-10-12 08:00:58,5,59,19.6,62,12.9,982.4,987.3,3.7,6.1,10,446.1,0
2018-10-12 08:05:58,5,58,19.6,61,13,982.4,987.3,3.7,7.1,10,446.1,0
2018-10-12 08:10:58,5,58,19.6,61,13,982.3,987.2,2.7,4.1,8,446.1,0
2018-10-12 08:15:58,5,59,19.5,61,13,982.3,987.2,3.1,4.4,8,446.1,0
2018-10-12 08:20:58,5,60,19.5,62,13.1,982.1,987,4.8,6.1,10,446.1,0
2018-10-12 08:25:58,5,60,19.5,62,13.2,981.9,986.8,4.8,7.5,8,446.1,0
2018-10-12 08:30:58,5,60,19.5,62,13.3,982.3,987.2,3.4,5.8,10,446.1,0
2018-10-12 08:35:58,5,61,19.5,62,13.4,982.3,987.2,3.1,5.1,8,446.1,0
2018-10-12 08:40:58,5,61,19.5,61,13.5,982.4,987.3,3.7,5.4,14,446.1,0
2018-10-12 08:45:58,5,61,19.6,60,13.5,982.7,987.6,3.7,5.8,8,446.1,0
2018-10-12 08:50:58,5,61,19.5,60,13.6,982.4,987.3,3.7,4.8,8,446.1,0
2018-10-12 08:55:58,5,61,19.5,61,13.5,982.1,987,3.7,7.8,10,446.1,0
2018-10-12 09:00:58,5,61,19.5,62,13.5,982.5,987.4,4.1,7.1,8,446.1,0
2018-10-12 09:05:58,5,61,19.6,61,13.7,982.5,987.4,5.4,7.5,8,446.1,0
2018-10-12 09:10:58,5,61,19.6,61,13.8,983.1,988,4.8,6.8,8,446.1,0
2018-10-12 09:15:58,5,61,19.6,62,13.9,982.9,987.8,5.1,7.8,10,446.1,0
2018-10-12 09:20:58,5,61,19.6,62,13.8,982.7,987.6,4.8,6.8,8,446.1,0
2018-10-12 09:25:58,5,61,19.6,62,13.8,982.8,987.7,4.4,6.8,8,446.1,0
2018-10-12 09:30:58,5,61,19.5,63,13.9,983.1,988,4.4,6.1,8,446.1,0
2018-10-12 09:35:58,5,61,19.5,63,13.9,983.1,988,6.5,7.8,8,446.1,0
2018-10-12 09:40:58,5,61,19.5,61,14,983.2,988.1,6.8,9.2,10,446.1,0
2018-10-12 09:45:58,5,61,19.5,61,14.1,983.3,988.2,3.7,5.4,10,446.1,0
2018-10-12 09:50:58,5,61,19.6,61,14.1,983.1,988,4.1,8.8,8,446.1,0
2018-10-12 09:55:58,5,61,19.6,61,14.1,982.9,987.8,3.7,5.1,14,446.1,0
2018-10-12 10:00:58,5,61,19.6,61,14.1,982.8,987.7,3.7,6.1,8,446.1,0
2018-10-12 10:05:58,5,61,19.6,61,14.1,983.1,988,4.4,9.5,12,446.1,0
2018-10-12 10:10:58,5,61,19.5,62,14.1,983.1,988,5.4,10.2,8,446.1,0
2018-10-12 10:15:58,5,61,19.6,62,14.1,983.4,988.3,4.4,5.8,8,446.1,0
2018-10-12 10:20:58,5,61,19.5,62,14.2,983.4,988.3,4.8,6.5,11,446.1,0
2018-10-12 10:25:58,5,61,19.5,62,14.2,983,987.9,4.8,7.5,10,446.1,0
2018-10-12 10:30:58,5,61,19.6,62,14.1,982.9,987.8,3.7,5.8,10,446.1,0
2018-10-12 10:35:58,5,61,19.6,61,14,982.9,987.8,6.8,10.2,10,446.4,0
2018-10-12 10:40:58,5,61,19.6,61,13.9,983.2,988.1,5.8,9.5,10,446.4,0
2018-10-12 10:45:58,5,61,19.6,59,13.7,983.1,988,5.1,6.8,10,446.4,0
2018-10-12 10:50:58,5,61,19.5,57,13.7,983.1,988,4.8,6.1,8,446.4,0
2018-10-12 10:55:58,5,61,19.5,58,13.6,983.1,988,3.7,5.8,10,446.4,0
2018-10-12 11:00:58,5,61,19.5,58,13.5,983.3,988.2,4.4,6.5,8,446.4,0
2018-10-12 11:05:58,5,61,19.5,59,13.4,983,987.9,3.1,5.4,11,446.4,0
2018-10-12 11:10:58,5,61,19.5,61,13.1,983.1,988,5.4,7.1,14,446.4,0
2018-10-12 11:15:58,5,61,19.5,61,13,983.4,988.3,5.4,8.5,10,446.4,0
2018-10-12 11:20:58,5,61,19.6,62,13,983.4,988.3,4.4,6.8,8,446.4,0
2018-10-12 11:25:58,5,61,19.6,62,12.9,983.7,988.6,4.4,6.8,13,446.4,0
2018-10-12 11:30:58,5,61,19.6,62,12.8,983.8,988.7,6.1,7.1,8,446.4,0
2018-10-12 11:35:58,5,61,19.6,62,12.5,984.1,989,3.4,4.1,10,446.4,0
2018-10-12 11:40:58,5,61,19.6,63,12,984.3,989.2,4.1,7.1,14,446.4,0
2018-10-12 11:45:58,5,61,19.6,65,11.5,984.4,989.3,5.4,7.5,8,446.4,0
2018-10-12 11:50:58,5,61,19.6,66,11.1,984.4,989.3,4.8,7.5,8,446.4,0
2018-10-12 11:55:58,5,61,19.5,69,10.9,984.6,989.5,4.1,6.5,8,446.4,0
2018-10-12 12:00:58,5,61,19.5,70,10.8,984.4,989.3,5.1,8.5,2,446.7,0
2018-10-12 12:05:58,5,61,19.6,71,10.7,984.3,989.2,3.7,8.8,8,446.7,0
2018-10-12 12:10:58,5,61,19.6,72,10.7,984.6,989.5,4.4,7.5,8,446.7,0
2018-10-12 12:15:58,5,61,19.6,72,10.7,984.6,989.5,3.4,4.4,8,446.7,0
2018-10-12 12:20:58,5,61,19.5,72,10.7,984.7,989.6,4.1,6.5,4,446.7,0
2018-10-12 12:25:58,5,61,19.6,72,10.7,984.7,989.6,4.1,8.2,8,446.7,0
2018-10-12 12:30:58,5,61,19.5,73,10.7,984.6,989.5,2.7,3.7,8,446.7,0
2018-10-12 12:35:58,5,61,19.5,73,10.7,984.4,989.3,3.1,5.1,8,446.7,0
2018-10-12 12:40:58,5,61,19.6,73,10.7,984.5,989.4,3.7,6.8,8,446.7,0
2018-10-12 12:45:58,5,61,19.6,72,10.9,984.2,989.1,3.1,5.4,10,446.7,0
2018-10-12 12:50:58,5,61,19.6,72,11.1,984.4,989.3,2.4,3.4,8,447,0
2018-10-12 12:55:58,5,61,19.6,72,11.2,984.7,989.6,3.1,4.1,8,447,0
2018-10-12 13:00:58,5,61,19.6,70,11.4,984.6,989.5,4.1,6.1,8,447,0
2018-10-12 13:05:58,5,61,19.6,69,11.6,984.4,989.3,2.4,3.4,10,447,0
2018-10-12 13:10:58,5,61,19.6,68,11.8,984.7,989.6,3.1,4.1,8,447,0
2018-10-12 13:15:58,5,61,19.6,68,11.8,984.4,989.3,2.4,3.4,8,447,0
2018-10-12 13:20:58,5,61,19.6,69,11.9,984.7,989.6,2.4,3.4,9,447,0
2018-10-12 13:25:58,5,61,19.6,68,12,984.6,989.5,3.4,4.8,0,447,0
2018-10-12 13:30:58,5,61,19.6,68,12.1,984.9,989.8,3.1,4.1,10,447,0
2018-10-12 13:35:58,5,61,19.7,67,12.1,985,989.9,3.4,5.8,8,447,0
2018-10-12 13:40:58,5,61,19.7,68,12.1,985,989.9,3.4,6.1,9,447,0
2018-10-12 13:45:58,5,61,19.7,68,12.1,985.2,990.1,3.1,5.1,8,447,0
2018-10-12 13:50:58,5,61,19.7,68,12.3,985.2,990.1,2.7,4.4,1,447,0
2018-10-12 13:55:58,5,61,19.7,68,12.4,985.4,990.3,2.4,3.7,8,447,0
2018-10-12 14:00:58,5,61,19.7,69,12.4,985.5,990.4,3.7,6.1,0,447,0
2018-10-12 14:05:58,5,61,19.8,70,12.4,985.5,990.4,2.7,4.8,8,447,0
2018-10-12 14:10:58,5,61,19.8,69,12.4,985.8,990.7,3.1,7.5,10,447,0
2018-10-12 14:15:58,5,61,19.8,69,12.6,985.6,990.5,3.4,5.4,8,447,0
2018-10-12 14:20:58,5,61,19.8,69,12.6,985.8,990.7,3.7,6.5,8,447,0
2018-10-12 14:25:58,5,61,19.8,69,12.7,986,990.9,3.4,5.1,10,447,0
2018-10-12 14:30:58,5,61,19.8,69,12.8,986.1,991,3.1,5.1,8,447,0
2018-10-12 14:35:58,5,61,19.9,69,12.8,986.2,991.1,2.7,4.4,10,447,0
2018-10-12 14:40:58,5,61,19.9,69,13.3,986.2,991.1,4.1,7.1,9,447,0
2018-10-12 14:45:58,5,61,19.9,67,13.4,986.3,991.2,2.7,4.8,10,447,0
2018-10-12 14:50:58,5,61,19.9,67,13.8,986.4,991.3,4.1,6.8,8,447,0
2018-10-12 14:55:58,5,60,20,65,14.2,986.4,991.3,2.7,5.8,10,447,0
2018-10-12 15:00:58,5,60,20.1,64,14.3,986.4,991.3,6.5,10.2,8,447,0
2018-10-12 15:05:58,5,60,20.2,65,14.1,986.8,991.7,4.4,7.1,8,447,0
2018-10-12 15:10:58,5,60,20.3,65,14.4,986.9,991.8,5.1,9.5,1,447,0
2018-10-12 15:15:58,5,60,20.3,64,14.3,986.8,991.7,4.4,6.5,8,447,0
2018-10-12 15:20:58,5,60,20.5,64,14.3,987,991.9,2.7,4.8,8,447,0
2018-10-12 15:25:58,5,60,20.6,64,14.4,987.1,992,5.4,9.9,2,447,0
2018-10-12 15:30:58,5,60,20.6,64,14.2,987.2,992.1,3.1,6.1,10,447,0
2018-10-12 15:35:58,5,60,20.7,64,14,987.3,992.2,4.4,8.2,10,447,0
2018-10-12 15:40:58,5,60,20.7,65,13.6,987.3,992.2,3.7,5.8,8,447,0
2018-10-12 15:45:58,5,60,20.7,66,13.4,987.4,992.3,4.4,6.1,10,447,0
2018-10-12 15:50:58,5,60,20.7,67,13.3,987.5,992.4,3.7,5.1,8,447,0
2018-10-12 15:55:58,5,60,20.7,67,13.1,987.7,992.6,2.4,3.7,4,447,0
2018-10-12 16:00:58,5,60,20.7,69,12.9,987.8,992.7,2,3.7,9,447,0
2018-10-12 16:05:58,5,60,20.7,70,12.8,987.9,992.8,3.1,5.1,10,447,0
2018-10-12 16:10:58,5,60,20.7,70,12.8,988,992.9,4.4,6.5,15,447,0
2018-10-12 16:15:58,5,60,20.7,70,12.7,988.3,993.2,2.4,3.7,10,447,0
2018-10-12 16:20:58,5,60,20.7,70,12.7,988.2,993.1,2.7,4.1,10,447,0
2018-10-12 16:25:58,5,60,20.7,70,12.8,988.4,993.3,3.7,6.5,10,447,0
2018-10-12 16:30:58,5,60,20.6,69,12.9,988.6,993.5,1.7,2.7,10,447,0
2018-10-12 16:35:58,5,60,20.6,69,12.9,988.6,993.5,2.4,3.7,10,447,0
2018-10-12 16:40:58,5,60,20.6,69,12.9,988.7,993.6,2.7,3.7,8,447,0
2018-10-12 16:45:58,5,60,20.6,68,12.8,989.1,994,4.1,5.8,10,447,0
2018-10-12 16:50:58,5,60,20.5,67,13,989.1,994,4.8,7.8,10,447,0
2018-10-12 16:55:58,5,60,20.5,68,12.9,989.2,994.1,4.8,7.1,8,447,0
2018-10-12 17:00:58,5,59,20.5,67,12.8,989.3,994.2,3.4,5.4,8,447,0
2018-10-12 17:05:58,5,59,20.4,66,12.8,989.5,994.4,5.4,9.5,8,447,0
2018-10-12 17:10:58,5,59,20.3,65,12.8,989.8,994.7,3.4,5.1,1,447,0
2018-10-12 17:15:58,5,59,20.3,65,12.8,989.9,994.8,2.4,3.4,10,447,0
2018-10-12 17:20:58,5,59,20.3,65,12.8,989.9,994.8,1.7,3.1,8,447,0
2018-10-12 17:25:58,5,59,20.3,65,12.8,990.2,995.1,1.7,2.4,10,447,0
2018-10-12 17:30:58,5,60,20.2,66,12.5,990.5,995.4,2.4,3.4,9,447,0
2018-10-12 17:35:58,5,60,20.3,72,11.9,990.4,995.3,2,3.7,14,447,0
2018-10-12 17:40:58,5,60,20.2,73,11.6,990.6,995.5,2.4,3.7,14,447,0
2018-10-12 17:45:58,5,60,20.2,73,11.2,990.5,995.4,3.7,5.1,8,447,0
2018-10-12 17:51:58,6,60,20.1,73,11.1,990.4,995.3,4.1,7.1,8,447,0
2018-10-12 17:56:58,5,60,20.1,73,11.2,990.6,995.5,3.7,5.4,10,447,0
2018-10-12 18:01:58,5,60,20.1,73,11.2,990.9,995.8,4.4,5.4,8,447,0
2018-10-12 18:07:58,6,60,20.1,73,11.3,991.1,996,3.7,4.8,10,447,0
2018-10-12 18:12:58,5,60,20,73,11.3,991.1,996,4.4,5.8,8,447,0
2018-10-12 18:17:58,5,60,20,73,11.3,991.2,996.1,3.7,4.8,10,447,0
2018-10-12 18:22:58,5,60,20,73,11.2,991.2,996.1,3.4,4.8,10,447,0
2018-10-12 18:27:58,5,60,20,72,11.2,991.4,996.3,2,3.1,10,447,0
2018-10-12 18:32:58,5,60,20,71,11,991.8,996.7,3.7,5.4,10,447,0
2018-10-12 18:37:58,5,60,20,70,11,992,996.9,2,3.4,10,447,0
2018-10-12 18:42:58,5,60,20,71,10.9,992.1,997,2.7,4.4,8,447,0
2018-10-12 18:47:58,5,60,20,71,10.9,991.9,996.8,2.7,3.7,10,447,0
2018-10-12 18:52:58,5,60,20,70,10.9,992.1,997,3.4,5.1,8,447,0
2018-10-12 18:57:58,5,60,20,70,10.8,992.3,997.2,3.1,3.7,10,447,0
2018-10-12 19:02:58,5,60,20,70,10.8,992.3,997.2,2.4,3.7,10,447,0
2018-10-12 19:07:58,5,61,20,71,10.7,992.5,997.4,2.4,3.1,8,447,0
2018-10-12 19:12:58,5,61,20,71,10.7,992.7,997.6,2.7,4.1,8,447,0
2018-10-12 19:17:58,5,61,20,71,10.7,992.7,997.6,2.4,3.1,8,447,0
2018-10-12 19:22:58,5,62,20,71,10.6,992.9,997.8,3.1,4.4,8,447,0
2018-10-12 19:27:58,5,62,20,71,10.6,992.9,997.8,2.7,3.7,8,447,0
2018-10-12 19:32:58,5,62,20,71,10.7,993,997.9,2.7,4.8,10,447,0
2018-10-12 19:37:58,5,62,20,71,10.8,993,997.9,2.4,3.4,8,447,0
2018-10-12 19:42:58,5,62,20,71,10.8,993.1,998,2.4,3.4,10,447,0
2018-10-12 19:47:58,5,62,20,71,10.8,993.2,998.1,2.4,4.1,8,447,0
2018-10-12 19:52:58,5,62,20,71,10.9,993.2,998.1,2.4,4.4,8,447,0
2018-10-12 19:57:58,5,62,20,71,10.8,993.1,998,2.7,4.4,8,447,0
2018-10-12 20:02:58,5,62,20,72,10.8,993.3,998.2,2.4,4.1,8,447,0
2018-10-12 20:07:58,5,62,20,73,10.7,993.4,998.3,3.1,4.8,8,447,0
2018-10-12 20:12:58,5,62,20,73,10.7,993.5,998.4,2,2.7,10,447,0
2018-10-12 20:17:58,5,62,20.1,73,10.7,993.7,998.6,2.4,4.4,8,447,0
2018-10-12 20:22:58,5,62,20.1,73,10.7,993.8,998.7,1.4,2.4,10,447,0
2018-10-12 20:27:58,5,62,20.1,73,10.8,994,998.9,2,3.4,8,447,0
2018-10-12 20:32:58,5,62,20.1,73,10.8,994,998.9,3.4,4.1,8,447,0
2018-10-12 20:37:58,5,63,20.1,73,10.9,994,998.9,1.7,3.4,14,447,0
2018-10-12 20:42:58,5,63,20.1,73,10.8,994,998.9,2.4,3.1,10,447,0
2018-10-12 20:47:58,5,63,20.1,73,10.8,994,998.9,2.7,4.1,10,447,0
2018-10-12 20:52:58,5,63,20.1,72,10.9,994.1,999,1.4,2.4,8,447,0
2018-10-12 20:57:58,5,63,20.1,72,10.9,994.2,999.1,1.4,2.7,9,447,0
2018-10-12 21:02:58,5,63,20.1,72,10.9,994.3,999.2,2.4,2.7,9,447,0
2018-10-12 21:07:58,5,63,20.1,72,10.9,994.4,999.3,2,2.4,10,447,0
2018-10-12 21:12:58,5,63,20.1,73,10.9,994.4,999.3,2,3.1,8,447,0
2018-10-12 21:17:58,5,63,20.1,72,11,994.6,999.5,2,3.1,10,447,0
2018-10-12 21:22:58,5,63,20.1,72,11,994.6,999.5,2.7,3.4,10,447,0
2018-10-12 21:27:58,5,63,20.1,72,11,994.5,999.4,1.7,3.1,10,447,0
2018-10-12 21:32:58,5,63,20.1,73,10.9,994.7,999.6,1.7,2.7,10,447,0
2018-10-12 21:37:58,5,63,20.1,73,10.9,994.7,999.6,1.7,2.7,8,447,0
2018-10-12 21:42:58,5,63,20.1,73,10.9,994.8,999.7,1.4,2.4,8,447,0
2018-10-12 21:47:58,5,63,20.1,74,10.9,994.8,999.7,1,1.4,10,447,0
2018-10-12 21:52:58,5,63,20.1,74,10.8,995.1,1000,1,2,10,447,0
2018-10-12 21:57:58,5,63,20.1,75,10.8,995.1,1000,1.4,1.7,10,447,0
2018-10-12 22:02:58,5,63,20.1,75,10.7,995.1,1000,1.4,2.4,10,447,0
2018-10-12 22:07:58,5,64,20.2,75,10.7,995.1,1000,1,2,8,447,0
2018-10-12 22:12:58,5,64,20.2,75,10.7,995.2,1000.1,1.7,2,12,447,0
2018-10-12 22:17:58,5,64,20.2,75,10.7,995.2,1000.1,1.7,2.4,10,447,0
2018-10-12 22:22:58,5,64,20.2,75,10.7,995.4,1000.3,2.7,3.7,12,447,0
2018-10-12 22:27:58,5,64,20.2,75,10.7,995.6,1000.5,1.7,2.7,8,447,0
2018-10-12 22:32:58,5,64,20.2,75,10.8,995.5,1000.4,1.4,1.7,8,447,0
2018-10-12 22:37:58,5,64,20.2,74,10.8,995.4,1000.3,1.7,2.4,10,447,0
2018-10-12 22:42:58,5,64,20.2,74,10.8,995.6,1000.5,1.4,2,8,447,0
2018-10-12 22:47:58,5,64,20.2,74,10.7,995.6,1000.5,0.7,1.7,10,447,0
2018-10-12 22:52:58,5,64,20.2,74,10.7,995.4,1000.3,1,2,10,447,0
2018-10-12 22:57:58,5,64,20.2,75,10.7,995.6,1000.5,1.4,2,8,447,0
2018-10-12 23:02:58,5,64,20.2,75,10.7,995.4,1000.3,1,1.7,8,447,0
2018-10-12 23:07:58,5,64,20.2,75,10.7,995.5,1000.4,1,1.7,8,447,0
2018-10-12 23:12:58,5,64,20.2,76,10.7,995.4,1000.3,1.7,2.7,8,447,0
2018-10-12 23:17:58,5,64,20.2,76,10.7,995.5,1000.4,0.7,1,10,447,0
2018-10-12 23:22:58,5,64,20.2,76,10.7,995.6,1000.5,0.7,1,10,447,0
2018-10-12 23:27:58,5,64,20.2,76,10.7,995.4,1000.3,1,1.7,8,447,0
2018-10-12 23:32:58,5,64,20.2,76,10.7,995.5,1000.4,0.7,1,10,447,0
2018-10-12 23:37:58,5,64,20.2,76,10.7,995.2,1000.1,0.7,1.4,4,447,0
2018-10-12 23:42:58,5,64,20.2,77,10.7,995.1,1000,1.7,2.4,4,447,0
2018-10-12 23:47:58,5,64,20.2,77,10.8,995.1,1000,2,2.7,4,447,0
2018-10-12 23:52:58,5,64,20.2,77,10.8,995.3,1000.2,1.4,2.7,2,447,0
2018-10-12 23:57:58,5,64,20.2,77,10.9,995.2,1000.1,3.1,3.7,2,447,0
