2024-06-14 00:01:07,5,56,21.1,98,11.2,995.9,1000.8,0,0,2,670.8,0
2024-06-14 00:06:07,5,56,21.1,98,11.2,995.9,1000.8,0,0,15,670.8,0
2024-06-14 00:11:07,5,56,21.1,98,11.1,995.8,1000.7,0,0,10,670.8,0
2024-06-14 00:16:07,5,56,21.1,98,11.1,995.9,1000.8,0,0,10,670.8,0
2024-06-14 00:21:07,5,56,21.1,98,11.2,995.8,1000.7,0,0,0,670.8,0
2024-06-14 00:26:07,5,56,21.1,98,11.2,996,1000.9,0,0,11,670.8,0
2024-06-14 00:31:07,5,56,21.1,99,11.2,995.9,1000.8,0,0,15,671.1,0
2024-06-14 00:36:07,5,56,21,99,11.2,996,1000.9,0,0,14,671.4,0
2024-06-14 00:41:07,5,56,21,99,11.1,995.9,1000.8,0,0,2,671.7,0
2024-06-14 00:46:07,5,56,21,99,11.1,995.9,1000.8,0,0,10,672.3,0
2024-06-14 00:51:07,5,56,21,99,11.1,995.9,1000.8,0,0,10,672.6,0
2024-06-14 00:56:07,5,56,21,99,11,996,1000.9,0,0,15,672.9,0
2024-06-14 01:01:07,5,56,21,98,10.8,995.9,1000.8,0,0,15,672.9,0
2024-06-14 01:06:07,5,57,20.8,98,10.7,996,1000.9,0,0,10,673.2,0
2024-06-14 01:11:07,5,57,20.9,98,10.8,995.9,1000.8,0,0,2,673.2,0
2024-06-14 01:16:07,5,57,20.8,98,10.8,995.8,1000.7,0,0,10,673.2,0
2024-06-14 01:21:07,5,57,20.8,98,10.7,995.8,1000.7,0,0,10,673.2,0
2024-06-14 01:26:07,5,57,20.8,98,10.6,995.8,1000.7,0,0,10,673.2,0
2024-06-14 01:31:07,5,57,20.8,98,10.4,995.8,1000.7,0,0,10,673.2,0
2024-06-14 01:36:07,5,57,20.8,98,10.4,995.8,1000.7,0,0,10,673.2,0
2024-06-14 01:41:07,5,57,20.8,98,10.4,995.8,1000.7,0,0,10,673.2,0
2024-06-14 01:46:07,5,57,20.7,98,10.4,995.8,1000.7,0,0,10,673.2,0
2024-06-14 01:51:07,5,57,20.8,98,10.4,995.8,1000.7,0,0,10,673.2,0
2024-06-14 01:56:07,5,57,20.7,98,10.4,995.6,1000.5,0,0,10,673.2,0
2024-06-14 02:01:07,5,57,20.7,98,10.3,995.6,1000.5,0,0,10,673.2,0
2024-06-14 02:06:07,5,57,20.7,98,10.3,995.7,1000.6,0,0,10,673.2,0
2024-06-14 02:11:07,5,57,20.7,98,10.2,995.6,1000.5,0,0,10,673.2,0
2024-06-14 02:16:07,5,57,20.8,98,10.1,995.5,1000.4,0,0,10,673.2,0
2024-06-14 02:21:07,5,57,20.8,98,10.1,995.6,1000.5,0,0,10,673.2,0
2024-06-14 02:26:07,5,57,20.6,98,10,995.4,1000.3,0,0,10,673.2,0
2024-06-14 02:31:07,5,57,20.7,98,10,995.5,1000.4,0,0,10,673.2,0
2024-06-14 02:36:07,5,57,20.7,98,10,995.4,1000.3,0,0,10,673.2,0
2024-06-14 02:41:07,5,57,20.7,98,10,995.5,1000.4,0,0,10,673.2,0
2024-06-14 02:46:07,5,57,20.7,98,10.1,995.7,1000.6,0,0,10,673.5,0
2024-06-14 02:51:07,5,57,20.7,98,10.1,995.7,1000.6,0,0,10,673.5,0
2024-06-14 02:56:07,5,57,20.7,97,9.9,995.5,1000.4,0,0,1,673.5,0
2024-06-14 03:01:07,5,57,20.7,97,9.9,995.5,1000.4,0,0,1,673.5,0
2024-06-14 03:06:07,5,56,20.7,97,9.7,995.4,1000.3,0,0,1,673.5,0
2024-06-14 03:11:07,5,56,20.6,97,9.6,995.4,1000.3,0,0,1,673.5,0
2024-06-14 03:16:07,5,56,20.6,97,9.5,995.4,1000.3,0,0,0,673.8,0
2024-06-14 03:21:07,5,56,20.6,97,9.4,995.7,1000.6,0,0,14,673.8,0
2024-06-14 03:26:07,5,56,20.6,97,9.3,995.5,1000.4,0,0,1,673.8,0
2024-06-14 03:31:07,5,56,20.6,96,9.1,995.5,1000.4,0,0,1,673.8,0
2024-06-14 03:36:07,5,56,20.6,96,8.9,995.6,1000.5,0,0,1,673.8,0
2024-06-14 03:41:07,5,56,20.6,96,8.9,995.5,1000.4,0,0,1,673.8,0
2024-06-14 03:46:07,5,56,20.6,96,9,995.6,1000.5,0,0,1,673.8,0
2024-06-14 03:51:07,5,56,20.6,96,9.2,995.6,1000.5,0,0,15,673.8,0
2024-06-14 03:56:07,5,56,20.6,96,9.2,995.6,1000.5,0,0,1,674.1,0
2024-06-14 04:01:07,5,56,20.6,97,9.3,995.5,1000.4,0,0,9,674.1,0
2024-06-14 04:06:07,5,56,20.5,97,9.3,995.3,1000.2,0,0,15,674.1,0
2024-06-14 04:11:07,5,56,20.5,97,9.3,995.4,1000.3,0,0,10,674.1,0
2024-06-14 04:16:07,5,56,20.5,97,9.3,995.3,1000.2,0,0,10,674.1,0
2024-06-14 04:21:07,5,56,20.5,97,9.3,995.4,1000.3,0,0,10,674.1,0
2024-06-14 04:26:07,5,56,20.5,96,9.3,995.3,1000.2,0,0,10,674.1,0
2024-06-14 04:31:07,5,56,20.5,96,9.2,995.1,1000,0,0,10,674.1,0
2024-06-14 04:36:07,5,56,20.5,96,9,995.2,1000.1,0,0,10,674.1,0
2024-06-14 04:41:07,5,56,20.5,96,8.9,995.1,1000,0,0,10,674.1,0
2024-06-14 04:46:07,5,56,20.5,96,8.9,995,999.9,0,0,10,674.1,0
2024-06-14 04:51:07,5,56,20.5,96,8.8,995.1,1000,0,0,10,674.1,0
2024-06-14 04:56:07,5,56,20.5,96,8.8,995.1,1000,0,0,10,674.1,0
2024-06-14 05:01:07,5,56,20.5,96,8.8,995,999.9,0,0,10,674.1,0
2024-06-14 05:06:07,5,56,20.4,96,8.8,995,999.9,0,0,10,674.1,0
2024-06-14 05:11:07,5,56,20.4,96,8.7,995.1,1000,0,0,1,674.1,0
2024-06-14 05:16:07,5,56,20.4,96,8.7,995.1,1000,0,0,0,674.1,0
2024-06-14 05:21:07,5,56,20.4,96,8.9,994.9,999.8,0,0,10,674.1,0
2024-06-14 05:26:07,5,56,20.4,96,8.9,994.9,999.8,0,0,8,674.1,0
2024-06-14 05:31:07,5,56,20.4,96,8.9,995,999.9,0,0,1,674.1,0
2024-06-14 05:36:07,5,56,20.4,96,8.9,994.9,999.8,0,0,10,674.1,0
2024-06-14 05:41:07,5,56,20.4,96,9,995,999.9,0,0,10,674.1,0
2024-06-14 05:46:07,5,56,20.4,96,9.1,995.1,1000,0,0,9,674.4,0
2024-06-14 05:51:07,5,56,20.4,96,9.2,995.1,1000,0,0,15,674.7,0
2024-06-14 05:56:07,5,56,20.4,96,9.1,995.1,1000,0,0,14,675,0
2024-06-14 06:01:07,5,55,20.4,96,9,995,999.9,0,0,14,675,0
2024-06-14 06:06:07,5,55,20.4,96,9,995.1,1000,0,0,14,675.3,0
2024-06-14 06:11:07,5,55,20.4,96,9,994.9,999.8,0,0,14,675.3,0
2024-06-14 06:16:07,5,55,20.4,96,9.2,995,999.9,0,0,14,675.3,0
2024-06-14 06:21:07,5,55,20.4,96,10.1,994.9,999.8,0,0,14,675.3,0
2024-06-14 06:26:07,5,55,20.4,96,10.5,994.7,999.6,0,0,14,675.3,0
2024-06-14 06:31:07,5,55,20.4,96,10.8,994.8,999.7,0,0,14,675.3,0
2024-06-14 06:36:07,5,55,20.4,96,11.2,994.9,999.8,0,0,14,675.3,0
2024-06-14 06:41:07,5,55,20.4,95,11.4,994.9,999.8,0,0,14,675.3,0
2024-06-14 06:46:07,5,55,20.4,95,11.5,994.8,999.7,0,0,14,675.3,0
2024-06-14 06:51:07,5,55,20.4,94,11.5,994.8,999.7,0,0,14,675.3,0
2024-06-14 06:56:07,5,55,20.4,93,11.7,994.8,999.7,0,0,14,675.3,0
2024-06-14 07:01:07,5,55,20.4,92,12,994.9,999.8,0,0,14,675.3,0
2024-06-14 07:06:07,5,55,20.4,91,12.2,994.9,999.8,0,0,14,675.3,0
2024-06-14 07:11:07,5,55,20.4,90,11.6,994.9,999.8,0.7,1,14,675.3,0
2024-06-14 07:16:07,5,55,20.4,88,11,994.8,999.7,1,1.7,14,675.3,0
2024-06-14 07:21:07,5,55,20.4,88,11.5,994.8,999.7,2,3.1,14,675.3,0
2024-06-14 07:26:07,5,55,20.4,88,11.9,994.9,999.8,1.7,2.4,14,675.3,0
2024-06-14 07:31:07,5,55,20.4,87,11.7,995,999.9,1,2.4,14,675.3,0
2024-06-14 07:36:07,5,55,20.4,85,11.2,995.1,1000,0.3,0.7,14,675.9,0
2024-06-14 07:41:07,5,55,20.4,85,10.9,995.2,1000.1,2,3.4,14,676.8,0
2024-06-14 07:46:07,5,55,20.4,85,10.3,995.2,1000.1,0.7,1,11,678,0
2024-06-14 07:51:07,5,56,20.4,86,10,995.1,1000,1.4,2,0,678.3,0
2024-06-14 07:56:07,5,57,20.4,87,9.7,995.1,1000,0.7,1,15,678.9,0
2024-06-14 08:01:07,5,58,20.4,87,9.5,995.2,1000.1,0.7,1,15,678.9,0
2024-06-14 08:06:07,5,58,20.4,88,9.5,995.3,1000.2,0.7,1,0,678.9,0
2024-06-14 08:11:07,5,59,20.4,89,9.5,995.1,1000,0,0,15,678.9,0
2024-06-14 08:16:07,5,59,20.4,90,10.1,995.3,1000.2,0,0,15,678.9,0
2024-06-14 08:21:07,5,59,20.4,91,11.5,995.1,1000,0.7,1,15,678.9,0
2024-06-14 08:26:07,5,60,20.5,90,12.6,995,999.9,0.3,0.7,13,678.9,0
2024-06-14 08:31:07,5,60,20.5,90,12.7,995.1,1000,1,1.4,13,678.9,0
2024-06-14 08:36:07,5,60,20.6,91,12.3,995,999.9,1.4,1.7,0,678.9,0
2024-06-14 08:41:07,5,60,20.7,90,11.9,995,999.9,1.4,2,13,678.9,0
2024-06-14 08:46:07,5,60,20.7,90,12.4,994.9,999.8,1,2,15,678.9,0
2024-06-14 08:51:07,5,60,20.8,88,12.4,995,999.9,1.4,2.4,1,678.9,0
2024-06-14 08:56:07,5,60,20.8,83,13.1,994.9,999.8,1,1.4,1,678.9,0
2024-06-14 09:01:07,5,60,20.8,80,12.8,995,999.9,1.7,2,10,678.9,0
2024-06-14 09:06:07,5,60,20.9,81,12,994.9,999.8,1.4,1.7,10,678.9,0
2024-06-14 09:11:07,5,59,21,81,12.3,994.8,999.7,1.4,2,10,678.9,0
2024-06-14 09:16:07,5,60,20.9,79,13,994.9,999.8,2,2.7,10,678.9,0
2024-06-14 09:21:07,5,59,21,78,13.3,994.9,999.8,1,1.7,,678.9,0
2024-06-14 09:26:07,5,59,21.1,77,13.3,994.7,999.6,1.4,2,,678.9,0
2024-06-14 09:31:07,5,59,21.1,77,13.3,994.8,999.7,1.7,2.4,,678.9,0
2024-06-14 09:36:07,5,59,21.1,75,13.1,994.9,999.8,2.4,3.1,10,678.9,0
2024-06-14 09:41:07,5,59,21.1,75,13.5,994.8,999.7,1.7,2.4,10,678.9,0
2024-06-14 09:46:07,5,59,21.1,74,13.9,994.7,999.6,1.4,1.7,10,678.9,0
2024-06-14 09:51:07,5,60,21.1,73,14.3,994.8,999.7,0.7,1,8,678.9,0
2024-06-14 09:56:07,5,60,21.1,71,14.3,994.8,999.7,1.7,2.4,10,678.9,0
2024-06-14 10:01:07,5,59,21.1,71,13.6,994.8,999.7,2.4,3.7,,678.9,0
2024-06-14 10:06:07,5,59,21.1,72,13.7,994.9,999.8,2.7,3.7,10,678.9,0
2024-06-14 10:11:07,5,59,21.1,71,13,994.8,999.7,1.7,2.4,8,678.9,0
2024-06-14 10:16:07,5,59,21.4,72,12.5,995,999.9,1.7,2.4,,678.9,0
2024-06-14 10:21:07,5,59,21.4,73,12.6,994.9,999.8,1.4,2,,678.9,0
2024-06-14 10:26:07,5,59,21.4,75,13.7,994.7,999.6,1,1.7,,678.9,0
2024-06-14 10:31:07,5,59,21.4,73,14.6,994.7,999.6,1.4,1.7,,678.9,0
2024-06-14 10:36:07,5,59,21.4,70,14.4,994.8,999.7,2.7,3.7,10,678.9,0
2024-06-14 10:41:07,5,59,21.4,68,13.5,994.8,999.7,2.7,3.7,,678.9,0
2024-06-14 10:46:07,5,59,21.4,70,13,994.7,999.6,1.4,2,,678.9,0
2024-06-14 10:51:07,5,58,21.5,71,12.8,994.8,999.7,2,2.7,,678.9,0
2024-06-14 10:56:07,5,58,21.5,73,14,994.7,999.6,1.7,2.7,2,678.9,0
2024-06-14 11:01:07,5,58,21.4,72,14.5,994.7,999.6,2.4,3.1,7,678.9,0
2024-06-14 11:06:07,5,58,21.5,70,14.8,994.8,999.7,3.4,5.1,,678.9,0
2024-06-14 11:11:07,5,58,21.5,70,15,994.8,999.7,1,2,,678.9,0
2024-06-14 11:16:07,5,58,21.7,70,14.9,995,999.9,1.4,2.7,,678.9,0
2024-06-14 11:21:07,5,58,21.7,68,14.3,994.9,999.8,1.7,2,,678.9,0
2024-06-14 11:26:07,5,58,21.6,66,13.8,994.9,999.8,1.7,2.7,,678.9,0
2024-06-14 11:31:07,5,58,21.5,64,13.6,994.9,999.8,1.7,2.7,,678.9,0
2024-06-14 11:36:07,5,58,21.5,64,14.5,994.9,999.8,1,1.7,,678.9,0
2024-06-14 11:41:07,5,58,21.6,64,15.5,994.8,999.7,1.4,1.7,,678.9,0
2024-06-14 11:46:07,5,58,21.7,61,16,994.7,999.6,1.4,2,,678.9,0
2024-06-14 11:51:07,5,58,21.6,60,15.8,994.6,999.5,1,1.7,8,678.9,0
2024-06-14 11:56:07,5,58,21.7,60,15.8,994.7,999.6,1.7,2.4,8,678.9,0
2024-06-14 12:01:07,5,57,21.5,62,16.1,994.6,999.5,2,2.4,14,678.9,0
2024-06-14 12:06:07,5,57,21.7,60,16.1,994.7,999.6,2.4,3.4,14,678.9,0
2024-06-14 12:11:07,5,57,21.5,58,15.8,994.7,999.6,1.7,2,8,678.9,0
2024-06-14 12:16:07,5,57,21.5,60,16.1,994.7,999.6,2.7,3.4,,678.9,0
2024-06-14 12:21:07,5,57,21.5,60,16.5,994.7,999.6,2.4,3.1,,678.9,0
2024-06-14 12:26:07,5,57,21.5,60,16.3,994.7,999.6,1.7,2.4,14,678.9,0
2024-06-14 12:31:07,5,57,21.5,60,16.5,994.9,999.8,2,2.7,,678.9,0
2024-06-14 12:36:07,5,57,21.4,60,16.1,994.9,999.8,3.1,4.1,,678.9,0
2024-06-14 12:41:07,5,57,21.5,59,16.1,994.8,999.7,2,2.4,2,678.9,0
2024-06-14 12:46:07,5,57,21.4,57,16.2,994.9,999.8,2.4,3.1,4,678.9,0
2024-06-14 12:51:07,5,57,21.4,58,16.4,994.9,999.8,1.4,2,,678.9,0
2024-06-14 12:56:07,5,57,21.4,56,16.2,994.8,999.7,1.4,2,0,678.9,0
2024-06-14 13:01:07,5,57,21.5,56,16.3,994.8,999.7,2.4,3.4,8,678.9,0
2024-06-14 13:06:07,5,58,21.5,55,16.3,995,999.9,2,3.1,10,678.9,0
2024-06-14 13:11:07,5,58,21.5,56,16.1,994.9,999.8,1.7,2,4,678.9,0
2024-06-14 13:16:07,5,58,21.7,55,16,994.9,999.8,2.4,3.7,2,678.9,0
2024-06-14 13:21:07,5,58,21.7,57,16.4,994.8,999.7,2.7,3.7,2,678.9,0
2024-06-14 13:26:07,5,58,21.7,59,16.5,995,999.9,2.4,3.4,0,678.9,0
2024-06-14 13:31:07,5,58,21.8,57,16.6,994.9,999.8,2.4,2.7,0,678.9,0
2024-06-14 13:36:07,5,57,21.9,56,16.4,995,999.9,2.4,3.4,10,678.9,0
2024-06-14 13:41:07,5,57,21.9,55,16.2,994.9,999.8,2.7,3.7,4,678.9,0
2024-06-14 13:46:07,5,56,22,54,16.3,994.9,999.8,2.7,3.4,,678.9,0
2024-06-14 13:51:07,5,56,22,53,16.2,994.9,999.8,2.4,3.1,14,678.9,0
2024-06-14 13:56:07,5,56,22,55,16.3,994.8,999.7,1.7,2.7,,678.9,0
2024-06-14 14:01:07,5,56,22.1,55,16.4,994.8,999.7,2,2.7,,678.9,0
2024-06-14 14:06:07,5,56,22.1,56,16.5,994.8,999.7,1.7,2.4,,678.9,0
2024-06-14 14:11:07,5,56,22.2,58,16.7,994.9,999.8,2,2.7,0,678.9,0
2024-06-14 14:16:07,5,55,22.3,57,16.3,994.9,999.8,2.4,4.8,0,678.9,0
2024-06-14 14:21:07,5,52,22.3,60,16.3,994.7,999.6,1.7,2.4,,678.9,0
2024-06-14 14:26:07,5,51,22.2,60,16.6,994.8,999.7,2.4,3.1,10,678.9,0
2024-06-14 14:31:07,5,50,22.2,60,16.4,994.8,999.7,2.7,3.4,,678.9,0
2024-06-14 14:36:07,5,49,22.2,59,16.6,994.9,999.8,2.7,3.1,4,678.9,0
2024-06-14 14:41:07,5,49,22.2,57,16.5,994.8,999.7,1.4,1.7,,678.9,0
2024-06-14 14:46:07,5,48,22.2,57,16.6,994.8,999.7,1.7,2.7,8,678.9,0
2024-06-14 14:51:07,5,48,22.2,57,16.7,994.8,999.7,1.7,3.1,8,678.9,0
2024-06-14 14:56:07,5,47,22.2,53,16.5,994.9,999.8,2,2.7,10,678.9,0
2024-06-14 15:01:07,5,46,22.2,53,16.4,994.9,999.8,2.4,3.4,,678.9,0
2024-06-14 15:06:07,5,45,22.1,55,16.3,994.7,999.6,1.4,2.7,,678.9,0
2024-06-14 15:11:07,5,45,22.2,56,16.4,994.8,999.7,1.7,2.7,14,678.9,0
2024-06-14 15:16:07,5,45,22.2,54,16.3,994.7,999.6,1.7,2.4,,678.9,0
2024-06-14 15:21:07,5,45,22.2,55,16.3,994.8,999.7,1.7,2.7,,678.9,0
2024-06-14 15:26:07,5,45,22.3,57,16.3,994.8,999.7,2.4,3.1,,678.9,0
2024-06-14 15:31:07,5,46,22.3,56,16,994.7,999.6,3.1,4.4,14,678.9,0
2024-06-14 15:36:07,5,47,22.4,57,16.1,994.7,999.6,2,3.1,14,678.9,0
2024-06-14 15:41:07,5,48,22.5,55,16.1,994.7,999.6,2.4,3.4,,678.9,0
2024-06-14 15:46:07,5,48,22.5,53,16.1,994.6,999.5,2.7,3.4,,678.9,0
2024-06-14 15:51:07,5,48,22.6,54,16.3,994.7,999.6,1.7,3.1,,678.9,0
2024-06-14 15:56:07,5,48,22.8,53,16.5,994.8,999.7,3.1,4.1,14,678.9,0
2024-06-14 16:01:07,5,49,22.9,55,16.4,994.7,999.6,2.4,3.4,,678.9,0
2024-06-14 16:06:07,5,49,23,54,16.2,994.7,999.6,2,2.7,,678.9,0
2024-06-14 16:11:07,5,49,23,56,16.3,994.7,999.6,1.4,1.7,,678.9,0
2024-06-14 16:16:07,5,49,23.1,56,16.5,994.7,999.6,1.4,1.7,,678.9,0
2024-06-14 16:21:07,5,50,23.2,58,16.7,994.6,999.5,1.7,2.7,10,678.9,0
2024-06-14 16:26:07,5,50,23.4,55,16.5,994.6,999.5,1.4,2,8,678.9,0
2024-06-14 16:31:07,5,50,23.6,57,16.2,994.6,999.5,2,2.4,10,678.9,0
2024-06-14 16:36:07,5,51,23.7,59,16.5,994.5,999.4,2.4,3.1,10,678.9,0
2024-06-14 16:41:07,5,51,23.9,58,16.1,994.5,999.4,2.4,3.4,8,678.9,0
2024-06-14 16:46:07,5,50,24,58,15.9,994.6,999.5,2.7,3.4,10,678.9,0
2024-06-14 16:51:07,5,50,24.3,57,16,994.5,999.4,1.7,2.4,10,678.9,0
2024-06-14 16:56:07,5,51,24.4,55,16,994.5,999.4,2.4,3.4,0,678.9,0
2024-06-14 17:01:07,5,51,24.5,54,15.9,994.5,999.4,1.4,2,0,678.9,0
2024-06-14 17:06:07,5,51,24.6,57,15.8,994.5,999.4,2.4,3.7,0,678.9,0
2024-06-14 17:11:07,5,51,24.9,57,15.2,994.5,999.4,2,3.1,0,678.9,0
2024-06-14 17:16:07,5,50,24.9,60,15,994.6,999.5,2.7,3.4,2,678.9,0
2024-06-14 17:21:07,5,49,25,60,14.8,994.5,999.4,2.4,2.7,,678.9,0
2024-06-14 17:26:07,5,49,25.1,60,14.5,994.5,999.4,2,3.1,10,678.9,0
2024-06-14 17:31:07,5,49,25.1,61,14.7,994.6,999.5,1.7,3.1,10,678.9,0
2024-06-14 17:36:07,5,49,25.1,60,14.7,994.5,999.4,1.4,2.7,14,678.9,0
2024-06-14 17:41:07,5,49,25.2,60,14.7,994.5,999.4,1.7,2.4,14,678.9,0
2024-06-14 17:46:07,5,49,25.3,60,14.6,994.5,999.4,1.7,2,0,678.9,0
2024-06-14 17:51:07,5,49,25.3,60,14.3,994.4,999.3,1.7,2.7,0,678.9,0
2024-06-14 17:56:07,5,49,25.4,60,14.1,994.5,999.4,2,3.1,0,678.9,0
2024-06-14 18:01:07,5,48,25.4,61,13.9,994.3,999.2,1.4,1.7,15,678.9,0
2024-06-14 18:06:07,5,48,25.4,61,13.7,994.3,999.2,1.4,2.4,15,678.9,0
2024-06-14 18:11:07,5,48,25.4,62,13.5,994.2,999.1,1.4,2.4,14,678.9,0
2024-06-14 18:16:07,5,48,25.3,63,13.5,994.2,999.1,0.7,1.4,14,678.9,0
2024-06-14 18:21:07,5,48,25.3,63,13.5,994.3,999.2,1,1.7,14,678.9,0
2024-06-14 18:26:07,5,48,25.2,63,13.7,994.2,999.1,0.7,1,14,678.9,0
2024-06-14 18:31:07,5,48,25.2,63,13.9,994.3,999.2,1,1.7,14,678.9,0
2024-06-14 18:36:07,5,48,25.2,63,13.9,994.2,999.1,0.7,1,14,678.9,0
2024-06-14 18:41:07,5,48,25.2,62,13.8,994.2,999.1,1.4,2,,678.9,0
2024-06-14 18:46:07,5,48,25.2,61,13.7,994.3,999.2,1.7,2.7,,678.9,0
2024-06-14 18:51:07,5,48,25.2,60,13.7,994.3,999.2,1.7,2,,678.9,0
2024-06-14 18:56:07,5,48,25.1,60,13.5,994.3,999.2,1.7,2,0,678.9,0
2024-06-14 19:01:07,5,48,25,61,13.3,994.3,999.2,1.4,2,0,678.9,0
2024-06-14 19:06:07,5,48,25,62,13.2,994.3,999.2,1.7,2,0,678.9,0
2024-06-14 19:11:07,5,48,25,63,13.1,994.2,999.1,1,1.4,0,678.9,0
2024-06-14 19:16:07,5,48,24.8,64,13.1,994.2,999.1,1.7,2.4,0,678.9,0
2024-06-14 19:21:07,5,48,24.8,65,13,994.3,999.2,1,1.4,0,678.9,0
2024-06-14 19:26:07,5,48,24.7,65,13,994.3,999.2,1,1,14,678.9,0
2024-06-14 19:31:07,5,48,24.6,65,13,994.3,999.2,0.7,1,14,678.9,0
2024-06-14 19:36:07,5,48,24.5,66,13,994.3,999.2,1,1.7,14,678.9,0
2024-06-14 19:41:07,5,48,24.4,66,12.9,994.2,999.1,0.7,1,14,678.9,0
2024-06-14 19:46:07,5,48,24.4,67,12.8,994.4,999.3,1,1.4,14,678.9,0
2024-06-14 19:51:07,5,48,24.4,67,12.7,994.3,999.2,0.7,1,14,678.9,0
2024-06-14 19:56:07,5,48,24.3,67,12.6,994.3,999.2,0.7,1,14,678.9,0
2024-06-14 20:01:07,5,48,24.2,71,12.4,994.1,999,1,1.4,14,678.9,0
2024-06-14 20:06:07,5,48,24.1,71,12.4,994.3,999.2,0.7,1.4,14,678.9,0
2024-06-14 20:11:07,5,48,24.1,71,12.3,994.3,999.2,1.7,2.7,14,678.9,0
2024-06-14 20:16:07,5,45,24,71,12.2,994.3,999.2,0.7,1.4,,678.9,0
2024-06-14 20:21:07,5,45,23.9,72,12.1,994.4,999.3,1.4,1.7,,678.9,0
2024-06-14 20:26:07,5,44,23.7,72,12.1,994.4,999.3,1,1.4,10,678.9,0
2024-06-14 20:31:07,5,44,23.5,72,12,994.3,999.2,1,1.4,10,678.9,0
2024-06-14 20:36:07,5,44,23.5,72,12,994.3,999.2,0.7,0.7,8,678.9,0
2024-06-14 20:41:07,5,44,23.4,73,11.9,994.5,999.4,0.7,1.4,10,678.9,0
2024-06-14 20:46:07,5,44,23.2,73,11.8,994.4,999.3,0.7,1,8,678.9,0
2024-06-14 20:51:07,5,44,23.2,74,11.7,994.4,999.3,1,1.4,8,678.9,0
2024-06-14 20:56:07,5,44,23.1,74,11.6,994.5,999.4,0.7,1,8,678.9,0
2024-06-14 21:01:07,5,44,23,74,11.6,994.4,999.3,0.7,1,8,678.9,0
2024-06-14 21:06:07,5,45,23,75,11.5,994.3,999.2,1.4,1.7,8,678.9,0
2024-06-14 21:11:07,5,45,22.8,75,11.4,994.4,999.3,0.7,1,8,678.9,0
2024-06-14 21:16:07,5,45,22.8,76,11.3,994.5,999.4,0.7,1.4,8,678.9,0
2024-06-14 21:21:07,5,45,22.7,77,11.2,994.4,999.3,0.7,1,,678.9,0
2024-06-14 21:26:07,5,46,22.6,77,11.2,994.4,999.3,0.7,1,,678.9,0
2024-06-14 21:31:07,5,46,22.6,77,11.1,994.3,999.2,0.3,0.7,,678.9,0
2024-06-14 21:36:07,5,46,22.5,77,11.1,994.4,999.3,0.3,0.7,,678.9,0
2024-06-14 21:41:07,5,46,22.4,77,11,994.5,999.4,0.7,1,,678.9,0
2024-06-14 21:46:07,5,46,22.4,77,10.9,994.6,999.5,1.4,1.7,,678.9,0
2024-06-14 21:51:07,5,47,22.3,77,10.9,994.5,999.4,1,1.4,,678.9,0
2024-06-14 21:56:07,5,47,22.3,78,10.8,994.5,999.4,0.7,1,,678.9,0
2024-06-14 22:01:07,5,47,22.3,78,10.8,994.5,999.4,0.7,1,,678.9,0
2024-06-14 22:06:07,5,47,22.2,78,10.8,994.5,999.4,1.4,2,,678.9,0
2024-06-14 22:11:07,5,47,22.2,78,10.8,994.4,999.3,0.7,1,,678.9,0
2024-06-14 22:16:07,5,47,22.1,79,10.8,994.4,999.3,1,1.7,,678.9,0
2024-06-14 22:21:07,5,48,22.1,79,10.7,994.3,999.2,1,1.4,,679.2,0
2024-06-14 22:26:07,5,48,22,80,10.5,994.3,999.2,0.3,1,,679.2,0
2024-06-14 22:31:07,5,48,22,81,10.4,994.2,999.1,0.7,1.4,,679.2,0
2024-06-14 22:36:07,5,48,22,82,10.4,994.3,999.2,0.7,1.4,,679.2,0
2024-06-14 22:41:07,5,49,21.9,83,10.3,994.3,999.2,1,1.4,8,679.2,0
2024-06-14 22:46:07,5,49,21.9,84,10.3,994.2,999.1,1,1.4,8,679.5,0
2024-06-14 22:51:07,5,49,21.8,85,10.3,994.2,999.1,1,1.4,8,679.5,0
2024-06-14 22:56:07,5,49,21.8,86,10.2,994.2,999.1,1.4,2,8,679.5,0
2024-06-14 23:01:08,5,49,21.8,86,10.2,994.3,999.2,2,2.7,8,679.8,0
2024-06-14 23:01:09,5,49,21.8,86,10.2,994.3,999.2,2,2.7,8,679.8,0
2024-06-14 23:06:08,5,49,21.8,87,10.2,994.2,999.1,2.7,3.7,8,680.4,0
2024-06-14 23:11:08,5,49,21.7,88,10.1,994.1,999,2,3.4,8,680.4,0
2024-06-14 23:16:08,5,50,21.7,89,10.1,994.1,999,2,3.4,8,680.4,0
2024-06-14 23:21:08,5,50,21.7,90,10.1,994.2,999.1,0.7,1.4,8,681,0
2024-06-14 23:26:08,5,50,21.6,90,10.2,994.1,999,1,1.4,8,681,0
2024-06-14 23:31:08,5,50,21.5,91,10.2,994.2,999.1,1.7,2.7,8,681,0
2024-06-14 23:36:08,5,50,21.6,91,10.3,994.1,999,1,1.7,8,681,0
2024-06-14 23:41:08,5,50,21.7,91,10.3,994.3,999.2,1,1.4,14,681.3,0
2024-06-14 23:46:08,5,51,21.8,92,10.3,994.2,999.1,1,1.4,0,681.3,0
2024-06-14 23:51:08,5,51,21.8,92,10.4,994.2,999.1,1,1.4,2,681.3,0
2024-06-14 23:56:08,5,50,21.8,92,10.4,994.2,999.1,0.7,1,2,681.3,0
