2024-06-25 00:00:06,5,58,23.1,91,15.6,1015.7,1020.6,1.4,2,14,687.6,0
2024-06-25 00:05:05,5,58,23.1,91,15.6,1015.9,1020.8,0.3,0.7,14,687.6,0
2024-06-25 00:10:05,5,58,23.1,91,15.5,1015.6,1020.5,0.7,1,14,687.6,0
2024-06-25 00:15:05,5,58,23.1,91,15.5,1015.6,1020.5,0.3,0.7,14,687.6,0
2024-06-25 00:20:05,5,58,23.1,91,15.5,1015.7,1020.6,0.7,1.4,14,687.6,0
2024-06-25 00:25:05,5,58,23.1,91,15.5,1015.7,1020.6,1,1.4,14,687.6,0
2024-06-25 00:30:05,5,58,23.1,91,15.5,1015.7,1020.6,1,1.7,14,687.6,0
2024-06-25 00:35:05,5,58,23.1,91,15.4,1015.6,1020.5,0.7,1,14,687.6,0
2024-06-25 00:40:05,5,58,23.1,91,15.4,1015.7,1020.6,0.7,1.4,14,687.6,0
2024-06-25 00:45:05,5,58,23.1,92,15.4,1015.6,1020.5,1.7,2.4,14,687.6,0
2024-06-25 00:50:05,5,58,23.1,92,15.4,1015.5,1020.4,0.3,0.7,14,687.6,0
2024-06-25 00:55:05,5,58,23.1,92,15.4,1015.8,1020.7,0.7,1.4,14,687.6,0
2024-06-25 01:00:05,5,58,23.1,92,15.4,1015.6,1020.5,1,1.4,14,687.6,0
2024-06-25 01:05:05,5,58,23.1,92,15.4,1015.6,1020.5,0.7,1,14,687.6,0
2024-06-25 01:10:05,5,58,23.1,92,15.3,1015.6,1020.5,0.7,1,14,687.6,0
2024-06-25 01:15:05,5,58,23.1,93,15.3,1015.6,1020.5,0.7,1.4,14,687.6,0
2024-06-25 01:20:05,5,58,23.1,93,15.3,1015.7,1020.6,0.3,1,14,687.6,0
2024-06-25 01:25:05,5,58,23.1,93,15.3,1015.6,1020.5,0,0.3,14,687.6,0
2024-06-25 01:30:05,5,58,23.1,93,15.3,1015.5,1020.4,0.3,0.7,14,687.6,0
2024-06-25 01:35:05,5,58,23.1,93,15.3,1015.8,1020.7,0,0.3,14,687.6,0
2024-06-25 01:40:05,5,58,23.1,93,15.3,1015.8,1020.7,0.3,0.7,14,687.6,0
2024-06-25 01:45:05,5,58,23.1,93,15.3,1015.8,1020.7,0.3,0.7,14,687.6,0
2024-06-25 01:50:05,5,58,23.1,93,15.3,1015.7,1020.6,0.3,0.7,14,687.6,0
2024-06-25 01:55:05,5,58,23.1,93,15.3,1015.8,1020.7,0.3,0.7,14,687.6,0
2024-06-25 02:00:05,5,58,23.1,94,15.3,1015.9,1020.8,0.7,1,14,687.6,0
2024-06-25 02:05:05,5,58,23.1,94,15.3,1015.8,1020.7,0.3,0.7,14,687.6,0
2024-06-25 02:10:05,5,58,23.1,94,15.3,1015.8,1020.7,0,0.3,14,687.6,0
2024-06-25 02:15:05,5,58,23.1,94,15.3,1015.9,1020.8,0.7,1,14,687.6,0
2024-06-25 02:20:05,5,58,23.1,94,15.3,1015.8,1020.7,0.3,0.7,14,687.6,0
2024-06-25 02:25:05,5,58,23.1,94,15.3,1016,1020.9,0.7,1.4,14,687.6,0
2024-06-25 02:30:05,5,58,23.1,94,15.3,1015.9,1020.8,2,2.7,14,687.6,0
2024-06-25 02:35:05,5,58,23.1,94,15.1,1015.9,1020.8,2.4,3.1,14,687.6,0
2024-06-25 02:40:05,5,58,23.1,94,15,1015.8,1020.7,1.7,2.4,14,687.6,0
2024-06-25 02:45:05,5,58,23.1,94,15,1015.9,1020.8,1,1.7,14,687.6,0
2024-06-25 02:50:05,5,58,23.1,94,14.9,1016,1020.9,1.4,2,14,687.6,0
2024-06-25 02:55:05,5,58,23.1,95,14.9,1016.1,1021,1.4,1.7,14,687.6,0
2024-06-25 03:00:05,5,58,23.1,95,14.9,1016.1,1021,1.7,2,14,687.6,0
2024-06-25 03:05:05,5,58,23.1,95,14.8,1016.1,1021,1,1.7,14,687.6,0
2024-06-25 03:10:05,5,58,23.1,95,14.8,1016,1020.9,0.7,1,14,687.6,0
2024-06-25 03:15:05,5,58,23.1,95,14.7,1016.1,1021,1,1.4,14,687.6,0
2024-06-25 03:20:05,5,58,23.1,95,14.7,1016.1,1021,0.7,1,14,687.6,0
2024-06-25 03:25:05,5,58,23.1,95,14.6,1016.2,1021.1,1,1.4,14,687.6,0
2024-06-25 03:30:05,5,58,23.1,95,14.4,1016,1020.9,1,1.4,11,687.6,0
2024-06-25 03:35:05,5,58,23.1,95,14.4,1016.1,1021,0.7,1.4,14,687.6,0
2024-06-25 03:40:05,5,58,23.1,95,14.3,1016.2,1021.1,0.7,1.4,0,687.6,0
2024-06-25 03:45:05,5,58,23.1,95,14.2,1016.2,1021.1,0.3,1,0,687.6,0
2024-06-25 03:50:05,5,58,23.1,95,14.2,1016.2,1021.1,0.7,1,0,687.6,0
2024-06-25 03:55:05,5,58,23.1,95,14,1016.2,1021.1,0,0,14,687.6,0
2024-06-25 04:00:05,5,58,23,94,13.9,1016.1,1021,0,1,15,687.6,0
2024-06-25 04:05:05,5,58,23,94,13.8,1016.1,1021,1,1.4,0,687.6,0
2024-06-25 04:10:05,5,58,23,94,13.8,1016.2,1021.1,0.7,1,2,687.6,0
2024-06-25 04:15:05,5,58,23,93,13.8,1016.4,1021.3,0.7,1.4,2,687.6,0
2024-06-25 04:20:05,5,58,23,93,13.8,1016.3,1021.2,0.3,1,14,687.6,0
2024-06-25 04:25:05,5,58,23,93,13.8,1016.3,1021.2,0,0.7,14,687.6,0
2024-06-25 04:30:05,5,58,23,92,13.8,1016.3,1021.2,0.3,1,14,687.6,0
2024-06-25 04:35:05,5,58,23,92,13.8,1016.3,1021.2,0.3,1,14,687.6,0
2024-06-25 04:40:05,5,58,23,92,13.8,1016.5,1021.4,0.3,0.7,0,687.6,0
2024-06-25 04:45:05,5,58,23,92,13.8,1016.7,1021.6,0,0.7,0,687.6,0
2024-06-25 04:50:05,5,58,23,92,13.8,1016.6,1021.5,0,0.3,0,687.6,0
2024-06-25 04:55:05,5,58,23,92,13.8,1016.6,1021.5,0,0.3,14,687.6,0
2024-06-25 05:00:05,5,58,23,92,13.8,1016.6,1021.5,0,0,14,687.6,0
2024-06-25 05:05:05,5,59,22.9,92,13.8,1016.8,1021.7,0,0,14,687.6,0
2024-06-25 05:10:05,5,59,22.9,92,13.7,1016.7,1021.6,0,0,15,687.6,0
2024-06-25 05:15:05,5,59,22.8,92,13.7,1016.8,1021.7,0,0,10,687.6,0
2024-06-25 05:20:05,5,59,22.8,92,13.8,1016.9,1021.8,0,0,14,687.6,0
2024-06-25 05:25:05,5,59,22.8,92,13.7,1016.9,1021.8,0,0,14,687.6,0
2024-06-25 05:30:05,5,59,22.8,93,13.7,1017,1021.9,0,0,14,687.6,0
2024-06-25 05:35:05,5,59,22.8,93,13.7,1017,1021.9,0,0,0,687.6,0
2024-06-25 05:40:05,5,59,22.8,93,13.8,1017.2,1022.1,0,0,0,687.6,0
2024-06-25 05:45:05,5,59,22.8,93,13.7,1017.2,1022.1,0,0,0,687.6,0
2024-06-25 05:50:05,5,59,22.7,93,13.7,1017.4,1022.3,0,0,0,687.6,0
2024-06-25 05:55:05,5,59,22.7,93,13.7,1017.4,1022.3,0,0,0,687.6,0
2024-06-25 06:00:05,5,59,22.7,94,13.7,1017.3,1022.2,0,0,14,687.6,0
2024-06-25 06:05:05,5,59,22.7,94,13.7,1017.4,1022.3,0,0,0,687.6,0
2024-06-25 06:10:05,5,59,22.7,94,13.7,1017.5,1022.4,0,0,0,687.6,0
2024-06-25 06:15:05,5,59,22.7,94,13.7,1017.5,1022.4,0,0,0,687.6,0
2024-06-25 06:20:05,5,59,22.7,94,13.7,1017.5,1022.4,0,0,2,687.6,0
2024-06-25 06:25:05,5,59,22.7,95,13.8,1017.5,1022.4,0,0,0,687.6,0
2024-06-25 06:30:05,5,59,22.7,95,13.8,1017.8,1022.7,0,0,2,687.6,0
2024-06-25 06:35:05,5,59,22.7,95,13.8,1017.8,1022.7,0,0,2,687.6,0
2024-06-25 06:40:05,5,59,22.7,95,13.8,1017.9,1022.8,0,0,2,687.6,0
2024-06-25 06:45:05,5,59,22.6,95,13.9,1017.8,1022.7,0,0,2,687.6,0
2024-06-25 06:50:05,5,59,22.7,95,13.9,1017.9,1022.8,0,0,0,687.6,0
2024-06-25 06:55:05,5,59,22.6,95,13.9,1017.9,1022.8,0,0,0,687.6,0
2024-06-25 07:00:05,5,59,22.6,96,13.9,1018,1022.9,0,0,0,687.6,0
2024-06-25 07:05:05,5,59,22.6,96,14,1018,1022.9,0,0,14,687.6,0
2024-06-25 07:10:05,5,59,22.6,96,13.9,1018.1,1023,0,0,14,687.6,0
2024-06-25 07:15:05,5,59,22.6,96,14,1017.9,1022.8,0,0,0,687.6,0
2024-06-25 07:20:05,5,59,22.6,96,14,1018,1022.9,0,0,14,687.6,0
2024-06-25 07:25:05,5,59,22.6,96,14.1,1018.2,1023.1,0,0,14,687.6,0
2024-06-25 07:30:05,5,59,22.6,96,14,1018.2,1023.1,0,0,8,687.6,0
2024-06-25 07:35:05,5,59,22.6,96,14.2,1018.3,1023.2,0,0,15,687.6,0
2024-06-25 07:40:05,5,60,22.6,96,14.2,1018.3,1023.2,0,0,0,687.6,0
2024-06-25 07:45:05,5,60,22.6,96,14.3,1018.4,1023.3,0,0,10,687.6,0
2024-06-25 07:50:05,5,58,22.6,96,14.3,1018.3,1023.2,0,0,2,687.6,0
2024-06-25 07:55:05,5,57,22.5,95,14.4,1018.4,1023.3,0,0,0,687.6,0
2024-06-25 08:00:05,5,56,22.4,95,14.6,1018.5,1023.4,0,0,2,687.6,0
2024-06-25 08:05:05,5,56,22.3,94,14.7,1018.5,1023.4,0,0,0,687.6,0
2024-06-25 08:10:05,5,56,22.2,93,15,1018.4,1023.3,0,0,14,687.6,0
2024-06-25 08:15:05,5,56,22.2,92,15.3,1018.5,1023.4,0,0,10,687.6,0
2024-06-25 08:20:05,5,56,22.1,90,15.3,1018.4,1023.3,0,0,14,687.6,0
2024-06-25 08:25:05,5,55,22,87,15.4,1018.5,1023.4,0,0.3,13,687.6,0
2024-06-25 08:30:05,5,56,22,86,15.8,1018.5,1023.4,0.3,0.7,10,687.6,0
2024-06-25 08:35:05,5,57,22,83,16.3,1018.6,1023.5,2.4,3.1,13,687.6,0
2024-06-25 08:40:05,5,57,22,82,17,1018.6,1023.5,1.4,2.4,15,687.6,0
2024-06-25 08:45:05,5,57,22,80,17,1018.7,1023.6,1.7,2.7,0,687.6,0
2024-06-25 08:50:05,5,56,22,79,17.1,1018.6,1023.5,3.1,4.1,14,687.6,0
2024-06-25 08:55:05,5,57,22,77,16.8,1018.4,1023.3,2.4,3.1,,687.6,0
2024-06-25 09:00:05,5,56,22,77,16.7,1018.5,1023.4,3.7,5.4,14,687.6,0
2024-06-25 09:05:05,5,56,22,77,17.1,1018.5,1023.4,2.4,3.1,14,687.6,0
2024-06-25 09:10:05,5,56,22,73,17.6,1018.3,1023.2,2.7,4.4,2,687.6,0
2024-06-25 09:15:05,5,57,22.1,71,18.2,1018.3,1023.2,1.7,3.4,2,687.6,0
2024-06-25 09:20:05,5,56,22,70,18.5,1018.4,1023.3,2.4,3.1,2,687.6,0
2024-06-25 09:25:05,5,56,22.1,70,18.4,1018.3,1023.2,2.7,3.4,0,687.6,0
2024-06-25 09:30:05,5,56,22.1,68,18.4,1018.1,1023,2.4,4.1,2,687.6,0
2024-06-25 09:35:05,5,56,22.2,69,18.5,1018.2,1023.1,3.1,3.7,0,687.6,0
2024-06-25 09:40:05,5,56,22.2,69,19.3,1018.2,1023.1,2.7,3.7,0,687.6,0
2024-06-25 09:45:05,5,57,22.2,67,19,1018.4,1023.3,2,3.1,0,687.6,0
2024-06-25 09:50:05,5,57,22.3,67,18.6,1018.2,1023.1,1.7,2,2,687.6,0
2024-06-25 09:55:05,5,56,22.3,69,18.2,1018.2,1023.1,2.7,3.7,0,687.6,0
2024-06-25 10:00:04,5,56,22.3,70,18.4,1018.4,1023.3,2,3.1,0,687.6,0
2024-06-25 10:05:04,5,56,22.3,69,19,1018.3,1023.2,3.1,3.7,,687.6,0
2024-06-25 10:10:04,5,55,22.3,68,19.8,1018.3,1023.2,2,2.7,2,687.6,0
2024-06-25 10:15:04,5,55,22.4,64,19.8,1018.3,1023.2,2.4,3.1,0,687.6,0
2024-06-25 10:20:04,5,55,22.4,64,19.1,1018.3,1023.2,1.4,2,0,687.6,0
2024-06-25 10:25:04,5,55,22.4,66,18.5,1018.3,1023.2,1.4,2.7,0,687.6,0
2024-06-25 10:30:04,5,55,22.4,72,17.4,1018.5,1023.4,1.7,2.4,0,687.6,0
2024-06-25 10:35:04,5,55,22.4,74,16.6,1018.4,1023.3,2.4,4.1,10,687.6,0
2024-06-25 10:40:04,5,55,22.4,77,16.7,1018.5,1023.4,2,3.4,,687.6,0
2024-06-25 10:45:04,5,55,22.4,77,16.8,1018.5,1023.4,1.4,2.4,10,687.6,0
2024-06-25 10:50:04,5,55,22.3,77,16.9,1018.5,1023.4,1,2.4,10,687.6,0
2024-06-25 10:55:04,5,55,22.3,77,17.3,1018.6,1023.5,1.7,3.4,10,687.6,0
2024-06-25 11:00:04,5,55,22.3,73,17.5,1018.5,1023.4,2,3.1,0,687.6,0
2024-06-25 11:05:04,5,55,22.3,72,17.5,1018.5,1023.4,1.7,2.7,2,687.6,0
2024-06-25 11:10:04,5,55,22.3,72,17.5,1018.6,1023.5,2,2.7,0,687.6,0
2024-06-25 11:15:04,5,55,22.3,72,17.7,1018.5,1023.4,1,1.7,0,687.6,0
2024-06-25 11:20:04,5,55,22.3,71,17.8,1018.5,1023.4,2,3.1,0,687.6,0
2024-06-25 11:25:04,5,55,22.3,72,17.8,1018.6,1023.5,2,3.7,0,687.6,0
2024-06-25 11:30:04,5,55,22.3,72,18.1,1018.6,1023.5,2,3.4,2,687.6,0
2024-06-25 11:35:04,5,55,22.3,71,17.9,1018.7,1023.6,2,2.7,2,687.6,0
2024-06-25 11:40:04,5,55,22.3,71,17.7,1018.7,1023.6,1.7,2.4,0,687.6,0
2024-06-25 11:45:04,5,55,22.3,71,17.8,1018.7,1023.6,1.4,2,0,687.6,0
2024-06-25 11:50:04,5,55,22.3,71,17.7,1018.6,1023.5,2.7,3.4,0,687.6,0
2024-06-25 11:55:04,5,55,22.2,71,17.7,1018.7,1023.6,1.7,2.4,0,687.6,0
2024-06-25 12:00:04,5,55,22.2,72,17.8,1018.8,1023.7,1.7,2.7,4,687.6,0
2024-06-25 12:05:04,5,55,22.2,71,18.3,1018.7,1023.6,3.1,4.8,2,687.6,0
2024-06-25 12:10:04,5,55,22.2,70,18.8,1018.7,1023.6,3.1,3.7,2,687.6,0
2024-06-25 12:15:04,5,55,22.2,70,19.2,1018.6,1023.5,3.4,4.1,0,687.6,0
2024-06-25 12:20:04,5,55,22.2,68,19.9,1018.6,1023.5,3.4,4.1,0,687.6,0
2024-06-25 12:25:04,5,56,22.3,67,20.4,1018.6,1023.5,1.4,2,0,687.6,0
2024-06-25 12:30:04,5,56,22.2,65,20.1,1018.7,1023.6,1.7,2,0,687.6,0
2024-06-25 12:35:04,5,56,22.3,64,19.8,1018.7,1023.6,2,2.7,0,687.6,0
2024-06-25 12:40:04,5,56,22.3,66,20.2,1018.6,1023.5,1.4,2,0,687.6,0
2024-06-25 12:45:04,5,56,22.3,65,20.4,1018.7,1023.6,1.4,1.7,0,687.6,0
2024-06-25 12:50:04,5,56,22.4,65,20.7,1018.7,1023.6,2.4,3.1,0,687.6,0
2024-06-25 12:55:04,5,56,22.4,64,21,1018.7,1023.6,1.4,1.7,0,687.6,0
2024-06-25 13:00:04,5,56,22.4,62,20.7,1018.6,1023.5,2,2.7,0,687.6,0
2024-06-25 13:05:04,5,55,22.5,63,20.7,1018.5,1023.4,1,1.7,0,687.6,0
2024-06-25 13:10:04,5,55,22.5,63,21,1018.4,1023.3,1,1.4,0,687.6,0
2024-06-25 13:15:04,5,55,22.5,61,21.5,1018.5,1023.4,1.4,1.7,0,687.6,0
2024-06-25 13:20:04,5,55,22.6,62,21.4,1018.4,1023.3,1.4,2,0,687.6,0
2024-06-25 13:25:04,5,55,22.6,61,21,1018.3,1023.2,1,1.7,0,687.6,0
2024-06-25 13:30:04,5,55,22.6,62,21,1018.3,1023.2,1.7,2.4,0,687.6,0
2024-06-25 13:35:04,5,55,22.5,61,20.9,1018.3,1023.2,1.7,2.4,0,687.6,0
2024-06-25 13:40:04,5,55,22.6,62,21.1,1018.3,1023.2,0.7,1.4,0,687.6,0
2024-06-25 13:45:04,5,54,22.7,62,22.2,1018.1,1023,1.7,2.4,0,687.6,0
2024-06-25 13:50:04,5,54,22.8,60,22.4,1018.3,1023.2,1.4,2,0,687.6,0
2024-06-25 13:55:04,5,54,22.9,60,21.1,1018.3,1023.2,1.7,2.4,0,687.6,0
2024-06-25 14:00:04,5,54,22.9,62,21.3,1018.1,1023,1.4,3.1,0,687.6,0
2024-06-25 14:05:04,5,54,22.9,60,21.4,1018,1022.9,1,1.4,0,687.6,0
2024-06-25 14:10:04,5,54,23.1,60,21.6,1018.1,1023,2,3.4,14,687.6,0
2024-06-25 14:15:04,5,54,23.1,60,21.5,1018.1,1023,2,3.1,14,687.6,0
2024-06-25 14:20:04,5,53,23.1,61,21.6,1018,1022.9,1.4,2.4,14,687.6,0
2024-06-25 14:25:04,5,53,23.2,60,21.7,1018.1,1023,0.7,1,14,687.6,0
2024-06-25 14:30:04,5,53,23.1,61,22,1018,1022.9,0.7,1.4,14,687.6,0
2024-06-25 14:35:04,5,53,23.2,61,21.8,1017.9,1022.8,2,2.7,0,687.6,0
2024-06-25 14:40:04,5,53,23.3,56,23,1017.9,1022.8,1.4,2,0,687.6,0
2024-06-25 14:45:04,5,53,23.3,52,23.4,1017.8,1022.7,1.7,2,0,687.6,0
2024-06-25 14:50:04,5,53,23.4,50,23.7,1017.8,1022.7,1.7,2.4,0,687.6,0
2024-06-25 14:55:04,5,52,23.5,54,22.3,1017.9,1022.8,1.4,2,0,687.6,0
2024-06-25 15:00:04,5,52,23.5,59,21.4,1017.9,1022.8,1.4,2.4,14,687.6,0
2024-06-25 15:05:04,5,52,23.6,60,20.7,1017.9,1022.8,1.7,2.4,10,687.6,0
2024-06-25 15:10:04,5,52,23.5,61,20.3,1017.9,1022.8,1.4,1.7,10,687.6,0
2024-06-25 15:15:04,5,52,23.5,63,20.4,1018,1022.9,0.7,1.7,10,687.6,0
2024-06-25 15:20:04,5,52,23.5,63,20.8,1017.9,1022.8,1.4,2,10,687.6,0
2024-06-25 15:25:04,5,52,23.5,61,21.1,1017.9,1022.8,1,2,,687.6,0
2024-06-25 15:30:04,5,52,23.5,60,21,1018,1022.9,2.4,3.1,,687.6,0
2024-06-25 15:35:04,5,52,23.5,59,21.2,1017.9,1022.8,1.4,2.4,,687.6,0
2024-06-25 15:40:04,5,52,23.6,60,21.7,1017.7,1022.6,1,1.7,,687.6,0
2024-06-25 15:45:04,5,53,23.7,59,22.1,1017.9,1022.8,2.4,3.1,,687.6,0
2024-06-25 15:50:04,5,53,23.9,58,21.8,1017.9,1022.8,2.4,3.1,,687.6,0
2024-06-25 15:55:04,5,52,24,58,21.7,1017.8,1022.7,2,3.4,,687.6,0
2024-06-25 16:00:04,5,52,24.1,61,21.6,1017.8,1022.7,2,3.7,10,687.6,0
2024-06-25 16:05:04,5,53,24.2,59,21.8,1017.7,1022.6,1.7,2.7,0,687.6,0
2024-06-25 16:10:04,5,53,24.4,57,21,1017.6,1022.5,2.4,3.1,8,687.6,0
2024-06-25 16:15:04,5,51,24.5,60,20.7,1017.5,1022.4,1,2,10,687.6,0
2024-06-25 16:20:04,5,51,24.5,60,20.7,1017.5,1022.4,2.7,3.7,10,687.6,0
2024-06-25 16:25:04,5,51,24.5,60,20.7,1017.5,1022.4,2,3.4,,687.6,0
2024-06-25 16:30:04,5,51,24.6,61,20.9,1017.5,1022.4,2,3.1,4,687.6,0
2024-06-25 16:35:04,5,51,24.5,60,20.7,1017.5,1022.4,1.7,2.7,4,687.6,0
2024-06-25 16:40:04,5,51,24.5,60,20.6,1017.5,1022.4,2,3.7,2,687.6,0
2024-06-25 16:45:04,5,51,24.6,60,20.5,1017.4,1022.3,2.4,3.7,0,687.6,0
2024-06-25 16:50:04,5,51,24.6,61,20.3,1017.5,1022.4,1.7,2.7,14,687.6,0
2024-06-25 16:55:04,5,51,24.5,61,20.7,1017.2,1022.1,1.7,3.1,0,687.6,0
2024-06-25 17:00:04,5,52,24.6,60,21.5,1017.4,1022.3,2,3.1,0,687.6,0
2024-06-25 17:05:04,5,52,24.7,59,21.9,1017.5,1022.4,1,2.4,0,687.6,0
2024-06-25 17:10:04,5,52,24.6,57,20.6,1017.4,1022.3,1.7,3.1,0,687.6,0
2024-06-25 17:15:04,5,52,24.6,61,19.2,1017.5,1022.4,2.4,3.4,0,687.6,0
2024-06-25 17:20:04,5,52,24.6,63,19.1,1017.6,1022.5,2,2.7,0,687.6,0
2024-06-25 17:25:04,5,52,24.6,63,18.7,1017.6,1022.5,3.7,5.1,0,687.6,0
2024-06-25 17:30:04,5,52,24.6,64,18.5,1017.5,1022.4,2,2.7,0,687.6,0
2024-06-25 17:35:04,5,52,24.5,64,18.5,1017.4,1022.3,1.4,2,0,687.6,0
2024-06-25 17:40:04,5,51,24.5,65,18.4,1017.4,1022.3,1.7,2.4,0,687.6,0
2024-06-25 17:45:04,5,49,24.5,65,18.5,1017.2,1022.1,1.7,2.7,0,687.6,0
2024-06-25 17:50:04,5,49,24.4,66,18.6,1017.4,1022.3,1.7,2.4,14,687.6,0
2024-06-25 17:55:04,5,48,24.3,66,18.7,1017.2,1022.1,0.7,1,,687.6,0
2024-06-25 18:00:04,5,48,24.2,65,18.7,1017.4,1022.3,1.4,2,14,687.6,0
2024-06-25 18:05:04,5,47,24.2,65,18.7,1017.4,1022.3,1.4,2.4,14,687.6,0
2024-06-25 18:10:04,5,48,24.1,65,18.8,1017.2,1022.1,1,2,2,687.6,0
2024-06-25 18:15:04,5,50,23.9,65,18.8,1017.3,1022.2,1.7,2.4,2,687.6,0
2024-06-25 18:20:04,5,50,24,66,19,1017.2,1022.1,1.7,2.4,2,687.6,0
2024-06-25 18:25:04,5,51,24,65,19,1017.2,1022.1,1.7,2,2,687.6,0
2024-06-25 18:30:04,5,51,24,65,19.1,1017.1,1022,3.4,4.1,2,687.6,0
2024-06-25 18:35:04,5,51,24.1,64,19.3,1016.8,1021.7,2.4,2.7,2,687.6,0
2024-06-25 18:40:04,5,51,24.2,64,19.4,1016.9,1021.8,2.4,3.1,2,687.6,0
2024-06-25 18:45:04,5,51,24.4,64,19.6,1017.2,1022.1,1,1.4,0,687.6,0
2024-06-25 18:50:04,5,51,24.4,63,19.6,1017,1021.9,1.7,2.4,0,687.6,0
2024-06-25 18:55:04,5,52,24.5,63,19.7,1017.1,1022,1.7,2.4,0,687.6,0
2024-06-25 19:00:04,5,52,24.7,63,19.7,1017,1021.9,1.7,2.4,0,687.6,0
2024-06-25 19:05:04,5,50,25,62,19.5,1017.5,1022.4,1.4,2,0,687.6,0
2024-06-25 19:10:04,5,51,24.9,63,19.5,1017.4,1022.3,1.7,2.7,0,687.6,0
2024-06-25 19:15:04,5,51,24.7,63,19.8,1017.4,1022.3,1,1.7,0,687.6,0
2024-06-25 19:20:04,5,52,24.6,61,20.2,1017.5,1022.4,2.4,3.1,14,687.6,0
2024-06-25 19:25:04,5,52,24.5,61,20.1,1017.5,1022.4,1,1.7,8,687.6,0
2024-06-25 19:30:04,5,52,24.5,61,20.2,1017.4,1022.3,1.4,2,14,687.6,0
2024-06-25 19:35:04,5,52,24.4,61,19.6,1017.7,1022.6,2,3.1,14,687.6,0
2024-06-25 19:40:04,5,52,24.4,62,19.4,1017.7,1022.6,1,2,14,687.6,0
2024-06-25 19:45:04,5,52,24.4,62,19,1017.5,1022.4,1,2,14,687.6,0
2024-06-25 19:50:04,5,52,24.3,63,18.9,1017.6,1022.5,1.4,2,14,687.6,0
2024-06-25 19:55:04,5,52,24.2,63,19.4,1017.6,1022.5,1,1.7,14,687.6,0
2024-06-25 20:00:04,5,52,24.1,62,19.5,1017.7,1022.6,1.7,2.4,14,687.6,0
2024-06-25 20:05:04,5,52,24,62,19.5,1017.6,1022.5,1,1.7,14,687.6,0
2024-06-25 20:10:04,5,53,23.9,61,19.4,1017.7,1022.6,2,3.4,14,687.6,0
2024-06-25 20:15:04,5,53,23.9,61,19,1017.5,1022.4,1.4,2.7,14,687.6,0
2024-06-25 20:20:04,5,52,23.9,62,18.8,1017.6,1022.5,1,1.7,14,687.6,0
2024-06-25 20:25:04,5,52,23.8,62,18.5,1017.5,1022.4,0.7,1,14,687.6,0
2024-06-25 20:30:04,5,52,23.8,62,18.1,1017.5,1022.4,1.4,2,14,687.6,0
2024-06-25 20:35:04,5,52,23.5,66,17.2,1017.6,1022.5,0.7,1.4,14,687.6,0
2024-06-25 20:40:04,5,52,23.7,68,16.7,1017.7,1022.6,0,0.3,14,687.6,0
2024-06-25 20:45:04,5,52,23.6,69,16.3,1017.5,1022.4,0.7,1,14,687.6,0
2024-06-25 20:50:04,5,51,23.6,70,15.8,1017.6,1022.5,0.3,0.7,14,687.6,0
2024-06-25 20:55:04,5,51,23.6,70,15.5,1017.6,1022.5,0.3,0.7,14,687.6,0
2024-06-25 21:00:04,5,50,23.6,71,15.2,1017.7,1022.6,0.3,1,14,687.6,0
2024-06-25 21:05:04,5,50,23.6,71,15,1018,1022.9,1,1.4,14,687.6,0
2024-06-25 21:10:04,5,49,23.7,72,15,1017.9,1022.8,0.7,1.7,14,687.6,0
2024-06-25 21:15:04,5,48,23.7,72,14.8,1017.9,1022.8,0.7,1,14,687.6,0
2024-06-25 21:20:04,5,48,23.7,72,14.6,1017.9,1022.8,0.7,1,14,687.6,0
2024-06-25 21:25:04,5,47,23.6,72,14.3,1017.8,1022.7,0.3,0.7,14,687.6,0
2024-06-25 21:30:04,5,47,23.6,72,14,1017.8,1022.7,0.3,0.7,14,687.6,0
2024-06-25 21:35:04,5,46,23.7,73,13.7,1017.8,1022.7,0.7,1,14,687.6,0
2024-06-25 21:40:04,5,45,23.7,73,13.5,1017.8,1022.7,0.3,0.7,14,687.6,0
2024-06-25 21:45:04,5,46,23.7,73,13.3,1017.7,1022.6,0.3,0.7,14,687.6,0
2024-06-25 21:50:04,5,46,23.6,74,13.2,1017.8,1022.7,0,0.3,14,687.6,0
2024-06-25 21:55:04,5,46,23.5,74,13.1,1017.7,1022.6,0,0,14,687.6,0
2024-06-25 22:00:04,5,46,23.5,75,13,1017.8,1022.7,0,0,14,687.6,0
2024-06-25 22:05:04,5,47,23.5,75,13,1017.7,1022.6,0,0,14,687.6,0
2024-06-25 22:10:04,5,47,23.4,76,12.9,1017.8,1022.7,0,0,14,687.6,0
2024-06-25 22:15:04,5,47,23.4,76,12.7,1017.7,1022.6,0,0,14,687.6,0
2024-06-25 22:20:04,5,48,23.2,80,12.4,1017.8,1022.7,0,0,14,687.6,0
2024-06-25 22:25:04,5,48,23.2,80,12.3,1017.8,1022.7,0,0,14,687.6,0
2024-06-25 22:30:04,5,48,23.2,80,12.1,1017.8,1022.7,0,0,14,687.6,0
2024-06-25 22:35:04,5,49,23.2,80,11.9,1017.7,1022.6,0,0,14,687.6,0
2024-06-25 22:40:04,5,49,23.1,81,11.7,1017.6,1022.5,0,0,14,687.6,0
2024-06-25 22:45:04,5,49,23.1,81,11.7,1017.9,1022.8,0,0,14,687.6,0
2024-06-25 22:50:04,5,49,23.1,82,11.9,1017.9,1022.8,0.7,1.4,14,687.6,0
2024-06-25 22:55:04,5,49,23,83,12,1017.8,1022.7,0,0.3,14,687.6,0
2024-06-25 23:00:04,5,50,23,83,12,1017.8,1022.7,0.3,0.7,14,687.6,0
2024-06-25 23:05:04,5,50,23,83,11.9,1017.6,1022.5,0.3,0.7,14,687.6,0
2024-06-25 23:10:04,5,50,23,83,11.7,1017.4,1022.3,0.3,0.7,14,687.6,0
2024-06-25 23:15:04,5,50,22.9,82,11.3,1017.5,1022.4,0.3,0.3,14,687.6,0
2024-06-25 23:20:04,5,50,22.8,82,11.1,1017.4,1022.3,0.3,0.3,14,687.6,0
2024-06-25 23:25:04,5,50,22.9,83,11.1,1017.5,1022.4,0.3,0.7,14,687.6,0
2024-06-25 23:30:04,5,50,22.9,83,11,1017.5,1022.4,0,0,14,687.6,0
2024-06-25 23:35:04,5,50,22.8,83,10.9,1017.4,1022.3,0,0,14,687.6,0
2024-06-25 23:40:04,5,50,22.8,84,10.7,1017.4,1022.3,0,0,14,687.6,0
2024-06-25 23:45:04,5,50,22.8,84,10.6,1017.3,1022.2,0,0,14,687.6,0
2024-06-25 23:50:04,5,50,22.8,84,10.5,1017.4,1022.3,0.7,1,14,687.6,0
2024-06-25 23:55:04,5,50,22.7,85,10.4,1017.3,1022.2,0,0.3,14,687.6,0
