2024-06-12 00:04:08,5,49,20,85,6.4,1024,1028.9,0.3,0.7,4,655.2,0
2024-06-12 00:09:08,5,49,20,85,6.3,1024,1028.9,0.3,1,4,655.2,0
2024-06-12 00:14:08,5,50,19.9,85,6.2,1024,1028.9,0.3,1,4,655.2,0
2024-06-12 00:19:08,5,50,19.9,85,6.1,1023.9,1028.8,0.7,1,4,655.2,0
2024-06-12 00:25:08,6,50,19.9,86,6,1024.1,1029,0.7,1,4,655.2,0
2024-06-12 00:30:08,5,50,19.9,86,6,1024.1,1029,0.7,1,4,655.2,0
2024-06-12 00:35:08,5,50,19.9,86,6,1024,1028.9,0.3,0.7,4,655.2,0
2024-06-12 00:40:08,5,50,19.9,87,6,1024.1,1029,0.3,0.7,4,655.2,0
2024-06-12 00:45:08,5,50,19.9,87,6,1024.1,1029,0.3,0.7,4,655.2,0
2024-06-12 00:50:08,5,50,19.9,87,5.8,1023.9,1028.8,0,0,4,655.2,0
2024-06-12 00:55:08,5,50,19.9,86,5.7,1024,1028.9,0,0,4,655.2,0
2024-06-12 01:01:08,6,50,19.8,86,5.4,1023.8,1028.7,0,0,4,655.2,0
2024-06-12 01:06:08,5,50,19.8,86,5.3,1023.9,1028.8,0,0.3,4,655.2,0
2024-06-12 01:11:08,5,50,19.8,86,5.1,1023.8,1028.7,0,0,4,655.2,0
2024-06-12 01:16:08,5,50,19.8,86,4.8,1023.7,1028.6,0.3,0.7,4,655.2,0
2024-06-12 01:21:08,5,50,19.8,87,5,1023.7,1028.6,0.7,1,,655.2,0
2024-06-12 01:26:08,5,50,19.8,87,5.1,1023.7,1028.6,0.3,0.7,,655.2,0
2024-06-12 01:31:08,5,50,19.8,88,5.2,1023.8,1028.7,0.3,0.7,,655.2,0
2024-06-12 01:36:08,5,50,19.8,88,5.1,1023.7,1028.6,0.7,0.7,,655.2,0
2024-06-12 01:41:08,5,50,19.8,89,5.1,1023.9,1028.8,0.3,0.7,,655.2,0
2024-06-12 01:46:08,5,50,19.8,89,5.1,1023.7,1028.6,0.3,0.3,,655.2,0
2024-06-12 01:51:08,5,50,19.7,89,5.1,1023.7,1028.6,0,0.3,,655.2,0
2024-06-12 01:56:08,5,50,19.7,90,5.1,1023.8,1028.7,0.3,0.7,,655.2,0
2024-06-12 02:01:08,5,50,19.7,90,5.1,1023.6,1028.5,0.3,0.7,,655.2,0
2024-06-12 02:06:08,5,50,19.7,90,5,1023.5,1028.4,0,0,,655.2,0
2024-06-12 02:11:08,5,50,19.7,90,5.1,1023.6,1028.5,0.3,0.7,,655.2,0
2024-06-12 02:16:08,5,50,19.7,90,5.2,1023.6,1028.5,0.3,0.7,,655.2,0
2024-06-12 02:21:08,5,50,19.7,90,5.3,1023.5,1028.4,0.3,0.7,,655.2,0
2024-06-12 02:26:08,5,50,19.7,90,5.4,1023.4,1028.3,0.3,0.7,,655.2,0
2024-06-12 02:31:08,5,50,19.7,90,5.5,1023.5,1028.4,0.3,0.7,,655.2,0
2024-06-12 02:36:08,5,50,19.6,90,5.6,1023.4,1028.3,0,0,,655.2,0
2024-06-12 02:41:08,5,50,19.6,90,5.7,1023.3,1028.2,0.3,0.7,,655.2,0
2024-06-12 02:46:08,5,50,19.6,90,5.8,1023.3,1028.2,0.3,0.7,,655.2,0
2024-06-12 02:51:08,5,50,19.6,90,5.9,1023.4,1028.3,0.3,0.3,,655.2,0
2024-06-12 02:56:08,5,50,19.7,90,5.9,1023.3,1028.2,0.3,0.7,,655.2,0
2024-06-12 03:01:08,5,50,19.6,90,6,1023.2,1028.1,0,0,,655.2,0
2024-06-12 03:06:08,5,50,19.6,90,6,1023.1,1028,0,0.3,,655.2,0
2024-06-12 03:11:08,5,50,19.6,90,6,1023,1027.9,0.3,0.7,,655.2,0
2024-06-12 03:16:08,5,50,19.6,90,5.9,1023,1027.9,0.3,0.3,8,655.2,0
2024-06-12 03:21:08,5,50,19.6,90,5.8,1023,1027.9,0,0,8,655.2,0
2024-06-12 03:26:08,5,50,19.6,90,5.6,1023,1027.9,0,0,8,655.2,0
2024-06-12 03:31:08,5,50,19.5,90,5.6,1023,1027.9,0,0,8,655.2,0
2024-06-12 03:36:08,5,50,19.5,90,5.7,1023,1027.9,0,0,8,655.2,0
2024-06-12 03:41:08,5,50,19.5,90,5.7,1022.9,1027.8,0,0,8,655.2,0
2024-06-12 03:46:08,5,50,19.5,90,5.8,1023,1027.9,0,0,8,655.2,0
2024-06-12 03:51:08,5,50,19.5,90,5.6,1023,1027.9,0,0,8,655.2,0
2024-06-12 03:56:08,5,50,19.5,90,5.5,1022.9,1027.8,0,0,8,655.2,0
2024-06-12 04:01:08,5,50,19.4,90,5.3,1023,1027.9,0,0,8,655.2,0
2024-06-12 04:06:08,5,50,19.5,90,5,1022.9,1027.8,0,0,8,655.2,0
2024-06-12 04:11:08,5,50,19.5,89,4.8,1022.8,1027.7,0,0,8,655.2,0
2024-06-12 04:16:08,5,50,19.5,89,4.7,1022.9,1027.8,0,0,8,655.2,0
2024-06-12 04:21:08,5,50,19.4,89,4.7,1022.9,1027.8,0,0,8,655.2,0
2024-06-12 04:26:08,5,50,19.5,90,4.8,1023.1,1028,0.3,0.7,10,655.2,0
2024-06-12 04:31:08,5,50,19.5,90,5.1,1022.9,1027.8,0.7,1,10,655.2,0
2024-06-12 04:36:08,5,50,19.5,90,5.5,1023,1027.9,0,0.3,10,655.2,0
2024-06-12 04:41:08,5,50,19.4,91,6,1023,1027.9,0,0,10,655.2,0
2024-06-12 04:46:08,5,50,19.5,91,6.5,1023,1027.9,0,0,10,655.2,0
2024-06-12 04:51:08,5,50,19.5,91,6.8,1023.1,1028,0,0,10,655.2,0
2024-06-12 04:56:08,5,50,19.5,91,7.2,1023.1,1028,0,0,10,655.2,0
2024-06-12 05:01:08,5,50,19.4,87,7.9,1023,1027.9,0,0,10,655.2,0
2024-06-12 05:06:08,5,50,19.5,87,8.3,1023.1,1028,0,0.3,10,655.2,0
2024-06-12 05:11:08,5,50,19.4,87,8.6,1023.1,1028,0,0,10,655.2,0
2024-06-12 05:16:08,5,50,19.4,85,9.2,1022.9,1027.8,0.3,0.7,10,655.2,0
2024-06-12 05:21:08,5,50,19.4,82,8.9,1023.1,1028,0.3,0.7,10,655.2,0
2024-06-12 05:26:08,5,50,19.5,80,9.1,1023,1027.9,0,0.3,10,655.2,0
2024-06-12 05:31:08,5,50,19.5,80,10.1,1023,1027.9,0,0,10,655.2,0
2024-06-12 05:36:08,5,50,19.5,80,11.1,1023,1027.9,0,0.3,10,655.2,0
2024-06-12 05:41:08,5,50,19.5,77,11.1,1023,1027.9,0.3,0.7,10,655.2,0
2024-06-12 05:46:08,5,50,19.5,73,10.5,1023,1027.9,0.3,0.7,10,655.2,0
2024-06-12 05:51:08,5,50,19.5,73,10.2,1023.1,1028,0.3,0.7,10,655.2,0
2024-06-12 05:56:08,5,50,19.6,73,10.2,1023.2,1028.1,0.3,0.7,10,655.2,0
2024-06-12 06:01:08,5,50,19.6,74,10.3,1023.1,1028,0.3,0.7,10,655.2,0
2024-06-12 06:06:08,5,50,19.6,75,10.8,1023.3,1028.2,0,0.3,10,655.2,0
2024-06-12 06:11:08,5,50,19.6,75,11.6,1023,1027.9,0,0,10,655.2,0
2024-06-12 06:16:08,5,50,19.6,71,12.7,1023.1,1028,0,0.3,10,655.2,0
2024-06-12 06:21:08,5,50,19.6,71,12.2,1023,1027.9,0.3,0.7,10,655.2,0
2024-06-12 06:26:08,5,50,19.6,71,12.4,1023.2,1028.1,0.3,0.7,10,655.2,0
2024-06-12 06:31:08,5,50,19.6,68,12.5,1023,1027.9,0.3,0.7,10,655.2,0
2024-06-12 06:36:08,5,50,19.7,67,12.7,1023,1027.9,0.7,1,10,655.2,0
2024-06-12 06:41:08,5,50,19.7,67,12.9,1023,1027.9,0,0.3,10,655.2,0
2024-06-12 06:46:08,5,50,19.7,67,13,1022.9,1027.8,0.3,0.7,10,655.2,0
2024-06-12 06:51:08,5,50,19.7,67,13.1,1022.9,1027.8,0.3,0.3,10,655.2,0
2024-06-12 06:56:08,5,50,19.7,65,13,1022.9,1027.8,0.7,1,10,655.2,0
2024-06-12 07:01:08,5,50,19.7,65,13.5,1022.9,1027.8,0.7,1,10,655.2,0
2024-06-12 07:06:08,5,50,19.7,63,13.7,1022.9,1027.8,0.3,0.7,10,655.2,0
2024-06-12 07:11:08,5,50,19.7,63,14.7,1022.9,1027.8,0.3,1,,655.2,0
2024-06-12 07:16:08,5,50,19.7,61,15.4,1022.8,1027.7,0.7,1,10,655.2,0
2024-06-12 07:21:08,5,50,19.7,60,15.2,1022.8,1027.7,0.7,1,10,655.2,0
2024-06-12 07:26:08,5,50,19.8,60,15.4,1022.7,1027.6,0,0.3,,655.2,0
2024-06-12 07:31:08,5,50,19.8,59,16,1022.8,1027.7,0.3,0.7,10,655.2,0
2024-06-12 07:36:08,5,50,19.8,56,15.8,1022.7,1027.6,0.3,0.7,10,655.2,0
2024-06-12 07:41:08,5,50,19.8,57,15.7,1022.7,1027.6,0.7,1,10,655.2,0
2024-06-12 07:46:08,5,50,19.8,56,16.1,1022.8,1027.7,1,1.4,10,655.2,0
2024-06-12 07:51:08,5,48,19.8,54,16.3,1022.7,1027.6,0.3,1,10,655.2,0
2024-06-12 07:56:08,5,45,19.7,52,16.2,1022.6,1027.5,0.3,0.7,10,655.2,0
2024-06-12 08:01:08,5,44,19.6,52,16.4,1022.7,1027.6,0.3,0.7,10,655.2,0
2024-06-12 08:06:08,5,43,19.6,53,16.3,1022.6,1027.5,0.3,0.7,10,655.2,0
2024-06-12 08:11:08,5,43,19.4,53,17.4,1022.5,1027.4,0.3,0.7,4,655.2,0
2024-06-12 08:16:08,5,42,19.4,47,17,1022.7,1027.6,0.7,1,2,655.2,0
2024-06-12 08:21:08,5,42,19.3,49,16.8,1022.6,1027.5,0,0,2,655.2,0
2024-06-12 08:26:08,5,43,19.3,47,16.1,1022.5,1027.4,1.4,1.7,2,655.2,0
2024-06-12 08:31:08,5,44,19.2,48,15.2,1022.5,1027.4,1,1.4,2,655.2,0
2024-06-12 08:36:08,5,44,19.4,50,15.2,1022.4,1027.3,0.3,0.7,2,655.2,0
2024-06-12 08:41:08,5,45,19.4,50,16.1,1022.5,1027.4,0.3,1,0,655.2,0
2024-06-12 08:46:08,5,45,19.5,50,15.6,1022.4,1027.3,0.7,1,0,655.2,0
2024-06-12 08:51:08,5,45,19.5,50,15.7,1022.2,1027.1,0.7,1,14,655.2,0
2024-06-12 08:56:08,5,46,19.6,49,16.2,1022.1,1027,0.7,1,10,655.2,0
2024-06-12 09:01:08,5,46,19.6,47,16,1022,1026.9,0.3,0.7,10,655.2,0
2024-06-12 09:06:08,5,46,19.6,48,16.9,1022,1026.9,0.3,1,8,655.2,0
2024-06-12 09:11:08,5,47,19.7,46,16.8,1022.1,1027,0.3,0.7,8,655.2,0
2024-06-12 09:16:08,5,47,19.7,44,17.5,1021.7,1026.6,0.7,1,,655.2,0
2024-06-12 09:21:08,5,48,19.8,47,17.3,1021.7,1026.6,1.7,2,,655.2,0
2024-06-12 09:26:08,5,48,19.9,49,16.1,1021.9,1026.8,1,1.4,,655.2,0
2024-06-12 09:31:08,5,48,19.9,51,14.8,1021.7,1026.6,1.4,1.7,,655.2,0
2024-06-12 09:36:08,5,47,20,53,14.1,1021.7,1026.6,0.3,0.7,8,655.2,0
2024-06-12 09:41:08,5,48,20,53,14,1021.7,1026.6,0,0.3,8,655.2,0
2024-06-12 09:46:08,5,48,20.1,54,14.2,1021.6,1026.5,0.7,1,10,655.2,0
2024-06-12 09:51:08,5,48,20.1,53,15.1,1021.5,1026.4,1,1.7,10,655.2,0
2024-06-12 09:56:08,5,48,20.2,51,16,1021.5,1026.4,1.4,2,8,655.2,0
2024-06-12 10:01:08,5,48,20.3,50,15.7,1021.3,1026.2,1,2,8,655.2,0
2024-06-12 10:06:08,5,48,20.3,50,15.9,1021.3,1026.2,1.4,1.7,8,655.2,0
2024-06-12 10:11:08,5,49,20.4,49,15.7,1021.2,1026.1,1,1.7,8,655.2,0
2024-06-12 10:16:08,5,49,20.4,50,15.9,1021.2,1026.1,1,1.4,8,655.2,0
2024-06-12 10:21:08,5,49,20.4,50,16.1,1021.1,1026,1,1.7,,655.2,0
2024-06-12 10:26:08,5,49,20.5,50,16.4,1021.1,1026,1.4,1.7,,655.2,0
2024-06-12 10:31:08,5,49,20.5,50,16,1020.9,1025.8,1.4,1.7,2,655.2,0
2024-06-12 10:36:08,5,49,20.6,51,16.5,1020.9,1025.8,1,1.7,10,655.2,0
2024-06-12 10:41:08,5,50,20.7,49,16.4,1020.9,1025.8,0.3,0.7,14,655.2,0
2024-06-12 10:46:08,5,50,20.7,47,17.6,1020.8,1025.7,0.7,1,14,655.2,0
2024-06-12 10:51:08,5,50,20.7,43,17.8,1020.9,1025.8,0.7,1.4,14,655.2,0
2024-06-12 10:56:08,5,50,20.7,49,16.8,1020.7,1025.6,1.4,2,,655.2,0
2024-06-12 11:01:08,5,50,20.8,52,16.8,1020.7,1025.6,1.4,2,,655.2,0
2024-06-12 11:06:08,5,50,20.8,47,17.5,1020.8,1025.7,1.4,2,,655.2,0
2024-06-12 11:11:08,5,50,20.8,48,16.7,1020.6,1025.5,0.7,1,10,655.2,0
2024-06-12 11:16:08,5,50,20.9,50,16.9,1020.4,1025.3,2,3.1,10,655.2,0
2024-06-12 11:21:08,5,50,20.9,50,16.9,1020.6,1025.5,1.7,2,8,655.2,0
2024-06-12 11:26:08,5,49,21,49,16.6,1020.4,1025.3,1,1,8,655.2,0
2024-06-12 11:31:08,5,49,21,49,16.5,1020.4,1025.3,1,1.4,8,655.2,0
2024-06-12 11:36:08,5,49,21,51,16.7,1020.2,1025.1,1.4,2,8,655.2,0
2024-06-12 11:41:08,5,49,21,50,16.6,1020.4,1025.3,1,1.7,8,655.2,0
2024-06-12 11:46:08,5,49,21,50,16.9,1020.2,1025.1,1,1.7,8,655.2,0
2024-06-12 11:51:08,5,49,21,50,16.5,1020.3,1025.2,1,1.4,,655.2,0
2024-06-12 11:56:08,5,49,21,52,16.8,1020.1,1025,0.7,1.4,,655.2,0
2024-06-12 12:01:08,5,46,21,49,17.2,1020.2,1025.1,1.4,1.7,,655.2,0
2024-06-12 12:06:08,5,44,21,50,16.8,1019.9,1024.8,1.4,2,8,655.2,0
2024-06-12 12:11:08,5,43,21,50,16.9,1019.9,1024.8,1.4,1.7,8,655.2,0
2024-06-12 12:16:08,5,42,21,48,17.5,1020,1024.9,0.7,1.4,10,655.2,0
2024-06-12 12:21:08,5,42,20.9,44,17.5,1019.9,1024.8,1.4,2,8,655.2,0
2024-06-12 12:26:08,5,42,20.9,44,17.6,1019.7,1024.6,1.7,2.4,8,655.2,0
2024-06-12 12:31:08,5,41,20.8,47,17.1,1019.7,1024.6,1.4,2.4,10,655.2,0
2024-06-12 12:36:08,5,41,20.9,49,17.3,1019.6,1024.5,1,1.4,10,655.2,0
2024-06-12 12:41:08,5,40,20.8,45,17.9,1019.6,1024.5,2,3.1,10,655.2,0
2024-06-12 12:46:08,5,41,20.8,42,17.7,1019.5,1024.4,2.4,2.4,10,655.2,0
2024-06-12 12:51:08,5,41,20.8,41,17.7,1019.3,1024.2,1,1.7,10,655.2,0
2024-06-12 12:56:08,5,41,20.8,41,17.6,1019.2,1024.1,2,3.1,10,655.2,0
2024-06-12 13:01:08,5,42,20.8,45,17.2,1019.2,1024.1,2,3.1,,655.2,0
2024-06-12 13:06:08,5,42,20.8,42,17.5,1019,1023.9,1,2,10,655.2,0
2024-06-12 13:11:08,5,43,20.8,42,18,1019,1023.9,1,1.4,,655.2,0
2024-06-12 13:16:08,5,43,20.8,41,18.6,1018.8,1023.7,0.7,1.4,,655.2,0
2024-06-12 13:21:08,5,43,20.8,41,18.3,1018.9,1023.8,1.4,1.7,,655.2,0
2024-06-12 13:26:08,5,44,20.8,43,18.4,1018.7,1023.6,1.7,2,,655.2,0
2024-06-12 13:31:08,5,44,20.9,43,18.4,1018.9,1023.8,1,1.4,,655.2,0
2024-06-12 13:36:08,5,45,20.9,41,18.8,1018.8,1023.7,0.7,1.4,,655.2,0
2024-06-12 13:41:08,5,44,21,41,18.7,1018.5,1023.4,1.4,1.7,,655.2,0
2024-06-12 13:46:08,5,44,21,41,18.2,1018.5,1023.4,1,1.7,8,655.2,0
2024-06-12 13:51:08,5,45,21.1,41,18.2,1018.5,1023.4,1,1.4,8,655.2,0
2024-06-12 13:56:08,5,45,21.1,42,18.5,1018.4,1023.3,2,2.7,4,655.2,0
2024-06-12 14:01:08,5,45,21.1,42,18.3,1018.4,1023.3,1,1.4,,655.2,0
2024-06-12 14:06:08,5,46,21.1,43,18,1018.3,1023.2,1,1.4,2,655.2,0
2024-06-12 14:11:08,5,46,21.3,43,18.2,1018.1,1023,1,1.4,4,655.2,0
2024-06-12 14:16:08,5,46,21.4,42,18.7,1018.1,1023,0.3,0.7,4,655.2,0
2024-06-12 14:21:08,5,47,21.3,43,19.3,1018,1022.9,1,1.7,4,655.2,0
2024-06-12 14:26:08,5,47,21.4,43,19.4,1018,1022.9,1.4,1.7,4,655.2,0
2024-06-12 14:31:08,5,47,21.5,41,19,1017.9,1022.8,1.7,2,2,655.2,0
2024-06-12 14:36:08,5,47,21.5,42,19.1,1017.9,1022.8,1.4,2,0,655.2,0
2024-06-12 14:41:08,5,48,21.7,41,18.6,1017.8,1022.7,2.4,3.1,14,655.2,0
2024-06-12 14:46:08,5,48,21.8,42,18.1,1017.7,1022.6,1.7,2,14,655.2,0
2024-06-12 14:51:08,5,48,21.8,43,18.2,1017.6,1022.5,0.7,1.7,14,655.2,0
2024-06-12 14:56:08,5,48,21.8,44,18.6,1017.7,1022.6,1,1.4,14,655.2,0
2024-06-12 15:01:08,5,48,21.8,43,18.7,1017.6,1022.5,1.4,2,,655.2,0
2024-06-12 15:06:08,5,48,21.9,42,18.3,1017.6,1022.5,0.7,1,,655.2,0
2024-06-12 15:11:08,5,48,21.9,43,18.2,1017.4,1022.3,2,2.7,,655.2,0
2024-06-12 15:16:08,5,47,22,44,18,1017.5,1022.4,1.7,2,,655.2,0
2024-06-12 15:21:08,5,47,22,43,17.7,1017.4,1022.3,2,3.1,,655.2,0
2024-06-12 15:26:08,5,47,22,45,17.7,1017.3,1022.2,1.4,1.7,,655.2,0
2024-06-12 15:31:08,5,48,22.1,50,18,1017.3,1022.2,1,1.7,,655.2,0
2024-06-12 15:36:08,5,48,22.1,51,17.8,1017.3,1022.2,2,2.7,,655.2,0
2024-06-12 15:41:08,5,48,22.1,52,17.6,1017.1,1022,1,1.4,10,655.2,0
2024-06-12 15:46:08,5,48,22.2,51,17.6,1017,1021.9,1.4,2.4,10,655.2,0
2024-06-12 15:51:08,5,48,22.3,52,17.5,1017.1,1022,1,2,,655.2,0
2024-06-12 15:56:08,5,48,22.2,56,16.7,1016.9,1021.8,1,1.7,14,655.2,0
2024-06-12 16:01:08,5,48,22.3,56,16.5,1017,1021.9,1.7,2.7,,655.2,0
2024-06-12 16:06:08,5,48,22.3,57,16.4,1017,1021.9,1.4,2.7,2,655.2,0
2024-06-12 16:11:08,5,48,22.3,56,16.7,1017.1,1022,1.4,2.4,,655.2,0
2024-06-12 16:16:08,5,48,22.4,55,16.7,1016.8,1021.7,2.4,3.7,14,655.2,0
2024-06-12 16:21:08,5,48,22.4,55,16.8,1016.9,1021.8,1.7,2.4,14,655.2,0
2024-06-12 16:26:08,5,48,22.4,55,17.4,1016.7,1021.6,0.7,1.4,14,655.2,0
2024-06-12 16:31:08,5,48,22.4,50,17.9,1016.6,1021.5,1,1.7,14,655.2,0
2024-06-12 16:36:08,5,47,22.4,50,18.4,1016.5,1021.4,0.7,1,14,655.2,0
2024-06-12 16:41:08,5,47,22.4,50,18.6,1016.3,1021.2,1,1.7,14,655.2,0
2024-06-12 16:46:08,5,46,22.4,49,18.8,1016.3,1021.2,0.7,1.4,14,655.2,0
2024-06-12 16:51:08,5,46,22.4,49,18.9,1016.3,1021.2,1,1.4,14,655.2,0
2024-06-12 16:56:08,5,46,22.5,47,18.7,1016.2,1021.1,0.7,1,14,655.2,0
2024-06-12 17:01:08,5,47,22.5,47,18.4,1016.2,1021.1,1.7,2,14,655.2,0
2024-06-12 17:06:08,5,47,22.5,48,18.3,1015.9,1020.8,0.7,1,,655.2,0
2024-06-12 17:11:08,5,46,22.5,50,18.5,1015.8,1020.7,0.7,1,,655.2,0
2024-06-12 17:16:08,5,45,22.5,49,18.5,1015.8,1020.7,1,1.4,,655.2,0
2024-06-12 17:21:08,5,45,22.5,50,18.2,1015.6,1020.5,1.4,2.7,14,655.2,0
2024-06-12 17:26:08,5,45,22.5,50,17.7,1015.6,1020.5,1.7,2.7,10,655.2,0
2024-06-12 17:31:08,5,43,22.6,51,17.7,1015.4,1020.3,1,1.7,10,655.2,0
2024-06-12 17:36:08,5,43,22.6,54,17.4,1015.6,1020.5,0.7,1.4,10,655.2,0
2024-06-12 17:41:08,5,43,22.6,53,17.3,1015.5,1020.4,1.4,1.7,10,655.2,0
2024-06-12 17:46:08,5,43,22.6,54,17.2,1015.3,1020.2,1.4,2,10,655.2,0
2024-06-12 17:51:08,5,43,22.6,53,17.3,1015.3,1020.2,1.4,2,10,655.2,0
2024-06-12 17:56:08,5,44,22.6,53,17.3,1015.2,1020.1,2,2.7,10,655.2,0
2024-06-12 18:01:08,5,44,22.6,54,17.1,1015.1,1020,0.7,1.4,10,655.2,0
2024-06-12 18:06:08,5,44,22.7,53,16.8,1015.1,1020,1,1.4,10,655.2,0
2024-06-12 18:11:08,5,44,22.6,55,16.5,1015,1019.9,0.7,1,10,655.2,0
2024-06-12 18:16:08,5,44,22.7,57,16,1014.9,1019.8,1,1.4,10,655.2,0
2024-06-12 18:21:08,5,44,22.7,57,15.7,1014.9,1019.8,0.3,0.7,10,655.2,0
2024-06-12 18:26:08,5,44,22.6,58,15.5,1014.9,1019.8,0.7,1,10,655.2,0
2024-06-12 18:31:08,5,45,22.6,59,15.4,1014.9,1019.8,0.3,0.7,10,655.2,0
2024-06-12 18:36:08,5,45,22.5,60,15.4,1014.9,1019.8,0.7,1,10,655.2,0
2024-06-12 18:41:08,5,45,22.5,60,15.3,1014.9,1019.8,0.3,0.7,10,655.2,0
2024-06-12 18:46:08,5,45,22.4,61,15.2,1015,1019.9,1,1.4,10,655.2,0
2024-06-12 18:51:08,5,45,22.4,60,15,1014.9,1019.8,1,1.7,10,655.2,0
2024-06-12 18:56:08,5,45,22.2,61,14.9,1015,1019.9,0.7,0.7,10,655.2,0
2024-06-12 19:01:08,5,43,22.2,61,14.8,1014.9,1019.8,0.3,0.7,10,655.2,0
2024-06-12 19:06:08,5,41,22.2,62,14.8,1014.8,1019.7,0.3,0.7,10,655.2,0
2024-06-12 19:11:08,5,40,22.1,62,14.7,1014.6,1019.5,0.3,1,10,655.2,0
2024-06-12 19:16:08,5,41,21.9,62,14.5,1014.6,1019.5,1.4,1.7,10,655.2,0
2024-06-12 19:21:08,5,40,21.8,63,14.4,1014.5,1019.4,0.3,0.7,10,655.2,0
2024-06-12 19:26:08,5,40,21.5,63,14.3,1014.6,1019.5,0.3,0.7,10,655.2,0
2024-06-12 19:31:08,5,40,21.5,64,14.3,1014.5,1019.4,0.3,0.3,10,655.2,0
2024-06-12 19:36:08,5,40,21.4,64,14.2,1014.6,1019.5,0.3,0.3,10,655.2,0
2024-06-12 19:41:08,5,40,21.1,64,14.1,1014.3,1019.2,0,0.3,10,655.2,0
2024-06-12 19:46:08,5,40,21.1,65,14,1014.4,1019.3,0.3,0.7,10,655.2,0
2024-06-12 19:51:08,5,41,21.1,65,14,1014.4,1019.3,0,0.3,10,655.2,0
2024-06-12 19:56:08,5,41,21.1,65,13.9,1014.3,1019.2,0,0,10,655.2,0
2024-06-12 20:01:08,5,42,21.1,65,13.9,1014.1,1019,0,0,10,655.2,0
2024-06-12 20:06:08,5,42,21,65,13.8,1014.1,1019,0,0,10,655.2,0
2024-06-12 20:11:08,5,42,21,66,13.8,1014.1,1019,0,0,10,655.2,0
2024-06-12 20:16:08,5,43,21,65,13.6,1014.1,1019,0,0,10,655.2,0
2024-06-12 20:21:08,5,44,20.9,65,13.5,1014.1,1019,0,0,10,655.2,0
2024-06-12 20:26:08,5,44,20.9,66,13.5,1014,1018.9,0,0,10,655.2,0
2024-06-12 20:31:08,5,45,20.9,67,13.4,1014.1,1019,0,0.3,10,655.2,0
2024-06-12 20:36:08,5,45,20.9,68,13.4,1013.9,1018.8,0,0,10,655.2,0
2024-06-12 20:41:08,5,45,20.9,69,13.3,1013.9,1018.8,0,0,10,655.2,0
2024-06-12 20:46:08,5,46,20.9,70,13.3,1013.9,1018.8,0.3,0.3,10,655.2,0
2024-06-12 20:51:08,5,46,20.9,70,13.2,1013.7,1018.6,0,0,10,655.2,0
2024-06-12 20:56:08,5,46,20.9,70,13.2,1013.7,1018.6,0,0,10,655.2,0
2024-06-12 21:01:08,5,47,20.8,70,13.2,1013.6,1018.5,0,0,10,655.2,0
2024-06-12 21:06:08,5,47,20.8,71,13.1,1013.7,1018.6,0.3,0.7,10,655.2,0
2024-06-12 21:11:08,5,47,20.8,71,12.9,1013.6,1018.5,0.3,0.7,10,655.2,0
2024-06-12 21:16:08,5,47,20.8,72,12.7,1013.5,1018.4,0.7,1,10,655.2,0
2024-06-12 21:21:08,5,47,20.8,73,12.6,1013.5,1018.4,0,0,10,655.2,0
2024-06-12 21:26:08,5,48,20.7,73,12.6,1013.4,1018.3,0,0,10,655.2,0
2024-06-12 21:31:08,5,48,20.7,73,12.6,1013.2,1018.1,0.3,0.7,10,655.2,0
2024-06-12 21:36:08,5,48,20.7,73,12.6,1013.2,1018.1,0.3,0.7,10,655.2,0
2024-06-12 21:41:08,5,48,20.7,73,12.5,1013.1,1018,0.7,1.4,10,655.2,0
2024-06-12 21:46:08,5,49,20.7,73,12.5,1013.2,1018.1,0.3,0.7,10,655.2,0
2024-06-12 21:51:08,5,49,20.6,74,12.5,1013,1017.9,0,0.3,10,655.2,0
2024-06-12 21:56:08,5,49,20.6,74,12.5,1012.9,1017.8,0.7,1,10,655.2,0
2024-06-12 22:01:08,5,49,20.6,74,12.7,1012.9,1017.8,0.7,1.4,10,655.2,0
2024-06-12 22:06:08,5,49,20.6,74,12.7,1012.6,1017.5,0.3,0.7,10,655.2,0
2024-06-12 22:11:08,5,50,20.6,73,12.8,1012.6,1017.5,0.3,0.7,10,655.2,0
2024-06-12 22:16:08,5,50,20.6,73,12.8,1012.5,1017.4,0.3,0.7,10,655.2,0
2024-06-12 22:21:08,5,50,20.6,73,12.8,1012.4,1017.3,0.7,1.4,10,655.2,0
2024-06-12 22:26:08,5,50,20.6,73,12.8,1012.2,1017.1,0,0.7,10,655.2,0
2024-06-12 22:31:08,5,50,20.6,73,12.9,1012.2,1017.1,0.7,1,10,655.2,0
2024-06-12 22:36:08,5,50,20.6,72,12.9,1011.9,1016.8,0.7,1,10,655.2,0
2024-06-12 22:41:08,5,50,20.5,71,13,1012,1016.9,1,1.7,10,655.2,0
2024-06-12 22:46:08,5,50,20.5,71,13,1012,1016.9,1,1.4,10,655.2,0
2024-06-12 22:51:08,5,50,20.6,71,13.1,1011.9,1016.8,0.7,1.4,10,655.2,0
2024-06-12 22:56:08,5,50,20.6,71,13.1,1011.7,1016.6,1,1.4,10,655.2,0
2024-06-12 23:01:08,5,50,20.5,71,13.1,1011.6,1016.5,0.7,1,10,655.2,0
2024-06-12 23:06:08,5,50,20.6,71,13.1,1011.5,1016.4,1,1.7,10,655.2,0
2024-06-12 23:11:08,5,50,20.5,71,13,1011.4,1016.3,1.4,2.4,10,655.2,0
2024-06-12 23:16:08,5,50,20.5,72,13,1011.4,1016.3,2,2.7,10,655.2,0
2024-06-12 23:21:08,5,50,20.6,72,13,1011.2,1016.1,0.7,1,,655.2,0
2024-06-12 23:26:08,5,50,20.5,72,12.9,1011,1015.9,1,1.7,14,655.2,0
2024-06-12 23:31:08,5,50,20.5,72,12.9,1010.9,1015.8,0.7,1,0,655.2,0
2024-06-12 23:36:08,5,50,20.5,73,12.9,1010.9,1015.8,1,2,14,655.2,0
2024-06-12 23:41:08,5,50,20.5,73,12.9,1010.7,1015.6,1.7,2,14,655.2,0
2024-06-12 23:46:08,5,50,20.6,73,12.8,1010.9,1015.8,1,1.4,14,655.2,0
2024-06-12 23:51:08,5,50,20.5,73,12.8,1010.4,1015.3,1,1.7,14,655.2,0
2024-06-12 23:56:08,5,50,20.5,73,12.8,1010.5,1015.4,2,3.1,14,655.2,0
