2024-06-22 00:01:05,5,53,22.2,91,11.2,1008.5,1013.4,0.7,1,,687.6,0
2024-06-22 00:06:05,5,53,22.2,91,11.2,1008.7,1013.6,1,1.7,,687.6,0
2024-06-22 00:11:05,5,53,22.1,91,11.2,1008.7,1013.6,0.7,1,,687.6,0
2024-06-22 00:16:05,5,53,22.2,91,11.1,1008.5,1013.4,0.7,1,,687.6,0
2024-06-22 00:21:05,5,53,22.1,92,11.1,1008.4,1013.3,0.7,1,,687.6,0
2024-06-22 00:26:05,5,53,22.2,92,11.1,1008.6,1013.5,0.7,1,,687.6,0
2024-06-22 00:31:05,5,53,22.1,92,11.1,1008.5,1013.4,0.3,0.7,,687.6,0
2024-06-22 00:36:05,5,53,22.2,92,11.2,1008.5,1013.4,1,1.7,,687.6,0
2024-06-22 00:41:05,5,53,22.1,92,11.2,1008.5,1013.4,1.7,2,,687.6,0
2024-06-22 00:46:05,5,53,22.1,92,11.3,1008.6,1013.5,1.4,2,,687.6,0
2024-06-22 00:51:05,5,53,22.1,93,11.3,1008.6,1013.5,1.4,2.4,,687.6,0
2024-06-22 00:56:05,5,53,22.1,93,11.3,1008.6,1013.5,0.7,1,,687.6,0
2024-06-22 01:01:05,5,53,22.1,93,11.3,1008.6,1013.5,1,1,,687.6,0
2024-06-22 01:06:05,5,53,22.1,93,11.4,1008.7,1013.6,0.7,1,,687.6,0
2024-06-22 01:11:05,5,53,22,94,11.4,1008.7,1013.6,0.3,1,,687.6,0
2024-06-22 01:16:05,5,53,22,94,11.4,1008.6,1013.5,0.7,1,,687.6,0
2024-06-22 01:21:05,5,53,22,94,11.3,1008.6,1013.5,0.7,1,,687.6,0
2024-06-22 01:26:05,5,53,22.1,94,11.2,1008.7,1013.6,0.7,1,,687.6,0
2024-06-22 01:31:05,5,53,22.1,94,11.2,1008.7,1013.6,0.7,1,,687.6,0
2024-06-22 01:36:05,5,54,22.1,94,11.2,1009,1013.9,0.7,1,,687.6,0
2024-06-22 01:41:05,5,54,22,94,11.2,1008.8,1013.7,0,0.3,,687.6,0
2024-06-22 01:46:05,5,54,22,94,11.2,1008.8,1013.7,0.7,1,,687.6,0
2024-06-22 01:51:05,5,54,22,94,11.2,1008.6,1013.5,0.7,1,,687.6,0
2024-06-22 01:56:05,5,54,22,94,11.2,1008.6,1013.5,0.3,0.7,,687.6,0
2024-06-22 02:01:05,5,54,22,94,11.2,1008.7,1013.6,0.7,1,,687.6,0
2024-06-22 02:06:05,5,54,22,94,11.3,1008.7,1013.6,0,0.3,,687.6,0
2024-06-22 02:11:05,5,54,22,95,11.3,1008.6,1013.5,0.3,0.7,,687.6,0
2024-06-22 02:16:05,5,54,22,95,11.3,1008.9,1013.8,0.3,1,,687.6,0
2024-06-22 02:21:05,5,55,21.9,95,11.3,1008.8,1013.7,1,1.4,,687.6,0
2024-06-22 02:26:05,5,54,22,95,11.3,1008.8,1013.7,0.3,0.3,,687.6,0
2024-06-22 02:32:05,6,54,22,94,11.2,1008.8,1013.7,0.3,0.7,,687.6,0
2024-06-22 02:37:05,5,55,21.9,94,11.1,1008.7,1013.6,0.7,1,,687.6,0
2024-06-22 02:42:05,5,55,21.9,94,11.1,1008.8,1013.7,0.3,0.7,,687.6,0
2024-06-22 02:48:05,6,55,21.9,94,11.3,1008.8,1013.7,1.4,2.4,,687.6,0
2024-06-22 02:53:05,5,55,21.9,94,11.3,1008.7,1013.6,1,1.7,,687.6,0
2024-06-22 02:58:05,5,55,21.9,94,11.3,1008.9,1013.8,1,1.7,,687.6,0
2024-06-22 03:04:05,6,55,21.8,94,11.3,1008.9,1013.8,0.7,1,,687.6,0
2024-06-22 03:09:05,5,55,21.8,94,11.3,1008.6,1013.5,0.7,1,,687.6,0
2024-06-22 03:14:05,5,55,21.8,94,11.2,1008.8,1013.7,0.3,0.7,,687.6,0
2024-06-22 03:20:05,6,55,21.8,94,11.1,1008.7,1013.6,0.3,0.7,,687.6,0
2024-06-22 03:25:05,5,55,21.7,94,11.1,1008.8,1013.7,0.7,1,,687.6,0
2024-06-22 03:30:05,5,55,21.7,94,11.1,1008.6,1013.5,0.3,0.7,,687.6,0
2024-06-22 03:36:05,6,55,21.6,94,11.1,1008.8,1013.7,0.3,0.7,,687.6,0
2024-06-22 03:41:05,5,55,21.5,94,11.1,1008.9,1013.8,0.3,0.7,,687.6,0
2024-06-22 03:46:05,5,55,21.6,93,11,1008.8,1013.7,0,0.3,,687.6,0
2024-06-22 03:52:05,6,55,21.5,93,11,1008.9,1013.8,0.7,1,,687.6,0
2024-06-22 03:57:05,5,55,21.5,93,11.1,1008.9,1013.8,0,0.3,,687.6,0
2024-06-22 04:02:05,5,55,21.5,93,11,1008.6,1013.5,0.3,1,,687.6,0
2024-06-22 04:08:05,6,55,21.4,93,11,1008.9,1013.8,0.3,0.7,,687.6,0
2024-06-22 04:13:05,5,55,21.4,93,11,1009,1013.9,0.7,1,,687.6,0
2024-06-22 04:18:05,5,55,21.5,93,11,1009.1,1014,1,1.7,,687.6,0
2024-06-22 04:24:05,6,55,21.4,93,11,1009.1,1014,0.7,1,,687.6,0
2024-06-22 04:29:05,5,55,21.4,92,11,1009,1013.9,0.7,1.4,,687.6,0
2024-06-22 04:34:05,5,55,21.4,92,11.1,1009.1,1014,0.7,1,,687.6,0
2024-06-22 04:40:05,6,55,21.4,92,11.2,1008.9,1013.8,0.7,1,,687.6,0
2024-06-22 04:45:05,5,55,21.4,92,11.2,1009.1,1014,1,1.4,,687.6,0
2024-06-22 04:50:05,5,55,21.4,92,11.3,1009,1013.9,0.7,1,,687.6,0
2024-06-22 04:56:05,6,55,21.4,92,11.5,1009.2,1014.1,0.7,1.4,,687.6,0
2024-06-22 05:01:05,5,55,21.4,92,11.6,1009.2,1014.1,0.7,1.4,,687.6,0
2024-06-22 05:06:05,5,55,21.4,92,11.6,1009.2,1014.1,0.7,1,,687.6,0
2024-06-22 05:12:05,6,55,21.4,92,11.6,1009.1,1014,0.7,0.7,,687.6,0
2024-06-22 05:17:05,5,55,21.4,92,11.7,1009.1,1014,1,1.4,,687.6,0
2024-06-22 05:22:05,5,55,21.4,92,11.7,1009.3,1014.2,0.7,1,,687.6,0
2024-06-22 05:28:05,6,55,21.4,92,11.9,1009.3,1014.2,0.7,1,,687.6,0
2024-06-22 05:33:05,5,55,21.4,91,11.9,1009.1,1014,1.4,2,,687.6,0
2024-06-22 05:38:05,5,55,21.4,91,11.9,1009.1,1014,0.7,1,,687.6,0
2024-06-22 05:44:05,6,55,21.4,90,12,1009.3,1014.2,1,1.4,,687.6,0
2024-06-22 05:49:05,5,55,21.4,90,12.1,1009.1,1014,0.7,1,,687.6,0
2024-06-22 05:54:05,5,55,21.4,90,12.2,1009.1,1014,1,1.7,,687.6,0
2024-06-22 06:00:05,6,55,21.4,89,12.4,1009.3,1014.2,1.4,2,,687.6,0
2024-06-22 06:05:05,5,56,21.4,85,12.5,1009.3,1014.2,1.4,2,,687.6,0
2024-06-22 06:10:05,5,56,21.4,84,12.6,1009.2,1014.1,1.4,1.7,,687.6,0
2024-06-22 06:16:05,6,56,21.4,84,12.9,1009.2,1014.1,1,1.4,,687.6,0
2024-06-22 06:21:05,5,56,21.4,83,13,1009.3,1014.2,1.7,2,10,687.6,0
2024-06-22 06:26:05,5,56,21.4,82,13.1,1009.3,1014.2,1.7,2.7,10,687.6,0
2024-06-22 06:32:05,6,55,21.4,81,13.1,1009.5,1014.4,1,1.7,10,687.6,0
2024-06-22 06:37:05,5,55,21.4,81,13.2,1009.5,1014.4,0.7,1.4,10,687.6,0
2024-06-22 06:42:05,5,55,21.4,80,13.2,1009.5,1014.4,1.4,2.4,10,687.6,0
2024-06-22 06:48:05,6,55,21.4,80,13.3,1009.5,1014.4,1.4,2.4,10,687.6,0
2024-06-22 06:53:05,5,55,21.4,79,13.4,1009.6,1014.5,2.4,2.7,10,687.6,0
2024-06-22 06:58:05,5,55,21.4,79,13.5,1009.5,1014.4,1,1.4,10,687.6,0
2024-06-22 07:04:05,6,55,21.4,78,13.6,1009.7,1014.6,1,1.7,10,687.6,0
2024-06-22 07:09:05,5,55,21.5,78,13.7,1009.5,1014.4,1,1.4,10,687.6,0
2024-06-22 07:14:05,5,55,21.5,78,13.8,1009.6,1014.5,1,1.4,10,687.6,0
2024-06-22 07:20:05,6,55,21.5,77,13.9,1009.6,1014.5,2,2.7,10,687.6,0
2024-06-22 07:25:05,5,55,21.5,76,14,1009.5,1014.4,1.4,1.7,,687.6,0
2024-06-22 07:30:05,5,55,21.5,76,14.1,1009.5,1014.4,1.4,1.7,,687.6,0
2024-06-22 07:36:05,6,56,21.6,75,14.2,1009.6,1014.5,1.7,2.4,,687.6,0
2024-06-22 07:41:05,5,56,21.6,74,14.3,1009.8,1014.7,1,1.7,,687.6,0
2024-06-22 07:46:05,5,56,21.6,74,14.5,1009.6,1014.5,1.4,2,,687.6,0
2024-06-22 07:52:05,6,56,21.7,72,14.7,1009.7,1014.6,1.4,1.7,14,687.6,0
2024-06-22 07:57:05,5,56,21.7,71,14.7,1009.7,1014.6,2,3.1,0,687.6,0
2024-06-22 08:02:05,5,56,21.8,71,14.7,1009.7,1014.6,1,1.4,0,687.6,0
2024-06-22 08:08:05,6,56,21.8,71,14.8,1009.5,1014.4,2,2.7,0,687.6,0
2024-06-22 08:13:05,5,56,21.7,71,15,1009.5,1014.4,1.4,1.7,0,687.6,0
2024-06-22 08:18:05,5,56,21.7,71,15.4,1009.5,1014.4,1.7,2.4,0,687.6,0
2024-06-22 08:24:05,6,56,21.8,71,15.9,1009.5,1014.4,1,2.7,14,687.6,0
2024-06-22 08:29:05,5,56,21.8,70,16.1,1009.4,1014.3,1.7,2.7,14,687.6,0
2024-06-22 08:34:05,5,56,21.8,70,16.2,1009.4,1014.3,1.7,2.4,14,687.6,0
2024-06-22 08:40:05,6,56,21.9,68,16.2,1009.5,1014.4,1.7,2.4,,687.6,0
2024-06-22 08:45:05,5,56,21.9,68,16.1,1009.5,1014.4,1,1.7,,687.6,0
2024-06-22 08:50:05,5,56,21.8,66,15.8,1009.6,1014.5,1,1.4,10,687.6,0
2024-06-22 08:56:05,6,56,21.9,67,15.9,1009.5,1014.4,1,1.4,10,687.6,0
2024-06-22 09:01:05,5,56,21.9,69,16.1,1009.5,1014.4,1.7,2.4,14,687.6,0
2024-06-22 09:06:05,5,55,22,68,16.1,1009.5,1014.4,1.4,2,14,687.6,0
2024-06-22 09:12:05,6,55,22,70,16.6,1009.5,1014.4,1.4,2,14,687.6,0
2024-06-22 09:17:05,5,55,22,68,16.4,1009.5,1014.4,1,1.4,14,687.6,0
2024-06-22 09:22:05,5,55,22,70,16.6,1009.4,1014.3,1.7,2.4,14,687.6,0
2024-06-22 09:28:05,6,55,22.1,69,16.3,1009.4,1014.3,1.4,2,14,687.6,0
2024-06-22 09:33:05,5,55,22.1,70,16.4,1009.4,1014.3,1,1.7,14,687.6,0
2024-06-22 09:38:05,5,55,22.1,70,16.3,1009.3,1014.2,1,2,,687.6,0
2024-06-22 09:44:05,6,55,22.1,70,16.5,1009.4,1014.3,1,1.4,,687.6,0
2024-06-22 09:49:05,5,55,22.1,70,16.9,1009.5,1014.4,0.7,1,,687.6,0
2024-06-22 09:54:05,5,55,22.2,69,16.9,1009.4,1014.3,1.7,2,,687.6,0
2024-06-22 10:00:05,6,55,22.2,69,17.1,1009.4,1014.3,0.7,1,,687.6,0
2024-06-22 10:05:05,5,55,22.2,69,17.2,1009.3,1014.2,1.7,2,,687.6,0
2024-06-22 10:10:05,5,55,22.2,69,17,1009.2,1014.1,0.7,1.4,,687.6,0
2024-06-22 10:16:05,6,55,22.2,69,17.1,1009.2,1014.1,1.4,1.7,,687.6,0
2024-06-22 10:21:05,5,55,22.2,65,17.5,1009.3,1014.2,1,1.7,,687.6,0
2024-06-22 10:26:05,5,55,22.2,64,17.7,1009.3,1014.2,0.7,1,,687.6,0
2024-06-22 10:32:05,6,54,22.1,65,18,1009.2,1014.1,0.3,1,,687.6,0
2024-06-22 10:37:05,5,54,22.1,65,18.3,1009.3,1014.2,1,1.7,,687.6,0
2024-06-22 10:42:05,5,54,22.1,64,18.2,1009.4,1014.3,1.7,2.4,,687.6,0
2024-06-22 10:48:05,6,54,22.1,64,18.1,1009.5,1014.4,1.4,2,,687.6,0
2024-06-22 10:53:05,5,53,22.1,64,18.2,1009.4,1014.3,1.7,2.7,,687.6,0
2024-06-22 10:58:05,5,53,22.1,63,18,1009.4,1014.3,1.4,2,,687.6,0
2024-06-22 11:04:05,6,52,22.1,64,17.9,1009.5,1014.4,2,3.1,,687.6,0
2024-06-22 11:09:05,5,52,22.1,65,17.9,1009.4,1014.3,1.7,2.4,,687.6,0
2024-06-22 11:14:05,5,52,22,65,17.9,1009.4,1014.3,1,1.4,10,687.6,0
2024-06-22 11:20:05,6,52,22,66,18.4,1009.5,1014.4,1.4,1.7,10,687.6,0
2024-06-22 11:25:05,5,52,22,65,18.3,1009.3,1014.2,1,1.4,10,687.6,0
2024-06-22 11:30:05,5,52,22,66,18.6,1009.5,1014.4,1,1.7,10,687.6,0
2024-06-22 11:36:05,6,53,21.9,66,19.2,1009.5,1014.4,1.7,3.7,10,687.6,0
2024-06-22 11:41:05,5,53,21.9,64,19.3,1009.6,1014.5,1.4,2.4,14,687.6,0
2024-06-22 11:46:05,5,54,21.9,64,19.3,1009.6,1014.5,1.7,2.4,,687.6,0
2024-06-22 11:51:05,5,54,21.9,65,18.7,1009.7,1014.6,1.4,2.4,,687.6,0
2024-06-22 11:56:05,5,54,21.9,65,18.4,1009.6,1014.5,1.4,1.7,,687.6,0
2024-06-22 12:01:05,5,54,21.9,66,18.3,1009.8,1014.7,1,1.4,,687.6,0
2024-06-22 12:06:05,5,54,21.9,66,18.1,1009.8,1014.7,1.4,2,,687.6,0
2024-06-22 12:12:05,6,54,21.9,67,17.8,1010,1014.9,1.4,2.4,,687.6,0
2024-06-22 12:17:05,5,54,21.8,68,17.7,1010,1014.9,1,1.4,,687.6,0
2024-06-22 12:22:05,5,54,21.8,68,17.6,1010.2,1015.1,1.4,2,,687.6,0
2024-06-22 12:28:05,6,54,21.7,70,17.6,1010.1,1015,1,1.4,,687.6,0
2024-06-22 12:33:05,5,55,21.8,70,17.7,1010.1,1015,1.4,2,,687.6,0
2024-06-22 12:38:05,5,55,21.7,70,17.8,1010,1014.9,0.7,1,,687.6,0
2024-06-22 12:43:05,5,55,21.7,70,18.1,1009.9,1014.8,1.7,2,,687.6,0
2024-06-22 12:48:05,5,55,21.7,70,18.2,1010.2,1015.1,1.4,1.7,,687.6,0
2024-06-22 12:53:05,5,56,21.7,70,18.3,1010.1,1015,1.4,1.7,,687.6,0
2024-06-22 12:58:05,5,56,21.6,70,18.4,1010,1014.9,1,1.4,,687.6,0
2024-06-22 13:03:05,5,56,21.5,70,18.2,1010.1,1015,2,2.4,,687.6,0
2024-06-22 13:08:05,5,57,21.6,70,18,1010.2,1015.1,1.7,2.7,10,687.6,0
2024-06-22 13:13:05,5,57,21.5,70,18,1010.2,1015.1,1,1.4,10,687.6,0
2024-06-22 13:18:05,5,57,21.5,71,18,1010.1,1015,1.4,2.4,10,687.6,0
2024-06-22 13:23:05,5,57,21.5,71,18,1010.2,1015.1,0.7,1,10,687.6,0
2024-06-22 13:28:05,5,58,21.4,71,18.3,1010.1,1015,1.4,2,10,687.6,0
2024-06-22 13:33:05,5,58,21.4,71,18.6,1010.2,1015.1,1.4,1.7,10,687.6,0
2024-06-22 13:38:05,5,59,21.5,71,18.6,1010.2,1015.1,1.7,2.4,10,687.6,0
2024-06-22 13:43:05,5,59,21.5,71,18.5,1010.2,1015.1,2.4,3.4,10,687.6,0
2024-06-22 13:48:05,5,59,21.5,71,18.3,1010.2,1015.1,2,2.4,8,687.6,0
2024-06-22 13:53:05,5,59,21.5,72,18.4,1010.2,1015.1,2.4,3.4,8,687.6,0
2024-06-22 13:58:05,5,59,21.5,72,18.4,1010.3,1015.2,1.7,2.4,10,687.6,0
2024-06-22 14:04:05,6,59,21.5,72,18.2,1010.2,1015.1,0.7,1.4,,687.6,0
2024-06-22 14:09:05,5,59,21.5,72,18.2,1010.5,1015.4,1.4,1.7,10,687.6,0
2024-06-22 14:14:05,5,60,21.5,73,18.3,1010.3,1015.2,1.4,2.4,14,687.6,0
2024-06-22 14:19:05,5,60,21.5,73,18.2,1010.4,1015.3,2,2.7,14,687.6,0
2024-06-22 14:24:05,5,60,21.5,73,18,1010.4,1015.3,1.7,2.7,14,687.6,0
2024-06-22 14:29:05,5,60,21.5,74,17.9,1010.5,1015.4,2,2.7,,687.6,0
2024-06-22 14:34:05,5,60,21.5,75,17.8,1010.4,1015.3,2,3.4,,687.6,0
2024-06-22 14:39:05,5,61,21.5,76,17.5,1010.5,1015.4,1.4,1.7,,687.6,0
2024-06-22 14:44:05,5,61,21.5,77,17.5,1010.5,1015.4,1.4,1.7,,687.6,0
2024-06-22 14:49:05,5,61,21.5,78,17.5,1010.6,1015.5,1,1.7,8,687.6,0
2024-06-22 14:54:05,5,61,21.5,78,17.5,1010.6,1015.5,1.7,2,,687.6,0
2024-06-22 14:59:05,5,61,21.5,78,17.5,1010.5,1015.4,1.7,2.7,10,687.6,0
2024-06-22 15:04:05,5,61,21.5,78,17.5,1010.7,1015.6,2,3.4,,687.6,0
2024-06-22 15:09:05,5,61,21.4,81,17.4,1010.6,1015.5,2.4,3.4,10,687.6,0
2024-06-22 15:14:05,5,62,21.4,81,17.3,1010.7,1015.6,2,2.4,8,687.6,0
2024-06-22 15:19:05,5,62,21.4,82,17.1,1010.6,1015.5,1.4,2,,687.6,0
2024-06-22 15:24:05,5,62,21.4,83,17,1010.6,1015.5,1.7,2.4,10,687.6,0
2024-06-22 15:29:05,5,62,21.4,84,16.9,1010.8,1015.7,1.7,2.7,,687.6,0
2024-06-22 15:34:05,5,63,21.4,85,16.8,1010.8,1015.7,1.4,2,,687.6,0
2024-06-22 15:39:05,5,63,21.4,86,16.8,1010.8,1015.7,1.4,2,8,687.6,0
2024-06-22 15:44:05,5,63,21.4,86,16.8,1011,1015.9,2.7,3.7,8,687.6,0
2024-06-22 15:49:05,5,63,21.4,86,16.7,1010.8,1015.7,1.7,2.4,8,687.6,0
2024-06-22 15:54:05,5,63,21.4,86,16.7,1010.9,1015.8,1.4,2.4,8,687.6,0
2024-06-22 15:59:05,5,63,21.4,86,16.7,1010.9,1015.8,2.4,3.1,8,687.6,0
2024-06-22 16:04:05,5,63,21.1,86,16.6,1010.9,1015.8,2,3.1,10,687.6,0
2024-06-22 16:09:05,5,63,21.1,86,16.5,1010.9,1015.8,2.7,4.1,8,687.6,0
2024-06-22 16:14:05,5,63,21.1,86,16.4,1010.9,1015.8,1.7,3.1,8,687.6,0
2024-06-22 16:19:05,5,63,21,86,16.3,1010.8,1015.7,1.7,2.4,10,687.6,0
2024-06-22 16:24:05,5,63,21.1,86,16.3,1010.9,1015.8,2,3.1,8,687.6,0
2024-06-22 16:29:05,5,63,21,86,16.2,1011,1015.9,2,2.7,8,687.6,0
2024-06-22 16:34:05,5,63,21.1,87,16.1,1011,1015.9,2.4,3.1,10,687.6,0
2024-06-22 16:39:05,5,63,21.1,87,16.1,1011.2,1016.1,1.4,2.4,8,687.6,0
2024-06-22 16:44:05,5,63,21.1,88,16.1,1011.1,1016,2.4,3.1,8,687.6,0
2024-06-22 16:49:05,5,63,21.1,88,16.1,1011.1,1016,2.7,3.4,10,687.6,0
2024-06-22 16:54:05,5,63,21.1,89,16,1011.2,1016.1,1.7,2.4,10,687.6,0
2024-06-22 16:59:05,5,63,21.1,90,16,1011.3,1016.2,1.7,2.4,10,687.6,0
2024-06-22 17:04:05,5,63,21,90,15.9,1011.4,1016.3,2,3.1,10,687.6,0
2024-06-22 17:09:05,5,63,21,90,15.9,1011.4,1016.3,2.7,3.4,10,687.6,0
2024-06-22 17:14:05,5,63,21.3,91,16,1011.6,1016.5,1.4,1.7,10,687.6,0
2024-06-22 17:19:05,5,63,21.4,91,16,1011.4,1016.3,2.4,3.1,10,687.6,0
2024-06-22 17:24:05,5,63,21.4,91,15.9,1011.7,1016.6,2,3.4,8,687.6,0
2024-06-22 17:29:05,5,63,21.4,91,15.9,1011.5,1016.4,1.4,1.7,8,687.6,0
2024-06-22 17:34:05,5,63,21.4,92,15.8,1011.7,1016.6,1.4,2,8,687.6,0
2024-06-22 17:40:05,6,63,21.4,92,15.8,1011.9,1016.8,1,1.4,8,687.6,0
2024-06-22 17:45:05,5,63,21.4,92,15.7,1011.9,1016.8,1,1.4,10,687.6,0
2024-06-22 17:50:05,5,63,21.4,92,15.6,1011.9,1016.8,1,1.4,14,687.6,0
2024-06-22 17:55:05,5,63,21.3,92,15.6,1011.9,1016.8,1,1.7,14,687.6,0
2024-06-22 18:00:05,5,63,21.4,92,15.5,1012,1016.9,0.7,1,14,687.6,0
2024-06-22 18:05:05,5,63,21.4,92,15.4,1012.2,1017.1,1,1.7,14,687.6,0
2024-06-22 18:10:05,5,63,21.3,92,15.2,1012,1016.9,1.7,2,14,687.6,0
2024-06-22 18:15:05,5,63,21.4,92,15.1,1012,1016.9,1,1.4,,687.6,0
2024-06-22 18:20:05,5,63,21.4,93,15.1,1012.2,1017.1,1.4,2,14,687.6,0
2024-06-22 18:25:05,5,63,21.4,93,15.1,1012.2,1017.1,0.7,1.4,14,687.6,0
2024-06-22 18:30:05,5,63,21.4,93,15.1,1012.2,1017.1,1,1.7,14,687.6,0
2024-06-22 18:35:05,5,63,21.4,93,15.1,1012.3,1017.2,0.7,1.7,,687.6,0
2024-06-22 18:40:05,5,63,21.4,93,15.1,1012.3,1017.2,1,1.4,13,687.6,0
2024-06-22 18:45:05,5,63,21.4,93,15.2,1012.5,1017.4,0.7,1,13,687.6,0
2024-06-22 18:50:05,5,63,21.4,94,15.2,1012.3,1017.2,1,1.7,14,687.6,0
2024-06-22 18:55:05,5,63,21.4,94,15.2,1012.5,1017.4,1.4,2.4,13,687.6,0
2024-06-22 19:00:05,5,64,21.3,94,15.1,1012.6,1017.5,1.4,2,13,687.6,0
2024-06-22 19:05:05,5,64,21.4,94,15.1,1012.6,1017.5,1,1.7,13,687.6,0
2024-06-22 19:10:05,5,64,21.3,94,15.1,1012.7,1017.6,1,1.4,,687.6,0
2024-06-22 19:15:05,5,64,21.3,94,15.1,1012.7,1017.6,1.7,2,14,687.6,0
2024-06-22 19:20:05,5,64,21.3,94,15.1,1012.9,1017.8,1.4,1.7,14,687.6,0
2024-06-22 19:25:05,5,64,21.3,94,14.9,1012.8,1017.7,1.4,1.7,13,687.6,0
2024-06-22 19:30:05,5,64,21.3,94,14.8,1013,1017.9,0.7,1,13,687.6,0
2024-06-22 19:35:05,5,64,21.4,94,14.8,1013.1,1018,1,1.7,,687.6,0
2024-06-22 19:40:05,5,64,21.4,93,14.8,1013.1,1018,1,1.4,,687.6,0
2024-06-22 19:45:05,5,64,21.4,93,14.7,1013.1,1018,0.7,1.4,13,687.6,0
2024-06-22 19:50:05,5,64,21.4,94,14.7,1013.3,1018.2,0.3,1,14,687.6,0
2024-06-22 19:55:05,5,64,21.4,93,14.7,1013.2,1018.1,0.7,1,13,687.6,0
2024-06-22 20:00:05,5,64,21.3,93,14.6,1013.4,1018.3,0.3,1,,687.6,0
2024-06-22 20:05:05,5,64,21.4,93,14.6,1013.3,1018.2,0.7,1,,687.6,0
2024-06-22 20:10:05,5,64,21.3,93,14.5,1013.3,1018.2,0.3,1,13,687.6,0
2024-06-22 20:15:05,5,64,21.3,93,14.5,1013.4,1018.3,0.3,1,13,687.6,0
2024-06-22 20:20:05,5,64,21.3,93,14.4,1013.4,1018.3,0.3,0.7,13,687.6,0
2024-06-22 20:25:05,5,64,21.3,93,14.3,1013.6,1018.5,0,0.7,13,687.6,0
2024-06-22 20:30:05,5,64,21.4,93,14.3,1013.6,1018.5,0.3,0.7,,687.6,0
2024-06-22 20:35:05,5,64,21.3,93,14.2,1013.9,1018.8,0,0,,687.6,0
2024-06-22 20:40:05,5,63,21.4,93,14.1,1013.9,1018.8,0,0.3,13,687.6,0
2024-06-22 20:45:05,5,63,21.4,93,14.1,1014,1018.9,0,0.7,13,687.6,0
2024-06-22 20:50:05,5,62,21.1,93,14,1014.2,1019.1,0,0.3,13,687.6,0
2024-06-22 20:55:05,5,62,21.1,93,13.9,1014.2,1019.1,0,0.3,13,687.6,0
2024-06-22 21:00:05,5,61,21.1,93,13.9,1014.2,1019.1,0,0,14,687.6,0
2024-06-22 21:05:05,5,61,21.1,93,13.8,1014.4,1019.3,0,0.3,10,687.6,0
2024-06-22 21:10:05,5,61,21.1,93,13.7,1014.4,1019.3,0,0.7,10,687.6,0
2024-06-22 21:15:05,5,61,21.1,93,13.6,1014.6,1019.5,0,0,14,687.6,0
2024-06-22 21:20:05,5,61,21.1,93,13.4,1014.7,1019.6,0,0,,687.6,0
2024-06-22 21:25:05,5,61,21.1,93,13.3,1014.5,1019.4,0,0.3,14,687.6,0
2024-06-22 21:30:05,5,61,21.1,93,13.2,1014.4,1019.3,0,0.3,14,687.6,0
2024-06-22 21:35:05,5,61,21,93,13.2,1014.6,1019.5,0,0,,687.6,0
2024-06-22 21:40:05,5,60,21.1,93,13.2,1014.7,1019.6,0,0.3,,687.6,0
2024-06-22 21:45:05,5,61,21,92,13.2,1014.8,1019.7,0,0.3,14,687.6,0
2024-06-22 21:50:05,5,61,21,92,13.2,1015,1019.9,0.3,0.3,,687.6,0
2024-06-22 21:55:05,5,61,21,92,13.2,1015,1019.9,0,0.7,14,687.6,0
2024-06-22 22:00:05,5,61,21,92,13.2,1015,1019.9,0.3,0.3,,687.6,0
2024-06-22 22:05:05,5,61,21,91,13.2,1015.1,1020,0,0.3,13,687.6,0
2024-06-22 22:10:05,5,61,21,91,13.1,1015,1019.9,0.3,0.7,,687.6,0
2024-06-22 22:15:05,5,61,21,90,13,1015,1019.9,0.7,1,13,687.6,0
2024-06-22 22:20:05,5,61,21,89,13,1015.2,1020.1,0.7,1.4,13,687.6,0
2024-06-22 22:25:05,5,61,21,88,12.9,1015.1,1020,1.4,2,13,687.6,0
2024-06-22 22:30:05,5,61,21,86,12.9,1015.2,1020.1,0.7,1,13,687.6,0
2024-06-22 22:35:05,5,61,21,85,12.8,1015.2,1020.1,1,1.4,,687.6,0
2024-06-22 22:40:05,5,61,21,85,12.8,1015.2,1020.1,0.7,1,13,687.6,0
2024-06-22 22:45:05,5,61,21,84,12.8,1015.3,1020.2,1,1.4,14,687.6,0
2024-06-22 22:50:05,5,61,21,83,12.7,1015.2,1020.1,0.3,0.3,,687.6,0
2024-06-22 22:55:05,5,61,21,83,12.7,1015.4,1020.3,0.3,0.7,14,687.6,0
2024-06-22 23:00:05,5,61,21,83,12.7,1015.3,1020.2,0.3,0.7,,687.6,0
2024-06-22 23:05:05,5,61,21,82,12.7,1015.3,1020.2,0.7,1.4,,687.6,0
2024-06-22 23:10:05,5,61,21,82,12.6,1015.4,1020.3,0.7,1,,687.6,0
2024-06-22 23:15:05,5,61,21,82,12.5,1015.4,1020.3,0.7,1.4,,687.6,0
2024-06-22 23:20:05,5,61,21,82,12.5,1015.4,1020.3,1,1.4,,687.6,0
2024-06-22 23:25:05,5,61,21,81,12.5,1015.3,1020.2,0.7,1.4,,687.6,0
2024-06-22 23:30:05,5,61,21,81,12.5,1015.5,1020.4,0.7,1,,687.6,0
2024-06-22 23:35:05,5,61,21,81,12.5,1015.4,1020.3,1,1.4,,687.6,0
2024-06-22 23:40:05,5,61,20.9,80,12.5,1015.4,1020.3,0.7,1,,687.6,0
2024-06-22 23:45:05,5,61,20.9,83,12.4,1015.5,1020.4,0.3,0.7,,687.6,0
2024-06-22 23:50:05,5,60,20.9,83,12.4,1015.5,1020.4,0.7,1,,687.6,0
2024-06-22 23:55:05,5,60,20.9,83,12.3,1015.5,1020.4,0.7,1,,687.6,0
