2020-11-15 00:00:43,5,59,21.2,84,9,982.8,987.7,1.7,2.7,10,1047.9,0
2020-11-15 00:05:43,5,59,21.2,85,9,982.8,987.7,1.4,2,4,1047.9,0
2020-11-15 00:11:43,6,59,21.2,85,8.9,982.7,987.6,1.7,2.7,,1047.9,0
2020-11-15 00:16:43,5,59,21.2,85,8.9,982.5,987.4,2,2.7,10,1047.9,0
2020-11-15 00:21:43,5,59,21.2,85,9,982.4,987.3,2.4,3.1,10,1047.9,0
2020-11-15 00:27:43,6,59,21.2,85,9,982.4,987.3,1.7,2.7,4,1047.9,0
2020-11-15 00:32:43,5,59,21.1,85,9.1,982.3,987.2,2,3.1,,1047.9,0
2020-11-15 00:37:43,5,59,21.1,85,9.1,982.3,987.2,2,3.1,2,1047.9,0
2020-11-15 00:43:43,6,59,21.1,85,9,982.3,987.2,1.4,2,14,1047.9,0
2020-11-15 00:48:43,5,59,21,85,9.1,982.4,987.3,1.7,3.7,4,1047.9,0
2020-11-15 00:53:43,5,59,21,86,9.2,982.2,987.1,2,2.4,4,1047.9,0
2020-11-15 00:59:43,6,59,21,86,9.2,981.9,986.8,2.4,3.1,4,1047.9,0
2020-11-15 01:04:43,5,60,20.9,86,9.3,981.9,986.8,2.7,3.7,4,1047.9,0
2020-11-15 01:09:43,5,60,20.9,86,9.3,981.8,986.7,3.1,4.1,4,1047.9,0
2020-11-15 01:15:43,6,60,20.9,86,9.4,981.7,986.6,2,3.1,,1047.9,0
2020-11-15 01:20:43,5,60,20.9,86,9.4,981.7,986.6,3.1,4.1,,1047.9,0
2020-11-15 01:25:43,5,60,20.8,86,9.3,981.6,986.5,1.7,2.4,,1047.9,0
2020-11-15 01:31:43,6,60,20.8,85,9.4,981.3,986.2,2.7,3.1,4,1047.9,0
2020-11-15 01:36:43,5,60,20.8,85,9.3,981.3,986.2,2.4,3.1,,1047.9,0
2020-11-15 01:41:43,5,60,20.8,85,9.2,981.2,986.1,2.7,3.1,,1047.9,0
2020-11-15 01:47:43,6,60,20.8,85,9,980.9,985.8,2.4,3.1,,1047.9,0
2020-11-15 01:52:43,5,60,20.7,85,9,980.8,985.7,2,2.7,4,1047.9,0
2020-11-15 01:57:43,5,60,20.7,85,9,980.8,985.7,2,3.1,,1047.9,0
2020-11-15 02:03:43,6,60,20.7,85,9.1,980.7,985.6,3.4,4.1,,1047.9,0
2020-11-15 02:08:43,5,60,20.7,86,9.2,980.5,985.4,3.1,4.1,4,1047.9,0
2020-11-15 02:13:43,5,60,20.6,86,9.4,980.6,985.5,2.7,3.4,,1047.9,0
2020-11-15 02:19:43,6,60,20.6,86,9.5,980.5,985.4,4.1,5.1,4,1047.9,0
2020-11-15 02:24:43,5,60,20.6,86,9.4,980.2,985.1,3.1,3.7,,1047.9,0
2020-11-15 02:29:43,5,60,20.6,86,9.4,980.2,985.1,2.4,3.1,14,1047.9,0
2020-11-15 02:35:43,6,60,20.6,86,9.4,980.1,985,3.7,4.4,,1047.9,0
2020-11-15 02:40:43,5,60,20.6,86,9.5,980.1,985,2.4,3.4,,1047.9,0
2020-11-15 02:45:43,5,60,20.6,86,9.5,980,984.9,3.4,5.1,,1048.2,0
2020-11-15 02:51:43,6,60,20.5,87,9.6,979.6,984.5,2.7,3.7,4,1048.2,0
2020-11-15 02:56:43,5,60,20.5,87,9.7,979.6,984.5,1.7,2.7,10,1048.2,0
2020-11-15 03:01:43,5,60,20.5,87,9.8,979.6,984.5,3.1,4.4,10,1048.2,0
2020-11-15 03:07:43,6,60,20.5,87,9.7,979.5,984.4,2.7,3.1,9,1048.2,0
2020-11-15 03:12:43,5,60,20.5,87,9.6,979.7,984.6,1.4,2.4,10,1048.2,0
2020-11-15 03:17:43,5,60,20.5,86,9.6,979.5,984.4,1.4,1.7,12,1048.2,0
2020-11-15 03:23:43,6,60,20.4,86,9.6,979.6,984.5,2.7,3.4,12,1048.2,0
2020-11-15 03:28:43,5,60,20.4,85,9.6,979.6,984.5,2,3.7,12,1048.2,0
2020-11-15 03:33:43,5,60,20.4,84,9.6,979.6,984.5,4.1,6.8,10,1048.2,0
2020-11-15 03:39:43,6,60,20.4,83,9.5,979.6,984.5,3.4,4.8,10,1048.2,0
2020-11-15 03:44:43,5,60,20.4,82,9.4,979.3,984.2,2.7,3.4,10,1048.2,0
2020-11-15 03:49:43,5,60,20.4,83,9.3,979.3,984.2,2.7,3.7,10,1048.2,0
2020-11-15 03:55:43,6,60,20.4,83,9.2,979.3,984.2,3.1,4.1,10,1048.2,0
2020-11-15 04:00:43,5,60,20.4,83,9,979.2,984.1,3.1,3.4,10,1048.2,0
2020-11-15 04:05:43,5,60,20.3,83,8.9,979.3,984.2,2.4,2.7,10,1048.2,0
2020-11-15 04:11:43,6,60,20.3,83,8.8,979.3,984.2,2,2.7,1,1048.2,0
2020-11-15 04:16:43,5,60,20.3,84,8.8,979.4,984.3,2.4,3.4,10,1048.2,0
2020-11-15 04:21:43,5,60,20.3,84,8.8,979.2,984.1,3.7,4.8,10,1048.2,0
2020-11-15 04:27:43,6,60,20.3,84,8.8,979.1,984,2.7,3.7,10,1048.2,0
2020-11-15 04:32:43,5,60,20.3,84,8.9,979.1,984,3.1,3.7,10,1048.2,0
2020-11-15 04:37:43,5,60,20.2,84,8.8,979.2,984.1,4.4,5.1,10,1048.2,0
2020-11-15 04:43:43,6,60,20.3,83,8.8,978.9,983.8,3.7,5.1,8,1048.2,0
2020-11-15 04:48:43,5,60,20.3,82,8.7,979.1,984,4.1,5.4,8,1048.2,0
2020-11-15 04:53:43,5,60,20.3,82,8.6,979,983.9,3.4,4.4,10,1048.2,0
2020-11-15 04:59:43,6,60,20.2,82,8.5,978.8,983.7,2.4,2.7,8,1048.2,0
2020-11-15 05:04:43,5,60,20.2,82,8.4,978.6,983.5,2.4,2.7,10,1048.2,0
2020-11-15 05:09:43,5,60,20.2,82,8.3,978.6,983.5,4.1,5.4,10,1048.2,0
2020-11-15 05:15:43,6,60,20.2,83,8.2,978.4,983.3,2.7,3.7,12,1048.2,0
2020-11-15 05:20:43,5,60,20.1,83,8.2,978.4,983.3,3.4,4.1,10,1048.2,0
2020-11-15 05:25:43,5,60,20.1,83,8.1,978.4,983.3,2.4,3.1,10,1048.2,0
2020-11-15 05:31:43,6,60,20.1,83,8.1,978.4,983.3,2.4,3.1,10,1048.2,0
2020-11-15 05:36:43,5,60,20.2,83,8.1,978.4,983.3,3.1,4.4,10,1048.2,0
2020-11-15 05:41:43,5,60,20.1,84,8.1,978.5,983.4,3.7,4.4,8,1048.2,0
2020-11-15 05:47:43,6,60,20.1,84,8.2,978.4,983.3,4.8,6.1,10,1048.2,0
2020-11-15 05:52:43,5,60,20.1,83,8.3,978.5,983.4,3.7,4.8,10,1048.2,0
2020-11-15 05:57:43,5,60,20.1,83,8.2,978.4,983.3,3.7,5.1,10,1048.2,0
2020-11-15 06:03:43,6,60,20.1,82,8.1,978.4,983.3,4.8,5.8,10,1048.2,0
2020-11-15 06:08:43,5,60,20.1,81,8.1,978.4,983.3,4.4,4.8,10,1048.2,0
2020-11-15 06:13:43,5,60,20.1,81,8,978.4,983.3,4.1,4.8,8,1048.2,0
2020-11-15 06:19:43,6,59,20.1,81,7.8,978.3,983.2,2.7,3.4,10,1048.2,0
2020-11-15 06:24:43,5,59,20.1,81,7.7,978.5,983.4,4.4,6.1,12,1048.2,0
2020-11-15 06:29:43,5,59,20,81,7.6,978.3,983.2,2.7,4.8,10,1048.2,0
2020-11-15 06:35:43,6,59,20,81,7.6,978.2,983.1,4.4,6.1,10,1048.2,0
2020-11-15 06:40:43,5,59,20,81,7.6,978.4,983.3,3.7,5.1,12,1048.2,0
2020-11-15 06:45:43,5,59,20,82,7.5,978.3,983.2,4.1,5.4,10,1048.2,0
2020-11-15 06:51:43,6,59,20,82,7.5,978.4,983.3,3.1,3.4,12,1048.2,0
2020-11-15 06:56:43,5,59,20,82,7.5,978.2,983.1,3.7,5.4,10,1048.2,0
2020-11-15 07:01:43,5,59,20,83,7.5,978.2,983.1,3.1,3.7,10,1048.2,0
2020-11-15 07:07:43,6,59,20,89,7.4,978.3,983.2,4.1,4.8,10,1048.2,0
2020-11-15 07:12:43,5,59,20,90,7.3,978.4,983.3,3.1,4.1,10,1048.2,0
2020-11-15 07:17:43,5,59,20,90,7.1,978.3,983.2,3.1,4.4,12,1048.2,0
2020-11-15 07:23:43,6,60,19.9,90,6.9,978.3,983.2,3.4,4.8,10,1048.2,0
2020-11-15 07:28:43,5,60,19.9,90,6.8,978.4,983.3,1.7,2.4,10,1048.2,0
2020-11-15 07:33:43,5,60,19.9,90,6.9,978.5,983.4,2.4,3.1,10,1048.2,0
2020-11-15 07:39:43,6,60,19.9,90,6.9,978.8,983.7,2.4,3.1,10,1048.2,0
2020-11-15 07:44:43,5,60,19.9,90,7,978.8,983.7,2.4,3.1,10,1048.2,0
2020-11-15 07:49:43,5,60,19.9,90,7,978.9,983.8,2.7,4.1,14,1048.2,0
2020-11-15 07:55:43,6,59,19.9,89,7,979,983.9,2,2.7,12,1048.2,0
2020-11-15 08:00:43,5,59,19.9,89,7,979,983.9,2.4,3.1,10,1048.2,0
2020-11-15 08:05:43,5,59,19.8,90,6.9,978.9,983.8,3.4,4.4,12,1048.2,0
2020-11-15 08:11:43,6,59,19.8,90,6.9,979.1,984,2.4,3.7,10,1048.2,0
2020-11-15 08:16:43,5,59,19.8,90,6.9,979.3,984.2,2.4,3.1,12,1048.2,0
2020-11-15 08:21:43,5,59,19.8,90,6.9,979.2,984.1,3.4,4.4,13,1048.2,0
2020-11-15 08:27:43,6,59,19.8,90,6.9,979.5,984.4,2.7,3.7,8,1048.2,0
2020-11-15 08:32:43,5,59,19.7,90,6.9,979.6,984.5,2.7,3.7,12,1048.2,0
2020-11-15 08:37:43,5,59,19.8,90,6.9,979.4,984.3,2.7,3.4,12,1048.2,0
2020-11-15 08:43:43,6,59,19.8,90,7,979.7,984.6,3.4,4.8,12,1048.2,0
2020-11-15 08:48:43,5,59,19.8,90,7.1,979.9,984.8,4.1,4.8,10,1048.2,0
2020-11-15 08:53:43,5,59,19.7,90,7.1,980,984.9,4.4,6.8,12,1048.2,0
2020-11-15 08:59:43,6,59,19.7,88,7,980.1,985,2.7,3.7,12,1048.5,0
2020-11-15 09:04:43,5,59,19.7,87,6.9,980,984.9,4.8,5.8,12,1048.5,0
2020-11-15 09:09:43,5,59,19.7,87,6.7,980.2,985.1,3.1,4.1,12,1048.5,0
2020-11-15 09:15:43,6,59,19.7,87,6.6,980.2,985.1,2.7,3.7,12,1048.5,0
2020-11-15 09:20:43,5,59,19.7,87,6.6,980.3,985.2,2.4,3.1,12,1048.5,0
2020-11-15 09:25:43,5,59,19.7,87,6.5,980.4,985.3,4.4,5.4,12,1048.5,0
2020-11-15 09:31:43,6,59,19.7,87,6.5,980.4,985.3,3.1,4.8,14,1048.5,0
2020-11-15 09:36:43,5,59,19.7,88,6.5,980.3,985.2,3.1,3.7,12,1048.5,0
2020-11-15 09:41:43,5,59,19.6,88,6.6,980.2,985.1,3.7,5.1,2,1048.5,0
2020-11-15 09:47:43,6,59,19.6,89,6.5,980.3,985.2,2,2.4,12,1048.5,0
2020-11-15 09:52:43,5,59,19.6,89,6.5,980.4,985.3,3.4,4.4,10,1048.8,0
2020-11-15 09:57:43,5,59,19.6,90,6.5,980.2,985.1,2.4,4.1,12,1048.8,0
2020-11-15 10:03:43,6,59,19.7,90,6.6,980.2,985.1,3.7,4.4,8,1048.8,0
2020-11-15 10:08:43,5,59,19.6,90,6.6,980.4,985.3,3.7,4.8,10,1048.8,0
2020-11-15 10:13:43,5,58,19.6,91,6.5,980.5,985.4,2.4,3.7,10,1048.8,0
2020-11-15 10:19:43,6,58,19.6,91,6.5,980.5,985.4,2.7,3.4,8,1048.8,0
2020-11-15 10:24:43,5,58,19.7,91,6.5,980.5,985.4,2.7,4.1,12,1048.8,0
2020-11-15 10:29:43,5,58,19.6,91,6.6,980.4,985.3,2.7,3.7,10,1048.8,0
2020-11-15 10:35:43,6,58,19.6,92,6.7,980.6,985.5,3.4,4.1,10,1048.8,0
2020-11-15 10:40:43,5,58,19.6,92,6.7,980.6,985.5,3.1,4.1,8,1049.1,0
2020-11-15 10:45:43,5,58,19.6,92,6.7,980.9,985.8,3.7,4.4,10,1049.1,0
2020-11-15 10:51:43,6,58,19.6,92,6.7,981,985.9,2.4,3.4,10,1049.1,0
2020-11-15 10:56:43,5,58,19.6,92,6.9,981.3,986.2,2.4,3.4,12,1049.1,0
2020-11-15 11:01:43,5,58,19.6,93,7.4,981.3,986.2,1.7,2.7,12,1049.1,0
2020-11-15 11:07:43,6,58,19.6,90,8.1,981.5,986.4,4.4,5.8,12,1049.1,0
2020-11-15 11:12:43,5,58,19.6,90,8.2,981.6,986.5,3.4,4.1,12,1049.1,0
2020-11-15 11:17:43,5,58,19.6,90,8.2,981.6,986.5,3.7,4.8,12,1049.1,0
2020-11-15 11:23:43,6,58,19.6,90,8.2,981.8,986.7,3.1,3.7,12,1049.1,0
2020-11-15 11:28:43,5,58,19.6,90,8.4,982,986.9,2.7,3.7,10,1049.1,0
2020-11-15 11:33:43,5,58,19.6,90,8.5,982.3,987.2,3.4,4.4,12,1049.1,0
2020-11-15 11:39:43,6,58,19.6,90,8.5,982.3,987.2,3.4,4.8,12,1049.1,0
2020-11-15 11:44:43,5,59,19.6,90,8.4,982.3,987.2,4.1,5.1,12,1049.1,0
2020-11-15 11:49:43,5,59,19.6,90,8.4,982.4,987.3,2.7,3.4,12,1049.1,0
2020-11-15 11:55:43,6,61,19.7,90,8.5,982.8,987.7,3.7,5.4,12,1049.1,0
2020-11-15 12:00:43,5,61,19.7,90,8.5,982.8,987.7,4.4,5.4,13,1049.1,0
2020-11-15 12:05:43,5,61,19.7,90,8.6,982.6,987.5,4.4,5.1,10,1049.4,0
2020-11-15 12:11:43,6,61,19.7,90,8.7,982.9,987.8,6.1,7.5,12,1049.4,0
2020-11-15 12:16:43,5,61,19.7,90,8.8,983.1,988,2.7,3.7,10,1049.4,0
2020-11-15 12:21:43,5,61,19.7,90,8.8,983.2,988.1,3.4,4.4,10,1049.4,0
2020-11-15 12:27:43,6,61,19.7,90,8.9,983.3,988.2,4.8,5.8,12,1049.4,0
2020-11-15 12:32:43,5,61,19.7,90,9,983.3,988.2,2.4,3.1,12,1049.4,0
2020-11-15 12:37:43,5,61,19.7,90,9,983.5,988.4,4.1,4.8,12,1049.4,0
2020-11-15 12:43:43,6,62,19.7,89,9.1,983.5,988.4,3.4,4.4,12,1049.4,0
2020-11-15 12:48:43,5,62,19.7,89,9.1,983.7,988.6,4.1,5.4,12,1049.4,0
2020-11-15 12:53:43,5,62,19.8,88,9,983.9,988.8,5.4,6.8,12,1049.4,0
2020-11-15 12:58:43,5,62,19.7,86,9,983.8,988.7,5.4,6.8,12,1049.4,0
2020-11-15 13:03:43,5,62,19.7,84,9,984,988.9,4.1,5.4,12,1049.4,0
2020-11-15 13:08:43,5,62,19.7,83,9,984.1,989,3.4,4.1,12,1049.4,0
2020-11-15 13:13:43,5,62,19.7,83,9.1,984.2,989.1,3.1,4.8,12,1049.4,0
2020-11-15 13:19:43,6,62,19.7,82,9.2,984.4,989.3,2.4,3.1,10,1049.4,0
2020-11-15 13:24:43,5,62,19.7,82,9.3,984.4,989.3,3.7,4.8,10,1049.4,0
2020-11-15 13:29:43,5,62,19.8,82,9.5,984.6,989.5,3.1,3.7,10,1049.4,0
2020-11-15 13:34:43,5,62,19.8,83,9.5,984.7,989.6,3.4,4.4,12,1049.4,0
2020-11-15 13:39:43,5,62,19.8,83,9.5,984.7,989.6,4.1,4.8,12,1049.4,0
2020-11-15 13:44:43,5,61,19.8,83,9.6,985,989.9,4.4,6.1,12,1049.4,0
2020-11-15 13:49:43,5,59,19.7,83,9.6,985,989.9,2.4,3.4,12,1049.4,0
2020-11-15 13:54:43,5,58,19.7,83,9.7,985.1,990,3.4,4.1,12,1049.4,0
2020-11-15 13:59:43,5,58,19.7,83,9.8,985.2,990.1,3.7,4.8,10,1049.4,0
2020-11-15 14:04:43,5,58,19.7,83,9.8,985.2,990.1,3.1,3.7,12,1049.4,0
2020-11-15 14:09:43,5,58,19.7,83,9.9,985.3,990.2,3.7,4.4,10,1049.4,0
2020-11-15 14:14:43,5,59,19.7,82,10,985.4,990.3,3.4,4.4,12,1049.4,0
2020-11-15 14:19:43,5,59,19.8,82,10.5,985.6,990.5,3.7,5.1,12,1049.4,0
2020-11-15 14:24:43,5,59,19.7,81,10.6,985.6,990.5,4.1,6.1,12,1049.4,0
2020-11-15 14:29:43,5,59,19.8,78,11,985.5,990.4,5.4,6.5,12,1049.4,0
2020-11-15 14:34:43,5,59,19.9,75,11.1,985.6,990.5,4.4,6.8,12,1049.4,0
2020-11-15 14:39:43,5,59,19.9,74,11,985.8,990.7,3.4,4.1,12,1049.4,0
2020-11-15 14:44:43,5,58,20,74,10.9,986,990.9,3.4,4.8,12,1049.4,0
2020-11-15 14:49:43,5,59,20.1,74,10.8,986,990.9,4.4,5.8,12,1049.4,0
2020-11-15 14:54:43,5,59,20.2,74,10.7,986.3,991.2,2.7,3.7,12,1049.4,0
2020-11-15 14:59:43,5,58,20.2,75,10.6,986.3,991.2,2.4,3.7,12,1049.4,0
2020-11-15 15:04:43,5,58,20.2,76,10.6,986.6,991.5,2.7,4.1,12,1049.4,0
2020-11-15 15:09:43,5,58,20.2,77,10.8,986.4,991.3,3.4,4.1,12,1049.4,0
2020-11-15 15:14:43,5,58,20.3,76,10.8,986.9,991.8,4.8,5.8,12,1049.4,0
2020-11-15 15:19:43,5,58,20.3,75,10.6,986.9,991.8,3.4,4.8,14,1049.4,0
2020-11-15 15:24:43,5,58,20.2,76,10.5,987,991.9,2.7,3.1,12,1049.4,0
2020-11-15 15:29:43,5,58,20.2,76,10.5,987,991.9,2.7,3.4,12,1049.4,0
2020-11-15 15:34:43,5,58,20.2,76,10.5,987.3,992.2,2.4,2.7,10,1049.4,0
2020-11-15 15:39:43,5,58,20.2,76,10.4,987.5,992.4,3.7,4.4,10,1049.4,0
2020-11-15 15:44:43,5,58,20.2,76,10.3,987.7,992.6,3.7,4.1,14,1049.4,0
2020-11-15 15:49:43,5,57,20.1,77,10.2,987.7,992.6,3.4,3.7,9,1049.4,0
2020-11-15 15:54:43,5,57,20.2,78,10.1,988,992.9,2.4,3.1,10,1049.4,0
2020-11-15 15:59:43,5,57,20.1,79,10.1,988,992.9,4.4,5.1,12,1049.4,0
2020-11-15 16:04:43,5,57,20.1,80,10.2,988.1,993,3.1,4.1,12,1049.4,0
2020-11-15 16:09:43,5,57,20.1,80,10.2,988.1,993,3.4,4.1,10,1049.4,0
2020-11-15 16:15:43,6,57,20,80,10,988,992.9,3.7,4.4,12,1049.4,0
2020-11-15 16:20:43,5,56,20,80,9.9,988.4,993.3,3.1,4.1,10,1049.4,0
2020-11-15 16:25:43,5,56,20,80,9.8,988.4,993.3,3.1,4.1,12,1049.4,0
2020-11-15 16:30:43,5,57,19.9,81,9.8,988.5,993.4,3.1,4.1,12,1049.4,0
2020-11-15 16:35:43,5,57,19.9,81,9.9,988.6,993.5,4.1,5.1,12,1049.4,0
2020-11-15 16:40:43,5,57,19.9,81,10,988.9,993.8,3.7,5.1,12,1049.4,0
2020-11-15 16:45:43,5,57,19.9,82,10.1,989,993.9,4.1,5.1,12,1049.4,0
2020-11-15 16:50:43,5,58,19.8,82,9.9,989.1,994,4.1,4.8,12,1049.4,0
2020-11-15 16:55:43,5,58,19.8,83,9.9,989.1,994,3.7,4.8,12,1049.4,0
2020-11-15 17:00:43,5,59,19.8,84,9.9,989.4,994.3,3.7,5.1,12,1049.4,0
2020-11-15 17:05:43,5,59,19.9,84,10,989.5,994.4,3.4,4.1,12,1049.4,0
2020-11-15 17:10:43,5,60,19.9,84,10.1,989.7,994.6,3.7,4.4,10,1049.4,0
2020-11-15 17:15:43,5,59,20,84,10.1,989.7,994.6,3.7,4.8,12,1049.4,0
2020-11-15 17:20:43,5,59,20,84,10.2,989.8,994.7,3.1,4.1,12,1049.4,0
2020-11-15 17:25:43,5,59,20.1,84,10.3,990,994.9,2.4,2.7,10,1049.4,0
2020-11-15 17:30:43,5,59,20.1,84,10.3,990.1,995,3.7,4.4,12,1049.4,0
2020-11-15 17:35:43,5,59,20.2,84,10.3,990.2,995.1,2.7,4.1,10,1049.4,0
2020-11-15 17:40:43,5,59,20.2,84,10.3,990.2,995.1,3.7,4.4,12,1049.4,0
2020-11-15 17:45:43,5,59,20.2,85,10.3,990.1,995,4.1,5.1,12,1049.4,0
2020-11-15 17:50:43,5,59,20.2,85,10.3,990.2,995.1,3.4,5.1,12,1049.4,0
2020-11-15 17:55:43,5,58,20.2,86,10.4,990.4,995.3,3.4,4.4,10,1049.4,0
2020-11-15 18:00:43,5,58,20.2,87,10.5,990.5,995.4,4.1,5.8,12,1049.4,0
2020-11-15 18:05:43,5,58,20.2,87,10.5,990.8,995.7,4.8,5.8,12,1049.4,0
2020-11-15 18:10:43,5,58,20.2,88,10.4,990.8,995.7,3.4,4.4,14,1049.4,0
2020-11-15 18:15:43,5,58,20.2,89,10.4,991.1,996,4.1,6.5,12,1049.4,0
2020-11-15 18:20:43,5,57,20.1,89,10.4,991,995.9,4.8,7.1,12,1049.4,0
2020-11-15 18:25:43,5,57,20.2,90,10.4,991.2,996.1,4.1,4.8,12,1049.4,0
2020-11-15 18:30:43,5,58,20.2,90,10.4,991.5,996.4,5.1,6.1,13,1049.4,0
2020-11-15 18:35:43,5,58,20.2,90,10.4,991.6,996.5,3.4,4.4,12,1049.4,0
2020-11-15 18:40:43,5,58,20.2,90,10.4,991.7,996.6,4.1,5.4,12,1049.4,0
2020-11-15 18:45:43,5,59,20.2,90,10.4,991.7,996.6,3.7,5.1,14,1049.4,0
2020-11-15 18:50:43,5,59,20.2,90,10.5,991.8,996.7,5.1,6.1,12,1049.4,0
2020-11-15 18:55:43,5,59,20.2,90,10.5,992,996.9,4.1,5.1,12,1049.4,0
2020-11-15 19:00:43,5,60,20.2,90,10.4,992.3,997.2,4.4,5.8,12,1049.4,0
2020-11-15 19:05:43,5,60,20.2,90,10.4,992.5,997.4,4.1,5.4,12,1049.4,0
2020-11-15 19:10:43,5,60,20.3,90,10.4,992.6,997.5,4.1,4.8,12,1049.4,0
2020-11-15 19:15:43,5,60,20.3,90,10.4,992.9,997.8,3.4,4.4,12,1049.4,0
2020-11-15 19:20:43,5,61,20.3,90,10.4,992.9,997.8,5.4,6.5,12,1049.4,0
2020-11-15 19:25:43,5,61,20.3,90,10.3,993.2,998.1,4.4,5.1,10,1049.4,0
2020-11-15 19:30:43,5,61,20.3,90,10.2,993.3,998.2,5.4,7.5,12,1049.4,0
2020-11-15 19:35:43,5,61,20.4,90,10.2,993.4,998.3,5.4,7.1,12,1049.4,0
2020-11-15 19:40:43,5,61,20.4,89,10.2,993.6,998.5,3.4,4.1,12,1049.4,0
2020-11-15 19:45:43,5,61,20.4,89,10.1,993.7,998.6,4.1,4.4,10,1049.4,0
2020-11-15 19:50:43,5,61,20.4,88,10.1,993.9,998.8,4.4,5.1,12,1049.4,0
2020-11-15 19:55:43,5,61,20.4,88,10.1,994.1,999,5.1,5.8,12,1049.4,0
2020-11-15 20:00:43,5,61,20.4,88,10.1,994.2,999.1,4.1,5.1,12,1049.4,0
2020-11-15 20:05:43,5,61,20.4,88,10,994.3,999.2,4.4,5.1,12,1049.4,0
2020-11-15 20:10:43,5,61,20.4,87,10,994.6,999.5,3.4,4.8,10,1049.4,0
2020-11-15 20:15:43,5,61,20.4,87,10,994.7,999.6,3.7,5.4,10,1049.4,0
2020-11-15 20:20:43,5,61,20.4,87,9.9,994.9,999.8,3.1,4.4,12,1049.4,0
2020-11-15 20:25:43,5,61,20.4,87,9.9,995,999.9,3.1,4.1,12,1049.4,0
2020-11-15 20:30:43,5,61,20.4,87,9.9,995.2,1000.1,4.1,4.8,12,1049.4,0
2020-11-15 20:35:43,5,61,20.4,87,9.9,995.4,1000.3,5.4,6.5,10,1049.4,0
2020-11-15 20:40:43,5,61,20.4,87,9.9,995.6,1000.5,4.1,5.4,12,1049.4,0
2020-11-15 20:45:43,5,61,20.4,87,9.8,995.7,1000.6,5.4,6.1,12,1049.4,0
2020-11-15 20:50:43,5,61,20.4,86,9.8,996,1000.9,3.7,4.4,10,1049.4,0
2020-11-15 20:55:43,5,61,20.4,86,9.8,996.2,1001.1,3.7,5.1,12,1049.4,0
2020-11-15 21:00:43,5,61,20.4,86,9.7,996.4,1001.3,5.1,6.1,12,1049.4,0
2020-11-15 21:05:43,5,61,20.4,86,9.7,996.7,1001.6,5.4,7.1,12,1049.4,0
2020-11-15 21:10:43,5,61,20.4,86,9.6,997,1001.9,3.7,4.8,12,1049.4,0
2020-11-15 21:15:43,5,61,20.4,86,9.6,997.1,1002,3.1,3.7,14,1049.4,0
2020-11-15 21:20:43,5,61,20.4,86,9.5,997.2,1002.1,3.7,5.1,10,1049.4,0
2020-11-15 21:25:43,5,61,20.4,86,9.5,997.4,1002.3,6.1,6.8,12,1049.4,0
2020-11-15 21:30:43,5,61,20.4,86,9.4,997.6,1002.5,4.4,5.4,14,1049.4,0
2020-11-15 21:35:42,5,60,20.4,86,9.4,998.1,1003,4.8,6.1,12,1049.4,0
2020-11-15 21:40:42,5,60,20.3,86,9.3,998.2,1003.1,3.4,4.1,12,1049.4,0
2020-11-15 21:45:42,5,60,20.3,85,9.3,998.4,1003.3,4.1,4.8,12,1049.4,0
2020-11-15 21:50:42,5,60,20.3,85,9.2,998.6,1003.5,4.4,5.8,10,1049.4,0
2020-11-15 21:55:42,5,60,20.3,85,9.2,998.7,1003.6,4.8,5.4,12,1049.4,0
2020-11-15 22:00:42,5,60,20.3,84,9.2,999,1003.9,5.4,6.5,10,1049.4,0
2020-11-15 22:05:42,5,60,20.3,84,9.1,999.2,1004.1,4.1,6.1,12,1049.4,0
2020-11-15 22:10:42,5,60,20.3,84,9.1,999.5,1004.4,6.1,6.8,12,1049.4,0
2020-11-15 22:15:42,5,60,20.3,83,9,999.8,1004.7,5.1,6.5,12,1049.4,0
2020-11-15 22:20:42,5,60,20.3,83,9,999.6,1004.5,4.4,6.1,12,1049.4,0
2020-11-15 22:25:42,5,60,20.3,83,9,999.8,1004.7,3.1,3.4,10,1049.4,0
2020-11-15 22:30:42,5,60,20.3,82,8.9,1000,1004.9,3.7,6.1,10,1049.4,0
2020-11-15 22:35:42,5,60,20.3,80,9,1000.3,1005.2,2.7,4.1,8,1049.4,0
2020-11-15 22:40:42,5,60,20.3,80,9,1000.2,1005.1,3.7,5.8,14,1049.4,0
2020-11-15 22:45:42,5,60,20.3,78,9,1000.4,1005.3,3.4,4.1,12,1049.4,0
2020-11-15 22:50:42,5,60,20.3,77,9,1000.4,1005.3,3.4,4.1,12,1049.4,0
2020-11-15 22:55:42,5,60,20.3,76,9,1000.4,1005.3,2.4,3.1,12,1049.4,0
2020-11-15 23:00:42,5,60,20.3,75,9,1000.5,1005.4,3.4,4.8,12,1049.4,0
2020-11-15 23:05:42,5,60,20.3,74,9,1000.6,1005.5,3.7,4.4,12,1049.4,0
2020-11-15 23:10:42,5,60,20.3,73,9,1000.7,1005.6,3.1,4.1,10,1049.4,0
2020-11-15 23:15:42,5,60,20.3,73,9.1,1000.9,1005.8,3.1,4.1,10,1049.4,0
2020-11-15 23:20:42,5,60,20.3,72,9.1,1001,1005.9,4.4,6.1,12,1049.4,0
2020-11-15 23:25:42,5,60,20.3,71,9.1,1001,1005.9,4.1,5.1,12,1049.4,0
2020-11-15 23:30:42,5,60,20.3,71,9,1000.9,1005.8,3.4,5.8,12,1049.4,0
2020-11-15 23:35:42,5,59,20.3,70,8.8,1001,1005.9,3.4,4.8,,1049.4,0
2020-11-15 23:40:42,5,59,20.3,70,8.8,1001,1005.9,2.7,3.1,10,1049.4,0
2020-11-15 23:45:42,5,59,20.3,70,8.7,1000.9,1005.8,2.7,4.1,12,1049.4,0
2020-11-15 23:50:42,5,59,20.3,70,8.8,1001.2,1006.1,4.1,5.1,10,1049.4,0
2020-11-15 23:55:42,5,59,20.3,70,8.8,1001.2,1006.1,2.7,3.7,8,1049.4,0
