2025-01-13 00:01:18,5,60,17.8,86,12.6,1028.3,1033.2,2.4,3.1,10,1128,0
2025-01-13 00:06:18,5,60,17.8,86,12.7,1028.2,1033.1,2,3.7,10,1128,0
2025-01-13 00:11:18,5,60,17.8,86,12.7,1028.1,1033,2.4,3.1,10,1128,0
2025-01-13 00:16:18,5,60,17.9,86,12.7,1028.2,1033.1,1.7,2.7,6,1128,0
2025-01-13 00:21:18,5,60,17.8,86,12.7,1028,1032.9,2,2.7,10,1128,0
2025-01-13 00:26:18,5,60,17.8,86,12.7,1028,1032.9,2.4,2.7,10,1128,0
2025-01-13 00:31:18,5,60,17.8,86,12.7,1027.8,1032.7,2,2.7,4,1128,0
2025-01-13 00:36:18,5,60,17.8,86,12.7,1027.7,1032.6,2,3.1,6,1128,0
2025-01-13 00:41:18,5,59,17.7,86,12.6,1027.7,1032.6,1.7,2,4,1128,0
2025-01-13 00:46:18,5,59,17.7,86,12.7,1027.6,1032.5,3.4,4.1,4,1128,0
2025-01-13 00:51:18,5,59,17.7,86,12.7,1027.7,1032.6,1.4,2.7,5,1128,0
2025-01-13 00:56:18,5,59,17.6,86,12.7,1027.5,1032.4,2.4,3.4,6,1128,0
2025-01-13 01:01:18,5,59,17.6,86,12.8,1027.4,1032.3,3.4,4.4,6,1128,0
2025-01-13 01:06:18,5,59,17.7,86,12.7,1027.4,1032.3,2.7,4.4,4,1128,0
2025-01-13 01:11:18,5,59,17.7,86,12.7,1027.4,1032.3,1.7,2.7,6,1128,0
2025-01-13 01:16:18,5,59,17.7,86,12.7,1027.2,1032.1,2,2.7,9,1128,0
2025-01-13 01:21:18,5,59,17.7,86,12.8,1027.3,1032.2,2.4,3.1,6,1128,0
2025-01-13 01:26:18,5,59,17.7,86,12.8,1027.4,1032.3,2.7,4.4,4,1128,0
2025-01-13 01:31:18,5,59,17.7,86,12.8,1027.3,1032.2,1.7,2.4,6,1128,0
2025-01-13 01:36:18,5,59,17.6,86,12.7,1027.3,1032.2,1.7,3.1,10,1128,0
2025-01-13 01:41:18,5,59,17.6,86,12.7,1027.3,1032.2,2,3.4,2,1128,0
2025-01-13 01:46:18,5,59,17.6,86,12.8,1027.3,1032.2,2.7,3.7,10,1128,0
2025-01-13 01:51:18,5,59,17.6,87,12.9,1027.2,1032.1,2.7,3.4,10,1128,0
2025-01-13 01:56:18,5,59,17.6,87,12.9,1027.2,1032.1,3.4,4.4,10,1128,0
2025-01-13 02:01:18,5,59,17.6,87,13,1027.2,1032.1,2.4,3.1,10,1128,0
2025-01-13 02:06:18,5,59,17.6,86,12.9,1027,1031.9,3.1,3.4,10,1128,0
2025-01-13 02:11:18,5,59,17.5,86,12.8,1027,1031.9,3.7,5.1,10,1128,0
2025-01-13 02:16:18,5,59,17.5,86,12.8,1027.1,1032,1.7,2.4,8,1128,0
2025-01-13 02:21:18,5,59,17.5,86,12.8,1027.2,1032.1,1.7,2.7,10,1128,0
2025-01-13 02:26:18,5,59,17.5,86,12.8,1027.1,1032,2,3.4,10,1128,0
2025-01-13 02:31:18,5,59,17.5,86,12.8,1027.1,1032,2,2.7,10,1128,0
2025-01-13 02:36:18,5,59,17.5,86,12.8,1027.1,1032,2.7,3.4,8,1128,0
2025-01-13 02:41:18,5,59,17.5,86,12.8,1026.9,1031.8,2,3.1,6,1128,0
2025-01-13 02:46:18,5,59,17.5,85,12.8,1026.9,1031.8,1.7,2.7,2,1128,0
2025-01-13 02:51:18,5,59,17.5,85,12.8,1026.7,1031.6,3.1,3.7,10,1128,0
2025-01-13 02:56:18,5,59,17.5,85,12.8,1026.6,1031.5,2,3.1,8,1128,0
2025-01-13 03:01:18,5,59,17.5,84,12.8,1026.7,1031.6,4.1,5.4,10,1128,0
2025-01-13 03:06:18,5,59,17.5,84,12.8,1026.5,1031.4,2.7,3.7,10,1128,0
2025-01-13 03:11:18,5,59,17.5,84,12.7,1026.5,1031.4,3.1,4.1,10,1128,0
2025-01-13 03:16:18,5,59,17.5,83,12.7,1026.5,1031.4,2.7,3.7,6,1128,0
2025-01-13 03:21:18,5,59,17.5,83,12.7,1026.5,1031.4,3.7,4.4,10,1128,0
2025-01-13 03:26:18,5,59,17.5,83,12.7,1026.4,1031.3,3.1,3.7,10,1128,0
2025-01-13 03:31:18,5,59,17.5,83,12.7,1026.5,1031.4,3.1,3.4,10,1128,0
2025-01-13 03:36:18,5,59,17.5,83,12.7,1026.4,1031.3,3.4,4.8,10,1128,0
2025-01-13 03:41:18,5,59,17.5,83,12.7,1026.5,1031.4,4.4,4.8,12,1128,0
2025-01-13 03:46:18,5,59,17.4,83,12.7,1026.6,1031.5,4.1,5.4,12,1128,0
2025-01-13 03:51:18,5,59,17.4,83,12.7,1026.4,1031.3,3.7,4.4,10,1128,0
2025-01-13 03:56:18,5,59,17.4,83,12.7,1026.4,1031.3,3.1,4.4,10,1128,0
2025-01-13 04:01:18,5,59,17.3,83,12.7,1026.5,1031.4,3.4,4.4,10,1128,0
2025-01-13 04:06:18,5,59,17.3,83,12.7,1026.4,1031.3,3.1,3.7,10,1128,0
2025-01-13 04:11:18,5,59,17.3,83,12.8,1026.6,1031.5,3.1,3.7,12,1128,0
2025-01-13 04:16:18,5,59,17.3,83,12.8,1026.6,1031.5,3.4,4.4,12,1128,0
2025-01-13 04:21:18,5,59,17.3,83,12.9,1026.5,1031.4,2.7,4.1,10,1128,0
2025-01-13 04:26:18,5,59,17.3,83,12.9,1026.2,1031.1,4.1,6.5,10,1128,0
2025-01-13 04:31:18,5,59,17.3,82,13,1026,1030.9,3.7,5.1,8,1128,0
2025-01-13 04:36:18,5,59,17.3,82,12.9,1026,1030.9,3.4,5.1,10,1128,0
2025-01-13 04:41:18,5,59,17.3,82,12.9,1026.2,1031.1,3.1,3.7,10,1128,0
2025-01-13 04:46:18,5,59,17.3,82,12.9,1026.2,1031.1,4.8,5.8,2,1128,0
2025-01-13 04:51:18,5,59,17.3,81,12.9,1026.2,1031.1,3.4,4.4,12,1128,0
2025-01-13 04:56:18,5,59,17.3,81,12.8,1026.3,1031.2,3.4,4.1,12,1128,0
2025-01-13 05:01:18,5,59,17.3,81,12.8,1026.2,1031.1,3.1,3.7,8,1128,0
2025-01-13 05:06:18,5,59,17.3,81,12.8,1026.2,1031.1,3.4,4.1,10,1128,0
2025-01-13 05:11:18,5,59,17.3,81,12.8,1026.2,1031.1,3.4,4.4,10,1128,0
2025-01-13 05:16:18,5,59,17.3,81,12.8,1026.1,1031,2,2.7,10,1128,0
2025-01-13 05:21:18,5,59,17.3,81,12.8,1026.2,1031.1,3.4,4.8,12,1128,0
2025-01-13 05:26:18,5,59,17.3,81,12.8,1026.1,1031,2.7,3.7,10,1128,0
2025-01-13 05:31:18,5,59,17.3,81,12.8,1026,1030.9,3.1,3.7,10,1128,0
2025-01-13 05:36:18,5,59,17.3,82,12.8,1025.9,1030.8,3.1,4.4,10,1128,0
2025-01-13 05:41:18,5,59,17.3,82,12.9,1026,1030.9,3.7,5.8,4,1128,0
2025-01-13 05:46:18,5,59,17.3,82,12.9,1026,1030.9,3.4,4.8,10,1128,0
2025-01-13 05:51:18,5,59,17.3,82,12.9,1026,1030.9,3.4,4.1,10,1128,0
2025-01-13 05:56:18,5,58,17.3,81,13,1025.9,1030.8,3.1,3.7,12,1128,0
2025-01-13 06:01:18,5,58,17.2,81,13,1025.8,1030.7,3.7,4.8,8,1128,0
2025-01-13 06:06:18,5,58,17.2,81,13,1025.9,1030.8,3.4,4.1,10,1128,0
2025-01-13 06:11:18,5,58,17.2,81,13,1025.8,1030.7,5.1,7.1,10,1128,0
2025-01-13 06:16:18,5,58,17.3,81,13,1026,1030.9,2.4,4.1,10,1128,0
2025-01-13 06:21:18,5,59,17.2,81,13,1025.8,1030.7,4.1,6.1,12,1128,0
2025-01-13 06:26:18,5,59,17.2,81,13,1025.9,1030.8,4.4,6.5,12,1128,0
2025-01-13 06:31:18,5,59,17.3,81,13,1026,1030.9,3.4,4.1,10,1128,0
2025-01-13 06:36:18,5,59,17.3,81,13.1,1025.8,1030.7,3.1,3.7,12,1128,0
2025-01-13 06:41:18,5,59,17.3,81,13.1,1026,1030.9,3.4,4.8,12,1128,0
2025-01-13 06:46:18,5,59,17.3,81,13.1,1026,1030.9,3.1,3.7,10,1128,0
2025-01-13 06:51:18,5,59,17.3,80,13.1,1026.1,1031,3.1,4.1,8,1128,0
2025-01-13 06:56:18,5,59,17.3,81,13.1,1026.2,1031.1,2.4,3.4,13,1128,0
2025-01-13 07:01:18,5,59,17.3,81,13.1,1026.4,1031.3,2.4,2.7,10,1128,0
2025-01-13 07:06:18,5,59,17.3,81,13.1,1026.3,1031.2,3.1,3.4,6,1128,0
2025-01-13 07:11:18,5,59,17.3,81,13.1,1026.2,1031.1,2,2.7,10,1128,0
2025-01-13 07:16:18,5,59,17.3,81,13.1,1026.3,1031.2,2.4,3.1,10,1128,0
2025-01-13 07:21:18,5,59,17.3,81,13.1,1026.3,1031.2,2.7,4.1,12,1128,0
2025-01-13 07:26:18,5,59,17.3,81,13.2,1026.5,1031.4,1.7,2,10,1128,0
2025-01-13 07:31:18,5,59,17.3,80,13.2,1026.4,1031.3,3.1,3.7,10,1128,0
2025-01-13 07:36:18,5,59,17.3,80,13.2,1026.3,1031.2,2.7,3.7,8,1128,0
2025-01-13 07:41:18,5,59,17.4,80,13.2,1026.4,1031.3,3.4,4.1,10,1128,0
2025-01-13 07:46:18,5,59,17.4,80,13.1,1026.2,1031.1,3.4,4.4,12,1128,0
2025-01-13 07:51:18,5,59,17.4,81,13.1,1026.3,1031.2,2.7,3.7,10,1128,0
2025-01-13 07:56:18,5,59,17.4,81,13,1026.2,1031.1,3.4,4.4,10,1128,0
2025-01-13 08:01:18,5,59,17.4,81,13,1026.2,1031.1,2.4,3.7,10,1128,0
2025-01-13 08:06:17,5,59,17.4,82,13,1026.1,1031,2,2.7,10,1128,0
2025-01-13 08:11:17,5,59,17.4,82,12.9,1026,1030.9,2.7,3.7,10,1128,0
2025-01-13 08:16:17,5,59,17.5,82,12.9,1025.9,1030.8,2.7,3.7,10,1128,0
2025-01-13 08:21:17,5,59,17.4,82,13,1026,1030.9,3.7,6.5,12,1128,0
2025-01-13 08:26:17,5,59,17.4,82,13,1026,1030.9,3.1,3.7,10,1128.3,0
2025-01-13 08:31:17,5,59,17.4,83,13,1026.2,1031.1,2.7,4.8,12,1128.3,0
2025-01-13 08:36:17,5,59,17.5,84,13,1026.3,1031.2,2.7,3.7,10,1128.6,0
2025-01-13 08:41:17,5,59,17.4,84,12.9,1026.2,1031.1,2.7,4.1,6,1128.6,0
2025-01-13 08:46:17,5,59,17.4,85,12.9,1026.2,1031.1,2.4,3.7,10,1128.6,0
2025-01-13 08:51:17,5,59,17.4,85,12.9,1026.2,1031.1,3.1,4.1,10,1128.6,0
2025-01-13 08:56:17,5,59,17.5,86,13,1026.1,1031,2.4,3.1,10,1128.6,0
2025-01-13 09:01:17,5,60,17.5,86,12.9,1026.1,1031,2.7,4.1,10,1128.6,0
2025-01-13 09:06:17,5,60,17.5,86,13,1026.1,1031,3.1,4.1,10,1128.6,0
2025-01-13 09:11:17,5,61,17.6,87,13,1026,1030.9,4.4,6.1,13,1128.6,0
2025-01-13 09:16:17,5,61,17.7,87,13.1,1026.1,1031,2.7,3.4,10,1128.6,0
2025-01-13 09:21:17,5,61,17.7,86,13,1025.5,1030.4,2.4,3.7,10,1128.6,0
2025-01-13 09:26:17,5,62,17.8,86,13.1,1025.9,1030.8,2.4,3.1,10,1128.6,0
2025-01-13 09:31:17,5,62,17.8,86,13.1,1025.9,1030.8,3.4,4.8,8,1128.6,0
2025-01-13 09:36:17,5,63,17.9,86,13.1,1026.2,1031.1,3.1,3.7,10,1128.6,0
2025-01-13 09:41:17,5,63,18,86,13.1,1026.3,1031.2,2,3.4,8,1128.6,0
2025-01-13 09:46:17,5,64,18.2,86,13.1,1026.2,1031.1,3.1,3.7,6,1128.6,0
2025-01-13 09:51:17,5,64,18.3,86,13.1,1026.4,1031.3,2,2.7,6,1128.6,0
2025-01-13 09:56:17,5,64,18.3,86,13.2,1026.3,1031.2,3.1,4.1,12,1128.6,0
2025-01-13 10:01:17,5,63,18.4,86,13.2,1026.2,1031.1,3.1,4.1,14,1128.6,0
2025-01-13 10:06:17,5,63,18.4,86,13.2,1025.9,1030.8,2.7,3.7,10,1128.6,0
2025-01-13 10:11:17,5,63,18.5,86,13.2,1026,1030.9,4.1,4.8,12,1128.6,0
2025-01-13 10:16:17,5,63,18.7,86,13.1,1025.8,1030.7,2.7,3.7,10,1128.6,0
2025-01-13 10:21:17,5,63,18.8,86,13.1,1025.7,1030.6,5.8,7.1,10,1128.6,0
2025-01-13 10:26:17,5,63,18.8,86,13.2,1025.9,1030.8,4.4,5.8,10,1128.6,0
2025-01-13 10:31:17,5,63,18.8,86,13.2,1025.7,1030.6,3.7,4.8,10,1128.9,0
2025-01-13 10:36:17,5,63,18.9,86,13.2,1025.6,1030.5,4.1,5.1,11,1128.9,0
2025-01-13 10:41:17,5,62,19,86,13.2,1025.6,1030.5,3.1,3.7,10,1128.9,0
2025-01-13 10:46:17,5,62,19.1,87,13.2,1026,1030.9,3.4,4.1,12,1128.9,0
2025-01-13 10:51:17,5,62,19.1,86,13.3,1026.1,1031,3.7,4.8,10,1128.9,0
2025-01-13 10:56:17,5,61,19.2,86,13.4,1026.3,1031.2,4.1,5.4,10,1128.9,0
2025-01-13 11:01:17,5,61,19.2,86,13.4,1026.3,1031.2,4.8,6.5,10,1128.9,0
2025-01-13 11:06:17,5,61,19.2,86,13.3,1026.4,1031.3,4.8,5.8,10,1128.9,0
2025-01-13 11:11:17,5,61,19.2,86,13.3,1026.5,1031.4,4.1,5.4,12,1128.9,0
2025-01-13 11:16:17,5,61,19.1,86,13.4,1026.7,1031.6,4.4,5.8,10,1128.9,0
2025-01-13 11:21:17,5,61,19.2,86,13.4,1026.5,1031.4,4.4,6.1,10,1128.9,0
2025-01-13 11:26:17,5,60,19.2,87,13.4,1026.4,1031.3,3.1,4.4,12,1128.9,0
2025-01-13 11:31:17,5,61,19.2,87,13.5,1026.5,1031.4,3.4,4.1,10,1128.9,0
2025-01-13 11:36:17,5,61,19.2,86,13.5,1026.6,1031.5,3.4,4.4,10,1128.9,0
2025-01-13 11:41:17,5,61,19.2,86,13.5,1026.5,1031.4,3.7,4.4,10,1128.9,0
2025-01-13 11:46:17,5,61,19.3,86,13.6,1026.6,1031.5,3.4,4.8,10,1128.9,0
2025-01-13 11:51:17,5,61,19.3,85,13.6,1026.4,1031.3,4.8,7.1,10,1128.9,0
2025-01-13 11:56:17,5,61,19.3,84,13.6,1026.6,1031.5,4.4,5.8,12,1128.9,0
2025-01-13 12:01:17,5,61,19.3,84,13.6,1026.3,1031.2,3.7,4.4,10,1128.9,0
2025-01-13 12:06:17,5,61,19.4,83,13.6,1026.3,1031.2,3.7,5.1,12,1128.9,0
2025-01-13 12:11:17,5,61,19.5,83,13.6,1026.4,1031.3,5.1,5.8,10,1128.9,0
2025-01-13 12:16:17,5,61,19.5,83,13.7,1026.5,1031.4,6.5,7.5,10,1128.9,0
2025-01-13 12:21:17,5,61,19.5,83,13.8,1026.3,1031.2,4.1,6.1,12,1128.9,0
2025-01-13 12:26:17,5,61,19.6,83,13.8,1026.4,1031.3,4.1,5.1,12,1128.9,0
2025-01-13 12:31:17,5,61,19.6,83,13.8,1026.4,1031.3,5.1,6.5,11,1128.9,0
2025-01-13 12:36:17,5,61,19.6,82,13.9,1026.4,1031.3,4.1,5.1,12,1128.9,0
2025-01-13 12:41:17,5,61,19.7,82,13.8,1026.4,1031.3,4.4,6.5,12,1128.9,0
2025-01-13 12:46:17,5,61,19.7,82,13.8,1026.4,1031.3,3.4,4.1,10,1128.9,0
2025-01-13 12:51:17,5,60,19.7,82,13.7,1026.4,1031.3,5.1,7.1,8,1128.9,0
2025-01-13 12:56:17,5,60,19.7,82,13.7,1026.4,1031.3,3.1,4.1,10,1128.9,0
2025-01-13 13:01:17,5,60,19.7,82,13.7,1026.3,1031.2,3.1,4.8,8,1128.9,0
2025-01-13 13:06:17,5,60,19.7,82,13.7,1026.3,1031.2,3.4,4.4,10,1128.9,0
2025-01-13 13:11:17,5,60,19.7,82,13.6,1026.3,1031.2,3.1,4.4,10,1128.9,0
2025-01-13 13:16:17,5,60,19.7,83,13.6,1026.3,1031.2,3.7,4.8,10,1128.9,0
2025-01-13 13:21:17,5,60,19.7,83,13.6,1026.4,1031.3,4.4,5.8,11,1128.9,0
2025-01-13 13:26:17,5,60,19.7,84,13.6,1026.2,1031.1,4.4,6.1,10,1128.9,0
2025-01-13 13:31:17,5,60,19.6,85,13.6,1026.3,1031.2,4.4,5.1,10,1128.9,0
2025-01-13 13:36:17,5,60,19.5,85,13.7,1026.2,1031.1,2.7,3.4,10,1128.9,0
2025-01-13 13:41:17,5,60,19.6,86,13.8,1026.3,1031.2,3.7,5.4,12,1128.9,0
2025-01-13 13:46:17,5,60,19.6,87,13.8,1026.4,1031.3,3.1,3.7,12,1128.9,0
2025-01-13 13:51:17,5,60,19.6,87,13.8,1026.3,1031.2,2.7,4.1,10,1128.9,0
2025-01-13 13:56:17,5,60,19.5,87,13.9,1026.4,1031.3,3.4,4.4,10,1128.9,0
2025-01-13 14:01:17,5,60,19.5,86,13.9,1026.4,1031.3,3.1,4.1,10,1128.9,0
2025-01-13 14:06:17,5,60,19.4,86,13.8,1026.5,1031.4,3.7,4.8,10,1128.9,0
2025-01-13 14:11:17,5,60,19.5,85,13.9,1026.4,1031.3,3.4,4.1,14,1128.9,0
2025-01-13 14:16:17,5,61,19.5,85,13.8,1026.4,1031.3,5.4,7.1,12,1128.9,0
2025-01-13 14:21:17,5,61,19.5,85,13.9,1026.1,1031,4.8,5.8,12,1128.9,0
2025-01-13 14:26:17,5,61,19.6,84,13.9,1026.2,1031.1,3.4,4.1,12,1128.9,0
2025-01-13 14:31:17,5,61,19.5,84,13.9,1026.2,1031.1,3.4,4.8,10,1128.9,0
2025-01-13 14:36:17,5,61,19.5,83,13.8,1026.2,1031.1,6.5,8.2,12,1128.9,0
2025-01-13 14:41:17,5,61,19.6,83,13.8,1026.2,1031.1,4.1,4.8,12,1128.9,0
2025-01-13 14:46:17,5,61,19.6,83,13.8,1026.3,1031.2,4.8,6.1,10,1128.9,0
2025-01-13 14:51:17,5,61,19.6,83,13.8,1026,1030.9,4.8,6.1,10,1128.9,0
2025-01-13 14:56:17,5,61,19.7,84,13.8,1026.1,1031,3.7,4.8,14,1128.9,0
2025-01-13 15:01:17,5,61,19.7,84,13.8,1026.1,1031,4.4,6.1,10,1128.9,0
2025-01-13 15:06:17,5,61,19.7,84,13.8,1026,1030.9,5.1,5.8,10,1128.9,0
2025-01-13 15:11:17,5,61,19.8,85,13.8,1026.3,1031.2,3.1,4.1,10,1128.9,0
2025-01-13 15:16:17,5,61,19.8,85,13.8,1026.3,1031.2,4.4,6.1,12,1128.9,0
2025-01-13 15:21:17,5,61,19.8,85,13.8,1026.3,1031.2,4.8,6.1,8,1128.9,0
2025-01-13 15:26:17,5,61,19.8,85,13.8,1026.3,1031.2,5.4,7.1,12,1128.9,0
2025-01-13 15:31:17,5,61,19.8,85,13.8,1026.2,1031.1,4.8,5.4,10,1128.9,0
2025-01-13 15:36:17,5,61,19.9,84,13.8,1026.3,1031.2,3.7,4.8,10,1128.9,0
2025-01-13 15:41:17,5,61,19.9,85,13.8,1026.1,1031,3.4,4.4,10,1128.9,0
2025-01-13 15:46:17,5,61,19.9,85,13.8,1026.1,1031,3.1,3.7,12,1128.9,0
2025-01-13 15:51:17,5,61,19.9,85,13.8,1026.1,1031,2.7,3.4,12,1128.9,0
2025-01-13 15:56:17,5,61,19.9,86,13.8,1026.1,1031,4.4,5.1,10,1128.9,0
2025-01-13 16:01:17,5,61,19.9,86,13.7,1026.2,1031.1,3.1,3.7,12,1128.9,0
2025-01-13 16:06:17,5,61,19.9,86,13.7,1026.1,1031,3.7,4.8,10,1128.9,0
2025-01-13 16:11:17,5,61,19.9,87,13.7,1026.1,1031,2.7,3.7,10,1128.9,0
2025-01-13 16:16:17,5,61,19.9,87,13.7,1026.1,1031,3.4,4.8,10,1128.9,0
2025-01-13 16:21:17,5,61,19.9,87,13.7,1026.2,1031.1,2.4,3.1,12,1128.9,0
2025-01-13 16:26:17,5,60,20,87,13.7,1026.3,1031.2,3.7,4.1,12,1128.9,0
2025-01-13 16:31:17,5,60,20,87,13.7,1026.2,1031.1,4.1,4.8,10,1128.9,0
2025-01-13 16:36:17,5,61,19.9,87,13.7,1026.2,1031.1,3.7,4.4,10,1128.9,0
2025-01-13 16:41:17,5,61,19.9,88,13.7,1026.1,1031,2.4,3.4,10,1128.9,0
2025-01-13 16:46:17,5,60,20,88,13.7,1026.2,1031.1,3.7,4.8,12,1128.9,0
2025-01-13 16:51:17,5,61,19.9,89,13.7,1026.1,1031,4.1,6.5,10,1128.9,0
2025-01-13 16:56:17,5,61,19.9,89,13.7,1026.3,1031.2,3.4,4.4,10,1128.9,0
2025-01-13 17:01:17,5,61,19.9,90,13.7,1026.4,1031.3,3.7,4.4,12,1128.9,0
2025-01-13 17:06:17,5,61,19.9,90,13.7,1026.3,1031.2,3.1,3.7,12,1128.9,0
2025-01-13 17:11:17,5,61,19.9,90,13.8,1026.3,1031.2,4.1,5.1,12,1128.9,0
2025-01-13 17:16:17,5,62,19.9,91,13.8,1026.2,1031.1,3.1,4.1,10,1128.9,0
2025-01-13 17:21:17,5,62,19.9,91,13.8,1026.2,1031.1,3.7,5.1,10,1128.9,0
2025-01-13 17:26:17,5,61,20,92,13.9,1026.1,1031,2.7,3.4,12,1128.9,0
2025-01-13 17:31:17,5,61,20,92,13.9,1026.4,1031.3,3.1,4.1,11,1128.9,0
2025-01-13 17:36:17,5,61,20.1,92,13.8,1026.4,1031.3,2.7,3.1,10,1128.9,0
2025-01-13 17:41:17,5,61,20.1,92,13.8,1026.4,1031.3,2.7,3.4,12,1128.9,0
2025-01-13 17:46:17,5,61,20.2,92,13.8,1026.4,1031.3,3.4,4.8,9,1128.9,0
2025-01-13 17:51:17,5,61,20.2,92,13.7,1026.5,1031.4,4.1,4.8,11,1128.9,0
2025-01-13 17:56:17,5,61,20.2,92,13.8,1026.6,1031.5,3.7,4.8,12,1128.9,0
2025-01-13 18:01:17,5,61,20.3,92,13.7,1026.4,1031.3,2.4,3.1,12,1128.9,0
2025-01-13 18:06:17,5,61,20.3,92,13.8,1026.6,1031.5,3.4,4.4,12,1128.9,0
2025-01-13 18:11:17,5,60,20.4,92,13.8,1026.6,1031.5,2,2.7,12,1128.9,0
2025-01-13 18:16:17,5,60,20.3,92,13.7,1026.7,1031.6,3.1,4.1,12,1128.9,0
2025-01-13 18:21:17,5,60,20.3,92,13.8,1026.6,1031.5,1.4,1.7,12,1128.9,0
2025-01-13 18:26:17,5,60,20.2,92,13.8,1026.7,1031.6,2.7,3.7,12,1128.9,0
2025-01-13 18:31:17,5,60,20.2,92,13.8,1026.7,1031.6,3.1,4.4,10,1128.9,0
2025-01-13 18:36:17,5,60,20.2,92,13.8,1026.9,1031.8,2.4,2.7,11,1128.9,0
2025-01-13 18:41:17,5,60,20.1,92,13.7,1026.9,1031.8,2.4,3.4,12,1128.9,0
2025-01-13 18:46:17,5,60,20,91,13.7,1026.9,1031.8,2,2.7,12,1128.9,0
2025-01-13 18:51:17,5,60,20,91,13.7,1027,1031.9,2.7,3.7,10,1128.9,0
2025-01-13 18:56:17,5,61,19.9,91,13.8,1027.1,1032,3.1,4.4,12,1128.9,0
2025-01-13 19:01:17,5,61,19.9,92,13.8,1027,1031.9,2.4,2.7,10,1128.9,0
2025-01-13 19:06:17,5,61,19.9,92,13.8,1027,1031.9,2.4,3.1,12,1128.9,0
2025-01-13 19:11:17,5,61,19.9,92,13.8,1027,1031.9,2,2.4,12,1128.9,0
2025-01-13 19:16:17,5,61,19.8,92,13.8,1027.1,1032,2,2.7,10,1128.9,0
2025-01-13 19:21:17,5,62,19.8,92,13.8,1027,1031.9,1.7,2.4,10,1128.9,0
2025-01-13 19:26:17,5,62,19.7,92,13.8,1027.2,1032.1,2.4,2.7,10,1128.9,0
2025-01-13 19:31:17,5,62,19.7,92,13.8,1027.2,1032.1,1,1.7,10,1128.9,0
2025-01-13 19:36:17,5,62,19.7,92,13.8,1027.4,1032.3,2,2.4,10,1128.9,0
2025-01-13 19:41:17,5,62,19.7,92,13.8,1027.2,1032.1,2,3.1,10,1128.9,0
2025-01-13 19:46:17,5,62,19.7,92,13.8,1027.2,1032.1,1,1.4,12,1128.9,0
2025-01-13 19:51:17,5,63,19.7,92,13.8,1027.3,1032.2,1.7,2.4,10,1128.9,0
2025-01-13 19:56:17,5,63,19.7,92,13.8,1027.3,1032.2,1.7,2,10,1128.9,0
2025-01-13 20:01:17,5,63,19.7,92,13.8,1027.3,1032.2,2.4,3.1,10,1128.9,0
2025-01-13 20:06:17,5,63,19.7,92,13.8,1027.3,1032.2,1.7,2.4,10,1128.9,0
2025-01-13 20:11:17,5,63,19.7,92,13.8,1027.4,1032.3,1.4,2,12,1128.9,0
2025-01-13 20:16:17,5,63,19.7,92,13.8,1027.4,1032.3,2.4,3.1,10,1128.9,0
2025-01-13 20:21:17,5,64,19.6,92,13.9,1027.4,1032.3,1,1.7,10,1128.9,0
2025-01-13 20:26:17,5,64,19.7,92,13.9,1027.5,1032.4,2,3.1,10,1128.9,0
2025-01-13 20:31:17,5,64,19.7,92,13.9,1027.5,1032.4,1,1.4,12,1128.9,0
2025-01-13 20:36:17,5,64,19.6,92,13.9,1027.7,1032.6,2,2.4,12,1128.9,0
2025-01-13 20:41:17,5,64,19.7,92,13.9,1027.6,1032.5,1.4,2,10,1128.9,0
2025-01-13 20:46:17,5,64,19.7,93,14,1027.6,1032.5,1.7,2,10,1128.9,0
2025-01-13 20:51:17,5,64,19.7,93,14,1027.7,1032.6,1.7,2.4,10,1128.9,0
2025-01-13 20:56:17,5,64,19.7,93,14,1027.7,1032.6,1.7,2,12,1128.9,0
2025-01-13 21:01:17,5,64,19.7,93,14,1027.6,1032.5,2.4,3.1,12,1128.9,0
2025-01-13 21:06:17,5,64,19.7,93,14,1027.6,1032.5,1.7,2,12,1128.9,0
2025-01-13 21:11:17,5,64,19.7,93,14,1027.7,1032.6,1.7,2.4,10,1128.9,0
2025-01-13 21:16:17,5,64,19.7,93,14,1027.8,1032.7,1.7,2,12,1128.9,0
2025-01-13 21:21:17,5,64,19.7,93,14,1027.6,1032.5,1,1.7,8,1128.9,0
2025-01-13 21:26:17,5,64,19.7,93,14,1027.6,1032.5,2.7,3.1,10,1128.9,0
2025-01-13 21:31:17,5,64,19.7,93,14.1,1027.7,1032.6,3.1,3.7,12,1128.9,0
2025-01-13 21:36:17,5,64,19.8,93,14.2,1027.8,1032.7,3.4,4.1,10,1128.9,0
2025-01-13 21:41:17,5,64,19.8,94,14.2,1027.6,1032.5,3.1,3.7,12,1128.9,0
2025-01-13 21:46:24,5,64,19.8,94,14.2,1027.8,1032.7,3.4,3.7,12,1128.9,0
2025-01-13 21:51:17,5,64,19.8,94,14.2,1027.8,1032.7,2.7,3.7,14,1128.9,0
2025-01-13 21:56:17,5,64,19.8,94,14.2,1027.9,1032.8,2.7,3.7,10,1128.9,0
2025-01-13 22:01:17,5,63,19.8,94,14.2,1028,1032.9,2.4,3.1,10,1128.9,0
2025-01-13 22:06:17,5,63,19.8,94,14.2,1028,1032.9,2.4,2.7,10,1128.9,0
2025-01-13 22:11:17,5,63,19.8,94,14.2,1027.9,1032.8,2.4,2.7,10,1128.9,0
2025-01-13 22:16:17,5,63,19.8,94,14.2,1028,1032.9,1.7,2.7,10,1128.9,0
2025-01-13 22:21:17,5,63,19.8,94,14.2,1028,1032.9,2.4,3.4,12,1128.9,0
2025-01-13 22:26:17,5,63,19.8,94,14.2,1028,1032.9,3.1,3.7,10,1128.9,0
2025-01-13 22:31:17,5,63,19.8,94,14.2,1027.9,1032.8,2.4,3.1,10,1128.9,0
2025-01-13 22:36:17,5,63,19.8,94,14.2,1028,1032.9,2.7,3.4,0,1128.9,0
2025-01-13 22:41:17,5,63,19.8,94,14.2,1027.9,1032.8,1.7,2,10,1128.9,0
2025-01-13 22:46:17,5,63,19.7,94,14.2,1027.9,1032.8,2,2.4,10,1128.9,0
2025-01-13 22:51:17,5,63,19.7,94,14.2,1027.9,1032.8,2.4,3.1,12,1128.9,0
2025-01-13 22:56:17,5,63,19.7,94,14.2,1027.9,1032.8,2,2.4,10,1128.9,0
2025-01-13 23:01:17,5,63,19.7,94,14.2,1027.9,1032.8,2.7,3.1,10,1128.9,0
2025-01-13 23:06:17,5,63,19.7,94,14.2,1027.9,1032.8,2,2.7,12,1128.9,0
2025-01-13 23:11:17,5,63,19.6,94,14.3,1027.9,1032.8,2.4,3.1,12,1128.9,0
2025-01-13 23:16:17,5,63,19.6,94,14.3,1028.1,1033,2.4,3.4,12,1128.9,0
2025-01-13 23:21:17,5,63,19.6,94,14.3,1028.2,1033.1,2.4,3.1,14,1128.9,0
2025-01-13 23:26:17,5,63,19.6,94,14.3,1028.3,1033.2,3.1,3.7,12,1128.9,0
2025-01-13 23:31:17,5,63,19.6,94,14.3,1028.3,1033.2,2,2.7,12,1128.9,0
2025-01-13 23:36:17,5,63,19.6,95,14.3,1028.6,1033.5,2.4,3.1,12,1128.9,0
2025-01-13 23:41:17,5,63,19.6,95,14.3,1028.7,1033.6,1.7,2.4,12,1128.9,0
2025-01-13 23:46:17,5,63,19.6,95,14.2,1028.7,1033.6,1.4,2,12,1128.9,0
2025-01-13 23:51:17,5,63,19.6,95,14.2,1028.6,1033.5,1.4,1.7,10,1128.9,0
2025-01-13 23:56:17,5,63,19.6,95,14.1,1028.6,1033.5,1.7,2,12,1128.9,0
