2015-07-16 00:01:31,5,54,22,67,12.3,1013.5,1018.4,0,0,0,407.1,0
2015-07-16 00:06:31,5,54,22,67,12.2,1013.6,1018.5,0,0,14,407.1,0
2015-07-16 00:11:31,5,54,22,67,12.2,1013.5,1018.4,0,0.7,2,407.1,0
2015-07-16 00:16:31,5,54,22,68,12.2,1013.5,1018.4,0.3,0.7,2,407.1,0
2015-07-16 00:21:31,5,54,22,69,12.3,1013.4,1018.3,0,0.3,10,407.1,0
2015-07-16 00:26:31,5,54,22,69,12.3,1013.4,1018.3,0.3,0.7,9,407.1,0
2015-07-16 00:31:31,5,54,22,68,12.3,1013.4,1018.3,0,0.3,0,407.1,0
2015-07-16 00:36:31,5,54,22,68,12.4,1013.4,1018.3,0.3,0.7,2,407.1,0
2015-07-16 00:41:31,5,55,21.9,68,12.5,1013.2,1018.1,0.3,1,2,407.1,0
2015-07-16 00:46:31,5,55,21.9,68,12.6,1013.3,1018.2,0.7,1.4,2,407.1,0
2015-07-16 00:51:31,5,55,21.8,69,12.7,1013.2,1018.1,0.3,0.7,12,407.1,0
2015-07-16 00:56:31,5,55,21.8,69,12.8,1013.3,1018.2,0.3,1.7,14,407.1,0
2015-07-16 01:01:31,5,55,21.8,69,12.9,1013.2,1018.1,0.7,1.4,4,407.1,0
2015-07-16 01:06:31,5,55,21.8,68,12.9,1013.2,1018.1,2,3.4,4,407.1,0
2015-07-16 01:11:31,5,55,21.8,67,13,1013.2,1018.1,0.3,1.4,0,407.1,0
2015-07-16 01:16:31,5,55,21.8,67,13.1,1013.1,1018,1,1.4,2,407.1,0
2015-07-16 01:21:31,5,55,21.8,67,13.1,1013,1017.9,2,3.1,2,407.1,0
2015-07-16 01:26:31,5,55,21.7,68,13,1012.8,1017.7,1,2.7,4,407.1,0
2015-07-16 01:31:31,5,55,21.7,68,12.9,1012.7,1017.6,2.4,3.4,2,407.1,0
2015-07-16 01:36:31,5,55,21.7,68,12.9,1012.6,1017.5,1,2,4,407.1,0
2015-07-16 01:41:31,5,55,21.7,68,12.9,1012.5,1017.4,1.4,2,4,407.1,0
2015-07-16 01:46:31,5,55,21.7,68,12.9,1012.5,1017.4,0,0.3,2,407.1,0
2015-07-16 01:51:31,5,56,21.7,68,12.8,1012.6,1017.5,0.7,1,2,407.1,0
2015-07-16 01:56:31,5,55,21.7,68,12.7,1012.7,1017.6,0,0.3,0,407.1,0
2015-07-16 02:01:31,5,56,21.7,68,12.7,1012.7,1017.6,1.4,2,2,407.1,0
2015-07-16 02:06:31,5,56,21.7,69,12.6,1012.8,1017.7,0.3,1,4,407.1,0
2015-07-16 02:11:31,5,56,21.7,69,12.6,1012.8,1017.7,0.7,1,2,407.1,0
2015-07-16 02:16:31,5,56,21.7,70,12.5,1013,1017.9,0.7,1.4,,407.1,0
2015-07-16 02:21:31,5,56,21.7,70,12.5,1012.8,1017.7,0.7,1.4,4,407.1,0
2015-07-16 02:26:31,5,56,21.7,70,12.5,1012.6,1017.5,0.3,0.7,0,407.1,0
2015-07-16 02:31:31,5,56,21.7,71,12.5,1012.5,1017.4,0.7,1.4,4,407.1,0
2015-07-16 02:36:31,5,56,21.7,70,12.4,1012.4,1017.3,1,1.7,4,407.1,0
2015-07-16 02:41:31,5,56,21.7,70,12.3,1012.3,1017.2,1.7,2.4,4,407.1,0
2015-07-16 02:46:31,5,56,21.7,71,12.3,1012.1,1017,1,2,4,407.1,0
2015-07-16 02:51:31,5,56,21.7,71,12.3,1012.1,1017,2.4,3.4,0,407.1,0
2015-07-16 02:56:31,5,56,21.7,71,12.2,1012.1,1017,2,2.7,2,407.1,0
2015-07-16 03:01:31,5,56,21.7,71,12.1,1012,1016.9,1.4,2,0,407.1,0
2015-07-16 03:06:31,5,56,21.4,72,12,1011.8,1016.7,1.4,2,2,407.1,0
2015-07-16 03:11:31,5,56,21.4,73,11.9,1011.8,1016.7,1,2,2,407.1,0
2015-07-16 03:16:31,5,56,21.4,73,11.8,1011.8,1016.7,2.4,4.1,3,407.1,0
2015-07-16 03:21:31,5,56,21.4,73,11.7,1011.9,1016.8,2.4,3.1,4,407.1,0
2015-07-16 03:26:31,5,56,21.4,72,11.6,1011.8,1016.7,1.7,2.7,4,407.1,0
2015-07-16 03:31:31,5,56,21.4,72,11.6,1011.7,1016.6,1.7,2.4,4,407.1,0
2015-07-16 03:36:31,5,56,21.4,72,11.6,1011.7,1016.6,2,2.7,7,407.1,0
2015-07-16 03:41:31,5,56,21.4,71,11.6,1011.7,1016.6,1,1.4,4,407.1,0
2015-07-16 03:46:31,5,56,21.4,70,11.6,1011.6,1016.5,1,1.4,2,407.1,0
2015-07-16 03:51:31,5,56,21.4,70,11.6,1011.6,1016.5,1,1.7,4,407.1,0
2015-07-16 03:56:31,5,56,21.4,69,11.6,1011.5,1016.4,1,1.7,4,407.1,0
2015-07-16 04:01:31,5,56,21.4,69,11.6,1011.6,1016.5,1.7,2.7,4,407.1,0
2015-07-16 04:06:31,5,56,21.4,69,11.5,1011.4,1016.3,1.7,2.4,4,407.1,0
2015-07-16 04:11:31,5,56,21.4,69,11.4,1011.4,1016.3,1,1.4,4,407.1,0
2015-07-16 04:16:31,5,56,21.4,69,11.3,1011.5,1016.4,1,1.7,2,407.1,0
2015-07-16 04:21:31,5,56,21.4,69,11.3,1011.4,1016.3,0.7,1.7,2,407.1,0
2015-07-16 04:26:31,5,56,21.4,69,11.4,1011.3,1016.2,0.7,1,0,407.1,0
2015-07-16 04:31:31,5,56,21.4,70,11.4,1011.3,1016.2,0.3,0.7,2,407.1,0
2015-07-16 04:36:31,5,56,21.4,70,11.4,1011.3,1016.2,0.7,1.4,2,407.1,0
2015-07-16 04:41:31,5,56,21.4,70,11.3,1011.3,1016.2,1,1.7,0,407.1,0
2015-07-16 04:46:31,5,56,21.4,71,11.2,1011.2,1016.1,0.7,1,2,407.1,0
2015-07-16 04:51:31,5,56,21.4,71,11.2,1011.2,1016.1,0.7,1.4,8,407.1,0
2015-07-16 04:56:31,5,56,21.4,71,11.1,1011.1,1016,1.4,1.7,2,407.1,0
2015-07-16 05:01:31,5,56,21.4,71,11,1011.1,1016,2,2.7,2,407.1,0
2015-07-16 05:06:31,5,56,21.4,71,11,1011.2,1016.1,1,2,13,407.1,0
2015-07-16 05:11:31,5,56,21.4,71,10.9,1011.3,1016.2,1,1.7,2,407.1,0
2015-07-16 05:16:31,5,56,21.4,71,10.9,1011.1,1016,1.7,2.4,2,407.1,0
2015-07-16 05:21:31,5,56,21.3,70,10.9,1011.2,1016.1,0.7,1.4,4,407.1,0
2015-07-16 05:26:31,5,56,21.3,70,10.9,1011.1,1016,1.7,2,2,407.1,0
2015-07-16 05:31:31,5,56,21.3,70,10.9,1011.2,1016.1,1,1.7,0,407.1,0
2015-07-16 05:36:31,5,56,21.3,70,10.9,1010.8,1015.7,0.7,1.4,2,407.1,0
2015-07-16 05:41:31,5,56,21.3,70,10.9,1010.8,1015.7,1.7,2,0,407.1,0
2015-07-16 05:46:31,5,56,21.3,69,10.9,1010.8,1015.7,0.7,1,2,407.1,0
2015-07-16 05:51:31,5,56,21.3,68,11,1010.8,1015.7,0.3,1,4,407.1,0
2015-07-16 05:56:31,5,56,21.3,67,11,1010.6,1015.5,1,2,0,407.1,0
2015-07-16 06:01:31,5,56,21.3,67,11.1,1010.5,1015.4,1.4,2.7,4,407.1,0
2015-07-16 06:06:31,5,56,21.3,65,11.4,1010.3,1015.2,2.4,3.7,2,407.1,0
2015-07-16 06:11:31,5,56,21.3,64,11.5,1010.5,1015.4,1.7,3.4,4,407.1,0
2015-07-16 06:16:31,5,56,21.3,64,11.6,1010.5,1015.4,2,3.4,2,407.1,0
2015-07-16 06:21:31,5,56,21.3,64,11.6,1010.3,1015.2,2.4,4.1,4,407.1,0
2015-07-16 06:26:31,5,56,21.3,65,11.6,1010.1,1015,1.7,3.1,0,407.1,0
2015-07-16 06:31:31,5,56,21.3,65,11.6,1010.1,1015,1.4,2.4,2,407.1,0
2015-07-16 06:36:31,5,56,21.3,65,11.5,1010.2,1015.1,0.7,1.4,2,407.1,0
2015-07-16 06:41:31,5,56,21.3,66,11.5,1010.3,1015.2,1,1.4,0,407.1,0
2015-07-16 06:46:31,5,56,21.3,66,11.5,1010.1,1015,1.4,2.4,4,407.1,0
2015-07-16 06:51:31,5,56,21.3,66,11.6,1010.2,1015.1,1.4,2.4,2,407.1,0
2015-07-16 06:56:31,5,56,21.3,67,11.6,1010.1,1015,2.4,3.4,0,407.1,0
2015-07-16 07:01:31,5,56,21.3,67,11.5,1010.3,1015.2,2,2.7,2,407.1,0
2015-07-16 07:06:31,5,56,21.3,67,11.5,1009.9,1014.8,1.7,2.7,14,407.1,0
2015-07-16 07:11:31,5,56,21.3,68,11.4,1009.9,1014.8,2,3.1,4,407.1,0
2015-07-16 07:16:31,5,56,21.3,69,11.3,1009.8,1014.7,2,3.4,0,407.4,0
2015-07-16 07:21:31,5,56,21.3,69,11.1,1009.7,1014.6,3.1,3.7,2,407.4,0
2015-07-16 07:26:31,5,56,21.3,70,11.2,1009.6,1014.5,1.4,2.4,0,407.4,0
2015-07-16 07:31:31,5,56,21.3,70,11.4,1009.8,1014.7,2,2.4,0,407.4,0
2015-07-16 07:36:31,5,56,21.3,69,11.6,1009.6,1014.5,1.7,2.7,0,407.4,0
2015-07-16 07:41:31,5,56,21.3,68,11.7,1009.7,1014.6,2,3.4,4,407.4,0
2015-07-16 07:46:31,5,55,21.3,68,11.9,1009.6,1014.5,3.4,5.4,0,407.4,0
2015-07-16 07:51:31,5,56,21.4,66,12,1009.5,1014.4,1.4,2.4,0,407.4,0
2015-07-16 07:56:31,5,57,21.4,65,12.1,1009.6,1014.5,3.1,3.7,,407.4,0
2015-07-16 08:01:31,5,57,21.4,65,12.1,1009.3,1014.2,2.4,3.1,0,407.4,0
2015-07-16 08:06:31,5,57,21.4,65,12.3,1009.4,1014.3,2.7,4.8,0,407.4,0
2015-07-16 08:11:31,5,57,21.4,65,12.3,1009.1,1014,1.4,2.4,2,407.4,0
2015-07-16 08:16:31,5,57,21.4,65,12.4,1009,1013.9,2,4.4,4,407.4,0
2015-07-16 08:21:31,5,57,21.4,65,12.5,1009,1013.9,2.4,3.4,2,407.4,0
2015-07-16 08:26:31,5,57,21.4,64,12.6,1009.2,1014.1,3.4,5.1,2,407.4,0
2015-07-16 08:31:31,5,57,21.4,64,12.6,1009,1013.9,2.7,3.4,0,407.4,0
2015-07-16 08:36:31,5,57,21.4,64,12.7,1008.8,1013.7,2.7,4.1,4,407.4,0
2015-07-16 08:41:31,5,57,21.4,64,13,1008.7,1013.6,4.1,5.1,2,407.4,0
2015-07-16 08:46:31,5,57,21.4,63,13.2,1008.6,1013.5,3.1,4.8,4,407.4,0
2015-07-16 08:51:31,5,57,21.4,63,13.4,1008.4,1013.3,2.7,4.1,2,407.4,0
2015-07-16 08:56:31,5,57,21.4,62,13.6,1008.4,1013.3,4.1,5.8,0,407.4,0
2015-07-16 09:01:31,5,57,21.4,62,13.5,1008.3,1013.2,5.1,7.1,0,407.4,0
2015-07-16 09:06:31,5,57,21.4,61,13.3,1008,1012.9,3.4,4.1,0,407.4,0
2015-07-16 09:11:31,5,57,21.4,61,13.3,1008.1,1013,3.1,4.1,14,407.4,0
2015-07-16 09:16:31,5,57,21.4,63,13.4,1008,1012.9,4.1,5.1,2,407.4,0
2015-07-16 09:21:31,5,57,21.4,63,13.4,1008,1012.9,2.7,3.7,0,407.4,0
2015-07-16 09:26:31,5,57,21.4,63,13.4,1007.9,1012.8,2,2.7,0,407.4,0
2015-07-16 09:31:31,5,57,21.4,63,13.4,1007.8,1012.7,1.7,3.1,4,407.4,0
2015-07-16 09:36:31,5,57,21.4,63,13.4,1007.7,1012.6,2,3.1,2,407.4,0
2015-07-16 09:41:31,5,57,21.4,63,13.4,1007.7,1012.6,3.4,5.4,2,407.4,0
2015-07-16 09:46:31,5,57,21.4,64,13.5,1007.4,1012.3,3.1,4.1,4,407.4,0
2015-07-16 09:51:31,5,57,21.4,63,13.5,1007.2,1012.1,3.1,4.1,14,407.4,0
2015-07-16 09:56:31,5,57,21.4,61,13.6,1006.9,1011.8,4.1,5.8,2,407.4,0
2015-07-16 10:01:31,5,57,21.4,61,13.8,1006.9,1011.8,2.7,4.1,2,407.4,0
2015-07-16 10:06:31,5,57,21.4,59,14,1006.7,1011.6,4.4,5.8,1,407.4,0
2015-07-16 10:11:31,5,57,21.4,59,14.3,1006.4,1011.3,3.4,4.4,3,407.4,0
2015-07-16 10:16:31,5,57,21.4,59,14.4,1006.4,1011.3,5.1,6.5,0,407.4,0
2015-07-16 10:21:31,5,57,21.7,58,14.4,1006.1,1011,4.1,5.1,1,407.4,0
2015-07-16 10:26:31,5,57,21.7,59,14.8,1005.9,1010.8,3.1,4.1,0,407.4,0
2015-07-16 10:31:31,5,57,21.7,58,15,1005.7,1010.6,4.8,6.8,2,407.4,0
2015-07-16 10:36:31,5,57,21.7,58,15.3,1005.6,1010.5,5.1,6.8,2,407.4,0
2015-07-16 10:41:31,5,58,21.7,57,15.4,1005.9,1010.8,3.1,4.1,0,407.4,0
2015-07-16 10:46:31,5,58,21.7,57,15.4,1006,1010.9,5.1,6.8,2,407.4,0
2015-07-16 10:51:31,5,58,21.7,57,15.2,1006.1,1011,4.4,6.1,4,407.4,0
2015-07-16 10:56:31,5,58,21.7,58,15,1006.2,1011.1,4.8,7.8,2,407.4,0
2015-07-16 11:01:31,5,58,21.7,59,14.8,1006.1,1011,3.1,4.8,0,407.4,0
2015-07-16 11:06:31,5,58,21.7,60,14.8,1005.7,1010.6,2.7,4.8,14,407.4,0
2015-07-16 11:11:31,5,58,21.7,61,14.7,1006,1010.9,3.4,5.4,2,407.4,0
2015-07-16 11:16:31,5,58,21.7,64,14.3,1005.9,1010.8,2,3.7,2,407.7,0
2015-07-16 11:21:31,5,59,21.7,64,14,1005.8,1010.7,3.4,4.8,0,407.7,0
2015-07-16 11:26:31,5,59,21.7,66,13.8,1005.7,1010.6,2.4,4.4,14,407.7,0
2015-07-16 11:31:31,5,59,21.6,66,13.7,1005.6,1010.5,4.4,6.8,2,407.7,0
2015-07-16 11:36:31,5,59,21.7,67,13.6,1005.8,1010.7,1,1.7,13,408,0
2015-07-16 11:41:31,5,59,21.7,67,13.6,1005.6,1010.5,1.7,2.4,0,408,0
2015-07-16 11:46:31,5,59,21.7,68,13.4,1005.5,1010.4,2.7,3.4,0,408,0
2015-07-16 11:51:31,5,59,21.7,68,13.3,1005.4,1010.3,2.7,3.7,0,408.3,0
2015-07-16 11:56:31,5,59,21.6,69,13.2,1005.5,1010.4,0.7,1.4,2,408.3,0
2015-07-16 12:01:31,5,59,21.6,70,13.1,1005.3,1010.2,2.4,3.1,0,408.3,0
2015-07-16 12:06:31,5,59,21.7,72,12.9,1005,1009.9,2.7,3.7,0,408.6,0
2015-07-16 12:11:31,5,59,21.7,72,12.8,1005.3,1010.2,2,2.7,2,408.6,0
2015-07-16 12:16:31,5,59,21.4,72,12.8,1005.2,1010.1,2,3.1,0,409.2,0
2015-07-16 12:21:31,5,60,21.4,73,12.7,1005,1009.9,1.7,2.7,4,409.2,0
2015-07-16 12:26:31,5,60,21.4,73,12.7,1004.9,1009.8,2.4,3.4,2,409.2,0
2015-07-16 12:31:31,5,60,21.4,74,12.6,1004.7,1009.6,3.1,5.1,0,409.5,0
2015-07-16 12:36:31,5,60,21.4,74,12.7,1004.4,1009.3,2.7,4.1,2,409.5,0
2015-07-16 12:41:31,5,60,21.4,74,12.7,1004.5,1009.4,3.1,3.7,0,409.5,0
2015-07-16 12:46:31,5,60,21.4,75,12.6,1004.3,1009.2,2.7,3.4,0,409.5,0
2015-07-16 12:51:31,5,60,21.4,75,12.6,1004.2,1009.1,2.4,3.1,4,409.5,0
2015-07-16 12:56:31,5,60,21.4,75,12.5,1004.1,1009,2.4,3.1,2,409.5,0
2015-07-16 13:01:31,5,60,21.4,75,12.6,1003.9,1008.8,3.1,4.1,2,409.5,0
2015-07-16 13:06:31,5,60,21.4,75,12.6,1003.6,1008.5,2.7,3.4,0,409.5,0
2015-07-16 13:11:31,5,60,21.4,76,12.9,1003.4,1008.3,4.8,5.8,4,409.5,0
2015-07-16 13:16:31,5,60,21.4,76,13,1003.5,1008.4,3.1,4.4,2,409.5,0
2015-07-16 13:21:31,5,60,21.4,76,13,1003.3,1008.2,2.4,3.7,0,409.8,0
2015-07-16 13:26:31,5,60,21.4,76,13,1003.2,1008.1,4.1,5.4,0,409.8,0
2015-07-16 13:31:31,5,60,21.4,76,13,1003.2,1008.1,4.8,6.1,14,409.8,0
2015-07-16 13:36:31,5,60,21.4,76,13.1,1003,1007.9,2.7,5.1,2,409.8,0
2015-07-16 13:41:31,5,60,21.3,76,13.1,1002.8,1007.7,3.1,4.1,4,409.8,0
2015-07-16 13:46:31,5,61,21.4,76,13.2,1002.6,1007.5,3.1,4.1,2,409.8,0
2015-07-16 13:51:31,5,61,21.4,76,13.4,1002.5,1007.4,2.7,4.4,14,409.8,0
2015-07-16 13:56:31,5,61,21.4,76,13.5,1002.4,1007.3,4.1,5.4,15,409.8,0
2015-07-16 14:01:31,5,61,21.4,76,13.5,1002.1,1007,3.7,7.1,0,409.8,0
2015-07-16 14:06:31,5,62,21.4,76,13.6,1002,1006.9,3.1,4.8,2,409.8,0
2015-07-16 14:11:31,5,62,21.4,76,13.6,1001.8,1006.7,3.4,4.8,2,409.8,0
2015-07-16 14:16:31,5,62,21.4,77,13.6,1001.9,1006.8,5.1,7.1,4,409.8,0
2015-07-16 14:21:31,5,62,21.4,77,13.7,1001.7,1006.6,3.4,6.8,4,409.8,0
2015-07-16 14:26:31,5,62,21.4,77,13.6,1001.7,1006.6,4.1,7.8,2,409.8,0
2015-07-16 14:31:31,5,62,21.4,77,13.6,1001.8,1006.7,4.1,5.4,4,409.8,0
2015-07-16 14:36:31,5,62,21.4,76,13.5,1001.7,1006.6,3.7,7.5,0,409.8,0
2015-07-16 14:41:31,5,62,21.4,76,13.5,1001.4,1006.3,3.4,5.1,2,409.8,0
2015-07-16 14:46:31,5,61,21.3,77,13.5,1001.1,1006,2.7,3.7,2,410.1,0
2015-07-16 14:51:31,5,61,21.4,77,13.5,1001.1,1006,4.1,5.8,0,410.1,0
2015-07-16 14:56:31,5,61,21.4,77,13.5,1001.1,1006,2.7,3.7,14,410.1,0
2015-07-16 15:01:31,5,61,21.4,77,13.5,1000.8,1005.7,5.1,6.8,0,410.1,0
2015-07-16 15:06:31,5,61,21.4,77,13.5,1001,1005.9,5.1,6.5,0,410.1,0
2015-07-16 15:11:31,5,60,21.4,77,13.6,1001,1005.9,2.4,4.1,4,410.1,0
2015-07-16 15:16:31,5,60,21.4,77,13.6,1000.8,1005.7,3.1,5.1,2,410.1,0
2015-07-16 15:21:31,5,61,21.4,77,13.6,1000.9,1005.8,3.1,3.7,0,410.1,0
2015-07-16 15:26:31,5,61,21.4,77,13.6,1000.5,1005.4,3.1,5.4,15,410.1,0
2015-07-16 15:31:31,5,61,21.4,77,13.6,1000.4,1005.3,3.4,5.1,4,410.1,0
2015-07-16 15:36:31,5,61,21.4,77,13.7,1000.1,1005,3.7,5.8,0,410.1,0
2015-07-16 15:41:31,5,61,21.4,77,13.8,1000.1,1005,1.7,2.4,0,410.1,0
2015-07-16 15:46:31,5,61,21.4,77,13.8,1000.3,1005.2,2.7,3.7,2,410.1,0
2015-07-16 15:51:31,5,61,21.4,77,13.9,1000.1,1005,4.1,5.4,14,410.1,0
2015-07-16 15:56:31,5,61,21.4,76,14,999.9,1004.8,3.7,4.1,0,410.1,0
2015-07-16 16:01:31,5,61,21.3,76,14.2,999.8,1004.7,3.1,5.1,1,410.1,0
2015-07-16 16:06:31,5,61,21.4,76,14.3,999.6,1004.5,3.7,4.8,2,410.1,0
2015-07-16 16:11:31,5,61,21.4,76,14.4,999.5,1004.4,3.4,4.8,0,410.4,0
2015-07-16 16:16:31,5,61,21.4,76,14.5,999.1,1004,4.4,6.1,4,410.4,0
2015-07-16 16:21:31,5,61,21.4,76,14.6,998.8,1003.7,3.7,5.8,0,410.4,0
2015-07-16 16:26:31,5,61,21.4,76,14.7,998.7,1003.6,4.4,6.5,4,410.4,0
2015-07-16 16:31:31,5,61,21.4,76,14.8,998.8,1003.7,4.1,5.8,2,410.4,0
2015-07-16 16:36:31,5,61,21.4,76,14.9,998.7,1003.6,4.1,5.8,2,410.4,0
2015-07-16 16:41:31,5,61,21.4,75,15,998.3,1003.2,7.1,8.8,4,410.4,0
2015-07-16 16:46:31,5,61,21.4,75,15.1,998.3,1003.2,3.4,5.4,4,410.4,0
2015-07-16 16:51:31,5,61,21.4,75,15.1,998.3,1003.2,5.1,7.1,4,410.4,0
2015-07-16 16:56:31,5,61,21.3,75,15.1,998.3,1003.2,3.1,6.1,3,410.4,0
2015-07-16 17:01:31,5,61,21.4,75,15.2,998,1002.9,2.4,3.4,2,410.4,0
2015-07-16 17:06:31,5,61,21.3,75,15.2,998.1,1003,3.1,5.1,4,410.4,0
2015-07-16 17:11:31,5,61,21.4,75,15.2,997.8,1002.7,5.1,5.4,8,410.4,0
2015-07-16 17:16:31,5,61,21.4,75,15.3,997.8,1002.7,3.1,5.1,0,410.4,0
2015-07-16 17:21:31,5,61,21.4,75,15.5,997.8,1002.7,3.7,5.4,2,410.4,0
2015-07-16 17:26:31,5,61,21.4,75,15.5,997.6,1002.5,4.4,6.8,2,410.4,0
2015-07-16 17:31:31,5,61,21.3,75,15.5,997.5,1002.4,2.4,4.8,2,410.4,0
2015-07-16 17:36:31,5,61,21.4,75,15.5,997.3,1002.2,3.1,4.8,4,410.4,0
2015-07-16 17:41:31,5,61,21.3,75,15.7,997.1,1002,3.7,6.1,2,410.4,0
2015-07-16 17:46:31,5,62,21.4,76,15.9,997.2,1002.1,3.4,5.1,3,410.4,0
2015-07-16 17:51:31,5,64,21.4,76,15.9,997.1,1002,4.8,6.8,13,410.4,0
2015-07-16 17:56:31,5,65,21.4,76,15.9,997.1,1002,4.4,5.8,8,410.4,0
2015-07-16 18:01:31,5,66,21.4,76,15.8,997.1,1002,3.4,5.1,3,410.4,0
2015-07-16 18:06:31,5,67,21.3,76,15.8,997,1001.9,3.7,5.4,2,410.4,0
2015-07-16 18:11:31,5,67,21.3,76,15.8,996.9,1001.8,3.7,4.4,3,410.4,0
2015-07-16 18:16:31,5,67,21.3,76,15.8,996.8,1001.7,3.4,4.8,14,410.4,0
2015-07-16 18:21:31,5,67,21.3,76,15.9,996.7,1001.6,2,2.7,2,410.4,0
2015-07-16 18:26:31,5,67,21.3,76,15.9,996.5,1001.4,4.8,6.5,2,410.4,0
2015-07-16 18:31:31,5,67,21.3,76,16,996.4,1001.3,3.4,4.8,4,410.4,0
2015-07-16 18:36:31,5,66,21.2,76,16.1,996.3,1001.2,3.1,3.7,2,410.4,0
2015-07-16 18:41:31,5,67,21.3,76,16.2,996.2,1001.1,3.7,5.4,0,410.4,0
2015-07-16 18:46:31,5,66,21.3,76,16.2,996.1,1001,2.4,3.7,4,410.4,0
2015-07-16 18:51:31,5,66,21.3,76,16.3,996,1000.9,3.1,4.1,2,410.4,0
2015-07-16 18:56:31,5,66,21.2,76,16.3,995.9,1000.8,2.7,3.7,2,410.4,0
2015-07-16 19:01:31,5,66,21.3,76,16.3,996,1000.9,2,3.1,4,410.4,0
2015-07-16 19:06:31,5,66,21.2,76,16.4,995.9,1000.8,1.7,3.1,2,410.4,0
2015-07-16 19:11:31,5,66,21.2,76,16.4,995.8,1000.7,3.1,4.1,4,410.4,0
2015-07-16 19:16:31,5,66,21.3,76,16.4,995.8,1000.7,3.1,4.8,4,410.4,0
2015-07-16 19:21:31,5,66,21.3,76,16.5,995.6,1000.5,2,3.1,4,410.4,0
2015-07-16 19:26:31,5,65,21.3,76,16.5,995.5,1000.4,2,3.7,2,410.4,0
2015-07-16 19:31:31,5,66,21.3,76,16.6,995.6,1000.5,2.7,3.7,14,410.4,0
2015-07-16 19:36:31,5,66,21.4,76,16.6,995.4,1000.3,2,2.7,6,410.4,0
2015-07-16 19:41:31,5,67,21.4,76,16.7,995.5,1000.4,2.7,3.4,4,410.4,0
2015-07-16 19:46:31,5,67,21.4,76,16.6,995.3,1000.2,2,6.1,1,410.4,0
2015-07-16 19:51:31,5,67,21.4,75,16.7,995.4,1000.3,2.7,4.4,4,410.4,0
2015-07-16 19:56:31,5,68,21.4,75,16.7,995.3,1000.2,2.4,3.1,3,410.7,0
2015-07-16 20:01:31,5,68,21.4,74,16.8,995.2,1000.1,2.7,3.7,4,410.7,0
2015-07-16 20:06:31,5,69,21.3,73,16.8,995.2,1000.1,3.1,5.4,4,410.7,0
2015-07-16 20:11:31,5,68,21.7,72,16.9,995.1,1000,3.1,5.1,2,410.7,0
2015-07-16 20:16:31,5,69,21.7,72,16.9,995,999.9,3.1,3.7,4,410.7,0
2015-07-16 20:21:31,5,69,21.7,72,16.9,995.1,1000,3.7,6.1,2,410.7,0
2015-07-16 20:26:31,5,69,21.7,72,16.9,995.1,1000,3.1,4.4,2,410.7,0
2015-07-16 20:31:31,5,70,21.7,72,16.8,994.9,999.8,2,3.4,14,410.7,0
2015-07-16 20:36:31,5,70,21.6,72,16.8,995,999.9,2.7,4.4,2,410.7,0
2015-07-16 20:41:31,5,70,21.7,72,16.7,994.9,999.8,2.4,3.4,4,410.7,0
2015-07-16 20:46:31,5,70,21.7,72,16.6,995.2,1000.1,2.4,4.4,4,410.7,0
2015-07-16 20:51:31,5,70,21.7,72,16.6,995.1,1000,1,2.4,4,410.7,0
2015-07-16 20:56:31,5,70,21.7,72,16.6,994.9,999.8,0.7,1.7,2,410.7,0
2015-07-16 21:01:31,5,71,21.7,72,16.5,994.9,999.8,3.1,6.1,4,410.7,0
2015-07-16 21:06:31,5,71,21.7,72,16.6,995,999.9,1.4,3.1,2,410.7,0
2015-07-16 21:11:31,5,71,21.7,72,16.5,995.2,1000.1,1.4,2.4,10,410.7,0
2015-07-16 21:16:31,5,71,21.7,72,16.5,995.1,1000,0.3,0.7,0,410.7,0
2015-07-16 21:21:31,5,71,21.7,72,16.4,995.1,1000,0.7,1.4,8,410.7,0
2015-07-16 21:26:31,5,70,21.6,72,16.3,994.8,999.7,0,0.3,2,410.7,0
2015-07-16 21:31:31,5,70,21.6,72,16.3,995,999.9,0.3,1.4,10,410.7,0
2015-07-16 21:36:31,5,69,21.7,71,16.1,994.9,999.8,2,3.1,4,410.7,0
2015-07-16 21:41:31,5,69,21.7,70,16.1,994.8,999.7,1.7,4.4,2,410.7,0
2015-07-16 21:46:31,5,69,21.7,69,16.1,994.6,999.5,2.7,5.1,12,410.7,0
2015-07-16 21:51:31,5,69,21.7,69,16,994.6,999.5,2.4,4.4,2,410.7,0
2015-07-16 21:56:31,5,69,21.6,71,15.9,994.6,999.5,2.4,3.7,2,410.7,0
2015-07-16 22:01:31,5,69,21.6,71,15.9,994.5,999.4,3.1,4.4,2,410.7,0
2015-07-16 22:06:31,5,69,21.6,71,15.7,994.6,999.5,2,3.7,3,410.7,0
2015-07-16 22:11:31,5,69,21.7,71,15.7,994.4,999.3,2.7,4.1,2,410.7,0
2015-07-16 22:16:31,5,69,21.7,71,15.7,994.4,999.3,2.7,4.4,2,410.7,0
2015-07-16 22:21:31,5,69,21.6,71,15.6,994.3,999.2,3.4,4.1,2,410.7,0
2015-07-16 22:26:31,5,69,21.6,71,15.6,994.4,999.3,1,1.7,2,410.7,0
2015-07-16 22:31:31,5,69,21.6,71,15.5,994.2,999.1,2,3.4,0,410.7,0
2015-07-16 22:36:31,5,69,21.6,70,15.4,994.4,999.3,1.4,2.7,8,410.7,0
2015-07-16 22:41:31,5,69,21.7,69,15.4,994.3,999.2,1.7,3.1,8,410.7,0
2015-07-16 22:46:31,5,69,21.6,69,15.4,994.3,999.2,0.3,1,12,410.7,0
2015-07-16 22:51:31,5,69,21.6,69,15.4,994.1,999,0.3,1,14,410.7,0
2015-07-16 22:56:31,5,69,21.7,69,15.3,994.2,999.1,0.3,0.7,10,410.7,0
2015-07-16 23:01:31,5,69,21.6,69,15.3,994.4,999.3,1,1.7,4,410.7,0
2015-07-16 23:06:31,5,69,21.7,69,15.3,994.1,999,1,1.7,10,410.7,0
2015-07-16 23:11:31,5,68,21.4,69,15.3,994.2,999.1,0.7,1.7,2,410.7,0
2015-07-16 23:16:31,5,68,21.7,70,15.3,994.2,999.1,1.4,2,2,410.7,0
2015-07-16 23:21:31,5,69,21.7,70,15.2,994,998.9,3.1,4.8,2,410.7,0
2015-07-16 23:26:31,5,69,21.3,70,15.2,993.9,998.8,1.4,2,14,410.7,0
2015-07-16 23:31:31,5,69,21.4,70,15.2,993.9,998.8,2,3.1,0,410.7,0
2015-07-16 23:36:31,5,69,21.3,70,15.2,993.8,998.7,2.4,4.4,4,410.7,0
2015-07-16 23:41:31,5,69,21.3,70,15.2,993.8,998.7,1.4,2.4,2,410.7,0
2015-07-16 23:46:31,5,69,21.3,70,15.2,993.6,998.5,2.4,5.8,2,410.7,0
2015-07-16 23:51:31,5,69,21.3,70,15.2,993.6,998.5,2.4,4.4,10,410.7,0
2015-07-16 23:56:31,5,69,21.3,69,15.2,993.6,998.5,1.4,2.4,10,410.7,0
