2015-07-05 00:02:34,5,57,21.8,73,11.4,1008.4,1013.3,0.7,1.4,8,389.1,0
2015-07-05 00:07:34,5,57,21.8,73,11.5,1008.6,1013.5,0.3,1.4,8,389.1,0
2015-07-05 00:12:34,5,57,21.7,73,11.5,1008.3,1013.2,1.4,2.4,8,389.1,0
2015-07-05 00:17:34,5,58,21.7,73,11.6,1008.4,1013.3,0.3,1,8,389.1,0
2015-07-05 00:22:34,5,58,21.7,73,11.6,1008.4,1013.3,0.7,1.4,8,389.1,0
2015-07-05 00:27:34,5,58,21.7,73,11.5,1008.3,1013.2,0,0.3,8,389.1,0
2015-07-05 00:32:34,5,58,21.7,73,11.4,1008.4,1013.3,1,1.4,12,389.1,0
2015-07-05 00:37:34,5,58,21.7,73,11.3,1008.5,1013.4,1,2,4,389.1,0
2015-07-05 00:42:34,5,58,21.7,73,11.1,1008.5,1013.4,1.7,3.1,2,389.1,0
2015-07-05 00:47:34,5,58,21.7,74,10.8,1008.3,1013.2,2,2.7,4,389.1,0
2015-07-05 00:52:34,5,58,21.7,74,10.5,1008.5,1013.4,1.7,2.4,4,389.1,0
2015-07-05 00:57:34,5,58,21.7,75,10.5,1008.4,1013.3,2,2.7,2,389.1,0
2015-07-05 01:02:34,5,58,21.7,75,10.6,1008.5,1013.4,2,2.7,4,389.1,0
2015-07-05 01:07:34,5,58,21.7,75,10.6,1008.6,1013.5,1.4,2,4,389.1,0
2015-07-05 01:12:34,5,58,21.7,75,10.5,1008.4,1013.3,0.3,0.7,10,389.1,0
2015-07-05 01:17:34,5,58,21.7,75,10.5,1008.3,1013.2,1,2.4,0,389.1,0
2015-07-05 01:22:34,5,58,21.7,76,10.7,1008.3,1013.2,1,1.7,12,389.1,0
2015-07-05 01:27:34,5,58,21.7,76,10.8,1008,1012.9,0.3,0.7,2,389.1,0
2015-07-05 01:32:34,5,58,21.7,76,10.9,1008,1012.9,1.4,2.7,2,389.1,0
2015-07-05 01:37:34,5,58,21.7,76,10.9,1008.2,1013.1,1,1.7,2,389.1,0
2015-07-05 01:42:34,5,58,21.7,76,10.6,1008.2,1013.1,1,1.7,4,389.1,0
2015-07-05 01:47:34,5,58,21.4,75,10.2,1008,1012.9,0.7,1,4,389.1,0
2015-07-05 01:52:34,5,58,21.4,75,10,1008,1012.9,1,1.7,4,389.1,0
2015-07-05 01:58:34,5,58,21.4,75,10,1007.9,1012.8,1.4,2,4,389.1,0
2015-07-05 02:02:34,5,58,21.4,77,9.9,1007.9,1012.8,1.4,1.7,4,389.1,0
2015-07-05 02:07:34,5,58,21.4,76,9.6,1007.9,1012.8,1.7,2,2,389.1,0
2015-07-05 02:12:34,5,58,21.4,77,9.5,1007.7,1012.6,2,2.7,2,389.1,0
2015-07-05 02:17:34,5,58,21.4,77,9.9,1007.9,1012.8,1.4,2.7,4,389.1,0
2015-07-05 02:22:34,5,58,21.4,76,10.2,1007.9,1012.8,1.4,2.4,4,389.1,0
2015-07-05 02:27:34,5,59,21.4,77,10.4,1007.8,1012.7,2,3.1,4,389.1,0
2015-07-05 02:32:34,5,59,21.4,77,10.4,1007.9,1012.8,0.7,1.7,4,389.1,0
2015-07-05 02:37:34,5,59,21.4,77,10.4,1007.7,1012.6,1.4,2,4,389.1,0
2015-07-05 02:42:34,5,59,21.4,77,10.4,1007.6,1012.5,1,1.7,2,389.1,0
2015-07-05 02:47:34,5,59,21.4,77,10.4,1007.6,1012.5,0.7,1.7,0,389.1,0
2015-07-05 02:52:34,5,59,21.4,77,10.4,1007.5,1012.4,1.4,2,4,389.1,0
2015-07-05 02:57:34,5,59,21.4,76,10.2,1007.5,1012.4,1.4,1.7,2,389.1,0
2015-07-05 03:02:34,5,59,21.4,76,10,1007.4,1012.3,2,2.7,4,389.1,0
2015-07-05 03:07:34,5,59,21.4,76,10.1,1007.3,1012.2,1.4,2.4,2,389.1,0
2015-07-05 03:12:34,5,59,21.4,76,10.1,1007.3,1012.2,1.7,3.1,4,389.1,0
2015-07-05 03:17:34,5,59,21.4,76,10.1,1007.2,1012.1,1.7,2.4,2,389.1,0
2015-07-05 03:22:34,5,59,21.4,76,10.1,1007.3,1012.2,2,2.7,3,389.1,0
2015-07-05 03:27:34,5,59,21.4,76,10.1,1007.3,1012.2,1.7,2,3,389.1,0
2015-07-05 03:32:34,5,59,21.4,76,10.1,1007.3,1012.2,1.7,2.7,2,389.1,0
2015-07-05 03:37:34,5,59,21.4,77,10.1,1007.3,1012.2,2.4,3.1,3,389.1,0
2015-07-05 03:42:34,5,59,21.3,77,10.2,1007.4,1012.3,2,3.1,2,389.1,0
2015-07-05 03:47:34,5,59,21.3,77,10.3,1007.5,1012.4,2.7,3.4,12,389.1,0
2015-07-05 03:52:34,5,59,21.3,77,10.4,1007.5,1012.4,2,2.7,4,389.1,0
2015-07-05 03:58:34,5,59,21.3,77,10.4,1007.3,1012.2,2.4,3.1,0,389.1,0
2015-07-05 04:02:34,5,59,21.3,77,10.4,1007.2,1012.1,1.4,2,4,389.1,0
2015-07-05 04:07:34,5,59,21.3,77,10.2,1007.2,1012.1,0.7,1.7,0,389.1,0
2015-07-05 04:12:34,5,59,21.3,77,10.2,1007.1,1012,1.7,2.7,4,389.1,0
2015-07-05 04:17:34,5,59,21.3,77,10.1,1007.2,1012.1,1,1.4,2,389.1,0
2015-07-05 04:22:34,5,59,21.3,78,9.9,1007.1,1012,1,1.4,1,389.1,0
2015-07-05 04:27:34,5,59,21.3,77,9.7,1007,1011.9,1,2,2,389.1,0
2015-07-05 04:32:34,5,59,21.3,78,9.7,1007,1011.9,1.7,2.7,4,389.1,0
2015-07-05 04:37:34,5,59,21.3,78,9.8,1007,1011.9,2,2.7,4,389.1,0
2015-07-05 04:42:34,5,59,21.2,77,10.1,1007,1011.9,2.4,3.4,4,389.1,0
2015-07-05 04:47:34,5,59,21.2,77,10.2,1007.1,1012,1.7,3.1,4,389.1,0
2015-07-05 04:52:34,5,59,21.2,77,10.2,1007,1011.9,1.4,2.4,4,389.1,0
2015-07-05 04:57:34,5,59,21.3,77,10.3,1007,1011.9,2.7,3.4,2,389.1,0
2015-07-05 05:02:34,5,59,21.2,77,10.4,1007,1011.9,3.1,3.7,4,389.1,0
2015-07-05 05:07:34,5,59,21.2,77,10.4,1007,1011.9,2,2.7,2,389.1,0
2015-07-05 05:12:34,5,59,21.2,77,10.3,1007,1011.9,2,2.7,2,389.1,0
2015-07-05 05:17:34,5,59,21.2,77,10.4,1006.9,1011.8,2.4,3.4,4,389.1,0
2015-07-05 05:22:34,5,59,21.2,77,10.5,1007.1,1012,1.7,3.1,4,389.1,0
2015-07-05 05:27:34,5,59,21.2,77,10.6,1006.9,1011.8,2,3.4,4,389.1,0
2015-07-05 05:32:34,5,59,21.2,77,10.6,1007,1011.9,2.7,3.7,3,389.1,0
2015-07-05 05:37:34,5,59,21.2,77,10.7,1006.9,1011.8,1.7,2.7,2,389.1,0
2015-07-05 05:42:34,5,59,21.2,77,10.7,1006.9,1011.8,2,2.7,4,389.1,0
2015-07-05 05:47:34,5,59,21.2,77,10.8,1006.8,1011.7,2,3.1,4,389.1,0
2015-07-05 05:52:34,5,59,21.2,77,10.9,1007,1011.9,2.7,4.1,2,389.1,0
2015-07-05 05:57:34,5,59,21.2,77,10.9,1006.8,1011.7,3.1,4.1,4,389.1,0
2015-07-05 06:02:34,5,59,21.2,77,11,1006.9,1011.8,2.7,4.1,4,389.1,0
2015-07-05 06:07:34,5,59,21.2,77,11,1006.8,1011.7,2.7,4.4,4,389.1,0
2015-07-05 06:12:34,5,59,21.2,77,11.1,1006.9,1011.8,3.1,4.1,4,389.1,0
2015-07-05 06:17:34,5,59,21.2,77,11.3,1006.8,1011.7,3.1,3.7,2,389.1,0
2015-07-05 06:22:34,5,59,21.2,77,11.4,1006.8,1011.7,2.7,4.4,2,389.1,0
2015-07-05 06:27:34,5,59,21.2,77,11.5,1006.8,1011.7,2.4,3.4,4,389.1,0
2015-07-05 06:32:34,5,59,21.3,77,11.7,1006.8,1011.7,1.7,2.7,4,389.1,0
2015-07-05 06:37:34,5,59,21.3,77,11.9,1006.8,1011.7,2,3.4,4,389.1,0
2015-07-05 06:42:34,5,59,21.3,76,12,1006.8,1011.7,2,3.1,0,389.1,0
2015-07-05 06:47:34,5,59,21.3,76,12.2,1006.6,1011.5,1.7,3.4,4,389.1,0
2015-07-05 06:52:34,5,59,21.4,75,12.2,1006.6,1011.5,2.4,3.4,4,389.1,0
2015-07-05 06:58:34,5,59,21.3,75,12.4,1006.7,1011.6,1.7,3.1,3,389.1,0
2015-07-05 07:02:34,5,59,21.4,75,13.1,1006.6,1011.5,2,3.1,4,389.1,0
2015-07-05 07:07:34,5,59,21.4,75,13.8,1006.5,1011.4,3.7,4.8,4,389.1,0
2015-07-05 07:12:34,5,59,21.4,71,14.2,1006.4,1011.3,3.1,4.1,4,389.1,0
2015-07-05 07:17:34,5,59,21.4,70,14.5,1006.4,1011.3,3.1,3.7,8,389.1,0
2015-07-05 07:22:34,5,59,21.4,69,14.9,1006.3,1011.2,3.4,4.4,12,389.1,0
2015-07-05 07:27:34,5,59,21.4,67,15,1006.3,1011.2,3.1,3.7,4,389.1,0
2015-07-05 07:32:34,5,59,21.4,67,15,1006.4,1011.3,2.4,3.1,2,389.1,0
2015-07-05 07:37:34,5,59,21.7,67,15.1,1006.4,1011.3,2.7,4.1,4,389.1,0
2015-07-05 07:42:34,5,59,21.6,67,15.2,1006.6,1011.5,2.7,3.7,4,389.1,0
2015-07-05 07:47:34,5,59,21.7,67,15.4,1006.3,1011.2,2.4,3.1,3,389.1,0
2015-07-05 07:52:34,5,59,21.7,66,15.3,1006.5,1011.4,1.4,2,15,389.1,0
2015-07-05 07:58:34,5,59,21.7,66,15.2,1006.5,1011.4,2.4,3.1,4,389.1,0
2015-07-05 08:02:34,5,59,21.7,66,15,1006.5,1011.4,1.7,2.4,3,389.1,0
2015-07-05 08:07:34,5,59,21.7,65,15.4,1006.4,1011.3,0.7,1.7,10,389.1,0
2015-07-05 08:12:34,5,59,21.7,64,16.2,1006.5,1011.4,1.4,2.4,4,389.1,0
2015-07-05 08:17:34,5,59,21.7,62,16.5,1006.5,1011.4,2.4,4.4,3,389.1,0
2015-07-05 08:22:34,5,59,21.8,64,15.6,1006.5,1011.4,2,2.7,4,389.1,0
2015-07-05 08:27:34,5,59,21.8,64,15.4,1006.4,1011.3,1,2,2,389.1,0
2015-07-05 08:32:34,5,59,21.7,64,15.3,1006.4,1011.3,1.7,2.7,4,389.1,0
2015-07-05 08:37:34,5,59,21.8,64,15.5,1006.4,1011.3,1.7,2.4,14,389.1,0
2015-07-05 08:42:34,5,59,21.8,64,15.8,1006.4,1011.3,1.4,2,2,389.1,0
2015-07-05 08:47:34,5,59,21.8,62,16.8,1006.5,1011.4,1.7,2.7,2,389.1,0
2015-07-05 08:52:34,5,58,22,59,16.9,1006.1,1011,2,3.1,4,389.1,0
2015-07-05 08:57:34,5,58,22,60,16.3,1006,1010.9,0.7,1,8,389.1,0
2015-07-05 09:02:34,5,58,22,61,16.5,1006.2,1011.1,1.7,2.4,8,389.1,0
2015-07-05 09:07:34,5,58,22,57,16.1,1006.2,1011.1,0.7,1.4,8,389.1,0
2015-07-05 09:12:34,5,58,22,58,16,1006.2,1011.1,1.7,2.7,8,389.1,0
2015-07-05 09:17:34,5,58,22,60,15.9,1006.1,1011,0.7,1.4,10,389.1,0
2015-07-05 09:22:34,5,58,22,60,16.3,1006.1,1011,1,2.4,8,389.1,0
2015-07-05 09:27:34,5,58,22,58,17,1006,1010.9,1.4,2.4,4,389.1,0
2015-07-05 09:32:34,5,58,22,56,18.6,1005.9,1010.8,0.7,1,8,389.1,0
2015-07-05 09:37:34,5,58,22,54,18.8,1006,1010.9,0.7,1.4,8,389.1,0
2015-07-05 09:42:34,5,58,22,54,17.9,1006,1010.9,1,1.7,10,389.1,0
2015-07-05 09:47:34,5,58,22.1,58,16.8,1006,1010.9,1,1.7,10,389.1,0
2015-07-05 09:52:34,5,58,22.1,60,16.1,1006,1010.9,0.7,1,10,389.1,0
2015-07-05 09:58:34,5,58,22.1,63,15.8,1006.1,1011,0.7,1,12,389.1,0
2015-07-05 10:02:34,5,58,22.1,63,15.8,1006,1010.9,0.3,1,10,389.1,0
2015-07-05 10:07:34,5,58,22.1,63,15.9,1005.8,1010.7,0.3,0.7,10,389.1,0
2015-07-05 10:12:34,5,58,22.1,62,17.1,1005.9,1010.8,0.7,1.7,10,389.1,0
2015-07-05 10:17:34,5,58,22.1,58,17.9,1005.7,1010.6,0.7,1.4,10,389.1,0
2015-07-05 10:22:34,5,58,22.1,57,17.6,1005.8,1010.7,0.3,1,10,389.1,0
2015-07-05 10:27:34,5,57,22.1,59,17.6,1005.7,1010.6,1.4,2,8,389.1,0
2015-07-05 10:32:34,5,57,22.1,56,17.7,1005.8,1010.7,0.7,1.4,10,389.1,0
2015-07-05 10:37:34,5,57,22.1,55,18.1,1005.7,1010.6,1,2,14,389.1,0
2015-07-05 10:42:34,5,56,22.1,55,18.2,1005.5,1010.4,0.3,1,10,389.1,0
2015-07-05 10:47:34,5,55,22.1,52,17.6,1005.6,1010.5,2,3.1,8,389.1,0
2015-07-05 10:52:34,5,54,22.1,55,17,1005.6,1010.5,2,3.1,8,389.1,0
2015-07-05 10:57:34,5,54,22.1,59,17.6,1005.7,1010.6,1,2,9,389.1,0
2015-07-05 11:02:34,5,54,22.1,58,17.9,1005.7,1010.6,1,2,8,389.1,0
2015-07-05 11:07:34,5,54,22.2,55,18.1,1005.7,1010.6,2,2.7,8,389.1,0
2015-07-05 11:12:34,5,54,22.2,54,17.9,1005.7,1010.6,2,3.7,8,389.1,0
2015-07-05 11:17:34,5,54,22.2,55,17.1,1006,1010.9,1.4,1.7,10,389.1,0
2015-07-05 11:22:34,5,53,22.2,56,16.8,1005.9,1010.8,1.4,2.4,8,389.1,0
2015-07-05 11:27:34,5,52,22.2,56,16.7,1005.9,1010.8,1,2.4,10,389.1,0
2015-07-05 11:32:34,5,52,22.2,57,16.5,1005.9,1010.8,0.7,1.7,8,389.1,0
2015-07-05 11:37:34,5,52,22.2,58,17,1005.9,1010.8,1.4,2.4,10,389.1,0
2015-07-05 11:42:34,5,52,22.2,58,17,1005.9,1010.8,1.4,2,9,389.1,0
2015-07-05 11:47:34,5,52,22.2,59,17.5,1005.9,1010.8,1,2,8,389.1,0
2015-07-05 11:52:34,5,52,22.2,55,17.9,1005.8,1010.7,1,1.7,10,389.1,0
2015-07-05 11:57:34,5,52,22.2,53,18.4,1005.8,1010.7,1.4,2,12,389.1,0
2015-07-05 12:02:34,5,51,22.3,54,18.5,1005.7,1010.6,0.7,1.4,9,389.1,0
2015-07-05 12:07:34,5,51,22.3,54,18.8,1005.6,1010.5,0.7,1.7,10,389.1,0
2015-07-05 12:12:34,5,51,22.3,51,19.3,1005.6,1010.5,1,1.4,10,389.1,0
2015-07-05 12:17:34,5,51,22.3,49,19.5,1005.6,1010.5,1,1.4,10,389.1,0
2015-07-05 12:22:34,5,51,22.3,51,18.8,1005.7,1010.6,1.4,2.4,8,389.1,0
2015-07-05 12:27:34,5,51,22.3,52,18.3,1005.8,1010.7,1,1.7,14,389.1,0
2015-07-05 12:32:34,5,52,22.4,53,18.1,1005.7,1010.6,1.4,2.4,8,389.1,0
2015-07-05 12:37:34,5,52,22.4,54,17.7,1005.6,1010.5,1,1.7,10,389.1,0
2015-07-05 12:42:34,5,52,22.4,54,17.3,1005.8,1010.7,1.4,1.7,14,389.1,0
2015-07-05 12:47:34,5,53,22.4,56,17,1005.7,1010.6,2,3.1,12,389.1,0
2015-07-05 12:52:34,5,53,22.4,57,16.5,1005.8,1010.7,1.4,2,8,389.1,0
2015-07-05 12:57:34,5,53,22.5,58,16.3,1005.7,1010.6,1.4,1.7,12,389.1,0
2015-07-05 13:02:34,5,54,22.5,59,16.5,1005.9,1010.8,1,2,10,389.1,0
2015-07-05 13:07:34,5,54,22.5,58,16.6,1006,1010.9,0.7,1,14,389.1,0
2015-07-05 13:12:34,5,54,22.5,57,16.7,1005.9,1010.8,0.7,1.4,12,389.1,0
2015-07-05 13:17:34,5,54,22.5,56,17.4,1005.9,1010.8,1,1.4,14,389.1,0
2015-07-05 13:22:34,5,54,22.6,56,18.3,1005.8,1010.7,1,1.7,2,389.1,0
2015-07-05 13:27:34,5,54,22.6,54,19.5,1005.8,1010.7,1,2,12,389.1,0
2015-07-05 13:32:34,5,54,22.6,52,18.4,1006,1010.9,1.4,2,12,389.1,0
2015-07-05 13:37:34,5,54,22.7,55,17.7,1005.8,1010.7,1,1.7,10,389.1,0
2015-07-05 13:42:34,5,55,22.6,54,18.6,1005.9,1010.8,0.7,1.4,10,389.1,0
2015-07-05 13:47:34,5,55,22.8,51,18.2,1006,1010.9,1.4,1.7,12,389.1,0
2015-07-05 13:52:34,5,55,22.8,53,17.4,1006,1010.9,1.4,2,10,389.1,0
2015-07-05 13:58:34,5,52,22.9,56,16.9,1006,1010.9,2,3.1,14,389.1,0
2015-07-05 14:02:33,5,52,23,58,16.9,1006.2,1011.1,1,2,10,389.1,0
2015-07-05 14:07:33,5,53,23,56,17.1,1006.1,1011,1.7,2.4,10,389.1,0
2015-07-05 14:12:33,5,53,23.1,55,17.9,1006,1010.9,2,3.4,10,389.1,0
2015-07-05 14:17:33,5,54,23.2,55,18.3,1006.2,1011.1,3.1,5.4,12,389.1,0
2015-07-05 14:22:33,5,54,23.3,55,18,1006.3,1011.2,2.4,4.4,10,389.1,0
2015-07-05 14:27:33,5,54,23.5,53,17.9,1006.2,1011.1,1.4,2.4,10,389.1,0
2015-07-05 14:32:33,5,54,23.6,55,17.7,1006.2,1011.1,1,2,10,389.1,0
2015-07-05 14:37:33,5,54,23.7,54,17.5,1006.1,1011,1.7,2.7,12,389.1,0
2015-07-05 14:42:33,5,54,23.8,55,17.9,1006.2,1011.1,3.4,5.8,10,389.1,0
2015-07-05 14:47:33,5,54,23.8,55,18.2,1006.1,1011,3.1,5.8,12,389.1,0
2015-07-05 14:52:33,5,54,23.9,55,18.1,1006.1,1011,3.4,6.5,12,389.1,0
2015-07-05 14:57:33,5,53,24.1,55,18.3,1006.2,1011.1,1.7,2.4,10,389.1,0
2015-07-05 15:02:33,5,53,24.2,55,18.1,1006.3,1011.2,1.4,2.4,12,389.1,0
2015-07-05 15:07:33,5,53,24.3,55,18.1,1006.1,1011,2,2.7,12,389.1,0
2015-07-05 15:12:33,5,53,24.4,52,18.3,1006.2,1011.1,2,3.7,11,389.1,0
2015-07-05 15:17:33,5,53,24.4,53,17.9,1006.2,1011.1,2.7,4.1,12,389.1,0
2015-07-05 15:22:33,5,52,24.5,53,17.7,1006.3,1011.2,1.4,2.4,10,389.1,0
2015-07-05 15:27:33,5,52,24.6,53,18.3,1006,1010.9,1.7,2.7,10,389.1,0
2015-07-05 15:32:33,5,52,24.7,54,18.4,1006.1,1011,2,3.1,10,389.1,0
2015-07-05 15:37:33,5,52,24.7,52,18.1,1006.2,1011.1,2.4,4.1,12,389.1,0
2015-07-05 15:42:33,5,51,24.8,55,17.3,1006.3,1011.2,3.1,4.1,14,389.1,0
2015-07-05 15:47:33,5,51,24.8,54,17.7,1006.3,1011.2,2.4,3.7,10,389.1,0
2015-07-05 15:52:33,5,51,24.9,53,17.7,1006.4,1011.3,3.7,5.1,10,389.1,0
2015-07-05 15:57:33,5,51,24.9,54,17.2,1006.4,1011.3,1.7,2.7,10,389.1,0
2015-07-05 16:02:33,5,50,24.9,55,17.2,1006.5,1011.4,2.7,3.4,14,389.1,0
2015-07-05 16:07:33,5,49,25,53,17.4,1006.6,1011.5,1.7,2.4,10,389.1,0
2015-07-05 16:12:33,5,49,25,54,17.5,1006.4,1011.3,1.7,2.7,14,389.1,0
2015-07-05 16:17:33,5,48,25.1,54,17.7,1006.6,1011.5,3.7,5.1,12,389.1,0
2015-07-05 16:22:33,5,48,25.1,54,17,1006.4,1011.3,2.7,4.1,14,389.1,0
2015-07-05 16:27:33,5,47,25.1,55,17.1,1006.7,1011.6,2.7,3.7,10,389.1,0
2015-07-05 16:32:33,5,47,25.1,55,17,1006.4,1011.3,3.1,3.7,10,389.1,0
2015-07-05 16:37:33,5,47,25.2,55,16.9,1006.7,1011.6,1.7,2.7,10,389.1,0
2015-07-05 16:42:33,5,46,25.3,57,16.2,1006.7,1011.6,2.7,3.7,12,389.1,0
2015-07-05 16:47:33,5,47,25.3,56,16.6,1006.7,1011.6,3.1,3.7,12,389.1,0
2015-07-05 16:52:33,5,47,25.3,56,16.5,1006.7,1011.6,1.4,2.4,11,389.1,0
2015-07-05 16:57:33,5,46,25.3,57,16.2,1006.8,1011.7,2,3.4,10,389.1,0
2015-07-05 17:02:33,5,47,25.3,57,16.3,1006.6,1011.5,2.4,3.7,0,389.1,0
2015-07-05 17:07:33,5,48,25.3,57,16.7,1006.8,1011.7,1.7,2.4,10,389.1,0
2015-07-05 17:12:33,5,48,25.4,55,17.3,1006.8,1011.7,3.1,4.8,14,389.1,0
2015-07-05 17:17:33,5,48,25.5,53,17.1,1006.9,1011.8,1.7,2.7,8,389.1,0
2015-07-05 17:22:33,5,48,25.5,54,17.2,1006.9,1011.8,4.1,5.4,12,389.1,0
2015-07-05 17:27:33,5,48,25.6,54,17.1,1006.9,1011.8,2,3.1,14,389.1,0
2015-07-05 17:32:33,5,48,25.7,54,16.9,1006.9,1011.8,3.1,4.4,12,389.1,0
2015-07-05 17:37:33,5,48,25.8,54,17.1,1007,1011.9,2,3.1,10,389.1,0
2015-07-05 17:42:33,5,48,25.9,53,17.1,1006.9,1011.8,1.4,2.7,14,389.1,0
2015-07-05 17:47:33,5,47,26,55,16.9,1006.9,1011.8,1.7,2.7,12,389.1,0
2015-07-05 17:52:33,5,47,26,55,17,1006.9,1011.8,3.1,4.1,12,389.1,0
2015-07-05 17:57:33,5,47,26.1,54,17,1006.9,1011.8,2.7,3.7,12,389.1,0
2015-07-05 18:02:33,5,42,26.2,54,17.2,1007,1011.9,1.7,2.4,10,389.1,0
2015-07-05 18:07:33,5,42,26.1,54,17.5,1006.9,1011.8,1.7,2.4,10,389.1,0
2015-07-05 18:12:33,5,40,26.1,53,17.4,1007,1011.9,0.7,1.4,10,389.1,0
2015-07-05 18:17:33,5,40,26.1,54,17.3,1006.9,1011.8,1.7,2.7,10,389.1,0
2015-07-05 18:22:33,5,40,26.1,54,17.2,1006.9,1011.8,2,3.1,12,389.1,0
2015-07-05 18:27:33,5,40,26.2,54,17.3,1006.8,1011.7,1.7,2.4,4,389.1,0
2015-07-05 18:32:33,5,39,27.1,54,17.1,1006.6,1011.5,2,3.1,12,389.1,0
2015-07-05 18:37:33,5,40,28.8,53,17,1006.7,1011.6,1.4,2,14,389.1,0
2015-07-05 18:42:33,5,37,30.1,56,16.5,1006.9,1011.8,1.4,2,10,389.1,0
2015-07-05 18:47:33,5,34,31.2,57,16.2,1007,1011.9,2.7,4.8,10,389.1,0
2015-07-05 18:52:33,5,33,31.8,58,15.9,1007,1011.9,1.7,2.7,12,389.1,0
2015-07-05 18:57:33,5,33,31.6,59,15.8,1007,1011.9,1.7,2.4,10,389.1,0
2015-07-05 19:02:33,5,34,31.1,59,15.9,1007.1,1012,1.4,2.4,14,389.1,0
2015-07-05 19:07:33,5,36,30.5,59,15.7,1007.3,1012.2,2.4,4.8,9,389.1,0
2015-07-05 19:12:33,5,38,29.8,59,15.7,1007.2,1012.1,2,3.7,14,389.1,0
2015-07-05 19:17:33,5,39,29.4,58,15.9,1007.4,1012.3,0.7,1.4,14,389.1,0
2015-07-05 19:22:33,5,41,28.9,58,16.3,1007.3,1012.2,0.7,1.4,12,389.1,0
2015-07-05 19:27:33,5,42,28.4,57,16.4,1007.5,1012.4,1.4,2,10,389.1,0
2015-07-05 19:32:33,5,42,28,57,16.4,1007.4,1012.3,1.4,2,12,389.1,0
2015-07-05 19:37:33,5,41,27.5,57,16.2,1007.6,1012.5,1,1.7,10,389.1,0
2015-07-05 19:42:33,5,41,27.2,57,16.1,1007.5,1012.4,1,1.7,10,389.1,0
2015-07-05 19:47:33,5,42,26.8,58,16.1,1007.4,1012.3,0.7,1.4,12,389.1,0
2015-07-05 19:52:33,5,43,26.8,58,16.1,1007.6,1012.5,1.7,3.1,10,389.1,0
2015-07-05 19:57:33,5,43,26.4,59,15.7,1007.7,1012.6,0.7,1,10,389.1,0
2015-07-05 20:02:33,5,44,26.4,59,15.5,1007.8,1012.7,1,1.4,14,389.1,0
2015-07-05 20:07:33,5,44,26.3,60,15.1,1007.7,1012.6,0.3,1,14,389.1,0
2015-07-05 20:12:33,5,45,26.1,61,14.7,1007.8,1012.7,0.3,0.7,10,389.1,0
2015-07-05 20:17:33,5,46,25.9,61,14.4,1007.8,1012.7,0.3,1,10,389.1,0
2015-07-05 20:22:33,5,42,25.8,62,14.1,1008,1012.9,0.3,0.7,12,389.1,0
2015-07-05 20:27:33,5,45,25.6,63,13.9,1007.9,1012.8,0,0,10,389.1,0
2015-07-05 20:32:33,5,46,25.5,63,13.7,1007.9,1012.8,0,0,10,389.1,0
2015-07-05 20:37:33,5,45,25.4,63,13.6,1008,1012.9,0.3,0.7,2,389.1,0
2015-07-05 20:42:33,5,45,25.3,64,13.4,1008.2,1013.1,0,0,4,389.1,0
2015-07-05 20:47:33,5,43,25.1,64,13.1,1008.3,1013.2,0,0.3,8,389.1,0
2015-07-05 20:52:33,5,43,25,65,13,1008.3,1013.2,0,0.7,8,389.1,0
2015-07-05 20:57:33,5,43,25,65,12.7,1008.3,1013.2,0.3,0.7,8,389.1,0
2015-07-05 21:02:34,5,44,24.9,66,12.6,1008.4,1013.3,0.7,1,8,389.1,0
2015-07-05 21:07:34,5,43,24.8,66,12.3,1008.4,1013.3,0.3,1,10,389.1,0
2015-07-05 21:12:34,5,43,24.7,66,12.1,1008.5,1013.4,0.3,0.7,8,389.1,0
2015-07-05 21:17:34,5,43,24.7,66,12,1008.4,1013.3,0,0.3,8,389.1,0
2015-07-05 21:22:34,5,42,24.6,67,11.8,1008.4,1013.3,0.3,0.7,8,389.1,0
2015-07-05 21:27:34,5,43,24.5,67,11.7,1008.5,1013.4,0,0.3,8,389.1,0
2015-07-05 21:32:34,5,42,24.5,68,11.6,1008.4,1013.3,0.3,0.7,10,389.1,0
2015-07-05 21:37:34,5,43,24.4,68,11.5,1008.4,1013.3,0,0.3,8,389.1,0
2015-07-05 21:42:34,5,43,24.3,68,11.4,1008.5,1013.4,0,0,8,389.1,0
2015-07-05 21:47:34,5,44,24.2,68,11.3,1008.4,1013.3,0,0.3,2,389.1,0
2015-07-05 21:52:34,5,45,24.1,68,11.2,1008.5,1013.4,0,0.3,1,389.1,0
2015-07-05 21:57:34,5,45,24.1,68,11.1,1008.6,1013.5,0,0.3,4,389.1,0
2015-07-05 22:02:34,5,45,24.1,68,11,1008.6,1013.5,0.3,0.7,4,389.1,0
2015-07-05 22:07:34,5,46,24.1,70,10.9,1008.7,1013.6,0.3,1,4,389.1,0
2015-07-05 22:12:34,5,46,24,71,10.7,1008.6,1013.5,0.7,1,3,389.1,0
2015-07-05 22:17:34,5,46,24,71,10.6,1008.6,1013.5,0,0.3,4,389.1,0
2015-07-05 22:22:34,5,46,24,71,10.6,1008.6,1013.5,0,0.3,4,389.1,0
2015-07-05 22:27:34,5,47,24,72,10.6,1008.6,1013.5,0,0.3,2,389.1,0
2015-07-05 22:32:34,5,47,24,72,10.5,1008.7,1013.6,0,0.3,8,389.1,0
2015-07-05 22:37:34,5,48,23.9,72,10.3,1008.7,1013.6,0,0.3,12,389.1,0
2015-07-05 22:42:34,5,48,23.9,72,10.2,1008.6,1013.5,0,0,2,389.1,0
2015-07-05 22:47:34,5,48,23.9,72,10.2,1008.8,1013.7,0,0.7,8,389.1,0
2015-07-05 22:52:34,5,48,23.8,72,10.2,1008.7,1013.6,0,0.3,8,389.1,0
2015-07-05 22:57:34,5,49,23.8,72,10.2,1008.7,1013.6,0,0.3,8,389.1,0
2015-07-05 23:02:34,5,49,23.8,72,10.1,1008.6,1013.5,0,0.7,2,389.1,0
2015-07-05 23:07:34,5,49,23.8,72,10,1008.7,1013.6,0,0.3,12,389.1,0
2015-07-05 23:12:34,5,49,23.8,72,10,1008.6,1013.5,0,0.3,0,389.1,0
2015-07-05 23:17:34,5,49,23.8,73,10.1,1008.7,1013.6,0.7,1,2,389.1,0
2015-07-05 23:22:34,5,49,23.8,73,10.1,1008.5,1013.4,0,0.3,0,389.1,0
2015-07-05 23:27:34,5,49,23.7,73,10.1,1008.5,1013.4,0,0.7,14,389.1,0
2015-07-05 23:32:34,5,49,23.7,73,10.2,1008.6,1013.5,0,0.7,0,389.1,0
2015-07-05 23:37:34,5,49,23.7,73,10.2,1008.6,1013.5,0,0.3,4,389.1,0
2015-07-05 23:42:34,5,50,23.6,73,10.2,1008.5,1013.4,0,0.3,0,389.1,0
2015-07-05 23:47:34,5,50,23.7,73,10.2,1008.7,1013.6,0.3,0.7,14,389.1,0
2015-07-05 23:52:34,5,50,23.6,74,10.2,1008.6,1013.5,0.7,1,4,389.1,0
2015-07-05 23:57:34,5,51,23.6,74,10.1,1008.4,1013.3,0.7,1,4,389.1,0
