2021-09-24 00:03:41,5,63,21.2,99,16,1015.2,1020.1,1.7,2.7,10,595.5,0
2021-09-24 00:08:41,5,63,21.1,99,16,1015.2,1020.1,2,2.4,10,595.5,0
2021-09-24 00:13:41,5,63,21.1,99,16,1015.2,1020.1,2,3.7,10,595.5,0
2021-09-24 00:18:41,5,63,21.2,99,16.1,1015.2,1020.1,1.7,2.4,14,595.5,0
2021-09-24 00:23:41,5,63,21.2,99,16.1,1015.1,1020,1.7,2,12,595.5,0
2021-09-24 00:28:41,5,63,21.2,99,16.1,1014.9,1019.8,2.7,3.7,10,595.5,0
2021-09-24 00:33:41,5,63,21.2,99,16.1,1014.9,1019.8,2.4,3.7,12,595.5,0
2021-09-24 00:38:41,5,63,21.1,99,16.1,1014.8,1019.7,2,2.7,12,595.5,0
2021-09-24 00:43:41,5,64,21.1,99,16.2,1014.7,1019.6,2,2.7,10,595.5,0
2021-09-24 00:48:41,5,64,21.1,99,16.2,1014.8,1019.7,2,2.7,10,595.5,0
2021-09-24 00:53:41,5,64,21.1,99,16.2,1014.8,1019.7,2,2.4,10,595.5,0
2021-09-24 00:58:41,5,64,21.1,99,16.2,1014.7,1019.6,1.7,2.7,10,595.5,0
2021-09-24 01:03:41,5,64,21.1,99,16.3,1014.5,1019.4,2,2.7,4,595.5,0
2021-09-24 01:08:41,5,64,21.1,99,16.3,1014.6,1019.5,1.7,2.4,12,595.5,0
2021-09-24 01:13:43,5,64,21.1,99,16.3,1014.7,1019.6,2.4,3.1,12,595.5,0
2021-09-24 01:18:42,5,64,21.1,99,16.3,1014.7,1019.6,2.4,2.7,12,595.5,0
2021-09-24 01:23:42,5,64,21.1,99,16.3,1014.6,1019.5,2,3.1,8,595.5,0
2021-09-24 01:28:42,5,65,21.1,99,16.3,1014.5,1019.4,2,2.7,14,595.5,0
2021-09-24 01:33:42,5,65,21.1,99,16.3,1014.5,1019.4,2,2.7,12,595.5,0
2021-09-24 01:38:42,5,65,21.1,99,16.4,1014.7,1019.6,1.7,2.7,14,595.5,0
2021-09-24 01:43:42,5,65,21.1,99,16.3,1014.6,1019.5,2,3.1,10,595.5,0
2021-09-24 01:48:42,5,65,21.1,99,16.3,1014.5,1019.4,1.7,2.4,8,595.5,0
2021-09-24 01:53:42,5,65,21.1,99,16.3,1014.4,1019.3,2,2.4,12,595.5,0
2021-09-24 01:58:42,5,65,21.1,99,16.3,1014.4,1019.3,1.7,2,8,595.5,0
2021-09-24 02:03:42,5,65,21,99,16.3,1014.4,1019.3,1.7,2.4,12,595.5,0
2021-09-24 02:08:42,5,65,21,99,16.3,1014.3,1019.2,2,2.7,10,595.5,0
2021-09-24 02:13:42,5,66,21,99,16.2,1014.2,1019.1,2,2.7,10,595.5,0
2021-09-24 02:18:42,5,66,21,99,16.2,1014.2,1019.1,1.7,2.4,12,595.5,0
2021-09-24 02:23:42,5,66,21,99,16.2,1014.2,1019.1,2,2.7,10,595.5,0
2021-09-24 02:28:42,5,66,21,99,16.2,1014,1018.9,1.7,3.4,10,595.5,0
2021-09-24 02:33:42,5,66,21,99,16.2,1014.1,1019,2,3.1,10,595.5,0
2021-09-24 02:38:42,5,66,21,99,16.2,1014.1,1019,3.4,4.4,14,595.5,0
2021-09-24 02:43:42,5,66,21,99,16.1,1013.9,1018.8,2.4,3.1,10,595.5,0
2021-09-24 02:48:42,5,66,21,99,16.1,1013.9,1018.8,3.1,4.4,10,595.5,0
2021-09-24 02:53:42,5,66,21,99,16.1,1014.1,1019,1.7,2.4,10,595.5,0
2021-09-24 02:58:42,5,66,21,99,16.1,1014,1018.9,2.7,3.1,14,595.5,0
2021-09-24 03:03:42,5,66,21,99,16.1,1014.1,1019,2,2.7,14,595.5,0
2021-09-24 03:08:42,5,66,21,99,16.1,1014,1018.9,2.7,4.1,10,595.5,0
2021-09-24 03:13:42,5,66,21,99,16.1,1013.9,1018.8,2.4,3.1,14,595.5,0
2021-09-24 03:18:42,5,66,21,99,16.1,1014,1018.9,1.7,2.7,,595.5,0
2021-09-24 03:23:42,5,66,21,99,16.1,1014,1018.9,2,3.4,10,595.5,0
2021-09-24 03:28:42,5,68,20.9,99,16.1,1014,1018.9,2,3.1,10,595.5,0
2021-09-24 03:33:42,5,68,20.9,99,16.1,1014,1018.9,1.7,2.7,8,595.5,0
2021-09-24 03:38:42,5,68,20.9,99,16.1,1013.9,1018.8,2.7,3.4,12,595.5,0
2021-09-24 03:43:42,5,68,20.9,99,16.1,1013.9,1018.8,2.4,3.4,10,595.5,0
2021-09-24 03:48:42,5,68,20.9,99,16.1,1013.8,1018.7,3.1,4.1,10,595.5,0
2021-09-24 03:53:42,5,68,20.9,99,16.1,1014,1018.9,1.7,2.7,10,595.5,0
2021-09-24 03:58:42,5,68,20.9,99,16.1,1014,1018.9,2.4,3.1,10,595.5,0
2021-09-24 04:03:42,5,68,20.9,99,16.1,1014,1018.9,2.4,3.1,10,595.5,0
2021-09-24 04:08:42,5,68,20.9,99,16,1013.8,1018.7,2.4,2.7,14,595.5,0
2021-09-24 04:13:42,5,68,20.9,99,16,1013.9,1018.8,1.7,2,10,595.5,0
2021-09-24 04:18:42,5,68,20.9,99,16,1013.9,1018.8,1.7,2,14,595.5,0
2021-09-24 04:23:42,5,68,20.9,99,16,1013.8,1018.7,1.7,2.4,12,595.5,0
2021-09-24 04:28:42,5,68,20.9,99,16,1013.9,1018.8,1.4,2,14,595.5,0
2021-09-24 04:33:42,5,68,20.9,99,16,1013.8,1018.7,2,2.7,15,595.5,0
2021-09-24 04:38:42,5,68,20.9,99,16,1013.8,1018.7,2.4,2.7,10,595.5,0
2021-09-24 04:43:42,5,68,20.9,99,16,1013.9,1018.8,1.7,2,12,595.5,0
2021-09-24 04:48:42,5,68,20.9,99,16,1013.9,1018.8,3.1,4.1,10,595.5,0
2021-09-24 04:53:42,5,68,20.9,99,15.9,1014,1018.9,1.7,3.7,8,595.5,0
2021-09-24 04:58:42,5,68,20.9,99,15.9,1013.9,1018.8,1.7,2,10,595.5,0
2021-09-24 05:03:42,5,68,20.9,99,15.9,1013.9,1018.8,2,2.4,12,595.5,0
2021-09-24 05:08:42,5,68,20.9,99,15.9,1013.8,1018.7,2.4,3.7,14,595.5,0
2021-09-24 05:13:42,5,68,20.9,99,15.9,1013.8,1018.7,1,1.4,10,595.5,0
2021-09-24 05:18:42,5,68,20.8,99,15.9,1013.8,1018.7,2.4,3.1,10,595.5,0
2021-09-24 05:23:42,5,68,20.8,99,15.9,1013.9,1018.8,2,3.4,10,595.5,0
2021-09-24 05:28:42,5,68,20.8,99,15.9,1013.9,1018.8,2.7,4.4,12,595.5,0
2021-09-24 05:33:42,5,68,20.8,99,15.9,1013.9,1018.8,1.4,1.7,10,595.5,0
2021-09-24 05:38:42,5,68,20.8,99,15.8,1013.8,1018.7,1.4,2,10,595.5,0
2021-09-24 05:43:42,5,68,20.8,99,15.9,1013.8,1018.7,1.4,1.7,10,595.5,0
2021-09-24 05:48:42,5,68,20.8,99,15.9,1013.8,1018.7,1,1.4,14,595.8,0
2021-09-24 05:53:42,5,68,20.8,99,15.8,1013.7,1018.6,1.4,1.7,10,595.8,0
2021-09-24 05:58:42,5,68,20.8,99,15.8,1013.8,1018.7,1,1.4,10,595.8,0
2021-09-24 06:03:42,5,68,20.8,99,15.8,1013.7,1018.6,2.4,3.1,10,595.8,0
2021-09-24 06:08:42,5,68,20.8,99,15.8,1013.7,1018.6,1.7,2.4,12,595.8,0
2021-09-24 06:13:42,5,68,20.8,99,15.8,1013.6,1018.5,2,2.7,8,595.8,0
2021-09-24 06:18:42,5,68,20.8,99,15.8,1013.7,1018.6,2.7,4.4,10,595.8,0
2021-09-24 06:23:42,5,68,20.8,99,15.8,1013.7,1018.6,2.4,3.1,10,595.8,0
2021-09-24 06:28:42,5,68,20.8,99,15.8,1013.7,1018.6,1.7,2,14,595.8,0
2021-09-24 06:33:42,5,68,20.8,99,15.8,1013.7,1018.6,2.4,3.4,10,595.8,0
2021-09-24 06:38:42,5,68,20.8,99,15.8,1013.7,1018.6,2,2.7,10,595.8,0
2021-09-24 06:43:42,5,68,20.8,99,15.8,1013.7,1018.6,2.4,3.4,10,595.8,0
2021-09-24 06:48:42,5,68,20.8,99,15.9,1013.6,1018.5,2.7,3.7,10,595.8,0
2021-09-24 06:53:42,5,68,20.8,99,15.9,1013.6,1018.5,2.7,3.4,10,595.8,0
2021-09-24 06:58:42,5,68,20.8,99,15.9,1013.6,1018.5,2.4,3.1,14,595.8,0
2021-09-24 07:03:42,5,68,20.8,99,15.9,1013.6,1018.5,3.1,3.7,12,595.8,0
2021-09-24 07:08:42,5,69,20.8,99,15.9,1013.6,1018.5,4.1,5.1,12,595.8,0
2021-09-24 07:13:42,5,69,20.8,99,15.9,1013.7,1018.6,3.1,4.1,12,595.8,0
2021-09-24 07:18:42,5,69,20.8,99,15.9,1013.6,1018.5,2.7,3.7,12,595.8,0
2021-09-24 07:23:42,5,69,20.7,99,15.9,1013.7,1018.6,2.4,3.4,10,595.8,0
2021-09-24 07:28:42,5,69,20.8,99,15.9,1013.8,1018.7,2.4,3.1,10,595.8,0
2021-09-24 07:33:42,5,69,20.8,99,15.9,1013.7,1018.6,1.7,2.4,10,595.8,0
2021-09-24 07:38:42,5,69,20.7,99,16,1013.7,1018.6,2,3.1,10,595.8,0
2021-09-24 07:43:42,5,69,20.8,99,16,1013.8,1018.7,1.7,2.4,10,595.8,0
2021-09-24 07:48:42,5,69,20.8,99,16.1,1013.7,1018.6,2,2.7,8,595.8,0
2021-09-24 07:53:42,5,69,20.8,99,16,1013.6,1018.5,1.7,2.4,14,595.8,0
2021-09-24 07:58:42,5,69,20.8,99,16,1013.6,1018.5,2.4,3.4,14,595.8,0
2021-09-24 08:03:42,5,69,20.8,99,16,1013.7,1018.6,1.4,2,14,595.8,0
2021-09-24 08:08:42,5,70,20.8,99,16.1,1013.8,1018.7,2,2.4,10,595.8,0
2021-09-24 08:13:42,5,70,20.8,99,16.1,1013.7,1018.6,3.4,4.8,10,595.8,0
2021-09-24 08:18:42,5,70,20.8,99,16.1,1013.8,1018.7,2,2.4,10,595.8,0
2021-09-24 08:23:42,5,70,20.8,99,16,1013.7,1018.6,2,2.7,12,595.8,0
2021-09-24 08:28:42,5,71,20.8,99,16,1013.8,1018.7,1.7,2.4,10,595.8,0
2021-09-24 08:33:42,5,71,20.7,99,16,1013.6,1018.5,2.7,3.4,14,595.8,0
2021-09-24 08:38:42,5,71,20.7,99,16,1013.5,1018.4,2.4,3.7,8,595.8,0
2021-09-24 08:43:42,5,71,20.8,99,16.2,1013.5,1018.4,2,2.7,14,595.8,0
2021-09-24 08:48:42,5,72,20.8,99,16.3,1013.6,1018.5,4.1,6.1,10,595.8,0
2021-09-24 08:53:42,5,72,20.9,99,16.4,1013.6,1018.5,2,2.7,10,595.8,0
2021-09-24 08:58:42,5,71,21,99,16.4,1013.4,1018.3,2.4,3.1,10,595.8,0
2021-09-24 09:03:42,5,71,21.1,99,16.4,1013.4,1018.3,2.7,4.4,10,595.8,0
2021-09-24 09:08:42,5,71,21.1,99,16.5,1013.7,1018.6,2.7,4.4,10,595.8,0
2021-09-24 09:13:42,5,71,21.2,99,16.4,1013.7,1018.6,3.1,3.4,10,595.8,0
2021-09-24 09:18:42,5,71,21.2,99,16.5,1013.7,1018.6,2.7,3.7,10,595.8,0
2021-09-24 09:23:42,5,71,21.2,99,16.5,1013.7,1018.6,2.7,3.4,8,595.8,0
2021-09-24 09:28:42,5,71,21.2,99,16.4,1013.6,1018.5,2.4,3.1,10,595.8,0
2021-09-24 09:33:42,5,71,21.4,99,16.4,1013.5,1018.4,2.7,3.4,14,595.8,0
2021-09-24 09:38:42,5,70,21.4,99,16.4,1013.5,1018.4,3.1,4.4,12,595.8,0
2021-09-24 09:43:42,5,70,21.4,99,16.5,1013.7,1018.6,2.7,4.1,12,595.8,0
2021-09-24 09:48:42,5,70,21.5,99,16.4,1013.6,1018.5,3.1,4.1,12,595.8,0
2021-09-24 09:53:42,5,70,21.5,99,16.4,1013.6,1018.5,2.7,4.1,11,595.8,0
2021-09-24 09:58:42,5,70,21.5,99,16.4,1013.6,1018.5,3.7,5.8,10,595.8,0
2021-09-24 10:03:42,5,70,21.6,99,16.4,1013.7,1018.6,2,2.7,10,595.8,0
2021-09-24 10:08:42,5,70,21.6,99,16.4,1013.7,1018.6,2,2.7,10,595.8,0
2021-09-24 10:13:42,5,70,21.5,99,16.4,1013.7,1018.6,2.7,3.7,12,595.8,0
2021-09-24 10:18:42,5,70,21.6,99,16.4,1013.6,1018.5,1.7,2.4,10,595.8,0
2021-09-24 10:23:42,5,69,21.7,99,16.4,1013.6,1018.5,3.1,3.7,10,595.8,0
2021-09-24 10:28:42,5,69,21.7,99,16.5,1013.7,1018.6,2.4,3.1,10,595.8,0
2021-09-24 10:33:42,5,69,21.7,99,16.6,1013.6,1018.5,2.4,3.1,11,595.8,0
2021-09-24 10:38:42,5,69,21.7,99,16.6,1013.6,1018.5,3.7,4.8,10,595.8,0
2021-09-24 10:43:42,5,70,21.7,99,16.7,1013.6,1018.5,3.1,3.4,11,595.8,0
2021-09-24 10:48:42,5,70,21.8,99,16.7,1013.5,1018.4,2,2.7,11,595.8,0
2021-09-24 10:53:42,5,70,21.8,99,16.7,1013.7,1018.6,2.7,3.4,10,595.8,0
2021-09-24 10:58:42,5,70,21.9,99,16.8,1013.6,1018.5,2.4,3.1,10,595.8,0
2021-09-24 11:03:42,5,70,21.8,99,16.9,1013.6,1018.5,2.4,3.1,10,595.8,0
2021-09-24 11:08:42,5,70,21.8,99,16.9,1013.4,1018.3,2,3.7,12,595.8,0
2021-09-24 11:13:42,5,70,21.8,99,17,1013.4,1018.3,1.7,2.7,8,595.8,0
2021-09-24 11:18:42,5,70,21.8,99,16.9,1013.6,1018.5,2.4,3.7,8,595.8,0
2021-09-24 11:23:42,5,70,21.9,99,16.9,1013.7,1018.6,2.4,4.1,14,595.8,0
2021-09-24 11:28:42,5,70,21.9,99,17,1013.5,1018.4,3.4,5.4,10,595.8,0
2021-09-24 11:33:42,5,70,21.9,99,17,1013.7,1018.6,1.7,2.7,8,595.8,0
2021-09-24 11:38:42,5,69,21.9,99,17,1013.6,1018.5,2,2.7,,595.8,0
2021-09-24 11:43:42,5,69,21.9,99,17,1013.7,1018.6,1.7,2.4,12,595.8,0
2021-09-24 11:48:42,5,69,21.9,99,17,1013.7,1018.6,2,2.7,8,595.8,0
2021-09-24 11:53:42,5,69,21.9,99,17,1013.7,1018.6,2.4,3.4,10,595.8,0
2021-09-24 11:58:42,5,69,21.9,99,16.9,1013.5,1018.4,2,3.1,14,595.8,0
2021-09-24 12:03:42,5,69,21.9,99,16.9,1013.6,1018.5,2.7,3.1,10,595.8,0
2021-09-24 12:08:42,5,69,21.9,99,16.9,1013.4,1018.3,3.7,4.8,0,595.8,0
2021-09-24 12:13:42,5,69,21.8,99,16.9,1013.4,1018.3,2.4,3.1,10,595.8,0
2021-09-24 12:18:42,5,69,21.8,99,17.1,1013.6,1018.5,2.4,3.1,10,595.8,0
2021-09-24 12:23:42,5,69,21.8,99,17.2,1013.6,1018.5,3.7,4.8,10,595.8,0
2021-09-24 12:28:42,5,69,21.6,99,17.3,1013.5,1018.4,3.1,4.4,14,595.8,0
2021-09-24 12:33:42,5,69,21.6,99,17.3,1013.5,1018.4,2.4,3.1,10,595.8,0
2021-09-24 12:38:42,5,70,21.5,99,17.4,1013.4,1018.3,2,3.1,10,595.8,0
2021-09-24 12:43:42,5,70,21.5,99,17.5,1013.4,1018.3,2.7,4.4,10,595.8,0
2021-09-24 12:48:42,5,70,21.5,99,17.6,1013.5,1018.4,3.1,3.7,10,595.8,0
2021-09-24 12:53:42,5,70,21.5,99,17.4,1013.3,1018.2,2.4,3.1,14,595.8,0
2021-09-24 12:58:42,5,70,21.5,99,17.4,1013.2,1018.1,2,3.1,10,595.8,0
2021-09-24 13:03:42,5,70,21.5,99,17.4,1013.4,1018.3,2,2.7,12,595.8,0
2021-09-24 13:08:42,5,70,21.5,99,17.4,1013.2,1018.1,3.7,5.1,14,595.8,0
2021-09-24 13:13:42,5,71,21.5,99,17.3,1013.2,1018.1,3.1,4.1,14,595.8,0
2021-09-24 13:18:42,5,71,21.6,99,17.2,1013.1,1018,2.7,3.7,12,595.8,0
2021-09-24 13:23:42,5,71,21.7,99,17.3,1013.1,1018,2.7,4.1,10,595.8,0
2021-09-24 13:28:42,5,71,21.8,99,17.4,1013.1,1018,3.1,4.1,11,595.8,0
2021-09-24 13:33:42,5,71,21.8,99,17.4,1013,1017.9,2.7,3.1,14,595.8,0
2021-09-24 13:38:42,5,71,21.9,99,17.4,1013,1017.9,2.7,4.1,14,595.8,0
2021-09-24 13:43:42,5,71,21.9,99,17.4,1012.8,1017.7,3.4,4.8,8,595.8,0
2021-09-24 13:48:42,5,70,22,99,17.4,1012.8,1017.7,3.4,4.4,10,595.8,0
2021-09-24 13:53:42,5,69,22,99,17.3,1012.8,1017.7,4.1,5.1,12,595.8,0
2021-09-24 13:58:42,5,69,22.1,99,17.4,1012.8,1017.7,2.7,4.1,12,595.8,0
2021-09-24 14:03:42,5,69,22.1,99,17.4,1012.8,1017.7,2.4,3.4,10,595.8,0
2021-09-24 14:08:42,5,69,22.2,99,17.4,1012.8,1017.7,4.1,4.8,10,595.8,0
2021-09-24 14:13:42,5,69,22.2,99,17.4,1012.7,1017.6,2.4,3.4,10,595.8,0
2021-09-24 14:18:42,5,69,22.2,99,17.4,1012.6,1017.5,2,3.1,10,595.8,0
2021-09-24 14:23:42,5,69,22.2,99,17.5,1012.6,1017.5,2.7,3.4,10,595.8,0
2021-09-24 14:28:42,5,69,22.3,98,17.6,1012.6,1017.5,2.4,3.1,10,595.8,0
2021-09-24 14:33:42,5,69,22.3,98,17.7,1012.5,1017.4,2.7,3.1,10,595.8,0
2021-09-24 14:38:42,5,69,22.3,97,17.9,1012.5,1017.4,2.7,3.4,10,595.8,0
2021-09-24 14:43:42,5,69,22.4,97,17.9,1012.4,1017.3,2.4,3.7,12,595.8,0
2021-09-24 14:48:42,5,69,22.4,96,17.6,1012.4,1017.3,3.1,4.1,10,595.8,0
2021-09-24 14:53:41,5,69,22.4,95,17.6,1012.4,1017.3,3.4,3.7,10,595.8,0
2021-09-24 14:58:41,5,69,22.4,95,17.5,1012.4,1017.3,1.4,2.4,2,595.8,0
2021-09-24 15:03:41,5,69,22.4,97,17.4,1012.2,1017.1,2.4,3.1,10,595.8,0
2021-09-24 15:08:41,5,69,22.4,97,17.4,1012.4,1017.3,3.1,3.7,12,595.8,0
2021-09-24 15:13:41,5,69,22.4,97,17.3,1012.5,1017.4,2.4,3.1,14,595.8,0
2021-09-24 15:18:41,5,69,22.3,97,17.4,1012.4,1017.3,3.1,4.4,12,595.8,0
2021-09-24 15:23:41,5,69,22.4,97,17.3,1012.4,1017.3,2.4,3.1,10,595.8,0
2021-09-24 15:28:41,5,68,22.4,97,17.3,1012.5,1017.4,2.4,3.1,10,595.8,0
2021-09-24 15:33:41,5,68,22.3,,,1012.4,1017.3,,,,595.8,64
2021-09-24 15:38:41,5,68,22.3,,,1012.5,1017.4,,,,595.8,64
2021-09-24 15:43:41,5,68,22.2,,,1012.4,1017.3,,,,595.8,64
2021-09-24 15:48:41,5,68,22.2,,,1012.3,1017.2,,,,595.8,64
2021-09-24 15:53:41,5,68,22.2,98,16.9,1012.4,1017.3,1.4,2,14,595.8,0
2021-09-24 15:58:41,5,68,22.2,98,16.8,1012.4,1017.3,2,2.7,10,595.8,0
2021-09-24 16:03:41,5,68,22.1,98,16.8,1012.5,1017.4,2,2.7,10,595.8,0
2021-09-24 16:08:41,5,68,22.1,99,16.8,1012.4,1017.3,2,2.4,12,595.8,0
2021-09-24 16:13:41,5,68,22.1,99,16.7,1012.5,1017.4,3.1,4.1,10,595.8,0
2021-09-24 16:18:41,5,68,22,99,16.6,1012.6,1017.5,2.7,3.7,14,595.8,0
2021-09-24 16:23:41,5,68,22,99,16.6,1012.5,1017.4,2.7,3.7,14,595.8,0
2021-09-24 16:28:41,5,68,22,,,1012.6,1017.5,,,,595.8,64
2021-09-24 16:33:41,5,69,21.9,99,16.5,1012.5,1017.4,1.4,2.4,14,595.8,0
2021-09-24 16:38:41,5,69,21.9,99,16.5,1012.6,1017.5,2,3.4,10,595.8,0
2021-09-24 16:43:41,5,69,21.8,99,16.5,1012.6,1017.5,3.1,4.1,10,595.8,0
2021-09-24 16:48:41,5,69,21.8,99,16.4,1012.4,1017.3,3.1,3.7,10,595.8,0
2021-09-24 16:53:41,5,69,21.7,99,16.4,1012.4,1017.3,1.4,1.7,10,595.8,0
2021-09-24 16:58:41,5,69,21.6,99,16.4,1012.6,1017.5,1.4,2,10,595.8,0
2021-09-24 17:03:41,5,69,21.5,99,16.4,1012.5,1017.4,2.4,3.4,10,595.8,0
2021-09-24 17:08:41,5,69,21.5,99,16.4,1012.5,1017.4,2.4,3.1,14,595.8,0
2021-09-24 17:13:41,5,70,21.4,99,16.4,1012.5,1017.4,2.4,3.1,10,595.8,0
2021-09-24 17:18:41,5,70,21.4,99,16.4,1012.4,1017.3,2.4,3.4,12,595.8,0
2021-09-24 17:23:41,5,70,21.4,99,16.5,1012.5,1017.4,1.4,2.4,8,595.8,0
2021-09-24 17:28:41,5,70,21.4,99,16.5,1012.5,1017.4,1.4,1.7,14,595.8,0
2021-09-24 17:33:41,5,70,21.4,99,16.5,1012.7,1017.6,1.7,2,12,595.8,0
2021-09-24 17:38:41,5,71,21.4,99,16.4,1012.6,1017.5,1.7,2.7,10,595.8,0
2021-09-24 17:43:41,5,71,21.4,99,16.4,1012.7,1017.6,2,2.7,9,595.8,0
2021-09-24 17:48:41,5,71,21.4,99,16.3,1012.6,1017.5,1.7,2.4,10,595.8,0
2021-09-24 17:53:41,5,71,21.4,99,16.3,1012.7,1017.6,2.7,3.4,10,595.8,0
2021-09-24 17:58:41,5,71,21.4,99,16.3,1012.8,1017.7,1.4,2,10,595.8,0
2021-09-24 18:03:41,5,71,21.4,99,16.2,1012.8,1017.7,2.4,3.1,10,595.8,0
2021-09-24 18:08:41,5,72,21.4,99,16.2,1012.7,1017.6,2.7,3.4,12,595.8,0
2021-09-24 18:13:41,5,72,21.4,99,16.1,1012.7,1017.6,1.4,2,10,595.8,0
2021-09-24 18:18:41,5,72,21.4,99,16.1,1012.7,1017.6,1.7,2.4,14,595.8,0
2021-09-24 18:23:41,5,72,21.4,99,16,1012.6,1017.5,2.4,3.4,10,595.8,0
2021-09-24 18:28:41,5,73,21.4,99,16,1012.7,1017.6,1.7,2.4,12,595.8,0
2021-09-24 18:33:41,5,73,21.4,99,16,1012.7,1017.6,1.4,2.4,14,595.8,0
2021-09-24 18:38:41,5,73,21.4,99,16,1012.7,1017.6,1.7,2.4,14,595.8,0
2021-09-24 18:43:41,5,73,21.4,99,16,1012.8,1017.7,2,2.7,0,595.8,0
2021-09-24 18:48:41,5,72,21.4,99,16,1012.8,1017.7,1.4,2.4,14,595.8,0
2021-09-24 18:53:41,5,72,21.4,99,15.9,1012.9,1017.8,1.7,2.4,12,595.8,0
2021-09-24 18:58:41,5,72,21.4,99,15.9,1013,1017.9,2.4,3.1,12,595.8,0
2021-09-24 19:03:41,5,72,21.4,99,15.9,1012.9,1017.8,1,1.4,10,595.8,0
2021-09-24 19:08:41,5,72,21.2,99,15.9,1013,1017.9,1,2,14,595.8,0
2021-09-24 19:13:41,5,72,21.2,99,15.9,1013,1017.9,1.7,2.4,10,595.8,0
2021-09-24 19:18:41,5,72,21.2,99,15.9,1012.9,1017.8,1.4,2,10,595.8,0
2021-09-24 19:23:41,5,72,21.2,99,15.9,1012.9,1017.8,1.4,2,10,595.8,0
2021-09-24 19:28:41,5,72,21.2,99,15.9,1013,1017.9,1.4,1.7,10,595.8,0
2021-09-24 19:33:41,5,72,21.2,99,15.9,1013,1017.9,1.7,2.4,10,595.8,0
2021-09-24 19:38:41,5,72,21.2,99,15.9,1013.1,1018,1.4,2.4,14,595.8,0
2021-09-24 19:43:41,5,72,21.2,99,15.9,1013.1,1018,1,1.7,10,595.8,0
2021-09-24 19:48:41,5,72,21.2,99,15.9,1013,1017.9,1.4,2,10,595.8,0
2021-09-24 19:53:41,5,72,21.2,99,15.9,1012.9,1017.8,1.4,2,10,595.8,0
2021-09-24 19:58:41,5,72,21.1,99,15.9,1013,1017.9,1.7,2,10,595.8,0
2021-09-24 20:03:41,5,72,21.2,99,15.9,1013,1017.9,1.4,1.7,10,595.8,0
2021-09-24 20:08:41,5,72,21.2,99,15.9,1013.2,1018.1,1.7,2.4,8,595.8,0
2021-09-24 20:13:41,5,72,21.2,99,15.8,1013.1,1018,2,2.7,10,595.8,0
2021-09-24 20:18:41,5,72,21.2,99,15.8,1013.2,1018.1,1,1,10,595.8,0
2021-09-24 20:23:41,5,73,21.2,99,15.8,1013.2,1018.1,1,1.4,10,595.8,0
2021-09-24 20:28:41,5,73,21.1,99,15.8,1013.2,1018.1,1,1.7,10,595.8,0
2021-09-24 20:33:41,5,73,21.2,99,15.8,1013.2,1018.1,2.4,3.1,10,595.8,0
2021-09-24 20:38:41,5,73,21.2,99,15.8,1013.2,1018.1,1.7,2.7,12,595.8,0
2021-09-24 20:43:41,5,73,21.2,99,15.8,1013.1,1018,1.7,2.4,10,595.8,0
2021-09-24 20:48:41,5,73,21.2,99,15.8,1013,1017.9,1.4,2,10,595.8,0
2021-09-24 20:53:41,5,73,21.2,99,15.8,1013.2,1018.1,1.7,2.4,10,595.8,0
2021-09-24 20:58:41,5,73,21.2,99,15.8,1013,1017.9,1,1.7,14,595.8,0
2021-09-24 21:03:41,5,73,21.2,99,15.8,1013.2,1018.1,1.7,2.4,10,595.8,0
2021-09-24 21:08:41,5,73,21.2,99,15.8,1013.2,1018.1,1,1.7,10,595.8,0
2021-09-24 21:13:41,5,73,21.2,99,15.7,1013.2,1018.1,1.4,2,14,595.8,0
2021-09-24 21:18:41,5,72,21.2,99,15.7,1013.1,1018,1,1.7,14,595.8,0
2021-09-24 21:23:41,5,72,21.2,99,15.7,1013,1017.9,1.7,2,10,595.8,0
2021-09-24 21:28:41,5,72,21.2,99,15.7,1013.1,1018,1.4,1.7,14,595.8,0
2021-09-24 21:33:41,5,72,21.2,99,15.7,1013.1,1018,1.4,1.7,10,595.8,0
2021-09-24 21:38:41,5,72,21.2,99,15.7,1013,1017.9,1.7,2.4,10,595.8,0
2021-09-24 21:43:41,5,72,21.2,99,15.7,1012.9,1017.8,2,3.1,10,595.8,0
2021-09-24 21:48:41,5,72,21.2,99,15.7,1013,1017.9,1.4,2,10,595.8,0
2021-09-24 21:53:41,5,72,21.2,99,15.7,1013,1017.9,1.4,1.7,,595.8,0
2021-09-24 21:58:41,5,72,21.2,99,15.7,1013,1017.9,2.4,2.7,10,595.8,0
2021-09-24 22:03:41,5,72,21.2,99,15.7,1012.9,1017.8,1.4,1.7,10,595.8,0
2021-09-24 22:08:41,5,72,21.1,99,15.7,1012.9,1017.8,2,2.7,10,595.8,0
2021-09-24 22:13:41,5,72,21.2,99,15.7,1012.7,1017.6,2,2.7,10,595.8,0
2021-09-24 22:18:41,5,72,21.2,99,15.7,1012.7,1017.6,1.4,1.7,10,595.8,0
2021-09-24 22:23:41,5,72,21.2,99,15.6,1012.8,1017.7,2,2.7,10,595.8,0
2021-09-24 22:28:41,5,72,21.2,99,15.6,1012.9,1017.8,1,1.7,10,595.8,0
2021-09-24 22:33:41,5,72,21.2,99,15.6,1012.7,1017.6,2.4,3.4,10,595.8,0
2021-09-24 22:38:41,5,72,21.2,99,15.6,1012.7,1017.6,1.7,2.7,14,595.8,0
2021-09-24 22:43:41,5,72,21.2,99,15.6,1012.6,1017.5,1,1.7,14,595.8,0
2021-09-24 22:48:41,5,72,21.2,99,15.6,1012.5,1017.4,1.4,2.4,14,595.8,0
2021-09-24 22:53:41,5,72,21.2,99,15.6,1012.5,1017.4,2,2.7,10,595.8,0
2021-09-24 22:58:41,5,72,21.2,99,15.6,1012.3,1017.2,1.7,2.4,10,595.8,0
2021-09-24 23:03:41,5,72,21.2,99,15.6,1012.3,1017.2,1,1.7,14,595.8,0
2021-09-24 23:08:41,5,72,21.2,99,15.6,1012.4,1017.3,1.4,1.7,12,595.8,0
2021-09-24 23:13:41,5,72,21.2,99,15.6,1012.5,1017.4,1,1.7,10,595.8,0
2021-09-24 23:18:41,5,72,21.2,99,15.6,1012.3,1017.2,2.4,3.1,10,595.8,0
2021-09-24 23:23:41,5,72,21.2,99,15.6,1012.4,1017.3,1.7,2.4,10,595.8,0
2021-09-24 23:28:41,5,72,21.2,99,15.6,1012.2,1017.1,2,2.7,10,595.8,0
2021-09-24 23:33:41,5,72,21.2,99,15.6,1012.3,1017.2,2,2.4,10,595.8,0
2021-09-24 23:38:41,5,72,21.2,99,15.6,1012.2,1017.1,2,2.7,12,595.8,0
2021-09-24 23:43:41,5,72,21.2,99,15.6,1012.2,1017.1,2.4,2.7,11,595.8,0
2021-09-24 23:48:41,5,72,21.2,99,15.6,1012.2,1017.1,1.7,2.4,12,595.8,0
2021-09-24 23:53:41,5,72,21.2,99,15.6,1012.1,1017,1,1.7,10,595.8,0
2021-09-24 23:58:41,5,72,21.2,99,15.6,1012.1,1017,1.4,1.7,10,595.8,0
