2021-09-20 00:03:42,5,61,20.7,99,13.2,1019.6,1024.5,0.7,1,10,594.6,0
2021-09-20 00:08:42,5,61,20.8,99,13.3,1019.7,1024.6,1,1.4,10,594.6,0
2021-09-20 00:13:42,5,61,20.7,99,13.3,1019.8,1024.7,0.3,0.7,10,594.6,0
2021-09-20 00:18:42,5,61,20.7,99,13.3,1019.8,1024.7,1,1.4,10,594.6,0
2021-09-20 00:23:42,5,61,20.7,99,13.3,1019.8,1024.7,0.3,0.7,10,594.6,0
2021-09-20 00:28:42,5,62,20.7,99,13.3,1019.9,1024.8,0.7,1,10,594.6,0
2021-09-20 00:33:42,5,62,20.6,99,13.3,1019.9,1024.8,0.7,1,10,594.6,0
2021-09-20 00:38:42,5,62,20.6,99,13.3,1019.9,1024.8,0.7,1,10,594.6,0
2021-09-20 00:43:42,5,62,20.6,99,13.3,1019.9,1024.8,1,1.4,12,594.6,0
2021-09-20 00:48:44,5,62,20.6,99,13.3,1020.1,1025,1,1.4,10,594.6,0
2021-09-20 00:53:42,5,62,20.6,99,13.3,1019.9,1024.8,1,1.4,10,594.6,0
2021-09-20 00:58:42,5,62,20.5,99,13.4,1020,1024.9,0.7,1,10,594.6,0
2021-09-20 01:03:42,5,62,20.6,99,13.4,1020,1024.9,0.7,1,10,594.6,0
2021-09-20 01:08:42,5,62,20.6,99,13.4,1020.2,1025.1,0.3,0.7,10,594.6,0
2021-09-20 01:13:42,5,62,20.6,99,13.4,1020,1024.9,0.3,0.7,10,594.6,0
2021-09-20 01:18:42,5,62,20.6,99,13.4,1019.9,1024.8,0.7,1,10,594.6,0
2021-09-20 01:23:42,5,62,20.6,99,13.4,1019.9,1024.8,0.3,0.7,10,594.6,0
2021-09-20 01:28:42,5,62,20.5,99,13.4,1020,1024.9,0.7,1,10,594.6,0
2021-09-20 01:33:42,5,62,20.5,99,13.4,1019.9,1024.8,0.3,0.7,10,594.6,0
2021-09-20 01:38:42,5,62,20.5,99,13.4,1019.9,1024.8,1,1.4,10,594.6,0
2021-09-20 01:43:42,5,62,20.5,99,13.4,1020,1024.9,1,1.4,12,594.6,0
2021-09-20 01:48:42,5,62,20.5,99,13.5,1019.8,1024.7,0.7,1,9,594.6,0
2021-09-20 01:53:42,5,62,20.5,99,13.5,1020,1024.9,0.7,1.4,12,594.6,0
2021-09-20 01:58:42,5,62,20.5,99,13.5,1020,1024.9,1,1.4,10,594.6,0
2021-09-20 02:03:42,5,62,20.5,99,13.5,1020.3,1025.2,0.7,1,10,594.6,0
2021-09-20 02:08:42,5,62,20.5,99,13.5,1020.2,1025.1,0.7,1,10,594.6,0
2021-09-20 02:13:42,5,62,20.5,99,13.5,1020.3,1025.2,0.7,1,12,594.6,0
2021-09-20 02:18:42,5,62,20.5,99,13.5,1020.5,1025.4,0.7,1.4,10,594.6,0
2021-09-20 02:23:42,5,62,20.5,99,13.6,1020.4,1025.3,0.7,1,14,594.6,0
2021-09-20 02:28:42,5,62,20.5,99,13.6,1020.5,1025.4,0.7,1,10,594.6,0
2021-09-20 02:33:42,5,62,20.5,99,13.6,1020.4,1025.3,0.7,1,10,594.6,0
2021-09-20 02:38:42,5,62,20.4,99,13.6,1020.5,1025.4,1,1.4,12,594.6,0
2021-09-20 02:43:42,5,62,20.4,99,13.6,1020.4,1025.3,0.7,1,10,594.6,0
2021-09-20 02:48:42,5,62,20.4,99,13.7,1020.4,1025.3,1,1.4,10,594.6,0
2021-09-20 02:53:42,5,62,20.4,99,13.7,1020.3,1025.2,0.7,1,10,594.6,0
2021-09-20 02:58:42,5,62,20.4,99,13.7,1020.6,1025.5,0.7,1,10,594.6,0
2021-09-20 03:03:42,5,62,20.4,99,13.7,1020.6,1025.5,0.7,1,10,594.6,0
2021-09-20 03:08:42,5,62,20.4,99,13.7,1020.5,1025.4,0.7,1,10,594.6,0
2021-09-20 03:13:42,5,62,20.4,99,13.7,1020.5,1025.4,0.7,1,10,594.6,0
2021-09-20 03:18:42,5,62,20.4,99,13.6,1020.5,1025.4,0.7,1,10,594.6,0
2021-09-20 03:23:42,5,62,20.4,99,13.5,1020.6,1025.5,0.3,0.7,10,594.6,0
2021-09-20 03:28:42,5,62,20.4,99,13.3,1020.7,1025.6,0,0,10,594.6,0
2021-09-20 03:33:42,5,62,20.4,99,13.2,1020.5,1025.4,0.3,0.7,10,594.6,0
2021-09-20 03:38:42,5,62,20.4,99,13.2,1020.5,1025.4,0,0.3,10,594.6,0
2021-09-20 03:43:42,5,62,20.4,99,13.1,1020.8,1025.7,0,0,10,594.6,0
2021-09-20 03:48:42,5,62,20.4,99,13,1020.6,1025.5,0.3,0.3,12,594.6,0
2021-09-20 03:53:42,5,62,20.3,99,12.9,1020.7,1025.6,0,0.3,10,594.6,0
2021-09-20 03:58:42,5,62,20.3,99,12.8,1020.8,1025.7,0,0.3,10,594.6,0
2021-09-20 04:03:42,5,62,20.3,99,12.8,1020.8,1025.7,0,0,10,594.6,0
2021-09-20 04:08:42,5,62,20.3,99,12.7,1020.9,1025.8,0,0,10,594.6,0
2021-09-20 04:13:42,5,62,20.3,99,12.6,1020.9,1025.8,0,0,4,594.6,0
2021-09-20 04:18:42,5,62,20.3,99,12.7,1021.1,1026,0.3,0.7,,594.6,0
2021-09-20 04:23:42,5,62,20.3,99,12.6,1021.2,1026.1,0.3,0.7,,594.6,0
2021-09-20 04:28:42,5,62,20.3,99,12.5,1021.3,1026.2,0.3,0.7,,594.6,0
2021-09-20 04:33:42,5,62,20.3,99,12.2,1021.3,1026.2,0,0.3,,594.6,0
2021-09-20 04:38:42,5,62,20.3,99,12.3,1021.4,1026.3,0.3,0.3,,594.6,0
2021-09-20 04:43:42,5,62,20.3,99,12.3,1021.3,1026.2,0,0,,594.6,0
2021-09-20 04:48:42,5,62,20.3,99,12.4,1021.4,1026.3,0.3,0.7,,594.6,0
2021-09-20 04:53:42,5,62,20.3,99,12.6,1021.4,1026.3,0,0.3,,594.6,0
2021-09-20 04:58:42,5,62,20.3,99,12.6,1021.5,1026.4,0,0.3,,594.6,0
2021-09-20 05:03:42,5,62,20.2,99,12.7,1021.4,1026.3,0.3,0.7,,594.6,0
2021-09-20 05:08:42,5,62,20.2,99,12.9,1021.4,1026.3,0,0.3,,594.6,0
2021-09-20 05:13:42,5,62,20.2,99,13,1021.3,1026.2,0,0,,594.6,0
2021-09-20 05:18:42,5,62,20.2,99,13,1021.3,1026.2,0.3,0.3,,594.6,0
2021-09-20 05:23:42,5,62,20.2,99,13.1,1021.6,1026.5,0.3,0.3,,594.6,0
2021-09-20 05:28:42,5,62,20.2,99,13.1,1021.4,1026.3,0.3,0.7,,594.6,0
2021-09-20 05:33:42,5,62,20.2,99,13.2,1021.5,1026.4,0.3,0.7,,594.6,0
2021-09-20 05:38:42,5,62,20.2,99,13.2,1021.4,1026.3,0.3,0.7,,594.6,0
2021-09-20 05:43:42,5,62,20.2,99,13.2,1021.6,1026.5,0,0.3,,594.6,0
2021-09-20 05:48:42,5,62,20.2,99,13.2,1021.5,1026.4,0,0.3,,594.6,0
2021-09-20 05:53:42,5,62,20.2,99,13.1,1021.7,1026.6,0,0,,594.6,0
2021-09-20 05:58:42,5,62,20.2,99,13,1021.7,1026.6,0,0,,594.6,0
2021-09-20 06:03:42,5,62,20.2,99,13.1,1021.7,1026.6,0,0.3,,594.6,0
2021-09-20 06:08:42,5,62,20.2,99,13.2,1021.8,1026.7,0.3,0.7,,594.6,0
2021-09-20 06:13:42,5,62,20.2,99,13.3,1021.8,1026.7,0.7,1,,594.6,0
2021-09-20 06:18:42,5,62,20.2,99,13.3,1021.9,1026.8,0.7,1,,594.6,0
2021-09-20 06:23:42,5,62,20.2,99,13.3,1022.1,1027,0.7,0.7,,594.6,0
2021-09-20 06:28:42,5,62,20.2,99,13.3,1022.1,1027,0.3,1,,594.6,0
2021-09-20 06:33:42,5,62,20.2,99,13.5,1021.9,1026.8,1,1.4,,594.6,0
2021-09-20 06:38:42,5,62,20.2,99,13.5,1022,1026.9,0.3,1,,594.6,0
2021-09-20 06:43:42,5,62,20.2,99,13.6,1022.1,1027,0.7,1,,594.6,0
2021-09-20 06:48:42,5,62,20.2,99,13.8,1022.3,1027.2,1,1.7,10,594.6,0
2021-09-20 06:53:42,5,62,20.2,99,13.9,1022.3,1027.2,1,1.7,12,594.6,0
2021-09-20 06:58:42,5,62,20.2,99,14,1022.2,1027.1,1,1.4,12,594.6,0
2021-09-20 07:03:42,5,62,20.2,99,14,1022.4,1027.3,1,1.4,10,594.6,0
2021-09-20 07:08:42,5,63,20.2,99,14.1,1022.5,1027.4,0.7,1.4,10,594.6,0
2021-09-20 07:13:42,5,63,20.2,99,14.1,1022.6,1027.5,0.7,1.4,10,594.6,0
2021-09-20 07:18:42,5,63,20.2,99,14.2,1022.7,1027.6,0.7,1,10,594.6,0
2021-09-20 07:23:42,5,63,20.2,99,14.2,1022.7,1027.6,0.7,1,10,594.6,0
2021-09-20 07:28:42,5,63,20.2,99,14.2,1022.7,1027.6,1,1.4,12,594.6,0
2021-09-20 07:33:42,5,63,20.2,99,14.3,1022.9,1027.8,0.7,1.4,10,594.6,0
2021-09-20 07:38:42,5,63,20.2,99,14.3,1022.9,1027.8,1,1.4,12,594.6,0
2021-09-20 07:43:42,5,63,20.2,99,14.4,1022.9,1027.8,0.7,1.4,12,594.6,0
2021-09-20 07:48:42,5,63,20.2,99,14.4,1022.9,1027.8,0.7,1,10,594.6,0
2021-09-20 07:53:42,5,63,20.2,99,14.4,1023.1,1028,0.7,1,10,594.6,0
2021-09-20 07:58:42,5,63,20.2,99,14.4,1023,1027.9,0.7,1,10,594.6,0
2021-09-20 08:03:42,5,63,20.2,99,14.4,1023.3,1028.2,0.7,1,10,594.6,0
2021-09-20 08:08:42,5,63,20.2,99,14.4,1023.3,1028.2,1,1.4,10,594.6,0
2021-09-20 08:13:42,5,64,20.2,99,14.4,1023.3,1028.2,1,1.4,12,594.6,0
2021-09-20 08:18:42,5,64,20.2,99,14.4,1023.5,1028.4,1,1.4,10,594.6,0
2021-09-20 08:23:42,5,64,20.2,99,14.5,1023.6,1028.5,1,1.7,12,594.6,0
2021-09-20 08:28:42,5,65,20.2,99,14.6,1023.7,1028.6,0.7,1,10,594.6,0
2021-09-20 08:33:42,5,65,20.2,99,14.7,1023.6,1028.5,0.7,1,10,594.6,0
2021-09-20 08:38:42,5,65,20.2,99,14.8,1023.7,1028.6,0.7,1,12,594.6,0
2021-09-20 08:43:42,5,65,20.2,99,14.9,1023.6,1028.5,0.7,1,10,594.6,0
2021-09-20 08:48:42,5,66,20.3,99,14.9,1023.8,1028.7,0.7,1,8,594.6,0
2021-09-20 08:53:42,5,66,20.4,99,15,1023.8,1028.7,0.3,0.7,12,594.6,0
2021-09-20 08:58:42,5,66,20.5,99,15,1023.9,1028.8,1,1.4,12,594.6,0
2021-09-20 09:03:42,5,67,20.6,99,15,1023.9,1028.8,0.3,0.7,10,594.6,0
2021-09-20 09:08:42,5,67,20.6,99,15.2,1024,1028.9,1.4,2,10,594.6,0
2021-09-20 09:13:42,5,66,20.8,99,15.3,1024,1028.9,0.3,0.7,10,594.6,0
2021-09-20 09:18:42,5,67,20.8,99,15.4,1024,1028.9,0.7,1,10,594.6,0
2021-09-20 09:23:42,5,66,20.9,99,15.5,1024,1028.9,0.7,1,12,594.6,0
2021-09-20 09:28:42,5,66,20.9,99,15.5,1024.1,1029,0.3,0.7,10,594.6,0
2021-09-20 09:33:42,5,65,21,99,15.6,1024.3,1029.2,0.7,1,10,594.6,0
2021-09-20 09:38:42,5,65,21,99,15.6,1024.2,1029.1,0.7,1.4,10,594.6,0
2021-09-20 09:43:42,5,65,21,99,15.5,1024.4,1029.3,0.7,1,10,594.6,0
2021-09-20 09:48:42,5,65,21.1,99,15.6,1024.3,1029.2,0.7,1.4,10,594.6,0
2021-09-20 09:53:42,5,65,21.1,99,15.8,1024.5,1029.4,0.7,1,12,594.6,0
2021-09-20 09:58:42,5,66,21.2,99,16.1,1024.3,1029.2,1,1.4,10,594.6,0
2021-09-20 10:03:42,5,65,21.2,99,16.3,1024.2,1029.1,1,1.7,12,594.6,0
2021-09-20 10:08:42,5,65,21.2,99,16.4,1024.4,1029.3,1,1.7,10,594.6,0
2021-09-20 10:13:42,5,65,21.2,99,16.6,1024.3,1029.2,0.3,0.7,10,594.6,0
2021-09-20 10:18:42,5,65,21.4,99,16.6,1024.5,1029.4,0.7,1,10,594.6,0
2021-09-20 10:23:42,5,65,21.4,97,16.5,1024.6,1029.5,1.4,2,,594.6,0
2021-09-20 10:28:42,5,64,21.4,93,16.4,1024.7,1029.6,1.7,2.4,12,594.6,0
2021-09-20 10:33:42,5,64,21.4,91,16.3,1024.4,1029.3,1,1.4,12,594.6,0
2021-09-20 10:38:42,5,64,21.4,89,16.2,1024.5,1029.4,0.7,1,12,594.6,0
2021-09-20 10:43:42,5,64,21.5,87,15.9,1024.6,1029.5,0.7,1,12,594.6,0
2021-09-20 10:48:42,5,64,21.5,86,15.8,1024.5,1029.4,0.7,1,12,594.6,0
2021-09-20 10:53:42,5,64,21.5,86,15.9,1024.7,1029.6,0,0.3,10,594.6,0
2021-09-20 10:58:42,5,63,21.6,86,16,1024.5,1029.4,1,1.7,10,594.6,0
2021-09-20 11:03:42,5,64,21.6,85,16.3,1024.6,1029.5,0.7,1,10,594.6,0
2021-09-20 11:08:42,5,63,21.7,83,16.5,1024.7,1029.6,0.3,0.7,10,594.6,0
2021-09-20 11:13:42,5,63,21.7,82,16.7,1024.6,1029.5,0.3,0.7,10,594.6,0
2021-09-20 11:18:42,5,63,21.7,81,17,1024.6,1029.5,1,1.4,10,594.6,0
2021-09-20 11:23:42,5,63,21.8,78,17.2,1024.6,1029.5,0.7,1,10,594.6,0
2021-09-20 11:28:42,5,63,21.8,74,17.5,1024.6,1029.5,1,1.7,10,594.6,0
2021-09-20 11:33:42,5,63,21.8,73,17.6,1024.6,1029.5,1.4,1.7,10,594.6,0
2021-09-20 11:38:42,5,63,21.9,72,17.6,1024.5,1029.4,1,1.7,8,594.6,0
2021-09-20 11:43:42,5,63,21.9,72,18.2,1024.6,1029.5,1.7,2.4,12,594.6,0
2021-09-20 11:48:42,5,63,21.9,71,18.5,1024.6,1029.5,1.7,2.4,10,594.6,0
2021-09-20 11:53:42,5,62,21.9,70,18.8,1024.8,1029.7,1.4,1.7,14,594.6,0
2021-09-20 11:58:42,5,61,21.9,70,18.6,1024.9,1029.8,1.4,2,10,594.6,0
2021-09-20 12:03:42,5,61,21.8,70,18.5,1024.9,1029.8,1.4,1.7,10,594.6,0
2021-09-20 12:08:42,5,60,21.7,70,18.1,1024.9,1029.8,1.4,2.4,10,594.6,0
2021-09-20 12:13:42,5,60,21.7,72,17.8,1024.9,1029.8,1,1.4,10,594.6,0
2021-09-20 12:18:42,5,61,21.6,73,18.4,1024.9,1029.8,1.4,1.7,10,594.6,0
2021-09-20 12:23:42,5,61,21.5,71,19.3,1024.7,1029.6,1.7,2,8,594.6,0
2021-09-20 12:28:42,5,61,21.5,70,18.7,1025,1029.9,1.4,2,10,594.6,0
2021-09-20 12:33:42,5,62,21.7,71,18.2,1024.8,1029.7,1.4,2,12,594.6,0
2021-09-20 12:38:42,5,62,21.7,72,18.1,1024.9,1029.8,1.7,2.4,12,594.6,0
2021-09-20 12:43:42,5,62,21.8,71,17.9,1024.9,1029.8,2,2.7,10,594.6,0
2021-09-20 12:48:42,5,62,21.8,71,17.7,1025,1029.9,1.7,2.4,10,594.6,0
2021-09-20 12:53:42,5,62,21.9,71,17.8,1025.1,1030,1.4,1.7,8,594.6,0
2021-09-20 12:58:42,5,62,21.9,71,17.8,1025.1,1030,2,3.1,14,594.6,0
2021-09-20 13:03:42,5,62,21.9,70,17.9,1025.1,1030,2.4,3.4,10,594.6,0
2021-09-20 13:08:42,5,61,22,70,17.9,1025.1,1030,2.4,3.4,10,594.6,0
2021-09-20 13:13:42,5,61,22,67,18.1,1025.1,1030,1.7,2.7,12,594.6,0
2021-09-20 13:18:42,5,61,22,67,18.2,1025,1029.9,1.4,1.7,12,594.6,0
2021-09-20 13:23:42,5,61,22.1,67,18.3,1025,1029.9,2,2.7,12,594.6,0
2021-09-20 13:28:42,5,61,22.1,67,18.6,1025,1029.9,1.7,2.4,12,594.6,0
2021-09-20 13:33:42,5,61,22.2,67,18.6,1025,1029.9,2,3.1,12,594.6,0
2021-09-20 13:38:42,5,60,22.2,66,18.8,1025,1029.9,2.4,3.7,14,594.6,0
2021-09-20 13:43:42,5,60,22.3,65,19,1025.2,1030.1,1.7,2.4,10,594.6,0
2021-09-20 13:48:42,5,59,22.3,67,19,1025.4,1030.3,3.1,3.7,10,594.6,0
2021-09-20 13:53:42,5,59,22.4,67,18.7,1025.1,1030,1,1.7,14,594.6,0
2021-09-20 13:58:42,5,59,22.4,65,18.9,1025.3,1030.2,3.7,4.4,10,594.6,0
2021-09-20 14:03:42,5,59,22.4,64,18.5,1025.3,1030.2,1.7,2.4,14,594.6,0
2021-09-20 14:08:42,5,59,22.4,66,18.9,1025.1,1030,1.7,2.4,10,594.6,0
2021-09-20 14:13:42,5,59,22.4,64,19.2,1025.3,1030.2,2,2.7,10,594.6,0
2021-09-20 14:18:42,5,59,22.5,63,19,1025.3,1030.2,2,3.4,10,594.6,0
2021-09-20 14:23:42,5,59,22.6,61,18.7,1025.3,1030.2,2,2.7,10,594.6,0
2021-09-20 14:28:42,5,59,22.6,61,18.9,1025.4,1030.3,2.4,3.4,8,594.6,0
2021-09-20 14:33:42,5,59,22.6,61,18.9,1025.4,1030.3,1.4,2,10,594.6,0
2021-09-20 14:38:42,5,59,22.7,62,19.1,1025.4,1030.3,1.7,2.7,12,594.6,0
2021-09-20 14:43:42,5,59,22.8,63,19.1,1025.4,1030.3,1.7,2,10,594.6,0
2021-09-20 14:48:42,5,59,22.9,65,19.1,1025.3,1030.2,1.7,2.4,10,594.6,0
2021-09-20 14:53:42,5,59,22.9,65,19.1,1025.4,1030.3,1.7,2.4,8,594.6,0
2021-09-20 14:58:42,5,59,22.9,64,19.1,1025.4,1030.3,2,2.7,10,594.6,0
2021-09-20 15:03:42,5,58,23,65,18.9,1025.2,1030.1,2.4,3.1,10,594.6,0
2021-09-20 15:08:42,5,58,23.1,67,18.7,1025.2,1030.1,2.4,3.1,10,594.6,0
2021-09-20 15:13:42,5,58,23.2,68,18.7,1025,1029.9,2,2.4,12,594.6,0
2021-09-20 15:18:42,5,58,23.3,69,18.7,1025.1,1030,1.4,2,8,594.6,0
2021-09-20 15:23:42,5,58,23.3,68,18.6,1025.2,1030.1,1.7,2.4,10,594.6,0
2021-09-20 15:28:42,5,58,23.4,69,18.4,1025.2,1030.1,2.4,3.1,12,594.6,0
2021-09-20 15:33:42,5,57,23.4,69,18.4,1025.2,1030.1,1.7,2.4,10,594.6,0
2021-09-20 15:38:42,5,57,23.5,69,18.5,1025.2,1030.1,2.4,3.4,0,594.6,0
2021-09-20 15:43:42,5,57,23.6,69,18.5,1025.1,1030,1,1.7,8,594.6,0
2021-09-20 15:48:42,5,57,23.6,69,18.7,1025.2,1030.1,2,2.4,14,594.6,0
2021-09-20 15:53:42,5,56,23.6,69,18.6,1025.2,1030.1,1.4,2,10,594.6,0
2021-09-20 15:58:42,5,56,23.6,68,18.5,1025.1,1030,2.4,3.4,12,594.6,0
2021-09-20 16:03:42,5,56,23.6,69,18.3,1025.3,1030.2,2.7,3.7,10,594.6,0
2021-09-20 16:08:42,5,56,23.5,70,17.9,1025.3,1030.2,1.7,2.7,10,594.6,0
2021-09-20 16:13:42,5,56,23.5,70,17.8,1025.3,1030.2,1.7,2.7,12,594.6,0
2021-09-20 16:18:42,5,56,23.5,71,17.7,1025.3,1030.2,1.7,2.7,12,594.6,0
2021-09-20 16:23:42,5,56,23.5,71,17.6,1025.1,1030,1.4,2,10,594.6,0
2021-09-20 16:28:42,5,56,23.4,72,17.6,1025.4,1030.3,1.4,2.4,10,594.6,0
2021-09-20 16:33:42,5,55,23.4,72,17.7,1025.4,1030.3,1.7,2.7,9,594.6,0
2021-09-20 16:38:42,5,55,23.3,72,17.8,1025.8,1030.7,1.7,2,12,594.6,0
2021-09-20 16:43:42,5,55,23.3,72,17.6,1025.8,1030.7,2,3.4,12,594.6,0
2021-09-20 16:48:42,5,55,23.3,75,17.4,1025.8,1030.7,1.7,2,12,594.6,0
2021-09-20 16:53:42,5,56,23.4,75,17.4,1025.8,1030.7,0.7,1.4,10,594.6,0
2021-09-20 16:58:42,5,56,23.4,76,17.2,1025.9,1030.8,1,1.4,10,594.6,0
2021-09-20 17:03:42,5,56,23.4,77,17,1025.7,1030.6,1.4,2,10,594.6,0
2021-09-20 17:08:42,5,56,23.4,78,16.9,1025.7,1030.6,1,1.7,12,594.6,0
2021-09-20 17:13:42,5,56,23.3,78,16.7,1025.9,1030.8,1.7,2.4,10,594.6,0
2021-09-20 17:18:42,5,56,23.3,79,16.6,1026.1,1031,1,1.4,10,594.6,0
2021-09-20 17:23:42,5,56,23.2,80,16.3,1026.1,1031,1.7,2,10,594.6,0
2021-09-20 17:28:42,5,57,23.2,81,16.1,1026.1,1031,1.7,2,10,594.6,0
2021-09-20 17:33:42,5,57,23.2,82,16,1026.1,1031,1.7,2.4,8,594.6,0
2021-09-20 17:38:42,5,57,23.1,83,15.9,1026.1,1031,0.7,1,12,594.6,0
2021-09-20 17:43:42,5,56,23.1,83,15.9,1026.3,1031.2,1.7,2.4,12,594.6,0
2021-09-20 17:48:42,5,56,23.1,84,15.7,1026.3,1031.2,1.7,2.4,13,594.6,0
2021-09-20 17:53:42,5,57,23.1,84,15.7,1026.4,1031.3,1.4,1.7,12,594.6,0
2021-09-20 17:58:42,5,57,23,84,15.6,1026.2,1031.1,2,2.4,10,594.6,0
2021-09-20 18:03:42,5,57,23,85,15.5,1026.4,1031.3,1.7,2,12,594.6,0
2021-09-20 18:08:42,5,58,22.9,85,15.4,1026.3,1031.2,1.4,1.7,12,594.6,0
2021-09-20 18:13:42,5,58,22.9,86,15.3,1026.2,1031.1,1,2,12,594.6,0
2021-09-20 18:18:42,5,58,22.9,86,15.2,1026.4,1031.3,1,1.7,14,594.6,0
2021-09-20 18:23:42,5,58,22.9,87,15.1,1026.6,1031.5,1,1.4,10,594.6,0
2021-09-20 18:28:42,5,58,22.9,87,15.1,1026.7,1031.6,1.4,2,10,594.6,0
2021-09-20 18:33:42,5,58,22.8,88,15,1026.8,1031.7,0.7,1,12,594.6,0
2021-09-20 18:38:42,5,58,22.7,89,15.1,1027.1,1032,1,1.4,10,594.6,0
2021-09-20 18:43:42,5,58,22.7,89,15.1,1027.1,1032,0.7,1.4,10,594.6,0
2021-09-20 18:48:42,5,59,22.6,90,15.1,1027.1,1032,1,1.7,12,594.6,0
2021-09-20 18:53:42,5,59,22.7,90,15.1,1027.1,1032,1.4,2.4,12,594.6,0
2021-09-20 18:58:42,5,59,22.6,90,15.1,1027.1,1032,1.4,1.7,12,594.6,0
2021-09-20 19:03:42,5,59,22.7,90,15.2,1027.3,1032.2,1,1.4,12,594.6,0
2021-09-20 19:08:42,5,59,22.7,90,15.2,1027.3,1032.2,1,1.7,10,594.6,0
2021-09-20 19:13:42,5,59,22.7,90,15.1,1027.4,1032.3,0.7,1.4,12,594.6,0
2021-09-20 19:18:42,5,59,22.7,90,15.1,1027.5,1032.4,1,1.7,12,594.6,0
2021-09-20 19:23:42,5,59,22.6,91,15.1,1027.5,1032.4,0.7,1,12,594.6,0
2021-09-20 19:28:42,5,59,22.6,91,15,1027.3,1032.2,1,1.4,10,594.6,0
2021-09-20 19:33:42,5,59,22.7,91,15,1027.5,1032.4,1,1.4,12,594.6,0
2021-09-20 19:38:42,5,59,22.7,91,15,1027.5,1032.4,0.7,1,12,594.6,0
2021-09-20 19:43:42,5,59,22.7,91,15,1027.7,1032.6,0.7,1,8,594.6,0
2021-09-20 19:48:42,5,59,22.6,91,15,1027.4,1032.3,1,1.4,10,594.6,0
2021-09-20 19:53:42,5,59,22.6,91,15,1027.6,1032.5,0.7,1,10,594.6,0
2021-09-20 19:58:42,5,59,22.7,91,15,1027.6,1032.5,0.7,1,10,594.6,0
2021-09-20 20:03:42,5,59,22.6,92,15,1027.5,1032.4,1,1.4,10,594.6,0
2021-09-20 20:08:42,5,59,22.6,92,15,1027.7,1032.6,0.7,1.4,10,594.6,0
2021-09-20 20:13:42,5,59,22.6,92,15,1027.8,1032.7,0.7,1.4,10,594.6,0
2021-09-20 20:18:42,5,60,22.6,92,15,1027.9,1032.8,0.7,1.4,8,594.6,0
2021-09-20 20:23:42,5,60,22.6,92,15,1028,1032.9,0.7,1.4,8,594.6,0
2021-09-20 20:28:42,5,60,22.6,92,15.1,1027.8,1032.7,0.7,1,10,594.6,0
2021-09-20 20:33:42,5,60,22.7,92,15.1,1027.9,1032.8,0.7,1,10,594.6,0
2021-09-20 20:38:42,5,60,22.7,93,15.1,1027.9,1032.8,0.3,1,10,594.6,0
2021-09-20 20:43:42,5,60,22.7,93,15.1,1027.9,1032.8,0.3,0.7,10,594.6,0
2021-09-20 20:48:42,5,60,22.7,93,15,1027.9,1032.8,0.7,1,10,594.6,0
2021-09-20 20:53:42,5,60,22.7,93,15,1027.9,1032.8,0.7,1,10,594.6,0
2021-09-20 20:58:42,5,60,22.7,93,15,1027.9,1032.8,0.7,1.4,10,594.6,0
2021-09-20 21:03:42,5,60,22.7,93,14.9,1027.8,1032.7,1.4,1.7,10,594.6,0
2021-09-20 21:08:42,5,60,22.7,93,14.7,1027.8,1032.7,1,1.4,10,594.6,0
2021-09-20 21:13:42,5,60,22.6,93,14.5,1028,1032.9,0.7,1,10,594.6,0
2021-09-20 21:18:42,5,60,22.6,93,14.3,1027.9,1032.8,0.7,1,10,594.6,0
2021-09-20 21:23:42,5,60,22.5,93,14.1,1028,1032.9,0.7,0.7,12,594.6,0
2021-09-20 21:28:42,5,60,22.4,93,14,1028,1032.9,0.3,0.7,10,594.6,0
2021-09-20 21:33:42,5,60,22.4,93,13.9,1028.2,1033.1,0.3,0.7,10,594.6,0
2021-09-20 21:38:42,5,60,22.4,94,13.9,1028.3,1033.2,0.7,1.4,10,594.6,0
2021-09-20 21:43:42,5,60,22.3,94,13.9,1028.3,1033.2,0.7,1,10,594.6,0
2021-09-20 21:48:42,5,60,22.3,94,13.9,1028.3,1033.2,0.7,1,10,594.6,0
2021-09-20 21:53:42,5,60,22.2,,,1028.2,1033.1,,,,594.6,64
2021-09-20 21:58:42,5,61,22.1,,,1028.3,1033.2,,,,594.6,64
2021-09-20 22:03:42,5,61,22.2,,,1028.2,1033.1,,,,594.6,64
2021-09-20 22:08:42,5,61,22.1,,,1028.4,1033.3,,,,594.6,64
2021-09-20 22:13:42,5,61,22.1,,,1028.4,1033.3,,,,594.6,64
2021-09-20 22:18:42,5,61,22,,,1028.4,1033.3,,,,594.6,64
2021-09-20 22:23:42,5,61,22,,,1028.2,1033.1,,,,594.6,64
2021-09-20 22:28:42,5,61,22,97,13.9,1028.3,1033.2,0.7,1,10,594.6,0
2021-09-20 22:33:42,5,61,22,98,14,1028.4,1033.3,0.7,1,10,594.6,0
2021-09-20 22:38:42,5,62,21.9,98,14.1,1028.2,1033.1,0.3,0.7,10,594.6,0
2021-09-20 22:43:42,5,62,21.9,98,14.2,1028.3,1033.2,0.3,1,8,594.6,0
2021-09-20 22:48:42,5,62,21.9,99,14.3,1028.3,1033.2,0.3,0.7,10,594.6,0
2021-09-20 22:53:42,5,62,21.8,99,14.4,1028.4,1033.3,0.3,0.7,12,594.6,0
2021-09-20 22:58:42,5,62,21.8,99,14.5,1028.4,1033.3,0.7,1,10,594.6,0
2021-09-20 23:03:42,5,63,21.8,99,14.6,1028.5,1033.4,0.7,1,10,594.6,0
2021-09-20 23:08:42,5,63,21.8,99,14.6,1028.4,1033.3,1.4,2,10,594.6,0
2021-09-20 23:13:42,5,63,21.7,99,14.7,1028.3,1033.2,1,1.4,10,594.6,0
2021-09-20 23:18:42,5,63,21.7,99,14.7,1028.3,1033.2,1,1.7,10,594.6,0
2021-09-20 23:23:42,5,63,21.6,99,14.7,1028.2,1033.1,0.7,1,10,594.6,0
2021-09-20 23:28:42,5,63,21.6,99,14.7,1028.2,1033.1,1,1.4,10,594.6,0
2021-09-20 23:33:42,5,63,21.6,99,14.7,1028.3,1033.2,1,1.4,10,594.6,0
2021-09-20 23:38:42,5,63,21.5,99,14.7,1028.2,1033.1,1.4,2,10,594.6,0
2021-09-20 23:43:42,5,63,21.5,99,14.7,1028.2,1033.1,1,1.4,10,594.6,0
2021-09-20 23:48:42,5,63,21.5,99,14.8,1028.4,1033.3,1.4,1.7,10,594.6,0
2021-09-20 23:53:42,5,63,21.5,99,14.8,1028.6,1033.5,0.3,0.7,10,594.6,0
2021-09-20 23:58:42,5,63,21.5,99,14.8,1028.7,1033.6,0.7,1,10,594.6,0
