2021-09-23 00:03:41,5,68,21.2,99,15.6,1019.7,1024.6,1.7,2.4,12,595.2,0
2021-09-23 00:08:41,5,68,21.2,99,15.5,1019.5,1024.4,1.4,2.4,10,595.2,0
2021-09-23 00:13:41,5,68,21.2,99,15.4,1019.5,1024.4,2.4,3.4,10,595.5,0
2021-09-23 00:18:41,5,68,21.2,99,15.3,1019.7,1024.6,2,2.7,10,595.5,0
2021-09-23 00:23:41,5,68,21.1,99,15.1,1019.6,1024.5,2,3.7,12,595.5,0
2021-09-23 00:28:41,5,68,21.1,99,14.9,1019.7,1024.6,2,2.7,8,595.5,0
2021-09-23 00:33:41,5,68,21.1,99,14.8,1019.7,1024.6,2.4,3.7,15,595.5,0
2021-09-23 00:38:41,5,68,21.1,99,14.7,1019.8,1024.7,1.7,2.4,10,595.5,0
2021-09-23 00:43:41,5,68,21.1,99,14.6,1019.7,1024.6,2.7,4.1,10,595.5,0
2021-09-23 00:48:41,5,68,21.2,99,14.4,1019.7,1024.6,2,4.1,12,595.5,0
2021-09-23 00:53:41,5,67,21.2,99,14.3,1019.7,1024.6,1.4,1.7,12,595.5,0
2021-09-23 00:58:41,5,67,21.1,99,14.1,1019.7,1024.6,2,2.4,10,595.5,0
2021-09-23 01:03:41,5,67,21.2,99,14,1019.6,1024.5,2.4,3.1,9,595.5,0
2021-09-23 01:08:43,5,67,21.2,99,14,1019.6,1024.5,2.4,3.7,12,595.5,0
2021-09-23 01:13:41,5,67,21.1,99,14,1019.5,1024.4,1,1.4,10,595.5,0
2021-09-23 01:18:41,5,66,21.1,99,13.9,1019.5,1024.4,1,1.7,10,595.5,0
2021-09-23 01:23:41,5,66,21.1,99,13.8,1019.4,1024.3,1.7,2.4,10,595.5,0
2021-09-23 01:28:41,5,66,21.1,99,13.7,1019.5,1024.4,1,1.4,10,595.5,0
2021-09-23 01:33:41,5,66,21.1,99,13.7,1019.4,1024.3,1,1.4,10,595.5,0
2021-09-23 01:38:41,5,66,21.1,99,13.7,1019.3,1024.2,1,1.4,10,595.5,0
2021-09-23 01:43:41,5,66,21.1,99,13.7,1019.2,1024.1,1.4,1.7,12,595.5,0
2021-09-23 01:48:41,5,66,21,99,13.7,1019.2,1024.1,1,1.7,10,595.5,0
2021-09-23 01:53:41,5,66,21,99,13.7,1019.3,1024.2,1.4,1.7,14,595.5,0
2021-09-23 01:58:41,5,66,21.1,99,13.7,1019.2,1024.1,1.7,2,12,595.5,0
2021-09-23 02:03:41,5,66,21,99,13.5,1019.4,1024.3,1.7,2.4,11,595.5,0
2021-09-23 02:08:41,5,65,21,99,13.4,1019.3,1024.2,1.4,1.7,10,595.5,0
2021-09-23 02:13:41,5,65,21,99,13.2,1019.4,1024.3,1,1.7,12,595.5,0
2021-09-23 02:18:41,5,65,21,99,13.2,1019.3,1024.2,1.4,1.7,,595.5,0
2021-09-23 02:23:41,5,65,21,99,13.2,1019.4,1024.3,0.7,1.4,12,595.5,0
2021-09-23 02:28:41,5,65,21,99,13.2,1019.4,1024.3,1,1.4,12,595.5,0
2021-09-23 02:33:41,5,65,21,99,13.2,1019.5,1024.4,0,0.3,10,595.5,0
2021-09-23 02:38:41,5,65,21,99,13.1,1019.5,1024.4,0.7,1,10,595.5,0
2021-09-23 02:43:41,5,65,21,99,13.1,1019.6,1024.5,1,1.4,12,595.5,0
2021-09-23 02:48:41,5,65,21,99,13.1,1019.7,1024.6,0.3,0.7,12,595.5,0
2021-09-23 02:53:41,5,65,21,99,13.1,1019.5,1024.4,1,1.4,12,595.5,0
2021-09-23 02:58:41,5,65,21,99,13.1,1019.5,1024.4,1.4,2,12,595.5,0
2021-09-23 03:03:41,5,65,21,99,13,1019.3,1024.2,1.4,2,10,595.5,0
2021-09-23 03:08:41,5,66,20.9,99,13,1019.3,1024.2,1.4,2,10,595.5,0
2021-09-23 03:13:41,5,66,20.9,99,12.9,1019.5,1024.4,1.4,2,12,595.5,0
2021-09-23 03:18:41,5,65,20.9,99,12.9,1019.4,1024.3,1,2,10,595.5,0
2021-09-23 03:23:41,5,65,20.9,99,12.8,1019.4,1024.3,1,2,8,595.5,0
2021-09-23 03:28:41,5,65,20.9,99,12.7,1019.2,1024.1,1.7,2.4,10,595.5,0
2021-09-23 03:33:41,5,65,20.9,99,12.7,1019.2,1024.1,1.4,2.7,10,595.5,0
2021-09-23 03:38:41,5,65,20.9,99,12.7,1019.1,1024,1.4,1.7,12,595.5,0
2021-09-23 03:43:41,5,65,20.9,99,12.7,1019.1,1024,1,1.4,10,595.5,0
2021-09-23 03:48:41,5,65,20.9,99,12.6,1019.2,1024.1,1,1.7,10,595.5,0
2021-09-23 03:53:41,5,65,20.9,99,12.6,1019.3,1024.2,1,1.4,12,595.5,0
2021-09-23 03:58:41,5,65,20.9,99,12.5,1019.1,1024,1.4,1.7,10,595.5,0
2021-09-23 04:03:41,5,64,20.8,99,12.5,1018.9,1023.8,1.4,2,12,595.5,0
2021-09-23 04:08:41,5,64,20.8,99,12.4,1019,1023.9,1.4,2.4,10,595.5,0
2021-09-23 04:13:41,5,64,20.8,99,12.4,1019,1023.9,1.7,2,10,595.5,0
2021-09-23 04:18:41,5,64,20.8,99,12.3,1018.9,1023.8,1.7,2,12,595.5,0
2021-09-23 04:23:41,5,64,20.8,99,12.2,1019,1023.9,1,1.4,10,595.5,0
2021-09-23 04:28:41,5,64,20.8,99,12.2,1019.1,1024,1,1.4,10,595.5,0
2021-09-23 04:33:41,5,64,20.8,99,12.1,1019,1023.9,1,1.4,10,595.5,0
2021-09-23 04:38:41,5,64,20.8,99,12.1,1019,1023.9,1.4,1.7,12,595.5,0
2021-09-23 04:43:41,5,63,20.7,99,12.1,1018.9,1023.8,1.4,2,12,595.5,0
2021-09-23 04:48:41,5,63,20.7,99,12.2,1018.9,1023.8,1.7,2.4,10,595.5,0
2021-09-23 04:53:41,5,63,20.7,99,12.3,1018.9,1023.8,1.7,2,8,595.5,0
2021-09-23 04:58:41,5,63,20.7,99,12.4,1019,1023.9,1.4,2,12,595.5,0
2021-09-23 05:03:41,5,63,20.7,99,12.4,1018.9,1023.8,1.4,2,10,595.5,0
2021-09-23 05:08:41,5,63,20.7,99,12.3,1018.8,1023.7,1.4,1.7,10,595.5,0
2021-09-23 05:13:41,5,63,20.6,99,12.3,1019,1023.9,0.7,1,12,595.5,0
2021-09-23 05:18:41,5,63,20.6,99,12.3,1018.9,1023.8,1.4,1.7,10,595.5,0
2021-09-23 05:23:41,5,63,20.5,99,12.3,1019,1023.9,1.4,2,12,595.5,0
2021-09-23 05:28:41,5,63,20.6,99,12.3,1018.8,1023.7,1,1.4,10,595.5,0
2021-09-23 05:33:41,5,63,20.5,99,12.3,1019.1,1024,1,1.4,12,595.5,0
2021-09-23 05:38:41,5,63,20.6,99,12.3,1019.1,1024,0.3,0.7,10,595.5,0
2021-09-23 05:43:41,5,63,20.5,99,12.3,1019.2,1024.1,0.7,1,,595.5,0
2021-09-23 05:48:41,5,63,20.5,99,12.3,1019.4,1024.3,0.3,0.7,10,595.5,0
2021-09-23 05:53:41,5,63,20.6,99,12.2,1019.4,1024.3,0,0.3,12,595.5,0
2021-09-23 05:58:41,5,63,20.6,98,12.1,1019.3,1024.2,0.7,1,10,595.5,0
2021-09-23 06:03:41,5,63,20.5,98,11.9,1019.2,1024.1,0.7,1,10,595.5,0
2021-09-23 06:08:41,5,63,20.6,98,11.7,1019.2,1024.1,1,1.7,10,595.5,0
2021-09-23 06:13:41,5,63,20.6,97,11.6,1019.2,1024.1,1,1.7,10,595.5,0
2021-09-23 06:18:41,5,63,20.5,97,11.6,1019.3,1024.2,1,1.4,10,595.5,0
2021-09-23 06:23:41,5,63,20.5,97,11.5,1019.5,1024.4,0.7,1,12,595.5,0
2021-09-23 06:28:41,5,63,20.5,97,11.5,1019.3,1024.2,1,1.7,12,595.5,0
2021-09-23 06:33:41,5,63,20.5,97,11.6,1019.3,1024.2,1,1.4,10,595.5,0
2021-09-23 06:38:41,5,63,20.5,97,11.7,1019.5,1024.4,0.7,1,12,595.5,0
2021-09-23 06:43:41,5,63,20.5,97,11.8,1019.5,1024.4,1.4,1.7,12,595.5,0
2021-09-23 06:48:41,5,63,20.5,97,11.9,1019.5,1024.4,1.4,2,10,595.5,0
2021-09-23 06:53:41,5,62,20.5,97,12.1,1019.4,1024.3,1.4,1.7,10,595.5,0
2021-09-23 06:58:41,5,62,20.5,97,12.2,1019.6,1024.5,0.7,1.4,10,595.5,0
2021-09-23 07:03:41,5,62,20.5,94,12.8,1019.8,1024.7,0.3,0.7,14,595.5,0
2021-09-23 07:08:41,5,63,20.5,94,13.1,1020,1024.9,0.7,1,10,595.5,0
2021-09-23 07:13:41,5,62,20.5,93,13.3,1019.8,1024.7,1.4,2,12,595.5,0
2021-09-23 07:18:41,5,62,20.5,92,13,1019.8,1024.7,1.4,1.7,10,595.5,0
2021-09-23 07:23:41,5,62,20.5,91,13.2,1019.8,1024.7,1,1.4,10,595.5,0
2021-09-23 07:28:41,5,62,20.5,90,13.2,1019.9,1024.8,1,1.4,12,595.5,0
2021-09-23 07:33:41,5,63,20.5,90,13.6,1020,1024.9,0.7,1,12,595.5,0
2021-09-23 07:38:41,5,63,20.5,89,14,1020,1024.9,1.4,1.7,10,595.5,0
2021-09-23 07:43:41,5,63,20.6,87,14,1019.9,1024.8,1,1.7,12,595.5,0
2021-09-23 07:48:41,5,64,20.7,86,13.9,1020.2,1025.1,1,1.7,14,595.5,0
2021-09-23 07:53:41,5,64,20.8,86,13.9,1020.1,1025,0.7,1,10,595.5,0
2021-09-23 07:58:41,5,64,20.8,86,14.3,1020.1,1025,0.7,1,1,595.5,0
2021-09-23 08:03:41,5,64,20.9,84,14.9,1020.1,1025,1.7,2,10,595.5,0
2021-09-23 08:08:41,5,63,20.9,83,15.1,1019.9,1024.8,1.4,2,10,595.5,0
2021-09-23 08:13:41,5,63,20.9,83,15.2,1020.1,1025,2,3.4,10,595.5,0
2021-09-23 08:18:41,5,62,20.9,82,15.1,1019.9,1024.8,2.4,3.1,12,595.5,0
2021-09-23 08:23:41,5,62,20.9,81,15.2,1019.7,1024.6,1.7,2.7,10,595.5,0
2021-09-23 08:28:41,5,62,20.9,81,15.2,1019.9,1024.8,2.4,3.1,10,595.5,0
2021-09-23 08:33:41,5,62,20.9,80,15.3,1020.1,1025,1.7,2,12,595.5,0
2021-09-23 08:38:41,5,61,21,80,15.4,1020,1024.9,1.7,2.4,10,595.5,0
2021-09-23 08:43:41,5,61,21,80,15.6,1020,1024.9,1.4,2,12,595.5,0
2021-09-23 08:48:41,5,61,21,79,15.8,1020.1,1025,1.4,1.7,12,595.5,0
2021-09-23 08:53:41,5,61,21.1,79,16,1019.9,1024.8,2.4,3.4,13,595.5,0
2021-09-23 08:58:41,5,61,21.1,78,15.8,1019.7,1024.6,1.7,2,12,595.5,0
2021-09-23 09:03:41,5,61,21.1,77,15.8,1019.8,1024.7,2.7,3.4,8,595.5,0
2021-09-23 09:08:41,5,61,21.2,77,15.8,1019.6,1024.5,1.7,2.4,10,595.5,0
2021-09-23 09:13:41,5,61,21.2,76,15.8,1019.6,1024.5,1.7,2.4,10,595.5,0
2021-09-23 09:18:41,5,61,21.2,76,15.9,1019.6,1024.5,2,3.4,12,595.5,0
2021-09-23 09:23:41,5,61,21.2,75,16,1019.5,1024.4,2.4,2.7,10,595.5,0
2021-09-23 09:28:41,5,61,21.4,74,15.8,1019.4,1024.3,2,2.7,10,595.5,0
2021-09-23 09:33:41,5,61,21.4,75,15.9,1019.3,1024.2,1.7,2.4,10,595.5,0
2021-09-23 09:38:41,5,61,21.4,74,15.8,1019.4,1024.3,3.1,4.4,8,595.5,0
2021-09-23 09:43:41,5,60,21.5,74,15.9,1019.3,1024.2,2.4,3.4,10,595.5,0
2021-09-23 09:48:41,5,60,21.5,74,15.8,1019.3,1024.2,2,2.7,10,595.5,0
2021-09-23 09:53:41,5,60,21.7,74,16.2,1019.4,1024.3,1,2,10,595.5,0
2021-09-23 09:58:41,5,60,21.7,75,16.7,1019.3,1024.2,1.7,2.4,12,595.5,0
2021-09-23 10:03:41,5,60,21.8,72,16.4,1019.3,1024.2,2.7,3.7,10,595.5,0
2021-09-23 10:08:41,5,60,21.8,72,16.3,1019.3,1024.2,2.4,3.1,10,595.5,0
2021-09-23 10:13:41,5,59,21.8,73,16.4,1019.4,1024.3,1.7,2.7,10,595.5,0
2021-09-23 10:18:41,5,59,21.8,73,16.4,1019.5,1024.4,2.4,2.7,8,595.5,0
2021-09-23 10:23:41,5,59,21.8,74,16.6,1019.4,1024.3,2.7,3.4,10,595.5,0
2021-09-23 10:28:41,5,59,21.8,73,16.3,1019.3,1024.2,2.7,3.4,10,595.5,0
2021-09-23 10:33:41,5,59,21.8,73,16.3,1019.4,1024.3,2.7,3.7,12,595.5,0
2021-09-23 10:38:41,5,59,21.8,73,16.5,1019.6,1024.5,2.7,3.7,8,595.5,0
2021-09-23 10:43:41,5,59,21.7,73,16.5,1019.6,1024.5,2.4,3.1,10,595.5,0
2021-09-23 10:48:41,5,59,21.8,73,16.7,1019.6,1024.5,2.4,3.1,10,595.5,0
2021-09-23 10:53:41,5,59,21.8,72,16.5,1019.6,1024.5,2.4,3.4,0,595.5,0
2021-09-23 10:58:41,5,59,21.8,73,16.9,1019.7,1024.6,2,2.4,10,595.5,0
2021-09-23 11:03:41,5,58,21.7,73,17,1019.6,1024.5,2.4,2.7,12,595.5,0
2021-09-23 11:08:41,5,58,21.7,72,16.5,1019.4,1024.3,3.1,4.1,10,595.5,0
2021-09-23 11:13:41,5,57,21.6,73,16.2,1019.5,1024.4,2.7,3.1,14,595.5,0
2021-09-23 11:18:41,5,57,21.6,73,16.5,1019.6,1024.5,2,3.1,8,595.5,0
2021-09-23 11:23:41,5,56,21.5,73,16.6,1019.5,1024.4,2.7,3.7,12,595.5,0
2021-09-23 11:28:41,5,56,21.5,73,17,1019.5,1024.4,3.1,4.1,10,595.5,0
2021-09-23 11:33:41,5,56,21.5,72,17,1019.4,1024.3,2.4,3.1,10,595.5,0
2021-09-23 11:38:41,5,56,21.5,71,17.1,1019.4,1024.3,3.1,4.4,10,595.5,0
2021-09-23 11:43:41,5,56,21.4,71,17.1,1019.5,1024.4,2.4,3.4,10,595.5,0
2021-09-23 11:48:41,5,56,21.4,72,17.4,1019.6,1024.5,2.4,3.4,14,595.5,0
2021-09-23 11:53:41,5,56,21.4,71,17.4,1019.4,1024.3,1.7,2.7,10,595.5,0
2021-09-23 11:58:41,5,56,21.5,71,17.3,1019.6,1024.5,3.1,4.1,12,595.5,0
2021-09-23 12:03:41,5,56,21.4,71,16.9,1019.5,1024.4,1.7,2.4,10,595.5,0
2021-09-23 12:08:41,5,56,21.4,72,16.8,1019.5,1024.4,2.7,3.7,12,595.5,0
2021-09-23 12:13:41,5,56,21.4,72,17.1,1019.5,1024.4,2.4,3.1,12,595.5,0
2021-09-23 12:18:41,5,56,21.4,69,17.5,1019.4,1024.3,3.4,5.1,14,595.5,0
2021-09-23 12:23:41,5,56,21.4,70,17.3,1019.3,1024.2,2.7,3.4,10,595.5,0
2021-09-23 12:28:41,5,56,21.4,72,17.4,1019.4,1024.3,3.1,4.1,8,595.5,0
2021-09-23 12:33:41,5,56,21.4,68,17.5,1019.2,1024.1,3.1,4.4,14,595.5,0
2021-09-23 12:38:41,5,56,21.4,68,17.5,1019.3,1024.2,2.4,3.1,10,595.5,0
2021-09-23 12:43:41,5,56,21.5,70,17.4,1019.2,1024.1,2,2.7,10,595.5,0
2021-09-23 12:48:41,5,57,21.5,68,17.8,1019.3,1024.2,2,3.1,12,595.5,0
2021-09-23 12:53:41,5,57,21.6,66,17.8,1019.3,1024.2,2.7,4.1,10,595.5,0
2021-09-23 12:58:41,5,57,21.6,66,17.5,1019.3,1024.2,2.4,3.7,10,595.5,0
2021-09-23 13:03:41,5,57,21.8,66,17.6,1019.3,1024.2,2.7,3.7,9,595.5,0
2021-09-23 13:08:41,5,57,21.7,65,17.7,1019.2,1024.1,2.4,3.1,8,595.5,0
2021-09-23 13:13:41,5,57,21.8,67,17.9,1019.2,1024.1,3.1,3.7,12,595.5,0
2021-09-23 13:18:41,5,58,21.9,66,17.9,1019,1023.9,2.7,3.7,12,595.5,0
2021-09-23 13:23:41,5,58,21.9,67,17.7,1019.1,1024,2.4,2.7,10,595.5,0
2021-09-23 13:28:41,5,58,21.9,66,17.8,1019.1,1024,2,2.7,10,595.5,0
2021-09-23 13:33:41,5,58,21.9,69,18.1,1019.1,1024,1,2,10,595.5,0
2021-09-23 13:38:41,5,57,22,67,18.3,1019.1,1024,2.4,3.1,8,595.5,0
2021-09-23 13:43:41,5,57,22,64,18,1019,1023.9,2.7,3.7,1,595.5,0
2021-09-23 13:48:41,5,58,22,64,17.7,1019.1,1024,1.7,2.7,12,595.5,0
2021-09-23 13:53:41,5,57,22,67,18.1,1019,1023.9,2,2.7,12,595.5,0
2021-09-23 13:58:41,5,58,22.1,67,18.5,1018.9,1023.8,1.7,3.1,8,595.5,0
2021-09-23 14:03:41,5,58,22.2,65,18.2,1019,1023.9,2.7,3.7,10,595.5,0
2021-09-23 14:08:41,5,58,22.2,66,18.1,1018.9,1023.8,3.1,4.1,10,595.5,0
2021-09-23 14:13:41,5,58,22.2,66,17.8,1018.7,1023.6,1.7,2.4,14,595.5,0
2021-09-23 14:18:41,5,58,22.3,67,17.9,1018.7,1023.6,2,2.7,8,595.5,0
2021-09-23 14:23:41,5,58,22.3,68,18.1,1018.6,1023.5,2,2.7,12,595.5,0
2021-09-23 14:28:41,5,58,22.4,67,18,1018.5,1023.4,2,2.7,12,595.5,0
2021-09-23 14:33:41,5,58,22.5,67,18.1,1018.5,1023.4,2,3.1,10,595.5,0
2021-09-23 14:38:41,5,58,22.5,66,18,1018.5,1023.4,2.4,3.1,10,595.5,0
2021-09-23 14:43:41,5,58,22.7,67,18.2,1018.4,1023.3,2,2.7,14,595.5,0
2021-09-23 14:48:41,5,58,22.7,67,18.2,1018.4,1023.3,2,3.1,12,595.5,0
2021-09-23 14:53:41,5,58,22.8,68,18.4,1018.4,1023.3,1.4,2.4,12,595.5,0
2021-09-23 14:58:41,5,58,22.8,65,18.2,1018.3,1023.2,2.7,3.4,10,595.5,0
2021-09-23 15:03:41,5,58,22.9,67,18,1018.4,1023.3,2,3.1,10,595.5,0
2021-09-23 15:08:41,5,57,23,67,17.8,1018.2,1023.1,2.4,3.4,10,595.5,0
2021-09-23 15:13:41,5,56,23,67,17.7,1018.3,1023.2,3.1,4.4,10,595.5,0
2021-09-23 15:18:41,5,56,23.1,68,17.8,1018.2,1023.1,2.4,3.1,12,595.5,0
2021-09-23 15:23:41,5,56,23.2,67,17.6,1018.1,1023,1.7,2,10,595.5,0
2021-09-23 15:28:41,5,56,23.2,67,17.5,1018.2,1023.1,2,2.7,8,595.5,0
2021-09-23 15:33:41,5,56,23.2,71,17.4,1018.1,1023,2,2.7,10,595.5,0
2021-09-23 15:38:41,5,56,23.3,68,17.5,1018.1,1023,1.7,2.4,12,595.5,0
2021-09-23 15:43:41,5,56,23.3,67,17.6,1018.1,1023,2.7,3.7,10,595.5,0
2021-09-23 15:48:41,5,56,23.4,67,17.6,1017.9,1022.8,3.1,4.1,10,595.5,0
2021-09-23 15:53:41,5,56,23.4,68,17.7,1018.1,1023,1.7,2.4,10,595.5,0
2021-09-23 15:58:41,5,55,23.5,68,17.5,1018.2,1023.1,2.4,3.4,12,595.5,0
2021-09-23 16:03:41,5,54,23.5,71,17.4,1018.2,1023.1,1.4,2,10,595.5,0
2021-09-23 16:08:41,5,54,23.3,71,17.4,1018.3,1023.2,2,2.4,12,595.5,0
2021-09-23 16:13:41,5,53,23.3,71,17.3,1018.2,1023.1,2,2.7,12,595.5,0
2021-09-23 16:18:41,5,53,23.2,72,17.3,1018.1,1023,1.7,3.1,10,595.5,0
2021-09-23 16:23:41,5,53,23.2,72,17.3,1018.1,1023,1.7,2.4,12,595.5,0
2021-09-23 16:28:41,5,53,23.1,71,17.1,1017.9,1022.8,1.7,2.7,10,595.5,0
2021-09-23 16:33:41,5,53,23,71,17,1018,1022.9,2,2.4,12,595.5,0
2021-09-23 16:38:41,5,52,23,72,17,1018,1022.9,1.7,2,10,595.5,0
2021-09-23 16:43:41,5,52,22.9,72,17,1017.9,1022.8,2.4,3.4,10,595.5,0
2021-09-23 16:48:41,5,52,22.8,72,17,1017.9,1022.8,2.4,3.4,10,595.5,0
2021-09-23 16:53:41,5,53,22.8,,,1017.9,1022.8,,,,595.5,64
2021-09-23 16:58:41,5,53,22.8,,,1017.8,1022.7,,,,595.5,64
2021-09-23 17:03:41,5,53,22.7,,,1017.9,1022.8,,,,595.5,64
2021-09-23 17:08:41,5,54,22.6,75,15.8,1017.7,1022.6,2,3.1,10,595.5,0
2021-09-23 17:13:41,5,54,22.6,75,15.7,1017.8,1022.7,2.4,2.7,10,595.5,0
2021-09-23 17:18:41,5,54,22.6,75,15.6,1017.7,1022.6,1.4,2,12,595.5,0
2021-09-23 17:23:41,5,54,22.6,76,15.6,1017.8,1022.7,1.4,1.7,10,595.5,0
2021-09-23 17:28:41,5,54,22.6,76,15.5,1017.8,1022.7,1.7,2.4,8,595.5,0
2021-09-23 17:33:41,5,54,22.5,76,15.5,1017.7,1022.6,1.7,2.4,8,595.5,0
2021-09-23 17:38:41,5,54,22.5,,,1017.6,1022.5,,,,595.5,64
2021-09-23 17:43:41,5,54,22.5,,,1017.8,1022.7,,,,595.5,64
2021-09-23 17:48:41,5,54,22.5,,,1017.7,1022.6,,,,595.5,64
2021-09-23 17:53:41,5,54,22.5,,,1017.7,1022.6,,,,595.5,64
2021-09-23 17:58:41,5,54,22.5,79,15.2,1017.6,1022.5,1,1.7,10,595.5,0
2021-09-23 18:03:41,5,54,22.4,79,15,1017.6,1022.5,1.7,2,10,595.5,0
2021-09-23 18:08:41,5,54,22.4,79,14.9,1017.6,1022.5,1.4,2,8,595.5,0
2021-09-23 18:13:41,5,54,22.4,79,14.9,1017.6,1022.5,1.4,2,8,595.5,0
2021-09-23 18:18:41,5,54,22.3,80,14.5,1017.6,1022.5,1.4,1.7,10,595.5,0
2021-09-23 18:23:41,5,54,22.3,80,14.3,1017.6,1022.5,1.4,1.7,8,595.5,0
2021-09-23 18:28:41,5,54,22.2,81,14.1,1017.7,1022.6,1.4,1.7,12,595.5,0
2021-09-23 18:33:41,5,54,22.2,81,14,1017.6,1022.5,1.7,2,10,595.5,0
2021-09-23 18:38:41,5,54,22.1,82,13.8,1017.6,1022.5,1.4,1.7,12,595.5,0
2021-09-23 18:43:41,5,54,22.1,82,13.7,1017.5,1022.4,1.7,2.7,10,595.5,0
2021-09-23 18:48:41,5,54,22,82,13.6,1017.4,1022.3,1.4,2,10,595.5,0
2021-09-23 18:53:41,5,54,22,83,13.5,1017.7,1022.6,1.7,2.4,10,595.5,0
2021-09-23 18:58:41,5,54,22,83,13.4,1017.7,1022.6,1.7,2,12,595.5,0
2021-09-23 19:03:41,5,55,21.9,84,13.4,1017.6,1022.5,1.4,2.4,12,595.5,0
2021-09-23 19:08:41,5,55,21.9,84,13.3,1017.7,1022.6,1.4,1.7,12,595.5,0
2021-09-23 19:13:41,5,55,21.9,85,13.2,1017.8,1022.7,1,1.4,10,595.5,0
2021-09-23 19:18:41,5,56,21.9,85,13.1,1017.7,1022.6,0.3,0.7,10,595.5,0
2021-09-23 19:23:41,5,56,21.8,85,13,1017.6,1022.5,0.7,1,10,595.5,0
2021-09-23 19:28:41,5,56,21.8,86,12.9,1017.6,1022.5,0,0,2,595.5,0
2021-09-23 19:33:41,5,56,21.8,86,12.9,1017.6,1022.5,0,0,4,595.5,0
2021-09-23 19:38:41,5,56,21.7,86,12.8,1017.4,1022.3,0.7,1,4,595.5,0
2021-09-23 19:43:41,5,57,21.7,87,12.8,1017.3,1022.2,0,0.3,10,595.5,0
2021-09-23 19:48:41,5,58,21.7,87,12.7,1017.2,1022.1,0,0,4,595.5,0
2021-09-23 19:53:41,5,58,21.8,87,12.6,1017.3,1022.2,0,0.3,10,595.5,0
2021-09-23 19:58:41,5,58,21.8,87,12.6,1017.3,1022.2,1,1.4,12,595.5,0
2021-09-23 20:03:41,5,59,21.8,88,12.8,1017.2,1022.1,1,1.4,12,595.5,0
2021-09-23 20:08:41,5,59,21.8,89,13,1017,1021.9,1.4,2,12,595.5,0
2021-09-23 20:13:41,5,59,21.8,90,13.2,1017,1021.9,2,2.7,12,595.5,0
2021-09-23 20:18:41,5,59,21.9,91,13.4,1017.1,1022,1.4,1.7,12,595.5,0
2021-09-23 20:23:41,5,59,21.9,91,13.7,1017,1021.9,1.7,2.4,8,595.5,0
2021-09-23 20:28:41,5,58,22,92,13.8,1016.8,1021.7,1.7,2.7,12,595.5,0
2021-09-23 20:33:41,5,58,22,92,14,1016.7,1021.6,1.7,2.7,12,595.5,0
2021-09-23 20:38:41,5,59,21.9,92,14.1,1016.8,1021.7,2,2.4,12,595.5,0
2021-09-23 20:43:41,5,59,21.9,92,14.2,1016.7,1021.6,2.7,3.1,10,595.5,0
2021-09-23 20:48:41,5,59,21.9,92,14.3,1016.7,1021.6,1.4,1.7,10,595.5,0
2021-09-23 20:53:41,5,59,21.9,92,14.3,1016.6,1021.5,2.4,3.1,10,595.5,0
2021-09-23 20:58:41,5,59,21.8,92,14.4,1016.6,1021.5,2,3.1,10,595.5,0
2021-09-23 21:03:41,5,59,21.7,92,14.4,1016.6,1021.5,2.4,3.1,12,595.5,0
2021-09-23 21:08:41,5,59,21.7,92,14.3,1016.5,1021.4,2.7,3.4,10,595.5,0
2021-09-23 21:13:41,5,59,21.7,92,14.3,1016.5,1021.4,2,3.1,10,595.5,0
2021-09-23 21:18:41,5,59,21.7,92,14.3,1016.5,1021.4,1.7,2.4,10,595.5,0
2021-09-23 21:23:41,5,59,21.6,93,14.3,1016.7,1021.6,1.7,2,12,595.5,0
2021-09-23 21:28:41,5,59,21.6,93,14.2,1016.6,1021.5,2.4,2.7,12,595.5,0
2021-09-23 21:33:41,5,59,21.6,93,14.2,1016.6,1021.5,2,2.7,10,595.5,0
2021-09-23 21:38:41,5,59,21.5,94,14.2,1016.4,1021.3,1.7,2.4,10,595.5,0
2021-09-23 21:43:41,5,60,21.5,94,14.2,1016.3,1021.2,2,3.1,12,595.5,0
2021-09-23 21:48:41,5,60,21.5,95,14.3,1016.3,1021.2,1.4,2,12,595.5,0
2021-09-23 21:53:41,5,60,21.5,95,14.3,1016.3,1021.2,1.7,2.4,10,595.5,0
2021-09-23 21:58:41,5,60,21.5,96,14.4,1016.2,1021.1,2,2.7,10,595.5,0
2021-09-23 22:03:41,5,60,21.5,97,14.5,1016.2,1021.1,2.4,3.4,12,595.5,0
2021-09-23 22:08:41,5,60,21.4,97,14.6,1016.1,1021,1.7,2.4,10,595.5,0
2021-09-23 22:13:41,5,60,21.4,98,14.7,1016.1,1021,2,3.1,12,595.5,0
2021-09-23 22:18:41,5,60,21.4,99,14.8,1016.3,1021.2,3.1,3.7,12,595.5,0
2021-09-23 22:23:41,5,60,21.4,99,14.8,1016.2,1021.1,1.4,1.7,10,595.5,0
2021-09-23 22:28:41,5,60,21.4,99,14.9,1016.2,1021.1,2,3.1,10,595.5,0
2021-09-23 22:33:41,5,61,21.4,99,15,1016,1020.9,2.4,2.7,8,595.5,0
2021-09-23 22:38:41,5,61,21.4,99,15,1015.9,1020.8,2.4,3.4,10,595.5,0
2021-09-23 22:43:41,5,61,21.4,99,15,1015.8,1020.7,2,2.7,10,595.5,0
2021-09-23 22:48:41,5,61,21.4,99,15.1,1015.9,1020.8,2.4,3.1,14,595.5,0
2021-09-23 22:53:41,5,61,21.2,99,15.1,1015.9,1020.8,2.4,3.1,12,595.5,0
2021-09-23 22:58:41,5,61,21.2,99,15.2,1015.7,1020.6,2,2.7,12,595.5,0
2021-09-23 23:03:41,5,61,21.2,99,15.3,1015.9,1020.8,3.7,4.8,10,595.5,0
2021-09-23 23:08:41,5,61,21.2,99,15.4,1015.7,1020.6,2.7,3.4,10,595.5,0
2021-09-23 23:13:41,5,61,21.2,99,15.5,1015.6,1020.5,3.1,3.7,12,595.5,0
2021-09-23 23:18:41,5,61,21.2,99,15.6,1015.6,1020.5,2.4,3.1,10,595.5,0
2021-09-23 23:23:41,5,61,21.2,99,15.6,1015.6,1020.5,3.1,3.7,12,595.5,0
2021-09-23 23:28:41,5,62,21.2,99,15.7,1015.6,1020.5,2,3.1,12,595.5,0
2021-09-23 23:33:41,5,62,21.2,99,15.8,1015.6,1020.5,2.7,4.4,8,595.5,0
2021-09-23 23:38:41,5,62,21.2,99,15.8,1015.6,1020.5,2.4,3.1,8,595.5,0
2021-09-23 23:43:41,5,62,21.2,99,15.9,1015.7,1020.6,2.4,2.7,8,595.5,0
2021-09-23 23:48:41,5,62,21.2,99,15.9,1015.5,1020.4,3.1,4.1,10,595.5,0
2021-09-23 23:53:41,5,62,21.2,99,15.9,1015.4,1020.3,1.7,2.7,10,595.5,0
2021-09-23 23:58:41,5,62,21.2,99,16,1015.4,1020.3,3.1,4.4,12,595.5,0
