2023-09-25 00:00:17,5,75,21.4,78,14.1,1001.9,1006.8,4.4,5.4,9,296.1,0
2023-09-25 00:05:17,5,75,21.4,77,14.1,1002,1006.9,4.4,6.1,10,296.1,0
2023-09-25 00:10:17,5,74,21.4,77,14.2,1002,1006.9,3.1,4.4,8,296.1,0
2023-09-25 00:15:17,5,74,21.4,77,14.2,1002,1006.9,3.1,5.1,10,296.1,0
2023-09-25 00:20:17,5,74,21.4,77,14.3,1002,1006.9,1.7,2.7,8,296.1,0
2023-09-25 00:25:17,5,74,21.4,77,14.3,1002.2,1007.1,3.1,5.1,10,296.1,0
2023-09-25 00:30:17,5,74,21.4,77,14.2,1002.2,1007.1,2.7,3.4,10,296.1,0
2023-09-25 00:35:17,5,74,21.4,78,14.2,1002.1,1007,3.7,4.8,14,296.1,0
2023-09-25 00:40:17,5,74,21.4,78,14.3,1002.3,1007.2,5.1,7.1,10,296.1,0
2023-09-25 00:45:17,5,74,21.2,78,14.3,1002.5,1007.4,5.4,8.5,8,296.1,0
2023-09-25 00:50:17,5,74,21.1,78,14.3,1002.4,1007.3,2.7,4.1,10,296.1,0
2023-09-25 00:55:17,5,74,21.1,78,14.2,1002.5,1007.4,2.7,3.7,10,296.1,0
2023-09-25 01:00:17,5,73,21.1,79,14.1,1002.5,1007.4,1.7,2.7,8,296.1,0
2023-09-25 01:05:17,5,73,21,80,14,1002.5,1007.4,3.4,4.1,10,296.1,0
2023-09-25 01:10:17,5,73,21,80,14.1,1002.6,1007.5,3.7,5.1,10,296.1,0
2023-09-25 01:15:17,5,73,21.1,80,14.1,1002.3,1007.2,4.1,5.8,8,296.1,0
2023-09-25 01:20:17,5,73,21,80,14.1,1002.5,1007.4,3.4,5.8,10,296.1,0
2023-09-25 01:25:17,5,73,21,80,14.3,1002.6,1007.5,4.4,5.4,8,296.1,0
2023-09-25 01:30:17,5,73,21.1,79,14.3,1002.7,1007.6,5.1,8.2,10,296.1,0
2023-09-25 01:35:17,5,73,21.1,80,14.2,1002.7,1007.6,3.1,4.4,10,296.1,0
2023-09-25 01:40:17,5,73,21.1,80,14.2,1002.8,1007.7,4.8,7.5,10,296.1,0
2023-09-25 01:45:17,5,73,21,80,14.2,1002.8,1007.7,3.7,6.1,8,296.1,0
2023-09-25 01:50:17,5,73,21,80,14.3,1002.8,1007.7,4.1,6.5,,296.1,0
2023-09-25 01:55:17,5,73,21,80,14.2,1002.8,1007.7,3.1,4.4,10,296.1,0
2023-09-25 02:00:17,5,72,21,80,14.1,1002.8,1007.7,2.4,3.4,10,296.1,0
2023-09-25 02:05:17,5,72,21.1,80,13.8,1002.8,1007.7,2.4,3.4,8,296.1,0
2023-09-25 02:10:17,5,72,21.1,81,13.7,1002.9,1007.8,1.7,2.4,12,296.1,0
2023-09-25 02:15:17,5,72,21.1,81,13.7,1003,1007.9,1.7,2.7,10,296.1,0
2023-09-25 02:20:17,5,72,21.1,82,13.7,1002.8,1007.7,3.1,4.4,10,296.1,0
2023-09-25 02:25:17,5,72,21.1,82,13.8,1002.8,1007.7,3.7,6.1,10,296.1,0
2023-09-25 02:30:17,5,72,21.1,82,13.9,1003,1007.9,4.4,6.8,10,296.1,0
2023-09-25 02:35:17,5,72,21.1,82,14,1003.1,1008,3.1,4.1,,296.1,0
2023-09-25 02:40:17,5,72,21.1,82,14,1003.1,1008,2,3.7,10,296.1,0
2023-09-25 02:45:17,5,72,21.1,83,14,1003,1007.9,2.7,4.1,10,296.1,0
2023-09-25 02:50:17,5,72,21.1,83,14,1003.1,1008,4.1,5.4,,296.1,0
2023-09-25 02:55:17,5,72,21,83,14,1003.1,1008,2.4,3.7,10,296.1,0
2023-09-25 03:00:17,5,72,21,83,13.9,1003.2,1008.1,2.7,3.4,10,296.1,0
2023-09-25 03:05:17,5,72,21,83,13.9,1003.1,1008,3.4,4.4,10,296.1,0
2023-09-25 03:10:17,5,72,21,83,13.9,1003.4,1008.3,3.4,5.1,14,296.1,0
2023-09-25 03:15:17,5,71,21,83,13.9,1003.4,1008.3,3.4,4.4,8,296.1,0
2023-09-25 03:20:17,5,71,21,82,14,1003.3,1008.2,4.8,8.5,0,296.1,0
2023-09-25 03:25:17,5,71,21,82,14.1,1003.2,1008.1,5.1,6.8,8,296.1,0
2023-09-25 03:30:17,5,71,21,81,14.1,1003.4,1008.3,4.1,5.4,10,296.1,0
2023-09-25 03:35:17,5,71,21,81,14.1,1003.4,1008.3,5.1,7.1,10,296.1,0
2023-09-25 03:40:17,5,71,21,81,14.1,1003.6,1008.5,3.1,4.4,1,296.1,0
2023-09-25 03:45:17,5,72,20.9,82,13.9,1003.8,1008.7,3.1,3.7,14,296.1,0
2023-09-25 03:50:17,5,72,20.9,82,13.8,1003.7,1008.6,2.7,3.4,10,296.1,0
2023-09-25 03:55:17,5,72,20.9,83,13.7,1003.6,1008.5,2.7,4.1,8,296.1,0
2023-09-25 04:00:17,5,72,20.9,84,13.6,1003.8,1008.7,3.7,5.8,10,296.1,0
2023-09-25 04:05:17,5,72,20.9,84,13.7,1003.9,1008.8,3.1,3.4,10,296.1,0
2023-09-25 04:10:17,5,72,20.9,84,13.6,1004.2,1009.1,3.1,4.4,10,296.1,0
2023-09-25 04:15:17,5,72,20.9,85,13.5,1004.4,1009.3,5.1,6.5,10,296.4,0
2023-09-25 04:20:17,5,72,20.9,85,13.5,1004.4,1009.3,5.1,5.4,,296.4,0
2023-09-25 04:25:17,5,72,20.9,86,13.4,1004.4,1009.3,3.7,4.1,10,296.4,0
2023-09-25 04:30:17,5,72,20.9,86,13.3,1004.5,1009.4,2.4,3.4,10,296.4,0
2023-09-25 04:35:17,5,72,20.9,86,13.3,1004.6,1009.5,2.7,3.7,8,296.4,0
2023-09-25 04:40:17,5,72,20.9,86,13.2,1004.6,1009.5,3.4,5.4,8,296.4,0
2023-09-25 04:45:17,5,72,20.9,86,13,1004.6,1009.5,2.7,3.4,9,296.4,0
2023-09-25 04:50:17,5,71,20.8,86,12.8,1004.7,1009.6,3.1,3.7,8,296.4,0
2023-09-25 04:55:17,5,71,20.8,85,12.7,1004.8,1009.7,3.1,4.1,8,296.7,0
2023-09-25 05:00:17,5,71,20.8,85,12.7,1004.7,1009.6,3.1,4.1,10,296.7,0
2023-09-25 05:05:17,5,71,20.8,85,12.6,1004.9,1009.8,3.4,5.8,10,296.7,0
2023-09-25 05:10:17,5,71,20.8,85,12.6,1005.1,1010,3.1,4.4,8,296.7,0
2023-09-25 05:15:17,5,71,20.8,85,12.6,1005,1009.9,2.4,3.1,8,296.7,0
2023-09-25 05:20:17,5,71,20.8,85,12.6,1005.2,1010.1,2.4,3.1,8,296.7,0
2023-09-25 05:25:17,5,71,20.8,85,12.7,1005.2,1010.1,2,2.7,10,296.7,0
2023-09-25 05:30:17,5,71,20.8,85,12.8,1005.2,1010.1,2.7,4.4,10,296.7,0
2023-09-25 05:35:17,5,71,20.8,85,12.9,1005.3,1010.2,2.7,3.7,10,296.7,0
2023-09-25 05:40:17,5,71,20.8,85,13.1,1005.4,1010.3,2.4,3.1,8,296.7,0
2023-09-25 05:45:17,5,71,20.7,84,13.1,1005.4,1010.3,2.7,3.7,10,296.7,0
2023-09-25 05:50:17,5,71,20.7,84,13.1,1005.4,1010.3,2.4,3.4,10,296.7,0
2023-09-25 05:55:17,5,71,20.7,83,13.1,1005.6,1010.5,3.1,3.7,8,296.7,0
2023-09-25 06:00:17,5,71,20.7,83,13.2,1005.7,1010.6,2.4,3.7,8,296.7,0
2023-09-25 06:05:17,5,71,20.7,83,13.1,1005.7,1010.6,3.1,3.7,10,296.7,0
2023-09-25 06:10:17,5,71,20.7,83,12.9,1005.8,1010.7,1.4,1.7,8,296.7,0
2023-09-25 06:15:17,5,71,20.7,82,12.8,1006,1010.9,2,2.7,10,296.7,0
2023-09-25 06:20:17,5,71,20.7,82,12.7,1006,1010.9,1.7,2.4,10,296.7,0
2023-09-25 06:25:17,5,71,20.7,83,12.8,1006.1,1011,2.4,3.7,10,296.7,0
2023-09-25 06:30:17,5,71,20.6,83,12.8,1006,1010.9,1.7,2,8,296.7,0
2023-09-25 06:35:17,5,71,20.6,83,12.8,1006.2,1011.1,1.7,2.4,8,296.7,0
2023-09-25 06:40:17,5,71,20.6,83,12.9,1006.4,1011.3,2.4,3.7,8,296.7,0
2023-09-25 06:45:17,5,71,20.6,83,13,1006.3,1011.2,3.7,5.4,10,296.7,0
2023-09-25 06:50:17,5,71,20.6,83,13,1006.3,1011.2,3.4,4.1,10,296.7,0
2023-09-25 06:55:17,5,71,20.6,83,13.1,1006.3,1011.2,3.1,3.7,10,296.7,0
2023-09-25 07:00:17,5,71,20.6,82,13.2,1006.4,1011.3,4.1,5.8,8,296.7,0
2023-09-25 07:05:17,5,71,20.6,82,13.3,1006.6,1011.5,2.7,3.7,10,296.7,0
2023-09-25 07:10:17,5,71,20.6,81,13.2,1006.6,1011.5,3.1,4.1,10,296.7,0
2023-09-25 07:15:17,5,71,20.6,81,13.2,1006.7,1011.6,3.1,4.1,10,296.7,0
2023-09-25 07:20:17,5,71,20.6,81,13.4,1006.9,1011.8,2.7,4.4,8,296.7,0
2023-09-25 07:25:17,5,71,20.6,81,13.4,1006.9,1011.8,3.4,4.8,10,296.7,0
2023-09-25 07:30:17,5,71,20.6,81,13.4,1006.9,1011.8,2.7,4.1,10,296.7,0
2023-09-25 07:35:17,5,71,20.7,81,13.5,1006.9,1011.8,3.1,3.7,10,296.7,0
2023-09-25 07:40:17,5,71,20.7,80,13.6,1007,1011.9,3.7,4.4,10,296.7,0
2023-09-25 07:45:17,5,71,20.7,80,13.7,1007.2,1012.1,3.1,4.4,10,296.7,0
2023-09-25 07:50:17,5,71,20.7,79,13.8,1007.2,1012.1,3.7,5.4,10,296.7,0
2023-09-25 07:55:17,5,71,20.7,77,14,1007.2,1012.1,3.1,4.1,8,296.7,0
2023-09-25 08:00:17,5,71,20.7,77,14,1007.3,1012.2,3.4,4.8,10,296.7,0
2023-09-25 08:05:17,5,71,20.7,76,14.1,1007.4,1012.3,4.4,5.8,8,296.7,0
2023-09-25 08:10:17,5,71,20.7,76,14.2,1007.3,1012.2,5.1,7.5,8,296.7,0
2023-09-25 08:15:17,5,71,20.7,76,14.3,1007.6,1012.5,3.7,5.4,10,296.7,0
2023-09-25 08:20:17,5,71,20.8,76,14.4,1007.5,1012.4,4.1,5.1,10,296.7,0
2023-09-25 08:25:17,5,71,20.8,75,14.5,1007.6,1012.5,3.1,4.1,8,296.7,0
2023-09-25 08:30:17,5,71,20.8,75,14.6,1007.6,1012.5,2.7,4.4,10,296.7,0
2023-09-25 08:35:17,5,71,20.8,74,14.7,1007.8,1012.7,3.7,4.1,10,296.7,0
2023-09-25 08:40:17,5,71,20.9,74,14.7,1008,1012.9,4.8,5.8,10,296.7,0
2023-09-25 08:45:17,5,70,21,74,14.9,1008.1,1013,3.1,5.4,10,296.7,0
2023-09-25 08:50:17,5,70,21,72,14.9,1008.1,1013,4.1,5.1,10,296.7,0
2023-09-25 08:55:17,5,70,21.1,72,15.1,1008.2,1013.1,2.7,4.1,10,296.7,0
2023-09-25 09:00:17,5,70,21.1,72,15.2,1008.3,1013.2,4.4,6.1,8,296.7,0
2023-09-25 09:05:17,5,70,21.1,72,15.3,1008.4,1013.3,4.1,5.4,10,296.7,0
2023-09-25 09:10:17,5,70,21.1,72,15.3,1008.4,1013.3,3.4,4.4,10,296.7,0
2023-09-25 09:15:17,5,70,21.1,71,15.3,1008.5,1013.4,4.1,5.4,10,296.7,0
2023-09-25 09:20:17,5,70,21.4,72,15.5,1008.6,1013.5,4.1,5.1,8,296.7,0
2023-09-25 09:25:17,5,70,21.4,72,15.7,1008.8,1013.7,2.4,4.1,10,296.7,0
2023-09-25 09:30:17,5,71,21.5,71,15.8,1008.8,1013.7,2.4,2.7,14,296.7,0
2023-09-25 09:35:17,5,71,21.5,71,15.9,1008.8,1013.7,2.4,4.1,10,296.7,0
2023-09-25 09:40:17,5,71,21.6,71,16,1008.8,1013.7,4.1,5.1,10,296.7,0
2023-09-25 09:45:17,5,71,21.7,70,16,1008.9,1013.8,3.4,3.7,8,296.7,0
2023-09-25 09:50:17,5,71,21.7,71,16.1,1009,1013.9,2.4,3.4,,296.7,0
2023-09-25 09:55:17,5,71,21.8,70,15.7,1009.1,1014,3.1,4.1,8,296.7,0
2023-09-25 10:00:17,5,71,21.8,71,15.4,1009.1,1014,2.7,3.1,8,296.7,0
2023-09-25 10:05:17,5,70,21.8,71,15.2,1009,1013.9,3.4,5.4,8,296.7,0
2023-09-25 10:10:17,5,70,21.8,71,15.4,1009.1,1014,1.7,2.4,10,296.7,0
2023-09-25 10:15:17,5,70,21.8,71,15.9,1009.1,1014,1.7,2.4,10,296.7,0
2023-09-25 10:20:17,5,70,21.8,70,15.9,1009.2,1014.1,4.4,5.8,10,296.7,0
2023-09-25 10:25:17,5,70,21.8,70,16.2,1009.1,1014,3.1,4.1,,296.7,0
2023-09-25 10:30:17,5,70,21.9,71,16.8,1009,1013.9,2.7,3.4,10,296.7,0
2023-09-25 10:35:17,5,70,21.9,70,16.9,1009.2,1014.1,2.7,3.4,10,296.7,0
2023-09-25 10:40:17,5,70,21.9,68,16.8,1009.1,1014,4.1,5.8,10,296.7,0
2023-09-25 10:45:17,5,69,22,69,17,1009.1,1014,1.4,2.4,10,296.7,0
2023-09-25 10:50:17,5,69,22,67,17.1,1009.2,1014.1,3.7,5.1,8,296.7,0
2023-09-25 10:55:17,5,69,22,67,16.6,1009.3,1014.2,2,2.7,10,296.7,0
2023-09-25 11:00:17,5,69,22,68,16.4,1009.2,1014.1,2.4,3.7,10,296.7,0
2023-09-25 11:05:17,5,69,22.1,68,16.6,1009.3,1014.2,2,2.7,10,296.7,0
2023-09-25 11:10:17,5,69,22.1,69,17.1,1009.4,1014.3,2.7,4.1,10,296.7,0
2023-09-25 11:15:17,5,69,22.1,67,17,1009.4,1014.3,3.7,4.8,14,296.7,0
2023-09-25 11:20:17,5,69,22.1,66,16.7,1009.4,1014.3,3.4,4.1,,296.7,0
2023-09-25 11:25:17,5,69,22.1,67,16.7,1009.5,1014.4,3.1,5.4,10,296.7,0
2023-09-25 11:30:17,5,69,22.2,67,16.5,1009.6,1014.5,2.7,4.1,10,296.7,0
2023-09-25 11:35:18,5,68,22.2,68,16.5,1009.4,1014.3,2.7,3.7,8,296.7,0
2023-09-25 11:40:16,5,68,22.2,68,16.7,1009.5,1014.4,2.4,4.1,8,296.7,0
2023-09-25 11:45:16,5,68,22.2,66,17.1,1009.5,1014.4,4.4,6.1,8,296.7,0
2023-09-25 11:50:16,5,68,22.3,65,16.8,1009.5,1014.4,3.7,4.4,10,296.7,0
2023-09-25 11:55:16,5,68,22.3,66,16.7,1009.5,1014.4,2.7,3.4,8,296.7,0
2023-09-25 12:00:16,5,68,22.3,66,16.7,1009.5,1014.4,4.1,5.4,10,296.7,0
2023-09-25 12:05:16,5,68,22.3,66,17,1009.4,1014.3,2.7,4.1,10,296.7,0
2023-09-25 12:10:16,5,68,22.3,63,17.5,1009.7,1014.6,1.7,2.4,8,296.7,0
2023-09-25 12:15:16,5,68,22.3,63,17.9,1009.7,1014.6,0.7,1.4,4,296.7,0
2023-09-25 12:20:16,5,68,22.3,62,18.4,1009.7,1014.6,2,3.7,10,296.7,0
2023-09-25 12:25:16,5,68,22.3,60,18.5,1009.6,1014.5,1.7,2,10,296.7,0
2023-09-25 12:30:16,5,68,22.2,61,18.7,1009.6,1014.5,2,2.7,8,296.7,0
2023-09-25 12:33:16,3,61,21.9,61,18.5,1009.6,1014.5,3.1,4.1,,296.7,0
2023-09-25 12:38:16,4,61,21.9,60,18.5,1009.6,1014.5,2.4,3.4,8,296.7,0
2023-09-25 12:45:16,5,67,22.2,60,18.1,1009.7,1014.6,5.8,7.5,8,296.7,0
2023-09-25 12:50:16,5,67,22.2,61,18.2,1009.7,1014.6,3.1,4.1,10,296.7,0
2023-09-25 12:55:16,5,67,22.2,60,18.5,1009.6,1014.5,3.1,3.7,10,296.7,0
2023-09-25 13:00:16,5,67,22.1,61,18.8,1009.8,1014.7,3.1,5.1,10,296.7,0
2023-09-25 13:05:16,5,67,22.1,60,18.9,1009.8,1014.7,2.4,3.4,8,296.7,0
2023-09-25 13:10:16,5,67,22.1,60,18.5,1009.7,1014.6,3.7,4.8,10,296.7,0
2023-09-25 13:15:16,5,68,22.1,61,17.9,1009.6,1014.5,3.1,3.7,10,296.7,0
2023-09-25 13:20:16,5,68,22.1,62,17.7,1009.7,1014.6,3.4,5.1,10,296.7,0
2023-09-25 13:25:16,5,68,22.1,62,17.9,1009.8,1014.7,2,3.7,8,296.7,0
2023-09-25 13:30:16,5,68,22.1,62,17.8,1009.8,1014.7,4.1,5.8,,296.7,0
2023-09-25 13:35:16,5,68,22.1,63,17.6,1009.8,1014.7,3.1,4.4,8,296.7,0
2023-09-25 13:40:16,5,69,22,63,17.8,1009.7,1014.6,2.7,3.7,10,296.7,0
2023-09-25 13:45:16,5,69,22.1,62,17.9,1009.7,1014.6,3.7,4.8,10,296.7,0
2023-09-25 13:50:16,5,69,22,61,17.9,1009.6,1014.5,2.4,3.1,8,296.7,0
2023-09-25 13:55:16,5,68,22.1,61,17.8,1009.6,1014.5,3.1,4.8,10,296.7,0
2023-09-25 14:00:16,5,68,22.1,62,17.9,1009.7,1014.6,2.4,3.4,8,296.7,0
2023-09-25 14:05:16,5,67,22,62,18,1009.5,1014.4,2,3.1,8,296.7,0
2023-09-25 14:10:16,5,65,22.1,62,18.2,1009.5,1014.4,3.1,4.4,2,296.7,0
2023-09-25 14:15:16,5,64,22,61,18.7,1009.5,1014.4,3.7,4.8,8,296.7,0
2023-09-25 14:20:16,5,63,22,60,18.8,1009.4,1014.3,4.1,5.8,8,296.7,0
2023-09-25 14:25:16,5,62,22,61,18.2,1009.5,1014.4,2.7,4.4,,296.7,0
2023-09-25 14:30:16,5,61,22,62,18.2,1009.4,1014.3,3.1,3.7,10,296.7,0
2023-09-25 14:35:16,5,61,22,62,18,1009.6,1014.5,2.7,3.4,10,296.7,0
2023-09-25 14:40:16,5,61,21.9,61,18.2,1009.5,1014.4,3.4,5.8,,296.7,0
2023-09-25 14:45:16,5,61,21.9,61,18.5,1009.4,1014.3,2.4,4.1,10,296.7,0
2023-09-25 14:50:16,5,61,21.9,60,18.5,1009.6,1014.5,2.4,3.4,8,296.7,0
2023-09-25 14:55:16,5,60,21.9,60,18.4,1009.5,1014.4,3.4,5.4,9,296.7,0
2023-09-25 15:00:16,5,60,21.9,61,18.5,1009.4,1014.3,4.1,6.1,10,296.7,0
2023-09-25 15:05:16,5,60,21.8,61,18.3,1009.5,1014.4,3.1,4.1,10,296.7,0
2023-09-25 15:10:16,5,60,21.8,61,18.5,1009.4,1014.3,3.7,4.8,10,296.7,0
2023-09-25 15:15:16,5,60,21.7,60,18.9,1009.3,1014.2,3.1,4.4,,296.7,0
2023-09-25 15:20:16,5,60,21.8,60,18.8,1009.3,1014.2,2.7,4.1,,296.7,0
2023-09-25 15:25:16,5,60,21.8,60,19.1,1009.3,1014.2,2,2.7,8,296.7,0
2023-09-25 15:30:16,5,60,21.7,60,19,1009.2,1014.1,2.7,3.7,8,296.7,0
2023-09-25 15:35:16,5,60,21.9,60,18.9,1009.1,1014,3.1,4.8,8,296.7,0
2023-09-25 15:40:16,5,60,21.9,60,18.7,1009.2,1014.1,4.4,6.8,,296.7,0
2023-09-25 15:45:16,5,60,21.9,61,18.5,1009.2,1014.1,2.7,3.4,10,296.7,0
2023-09-25 15:50:16,5,59,22,61,18.4,1009.1,1014,1.7,2.4,8,296.7,0
2023-09-25 15:55:16,5,59,22,62,19,1009.1,1014,1.4,1.7,8,296.7,0
2023-09-25 16:00:16,5,59,22,61,18.9,1009,1013.9,3.1,5.1,10,296.7,0
2023-09-25 16:05:16,5,58,22,61,18.2,1009.1,1014,2,3.1,8,296.7,0
2023-09-25 16:10:16,5,58,22.1,61,18,1009.1,1014,2.7,4.8,10,296.7,0
2023-09-25 16:15:16,5,58,22.1,62,18.3,1009.1,1014,1.7,2,8,296.7,0
2023-09-25 16:20:16,5,58,22.1,62,18.9,1008.9,1013.8,1.7,2.4,,296.7,0
2023-09-25 16:25:16,5,58,22.1,60,19.2,1008.9,1013.8,3.4,4.8,10,296.7,0
2023-09-25 16:30:16,5,58,22.1,58,19.2,1009,1013.9,3.7,5.1,10,296.7,0
2023-09-25 16:35:16,5,58,22.2,57,19.3,1009,1013.9,3.1,4.1,8,296.7,0
2023-09-25 16:40:16,5,58,22.2,57,19.3,1008.8,1013.7,1.7,2.4,8,296.7,0
2023-09-25 16:45:16,5,58,22.4,55,19.1,1008.6,1013.5,3.7,5.1,8,296.7,0
2023-09-25 16:50:16,5,57,22.4,56,18.6,1008.9,1013.8,1.7,2.4,8,296.7,0
2023-09-25 16:55:16,5,56,22.6,60,18.4,1008.9,1013.8,1.4,1.7,10,296.7,0
2023-09-25 17:00:16,5,56,22.6,59,18.2,1008.8,1013.7,2.4,3.1,10,296.7,0
2023-09-25 17:05:16,5,55,22.6,57,18,1008.7,1013.6,2,2.7,10,296.7,0
2023-09-25 17:10:16,5,54,22.5,56,17.8,1008.8,1013.7,3.4,5.1,8,296.7,0
2023-09-25 17:15:16,5,53,22.4,56,17.6,1008.5,1013.4,2.4,3.4,8,296.7,0
2023-09-25 17:20:16,5,53,22.4,57,17.5,1008.4,1013.3,2,2.4,8,296.7,0
2023-09-25 17:25:16,5,53,22.4,61,17.4,1008.6,1013.5,1.7,2.7,8,296.7,0
2023-09-25 17:30:16,5,53,22.3,62,17.2,1008.6,1013.5,2.4,3.1,8,296.7,0
2023-09-25 17:35:16,5,53,22.2,62,17,1008.6,1013.5,1.4,2,8,296.7,0
2023-09-25 17:40:16,5,52,22.2,63,16.8,1008.5,1013.4,2,2.4,10,296.7,0
2023-09-25 17:45:16,5,52,22.1,63,16.7,1008.7,1013.6,1.4,2,8,296.7,0
2023-09-25 17:50:16,5,52,22.1,62,16.6,1008.5,1013.4,1.7,2.4,8,296.7,0
2023-09-25 17:55:16,5,52,22.1,63,16.5,1008.6,1013.5,1,1.7,,296.7,0
2023-09-25 18:00:16,5,52,22,63,16.3,1008.4,1013.3,2.4,3.7,14,296.7,0
2023-09-25 18:05:16,5,53,22,64,16.1,1008.5,1013.4,1.4,2,8,296.7,0
2023-09-25 18:10:16,5,54,21.9,65,16,1008.5,1013.4,1,2,8,296.7,0
2023-09-25 18:15:16,5,54,21.9,66,15.9,1008.5,1013.4,1.7,2.4,8,296.7,0
2023-09-25 18:20:16,5,55,21.9,67,15.8,1008.5,1013.4,1.7,2,2,296.7,0
2023-09-25 18:25:16,5,55,21.8,68,15.7,1008.5,1013.4,1.4,2,8,296.7,0
2023-09-25 18:30:16,5,55,21.9,68,15.6,1008.5,1013.4,1.7,2.7,4,296.7,0
2023-09-25 18:35:16,5,55,21.8,69,15.6,1008.4,1013.3,1.7,2.4,,296.7,0
2023-09-25 18:40:16,5,55,21.7,69,15.5,1008.4,1013.3,2,3.7,8,296.7,0
2023-09-25 18:45:16,5,55,21.8,70,15.3,1008.4,1013.3,2,3.7,4,296.7,0
2023-09-25 18:50:16,5,55,21.7,70,15.3,1008.3,1013.2,1.7,3.4,2,296.7,0
2023-09-25 18:55:16,5,55,21.6,70,15.3,1008.2,1013.1,2.4,3.7,8,296.7,0
2023-09-25 19:00:16,5,55,21.6,70,15.2,1008.3,1013.2,1.4,2,8,296.7,0
2023-09-25 19:05:16,5,55,21.5,71,15.2,1008.2,1013.1,2.7,3.4,4,296.7,0
2023-09-25 19:10:16,5,55,21.5,71,15.2,1008.1,1013,2,2.7,8,296.7,0
2023-09-25 19:15:16,5,55,21.4,71,15.2,1007.9,1012.8,3.1,3.7,8,296.7,0
2023-09-25 19:20:16,5,55,21.4,71,15.2,1007.9,1012.8,3.1,5.8,8,296.7,0
2023-09-25 19:25:16,5,56,21.4,71,15.3,1008,1012.9,3.1,4.8,10,296.7,0
2023-09-25 19:30:16,5,56,21.4,71,15.3,1008.2,1013.1,2.4,3.1,8,296.7,0
2023-09-25 19:35:16,5,56,21.2,71,15.2,1008.1,1013,2.4,3.4,9,296.7,0
2023-09-25 19:40:16,5,56,21.2,72,15.2,1008.1,1013,2.7,3.1,,296.7,0
2023-09-25 19:45:16,5,56,21.2,72,15.2,1007.8,1012.7,2,3.1,10,296.7,0
2023-09-25 19:50:16,5,56,21.1,72,15.2,1007.8,1012.7,2.7,4.1,,296.7,0
2023-09-25 19:55:16,5,56,21.2,72,15.2,1007.6,1012.5,3.7,4.8,8,296.7,0
2023-09-25 20:00:16,5,57,21.1,73,15.2,1007.7,1012.6,3.7,5.4,,296.7,0
2023-09-25 20:05:16,5,58,21.1,73,15.2,1007.8,1012.7,2.7,3.4,10,296.7,0
2023-09-25 20:10:16,5,58,21.1,73,15.2,1007.9,1012.8,2.7,4.4,10,296.7,0
2023-09-25 20:15:16,5,59,21.1,73,15.1,1007.8,1012.7,2,2.7,10,296.7,0
2023-09-25 20:20:16,5,59,21.1,74,15,1007.8,1012.7,2.7,4.4,8,296.7,0
2023-09-25 20:25:16,5,59,21.1,74,15,1007.6,1012.5,2.4,3.1,10,296.7,0
2023-09-25 20:30:16,5,60,21.1,75,15,1007.5,1012.4,4.1,5.4,8,296.7,0
2023-09-25 20:35:16,5,61,21.1,75,14.9,1007.5,1012.4,2.4,3.4,8,296.7,0
2023-09-25 20:40:16,5,61,21.1,75,14.9,1007.5,1012.4,3.1,4.4,0,296.7,0
2023-09-25 20:45:16,5,62,21.1,75,14.9,1007.4,1012.3,2,2.7,8,296.7,0
2023-09-25 20:50:16,5,62,21.1,75,14.9,1007.4,1012.3,2.4,3.4,8,296.7,0
2023-09-25 20:55:16,5,62,21.1,75,14.9,1007.5,1012.4,2,2.7,10,296.7,0
2023-09-25 21:00:16,5,62,21.1,75,14.8,1007.5,1012.4,2.7,3.7,8,296.7,0
2023-09-25 21:05:16,5,63,21.1,76,14.8,1007.7,1012.6,1.7,2.7,8,296.7,0
2023-09-25 21:10:16,5,63,21.1,76,14.8,1007.6,1012.5,2.4,4.8,4,296.7,0
2023-09-25 21:15:16,5,63,21.1,76,14.8,1007.6,1012.5,3.4,5.8,4,296.7,0
2023-09-25 21:20:16,5,63,21.1,76,14.7,1007.5,1012.4,2,3.7,0,296.7,0
2023-09-25 21:25:16,5,63,21.1,76,14.8,1007.4,1012.3,2.4,3.7,,296.7,0
2023-09-25 21:30:16,5,63,21.1,76,14.7,1007.3,1012.2,2.4,4.8,2,296.7,0
2023-09-25 21:35:16,5,64,21.1,76,14.9,1007.4,1012.3,2.4,3.7,4,296.7,0
2023-09-25 21:40:16,5,64,21.1,76,14.9,1007.3,1012.2,2.4,3.1,8,296.7,0
2023-09-25 21:45:16,5,64,21.1,76,15,1007.2,1012.1,3.1,4.1,4,296.7,0
2023-09-25 21:50:16,5,64,21.1,76,15,1007.5,1012.4,2,3.4,2,296.7,0
2023-09-25 21:55:16,5,64,21.1,75,15,1007.2,1012.1,2,2.7,0,296.7,0
2023-09-25 22:00:16,5,64,21.2,76,15,1007.2,1012.1,1.7,3.4,,296.7,0
2023-09-25 22:05:16,5,64,21.1,76,15,1007.2,1012.1,2.7,4.1,,296.7,0
2023-09-25 22:10:16,5,64,21.1,75,15.2,1007,1011.9,3.4,5.1,4,296.7,0
2023-09-25 22:15:16,5,64,21.1,75,15.2,1007.2,1012.1,4.1,5.8,8,296.7,0
2023-09-25 22:20:16,5,64,21.1,75,15.3,1007,1011.9,4.1,6.1,2,296.7,0
2023-09-25 22:25:16,5,64,21.1,74,15.5,1007,1011.9,2.4,4.1,2,296.7,0
2023-09-25 22:30:16,5,64,21.1,74,15.4,1006.8,1011.7,4.1,6.1,,296.7,0
2023-09-25 22:35:16,5,64,21.1,74,15.4,1006.6,1011.5,2.4,3.7,2,296.7,0
2023-09-25 22:40:16,5,64,21.1,74,15.4,1006.7,1011.6,4.1,6.1,8,296.7,0
2023-09-25 22:45:16,5,64,21.1,74,15.5,1006.7,1011.6,3.7,5.4,10,296.7,0
2023-09-25 22:50:16,5,64,21.1,74,15.5,1006.8,1011.7,2.7,4.4,4,296.7,0
2023-09-25 22:55:16,5,64,21.1,74,15.6,1006.4,1011.3,3.7,7.1,10,296.7,0
2023-09-25 23:00:16,5,65,21.1,74,15.5,1006.3,1011.2,4.8,6.1,12,296.7,0
2023-09-25 23:05:16,5,65,21.1,74,15.5,1006.2,1011.1,1.4,1.7,,296.7,0
2023-09-25 23:10:16,5,65,21.1,74,15.4,1006,1010.9,3.7,5.1,4,296.7,0
2023-09-25 23:15:16,5,65,21.1,74,15.4,1006,1010.9,2.7,4.4,2,296.7,0
2023-09-25 23:20:16,5,65,21.1,74,15.4,1006,1010.9,2.7,3.7,8,296.7,0
2023-09-25 23:25:16,5,65,21.1,74,15.4,1006.1,1011,2.7,4.1,,296.7,0
2023-09-25 23:30:16,5,65,21.1,74,15.4,1005.8,1010.7,2,3.1,,296.7,0
2023-09-25 23:35:16,5,65,21.1,74,15.4,1005.9,1010.8,1.4,2,8,296.7,0
2023-09-25 23:40:16,5,65,21.1,74,15.4,1005.6,1010.5,2.7,3.1,10,296.7,0
2023-09-25 23:45:16,5,65,21.1,74,15.5,1005.6,1010.5,1.7,4.4,4,296.7,0
2023-09-25 23:50:16,5,65,21.1,74,15.5,1005.3,1010.2,3.7,5.8,4,296.7,0
2023-09-25 23:55:16,5,65,21.1,74,15.5,1005.1,1010,3.4,4.1,10,296.7,0
