2023-09-10 00:04:20,5,66,23.9,91,17.6,1014.7,1019.6,0,0,10,243,0
2023-09-10 00:09:20,5,66,23.9,91,17.6,1014.9,1019.8,0,0,10,243,0
2023-09-10 00:14:20,5,66,23.9,92,17.7,1014.7,1019.6,0.7,1,10,243,0
2023-09-10 00:19:20,5,66,23.9,92,17.7,1014.6,1019.5,0,0,10,243,0
2023-09-10 00:24:20,5,66,23.9,92,17.7,1014.5,1019.4,0,0,10,243,0
2023-09-10 00:29:20,5,66,23.9,92,17.7,1014.5,1019.4,0,0.3,14,243,0
2023-09-10 00:34:20,5,66,23.9,92,17.7,1014.6,1019.5,0,0,14,243,0
2023-09-10 00:39:20,5,66,23.9,92,17.7,1014.6,1019.5,0,0,14,243,0
2023-09-10 00:44:20,5,66,23.9,92,17.7,1014.6,1019.5,0,0,14,243,0
2023-09-10 00:49:20,5,67,23.9,92,17.6,1014.6,1019.5,0,0.3,14,243,0
2023-09-10 00:54:20,5,67,23.9,92,17.6,1014.5,1019.4,0,0,14,243,0
2023-09-10 00:59:20,5,67,23.9,92,17.6,1014.4,1019.3,0,0,14,243,0
2023-09-10 01:04:20,5,67,23.9,92,17.6,1014.5,1019.4,0,0,14,243,0
2023-09-10 01:09:20,5,67,23.9,92,17.6,1014.5,1019.4,0,0,14,243,0
2023-09-10 01:14:20,5,67,23.9,92,17.6,1014.3,1019.2,0,0,14,243,0
2023-09-10 01:19:20,5,67,23.9,92,17.6,1014.2,1019.1,0,0,14,243,0
2023-09-10 01:24:20,5,67,23.9,92,17.6,1014.2,1019.1,0,0,14,243,0
2023-09-10 01:29:20,5,67,23.9,92,17.6,1014.2,1019.1,0,0,14,243,0
2023-09-10 01:34:20,5,67,23.9,93,17.7,1014.1,1019,0,0,14,243,0
2023-09-10 01:39:20,5,67,23.9,93,17.7,1014.2,1019.1,0,0,14,243,0
2023-09-10 01:44:20,5,67,23.9,93,17.7,1014.1,1019,0,0,14,243,0
2023-09-10 01:49:20,5,67,23.9,93,17.7,1014.1,1019,0,0,14,243,0
2023-09-10 01:54:20,5,67,23.9,93,17.6,1014.1,1019,0,0,14,243,0
2023-09-10 01:59:20,5,67,23.9,93,17.6,1014.2,1019.1,0,0,14,243,0
2023-09-10 02:04:20,5,67,23.9,93,17.6,1014.1,1019,0,0,14,243,0
2023-09-10 02:09:20,5,67,23.8,93,17.6,1014.1,1019,0,0,14,243,0
2023-09-10 02:14:20,5,67,23.8,93,17.6,1014.2,1019.1,0,0,14,243,0
2023-09-10 02:19:20,5,67,23.8,93,17.6,1014,1018.9,0,0,14,243,0
2023-09-10 02:24:20,5,67,23.8,93,17.7,1013.9,1018.8,0,0,14,243,0
2023-09-10 02:29:20,5,67,23.8,93,17.7,1014,1018.9,0,0,14,243,0
2023-09-10 02:34:20,5,67,23.8,93,17.7,1013.9,1018.8,0,0,14,243,0
2023-09-10 02:39:20,5,67,23.8,93,17.6,1014.1,1019,0,0,14,243,0
2023-09-10 02:44:20,5,67,23.8,93,17.6,1013.8,1018.7,0,0,14,243,0
2023-09-10 02:49:20,5,67,23.8,93,17.6,1013.8,1018.7,0,0,14,243,0
2023-09-10 02:54:20,5,67,23.8,93,17.6,1013.7,1018.6,0,0,14,243,0
2023-09-10 02:59:20,5,67,23.8,93,17.6,1013.7,1018.6,0,0,14,243,0
2023-09-10 03:04:20,5,67,23.8,93,17.6,1013.5,1018.4,0,0,14,243,0
2023-09-10 03:09:20,5,67,23.8,93,17.5,1013.5,1018.4,0,0,14,243,0
2023-09-10 03:14:20,5,67,23.8,93,17.5,1013.5,1018.4,0,0,14,243,0
2023-09-10 03:19:20,5,67,23.8,95,17.4,1013.6,1018.5,0,0,14,243,0
2023-09-10 03:24:20,5,67,23.8,95,17.4,1013.6,1018.5,0,0,14,243,0
2023-09-10 03:29:20,5,67,23.7,95,17.4,1013.5,1018.4,0,0,14,243,0
2023-09-10 03:34:20,5,67,23.7,95,17.4,1013.5,1018.4,0,0,14,243,0
2023-09-10 03:39:20,5,67,23.8,95,17.4,1013.6,1018.5,0,0,14,243,0
2023-09-10 03:44:20,5,67,23.8,95,17.4,1013.6,1018.5,0,0,14,243,0
2023-09-10 03:49:20,5,67,23.8,95,17.3,1013.4,1018.3,0,0,14,243,0
2023-09-10 03:54:20,5,67,23.7,95,17.2,1013.5,1018.4,0,0,14,243,0
2023-09-10 03:59:20,5,67,23.7,95,17,1013.6,1018.5,0,0,14,243,0
2023-09-10 04:04:20,5,67,23.7,95,16.9,1013.5,1018.4,0,0,0,243,0
2023-09-10 04:09:20,5,67,23.7,95,16.8,1013.6,1018.5,0,0,2,243,0
2023-09-10 04:14:20,5,67,23.7,95,16.8,1013.7,1018.6,0,0,4,243,0
2023-09-10 04:19:20,5,67,23.7,96,16.9,1013.4,1018.3,0,0,4,243,0
2023-09-10 04:24:20,5,67,23.7,96,17,1013.5,1018.4,0,0,4,243,0
2023-09-10 04:29:20,5,67,23.7,96,17,1013.4,1018.3,0,0,4,243,0
2023-09-10 04:34:20,5,67,23.7,96,17,1013.4,1018.3,0,0,4,243,0
2023-09-10 04:39:20,5,67,23.7,96,17,1013.4,1018.3,0,0,4,243,0
2023-09-10 04:44:20,5,67,23.7,96,17,1013.3,1018.2,0,0,4,243,0
2023-09-10 04:49:20,5,67,23.7,96,17,1013.3,1018.2,0,0,4,243,0
2023-09-10 04:54:20,5,67,23.6,96,16.9,1013.1,1018,0,0,4,243,0
2023-09-10 04:59:20,5,67,23.6,96,16.9,1013.1,1018,0,0,4,243,0
2023-09-10 05:04:20,5,67,23.6,96,16.9,1013,1017.9,0,0,4,243,0
2023-09-10 05:09:20,5,67,23.6,96,16.8,1013.2,1018.1,0,0,4,243,0
2023-09-10 05:14:20,5,67,23.6,96,16.6,1013.4,1018.3,0,0,4,243,0
2023-09-10 05:19:20,5,67,23.6,96,16.4,1013.1,1018,0,0,0,243,0
2023-09-10 05:24:20,5,66,23.6,96,16.4,1013.1,1018,0,0,10,243,0
2023-09-10 05:29:20,5,66,23.6,96,16.4,1013.1,1018,0,0,10,243,0
2023-09-10 05:34:20,5,66,23.6,97,16.5,1013.1,1018,0,0,4,243,0
2023-09-10 05:39:20,5,66,23.6,97,16.5,1013.2,1018.1,0,0,8,243,0
2023-09-10 05:44:20,5,66,23.6,97,16.6,1013,1017.9,0,0,8,243,0
2023-09-10 05:49:20,5,66,23.6,97,16.6,1013.2,1018.1,0,0,8,243,0
2023-09-10 05:54:20,5,66,23.6,97,16.6,1013.1,1018,0,0,8,243,0
2023-09-10 05:59:20,5,66,23.6,97,16.7,1013.1,1018,0,0,8,243,0
2023-09-10 06:04:20,5,66,23.6,97,16.7,1013,1017.9,0,0,10,243,0
2023-09-10 06:09:20,5,66,23.6,97,16.8,1013,1017.9,0,0,10,243,0
2023-09-10 06:14:20,5,66,23.5,98,16.8,1013.1,1018,0,0,10,243,0
2023-09-10 06:19:20,5,66,23.6,98,16.9,1013,1017.9,0,0,10,243,0
2023-09-10 06:24:20,5,66,23.5,98,17,1013,1017.9,0,0,10,243,0
2023-09-10 06:29:20,5,66,23.5,98,17,1013.1,1018,0,0,10,243,0
2023-09-10 06:34:20,5,66,23.5,98,17.1,1013,1017.9,0,0,10,243,0
2023-09-10 06:39:20,5,66,23.5,98,17.2,1013,1017.9,0,0,10,243,0
2023-09-10 06:44:20,5,66,23.5,99,17.3,1013.2,1018.1,0,0,10,243,0
2023-09-10 06:49:20,5,67,23.5,99,17.3,1013.2,1018.1,0,0,10,243,0
2023-09-10 06:54:20,5,67,23.5,97,17.5,1013.2,1018.1,0,0,10,243,0
2023-09-10 06:59:20,5,67,23.5,97,17.5,1013.1,1018,0,0,10,243,0
2023-09-10 07:04:20,5,67,23.5,97,17.6,1013.2,1018.1,0,0,10,243,0
2023-09-10 07:09:20,5,67,23.5,98,17.8,1013.1,1018,0,0,10,243,0
2023-09-10 07:14:20,5,67,23.5,98,18,1013,1017.9,0,0,10,243,0
2023-09-10 07:19:20,5,67,23.6,98,18.1,1013,1017.9,0,0,10,243,0
2023-09-10 07:24:20,5,67,23.5,99,18.3,1012.9,1017.8,0,0,10,243,0
2023-09-10 07:29:20,5,67,23.6,99,18.4,1013.1,1018,0,0,10,243,0
2023-09-10 07:34:20,5,67,23.5,99,18.5,1013,1017.9,0,0,10,243,0
2023-09-10 07:39:20,5,67,23.5,99,18.7,1012.9,1017.8,0,0.3,7,243,0
2023-09-10 07:44:20,5,67,23.6,99,18.8,1012.8,1017.7,0,0.3,,243,0
2023-09-10 07:49:20,5,67,23.5,99,18.8,1012.9,1017.8,0,0.3,7,243,0
2023-09-10 07:54:20,5,67,23.6,99,19,1012.8,1017.7,0,0.7,7,243,0
2023-09-10 07:59:20,5,67,23.5,99,19.2,1012.7,1017.6,0,0,8,243,0
2023-09-10 08:04:20,5,67,23.6,99,19.4,1012.8,1017.7,0,0.3,,243,0
2023-09-10 08:09:20,5,68,23.6,99,20,1012.8,1017.7,0,0,,243,0
2023-09-10 08:14:20,5,68,23.7,99,21.2,1012.7,1017.6,0,0,7,243,0
2023-09-10 08:19:20,5,68,23.7,99,21.8,1012.9,1017.8,0,0,7,243,0
2023-09-10 08:24:20,5,68,23.6,94,22.5,1012.8,1017.7,0,0.3,,243,0
2023-09-10 08:29:20,5,68,23.7,82,22.5,1012.7,1017.6,1.4,2,7,243,0
2023-09-10 08:34:20,5,68,23.7,75,22.7,1012.5,1017.4,0.7,1,7,243,0
2023-09-10 08:39:20,5,68,23.7,72,23.3,1012.5,1017.4,1,1.4,,243,0
2023-09-10 08:44:20,5,68,23.8,71,23.8,1012.3,1017.2,0.3,0.3,10,243,0
2023-09-10 08:49:20,5,68,23.8,70,24.5,1012.4,1017.3,0.7,1,10,243,0
2023-09-10 08:54:20,5,68,23.8,67,24.3,1012.4,1017.3,1.4,1.4,8,243,0
2023-09-10 08:59:20,5,68,23.8,69,23.6,1012.2,1017.1,0,0.3,8,243,0
2023-09-10 09:04:20,5,68,23.9,70,24.8,1012.2,1017.1,0.3,0.7,8,243,0
2023-09-10 09:09:20,5,68,23.8,66,25.4,1012.1,1017,0.3,0.7,,243,0
2023-09-10 09:14:20,5,68,23.9,64,26.2,1012,1016.9,1.4,1.7,10,243,0
2023-09-10 09:19:20,5,68,23.9,62,25.4,1012.1,1017,0.7,1,14,243,0
2023-09-10 09:24:20,5,68,23.9,63,25.1,1012.1,1017,0.3,0.7,,243,0
2023-09-10 09:29:20,5,68,23.9,63,25.4,1012.1,1017,0.7,1,,243,0
2023-09-10 09:34:20,5,67,24,66,24.6,1012.1,1017,0.7,1,8,243,0
2023-09-10 09:39:20,5,67,24,69,23.7,1012,1016.9,1,1.4,8,243,0
2023-09-10 09:44:20,5,67,24,71,23.3,1012,1016.9,0.3,0.7,10,243,0
2023-09-10 09:49:20,5,67,24,72,23.7,1012.1,1017,0.3,0.7,8,243,0
2023-09-10 09:54:20,5,69,23.9,71,24,1012.1,1017,0.7,1,10,243,0
2023-09-10 09:59:20,5,69,24,70,24.9,1011.9,1016.8,0.3,0.7,,243,0
2023-09-10 10:04:22,5,69,24,68,25.2,1011.9,1016.8,1.4,1.7,,243,0
2023-09-10 10:09:20,5,69,24,65,25.1,1011.9,1016.8,1.4,1.7,,243,0
2023-09-10 10:14:20,5,68,24,67,24.3,1011.7,1016.6,0.7,1,10,243,0
2023-09-10 10:19:20,5,68,24,67,24.6,1011.8,1016.7,0.7,1,10,243,0
2023-09-10 10:24:20,5,68,24,67,25.1,1011.8,1016.7,0,0.3,10,243,0
2023-09-10 10:29:20,5,68,24,66,25.9,1011.7,1016.6,1,1,10,243,0
2023-09-10 10:34:20,5,68,24,64,25.1,1011.7,1016.6,0.7,1,10,243,0
2023-09-10 10:39:20,5,68,24,67,24.5,1011.7,1016.6,0,0,10,243,0
2023-09-10 10:44:20,5,68,24,68,24.6,1011.5,1016.4,1,1.4,10,243,0
2023-09-10 10:49:20,5,69,24.1,67,24.5,1011.7,1016.6,0.3,0.7,10,243,0
2023-09-10 10:54:20,5,69,24.1,66,25.1,1011.7,1016.6,0.7,1,10,243,0
2023-09-10 10:59:20,5,69,24.1,66,25.3,1011.6,1016.5,0.7,1.4,10,243,0
2023-09-10 11:04:20,5,69,24.1,66,24.9,1011.5,1016.4,1,1.4,10,243,0
2023-09-10 11:09:20,5,69,24.1,68,24,1011.5,1016.4,0.3,0.7,10,243,0
2023-09-10 11:14:20,5,69,24.1,70,23.6,1011.3,1016.2,0.3,0.7,,243,0
2023-09-10 11:19:20,5,69,24.1,71,23.5,1011.4,1016.3,0.3,0.7,,243,0
2023-09-10 11:24:20,5,70,23.9,71,23.6,1011.2,1016.1,0.3,0.7,10,243,0
2023-09-10 11:29:20,5,69,24,71,23.8,1011.3,1016.2,0.3,0.7,,243,0
2023-09-10 11:34:20,5,69,24.1,70,24.7,1011.1,1016,0,0.3,,243,0
2023-09-10 11:39:20,5,69,24.1,67,25.1,1011,1015.9,0.3,1,10,243,0
2023-09-10 11:44:20,5,69,24,66,25,1011.2,1016.1,0.3,0.7,10,243,0
2023-09-10 11:49:20,5,69,24,66,25,1011.3,1016.2,0.7,1,8,243,0
2023-09-10 11:54:20,5,69,24.1,67,24.6,1011,1015.9,0,0.3,8,243,0
2023-09-10 11:59:20,5,69,24.1,69,24.5,1011,1015.9,0.3,0.7,8,243,0
2023-09-10 12:04:20,5,69,24.1,68,24.5,1011,1015.9,0.7,1,8,243,0
2023-09-10 12:09:20,5,69,24.1,69,24.5,1011,1015.9,0.3,1,8,243,0
2023-09-10 12:14:20,5,69,24,69,24,1010.8,1015.7,0.7,1.7,8,243,0
2023-09-10 12:19:20,5,69,24.1,70,23.6,1010.9,1015.8,0.7,1,,243,0
2023-09-10 12:24:20,5,69,24.1,71,23.7,1010.7,1015.6,0.3,0.7,,243,0
2023-09-10 12:29:20,5,69,24.1,71,24.1,1010.6,1015.5,0.7,1,,243,0
2023-09-10 12:34:20,5,69,24.1,70,24.7,1010.7,1015.6,0.3,1,,243,0
2023-09-10 12:39:20,5,69,24.1,68,24.8,1010.7,1015.6,0.7,1,,243,0
2023-09-10 12:44:20,5,69,24.1,69,24.4,1010.7,1015.6,0.7,1.4,8,243,0
2023-09-10 12:49:20,5,70,24.1,70,24.2,1010.7,1015.6,0.7,1,,243,0
2023-09-10 12:54:20,5,70,24.2,70,24.4,1010.7,1015.6,1,1.4,8,243,0
2023-09-10 12:59:20,5,70,24.2,71,24.7,1010.6,1015.5,0.3,1,,243,0
2023-09-10 13:04:20,5,70,24.2,68,24.6,1010.5,1015.4,2,2.4,10,243,0
2023-09-10 13:09:20,5,69,24.2,68,23.9,1010.5,1015.4,1,1.4,10,243,0
2023-09-10 13:14:20,5,69,24.2,70,23.8,1010.5,1015.4,0.7,1,10,243,0
2023-09-10 13:19:20,5,69,24.2,70,24.1,1010.5,1015.4,1,2,10,243,0
2023-09-10 13:24:20,5,69,24.3,69,24.2,1010.3,1015.2,0.7,1,8,243,0
2023-09-10 13:29:20,5,69,24.3,69,24.2,1010.3,1015.2,0.7,1,9,243,0
2023-09-10 13:34:20,5,69,24.3,68,24.2,1010.2,1015.1,0.3,1,10,243,0
2023-09-10 13:39:20,5,68,24.4,68,24.4,1010.3,1015.2,0.7,0.7,10,243,0
2023-09-10 13:44:20,5,69,24.4,67,24.4,1010.2,1015.1,1,1.4,10,243,0
2023-09-10 13:49:20,5,68,24.4,66,24.4,1010.2,1015.1,1.4,1.7,10,243,0
2023-09-10 13:54:20,5,68,24.5,66,24.5,1010.4,1015.3,0.7,1.4,10,243,0
2023-09-10 13:59:20,5,68,24.7,66,24.5,1010.2,1015.1,0.7,1,10,243,0
2023-09-10 14:04:20,5,68,24.8,68,24.5,1010.2,1015.1,1,1.7,10,243,0
2023-09-10 14:09:20,5,68,24.8,69,24.4,1010.1,1015,0.7,1,10,243,0
2023-09-10 14:14:20,5,67,25,69,24.5,1010.1,1015,1,1.7,8,243,0
2023-09-10 14:19:20,5,67,25.1,68,24.4,1009.9,1014.8,1,1.4,10,243,0
2023-09-10 14:24:20,5,67,25.2,69,24.2,1009.9,1014.8,1,1.7,10,243,0
2023-09-10 14:29:20,5,68,25.3,71,23.9,1009.8,1014.7,1.4,2,8,243,0
2023-09-10 14:34:20,5,68,25.4,71,23.7,1010,1014.9,1,1.4,,243,0
2023-09-10 14:39:20,5,68,25.5,71,23.5,1009.9,1014.8,0.7,1.4,8,243,0
2023-09-10 14:44:20,5,68,25.6,72,23.5,1009.7,1014.6,0.7,1,10,243,0
2023-09-10 14:49:20,5,68,25.6,72,23.4,1009.7,1014.6,0.7,1,,243,0
2023-09-10 14:54:20,5,67,25.7,72,23.4,1009.7,1014.6,0.7,1.4,8,243,0
2023-09-10 14:59:20,5,67,25.8,72,23.3,1009.7,1014.6,0.7,1.7,8,243,0
2023-09-10 15:04:20,5,67,25.9,72,23.1,1009.5,1014.4,0.7,1,,243,0
2023-09-10 15:09:20,5,66,25.9,73,23.2,1009.5,1014.4,1.4,1.7,10,243,0
2023-09-10 15:14:20,5,66,25.9,73,23.6,1009.4,1014.3,1,1.4,,243,0
2023-09-10 15:19:20,5,66,25.9,71,23.9,1009.2,1014.1,1.4,2,,243,0
2023-09-10 15:24:20,5,66,25.9,71,24.7,1009.4,1014.3,0.7,1,8,243,0
2023-09-10 15:29:20,5,66,25.9,70,24.5,1009.3,1014.2,0.7,1.4,10,243,0
2023-09-10 15:34:20,5,66,25.9,69,23.9,1009.4,1014.3,0.7,1,10,243,0
2023-09-10 15:39:20,5,64,26,70,23.8,1009.4,1014.3,1.4,1.7,10,243,0
2023-09-10 15:44:20,5,65,25.9,70,23.3,1009.4,1014.3,1.4,1.7,10,243,0
2023-09-10 15:49:20,5,65,25.9,71,22.8,1009.6,1014.5,0.7,1.4,10,243,0
2023-09-10 15:54:20,5,65,25.9,72,22.6,1009.4,1014.3,0.7,1.4,10,243,0
2023-09-10 15:59:20,5,65,25.9,74,22.3,1009.4,1014.3,1,1.4,10,243,0
2023-09-10 16:04:20,5,65,25.8,75,22,1009.5,1014.4,1.4,2,10,243,0
2023-09-10 16:09:20,5,65,25.7,75,21.6,1009.4,1014.3,1.4,2,8,243,0
2023-09-10 16:14:20,5,65,25.7,75,21.3,1009.3,1014.2,1.4,2,10,243,0
2023-09-10 16:19:20,5,64,25.6,75,21,1009.3,1014.2,1.4,1.7,8,243,0
2023-09-10 16:24:20,5,64,25.6,76,20.9,1009.3,1014.2,1.4,1.7,10,243,0
2023-09-10 16:29:20,5,63,25.6,77,20.9,1009.1,1014,1,1.4,10,243,0
2023-09-10 16:34:20,5,63,25.6,79,21.6,1008.9,1013.8,0.7,1.4,,243,0
2023-09-10 16:39:20,5,63,25.6,77,22.2,1008.9,1013.8,0.7,1.4,8,243,0
2023-09-10 16:44:20,5,64,25.7,75,22.4,1008.8,1013.7,1.4,2,8,243,0
2023-09-10 16:49:20,5,63,25.8,74,21.7,1008.9,1013.8,1.4,2,8,243,0
2023-09-10 16:54:20,5,62,25.8,76,21.2,1008.9,1013.8,0.7,1,8,243,0
2023-09-10 16:59:20,5,62,25.7,77,21.4,1008.8,1013.7,0.7,1.4,8,243,0
2023-09-10 17:04:20,5,62,25.7,76,21.7,1008.8,1013.7,1,1.4,8,243,0
2023-09-10 17:09:20,5,62,25.7,74,22,1009,1013.9,1,1.7,8,243,0
2023-09-10 17:14:20,5,61,25.6,73,22.2,1008.9,1013.8,0.7,1,8,243,0
2023-09-10 17:19:20,5,61,25.6,71,22,1008.7,1013.6,1,1.4,8,243,0
2023-09-10 17:24:20,5,61,25.5,72,21.7,1008.8,1013.7,1,1.7,8,243,0
2023-09-10 17:29:20,5,61,25.5,73,21.4,1009.1,1014,0.7,1,8,243,0
2023-09-10 17:34:20,5,60,25.4,74,21.1,1009.1,1014,1,1.7,8,243,0
2023-09-10 17:39:20,5,61,25.3,75,21.1,1009.1,1014,1,1.4,8,243,0
2023-09-10 17:44:20,5,61,25.2,75,21,1009.2,1014.1,1,1.4,8,243,0
2023-09-10 17:49:20,5,61,25.1,75,20.9,1009.1,1014,1.7,2.4,8,243,0
2023-09-10 17:54:20,5,61,25.1,75,20.6,1009.4,1014.3,1.4,1.7,,243,0
2023-09-10 17:59:20,5,61,25,76,20.1,1009.6,1014.5,1,1.7,8,243,0
2023-09-10 18:04:20,5,61,24.9,76,19.9,1009.3,1014.2,1,1.4,8,243,0
2023-09-10 18:09:20,5,61,24.7,77,19.6,1009.4,1014.3,1,1.4,10,243,0
2023-09-10 18:14:20,5,62,24.6,78,19.4,1009.5,1014.4,1,1.4,10,243,0
2023-09-10 18:19:20,5,62,24.5,79,19.3,1009.5,1014.4,1,1.7,8,243,0
2023-09-10 18:24:20,5,62,24.4,80,19.2,1009.6,1014.5,1,1.4,10,243,0
2023-09-10 18:29:20,5,62,24.3,80,19,1009.7,1014.6,1.4,1.7,8,243,0
2023-09-10 18:34:20,5,62,24.1,80,18.9,1009.8,1014.7,0.7,1.4,8,243,0
2023-09-10 18:39:20,5,62,24.1,80,18.9,1009.7,1014.6,0.7,1,10,243,0
2023-09-10 18:44:20,5,62,24,80,18.8,1009.7,1014.6,1.4,2,10,243,0
2023-09-10 18:49:20,5,63,23.9,80,18.7,1009.8,1014.7,1.4,2,10,243,0
2023-09-10 18:54:20,5,63,23.9,80,18.7,1009.7,1014.6,1,1.4,10,243,0
2023-09-10 18:59:20,5,63,23.9,80,18.6,1009.8,1014.7,1,1.4,8,243,0
2023-09-10 19:04:20,5,64,23.9,81,18.5,1009.8,1014.7,1,1.4,8,243,0
2023-09-10 19:09:20,5,64,23.9,81,18.5,1009.8,1014.7,0.7,1,8,243,0
2023-09-10 19:14:20,5,64,23.9,81,18.4,1009.8,1014.7,0.7,1.4,8,243,0
2023-09-10 19:19:20,5,64,23.8,81,18.4,1009.8,1014.7,1,1.7,9,243,0
2023-09-10 19:24:20,5,64,23.9,82,18.3,1009.8,1014.7,0.7,1.4,8,243,0
2023-09-10 19:29:20,5,64,23.8,82,18.3,1010,1014.9,1,1.4,9,243,0
2023-09-10 19:34:20,5,64,23.8,82,18.2,1009.9,1014.8,1,1.7,8,243,0
2023-09-10 19:39:20,5,64,23.8,83,18.2,1009.9,1014.8,1.4,2,8,243,0
2023-09-10 19:44:20,5,64,23.8,83,18.1,1010,1014.9,0.7,1.4,8,243,0
2023-09-10 19:49:20,5,64,23.8,83,18.1,1009.9,1014.8,1.4,1.7,8,243,0
2023-09-10 19:54:20,5,64,23.8,84,18,1009.9,1014.8,1.4,1.7,8,243,0
2023-09-10 19:59:20,5,64,23.8,84,17.8,1010,1014.9,0.3,1,8,243,0
2023-09-10 20:04:20,5,64,23.8,84,17.7,1009.9,1014.8,1,1.4,8,243,0
2023-09-10 20:09:20,5,64,23.8,84,17.5,1009.8,1014.7,0.3,1,8,243,0
2023-09-10 20:14:20,5,65,23.8,88,17.4,1009.9,1014.8,0.7,1,8,243,0
2023-09-10 20:19:19,5,65,23.8,88,17.2,1009.8,1014.7,0.3,0.7,8,243,0
2023-09-10 20:24:19,5,65,23.8,89,17.1,1009.8,1014.7,0.7,1,8,243,0
2023-09-10 20:29:19,5,64,23.8,89,17,1009.7,1014.6,1,1.4,8,243,0
2023-09-10 20:34:19,5,65,23.8,90,16.9,1009.8,1014.7,1,1.4,10,243,0
2023-09-10 20:39:19,5,64,23.8,90,16.8,1009.8,1014.7,0.7,1,10,243,0
2023-09-10 20:44:19,5,64,23.8,90,16.7,1009.8,1014.7,0.3,1,10,243,0
2023-09-10 20:49:19,5,64,23.8,90,16.7,1009.6,1014.5,0.7,1.4,10,243,0
2023-09-10 20:54:19,5,64,23.8,90,16.6,1009.7,1014.6,1.4,2,9,243,0
2023-09-10 20:59:19,5,64,23.8,90,16.6,1009.5,1014.4,1,1.4,10,243,0
2023-09-10 21:04:19,5,64,23.8,90,16.6,1009.6,1014.5,0.7,1.4,8,243,0
2023-09-10 21:09:19,5,64,23.8,90,16.6,1009.7,1014.6,0.7,1,10,243,0
2023-09-10 21:14:19,5,64,23.8,90,16.5,1009.5,1014.4,0.7,1.4,14,243,0
2023-09-10 21:19:19,5,64,23.8,90,16.6,1009.6,1014.5,0.7,1.4,4,243,0
2023-09-10 21:24:19,5,64,23.8,90,16.6,1009.6,1014.5,0.3,1,10,243,0
2023-09-10 21:29:19,5,64,23.8,90,16.5,1009.7,1014.6,0.7,1,14,243,0
2023-09-10 21:34:19,5,64,23.8,90,16.4,1009.5,1014.4,1,1.4,10,243,0
2023-09-10 21:39:19,5,65,23.8,90,16.3,1009.5,1014.4,0.7,1,10,243,0
2023-09-10 21:44:19,5,65,23.8,90,16.3,1009.6,1014.5,0.7,1,10,243,0
2023-09-10 21:49:19,5,65,24,90,16.3,1009.7,1014.6,0.7,1.4,10,243,0
2023-09-10 21:54:19,5,64,24,90,16.2,1009.5,1014.4,0.3,0.7,10,243,0
2023-09-10 21:59:19,5,64,24.1,90,16.2,1009.6,1014.5,0.3,0.7,2,243,0
2023-09-10 22:04:19,5,64,24.1,90,16.2,1009.6,1014.5,0.7,1,,243,0
2023-09-10 22:09:19,5,63,24,90,16.1,1009.7,1014.6,0.3,0.7,8,243,0
2023-09-10 22:14:19,5,63,24.1,90,16,1009.7,1014.6,0.3,1,8,243,0
2023-09-10 22:19:19,5,63,24,90,16,1009.7,1014.6,0.3,0.7,8,243,0
2023-09-10 22:24:19,5,63,24,90,15.9,1009.7,1014.6,0,0.3,10,243,0
2023-09-10 22:29:19,5,63,24,90,15.9,1009.7,1014.6,0,0,4,243,0
2023-09-10 22:34:19,5,64,23.9,91,15.9,1009.8,1014.7,0,0,4,243,0
2023-09-10 22:39:19,5,63,24,91,15.9,1009.9,1014.8,0,0,4,243,0
2023-09-10 22:44:19,5,63,24,91,15.9,1009.7,1014.6,0,0,4,243,0
2023-09-10 22:49:19,5,63,24,91,15.9,1009.9,1014.8,0,0,4,243,0
2023-09-10 22:54:19,5,64,23.9,91,16,1009.9,1014.8,0.3,0.7,4,243,0
2023-09-10 22:59:19,5,64,23.9,91,16,1009.7,1014.6,0.7,1,4,243,0
2023-09-10 23:04:19,5,64,23.9,91,16,1009.8,1014.7,0.3,0.7,4,243,0
2023-09-10 23:09:19,5,64,23.9,91,16.1,1009.7,1014.6,0.3,0.7,,243,0
2023-09-10 23:14:19,5,64,23.9,91,16.1,1009.7,1014.6,0.3,0.7,,243,0
2023-09-10 23:19:19,5,64,23.9,92,16.1,1009.8,1014.7,0.3,0.7,,243,0
2023-09-10 23:24:19,5,64,23.9,92,16.2,1009.8,1014.7,0.3,1,10,243,0
2023-09-10 23:29:19,5,64,23.9,92,16.2,1009.7,1014.6,0.7,0.7,,243,0
2023-09-10 23:34:19,5,64,23.8,92,16.2,1009.7,1014.6,0.7,1,,243,0
2023-09-10 23:39:19,5,64,23.8,92,16.3,1009.8,1014.7,0.7,1,10,243,0
2023-09-10 23:44:19,5,64,23.8,92,16.3,1010,1014.9,0.7,1,10,243,0
2023-09-10 23:49:19,5,65,23.8,92,16.3,1009.9,1014.8,1,1.7,10,243,0
2023-09-10 23:54:19,5,65,23.8,92,16.3,1009.8,1014.7,0.7,1,8,243,0
2023-09-10 23:59:19,5,65,23.8,92,16.3,1010,1014.9,1,1.7,8,243,0
