2023-09-19 00:00:18,5,64,20.7,91,12.5,998.1,1003,2.4,3.1,10,267.9,0
2023-09-19 00:05:18,5,64,20.6,91,12.6,998.2,1003.1,2.4,3.4,10,267.9,0
2023-09-19 00:10:18,5,64,20.6,91,12.6,998,1002.9,1,1.4,10,267.9,0
2023-09-19 00:15:18,5,64,20.5,91,12.6,998,1002.9,1.7,2.4,,267.9,0
2023-09-19 00:20:18,5,64,20.5,91,12.5,997.7,1002.6,1.4,2.4,8,267.9,0
2023-09-19 00:25:18,5,64,20.6,91,12.6,997.6,1002.5,2.4,3.1,10,268.2,0
2023-09-19 00:30:18,5,64,20.5,91,12.7,997.6,1002.5,1.7,2.4,10,268.2,0
2023-09-19 00:35:18,5,64,20.5,91,12.8,997.4,1002.3,2,2.4,8,268.2,0
2023-09-19 00:40:18,5,64,20.5,91,12.8,997.2,1002.1,3.1,4.4,8,268.5,0
2023-09-19 00:45:18,5,64,20.5,91,12.8,997.2,1002.1,2.7,4.1,10,268.5,0
2023-09-19 00:50:18,5,64,20.4,91,12.9,997,1001.9,3.1,3.7,10,268.5,0
2023-09-19 00:55:18,5,64,20.4,91,12.9,997,1001.9,2,2.7,10,268.5,0
2023-09-19 01:00:18,5,64,20.5,92,13,997.2,1002.1,1.7,2.4,10,268.8,0
2023-09-19 01:05:18,5,64,20.5,92,13,996.8,1001.7,2.4,3.4,14,268.8,0
2023-09-19 01:10:18,5,64,20.3,92,13.1,996.7,1001.6,3.4,5.8,10,268.8,0
2023-09-19 01:15:18,5,64,20.4,92,13.2,996.6,1001.5,2.7,3.7,10,268.8,0
2023-09-19 01:20:18,5,64,20.4,92,13.2,996.5,1001.4,3.4,5.1,10,269.1,0
2023-09-19 01:25:18,5,64,20.4,92,13.2,996.5,1001.4,3.1,4.1,1,269.1,0
2023-09-19 01:30:18,5,64,20.4,92,13.3,995.9,1000.8,2.4,3.4,10,269.1,0
2023-09-19 01:35:18,5,64,20.4,92,13.3,995.9,1000.8,2.4,3.1,10,269.1,0
2023-09-19 01:40:18,5,64,20.4,93,13.4,995.7,1000.6,3.1,4.1,8,269.4,0
2023-09-19 01:45:18,5,64,20.4,93,13.4,995.6,1000.5,2.7,3.4,10,269.7,0
2023-09-19 01:50:18,5,64,20.4,93,13.4,995.2,1000.1,3.1,4.1,10,269.7,0
2023-09-19 01:55:18,5,64,20.4,93,13.4,995.2,1000.1,2.7,3.7,10,270,0
2023-09-19 02:00:18,5,64,20.3,93,13.4,994.8,999.7,0.7,1,10,270,0
2023-09-19 02:05:18,5,64,20.3,93,13.5,994.7,999.6,2,2.7,10,270,0
2023-09-19 02:10:18,5,64,20.3,93,13.5,994.5,999.4,2,3.4,10,270.3,0
2023-09-19 02:15:18,5,64,20.3,93,13.5,994.2,999.1,2.7,3.4,10,270.3,0
2023-09-19 02:20:18,5,64,20.3,93,13.5,994,998.9,4.8,5.8,10,270.3,0
2023-09-19 02:25:18,5,64,20.3,93,13.6,993.9,998.8,1.7,3.1,10,270.3,0
2023-09-19 02:30:18,5,64,20.3,94,13.7,993.9,998.8,3.4,5.4,,270.3,0
2023-09-19 02:35:18,5,64,20.3,94,13.8,993.7,998.6,4.8,6.5,10,270.3,0
2023-09-19 02:40:18,5,64,20.3,94,13.9,993.5,998.4,4.4,6.8,8,270.3,0
2023-09-19 02:45:18,5,64,20.2,94,13.9,993.3,998.2,3.1,4.8,10,270.3,0
2023-09-19 02:50:18,5,64,20.2,94,14,993.3,998.2,4.1,5.4,1,270.3,0
2023-09-19 02:55:18,5,64,20.2,94,14.1,993.1,998,4.4,7.1,8,270.3,0
2023-09-19 03:00:18,5,64,20.2,94,14.2,993.1,998,3.1,4.8,10,270.6,0
2023-09-19 03:05:18,5,64,20.2,94,14.3,993,997.9,3.4,4.1,8,270.9,0
2023-09-19 03:10:18,5,64,20.2,94,14.4,992.9,997.8,4.4,5.4,8,270.9,0
2023-09-19 03:15:18,5,64,20.2,95,14.5,992.7,997.6,4.4,6.1,8,271.2,0
2023-09-19 03:20:18,5,64,20.2,95,14.6,992.8,997.7,5.8,7.5,8,271.5,0
2023-09-19 03:25:18,5,64,20.2,95,14.7,992.7,997.6,3.7,5.1,10,271.5,0
2023-09-19 03:30:18,5,64,20.2,95,14.8,992.4,997.3,3.1,4.1,10,271.5,0
2023-09-19 03:35:18,5,64,20.2,96,15,992.3,997.2,3.1,4.1,8,271.5,0
2023-09-19 03:40:18,5,64,20.2,96,15.3,992.5,997.4,5.4,7.1,10,271.8,0
2023-09-19 03:45:18,5,64,20.2,96,15.4,992.3,997.2,3.7,4.8,10,271.8,0
2023-09-19 03:50:18,5,64,20.2,97,15.6,992.1,997,5.8,7.1,10,271.8,0
2023-09-19 03:55:18,5,64,20.1,97,15.6,992,996.9,5.8,8.2,10,271.8,0
2023-09-19 04:00:18,5,64,20.1,97,15.7,992.1,997,4.1,5.4,10,271.8,0
2023-09-19 04:05:18,5,64,20.1,97,15.7,992,996.9,4.8,7.5,10,271.8,0
2023-09-19 04:10:18,5,64,20.1,98,15.8,992,996.9,4.8,6.1,8,271.8,0
2023-09-19 04:15:18,5,64,20.2,98,15.8,991.9,996.8,5.8,7.8,10,271.8,0
2023-09-19 04:20:18,5,64,20.1,98,15.8,991.9,996.8,5.1,7.1,10,271.8,0
2023-09-19 04:25:18,5,64,20.1,98,15.9,992,996.9,3.1,4.4,,271.8,0
2023-09-19 04:30:18,5,64,20.2,98,15.9,991.8,996.7,3.1,3.7,8,271.8,0
2023-09-19 04:35:18,5,64,20.2,98,15.9,991.9,996.8,2,3.1,,272.1,0
2023-09-19 04:40:18,5,64,20.1,98,15.9,991.7,996.6,0.3,1.7,10,272.1,0
2023-09-19 04:45:18,5,64,20.1,98,16,991.9,996.8,0.3,1.7,10,272.1,0
2023-09-19 04:50:18,5,64,20.1,98,16,991.9,996.8,0,0.7,13,272.1,0
2023-09-19 04:55:18,5,64,20.1,98,16,992.1,997,0,0.7,10,272.1,0
2023-09-19 05:00:18,5,64,20.1,98,16,992,996.9,0,0.7,13,272.1,0
2023-09-19 05:05:18,5,64,20.1,98,16,991.9,996.8,0,0.3,10,272.1,0
2023-09-19 05:10:18,5,64,20.1,98,16,991.8,996.7,0,0,8,272.1,0
2023-09-19 05:15:18,5,64,20.1,98,16.1,991.8,996.7,0,0,13,272.1,0
2023-09-19 05:20:18,5,64,20.1,98,16.1,991.9,996.8,0,0,10,272.1,0
2023-09-19 05:25:18,5,64,20.1,98,16.1,992,996.9,0,0,8,272.1,0
2023-09-19 05:30:18,5,65,20.1,98,16.1,992.1,997,0,0,10,272.1,0
2023-09-19 05:35:18,5,65,20.1,98,16.1,992.2,997.1,0,0,10,272.1,0
2023-09-19 05:40:18,5,65,20.1,98,16.1,992.1,997,0,0,10,272.1,0
2023-09-19 05:45:18,5,65,20.1,98,16.1,992,996.9,0,0,8,272.1,0
2023-09-19 05:50:18,5,65,20.1,98,16.1,992.3,997.2,0,0,10,272.1,0
2023-09-19 05:55:18,5,65,20.1,98,16.1,992.2,997.1,0,0,10,272.1,0
2023-09-19 06:00:18,5,65,20.1,98,16.1,992.3,997.2,0,0,10,272.1,0
2023-09-19 06:05:18,5,65,20.1,97,16.1,992.2,997.1,0,0,10,272.1,0
2023-09-19 06:10:18,5,65,20.1,97,16.1,992.2,997.1,0,0,8,272.1,0
2023-09-19 06:15:18,5,65,20.1,97,16.1,992.2,997.1,0,0,10,272.1,0
2023-09-19 06:20:18,5,65,20.1,97,16.2,992.2,997.1,0,0,8,272.1,0
2023-09-19 06:25:18,5,65,20.1,97,16.2,992.3,997.2,0,0,10,272.4,0
2023-09-19 06:30:18,5,65,20.1,97,16.2,992.2,997.1,0,0,10,272.4,0
2023-09-19 06:35:18,5,65,20.1,97,16.2,992.2,997.1,0,0,10,272.4,0
2023-09-19 06:40:18,5,65,20.1,97,16.2,992.3,997.2,0,0,12,272.7,0
2023-09-19 06:45:18,5,65,20.1,97,16.2,992.2,997.1,0,0,10,272.7,0
2023-09-19 06:50:18,5,65,20.1,97,16.2,992.4,997.3,0,0,8,272.7,0
2023-09-19 06:55:18,5,65,20.1,97,16.2,992.4,997.3,0,0,8,272.7,0
2023-09-19 07:00:18,5,65,20.1,97,16.3,992.5,997.4,0,0,8,272.7,0
2023-09-19 07:05:18,5,65,20.1,97,16.3,992.5,997.4,0,0,10,272.7,0
2023-09-19 07:10:18,5,65,20.1,97,16.3,992.3,997.2,0,0,10,272.7,0
2023-09-19 07:15:18,5,65,20.1,97,16.4,992.4,997.3,0,0,10,272.7,0
2023-09-19 07:20:18,5,65,20.1,97,16.4,992.5,997.4,0,0,10,272.7,0
2023-09-19 07:25:18,5,65,20.1,96,16.4,992.5,997.4,0,0,10,272.7,0
2023-09-19 07:30:18,5,65,20.1,96,16.4,992.5,997.4,0,0,8,272.7,0
2023-09-19 07:35:18,5,65,20.1,96,16.3,992.5,997.4,0,0,10,272.7,0
2023-09-19 07:40:18,5,65,20.1,96,16.3,992.4,997.3,0,0,8,272.7,0
2023-09-19 07:45:18,5,65,20.1,96,16.3,992.4,997.3,0,0,8,272.7,0
2023-09-19 07:50:18,5,65,20.1,96,16.3,992.4,997.3,0,0,10,272.7,0
2023-09-19 07:55:18,5,65,20.1,96,16.3,992.4,997.3,0,0,10,272.7,0
2023-09-19 08:00:18,5,65,20.1,96,16.3,992.4,997.3,0,0,8,272.7,0
2023-09-19 08:05:18,5,65,20.1,96,16.3,992.5,997.4,0,0,10,272.7,0
2023-09-19 08:10:18,5,66,20,96,16.3,992.6,997.5,0,0,10,272.7,0
2023-09-19 08:15:18,5,66,20.1,96,16.3,992.5,997.4,0,0,13,272.7,0
2023-09-19 08:20:18,5,67,20.1,96,16.3,992.7,997.6,0,0,8,272.7,0
2023-09-19 08:25:18,5,67,20.1,96,16.3,992.5,997.4,0,0,10,272.7,0
2023-09-19 08:30:18,5,68,20.1,97,16.3,992.5,997.4,0,0,10,272.7,0
2023-09-19 08:35:18,5,68,20.2,97,16.4,992.6,997.5,0,0,8,272.7,0
2023-09-19 08:40:18,5,68,20.2,97,16.4,992.5,997.4,0,0,0,272.7,0
2023-09-19 08:45:18,5,68,20.3,97,16.4,992.4,997.3,0,0,10,272.7,0
2023-09-19 08:50:18,5,68,20.3,97,16.4,992.4,997.3,0,0,10,272.7,0
2023-09-19 08:55:18,5,68,20.4,97,16.5,992.2,997.1,0,0,10,272.7,0
2023-09-19 09:00:18,5,68,20.4,97,16.6,992.1,997,0,0,10,272.7,0
2023-09-19 09:05:18,5,68,20.5,97,16.6,992.2,997.1,0,0,8,272.7,0
2023-09-19 09:10:18,5,68,20.5,97,16.6,992.4,997.3,0,0,10,272.7,0
2023-09-19 09:15:18,5,68,20.6,96,16.6,992.4,997.3,0,0,8,272.7,0
2023-09-19 09:20:18,5,68,20.6,96,16.6,992.4,997.3,0,0,8,272.7,0
2023-09-19 09:25:18,5,68,20.6,96,16.6,992.5,997.4,0,0,8,272.7,0
2023-09-19 09:30:18,5,67,20.7,96,16.5,992.4,997.3,0,0,10,273,0
2023-09-19 09:35:18,5,67,20.8,96,16.4,992.6,997.5,0,0,10,273,0
2023-09-19 09:40:18,5,67,20.8,96,16.4,992.6,997.5,0,0,10,273.3,0
2023-09-19 09:45:18,5,67,20.9,96,16.4,992.8,997.7,0,0,10,273.9,0
2023-09-19 09:50:18,5,67,20.9,96,16.3,992.7,997.6,0,0,8,274.2,0
2023-09-19 09:55:18,5,67,20.9,96,16.3,992.9,997.8,0,0,10,274.5,0
2023-09-19 10:00:18,5,67,20.9,96,16.3,992.9,997.8,0,0,8,274.5,0
2023-09-19 10:05:18,5,67,20.9,96,16.3,992.8,997.7,0,0,8,274.8,0
2023-09-19 10:10:18,5,67,20.8,96,16.3,992.7,997.6,0,0,10,275.1,0
2023-09-19 10:15:18,5,67,20.9,96,16.3,992.8,997.7,0,0,15,275.1,0
2023-09-19 10:20:18,5,67,20.9,97,16.4,992.9,997.8,0,0,10,275.1,0
2023-09-19 10:25:18,5,67,20.9,97,16.4,992.7,997.6,0,0,10,275.1,0
2023-09-19 10:30:18,5,67,20.9,97,16.4,992.9,997.8,0,0,10,275.1,0
2023-09-19 10:35:18,5,66,20.9,97,16.5,992.6,997.5,0,0,10,275.1,0
2023-09-19 10:40:18,5,66,20.9,97,16.5,992.6,997.5,0,0,10,275.1,0
2023-09-19 10:45:18,5,66,20.9,97,16.5,992.6,997.5,0,0,10,275.1,0
2023-09-19 10:50:18,5,66,20.9,97,16.6,992.9,997.8,0,0,10,275.1,0
2023-09-19 10:55:20,5,66,20.9,97,16.6,992.8,997.7,0,0,8,275.1,0
2023-09-19 11:00:17,5,67,20.9,97,16.5,992.7,997.6,0,0,8,275.1,0
2023-09-19 11:05:17,5,67,20.9,97,16.5,992.8,997.7,0,0,10,275.1,0
2023-09-19 11:10:17,5,67,20.9,97,16.5,992.6,997.5,0,0,10,275.1,0
2023-09-19 11:15:17,5,67,20.9,97,16.6,992.6,997.5,0,0,10,275.1,0
2023-09-19 11:20:17,5,67,20.9,97,16.6,992.6,997.5,0,0,10,275.1,0
2023-09-19 11:25:17,5,66,21,97,16.5,992.6,997.5,0,0,10,275.1,0
2023-09-19 11:30:17,5,67,20.9,96,16.6,992.5,997.4,0,0,10,275.1,0
2023-09-19 11:35:17,5,67,20.9,96,16.6,992.6,997.5,0,0,8,275.1,0
2023-09-19 11:40:17,5,66,21,95,16.6,992.7,997.6,0,0,10,275.1,0
2023-09-19 11:45:17,5,66,21,95,16.5,992.6,997.5,0,0,10,275.1,0
2023-09-19 11:50:17,5,66,21,94,16.5,992.6,997.5,0,0,10,275.1,0
2023-09-19 11:55:17,5,66,21,94,16.5,992.6,997.5,0,0,10,275.1,0
2023-09-19 12:00:17,5,66,21,94,16.6,992.7,997.6,0,0,14,275.1,0
2023-09-19 12:05:17,5,66,21,93,16.8,992.6,997.5,0,0,10,275.1,0
2023-09-19 12:10:17,5,65,21.1,93,16.8,992.7,997.6,0,0,10,275.1,0
2023-09-19 12:15:17,5,65,21.1,92,16.9,992.5,997.4,0,0,8,275.1,0
2023-09-19 12:20:17,5,65,21,92,17.1,992.6,997.5,0,1.4,10,275.1,0
2023-09-19 12:25:17,5,65,21,91,17.4,992.5,997.4,4.8,6.1,14,275.1,0
2023-09-19 12:30:17,5,66,21,87,17.5,992.7,997.6,6.5,9.9,10,275.1,0
2023-09-19 12:35:17,5,66,21,86,17.5,992.7,997.6,5.8,7.5,10,275.1,0
2023-09-19 12:40:17,5,66,21,84,17.5,992.6,997.5,6.1,8.2,10,275.1,0
2023-09-19 12:45:17,5,66,21,84,17.5,992.6,997.5,5.8,6.8,10,275.1,0
2023-09-19 12:50:17,5,66,21,83,17.5,992.7,997.6,7.1,10.5,8,275.1,0
2023-09-19 12:55:17,5,66,21,83,17.5,992.7,997.6,4.8,7.1,10,275.1,0
2023-09-19 13:00:17,5,66,21,82,17.7,992.5,997.4,6.5,8.5,10,275.1,0
2023-09-19 13:05:17,5,67,21.1,82,17.8,992.4,997.3,6.5,8.2,8,275.1,0
2023-09-19 13:10:17,5,67,21.1,82,17.8,992.2,997.1,6.8,7.8,10,275.1,0
2023-09-19 13:15:17,5,67,21.1,81,17.8,992.4,997.3,4.4,6.1,10,275.1,0
2023-09-19 13:20:17,5,67,21.1,82,17.8,992.2,997.1,6.1,9.5,10,275.1,0
2023-09-19 13:25:17,5,67,21.1,82,17.8,992.2,997.1,4.1,5.8,10,275.1,0
2023-09-19 13:30:17,5,67,21.1,82,17.6,992,996.9,7.1,9.2,10,275.1,0
2023-09-19 13:35:17,5,67,21.1,83,17.6,992.2,997.1,7.5,9.2,10,275.1,0
2023-09-19 13:40:17,5,67,21.1,83,17.6,992.1,997,6.8,8.5,10,275.4,0
2023-09-19 13:45:17,5,67,21.2,82,17.6,992.2,997.1,8.2,10.9,8,275.4,0
2023-09-19 13:50:17,5,67,21.1,82,17.7,992,996.9,5.8,8.5,10,275.4,0
2023-09-19 13:55:17,5,67,21.1,81,17.8,992.1,997,4.1,5.4,10,275.4,0
2023-09-19 14:00:17,5,67,21.1,81,17.8,992,996.9,6.8,8.2,,275.4,0
2023-09-19 14:05:17,5,67,21.4,81,17.7,991.9,996.8,6.1,9.5,10,275.4,0
2023-09-19 14:10:17,5,67,21.4,81,17.7,992,996.9,4.4,5.4,10,275.4,0
2023-09-19 14:15:17,5,67,21.4,81,17.8,992,996.9,4.8,6.1,10,275.4,0
2023-09-19 14:20:17,5,67,21.4,80,17.8,991.8,996.7,5.4,7.8,10,275.4,0
2023-09-19 14:25:17,5,66,21.4,80,17.8,991.7,996.6,7.1,9.5,10,275.4,0
2023-09-19 14:30:17,5,66,21.4,80,17.8,991.6,996.5,4.1,5.4,10,275.4,0
2023-09-19 14:35:17,5,66,21.4,80,17.8,991.6,996.5,5.1,6.8,,275.4,0
2023-09-19 14:40:17,5,66,21.4,80,17.6,991.4,996.3,4.1,5.1,10,275.4,0
2023-09-19 14:45:17,5,66,21.5,84,17.2,991.5,996.4,5.4,6.8,10,275.4,0
2023-09-19 14:50:17,5,66,21.5,87,17,991.5,996.4,4.8,5.8,8,275.4,0
2023-09-19 14:55:17,5,66,21.5,89,16.9,991.3,996.2,4.8,6.8,10,275.4,0
2023-09-19 15:00:17,5,66,21.5,90,16.9,991.3,996.2,4.4,5.8,10,275.7,0
2023-09-19 15:05:17,5,66,21.5,91,16.9,991.1,996,5.1,7.5,10,275.7,0
2023-09-19 15:10:17,5,66,21.5,92,16.9,991.3,996.2,4.1,5.1,10,275.7,0
2023-09-19 15:15:17,5,66,21.5,92,16.9,991.3,996.2,4.4,5.4,10,275.7,0
2023-09-19 15:20:17,5,66,21.5,93,16.9,991.2,996.1,3.1,4.1,10,275.7,0
2023-09-19 15:25:17,5,66,21.5,93,16.9,991.1,996,5.4,7.1,10,275.7,0
2023-09-19 15:30:17,5,66,21.5,93,16.8,991,995.9,4.4,5.4,10,275.7,0
2023-09-19 15:35:17,5,66,21.5,94,16.8,991.1,996,4.1,6.5,10,275.7,0
2023-09-19 15:40:17,5,66,21.5,94,16.8,990.9,995.8,4.4,6.8,10,275.7,0
2023-09-19 15:45:17,5,66,21.5,94,16.9,991,995.9,3.4,4.8,8,275.7,0
2023-09-19 15:50:17,5,66,21.5,94,16.9,990.9,995.8,3.1,4.4,8,275.7,0
2023-09-19 15:55:17,5,66,21.5,94,16.9,990.8,995.7,4.8,6.1,10,275.7,0
2023-09-19 16:00:17,5,66,21.5,94,17,990.7,995.6,4.1,5.1,8,275.7,0
2023-09-19 16:05:17,5,66,21.5,94,17,990.6,995.5,6.1,8.2,10,275.7,0
2023-09-19 16:10:17,5,66,21.5,94,17,990.6,995.5,6.1,8.8,14,275.7,0
2023-09-19 16:15:17,5,66,21.5,94,17,990.6,995.5,7.1,10.9,10,275.7,0
2023-09-19 16:20:17,5,66,21.5,94,17,990.3,995.2,5.4,7.8,10,275.7,0
2023-09-19 16:25:17,5,66,21.5,93,17,989.9,994.8,3.1,5.8,10,275.7,0
2023-09-19 16:30:17,5,66,21.4,93,17,990,994.9,3.1,4.8,8,275.7,0
2023-09-19 16:35:17,5,66,21.4,93,17,990.2,995.1,5.8,6.8,10,275.7,0
2023-09-19 16:40:17,5,66,21.4,92,17,990.1,995,3.7,4.4,8,275.7,0
2023-09-19 16:45:17,5,66,21.4,92,17,990,994.9,4.1,5.4,10,275.7,0
2023-09-19 16:50:17,5,66,21.4,92,17,990.1,995,4.8,6.5,8,275.7,0
2023-09-19 16:55:17,5,66,21.4,91,17,990,994.9,3.7,5.1,10,275.7,0
2023-09-19 17:00:17,5,66,21.4,91,17,989.8,994.7,6.1,8.2,10,275.7,0
2023-09-19 17:05:17,5,66,21.4,90,17,989.6,994.5,5.8,7.5,10,275.7,0
2023-09-19 17:10:17,5,66,21.1,90,17,989.5,994.4,4.1,6.5,8,275.7,0
2023-09-19 17:15:17,5,66,21,90,16.8,989.5,994.4,3.4,4.4,10,275.7,0
2023-09-19 17:20:17,5,66,21.1,90,16.8,989.5,994.4,6.8,9.2,10,275.7,0
2023-09-19 17:25:17,5,66,21.1,90,16.8,989.5,994.4,3.7,5.1,10,275.7,0
2023-09-19 17:30:17,5,66,21.1,91,16.7,989.4,994.3,5.4,6.5,10,275.7,0
2023-09-19 17:35:17,5,66,21.1,91,16.6,989.2,994.1,4.4,6.1,10,275.7,0
2023-09-19 17:40:17,5,66,21.1,91,16.6,989.2,994.1,3.7,5.4,10,275.7,0
2023-09-19 17:45:17,5,66,21.1,91,16.6,989.2,994.1,3.7,5.1,10,275.7,0
2023-09-19 17:50:17,5,66,21,92,16.5,989.2,994.1,5.1,6.1,10,275.7,0
2023-09-19 17:55:17,5,66,21,92,16.5,988.9,993.8,4.1,5.8,10,275.7,0
2023-09-19 18:00:17,5,66,21,92,16.6,989,993.9,4.4,6.5,8,275.7,0
2023-09-19 18:05:17,5,67,20.9,92,16.5,988.8,993.7,4.4,5.1,8,275.7,0
2023-09-19 18:10:17,5,67,20.8,91,16.5,988.8,993.7,4.8,6.8,,275.7,0
2023-09-19 18:15:17,5,67,20.9,91,16.5,988.8,993.7,3.7,5.4,10,275.7,0
2023-09-19 18:20:17,5,67,20.8,91,16.5,988.8,993.7,3.4,3.7,12,275.7,0
2023-09-19 18:25:17,5,67,20.8,91,16.5,988.7,993.6,3.7,5.1,8,275.7,0
2023-09-19 18:30:17,5,67,20.8,91,16.5,988.6,993.5,4.8,8.5,,275.7,0
2023-09-19 18:35:17,5,67,20.8,91,16.5,988.6,993.5,3.7,5.4,8,275.7,0
2023-09-19 18:40:17,5,67,20.7,91,16.4,988.7,993.6,3.4,4.1,10,275.7,0
2023-09-19 18:45:17,5,68,20.7,91,16.4,988.4,993.3,6.5,8.2,10,275.7,0
2023-09-19 18:50:17,5,68,20.7,91,16.4,988.4,993.3,6.1,8.2,10,275.7,0
2023-09-19 18:55:17,5,68,20.6,91,16.4,988.3,993.2,4.1,6.1,10,275.7,0
2023-09-19 19:00:17,5,68,20.6,91,16.4,988.2,993.1,4.1,6.1,,276,0
2023-09-19 19:05:17,5,68,20.6,91,16.4,987.9,992.8,4.8,6.5,8,276,0
2023-09-19 19:10:17,5,68,20.6,91,16.3,988.1,993,3.1,4.1,8,276.3,0
2023-09-19 19:15:17,5,68,20.6,91,16.2,987.9,992.8,3.7,5.8,8,276.3,0
2023-09-19 19:20:17,5,68,20.6,91,16.2,987.8,992.7,4.4,6.5,10,276.3,0
2023-09-19 19:25:17,5,68,20.6,91,16.2,987.9,992.8,4.8,6.1,10,276.3,0
2023-09-19 19:30:17,5,69,20.6,92,16.2,987.9,992.8,4.1,5.4,8,276.6,0
2023-09-19 19:35:17,5,69,20.6,92,16.1,987.9,992.8,4.1,5.4,10,276.9,0
2023-09-19 19:40:17,5,69,20.6,92,16.1,987.9,992.8,4.1,5.1,10,277.2,0
2023-09-19 19:45:17,5,69,20.6,92,16.1,987.8,992.7,4.4,7.1,10,277.5,0
2023-09-19 19:50:17,5,69,20.6,92,16.1,987.6,992.5,5.1,6.8,8,277.5,0
2023-09-19 19:55:17,5,70,20.6,93,16,987.7,992.6,4.8,6.1,8,278.1,0
2023-09-19 20:00:17,5,70,20.6,93,16,987.5,992.4,5.8,8.2,7,278.1,0
2023-09-19 20:05:17,5,70,20.6,93,16,987.6,992.5,5.1,7.1,10,278.4,0
2023-09-19 20:10:17,5,70,20.6,93,16.1,987.5,992.4,6.1,9.9,8,278.4,0
2023-09-19 20:15:17,5,70,20.6,93,16.1,987.2,992.1,5.8,7.1,,278.4,0
2023-09-19 20:20:17,5,70,20.6,93,16.1,987.2,992.1,4.8,5.4,10,278.7,0
2023-09-19 20:25:17,5,70,20.6,93,16.1,987.2,992.1,2.7,4.8,8,278.7,0
2023-09-19 20:30:17,5,70,20.6,93,16.1,987.2,992.1,4.1,5.8,8,278.7,0
2023-09-19 20:35:17,5,70,20.6,93,16.1,987.2,992.1,6.1,7.8,10,278.7,0
2023-09-19 20:40:17,5,70,20.6,93,16.2,987,991.9,4.1,5.8,10,278.7,0
2023-09-19 20:45:17,5,70,20.6,93,16.2,986.8,991.7,7.5,9.2,8,279,0
2023-09-19 20:50:17,5,70,20.6,93,16.2,986.7,991.6,5.8,9.2,8,279,0
2023-09-19 20:55:17,5,70,20.6,92,16.2,986.8,991.7,4.1,5.4,8,279.3,0
2023-09-19 21:00:17,5,70,20.7,92,16.2,986.8,991.7,4.1,6.1,8,279.3,0
2023-09-19 21:05:17,5,70,20.7,93,16.2,986.5,991.4,4.4,7.1,,279.3,0
2023-09-19 21:10:17,5,70,20.7,93,16.2,986.4,991.3,3.7,5.4,10,279.3,0
2023-09-19 21:15:17,5,70,20.7,93,16.3,986.4,991.3,4.8,6.8,8,279.6,0
2023-09-19 21:20:17,5,70,20.7,93,16.3,986.1,991,5.1,8.5,8,279.6,0
2023-09-19 21:25:17,5,70,20.7,93,16.3,986.2,991.1,4.1,5.4,8,279.6,0
2023-09-19 21:30:17,5,70,20.7,93,16.3,986.1,991,3.7,4.8,8,279.9,0
2023-09-19 21:35:17,5,70,20.6,93,16.3,986.2,991.1,3.1,4.4,10,279.9,0
2023-09-19 21:40:17,5,70,20.6,93,16.3,986.2,991.1,5.8,7.5,10,279.9,0
2023-09-19 21:45:17,5,70,20.6,93,16.4,985.9,990.8,3.7,6.5,10,279.9,0
2023-09-19 21:50:17,5,70,20.6,93,16.4,985.9,990.8,5.4,7.5,10,279.9,0
2023-09-19 21:55:17,5,70,20.6,93,16.4,985.9,990.8,4.4,5.8,8,279.9,0
2023-09-19 22:00:17,5,70,20.6,93,16.3,985.6,990.5,3.4,5.4,10,279.9,0
2023-09-19 22:05:17,5,70,20.6,93,16.3,985.6,990.5,3.1,5.1,7,279.9,0
2023-09-19 22:10:17,5,70,20.6,93,16.3,985.5,990.4,2,3.1,,279.9,0
2023-09-19 22:15:17,5,70,20.6,93,16.3,985.4,990.3,3.4,4.8,8,279.9,0
2023-09-19 22:20:17,5,70,20.6,93,16.4,985.5,990.4,5.1,6.8,8,279.9,0
2023-09-19 22:25:17,5,70,20.5,93,16.4,985.1,990,4.4,6.1,10,279.9,0
2023-09-19 22:30:17,5,70,20.5,93,16.4,985.2,990.1,2.4,2.7,10,279.9,0
2023-09-19 22:35:17,5,70,20.5,93,16.4,985.1,990,3.1,4.8,8,279.9,0
2023-09-19 22:40:17,5,70,20.5,93,16.4,985,989.9,5.4,10.5,8,279.9,0
2023-09-19 22:45:17,5,70,20.5,93,16.3,985,989.9,4.4,7.5,8,279.9,0
2023-09-19 22:50:17,5,70,20.5,93,16.3,984.9,989.8,2.4,3.7,8,279.9,0
2023-09-19 22:55:17,5,70,20.5,93,16.3,984.6,989.5,3.7,6.1,13,279.9,0
2023-09-19 23:00:17,5,70,20.5,93,16.4,984.6,989.5,3.4,4.4,10,279.9,0
2023-09-19 23:05:17,5,70,20.5,93,16.5,984.5,989.4,2.7,3.7,8,279.9,0
2023-09-19 23:10:17,5,70,20.5,93,16.5,984.4,989.3,3.4,5.1,14,279.9,0
2023-09-19 23:15:17,5,70,20.4,93,16.5,984.4,989.3,2.4,3.1,8,279.9,0
2023-09-19 23:20:17,5,70,20.5,93,16.5,984.4,989.3,2,2.7,8,279.9,0
2023-09-19 23:25:17,5,70,20.5,93,16.5,984.5,989.4,3.4,4.4,8,279.9,0
2023-09-19 23:30:17,5,70,20.5,93,16.5,984.3,989.2,3.4,4.1,8,279.9,0
2023-09-19 23:35:17,5,70,20.4,93,16.5,984.2,989.1,2.7,3.4,10,279.9,0
2023-09-19 23:40:17,5,70,20.4,93,16.5,984.1,989,2,3.1,10,279.9,0
2023-09-19 23:45:17,5,70,20.4,94,16.5,984,988.9,1.7,2.4,8,280.5,0
2023-09-19 23:50:17,5,70,20.4,94,16.6,984,988.9,0,0.3,8,280.5,0
2023-09-19 23:55:17,5,70,20.4,94,16.5,983.9,988.8,1,2,10,280.5,0
