2023-09-08 00:04:20,5,67,24.2,87,18.3,1014.1,1019,0.3,0.3,4,243,0
2023-09-08 00:09:20,5,67,24.2,87,18.2,1014,1018.9,0.7,1,4,243,0
2023-09-08 00:14:20,5,67,24.2,87,18.1,1014.1,1019,0,0.3,4,243,0
2023-09-08 00:19:20,5,67,24.2,87,18,1013.9,1018.8,0.3,0.7,4,243,0
2023-09-08 00:24:20,5,67,24.2,87,17.8,1013.8,1018.7,0.7,1.4,4,243,0
2023-09-08 00:29:20,5,67,24.1,88,18,1013.9,1018.8,0.3,1,2,243,0
2023-09-08 00:34:20,5,67,24.1,89,18,1013.8,1018.7,0.7,1,2,243,0
2023-09-08 00:39:20,5,67,24.1,89,18,1014,1018.9,0.3,0.7,2,243,0
2023-09-08 00:44:20,5,67,24.1,90,17.9,1013.8,1018.7,0.3,0.7,4,243,0
2023-09-08 00:49:20,5,67,24.2,90,18,1013.9,1018.8,0.7,1,4,243,0
2023-09-08 00:54:20,5,67,24.1,90,18,1013.9,1018.8,0.3,0.7,4,243,0
2023-09-08 00:59:20,5,67,24.1,90,17.9,1013.8,1018.7,0.3,0.7,4,243,0
2023-09-08 01:04:20,5,67,24.1,90,17.9,1013.9,1018.8,0.7,1,,243,0
2023-09-08 01:09:20,5,67,24.1,90,17.9,1013.7,1018.6,0.7,1,,243,0
2023-09-08 01:14:20,5,67,24.1,90,17.8,1013.7,1018.6,0.7,1,,243,0
2023-09-08 01:19:20,5,67,24.1,90,17.7,1013.7,1018.6,0.3,0.7,,243,0
2023-09-08 01:24:20,5,67,24.1,90,17.5,1013.7,1018.6,0.7,1,,243,0
2023-09-08 01:29:20,5,67,24,92,17.4,1013.8,1018.7,0,0,4,243,0
2023-09-08 01:34:20,5,67,24,92,17.3,1013.8,1018.7,0,0,4,243,0
2023-09-08 01:39:20,5,67,24,92,16.9,1013.6,1018.5,0.3,0.7,2,243,0
2023-09-08 01:44:20,5,67,24,91,16.8,1013.8,1018.7,0.3,0.7,4,243,0
2023-09-08 01:49:20,5,67,24,92,17,1013.7,1018.6,0,0,4,243,0
2023-09-08 01:54:20,5,67,24,92,17,1013.7,1018.6,0,0,4,243,0
2023-09-08 01:59:20,5,67,24,92,16.9,1013.7,1018.6,0,0,,243,0
2023-09-08 02:04:20,5,67,24,92,16.7,1013.7,1018.6,0.3,0.7,4,243,0
2023-09-08 02:09:20,5,68,23.9,92,16.6,1013.6,1018.5,0,0.3,4,243,0
2023-09-08 02:14:20,5,67,24,92,16.8,1013.5,1018.4,1,1.4,4,243,0
2023-09-08 02:19:20,5,67,24,92,16.7,1013.6,1018.5,0.7,1,2,243,0
2023-09-08 02:24:20,5,68,23.9,93,17,1013.6,1018.5,1,1.4,,243,0
2023-09-08 02:29:20,5,68,23.9,93,17.1,1013.7,1018.6,1.4,1.7,4,243,0
2023-09-08 02:34:20,5,68,23.9,93,16.7,1013.7,1018.6,0.7,1,4,243,0
2023-09-08 02:39:20,5,68,23.9,93,16.6,1013.6,1018.5,1,1.4,4,243,0
2023-09-08 02:44:20,5,68,23.9,93,16.6,1013.7,1018.6,1,1,4,243,0
2023-09-08 02:49:20,5,67,23.9,93,16.7,1013.7,1018.6,1,1.4,4,243,0
2023-09-08 02:54:20,5,67,23.9,93,16.8,1013.8,1018.7,1.4,1.7,4,243,0
2023-09-08 02:59:20,5,67,23.9,94,16.9,1013.7,1018.6,1.4,2,4,243,0
2023-09-08 03:04:20,5,67,23.9,94,17,1013.6,1018.5,1.4,1.7,4,243,0
2023-09-08 03:09:20,5,67,23.9,94,17.2,1013.7,1018.6,1,1.7,4,243,0
2023-09-08 03:14:20,5,67,23.9,95,17.4,1013.6,1018.5,2,2.4,4,243,0
2023-09-08 03:19:20,5,67,23.9,93,17.5,1013.6,1018.5,2.4,3.1,4,243,0
2023-09-08 03:24:20,5,67,23.9,94,17.5,1013.6,1018.5,2,2.7,4,243,0
2023-09-08 03:29:20,5,67,23.9,94,17.5,1013.6,1018.5,1,1.7,4,243,0
2023-09-08 03:34:20,5,68,23.8,94,17.5,1013.5,1018.4,1.7,2.4,2,243,0
2023-09-08 03:39:20,5,68,23.8,94,17.5,1013.6,1018.5,1.7,2.4,4,243,0
2023-09-08 03:44:20,5,68,23.8,95,17.5,1013.6,1018.5,1,1.7,4,243,0
2023-09-08 03:49:20,5,68,23.8,97,17.4,1013.6,1018.5,1.4,1.7,4,243,0
2023-09-08 03:54:20,5,68,23.8,97,17.3,1013.5,1018.4,1.4,2,4,243,0
2023-09-08 03:59:20,5,68,23.8,97,17.3,1013.5,1018.4,1.4,1.7,4,243,0
2023-09-08 04:04:20,5,68,23.8,97,17.3,1013.5,1018.4,1.7,2.4,4,243,0
2023-09-08 04:09:20,5,68,23.8,97,17.2,1013.4,1018.3,1.4,2,,243,0
2023-09-08 04:14:20,5,68,23.8,97,17.2,1013.5,1018.4,1.7,2.4,4,243,0
2023-09-08 04:19:20,5,68,23.8,97,17.2,1013.4,1018.3,1.7,2,4,243,0
2023-09-08 04:24:20,5,68,23.7,97,17.2,1013.7,1018.6,1.7,2,4,243,0
2023-09-08 04:29:20,5,68,23.7,97,17.2,1013.8,1018.7,1.4,1.7,4,243,0
2023-09-08 04:34:20,5,68,23.7,97,17.1,1013.6,1018.5,1,1.4,4,243,0
2023-09-08 04:39:20,5,68,23.7,97,17,1013.7,1018.6,0.7,1,,243,0
2023-09-08 04:44:20,5,68,23.7,97,17,1013.7,1018.6,0,0.3,2,243,0
2023-09-08 04:49:20,5,68,23.7,97,16.9,1013.7,1018.6,0.7,1,4,243,0
2023-09-08 04:54:20,5,68,23.7,97,17,1013.8,1018.7,1,1.4,4,243,0
2023-09-08 04:59:20,5,68,23.6,98,17.1,1013.7,1018.6,1.4,2,4,243,0
2023-09-08 05:04:20,5,68,23.6,98,17.1,1013.8,1018.7,1,1.4,,243,0
2023-09-08 05:09:20,5,68,23.6,98,17.1,1013.7,1018.6,1.4,1.7,4,243,0
2023-09-08 05:14:20,5,68,23.6,98,17,1013.6,1018.5,0.7,1.4,4,243,0
2023-09-08 05:19:20,5,68,23.7,98,16.9,1013.7,1018.6,0.7,1,,243,0
2023-09-08 05:24:20,5,68,23.6,98,17,1013.8,1018.7,1,1.4,4,243,0
2023-09-08 05:29:20,5,68,23.6,98,17.1,1013.7,1018.6,1.4,1.7,4,243,0
2023-09-08 05:34:20,5,68,23.6,98,17.2,1013.8,1018.7,1,1.7,4,243,0
2023-09-08 05:39:20,5,68,23.6,98,17.2,1013.7,1018.6,1,1.4,7,243,0
2023-09-08 05:44:20,5,68,23.6,98,17.1,1013.7,1018.6,0.7,1,4,243,0
2023-09-08 05:49:20,5,68,23.6,98,17.2,1013.8,1018.7,0.3,0.7,7,243,0
2023-09-08 05:54:20,5,68,23.6,98,17.2,1013.8,1018.7,0,0.3,7,243,0
2023-09-08 05:59:20,5,68,23.6,98,17,1013.8,1018.7,0,0,7,243,0
2023-09-08 06:04:20,5,68,23.6,98,17,1013.9,1018.8,0,0,4,243,0
2023-09-08 06:09:20,5,68,23.6,98,16.9,1013.9,1018.8,0,0,7,243,0
2023-09-08 06:14:20,5,68,23.6,98,16.9,1014,1018.9,0,0,7,243,0
2023-09-08 06:19:20,5,68,23.6,98,16.8,1014.1,1019,0,0,7,243,0
2023-09-08 06:24:20,5,67,23.6,98,16.9,1014,1018.9,0,0,7,243,0
2023-09-08 06:29:20,5,67,23.6,98,17.1,1014.2,1019.1,0,0,7,243,0
2023-09-08 06:34:20,5,67,23.5,98,17.2,1014.3,1019.2,0.3,0.7,7,243,0
2023-09-08 06:39:20,5,67,23.6,98,17.3,1014,1018.9,0,0.3,4,243,0
2023-09-08 06:44:20,5,67,23.6,96,17.7,1014.1,1019,0,0,4,243,0
2023-09-08 06:49:20,5,67,23.5,97,18.3,1014.2,1019.1,0,0,7,243,0
2023-09-08 06:54:20,5,67,23.5,97,18.4,1014.1,1019,0,0,7,243,0
2023-09-08 06:59:20,5,67,23.5,98,18.9,1014.2,1019.1,0,0,7,243,0
2023-09-08 07:04:20,5,67,23.5,99,19.3,1014.3,1019.2,0,0,7,243,0
2023-09-08 07:09:20,5,67,23.5,99,19.6,1014.4,1019.3,0,0,7,243,0
2023-09-08 07:14:20,5,67,23.5,99,19.9,1014.4,1019.3,0,0,7,243,0
2023-09-08 07:19:20,5,67,23.6,99,19.7,1014.4,1019.3,0,0,7,243,0
2023-09-08 07:24:20,5,67,23.6,99,19.4,1014.3,1019.2,0,0,7,243,0
2023-09-08 07:29:20,5,67,23.6,99,19.2,1014.3,1019.2,0.3,0.7,7,243,0
2023-09-08 07:34:20,5,68,23.6,98,19.1,1014.4,1019.3,0,0.3,7,243,0
2023-09-08 07:39:20,5,68,23.6,97,19.3,1014.3,1019.2,0.3,0.7,7,243,0
2023-09-08 07:44:20,5,68,23.6,96,20.2,1014.5,1019.4,0.3,0.7,7,243,0
2023-09-08 07:49:20,5,68,23.7,95,20.5,1014.5,1019.4,1,1.7,7,243,0
2023-09-08 07:54:20,5,68,23.7,94,20.8,1014.4,1019.3,1,1.4,7,243,0
2023-09-08 07:59:20,5,68,23.6,90,21,1014.4,1019.3,0.3,0.7,7,243,0
2023-09-08 08:04:20,5,68,23.6,88,21.1,1014.5,1019.4,0.7,1,2,243,0
2023-09-08 08:09:20,5,69,23.6,85,21.1,1014.5,1019.4,1,1.4,7,243,0
2023-09-08 08:14:20,5,69,23.6,84,21.5,1014.4,1019.3,0.3,0.7,,243,0
2023-09-08 08:19:20,5,70,23.6,83,22.2,1014.5,1019.4,0.7,1,14,243,0
2023-09-08 08:24:20,5,70,23.6,79,22.5,1014.6,1019.5,0.7,0.7,10,243,0
2023-09-08 08:29:20,5,71,23.6,76,23.1,1014.4,1019.3,1,1.4,,243,0
2023-09-08 08:34:20,5,71,23.6,76,23.9,1014.4,1019.3,0.3,0.7,7,243,0
2023-09-08 08:39:20,5,72,23.7,72,24.9,1014.3,1019.2,0,0,10,243,0
2023-09-08 08:44:20,5,72,23.8,71,26.1,1014.2,1019.1,0.3,0.7,10,243,0
2023-09-08 08:49:20,5,72,23.8,69,27.1,1014.2,1019.1,0.3,0.3,10,243,0
2023-09-08 08:54:20,5,72,23.8,65,27.1,1014.3,1019.2,0,0.3,10,243,0
2023-09-08 08:59:20,5,72,23.8,63,27.2,1014.2,1019.1,0.7,1,14,243,0
2023-09-08 09:04:20,5,72,23.8,63,26.3,1014.2,1019.1,0.7,1,0,243,0
2023-09-08 09:09:20,5,72,23.8,64,26.4,1014.2,1019.1,0.3,0.7,0,243,0
2023-09-08 09:14:20,5,72,23.9,62,26.3,1014.3,1019.2,0.7,1,0,243,0
2023-09-08 09:19:20,5,72,23.9,62,26.9,1014.3,1019.2,0,0,0,243,0
2023-09-08 09:24:20,5,72,23.9,58,27.7,1014.3,1019.2,0.7,1,14,243,0
2023-09-08 09:29:20,5,71,24,58,27.8,1014.4,1019.3,0,0,0,243,0
2023-09-08 09:34:20,5,71,24,56,28.5,1014.4,1019.3,0.3,1,0,243,0
2023-09-08 09:39:20,5,71,24.1,54,28,1014.4,1019.3,0.3,0.7,0,243,0
2023-09-08 09:44:20,5,71,24.1,56,27.8,1014.5,1019.4,1,1.4,8,243,0
2023-09-08 09:49:20,5,71,24.2,61,27.1,1014.4,1019.3,0.7,1,8,243,0
2023-09-08 09:54:28,5,71,24.2,61,26.7,1014.4,1019.3,0.7,1,8,243,0
2023-09-08 09:59:20,5,71,24.3,64,26.1,1014.6,1019.5,1,1.4,8,243,0
2023-09-08 10:04:20,5,71,24.4,63,26.1,1014.3,1019.2,1,1.4,8,243,0
2023-09-08 10:09:20,5,71,24.4,63,26.5,1014.4,1019.3,0.3,0.3,8,243,0
2023-09-08 10:14:20,5,71,24.5,63,26.3,1014.4,1019.3,1.4,1.7,10,243,0
2023-09-08 10:19:20,5,71,24.5,66,26,1014.6,1019.5,1,1.7,0,243,0
2023-09-08 10:24:20,5,71,24.5,65,26.2,1014.5,1019.4,0.3,0.7,0,243,0
2023-09-08 10:29:20,5,71,24.6,64,26.2,1014.4,1019.3,0.7,1,14,243,0
2023-09-08 10:34:20,5,71,24.7,63,26.3,1014.4,1019.3,1,1.7,,243,0
2023-09-08 10:39:20,5,71,24.7,64,26.7,1014.4,1019.3,0.7,1,14,243,0
2023-09-08 10:44:20,5,71,24.7,63,27,1014.3,1019.2,0.7,1,8,243,0
2023-09-08 10:49:20,5,71,24.7,62,26.7,1014.3,1019.2,0.7,1.4,10,243,0
2023-09-08 10:54:20,5,71,24.8,63,26.6,1014.4,1019.3,0.7,1,10,243,0
2023-09-08 10:59:20,5,71,24.8,63,27.2,1014.4,1019.3,0.7,1,10,243,0
2023-09-08 11:04:20,5,71,24.8,63,27.3,1014.4,1019.3,0.3,0.7,10,243,0
2023-09-08 11:09:20,5,71,24.8,63,27.4,1014.3,1019.2,0.3,0.7,10,243,0
2023-09-08 11:14:20,5,71,24.8,59,27.5,1014.2,1019.1,0.3,0.7,10,243,0
2023-09-08 11:19:20,5,71,24.8,58,27.9,1014.3,1019.2,0.3,0.7,10,243,0
2023-09-08 11:24:20,5,71,24.9,57,27.6,1014.2,1019.1,0.7,1,4,243,0
2023-09-08 11:29:20,5,71,24.9,58,27.7,1014.2,1019.1,0.7,1,4,243,0
2023-09-08 11:34:20,5,71,24.9,58,27.9,1014.1,1019,1.4,2,8,243,0
2023-09-08 11:39:20,5,71,24.9,61,27.4,1014,1018.9,0.3,0.7,,243,0
2023-09-08 11:44:20,5,71,24.9,62,27.4,1014.3,1019.2,1,1.4,8,243,0
2023-09-08 11:49:20,5,71,24.9,61,27.3,1014.2,1019.1,0.7,1,10,243,0
2023-09-08 11:54:20,5,71,24.9,61,27.3,1014.2,1019.1,1,1.7,8,243,0
2023-09-08 11:59:20,5,69,25,61,27.1,1014.2,1019.1,0.7,1,,243,0
2023-09-08 12:04:20,5,69,25,60,27.5,1014,1018.9,1,1.7,8,243,0
2023-09-08 12:09:20,5,69,25,62,27,1014.1,1019,1,2,10,243,0
2023-09-08 12:14:20,5,69,25,62,27.1,1014.2,1019.1,0.7,1,10,243,0
2023-09-08 12:19:20,5,69,25,59,27.6,1014,1018.9,0,0.7,2,243,0
2023-09-08 12:24:20,5,69,25,58,27.7,1014.1,1019,0.7,1,,243,0
2023-09-08 12:29:20,5,69,25,60,27.9,1014.1,1019,0,0.3,,243,0
2023-09-08 12:34:20,5,69,25,55,28.2,1014,1018.9,1,1.4,,243,0
2023-09-08 12:39:20,5,69,25,57,28,1013.9,1018.8,1,1.4,10,243,0
2023-09-08 12:44:20,5,69,25,60,28.2,1014,1018.9,0.7,1,14,243,0
2023-09-08 12:49:20,5,69,25,56,28.1,1013.9,1018.8,1,1.4,,243,0
2023-09-08 12:54:20,5,70,25,56,27.8,1014,1018.9,0.7,1.4,2,243,0
2023-09-08 12:59:20,5,70,25.1,57,27.8,1014,1018.9,1,1.4,10,243,0
2023-09-08 13:04:20,5,70,25.1,56,28.3,1013.8,1018.7,1.4,1.7,10,243,0
2023-09-08 13:09:20,5,70,25.2,56,28.5,1014,1018.9,0.3,0.7,4,243,0
2023-09-08 13:14:20,5,70,25.3,57,28.7,1013.8,1018.7,0.3,0.7,10,243,0
2023-09-08 13:19:20,5,70,25.3,54,28.6,1013.9,1018.8,0.7,1,10,243,0
2023-09-08 13:24:20,5,70,25.4,54,28.2,1013.7,1018.6,0.3,0.7,,243,0
2023-09-08 13:29:20,5,69,25.5,58,27.9,1013.7,1018.6,1,1.7,14,243,0
2023-09-08 13:34:20,5,69,25.5,53,28.9,1013.7,1018.6,0.3,0.7,,243,0
2023-09-08 13:39:20,5,69,25.6,54,30,1013.5,1018.4,1.4,1.7,0,243,0
2023-09-08 13:44:20,5,68,25.6,51,29.6,1013.7,1018.6,0.7,1,8,243,0
2023-09-08 13:49:20,5,69,25.7,53,28.8,1013.4,1018.3,1,1.4,0,243,0
2023-09-08 13:54:20,5,68,25.7,53,29.4,1013.4,1018.3,0.7,1,8,243,0
2023-09-08 13:59:20,5,68,25.8,53,29.7,1013.4,1018.3,0,0.7,10,243,0
2023-09-08 14:04:20,5,68,25.8,51,29.2,1013.4,1018.3,1,1.7,,243,0
2023-09-08 14:09:20,5,68,25.9,54,28.8,1013.4,1018.3,1.7,2.4,,243,0
2023-09-08 14:14:20,5,68,25.9,51,28.2,1013.3,1018.2,2.4,3.1,10,243,0
2023-09-08 14:19:20,5,67,25.9,51,28.1,1013.5,1018.4,1.7,2,8,243,0
2023-09-08 14:24:20,5,66,26,51,28.2,1013.4,1018.3,1,1.4,8,243,0
2023-09-08 14:29:20,5,66,26,51,28.3,1013.2,1018.1,1,1.4,,243,0
2023-09-08 14:34:20,5,66,26.1,51,28.2,1013.2,1018.1,1.7,2,8,243,0
2023-09-08 14:39:20,5,66,26.1,51,28,1013.4,1018.3,1.4,2,8,243,0
2023-09-08 14:44:20,5,65,26.1,52,27.8,1013.3,1018.2,1.4,2,10,243,0
2023-09-08 14:49:20,5,64,26.1,53,28.2,1013.1,1018,1.7,2,,243,0
2023-09-08 14:54:20,5,64,26.1,52,28.1,1013.1,1018,1,1.4,10,243,0
2023-09-08 14:59:20,5,64,26.1,52,28,1013.1,1018,1.4,2.4,10,243,0
2023-09-08 15:04:20,5,63,26.1,53,27.8,1013.2,1018.1,1,2,10,243,0
2023-09-08 15:09:20,5,63,26.1,54,27.5,1013.2,1018.1,1.7,2,10,243,0
2023-09-08 15:14:20,5,63,26.5,55,27.7,1013.2,1018.1,1,1.4,10,243,0
2023-09-08 15:19:20,5,63,26.4,53,27.9,1013.2,1018.1,1.7,2.7,10,243,0
2023-09-08 15:24:20,5,63,26.4,53,27.7,1013,1017.9,1.7,2.4,10,243,0
2023-09-08 15:29:20,5,63,26.4,57,27.4,1012.9,1017.8,2,2.7,8,243,0
2023-09-08 15:34:20,5,63,26.5,58,27.4,1013,1017.9,1,1.4,,243,0
2023-09-08 15:39:20,5,63,26.5,55,27.8,1012.9,1017.8,0.7,1,,243,0
2023-09-08 15:44:20,5,63,26.5,56,28,1012.9,1017.8,1,1.4,8,243,0
2023-09-08 15:49:20,5,63,26.6,54,27.9,1012.9,1017.8,1,1.4,10,243,0
2023-09-08 15:54:20,5,62,26.6,55,28,1012.9,1017.8,1,1.7,,243,0
2023-09-08 15:59:20,5,62,26.6,56,28.2,1012.8,1017.7,0.7,1,8,243,0
2023-09-08 16:04:20,5,62,26.6,54,28.1,1012.7,1017.6,1.4,2,,243,0
2023-09-08 16:09:20,5,62,26.7,55,28,1013,1017.9,1,1.7,8,243,0
2023-09-08 16:14:20,5,62,26.7,55,27.7,1013,1017.9,0.7,1,,243,0
2023-09-08 16:19:20,5,62,26.7,59,27.6,1013.1,1018,0.7,1,,243,0
2023-09-08 16:24:20,5,62,26.7,58,27.6,1012.9,1017.8,1,1.4,14,243,0
2023-09-08 16:29:20,5,62,26.7,60,27.3,1012.9,1017.8,1.4,1.7,14,243,0
2023-09-08 16:34:20,5,62,26.6,61,26.9,1013,1017.9,1,2,8,243,0
2023-09-08 16:39:20,5,61,26.6,61,26.8,1012.9,1017.8,0.7,1.4,14,243,0
2023-09-08 16:44:20,5,61,26.6,61,26.3,1013,1017.9,1.7,2.4,,243,0
2023-09-08 16:49:20,5,61,26.6,61,26.4,1013,1017.9,0.7,1,2,243,0
2023-09-08 16:54:20,5,60,26.5,60,26.6,1012.9,1017.8,1,1.7,,243,0
2023-09-08 16:59:20,5,60,26.5,60,26.1,1013,1017.9,0.7,1.4,,243,0
2023-09-08 17:04:20,5,60,26.5,61,26.1,1012.9,1017.8,0.3,0.7,14,243,0
2023-09-08 17:09:20,5,60,26.5,60,26.1,1012.9,1017.8,1,1.4,,243,0
2023-09-08 17:14:20,5,60,26.5,59,26,1013,1017.9,1,1.4,,243,0
2023-09-08 17:19:20,5,60,26.5,60,25.9,1013.1,1018,0.7,1,,243,0
2023-09-08 17:24:20,5,60,26.1,60,25.9,1013,1017.9,0.7,1,10,243,0
2023-09-08 17:29:20,5,60,26.1,61,25.9,1013.1,1018,0.3,0.7,10,243,0
2023-09-08 17:34:20,5,60,26.1,60,25.6,1013.1,1018,0.3,1,8,243,0
2023-09-08 17:39:20,5,60,26.1,62,24.6,1013.3,1018.2,0.3,0.7,10,243,0
2023-09-08 17:44:20,5,59,26.1,64,23.9,1013.3,1018.2,1,1.4,10,243,0
2023-09-08 17:49:20,5,59,26.1,65,23.5,1013.4,1018.3,0.7,1,10,243,0
2023-09-08 17:54:20,5,59,26.1,67,23.2,1013.3,1018.2,0.3,0.7,10,243,0
2023-09-08 17:59:20,5,59,26,68,23,1013.4,1018.3,0.3,1,10,243,0
2023-09-08 18:04:20,5,60,25.9,68,22.9,1013.2,1018.1,0.7,1,10,243,0
2023-09-08 18:09:20,5,60,25.9,68,22.8,1013.2,1018.1,1,1.4,10,243,0
2023-09-08 18:14:20,5,61,25.9,67,22.6,1013.5,1018.4,1,1.7,8,243,0
2023-09-08 18:19:20,5,61,25.8,67,22.5,1013.5,1018.4,0.7,1,10,243,0
2023-09-08 18:24:20,5,61,25.8,71,22.4,1013.4,1018.3,0.7,1.4,10,243,0
2023-09-08 18:29:20,5,61,25.8,71,22.4,1013.6,1018.5,0.7,1,10,243,0
2023-09-08 18:34:20,5,62,25.8,72,22.3,1013.7,1018.6,0.7,1,10,243,0
2023-09-08 18:39:20,5,62,25.8,72,22.1,1013.7,1018.6,0.3,1,,243,0
2023-09-08 18:44:20,5,61,25.8,72,21.8,1013.7,1018.6,1,1.4,10,243,0
2023-09-08 18:49:20,5,61,25.7,73,21.6,1013.8,1018.7,1,1.4,,243,0
2023-09-08 18:54:20,5,60,25.7,73,21.3,1013.9,1018.8,1,1.4,10,243,0
2023-09-08 18:59:20,5,60,25.6,74,21.1,1013.9,1018.8,0.3,1,,243,0
2023-09-08 19:04:20,5,60,25.6,74,20.8,1013.9,1018.8,0.7,1,10,243,0
2023-09-08 19:09:20,5,60,25.5,75,20.7,1014.1,1019,1.7,2.4,10,243,0
2023-09-08 19:14:20,5,60,25.4,76,20.5,1014.1,1019,0.7,1.4,10,243,0
2023-09-08 19:19:20,5,60,25.4,78,20.3,1014.3,1019.2,0.7,1,8,243,0
2023-09-08 19:24:20,5,60,25.3,78,20.1,1014.2,1019.1,1,1.7,8,243,0
2023-09-08 19:29:20,5,60,25.2,79,20,1014.4,1019.3,1.4,2,10,243,0
2023-09-08 19:34:20,5,60,25.2,80,19.7,1014.4,1019.3,1,1.7,10,243,0
2023-09-08 19:39:20,5,61,25.2,80,19.6,1014.3,1019.2,1.4,2,10,243,0
2023-09-08 19:44:20,5,61,25,81,19.5,1014.5,1019.4,1,1.4,8,243,0
2023-09-08 19:49:20,5,61,25,82,19.4,1014.6,1019.5,0.7,1,14,243,0
2023-09-08 19:54:20,5,61,25.1,82,19.3,1014.5,1019.4,1,1.4,8,243,0
2023-09-08 19:59:20,5,61,25,83,19.3,1014.5,1019.4,0.7,1.4,,243,0
2023-09-08 20:04:20,5,61,25,83,19.3,1014.6,1019.5,1,1.4,8,243,0
2023-09-08 20:09:20,5,61,25,84,19.3,1014.6,1019.5,0.7,1,8,243,0
2023-09-08 20:14:20,5,61,25,84,19.2,1014.6,1019.5,0.7,1,10,243,0
2023-09-08 20:19:20,5,61,25,84,19.1,1014.6,1019.5,1,1.4,10,243,0
2023-09-08 20:24:20,5,61,25,84,19.1,1014.6,1019.5,1,1.4,,243,0
2023-09-08 20:29:20,5,61,25,84,19,1014.7,1019.6,1,1.4,10,243,0
2023-09-08 20:34:20,5,63,24.9,84,18.8,1014.6,1019.5,0.7,1,8,243,0
2023-09-08 20:39:20,5,63,24.9,85,18.7,1014.6,1019.5,0.3,0.7,8,243,0
2023-09-08 20:44:20,5,63,24.9,85,18.6,1014.7,1019.6,0,0.3,8,243,0
2023-09-08 20:49:20,5,63,24.9,85,18.5,1014.6,1019.5,0.3,0.7,8,243,0
2023-09-08 20:54:20,5,63,24.9,85,18.3,1014.6,1019.5,0.3,0.7,8,243,0
2023-09-08 20:59:20,5,63,24.8,86,18.2,1014.5,1019.4,0.3,0.3,8,243,0
2023-09-08 21:04:20,5,63,24.8,86,18.1,1014.5,1019.4,0,0,8,243,0
2023-09-08 21:09:20,5,63,24.8,86,18,1014.4,1019.3,0,0,8,243,0
2023-09-08 21:14:20,5,63,24.9,86,18,1014.5,1019.4,0,0,8,243,0
2023-09-08 21:19:20,5,63,24.8,86,17.9,1014.4,1019.3,0.7,1,8,243,0
2023-09-08 21:24:20,5,63,24.8,86,17.8,1014.2,1019.1,0,0.3,8,243,0
2023-09-08 21:29:20,5,63,24.8,86,17.7,1014.2,1019.1,0.3,0.7,8,243,0
2023-09-08 21:34:20,5,63,24.8,87,17.7,1014.3,1019.2,0,0.3,8,243,0
2023-09-08 21:39:20,5,63,24.8,87,17.5,1014.3,1019.2,0,0,8,243,0
2023-09-08 21:44:20,5,63,24.8,90,17.4,1014.3,1019.2,0,0,8,243,0
2023-09-08 21:49:20,5,63,24.8,90,17.3,1014.3,1019.2,0,0,8,243,0
2023-09-08 21:54:20,5,63,24.8,90,17.3,1014.3,1019.2,0,0,8,243,0
2023-09-08 21:59:20,5,63,24.7,91,17.4,1014.3,1019.2,0,0,8,243,0
2023-09-08 22:04:20,5,63,24.7,91,17.4,1014.2,1019.1,0,0,8,243,0
2023-09-08 22:09:20,5,63,24.7,91,17.4,1014.2,1019.1,0,0,8,243,0
2023-09-08 22:14:20,5,63,24.7,91,17.4,1014.2,1019.1,0,0,8,243,0
2023-09-08 22:19:20,5,63,24.7,91,17.4,1014.2,1019.1,0,0,8,243,0
2023-09-08 22:24:20,5,63,24.7,91,17.3,1014.2,1019.1,0,0,8,243,0
2023-09-08 22:29:20,5,63,24.6,91,17.3,1014.3,1019.2,0,0,8,243,0
2023-09-08 22:34:20,5,63,24.6,91,17.2,1014.3,1019.2,0,0,8,243,0
2023-09-08 22:39:20,5,63,24.6,91,17.1,1014.3,1019.2,0,0,8,243,0
2023-09-08 22:44:20,5,63,24.6,91,17.1,1014.3,1019.2,0,0,8,243,0
2023-09-08 22:49:20,5,63,24.6,91,17.1,1014.2,1019.1,0,0,8,243,0
2023-09-08 22:54:20,5,63,24.6,91,17.1,1014.1,1019,0,0,8,243,0
2023-09-08 22:59:20,5,64,24.7,91,17.1,1014,1018.9,0,0,8,243,0
2023-09-08 23:04:20,5,64,24.7,91,17.1,1014.1,1019,0,0,8,243,0
2023-09-08 23:09:20,5,64,24.7,92,17.2,1014.1,1019,0,0,8,243,0
2023-09-08 23:14:20,5,64,24.6,92,17.1,1014.1,1019,0,0,8,243,0
2023-09-08 23:19:20,5,64,24.6,92,17,1014.1,1019,0,0,8,243,0
2023-09-08 23:24:20,5,64,24.6,92,17,1014.1,1019,0,0,8,243,0
2023-09-08 23:29:20,5,64,24.6,92,17,1014,1018.9,0,0,8,243,0
2023-09-08 23:34:20,5,64,24.6,92,17,1014,1018.9,0,0,8,243,0
2023-09-08 23:39:20,5,64,24.6,92,16.8,1014,1018.9,0,0,8,243,0
2023-09-08 23:44:20,5,64,24.6,92,16.7,1013.9,1018.8,0,0,8,243,0
2023-09-08 23:49:20,5,64,24.6,92,16.6,1014,1018.9,0,0,8,243,0
2023-09-08 23:54:20,5,64,24.6,92,16.5,1013.9,1018.8,0,0,8,243,0
2023-09-08 23:59:20,5,64,24.6,92,16.4,1013.8,1018.7,0,0,8,243,0
