2021-11-09 00:02:31,5,63,21,,,1013.6,1018.5,,,,686.7,64
2021-11-09 00:07:31,5,63,21,,,1013.5,1018.4,,,,686.7,64
2021-11-09 00:12:31,5,63,21,,,1013.4,1018.3,,,,686.7,64
2021-11-09 00:17:31,5,64,20.9,,,1013.5,1018.4,,,,686.7,64
2021-11-09 00:22:31,5,64,20.9,,,1013.5,1018.4,,,,686.7,64
2021-11-09 00:27:31,5,64,20.9,,,1013.4,1018.3,,,,686.7,64
2021-11-09 00:32:31,5,64,20.9,,,1013.2,1018.1,,,,686.7,64
2021-11-09 00:37:31,5,64,20.9,,,1013.4,1018.3,,,,686.7,64
2021-11-09 00:42:31,5,64,20.8,,,1013.4,1018.3,,,,686.7,64
2021-11-09 00:47:31,5,64,20.8,,,1013.3,1018.2,,,,686.7,64
2021-11-09 00:52:31,5,64,20.8,,,1013.1,1018,,,,686.7,64
2021-11-09 00:57:31,5,64,20.8,,,1013.3,1018.2,,,,686.7,64
2021-11-09 01:02:31,5,64,20.7,,,1013.2,1018.1,,,,686.7,64
2021-11-09 01:07:31,5,64,20.8,,,1013.1,1018,,,,686.7,64
2021-11-09 01:12:31,5,64,20.7,,,1013.1,1018,,,,686.7,64
2021-11-09 01:17:31,5,64,20.7,,,1013,1017.9,,,,686.7,64
2021-11-09 01:22:31,5,64,20.7,,,1013,1017.9,,,,686.7,64
2021-11-09 01:27:31,5,64,20.7,,,1013.1,1018,,,,686.7,64
2021-11-09 01:32:31,5,64,20.7,,,1012.9,1017.8,,,,686.7,64
2021-11-09 01:37:31,5,64,20.7,,,1013,1017.9,,,,686.7,64
2021-11-09 01:42:31,5,64,20.7,,,1013,1017.9,,,,686.7,64
2021-11-09 01:47:31,5,64,20.6,,,1012.9,1017.8,,,,686.7,64
2021-11-09 01:52:31,5,64,20.6,,,1012.9,1017.8,,,,686.7,64
2021-11-09 01:57:31,5,64,20.6,,,1012.9,1017.8,,,,686.7,64
2021-11-09 02:02:31,5,64,20.6,,,1012.9,1017.8,,,,686.7,64
2021-11-09 02:07:31,5,64,20.6,,,1012.9,1017.8,,,,686.7,64
2021-11-09 02:12:31,5,64,20.6,,,1012.9,1017.8,,,,686.7,64
2021-11-09 02:17:31,5,64,20.6,,,1013,1017.9,,,,686.7,64
2021-11-09 02:22:31,5,64,20.6,,,1012.9,1017.8,,,,686.7,64
2021-11-09 02:27:31,5,64,20.6,,,1012.9,1017.8,,,,686.7,64
2021-11-09 02:32:31,5,64,20.6,,,1012.7,1017.6,,,,686.7,64
2021-11-09 02:37:31,5,64,20.6,,,1012.7,1017.6,,,,686.7,64
2021-11-09 02:42:31,5,64,20.5,,,1012.7,1017.6,,,,686.7,64
2021-11-09 02:47:31,5,64,20.5,,,1012.7,1017.6,,,,686.7,64
2021-11-09 02:52:31,5,64,20.5,,,1012.8,1017.7,,,,686.7,64
2021-11-09 02:57:31,5,64,20.5,,,1012.7,1017.6,,,,686.7,64
2021-11-09 03:02:31,5,64,20.5,,,1012.7,1017.6,,,,686.7,64
2021-11-09 03:07:31,5,64,20.5,,,1012.7,1017.6,,,,686.7,64
2021-11-09 03:12:31,5,64,20.4,,,1012.7,1017.6,,,,686.7,64
2021-11-09 03:17:31,5,64,20.5,,,1012.8,1017.7,,,,686.7,64
2021-11-09 03:22:31,5,64,20.5,,,1012.8,1017.7,,,,686.7,64
2021-11-09 03:27:31,5,64,20.5,,,1012.8,1017.7,,,,686.7,64
2021-11-09 03:32:31,5,64,20.5,,,1012.9,1017.8,,,,686.7,64
2021-11-09 03:37:31,5,64,20.4,,,1012.7,1017.6,,,,686.7,64
2021-11-09 03:42:31,5,64,20.5,,,1013,1017.9,,,,686.7,64
2021-11-09 03:47:31,5,64,20.4,,,1012.9,1017.8,,,,686.7,64
2021-11-09 03:52:31,5,64,20.4,,,1012.9,1017.8,,,,686.7,64
2021-11-09 03:57:31,5,64,20.5,,,1012.8,1017.7,,,,686.7,64
2021-11-09 04:02:31,5,64,20.4,,,1012.9,1017.8,,,,686.7,64
2021-11-09 04:07:31,5,64,20.4,,,1012.9,1017.8,,,,686.7,64
2021-11-09 04:12:31,5,64,20.4,,,1013.1,1018,,,,686.7,64
2021-11-09 04:17:31,5,64,20.4,,,1012.8,1017.7,,,,686.7,64
2021-11-09 04:22:31,5,64,20.4,,,1013,1017.9,,,,686.7,64
2021-11-09 04:27:31,5,64,20.4,,,1013.1,1018,,,,686.7,64
2021-11-09 04:32:31,5,64,20.4,,,1013.1,1018,,,,686.7,64
2021-11-09 04:37:31,5,64,20.4,,,1013.4,1018.3,,,,686.7,64
2021-11-09 04:43:31,6,64,20.4,,,1013.3,1018.2,,,,686.7,64
2021-11-09 04:48:31,5,64,20.4,,,1013.5,1018.4,,,,686.7,64
2021-11-09 04:53:31,5,64,20.4,,,1013.5,1018.4,,,,686.7,64
2021-11-09 04:58:30,5,64,20.4,,,1013.4,1018.3,,,,686.7,64
2021-11-09 05:03:30,5,64,20.3,,,1013.6,1018.5,,,,686.7,64
2021-11-09 05:08:30,5,64,20.3,,,1013.6,1018.5,,,,686.7,64
2021-11-09 05:13:30,5,64,20.3,,,1013.8,1018.7,,,,686.7,64
2021-11-09 05:19:30,6,64,20.3,,,1013.8,1018.7,,,,686.7,64
2021-11-09 05:24:30,5,64,20.3,,,1013.8,1018.7,,,,686.7,64
2021-11-09 05:29:30,5,64,20.3,,,1013.9,1018.8,,,,686.7,64
2021-11-09 05:34:30,5,64,20.3,,,1013.8,1018.7,,,,686.7,64
2021-11-09 05:39:30,5,64,20.3,,,1014.1,1019,,,,686.7,64
2021-11-09 05:44:30,5,64,20.3,,,1014.1,1019,,,,686.7,64
2021-11-09 05:49:30,5,64,20.3,,,1014,1018.9,,,,686.7,64
2021-11-09 05:54:30,5,64,20.3,,,1014.3,1019.2,,,,686.7,64
2021-11-09 05:59:30,5,64,20.3,,,1014.4,1019.3,,,,686.7,64
2021-11-09 06:04:30,5,64,20.2,,,1014.4,1019.3,,,,686.7,64
2021-11-09 06:09:30,5,64,20.2,,,1014.6,1019.5,,,,686.7,64
2021-11-09 06:14:30,5,64,20.2,,,1014.4,1019.3,,,,686.7,64
2021-11-09 06:19:30,5,63,20.2,,,1014.4,1019.3,,,,686.7,64
2021-11-09 06:24:30,5,63,20.2,,,1014.5,1019.4,,,,686.7,64
2021-11-09 06:29:30,5,63,20.2,,,1014.7,1019.6,,,,686.7,64
2021-11-09 06:34:30,5,63,20.2,,,1014.6,1019.5,,,,686.7,64
2021-11-09 06:39:30,5,63,20.1,,,1014.6,1019.5,,,,686.7,64
2021-11-09 06:44:30,5,63,20.1,,,1014.7,1019.6,,,,686.7,64
2021-11-09 06:49:30,5,63,20.1,,,1014.7,1019.6,,,,686.7,64
2021-11-09 06:54:30,5,63,20.1,,,1014.7,1019.6,,,,686.7,64
2021-11-09 06:59:30,5,63,20.1,,,1014.6,1019.5,,,,686.7,64
2021-11-09 07:04:30,5,63,20.1,,,1014.8,1019.7,,,,686.7,64
2021-11-09 07:09:30,5,63,20.1,,,1014.9,1019.8,,,,686.7,64
2021-11-09 07:14:30,5,63,20.1,,,1015.2,1020.1,,,,686.7,64
2021-11-09 07:19:30,5,63,20.1,,,1015.1,1020,,,,686.7,64
2021-11-09 07:24:30,5,63,20.1,,,1015.1,1020,,,,686.7,64
2021-11-09 07:29:30,5,63,20.1,,,1015.2,1020.1,,,,686.7,64
2021-11-09 07:34:30,5,63,20.1,,,1015.4,1020.3,,,,686.7,64
2021-11-09 07:39:30,5,63,20.1,,,1015.4,1020.3,,,,686.7,64
2021-11-09 07:44:30,5,63,20.1,,,1015.5,1020.4,,,,686.7,64
2021-11-09 07:49:30,5,63,20.1,,,1015.5,1020.4,,,,686.7,64
2021-11-09 07:54:30,5,63,20.1,,,1015.6,1020.5,,,,686.7,64
2021-11-09 07:59:30,5,63,20.1,,,1015.6,1020.5,,,,686.7,64
2021-11-09 08:04:30,5,63,20.1,,,1015.7,1020.6,,,,686.7,64
2021-11-09 08:09:30,5,63,20.1,,,1015.5,1020.4,,,,686.7,64
2021-11-09 08:14:30,5,63,20,,,1015.8,1020.7,,,,686.7,64
2021-11-09 08:19:30,5,63,20.1,,,1015.9,1020.8,,,,686.7,64
2021-11-09 08:24:30,5,63,20,,,1015.9,1020.8,,,,686.7,64
2021-11-09 08:29:30,5,63,20,,,1016,1020.9,,,,686.7,64
2021-11-09 08:34:30,5,63,20,,,1016.1,1021,,,,686.7,64
2021-11-09 08:39:30,5,63,20,,,1015.9,1020.8,,,,686.7,64
2021-11-09 08:44:30,5,63,20,,,1016,1020.9,,,,686.7,64
2021-11-09 08:49:30,5,63,20,,,1015.9,1020.8,,,,686.7,64
2021-11-09 08:54:30,5,63,20,,,1016.1,1021,,,,686.7,64
2021-11-09 08:59:30,5,63,20,,,1016.2,1021.1,,,,686.7,64
2021-11-09 09:04:30,5,63,20,,,1016.3,1021.2,,,,686.7,64
2021-11-09 09:09:30,5,63,20,,,1016.5,1021.4,,,,686.7,64
2021-11-09 09:14:30,5,63,20,,,1016.6,1021.5,,,,686.7,64
2021-11-09 09:19:30,5,63,20.1,,,1016.5,1021.4,,,,686.7,64
2021-11-09 09:24:30,5,64,20.1,,,1016.6,1021.5,,,,686.7,64
2021-11-09 09:29:30,5,64,20.2,,,1016.5,1021.4,,,,686.7,64
2021-11-09 09:34:30,5,64,20.2,,,1016.3,1021.2,,,,686.7,64
2021-11-09 09:39:30,5,64,20.3,,,1016.4,1021.3,,,,686.7,64
2021-11-09 09:44:30,5,64,20.4,,,1016.4,1021.3,,,,686.7,64
2021-11-09 09:49:30,5,64,20.4,,,1016.5,1021.4,,,,686.7,64
2021-11-09 09:54:30,5,64,20.4,,,1016.6,1021.5,,,,686.7,64
2021-11-09 09:59:30,5,64,20.4,,,1016.5,1021.4,,,,686.7,64
2021-11-09 10:04:30,5,65,20.5,,,1016.6,1021.5,,,,686.7,64
2021-11-09 10:09:30,5,65,20.5,,,1016.4,1021.3,,,,686.7,64
2021-11-09 10:14:30,5,65,20.7,,,1016.8,1021.7,,,,686.7,64
2021-11-09 10:19:30,5,65,20.7,,,1016.7,1021.6,,,,686.7,64
2021-11-09 10:24:30,5,65,20.8,,,1016.7,1021.6,,,,686.7,64
2021-11-09 10:29:30,5,65,20.9,,,1016.7,1021.6,,,,686.7,64
2021-11-09 10:34:30,5,65,20.9,,,1016.4,1021.3,,,,686.7,64
2021-11-09 10:39:30,5,64,21,,,1016.6,1021.5,,,,686.7,64
2021-11-09 10:44:30,5,64,21,,,1016.4,1021.3,,,,686.7,64
2021-11-09 10:49:30,5,64,21.1,,,1016.6,1021.5,,,,686.7,64
2021-11-09 10:54:30,5,64,21.1,,,1016.9,1021.8,,,,686.7,64
2021-11-09 10:59:30,5,64,21.1,,,1016.6,1021.5,,,,686.7,64
2021-11-09 11:04:30,5,64,21.1,,,1016.7,1021.6,,,,686.7,64
2021-11-09 11:09:30,5,64,21.1,,,1016.6,1021.5,,,,686.7,64
2021-11-09 11:14:30,5,64,21.1,,,1016.7,1021.6,,,,686.7,64
2021-11-09 11:19:30,5,64,21.1,,,1016.8,1021.7,,,,686.7,64
2021-11-09 11:24:30,5,64,21.1,87,11.9,1016.9,1021.8,2,2.4,10,686.7,0
2021-11-09 11:29:30,5,63,21.1,87,12,1016.9,1021.8,1.4,1.7,10,686.7,0
2021-11-09 11:34:30,5,63,21.1,87,12,1016.6,1021.5,1.7,2.4,10,686.7,0
2021-11-09 11:39:30,5,63,21.1,87,11.9,1016.5,1021.4,1.7,2.4,10,686.7,0
2021-11-09 11:44:30,5,63,21.1,87,11.9,1016.5,1021.4,1.4,1.7,10,686.7,0
2021-11-09 11:49:30,5,63,21.4,87,12.2,1016.6,1021.5,1.7,2,12,686.7,0
2021-11-09 11:54:30,5,63,21.4,87,12.4,1016.6,1021.5,2.4,3.1,10,686.7,0
2021-11-09 11:59:30,5,63,21.4,86,12.4,1016.7,1021.6,3.1,3.7,10,686.7,0
2021-11-09 12:04:30,5,63,21.4,85,12.4,1016.5,1021.4,2.7,3.1,10,686.7,0
2021-11-09 12:09:30,5,63,21.4,81,12.5,1016.4,1021.3,3.1,3.7,10,686.7,0
2021-11-09 12:14:30,5,63,21.4,81,12.8,1016.3,1021.2,1.4,2,12,686.7,0
2021-11-09 12:19:30,5,63,21.4,81,13,1016.4,1021.3,2.4,3.1,10,686.7,0
2021-11-09 12:24:30,5,63,21.4,80,13.1,1016.5,1021.4,1.7,2,12,686.7,0
2021-11-09 12:29:30,5,63,21.4,79,13.2,1016.7,1021.6,2.4,3.1,10,686.7,0
2021-11-09 12:34:30,5,63,21.5,77,13.2,1016.4,1021.3,2.7,3.7,12,686.7,0
2021-11-09 12:39:30,5,63,21.5,77,13.5,1016.7,1021.6,3.4,4.1,10,686.7,0
2021-11-09 12:44:30,5,63,21.5,76,13.6,1016.4,1021.3,3.7,4.1,11,686.7,0
2021-11-09 12:49:30,5,63,21.5,75,13.5,1016.5,1021.4,3.4,4.4,10,686.7,0
2021-11-09 12:54:30,5,63,21.5,73,12.9,1016.5,1021.4,2.4,3.7,12,686.7,0
2021-11-09 12:59:30,5,63,21.6,75,12.6,1016.4,1021.3,1.4,2,12,686.7,0
2021-11-09 13:04:30,5,63,21.6,80,12.4,1016.5,1021.4,2,2.7,10,686.7,0
2021-11-09 13:09:30,5,62,21.6,80,12.3,1016.2,1021.1,1.7,2.4,7,686.7,0
2021-11-09 13:14:30,5,62,21.5,76,12.5,1016.4,1021.3,2,3.1,12,686.7,0
2021-11-09 13:19:30,5,62,21.5,75,12.5,1016.3,1021.2,2,2.7,10,686.7,0
2021-11-09 13:24:30,5,62,21.4,76,12.2,1016.2,1021.1,1.7,2,10,686.7,0
2021-11-09 13:29:30,5,62,21.4,76,12,1016.2,1021.1,2,2.7,12,686.7,0
2021-11-09 13:34:30,5,62,21.4,76,11.9,1016.2,1021.1,1,1.7,10,686.7,0
2021-11-09 13:39:30,5,62,21.4,78,12.2,1016.1,1021,1.4,1.7,12,686.7,0
2021-11-09 13:44:30,5,63,21.4,75,12.9,1016.1,1021,2,2.7,12,686.7,0
2021-11-09 13:49:30,5,63,21.4,74,13.2,1016.3,1021.2,2.4,2.7,10,686.7,0
2021-11-09 13:54:30,5,63,21.4,72,12.8,1016.3,1021.2,2.7,3.4,10,686.7,0
2021-11-09 13:59:30,5,63,21.4,74,12.4,1016.3,1021.2,1.7,2.4,12,686.7,0
2021-11-09 14:04:30,5,63,21.4,75,12.2,1016.3,1021.2,1.7,2.4,12,686.7,0
2021-11-09 14:09:30,5,63,21.5,76,12.2,1016.3,1021.2,1.4,1.7,12,686.7,0
2021-11-09 14:14:30,5,63,21.5,77,12.1,1016.4,1021.3,1.4,2,12,686.7,0
2021-11-09 14:19:30,5,63,21.5,77,12,1016.3,1021.2,1,1.7,10,686.7,0
2021-11-09 14:24:30,5,63,21.5,78,12,1016.3,1021.2,1.4,2,12,686.7,0
2021-11-09 14:29:30,5,63,21.5,78,12.4,1016.2,1021.1,2,2.7,12,686.7,0
2021-11-09 14:34:30,5,63,21.6,74,12.8,1016.4,1021.3,2,2.7,10,686.7,0
2021-11-09 14:39:30,5,63,21.6,73,12.8,1016.2,1021.1,1.7,2.4,12,686.7,0
2021-11-09 14:44:30,5,63,21.7,72,13.2,1016.2,1021.1,2.4,2.7,12,686.7,0
2021-11-09 14:49:30,5,62,21.8,71,13.3,1016.3,1021.2,2.4,2.7,12,686.7,0
2021-11-09 14:54:30,5,62,21.8,71,13.5,1016.3,1021.2,1.4,2,10,686.7,0
2021-11-09 14:59:30,5,62,21.7,70,13.7,1016.2,1021.1,2.7,3.7,12,686.7,0
2021-11-09 15:04:30,5,62,21.7,70,13.7,1016,1020.9,2,2.7,12,686.7,0
2021-11-09 15:09:30,5,62,21.8,70,13.6,1016.4,1021.3,2,2.7,12,686.7,0
2021-11-09 15:14:30,5,62,21.8,70,13.5,1016.3,1021.2,1.7,2.4,12,686.7,0
2021-11-09 15:19:30,5,62,21.8,70,13.3,1016.5,1021.4,1.4,2,0,686.7,0
2021-11-09 15:24:30,5,62,21.8,70,13.1,1016.4,1021.3,1.7,2.4,10,686.7,0
2021-11-09 15:29:30,5,62,21.8,70,12.5,1016.4,1021.3,2,2.4,10,686.7,0
2021-11-09 15:34:30,5,62,21.8,74,12.2,1016.5,1021.4,1.4,1.7,10,686.7,0
2021-11-09 15:39:30,5,62,21.8,75,12.1,1016.4,1021.3,1,1.4,10,686.7,0
2021-11-09 15:44:30,5,62,21.9,76,12.1,1016.5,1021.4,1.7,2.4,12,686.7,0
2021-11-09 15:49:30,5,62,21.9,76,11.9,1016.5,1021.4,1.4,1.7,10,686.7,0
2021-11-09 15:54:30,5,62,21.9,77,11.6,1016.3,1021.2,1.4,1.7,10,686.7,0
2021-11-09 15:59:30,5,62,21.9,78,11.4,1016.3,1021.2,1,1.7,10,686.7,0
2021-11-09 16:04:30,5,62,21.9,79,11.3,1016.6,1021.5,1,1.4,12,686.7,0
2021-11-09 16:09:30,5,62,21.9,80,11.2,1016.6,1021.5,0.7,1.4,10,686.7,0
2021-11-09 16:14:30,5,63,21.9,80,11.1,1016.5,1021.4,0.7,1,10,686.7,0
2021-11-09 16:19:30,5,63,21.9,80,10.9,1016.6,1021.5,0.3,0.7,10,686.7,0
2021-11-09 16:24:30,5,62,21.9,81,10.7,1016.7,1021.6,0.7,1,10,686.7,0
2021-11-09 16:29:30,5,62,21.9,81,10.6,1016.5,1021.4,0.7,1,10,686.7,0
2021-11-09 16:34:30,5,62,21.9,82,10.6,1016.6,1021.5,0.7,1,10,686.7,0
2021-11-09 16:39:30,5,62,21.9,82,10.6,1016.6,1021.5,0.7,1.4,8,686.7,0
2021-11-09 16:44:30,5,62,21.9,83,10.6,1016.5,1021.4,1.4,2,10,686.7,0
2021-11-09 16:49:30,5,62,21.9,84,10.6,1016.5,1021.4,1,1.7,10,686.7,0
2021-11-09 16:54:30,5,62,21.9,84,10.6,1016.7,1021.6,1,1.4,10,686.7,0
2021-11-09 16:59:30,5,62,21.8,84,10.6,1016.7,1021.6,1.4,2,10,686.7,0
2021-11-09 17:04:30,5,61,21.8,85,10.6,1016.7,1021.6,1.4,1.7,10,686.7,0
2021-11-09 17:09:30,5,61,21.7,85,10.5,1016.7,1021.6,1.4,1.7,10,686.7,0
2021-11-09 17:14:30,5,61,21.7,86,10.5,1016.7,1021.6,1.4,1.7,10,686.7,0
2021-11-09 17:19:30,5,61,21.6,86,10.5,1016.7,1021.6,1.4,2,10,686.7,0
2021-11-09 17:24:30,5,61,21.5,87,10.5,1016.9,1021.8,1.4,1.7,12,686.7,0
2021-11-09 17:29:30,5,61,21.4,87,10.4,1016.8,1021.7,1.4,1.7,10,686.7,0
2021-11-09 17:34:30,5,61,21.4,87,10.4,1016.9,1021.8,1.4,1.7,10,686.7,0
2021-11-09 17:39:30,5,60,21.2,88,10.4,1016.7,1021.6,1.4,1.7,10,686.7,0
2021-11-09 17:44:30,5,60,21.1,88,10.3,1016.9,1021.8,1.4,2,10,686.7,0
2021-11-09 17:49:30,5,60,21.1,88,10.3,1016.9,1021.8,1.4,1.7,10,686.7,0
2021-11-09 17:54:30,5,60,21.1,88,10.2,1016.9,1021.8,1.4,1.7,8,686.7,0
2021-11-09 17:59:30,5,59,21.1,88,10.2,1016.8,1021.7,1,1.4,12,686.7,0
2021-11-09 18:04:30,5,59,21,88,10.1,1017,1021.9,1.4,1.7,10,686.7,0
2021-11-09 18:09:30,5,60,21,88,10,1017.1,1022,1.4,2,10,686.7,0
2021-11-09 18:14:30,5,60,21,88,10.1,1017,1021.9,1.7,2.4,10,686.7,0
2021-11-09 18:19:30,5,61,20.9,89,10.1,1017.1,1022,1.4,1.7,10,686.7,0
2021-11-09 18:24:30,5,62,20.9,89,10.1,1017,1021.9,1.4,2,10,686.7,0
2021-11-09 18:29:30,5,63,20.9,89,10,1017.2,1022.1,1,1.4,10,686.7,0
2021-11-09 18:34:30,5,64,20.9,89,10,1017.2,1022.1,1,1.4,10,686.7,0
2021-11-09 18:39:30,5,66,20.9,90,10,1017.3,1022.2,1.4,2,10,686.7,0
2021-11-09 18:44:30,5,66,20.9,90,10,1017.3,1022.2,1,1.4,10,686.7,0
2021-11-09 18:49:30,5,67,20.9,90,10.2,1017.2,1022.1,1.4,1.7,8,686.7,0
2021-11-09 18:54:30,5,67,20.9,90,10.2,1017.2,1022.1,1,1.4,10,686.7,0
2021-11-09 18:59:30,5,68,20.9,90,10.3,1017.2,1022.1,1.4,1.7,10,686.7,0
2021-11-09 19:04:30,5,68,20.9,90,10.2,1017.4,1022.3,1.7,2,10,686.7,0
2021-11-09 19:09:30,5,68,20.9,90,10.2,1017.5,1022.4,1,1.7,10,686.7,0
2021-11-09 19:14:30,5,68,20.9,90,10.1,1017.5,1022.4,1,1.4,10,686.7,0
2021-11-09 19:19:30,5,69,20.9,90,10.1,1017.6,1022.5,1,1.4,8,686.7,0
2021-11-09 19:24:30,5,69,20.9,90,10.2,1017.5,1022.4,1.7,2.4,10,686.7,0
2021-11-09 19:29:30,5,68,21,90,10.2,1017.4,1022.3,1,1.4,10,686.7,0
2021-11-09 19:34:30,5,68,21,90,10.2,1017.4,1022.3,1,1.4,10,686.7,0
2021-11-09 19:39:30,5,68,21.1,90,10.2,1017.5,1022.4,1,1.4,10,686.7,0
2021-11-09 19:44:30,5,68,21.1,90,10.3,1017.3,1022.2,1,1.4,10,686.7,0
2021-11-09 19:49:30,5,68,21.1,90,10.3,1017.4,1022.3,1,1.4,10,686.7,0
2021-11-09 19:54:30,5,67,21.1,90,10.2,1017.5,1022.4,0.3,0.7,10,686.7,0
2021-11-09 19:59:30,5,67,21.1,90,10.2,1017.5,1022.4,1,1.4,10,686.7,0
2021-11-09 20:04:30,5,67,21.1,90,10.1,1017.3,1022.2,0.7,1,10,686.7,0
2021-11-09 20:09:30,5,67,21.2,90,10.1,1017.3,1022.2,0.3,0.7,8,686.7,0
2021-11-09 20:14:30,5,67,21.4,90,10.1,1017.4,1022.3,0.3,0.7,10,686.7,0
2021-11-09 20:19:30,5,67,21.4,90,10.3,1017.6,1022.5,1.4,2,10,686.7,0
2021-11-09 20:24:30,5,67,21.4,91,10.5,1017.5,1022.4,1,1.7,10,686.7,0
2021-11-09 20:29:30,5,67,21.4,91,10.6,1017.4,1022.3,2,2.4,10,686.7,0
2021-11-09 20:34:30,5,67,21.5,91,10.8,1017.6,1022.5,2.4,3.1,10,686.7,0
2021-11-09 20:39:30,5,67,21.5,91,10.8,1017.7,1022.6,1.7,2.4,10,686.7,0
2021-11-09 20:44:30,5,66,21.6,91,10.8,1017.7,1022.6,2.4,3.1,10,686.7,0
2021-11-09 20:49:30,5,66,21.6,91,10.7,1017.8,1022.7,2,2.4,10,686.7,0
2021-11-09 20:54:30,5,66,21.7,92,10.6,1017.6,1022.5,2.4,3.4,12,686.7,0
2021-11-09 20:59:30,5,66,21.8,92,10.5,1017.6,1022.5,1.7,2,10,686.7,0
2021-11-09 21:04:30,5,66,21.8,92,10.4,1017.7,1022.6,1.7,2.7,12,686.7,0
2021-11-09 21:09:30,5,66,21.8,93,10.3,1017.8,1022.7,1.4,2.4,10,686.7,0
2021-11-09 21:14:30,5,66,21.8,93,10.3,1017.5,1022.4,2,2.7,12,686.7,0
2021-11-09 21:19:30,5,66,21.9,94,10.2,1017.8,1022.7,1,1.4,12,686.7,0
2021-11-09 21:24:30,5,66,21.9,94,10.2,1017.8,1022.7,1.7,2.4,12,686.7,0
2021-11-09 21:29:30,5,66,21.9,94,10.2,1017.9,1022.8,1,1.4,10,686.7,0
2021-11-09 21:34:30,5,66,21.9,95,10.2,1017.9,1022.8,1,1.4,10,686.7,0
2021-11-09 21:39:30,5,66,21.9,95,10.2,1018,1022.9,1,1.4,12,686.7,0
2021-11-09 21:44:30,5,66,21.9,95,10.2,1018,1022.9,1.7,2.4,10,686.7,0
2021-11-09 21:49:30,5,65,21.9,95,10.2,1018,1022.9,1.4,1.7,10,686.7,0
2021-11-09 21:54:30,5,65,21.9,96,10.1,1018.2,1023.1,1,1.4,10,686.7,0
2021-11-09 21:59:30,5,65,21.8,96,10.1,1018.1,1023,0.7,1,10,686.7,0
2021-11-09 22:04:30,5,65,21.8,96,10,1018.2,1023.1,1,1.4,10,686.7,0
2021-11-09 22:09:30,5,65,21.8,96,10,1018.2,1023.1,1,1.4,10,686.7,0
2021-11-09 22:14:30,5,65,21.7,,,1018.1,1023,,,,686.7,64
2021-11-09 22:19:30,5,65,21.6,,,1018.2,1023.1,,,,686.7,64
2021-11-09 22:24:30,5,65,21.6,,,1018.3,1023.2,,,,686.7,64
2021-11-09 22:29:30,5,65,21.5,,,1018.2,1023.1,,,,686.7,64
2021-11-09 22:34:30,5,65,21.4,,,1018.3,1023.2,,,,686.7,64
2021-11-09 22:39:30,5,65,21.4,,,1018.3,1023.2,,,,686.7,64
2021-11-09 22:44:30,5,65,21.4,,,1018.4,1023.3,,,,686.7,64
2021-11-09 22:49:30,5,65,21.4,,,1018.4,1023.3,,,,686.7,64
2021-11-09 22:54:30,5,65,21.4,,,1018.3,1023.2,,,,686.7,64
2021-11-09 22:59:30,5,65,21.4,,,1018.3,1023.2,,,,686.7,64
2021-11-09 23:04:30,5,65,21.4,,,1018.4,1023.3,,,,686.7,64
2021-11-09 23:09:30,5,64,21.2,,,1018.4,1023.3,,,,686.7,64
2021-11-09 23:14:30,5,64,21.2,,,1018.4,1023.3,,,,686.7,64
2021-11-09 23:19:30,5,64,21.1,,,1018.4,1023.3,,,,686.7,64
2021-11-09 23:24:30,5,64,21.2,,,1018.7,1023.6,,,,686.7,64
2021-11-09 23:29:30,5,64,21.1,,,1018.6,1023.5,,,,686.7,64
2021-11-09 23:34:30,5,64,21.1,,,1018.7,1023.6,,,,686.7,64
2021-11-09 23:39:30,5,64,21.2,,,1018.7,1023.6,,,,686.7,64
2021-11-09 23:44:30,5,64,21.1,,,1018.7,1023.6,,,,686.7,64
2021-11-09 23:49:30,5,64,21.1,,,1019,1023.9,,,,686.7,64
2021-11-09 23:54:30,5,65,21.1,,,1018.8,1023.7,,,,686.7,64
2021-11-09 23:59:30,5,65,21.1,,,1019,1023.9,,,,686.7,64
