2016-10-08 00:02:06,5,64,19.4,77,9,1019.7,1024.6,2,2.7,12,371.7,0
2016-10-08 00:07:06,5,65,19.4,78,8.9,1019.7,1024.6,1.7,2.4,8,371.7,0
2016-10-08 00:12:06,5,65,19.4,78,8.9,1019.8,1024.7,1.7,2.4,4,371.7,0
2016-10-08 00:17:06,5,65,19.4,78,8.9,1019.9,1024.8,1.4,2.4,4,371.7,0
2016-10-08 00:22:06,5,65,19.4,78,8.9,1019.8,1024.7,2,3.1,4,371.7,0
2016-10-08 00:27:06,5,65,19.4,78,8.9,1019.8,1024.7,1.7,3.4,4,371.7,0
2016-10-08 00:32:06,5,65,19.4,78,8.9,1019.9,1024.8,1.7,2.4,4,371.7,0
2016-10-08 00:37:06,5,65,19.4,78,8.8,1019.8,1024.7,1.4,1.7,4,371.7,0
2016-10-08 00:42:06,5,65,19.4,78,8.7,1019.9,1024.8,1,1.4,4,371.7,0
2016-10-08 00:47:06,5,65,19.3,78,8.5,1020.1,1025,1,1.4,4,371.7,0
2016-10-08 00:52:06,5,65,19.3,78,8.3,1020.1,1025,1,1.4,14,371.7,0
2016-10-08 00:57:06,5,65,19.4,78,8.1,1020,1024.9,1.4,2,4,371.7,0
2016-10-08 01:02:06,5,65,19.3,78,8,1020.1,1025,1,1.7,4,371.7,0
2016-10-08 01:07:06,5,65,19.3,79,7.8,1020.1,1025,0.7,1,4,371.7,0
2016-10-08 01:12:06,5,65,19.4,79,7.5,1020.1,1025,0.3,0.7,4,371.7,0
2016-10-08 01:17:06,5,65,19.3,79,7.6,1020.3,1025.2,0.7,1.4,0,371.7,0
2016-10-08 01:22:06,5,65,19.3,79,7.7,1020.2,1025.1,0.3,1,2,371.7,0
2016-10-08 01:27:06,5,65,19.3,79,7.7,1020.3,1025.2,1,1.7,2,371.7,0
2016-10-08 01:32:06,5,65,19.4,79,7.7,1020.2,1025.1,0.7,1.4,4,371.7,0
2016-10-08 01:37:06,5,65,19.3,79,7.4,1020.2,1025.1,1.4,2,4,371.7,0
2016-10-08 01:42:06,5,65,19.3,79,7.6,1020.3,1025.2,0.7,1.4,2,371.7,0
2016-10-08 01:47:06,5,65,19.3,79,7.8,1020.2,1025.1,1,1.4,4,371.7,0
2016-10-08 01:52:06,5,65,19.3,78,8,1020.3,1025.2,2.4,3.1,2,371.7,0
2016-10-08 01:57:06,5,65,19.3,78,8.2,1020.3,1025.2,2,2.7,4,371.7,0
2016-10-08 02:02:06,5,65,19.3,78,8.4,1020.3,1025.2,1,1.7,4,371.7,0
2016-10-08 02:07:06,5,65,19.3,79,8.5,1020.2,1025.1,1.7,2,12,371.7,0
2016-10-08 02:12:06,5,65,19.3,79,8.6,1020.3,1025.2,1.4,2.4,4,371.7,0
2016-10-08 02:17:06,5,65,19.3,79,8.7,1020.3,1025.2,1,1.7,4,371.7,0
2016-10-08 02:22:06,5,65,19.3,79,8.7,1020.3,1025.2,1.7,2,4,371.7,0
2016-10-08 02:27:06,5,65,19.3,79,8.6,1020.1,1025,1,1.4,4,371.7,0
2016-10-08 02:32:06,5,65,19.3,79,8.5,1020.3,1025.2,1.4,2,4,371.7,0
2016-10-08 02:37:06,5,65,19.3,79,8.4,1020.2,1025.1,1.4,2.4,4,371.7,0
2016-10-08 02:42:06,5,65,19.3,79,8.6,1020.3,1025.2,1.7,2,4,371.7,0
2016-10-08 02:47:06,5,65,19.3,79,8.6,1020.1,1025,1.4,2,4,371.7,0
2016-10-08 02:52:06,5,65,19.3,79,8.5,1020.3,1025.2,1.4,2,4,371.7,0
2016-10-08 02:57:06,5,65,19.3,79,8.5,1020.2,1025.1,1.7,2.4,4,371.7,0
2016-10-08 03:02:06,5,65,19.3,79,8.5,1020.3,1025.2,1.4,2,4,371.7,0
2016-10-08 03:07:06,5,65,19.3,79,8.5,1020.3,1025.2,1.7,2,4,371.7,0
2016-10-08 03:12:06,5,65,19.3,79,8.4,1020.3,1025.2,1.4,2.4,2,371.7,0
2016-10-08 03:17:06,5,65,19.3,79,8.5,1020.3,1025.2,1.7,2.4,4,371.7,0
2016-10-08 03:22:06,5,65,19.3,79,8.5,1020.3,1025.2,1.7,3.1,2,371.7,0
2016-10-08 03:27:06,5,65,19.3,79,8.5,1020.3,1025.2,2,2.4,4,371.7,0
2016-10-08 03:32:06,5,66,19.3,79,8.5,1020.3,1025.2,2,3.1,4,371.7,0
2016-10-08 03:37:06,5,66,19.3,79,8.6,1020.4,1025.3,2.4,3.4,4,371.7,0
2016-10-08 03:42:06,5,66,19.3,79,8.6,1020.4,1025.3,1.7,2.7,4,371.7,0
2016-10-08 03:47:06,5,66,19.3,79,8.6,1020.4,1025.3,2,2.7,4,371.7,0
2016-10-08 03:52:06,5,66,19.3,79,8.6,1020.4,1025.3,2,2.7,4,371.7,0
2016-10-08 03:57:06,5,66,19.3,79,8.7,1020.4,1025.3,2,3.4,4,371.7,0
2016-10-08 04:02:06,5,66,19.3,79,8.7,1020.4,1025.3,1.4,1.7,3,371.7,0
2016-10-08 04:07:06,5,66,19.3,79,8.7,1020.5,1025.4,2,3.1,4,371.7,0
2016-10-08 04:12:06,5,66,19.3,79,8.7,1020.6,1025.5,2,2.7,4,371.7,0
2016-10-08 04:17:06,5,66,19.3,79,8.7,1020.5,1025.4,2.4,3.4,4,371.7,0
2016-10-08 04:22:06,5,66,19.3,79,8.8,1020.5,1025.4,2,3.4,4,371.7,0
2016-10-08 04:27:06,5,66,19.3,79,8.8,1020.7,1025.6,2.4,3.1,4,371.7,0
2016-10-08 04:32:06,5,66,19.3,79,8.8,1020.7,1025.6,2.7,3.4,4,371.7,0
2016-10-08 04:37:06,5,66,19.3,79,8.8,1020.7,1025.6,2,2.7,4,371.7,0
2016-10-08 04:42:06,5,66,19.3,79,8.8,1020.7,1025.6,1.7,2.7,4,371.7,0
2016-10-08 04:47:06,5,66,19.3,79,8.8,1020.9,1025.8,1.7,2.7,14,371.7,0
2016-10-08 04:52:06,5,66,19.3,79,8.8,1020.8,1025.7,1.7,2.7,4,371.7,0
2016-10-08 04:57:06,5,66,19.3,79,8.8,1021,1025.9,1.4,2.4,4,371.7,0
2016-10-08 05:02:06,5,66,19.2,79,8.7,1021,1025.9,2,2.7,4,371.7,0
2016-10-08 05:07:06,5,66,19.2,79,8.6,1021,1025.9,1.7,2.4,4,371.7,0
2016-10-08 05:12:06,5,66,19.2,79,8.4,1021,1025.9,2,2.7,14,371.7,0
2016-10-08 05:17:06,5,66,19.3,79,8.3,1021,1025.9,1.7,2.4,4,371.7,0
2016-10-08 05:22:06,5,66,19.2,79,8.1,1021.1,1026,1.4,2.4,4,371.7,0
2016-10-08 05:27:06,5,66,19.2,80,7.9,1021.4,1026.3,1,1.4,4,371.7,0
2016-10-08 05:32:06,5,66,19.2,80,7.8,1021.2,1026.1,1.4,2.4,0,371.7,0
2016-10-08 05:37:06,5,66,19.2,80,7.6,1021.3,1026.2,1.7,2,4,371.7,0
2016-10-08 05:42:06,5,66,19.2,79,7.5,1021.2,1026.1,1.7,2,4,371.7,0
2016-10-08 05:47:06,5,66,19.2,79,7.4,1021.3,1026.2,1.4,1.7,2,371.7,0
2016-10-08 05:52:06,5,66,19.2,79,7.4,1021.2,1026.1,1.4,2,4,371.7,0
2016-10-08 05:57:06,5,66,19.2,79,7.4,1021.3,1026.2,1,1.7,4,371.7,0
2016-10-08 06:02:06,5,66,19.2,79,7.3,1021.3,1026.2,0.7,1,4,371.7,0
2016-10-08 06:07:06,5,66,19.2,79,7.2,1021.4,1026.3,1,1.7,2,371.7,0
2016-10-08 06:12:06,5,66,19.2,79,7.2,1021.4,1026.3,0.7,1.4,0,371.7,0
2016-10-08 06:17:06,5,66,19.2,79,7.2,1021.5,1026.4,0.7,1,4,371.7,0
2016-10-08 06:22:06,5,66,19.2,79,7.1,1021.5,1026.4,0.7,1,0,371.7,0
2016-10-08 06:27:06,5,66,19.2,79,7.2,1021.7,1026.6,0.3,1,2,371.7,0
2016-10-08 06:32:06,5,66,19.2,79,7.2,1021.7,1026.6,0.7,1,4,371.7,0
2016-10-08 06:37:06,5,66,19.1,80,7.3,1021.7,1026.6,0.3,0.7,2,371.7,0
2016-10-08 06:42:06,5,66,19.1,80,7.4,1021.8,1026.7,0.3,0.7,4,371.7,0
2016-10-08 06:47:06,5,66,19.1,80,7.5,1021.9,1026.8,0.3,0.7,2,371.7,0
2016-10-08 06:52:06,5,66,19.1,80,7.6,1021.9,1026.8,0.3,0.7,2,371.7,0
2016-10-08 06:57:06,5,66,19.1,80,7.6,1022,1026.9,0,0,0,371.7,0
2016-10-08 07:02:06,5,66,19.1,80,7.7,1022,1026.9,0.3,0.7,2,371.7,0
2016-10-08 07:07:06,5,66,19.1,80,7.8,1022,1026.9,0.7,1,2,371.7,0
2016-10-08 07:12:06,5,66,19.1,80,7.9,1022.1,1027,0.3,1,0,371.7,0
2016-10-08 07:17:06,5,66,19.1,79,8.1,1022.2,1027.1,0.3,1,2,371.7,0
2016-10-08 07:22:06,5,66,19.1,79,8.4,1022.1,1027,0,0.3,2,371.7,0
2016-10-08 07:27:06,5,66,19.1,78,9,1022.2,1027.1,0.7,1.4,4,371.7,0
2016-10-08 07:32:06,5,66,19,78,9.1,1022.2,1027.1,2,2.7,4,371.7,0
2016-10-08 07:37:06,5,66,19,78,9,1022.4,1027.3,2,3.1,4,371.7,0
2016-10-08 07:42:06,5,66,19.1,78,9.1,1022.2,1027.1,3.1,4.1,4,371.7,0
2016-10-08 07:47:06,5,66,19,78,9.2,1022.3,1027.2,2.7,3.7,4,371.7,0
2016-10-08 07:52:06,5,66,19.1,78,9.2,1022.3,1027.2,3.1,4.4,8,371.7,0
2016-10-08 07:57:06,5,66,19.1,78,9.3,1022.4,1027.3,2.7,3.4,4,371.7,0
2016-10-08 08:02:06,5,65,19.1,78,9.3,1022.5,1027.4,2.7,4.1,4,371.7,0
2016-10-08 08:07:06,5,63,19.1,78,9.4,1022.7,1027.6,1.7,2.7,4,371.7,0
2016-10-08 08:12:06,5,62,19.1,78,9.5,1022.7,1027.6,2,2.7,4,371.7,0
2016-10-08 08:17:06,5,63,19,78,9.6,1022.7,1027.6,2,3.1,4,371.7,0
2016-10-08 08:22:06,5,65,18.9,78,9.7,1022.7,1027.6,1.7,2.7,2,371.7,0
2016-10-08 08:27:06,5,65,18.9,78,9.7,1022.6,1027.5,2.4,3.4,4,371.7,0
2016-10-08 08:32:06,5,66,18.9,78,9.7,1022.7,1027.6,2.4,3.4,4,371.7,0
2016-10-08 08:37:06,5,65,19,78,9.9,1022.9,1027.8,2.4,2.7,4,371.7,0
2016-10-08 08:42:06,5,65,19,77,10,1022.7,1027.6,2,3.4,4,371.7,0
2016-10-08 08:47:06,5,66,19,77,10,1022.8,1027.7,2.4,3.7,2,371.7,0
2016-10-08 08:52:06,5,66,19,78,9.9,1022.9,1027.8,1.7,2.7,4,371.7,0
2016-10-08 08:57:06,5,66,19,77,10,1023,1027.9,1.4,2.4,15,371.7,0
2016-10-08 09:02:06,5,66,19.1,77,10,1023,1027.9,2,3.4,4,371.7,0
2016-10-08 09:07:06,5,66,19.1,77,10,1023.1,1028,2,2.7,4,371.7,0
2016-10-08 09:12:06,5,66,19.1,77,10,1023.2,1028.1,1.4,1.7,4,371.7,0
2016-10-08 09:17:06,5,66,19.1,77,10.1,1023.1,1028,2.4,3.4,4,371.7,0
2016-10-08 09:22:06,5,67,19.1,78,10.3,1023.4,1028.3,1.4,2.7,12,371.7,0
2016-10-08 09:27:06,5,67,19.2,78,10.4,1023.4,1028.3,2.4,3.1,2,371.7,0
2016-10-08 09:32:06,5,67,19.2,77,10.3,1023.4,1028.3,2.7,3.7,4,371.7,0
2016-10-08 09:37:06,5,67,19.2,77,10.3,1023.3,1028.2,2.7,3.7,4,371.7,0
2016-10-08 09:42:06,5,67,19.2,78,10.5,1023.4,1028.3,1.7,2.4,4,371.7,0
2016-10-08 09:47:06,5,67,19.2,78,10.6,1023.4,1028.3,2.4,3.4,4,371.7,0
2016-10-08 09:52:06,5,67,19.2,78,10.8,1023.7,1028.6,2.4,3.4,12,371.7,0
2016-10-08 09:57:06,5,67,19.3,78,10.8,1023.5,1028.4,2.7,3.4,2,371.7,0
2016-10-08 10:02:06,5,67,19.3,78,10.9,1023.5,1028.4,1.7,3.7,4,371.7,0
2016-10-08 10:07:06,5,68,19.3,77,11.1,1023.7,1028.6,2,3.1,2,371.7,0
2016-10-08 10:12:06,5,68,19.4,77,11.2,1023.6,1028.5,2.4,3.1,4,371.7,0
2016-10-08 10:17:06,5,68,19.4,77,11.4,1023.6,1028.5,2,3.4,4,371.7,0
2016-10-08 10:22:06,5,68,19.4,77,11.6,1023.7,1028.6,2.7,4.1,4,371.7,0
2016-10-08 10:27:06,5,68,19.4,77,11.8,1023.6,1028.5,2.7,3.7,4,371.7,0
2016-10-08 10:32:06,5,68,19.4,76,11.9,1023.7,1028.6,3.1,4.4,4,371.7,0
2016-10-08 10:37:06,5,68,19.5,75,12.1,1023.6,1028.5,2.4,3.7,4,371.7,0
2016-10-08 10:42:06,5,68,19.5,75,12.2,1023.7,1028.6,2.7,3.7,4,371.7,0
2016-10-08 10:47:06,5,67,19.5,74,12.3,1023.7,1028.6,2,3.4,2,371.7,0
2016-10-08 10:52:06,5,67,19.5,74,12.6,1023.8,1028.7,2,3.1,4,371.7,0
2016-10-08 10:57:06,5,67,19.6,74,12.8,1023.9,1028.8,1.4,2,4,371.7,0
2016-10-08 11:02:06,5,67,19.6,74,13.1,1023.9,1028.8,1,1.7,14,371.7,0
2016-10-08 11:07:06,5,67,19.6,74,13.3,1023.9,1028.8,0.3,1,2,371.7,0
2016-10-08 11:12:06,5,67,19.6,74,13.7,1023.8,1028.7,1,1.7,4,371.7,0
2016-10-08 11:17:06,5,65,19.6,72,13.7,1024,1028.9,1.7,2.4,4,371.7,0
2016-10-08 11:22:06,5,64,19.5,72,13.8,1024,1028.9,1.4,2.7,4,371.7,0
2016-10-08 11:27:06,5,63,19.5,71,13.8,1023.9,1028.8,1.7,2,4,371.7,0
2016-10-08 11:32:06,5,63,19.5,71,13.9,1024.1,1029,1.7,2,4,371.7,0
2016-10-08 11:37:06,5,63,19.4,70,13.8,1024.1,1029,1.7,2.4,12,371.7,0
2016-10-08 11:42:06,5,63,19.4,70,13.9,1024.1,1029,1.4,2,4,371.7,0
2016-10-08 11:47:06,5,64,19.4,69,14.1,1024,1028.9,1.4,2.4,4,371.7,0
2016-10-08 11:52:06,5,64,19.4,69,14.2,1024.2,1029.1,2,2.4,4,371.7,0
2016-10-08 11:57:06,5,65,19.4,68,14.2,1024.1,1029,2,3.4,2,371.7,0
2016-10-08 12:02:06,5,66,19.4,67,14.3,1024.1,1029,1,1.7,2,371.7,0
2016-10-08 12:07:06,5,66,19.5,67,14.5,1024,1028.9,1,1.7,2,371.7,0
2016-10-08 12:12:06,5,67,19.5,66,14.5,1023.9,1028.8,2.4,3.1,4,371.7,0
2016-10-08 12:17:06,5,67,19.5,66,14.6,1024,1028.9,0.7,2,4,371.7,0
2016-10-08 12:22:06,5,68,19.6,66,14.6,1024.1,1029,1.4,2,2,371.7,0
2016-10-08 12:27:06,5,68,19.6,66,14.9,1024.1,1029,0.3,1.4,10,371.7,0
2016-10-08 12:32:06,5,66,19.6,64,15.2,1024.2,1029.1,0.7,1.4,8,371.7,0
2016-10-08 12:37:06,5,64,19.6,63,15.4,1024.1,1029,0.3,0.7,2,371.7,0
2016-10-08 12:42:06,5,62,19.6,63,15.9,1024.2,1029.1,0.3,0.7,12,371.7,0
2016-10-08 12:47:06,5,62,19.6,61,16.2,1024.1,1029,0.3,0.7,10,371.7,0
2016-10-08 12:52:06,5,63,19.6,59,16.4,1024.3,1029.2,0.7,1,0,371.7,0
2016-10-08 12:57:06,5,64,19.6,59,16.6,1024.2,1029.1,0.7,1.4,9,371.7,0
2016-10-08 13:02:06,5,65,19.6,57,16.8,1024.2,1029.1,0.7,2,10,371.7,0
2016-10-08 13:07:06,5,65,19.7,54,16.6,1024.2,1029.1,1,1.7,10,371.7,0
2016-10-08 13:12:06,5,66,19.7,55,16.7,1024.1,1029,0.7,1,10,371.7,0
2016-10-08 13:17:06,5,66,19.8,54,17.1,1024.1,1029,1,2.4,10,371.7,0
2016-10-08 13:22:06,5,67,19.8,53,17.1,1024.2,1029.1,0.7,1.4,8,371.7,0
2016-10-08 13:27:06,5,67,19.9,54,16.8,1024.2,1029.1,1,2,10,371.7,0
2016-10-08 13:32:06,5,67,19.9,55,16.8,1024.3,1029.2,1,1.7,13,371.7,0
2016-10-08 13:37:06,5,67,19.9,54,16.6,1024.2,1029.1,0.7,1.7,10,371.7,0
2016-10-08 13:42:06,5,68,19.9,55,16.5,1024.3,1029.2,0.7,1.4,8,371.7,0
2016-10-08 13:47:06,5,67,20,55,16.5,1024.2,1029.1,1.4,2,8,371.7,0
2016-10-08 13:52:06,5,67,20,55,16.4,1024.1,1029,0.3,1,4,371.7,0
2016-10-08 13:57:06,5,67,20,55,16.6,1024.2,1029.1,0.7,1.7,2,371.7,0
2016-10-08 14:02:06,5,67,20.1,55,16.9,1024.3,1029.2,2,3.1,4,371.7,0
2016-10-08 14:07:06,5,67,20.1,55,16.8,1024.2,1029.1,0.7,2,14,371.7,0
2016-10-08 14:12:06,5,67,20.1,54,16.8,1024.2,1029.1,1,1.4,8,371.7,0
2016-10-08 14:17:06,5,67,20.2,56,16.5,1024.2,1029.1,1,2,9,371.7,0
2016-10-08 14:22:06,5,67,20.2,56,16.4,1024.1,1029,1.4,2.7,10,371.7,0
2016-10-08 14:27:06,5,67,20.2,56,16.5,1024.1,1029,1,2.4,3,371.7,0
2016-10-08 14:32:06,5,67,20.2,56,16.9,1024.1,1029,0.7,1,10,371.7,0
2016-10-08 14:37:06,5,67,20.3,55,16.7,1024.1,1029,1.4,2.7,2,371.7,0
2016-10-08 14:42:06,5,67,20.3,56,16.7,1024,1028.9,1,2,14,371.7,0
2016-10-08 14:47:06,5,67,20.3,56,16.9,1024,1028.9,0.7,1,4,371.7,0
2016-10-08 14:52:06,5,67,20.4,54,17.1,1024,1028.9,0.7,1,8,371.7,0
2016-10-08 14:57:06,5,67,20.4,54,17.1,1023.9,1028.8,1.4,2.4,10,371.7,0
2016-10-08 15:02:06,5,68,20.5,55,16.5,1024.2,1029.1,0.7,1.4,10,371.7,0
2016-10-08 15:07:06,5,69,20.5,56,16.2,1024.2,1029.1,1.4,3.4,10,371.7,0
2016-10-08 15:12:06,5,69,20.6,58,15.9,1024.1,1029,0.7,1.7,10,371.7,0
2016-10-08 15:17:06,5,69,20.6,59,15.9,1024.2,1029.1,0.3,1.4,10,371.7,0
2016-10-08 15:22:06,5,69,20.6,58,16.2,1024.1,1029,0.3,1.4,10,371.7,0
2016-10-08 15:27:06,5,70,20.6,57,16.4,1024.1,1029,1,1.7,8,371.7,0
2016-10-08 15:32:06,5,70,20.6,57,16.3,1024.4,1029.3,0.7,1.4,8,371.7,0
2016-10-08 15:37:06,5,69,20.6,57,16.3,1024.2,1029.1,0.7,1,8,371.7,0
2016-10-08 15:42:06,5,68,20.6,57,16.5,1024.1,1029,0,0.3,15,371.7,0
2016-10-08 15:47:06,5,69,20.7,57,16.5,1024,1028.9,0.7,2,4,371.7,0
2016-10-08 15:52:06,5,69,20.7,57,16.5,1024,1028.9,0,0.7,4,371.7,0
2016-10-08 15:57:06,5,69,20.7,57,16.6,1024.1,1029,0.7,1.4,0,371.7,0
2016-10-08 16:02:06,5,69,20.7,57,16.3,1024.1,1029,0,0.7,2,371.7,0
2016-10-08 16:07:06,5,63,20.7,57,16.5,1024,1028.9,0,0.7,10,371.7,0
2016-10-08 16:12:06,5,61,20.6,57,16.4,1024.1,1029,0.3,0.7,10,371.7,0
2016-10-08 16:17:06,5,60,20.6,58,16.3,1024.2,1029.1,0,0.3,2,371.7,0
2016-10-08 16:22:06,5,61,20.5,58,16.1,1024.4,1029.3,0.3,0.3,8,371.7,0
2016-10-08 16:27:06,5,62,20.5,60,15.9,1024.2,1029.1,0,0.7,8,371.7,0
2016-10-08 16:32:06,5,63,20.5,61,15.8,1024.3,1029.2,0,0,4,371.7,0
2016-10-08 16:37:06,5,64,20.5,61,15.7,1024.3,1029.2,0,0.3,14,371.7,0
2016-10-08 16:42:06,5,64,20.5,61,15.5,1024.3,1029.2,0,0.3,14,371.7,0
2016-10-08 16:47:06,5,64,20.5,61,15.3,1024.4,1029.3,0,0,14,371.7,0
2016-10-08 16:52:06,5,65,20.5,61,15.1,1024.4,1029.3,0,0,14,371.7,0
2016-10-08 16:57:06,5,62,20.4,62,14.9,1024.5,1029.4,0,0.3,14,371.7,0
2016-10-08 17:02:06,5,60,20.4,63,14.6,1024.7,1029.6,0,0,14,371.7,0
2016-10-08 17:07:06,5,60,20.3,63,14.3,1024.6,1029.5,0,0,14,371.7,0
2016-10-08 17:12:06,5,60,20.2,63,14.1,1024.8,1029.7,0,0,14,371.7,0
2016-10-08 17:17:06,5,60,20.2,65,13.8,1024.7,1029.6,0,0,14,371.7,0
2016-10-08 17:22:06,5,59,20.1,65,13.6,1024.6,1029.5,0,0,14,371.7,0
2016-10-08 17:27:06,5,60,19.9,65,13.3,1024.8,1029.7,0,0,14,371.7,0
2016-10-08 17:32:06,5,61,19.9,65,13.1,1024.7,1029.6,0,0,14,371.7,0
2016-10-08 17:37:06,5,62,19.9,65,12.9,1024.9,1029.8,0,0,14,371.7,0
2016-10-08 17:42:06,5,62,19.9,66,12.8,1024.8,1029.7,0,0,4,371.7,0
2016-10-08 17:47:06,5,63,19.8,67,12.6,1024.8,1029.7,0,0,4,371.7,0
2016-10-08 17:52:06,5,63,19.8,67,12.5,1024.8,1029.7,0,0,4,371.7,0
2016-10-08 17:57:06,5,64,19.9,68,12.4,1024.9,1029.8,0.3,1,4,371.7,0
2016-10-08 18:02:06,5,64,19.9,68,12.2,1024.9,1029.8,0.3,0.3,4,371.7,0
2016-10-08 18:07:06,5,64,19.9,69,12.2,1024.9,1029.8,0,0,4,371.7,0
2016-10-08 18:12:06,5,64,19.9,69,12.1,1025,1029.9,0,0,4,371.7,0
2016-10-08 18:17:06,5,64,19.9,69,12,1025,1029.9,0,0,4,371.7,0
2016-10-08 18:22:06,5,65,19.9,70,12,1025,1029.9,0,0,4,371.7,0
2016-10-08 18:27:06,5,65,19.9,70,12,1025,1029.9,0,0,4,371.7,0
2016-10-08 18:32:06,5,65,19.9,71,11.8,1025.1,1030,0,0,4,371.7,0
2016-10-08 18:37:06,5,65,19.9,71,11.7,1025,1029.9,0,0,,371.7,0
2016-10-08 18:42:06,5,65,19.9,71,11.5,1025,1029.9,0,0,,371.7,0
2016-10-08 18:47:06,5,66,19.9,72,11.4,1025.2,1030.1,0,0,,371.7,0
2016-10-08 18:52:06,5,66,19.9,72,11.4,1025.2,1030.1,0,0,,371.7,0
2016-10-08 18:57:06,5,66,19.9,72,11.5,1025.2,1030.1,0.3,1,8,371.7,0
2016-10-08 19:02:06,5,66,19.9,72,11.9,1025.1,1030,1,1.7,12,371.7,0
2016-10-08 19:07:06,5,66,19.9,72,12.1,1025.4,1030.3,1.4,2,12,371.7,0
2016-10-08 19:12:06,5,67,19.9,72,12.1,1025.2,1030.1,1.7,2,14,371.7,0
2016-10-08 19:17:06,5,67,19.8,72,12.1,1025.4,1030.3,1,1.7,14,371.7,0
2016-10-08 19:22:06,5,67,19.9,72,12,1025.2,1030.1,1,2,12,371.7,0
2016-10-08 19:27:06,5,67,19.9,72,12,1025.4,1030.3,0.7,1.4,12,371.7,0
2016-10-08 19:32:06,5,67,19.9,73,12,1025.4,1030.3,1,1.7,14,371.7,0
2016-10-08 19:37:06,5,67,19.9,73,12,1025.5,1030.4,0.7,1.4,14,371.7,0
2016-10-08 19:42:06,5,67,19.9,73,12,1025.5,1030.4,0,0.7,14,371.7,0
2016-10-08 19:47:06,5,68,19.9,74,11.9,1025.5,1030.4,0.3,1,14,371.7,0
2016-10-08 19:52:06,5,68,19.9,74,11.8,1025.8,1030.7,0,0.3,14,371.7,0
2016-10-08 19:57:06,5,68,19.9,74,11.8,1025.6,1030.5,0,0,14,371.7,0
2016-10-08 20:02:06,5,68,19.9,74,11.8,1025.6,1030.5,0,0.3,14,371.7,0
2016-10-08 20:07:06,5,68,19.9,74,11.7,1025.7,1030.6,0.3,0.7,14,371.7,0
2016-10-08 20:12:06,5,68,19.9,74,11.7,1025.6,1030.5,0,0,14,371.7,0
2016-10-08 20:17:06,5,68,19.9,74,11.6,1025.8,1030.7,0,0,14,371.7,0
2016-10-08 20:22:06,5,69,19.9,74,11.5,1025.7,1030.6,0,0,14,371.7,0
2016-10-08 20:27:06,5,69,19.9,74,11.4,1025.7,1030.6,0,0,14,371.7,0
2016-10-08 20:32:06,5,69,19.9,74,11.4,1025.7,1030.6,0,0.3,4,371.7,0
2016-10-08 20:37:06,5,69,19.9,74,11.4,1025.8,1030.7,0,0.3,4,371.7,0
2016-10-08 20:42:06,5,69,19.9,74,11.3,1025.7,1030.6,0,0,4,371.7,0
2016-10-08 20:47:06,5,69,19.9,74,11.2,1025.8,1030.7,0,0,4,371.7,0
2016-10-08 20:52:06,5,69,19.9,74,11.2,1025.8,1030.7,0,0.3,4,371.7,0
2016-10-08 20:57:06,5,70,19.9,74,11.2,1025.8,1030.7,0,0,4,371.7,0
2016-10-08 21:02:06,5,69,20,74,11.2,1025.7,1030.6,0,0,4,371.7,0
2016-10-08 21:07:06,5,69,20,74,11.2,1025.9,1030.8,0,0,4,371.7,0
2016-10-08 21:12:06,5,69,20,74,11.1,1025.8,1030.7,0,0,4,371.7,0
2016-10-08 21:17:06,5,69,20,74,11.1,1025.8,1030.7,0,0,4,371.7,0
2016-10-08 21:22:06,5,69,20,74,11.1,1025.9,1030.8,0,0,4,371.7,0
2016-10-08 21:27:06,5,69,20,74,11,1025.9,1030.8,0,0,4,371.7,0
2016-10-08 21:32:06,5,70,20,74,11,1026,1030.9,0,0,4,371.7,0
2016-10-08 21:37:06,5,70,20,74,11,1026,1030.9,0,0,4,371.7,0
2016-10-08 21:42:06,5,70,20,74,11.1,1025.9,1030.8,0,0,4,371.7,0
2016-10-08 21:47:06,5,69,20,74,11.1,1026,1030.9,0,0,4,371.7,0
2016-10-08 21:52:06,5,69,20,74,11.1,1025.9,1030.8,0.3,0.7,4,371.7,0
2016-10-08 21:57:06,5,69,20,74,11,1026,1030.9,0.3,0.7,3,371.7,0
2016-10-08 22:02:06,5,69,20,75,10.8,1026,1030.9,0,0,4,371.7,0
2016-10-08 22:07:06,5,69,20,75,10.9,1026.1,1031,0,0.3,12,371.7,0
2016-10-08 22:12:06,5,69,20,75,11,1026,1030.9,0,0,12,371.7,0
2016-10-08 22:17:06,5,69,20,75,11.1,1026.3,1031.2,0,0.3,2,371.7,0
2016-10-08 22:22:06,5,69,20,75,11.1,1026.1,1031,0,0,2,371.7,0
2016-10-08 22:27:06,5,69,20,75,11.1,1026,1030.9,0,0,2,371.7,0
2016-10-08 22:32:06,5,69,20,75,11.2,1026.1,1031,0,0.7,2,371.7,0
2016-10-08 22:37:06,5,69,20,75,11.2,1026,1030.9,0,0.3,2,371.7,0
2016-10-08 22:42:06,5,69,20,75,11.2,1026,1030.9,0,0,,371.7,0
2016-10-08 22:47:06,5,69,20,75,11.1,1026,1030.9,0,0.3,4,371.7,0
2016-10-08 22:52:06,5,69,20,75,11.1,1026.1,1031,0.3,0.7,8,371.7,0
2016-10-08 22:57:06,5,69,20,75,11.1,1026,1030.9,0,0.3,8,371.7,0
2016-10-08 23:02:06,5,69,20,75,11.1,1025.9,1030.8,0,0.3,8,371.7,0
2016-10-08 23:07:06,5,69,20,75,11.2,1026,1030.9,0,0,8,371.7,0
2016-10-08 23:12:06,5,70,20,75,11.2,1026.2,1031.1,0,0,2,371.7,0
2016-10-08 23:17:06,5,69,20,75,11.2,1026.1,1031,0,0,2,371.7,0
2016-10-08 23:22:06,5,69,20,75,11.3,1025.9,1030.8,0,0,4,371.7,0
2016-10-08 23:27:06,5,70,20,75,11.3,1026.1,1031,0,0,4,371.7,0
2016-10-08 23:32:06,5,70,20,75,11.3,1025.9,1030.8,0.3,0.7,4,371.7,0
2016-10-08 23:37:06,5,70,20,75,11.3,1026.1,1031,0,0.3,4,371.7,0
2016-10-08 23:42:06,5,70,20,75,11.2,1026,1030.9,0,0,4,371.7,0
2016-10-08 23:47:06,5,70,20,75,11.2,1026.1,1031,0,0,4,371.7,0
2016-10-08 23:52:06,5,70,20,75,11.2,1026.1,1031,0,0,4,371.7,0
2016-10-08 23:57:06,5,70,20,75,11.2,1026.1,1031,0,0,4,371.7,0
