2016-10-12 00:02:05,5,65,19.9,77,5,1018.6,1023.5,0,0,4,372,0
2016-10-12 00:07:05,5,65,19.9,77,5.2,1018.6,1023.5,0,0.3,4,372,0
2016-10-12 00:12:05,5,65,19.9,77,5.3,1018.7,1023.6,0,0.3,4,372,0
2016-10-12 00:17:05,5,65,19.9,77,5.3,1018.6,1023.5,0,0.3,4,372,0
2016-10-12 00:22:05,5,65,19.9,77,5.2,1018.6,1023.5,0,0,4,372,0
2016-10-12 00:27:05,5,65,19.8,78,5.2,1018.5,1023.4,0,0,4,372,0
2016-10-12 00:32:05,5,65,19.8,78,5.2,1018.6,1023.5,0,0.3,4,372,0
2016-10-12 00:37:05,5,65,19.8,78,5.4,1018.4,1023.3,0,0.3,4,372,0
2016-10-12 00:42:05,5,65,19.8,78,5.5,1018.4,1023.3,0,0.3,2,372,0
2016-10-12 00:47:05,5,65,19.8,78,5.4,1018.4,1023.3,0,0.3,2,372,0
2016-10-12 00:52:05,5,65,19.8,78,5.4,1018.3,1023.2,0,0.3,4,372,0
2016-10-12 00:57:05,5,65,19.7,78,5.4,1018.4,1023.3,0,0,4,372,0
2016-10-12 01:02:05,5,65,19.7,77,5,1018.4,1023.3,0,0,4,372,0
2016-10-12 01:07:05,5,65,19.7,78,4.4,1018.4,1023.3,0,0,4,372,0
2016-10-12 01:12:05,5,65,19.7,78,4.3,1018.4,1023.3,0,0,4,372,0
2016-10-12 01:17:05,5,64,19.7,78,4.2,1018.4,1023.3,0,0,4,372,0
2016-10-12 01:22:05,5,64,19.7,78,4.3,1018.4,1023.3,0,0.3,2,372,0
2016-10-12 01:27:05,5,64,19.6,78,5.1,1018.3,1023.2,0,0.3,2,372,0
2016-10-12 01:32:05,5,64,19.6,78,5.3,1018.5,1023.4,0,0.3,2,372,0
2016-10-12 01:37:05,5,64,19.6,78,5.4,1018.4,1023.3,0.3,0.7,1,372,0
2016-10-12 01:42:05,5,64,19.6,78,5.6,1018.5,1023.4,0,0.3,2,372,0
2016-10-12 01:47:05,5,64,19.6,78,5.7,1018.4,1023.3,0,0.3,2,372,0
2016-10-12 01:52:05,5,64,19.6,78,5.6,1018.5,1023.4,0,0,4,372,0
2016-10-12 01:57:05,5,64,19.6,78,5.4,1018.4,1023.3,0,0,4,372,0
2016-10-12 02:02:05,5,64,19.6,78,5.4,1018.5,1023.4,0,0,2,372,0
2016-10-12 02:07:05,5,64,19.5,78,5.5,1018.5,1023.4,0,0,2,372,0
2016-10-12 02:12:05,5,64,19.5,78,5.6,1018.4,1023.3,0,0,2,372,0
2016-10-12 02:17:05,5,64,19.5,78,5.7,1018.6,1023.5,0,0,2,372,0
2016-10-12 02:22:05,5,64,19.5,78,5.7,1018.5,1023.4,0,0.3,4,372,0
2016-10-12 02:27:05,5,64,19.5,78,5.6,1018.6,1023.5,0,0,4,372,0
2016-10-12 02:32:05,5,64,19.5,79,5.6,1018.6,1023.5,0,0,4,372,0
2016-10-12 02:37:05,5,64,19.5,79,5.7,1018.6,1023.5,0,0,4,372,0
2016-10-12 02:42:05,5,64,19.5,79,5.7,1018.5,1023.4,0.3,0.7,4,372,0
2016-10-12 02:47:05,5,64,19.5,79,5.7,1018.5,1023.4,0,0.7,4,372,0
2016-10-12 02:52:05,5,64,19.5,79,5.8,1018.5,1023.4,0,0.3,4,372,0
2016-10-12 02:57:05,5,64,19.5,79,5.9,1018.6,1023.5,0,0,4,372,0
2016-10-12 03:02:05,5,64,19.4,78,6,1018.5,1023.4,0,0,4,372,0
2016-10-12 03:07:05,5,64,19.4,78,6.1,1018.5,1023.4,0,0,4,372,0
2016-10-12 03:12:05,5,64,19.4,78,6.2,1018.3,1023.2,0,0,0,372,0
2016-10-12 03:17:05,5,64,19.4,78,6.4,1018.4,1023.3,0,0.3,2,372,0
2016-10-12 03:22:05,5,64,19.4,79,6.9,1018.4,1023.3,0.3,0.7,2,372,0
2016-10-12 03:27:05,5,64,19.4,78,7.3,1018.3,1023.2,0.3,1,2,372,0
2016-10-12 03:32:05,5,64,19.4,78,7.5,1018.5,1023.4,0,0.3,4,372,0
2016-10-12 03:37:05,5,64,19.4,78,7.4,1018.5,1023.4,0,0,4,372,0
2016-10-12 03:42:05,5,64,19.4,78,7.4,1018.5,1023.4,0,0,4,372,0
2016-10-12 03:47:05,5,64,19.4,78,7.5,1018.5,1023.4,0,0.3,2,372,0
2016-10-12 03:52:05,5,64,19.4,78,7.5,1018.5,1023.4,0,0,4,372,0
2016-10-12 03:57:05,5,64,19.4,78,7.5,1018.4,1023.3,0,0.3,2,372,0
2016-10-12 04:02:05,5,64,19.3,78,7.7,1018.5,1023.4,0,0,2,372,0
2016-10-12 04:07:05,5,64,19.3,78,7.8,1018.5,1023.4,0,0.3,0,372,0
2016-10-12 04:12:05,5,64,19.3,78,8,1018.3,1023.2,0,0.3,4,372,0
2016-10-12 04:17:05,5,64,19.3,78,8.1,1018.7,1023.6,0,0.3,4,372,0
2016-10-12 04:22:05,5,64,19.3,78,8.1,1018.6,1023.5,0,0,2,372,0
2016-10-12 04:27:05,5,64,19.3,78,8.2,1018.5,1023.4,0,0.3,4,372,0
2016-10-12 04:32:05,5,64,19.3,78,8.3,1018.5,1023.4,0.3,1,4,372,0
2016-10-12 04:37:05,5,64,19.3,78,8.4,1018.5,1023.4,0,0,2,372,0
2016-10-12 04:42:05,5,64,19.3,78,8.5,1018.7,1023.6,0.3,0.3,4,372,0
2016-10-12 04:47:05,5,64,19.3,78,8.6,1018.6,1023.5,0.3,1,4,372,0
2016-10-12 04:52:05,5,64,19.3,78,8.6,1018.6,1023.5,0.3,1.4,2,372,0
2016-10-12 04:57:05,5,64,19.3,78,8.6,1018.5,1023.4,0,0.7,2,372,0
2016-10-12 05:02:05,5,64,19.3,78,8.5,1018.8,1023.7,0.3,0.7,2,372,0
2016-10-12 05:07:05,5,64,19.3,78,8.3,1018.6,1023.5,0,0.3,0,372,0
2016-10-12 05:12:05,5,64,19.3,78,8.1,1018.5,1023.4,0,0,0,372,0
2016-10-12 05:17:05,5,64,19.2,78,7.7,1018.6,1023.5,0,0.3,0,372,0
2016-10-12 05:22:05,5,64,19.2,78,7.7,1018.7,1023.6,0.3,0.7,0,372,0
2016-10-12 05:27:05,5,64,19.2,78,7.7,1018.6,1023.5,0,0.3,0,372,0
2016-10-12 05:32:05,5,64,19.2,78,7.7,1018.7,1023.6,0.3,0.7,0,372,0
2016-10-12 05:37:05,5,64,19.2,78,7.8,1018.7,1023.6,0.3,0.7,0,372,0
2016-10-12 05:42:05,5,64,19.2,78,7.7,1018.5,1023.4,0.3,1,0,372,0
2016-10-12 05:47:05,5,64,19.2,78,7.5,1018.7,1023.6,0,0,0,372,0
2016-10-12 05:52:05,5,64,19.2,78,7.2,1018.7,1023.6,0,0.3,0,372,0
2016-10-12 05:57:05,5,64,19.2,79,6.8,1018.8,1023.7,0,0,0,372,0
2016-10-12 06:02:05,5,64,19.2,79,6.5,1018.7,1023.6,0,0,2,372,0
2016-10-12 06:07:05,5,64,19.2,79,6.4,1018.8,1023.7,0,0.7,2,372,0
2016-10-12 06:12:05,5,64,19.2,79,6.9,1018.6,1023.5,0.3,0.7,2,372,0
2016-10-12 06:17:05,5,64,19.2,79,7.4,1018.7,1023.6,0.3,0.7,2,372,0
2016-10-12 06:22:05,5,64,19.1,78,8.2,1018.6,1023.5,1,1.7,2,372,0
2016-10-12 06:27:05,5,64,19.1,78,8.5,1018.6,1023.5,1,1.7,2,372,0
2016-10-12 06:32:05,5,64,19.1,78,8.9,1018.7,1023.6,1,2.7,2,372,0
2016-10-12 06:37:05,5,64,19.1,77,9.1,1018.9,1023.8,0.7,1,2,372,0
2016-10-12 06:42:05,5,64,19.1,78,9.2,1018.8,1023.7,0.7,1.4,4,372,0
2016-10-12 06:47:05,5,64,19.1,78,9.3,1018.8,1023.7,1,1.4,2,372,0
2016-10-12 06:52:05,5,64,19.1,78,9.4,1018.9,1023.8,1,1.7,2,372,0
2016-10-12 06:57:05,5,64,19.1,78,9.5,1018.7,1023.6,0.7,1.4,2,372,0
2016-10-12 07:02:05,5,64,19.1,78,9.5,1018.9,1023.8,2,2.4,2,372,0
2016-10-12 07:07:05,5,64,19.1,78,9.5,1018.9,1023.8,1.4,2.4,2,372,0
2016-10-12 07:12:05,5,64,19,78,9.5,1018.9,1023.8,1.4,2.7,2,372,0
2016-10-12 07:17:05,5,64,19,78,9.6,1019,1023.9,1.4,1.7,0,372,0
2016-10-12 07:22:05,5,64,19,78,9.6,1018.9,1023.8,1.7,2.4,9,372,0
2016-10-12 07:27:05,5,64,19,78,9.6,1019,1023.9,1.4,2,0,372,0
2016-10-12 07:32:05,5,64,19,78,9.7,1019,1023.9,2.4,3.7,0,372,0
2016-10-12 07:37:05,5,64,19,78,9.7,1019,1023.9,2,3.1,2,372,0
2016-10-12 07:42:05,5,64,19,78,9.7,1019.1,1024,2,2.7,2,372,0
2016-10-12 07:47:05,5,64,19,78,9.8,1019.2,1024.1,1.7,3.1,0,372,0
2016-10-12 07:52:05,5,64,19,78,9.8,1019.3,1024.2,1.7,2.4,2,372,0
2016-10-12 07:57:05,5,64,19,78,9.9,1019.3,1024.2,1.4,2.7,2,372,0
2016-10-12 08:02:05,5,64,19,78,9.9,1019.3,1024.2,1.4,2,15,372,0
2016-10-12 08:07:05,5,64,19,77,10,1019.3,1024.2,1.7,3.1,2,372,0
2016-10-12 08:12:05,5,64,19,77,10,1019.3,1024.2,1,1.7,1,372,0
2016-10-12 08:17:05,5,62,19,77,10.1,1019.3,1024.2,1.4,1.7,0,372,0
2016-10-12 08:22:05,5,63,19,77,10.2,1019.4,1024.3,1,1.7,2,372,0
2016-10-12 08:27:05,5,63,19,77,10.2,1019.2,1024.1,1.7,2.7,2,372,0
2016-10-12 08:32:05,5,63,19,77,10.3,1019.4,1024.3,2,2.7,0,372,0
2016-10-12 08:37:05,5,63,19,77,10.4,1019.3,1024.2,1.4,2.4,2,372,0
2016-10-12 08:42:05,5,63,19,77,10.4,1019.3,1024.2,1.4,1.7,2,372,0
2016-10-12 08:47:05,5,63,19,77,10.5,1019.3,1024.2,1.4,2.4,2,372,0
2016-10-12 08:52:05,5,63,19,77,10.5,1019.4,1024.3,1.4,2,2,372,0
2016-10-12 08:57:05,5,64,19,77,10.6,1019.3,1024.2,1.4,2,2,372,0
2016-10-12 09:02:05,5,64,19,77,10.7,1019.4,1024.3,2.4,3.7,2,372,0
2016-10-12 09:07:05,5,64,19,77,10.8,1019.4,1024.3,2.4,3.4,2,372,0
2016-10-12 09:12:05,5,64,19,77,10.9,1019.4,1024.3,2,3.7,0,372,0
2016-10-12 09:17:05,5,64,19,76,11,1019.5,1024.4,1.7,3.1,0,372,0
2016-10-12 09:22:05,5,64,19,76,11.1,1019.5,1024.4,2,3.7,2,372,0
2016-10-12 09:27:05,5,64,19.1,76,11.1,1019.4,1024.3,2,4.4,2,372,0
2016-10-12 09:32:05,5,64,19.1,76,11.1,1019.4,1024.3,2.4,3.7,2,372,0
2016-10-12 09:37:05,5,62,19.1,76,11.2,1019.6,1024.5,2.7,4.1,2,372,0
2016-10-12 09:42:05,5,62,19.1,76,11.4,1019.6,1024.5,2,4.1,2,372,0
2016-10-12 09:47:05,5,62,19,75,11.4,1019.5,1024.4,2.7,4.4,15,372,0
2016-10-12 09:52:05,5,62,18.9,75,11.5,1019.6,1024.5,2,3.4,2,372,0
2016-10-12 09:57:05,5,62,18.9,75,11.6,1019.7,1024.6,2,3.1,0,372,0
2016-10-12 10:02:05,5,62,18.9,75,11.7,1019.6,1024.5,2,3.4,0,372,0
2016-10-12 10:07:05,5,63,18.7,75,11.9,1019.5,1024.4,3.4,5.4,2,372,0
2016-10-12 10:12:05,5,63,18.8,74,11.9,1019.6,1024.5,2.7,4.1,2,372,0
2016-10-12 10:17:05,5,64,18.8,73,12,1019.5,1024.4,3.1,5.4,2,372,0
2016-10-12 10:22:05,5,64,18.9,73,12.1,1019.4,1024.3,3.7,5.1,2,372,0
2016-10-12 10:27:05,5,64,18.9,72,12.2,1019.4,1024.3,3.7,6.1,0,372,0
2016-10-12 10:32:05,5,63,19,72,12.2,1019.5,1024.4,3.1,4.8,1,372,0
2016-10-12 10:37:05,5,63,19,72,12.3,1019.5,1024.4,2.4,3.7,2,372,0
2016-10-12 10:42:05,5,63,19,72,12.5,1019.4,1024.3,2.4,2.7,2,372,0
2016-10-12 10:47:05,5,63,19.1,72,12.6,1019.5,1024.4,2.4,4.8,2,372,0
2016-10-12 10:52:05,5,64,19.1,71,12.7,1019.3,1024.2,2,3.1,2,372,0
2016-10-12 10:57:05,5,64,19.1,71,12.8,1019.3,1024.2,2,3.1,2,372,0
2016-10-12 11:02:05,5,64,19.2,71,12.9,1019.3,1024.2,2.4,3.7,13,372,0
2016-10-12 11:07:05,5,64,19.2,70,13.1,1019.1,1024,1.7,2.7,2,372,0
2016-10-12 11:12:05,5,64,19.2,70,13.3,1019.2,1024.1,2.4,4.1,2,372,0
2016-10-12 11:17:05,5,64,19.2,69,13.2,1019.2,1024.1,3.1,5.1,0,372,0
2016-10-12 11:22:05,5,64,19.2,69,13.1,1019,1023.9,1.4,2.7,2,372,0
2016-10-12 11:27:05,5,64,19.3,69,13.4,1019,1023.9,2.4,3.4,4,372,0
2016-10-12 11:32:05,5,64,19.3,68,13.7,1019,1023.9,2.7,4.1,4,372,0
2016-10-12 11:37:05,5,64,19.3,68,13.7,1018.8,1023.7,1.7,2.4,2,372,0
2016-10-12 11:42:05,5,64,19.3,67,13.7,1018.9,1023.8,2.7,4.4,2,372,0
2016-10-12 11:47:05,5,64,19.4,66,14,1018.8,1023.7,1.7,2.7,0,372,0
2016-10-12 11:52:05,5,64,19.4,65,14.4,1018.8,1023.7,2.4,3.7,2,372,0
2016-10-12 11:57:05,5,64,19.4,65,14.2,1018.7,1023.6,2.7,4.1,14,372,0
2016-10-12 12:02:05,5,65,19.4,65,14.3,1018.7,1023.6,4.1,6.1,0,372,0
2016-10-12 12:07:05,5,65,19.5,65,14.1,1018.7,1023.6,2,3.1,0,372,0
2016-10-12 12:12:05,5,65,19.5,66,13.9,1018.7,1023.6,2.7,3.4,15,372,0
2016-10-12 12:17:05,5,65,19.5,65,14,1018.7,1023.6,2.4,4.4,0,372,0
2016-10-12 12:22:05,5,65,19.5,65,14,1018.6,1023.5,3.7,4.8,2,372,0
2016-10-12 12:27:05,5,65,19.5,65,14.1,1018.5,1023.4,2.7,4.4,2,372,0
2016-10-12 12:32:05,5,65,19.5,64,14.5,1018.6,1023.5,2.4,3.7,4,372,0
2016-10-12 12:37:05,5,65,19.6,64,14.6,1018.7,1023.6,2.7,4.1,2,372,0
2016-10-12 12:42:05,5,65,19.6,64,14,1018.7,1023.6,2,3.4,0,372,0
2016-10-12 12:47:05,5,65,19.6,64,14,1018.3,1023.2,1.7,2.7,4,372,0
2016-10-12 12:52:05,5,65,19.6,65,13.9,1018.5,1023.4,3.1,4.1,2,372,0
2016-10-12 12:57:05,5,65,19.6,65,13.7,1018.4,1023.3,2,4.4,2,372,0
2016-10-12 13:02:05,5,65,19.6,65,13.6,1018.5,1023.4,3.1,4.1,4,372,0
2016-10-12 13:07:05,5,65,19.6,66,13.4,1018.3,1023.2,3.1,4.8,2,372,0
2016-10-12 13:12:05,5,65,19.6,66,13.2,1018.2,1023.1,2,3.4,2,372,0
2016-10-12 13:17:05,5,65,19.6,67,13.1,1018.4,1023.3,1.7,2.4,2,372,0
2016-10-12 13:22:05,5,65,19.6,67,13,1018.3,1023.2,2.4,3.4,2,372,0
2016-10-12 13:27:05,5,65,19.6,67,13,1018.4,1023.3,2.4,3.7,2,372,0
2016-10-12 13:32:05,5,65,19.6,67,13,1018.4,1023.3,1.7,2.7,2,372,0
2016-10-12 13:37:05,5,65,19.6,67,13.1,1018.4,1023.3,2.7,4.4,2,372,0
2016-10-12 13:42:05,5,65,19.6,66,13.2,1018.4,1023.3,2.4,4.1,0,372,0
2016-10-12 13:47:05,5,65,19.6,66,13.2,1018.2,1023.1,3.4,4.8,0,372,0
2016-10-12 13:52:05,5,65,19.6,67,13.1,1018.3,1023.2,2.7,4.8,2,372,0
2016-10-12 13:57:05,5,65,19.6,67,12.9,1018.4,1023.3,2.4,3.7,2,372,0
2016-10-12 14:02:05,5,65,19.6,67,12.8,1018.3,1023.2,3.7,5.4,2,372,0
2016-10-12 14:07:05,5,65,19.6,67,12.7,1018.3,1023.2,4.4,5.8,0,372,0
2016-10-12 14:12:05,5,65,19.6,68,12.7,1018.5,1023.4,3.4,4.4,2,372,0
2016-10-12 14:17:05,5,65,19.6,68,12.8,1018.2,1023.1,2,4.4,0,372,0
2016-10-12 14:22:05,5,65,19.6,68,12.8,1018.2,1023.1,1.4,2.4,0,372,0
2016-10-12 14:27:05,5,65,19.6,68,12.9,1018.3,1023.2,2.7,3.7,15,372,0
2016-10-12 14:32:05,5,65,19.6,68,12.9,1018.2,1023.1,2.7,3.7,2,372,0
2016-10-12 14:37:05,5,65,19.6,68,12.9,1018.2,1023.1,1.4,2.4,4,372,0
2016-10-12 14:42:05,5,65,19.6,68,12.9,1018.2,1023.1,2.4,3.4,0,372,0
2016-10-12 14:47:05,5,65,19.6,68,12.9,1018.1,1023,3.7,5.4,0,372,0
2016-10-12 14:52:05,5,65,19.6,67,13,1018,1022.9,3.1,4.1,2,372,0
2016-10-12 14:57:05,5,65,19.6,67,13,1018.1,1023,2.7,4.1,2,372,0
2016-10-12 15:02:05,5,65,19.6,67,13,1018,1022.9,3.4,5.1,0,372,0
2016-10-12 15:07:05,5,65,19.6,66,13,1018,1022.9,2,3.1,0,372,0
2016-10-12 15:12:05,5,63,19.6,66,13.1,1018,1022.9,2,3.7,2,372,0
2016-10-12 15:17:05,5,61,19.5,66,13.1,1017.9,1022.8,4.4,5.8,0,372,0
2016-10-12 15:22:05,5,60,19.5,66,13,1017.9,1022.8,3.1,4.8,2,372,0
2016-10-12 15:27:05,5,61,19.4,66,13.1,1017.9,1022.8,5.1,7.1,2,372,0
2016-10-12 15:32:05,5,62,19.5,66,13,1018,1022.9,3.4,4.4,0,372,0
2016-10-12 15:37:05,5,62,19.4,65,12.9,1017.8,1022.7,3.4,6.1,0,372,0
2016-10-12 15:42:05,5,63,19.5,65,12.9,1017.7,1022.6,4.1,6.8,2,372,0
2016-10-12 15:47:05,5,63,19.5,65,12.9,1017.7,1022.6,2,3.4,2,372,0
2016-10-12 15:52:05,5,63,19.5,66,12.9,1017.7,1022.6,2.7,3.1,2,372,0
2016-10-12 15:57:05,5,63,19.4,66,12.9,1017.7,1022.6,2,3.1,0,372,0
2016-10-12 16:02:05,5,63,19.5,66,12.8,1017.8,1022.7,3.1,4.4,2,372,0
2016-10-12 16:07:05,5,63,19.5,65,12.8,1017.7,1022.6,2.4,3.7,1,372,0
2016-10-12 16:12:05,5,63,19.5,65,12.7,1017.7,1022.6,3.1,5.1,1,372,0
2016-10-12 16:17:05,5,63,19.5,65,12.7,1017.7,1022.6,2.4,3.7,2,372,0
2016-10-12 16:22:05,5,63,19.4,66,12.6,1017.8,1022.7,2.7,4.1,1,372,0
2016-10-12 16:27:05,5,64,19.4,66,12.6,1017.8,1022.7,2.4,3.4,0,372,0
2016-10-12 16:32:05,5,64,19.4,66,12.5,1017.8,1022.7,3.1,4.8,1,372,0
2016-10-12 16:37:05,5,63,19.4,66,12.4,1017.6,1022.5,2.4,4.1,2,372,0
2016-10-12 16:42:05,5,60,19.4,66,12.4,1017.6,1022.5,3.7,4.8,2,372,0
2016-10-12 16:47:05,5,60,19.4,66,12.3,1017.8,1022.7,2.4,3.7,0,372,0
2016-10-12 16:52:05,5,61,19.3,66,12.3,1017.8,1022.7,2.4,4.1,0,372,0
2016-10-12 16:57:05,5,62,19.3,65,12.2,1017.7,1022.6,2.7,4.1,2,372,0
2016-10-12 17:02:05,5,62,19.3,65,12.2,1017.7,1022.6,2.4,3.7,3,372,0
2016-10-12 17:07:05,5,62,19.3,65,12.1,1017.7,1022.6,2,2.7,2,372,0
2016-10-12 17:12:05,5,62,19.3,65,12.1,1017.7,1022.6,2.4,3.1,0,372,0
2016-10-12 17:17:05,5,62,19.3,65,12,1017.8,1022.7,2,3.1,2,372,0
2016-10-12 17:22:05,5,62,19.3,67,11.9,1017.7,1022.6,2.4,4.1,2,372,0
2016-10-12 17:27:05,5,63,19.3,67,11.8,1017.6,1022.5,2,3.1,2,372,0
2016-10-12 17:32:05,5,63,19.3,67,11.7,1017.8,1022.7,2,3.1,0,372,0
2016-10-12 17:37:05,5,63,19.3,67,11.6,1017.8,1022.7,2,2.7,2,372,0
2016-10-12 17:42:05,5,63,19.2,67,11.5,1017.9,1022.8,1.7,2.7,0,372,0
2016-10-12 17:47:05,5,63,19.2,67,11.4,1018,1022.9,1.4,2,2,372,0
2016-10-12 17:52:05,5,63,19.1,68,11.3,1018,1022.9,1.4,2.4,2,372,0
2016-10-12 17:57:05,5,64,19.1,68,11.2,1017.9,1022.8,1.7,3.1,2,372,0
2016-10-12 18:02:05,5,64,19.2,67,11.1,1017.9,1022.8,2,3.1,2,372,0
2016-10-12 18:07:05,5,64,19.2,68,10.9,1018.1,1023,1.4,2.4,2,372,0
2016-10-12 18:12:05,5,64,19.2,68,10.8,1017.9,1022.8,2,3.4,2,372,0
2016-10-12 18:17:05,5,64,19.2,68,10.7,1017.9,1022.8,2,2.7,3,372,0
2016-10-12 18:22:05,5,64,19.2,68,10.6,1017.9,1022.8,1.7,2.4,2,372,0
2016-10-12 18:27:05,5,65,19.2,67,10.5,1018,1022.9,1.4,2.7,0,372,0
2016-10-12 18:32:05,5,65,19.2,68,10.3,1017.9,1022.8,1.7,2.4,2,372,0
2016-10-12 18:37:05,5,65,19.2,68,10.1,1018.1,1023,1.4,1.7,2,372,0
2016-10-12 18:42:05,5,65,19.2,69,9.9,1018,1022.9,1,1.7,2,372,0
2016-10-12 18:47:05,5,65,19.2,69,9.8,1018,1022.9,1.4,2,2,372,0
2016-10-12 18:52:05,5,65,19.2,69,9.7,1018,1022.9,1.4,2,4,372,0
2016-10-12 18:57:05,5,65,19.2,70,9.7,1017.9,1022.8,1.4,1.7,4,372,0
2016-10-12 19:02:05,5,65,19.2,70,9.7,1018.2,1023.1,0.7,1.4,4,372,0
2016-10-12 19:07:05,5,65,19.2,70,9.7,1018,1022.9,1,1.7,2,372,0
2016-10-12 19:12:05,5,65,19.2,70,9.7,1017.9,1022.8,1,1.7,2,372,0
2016-10-12 19:17:05,5,65,19.2,70,9.6,1018.1,1023,1,2,2,372,0
2016-10-12 19:22:05,5,65,19.2,70,9.6,1018,1022.9,1.4,2,4,372,0
2016-10-12 19:27:05,5,65,19.2,70,9.3,1018.1,1023,1.4,2,4,372,0
2016-10-12 19:32:05,5,65,19.2,71,9.1,1018,1022.9,1.4,2,0,372,0
2016-10-12 19:37:05,5,65,19.2,71,9,1018.2,1023.1,1.4,2,2,372,0
2016-10-12 19:42:05,5,65,19.3,72,8.9,1017.8,1022.7,1,1.7,4,372,0
2016-10-12 19:47:05,5,65,19.3,72,8.6,1017.9,1022.8,1,1.7,4,372,0
2016-10-12 19:52:05,5,66,19.3,72,8.4,1018,1022.9,1,1.4,0,372,0
2016-10-12 19:57:05,5,66,19.3,73,8.3,1017.9,1022.8,1,1.4,4,372,0
2016-10-12 20:02:05,5,66,19.3,73,8.2,1017.9,1022.8,0.7,1,4,372,0
2016-10-12 20:07:05,5,66,19.3,73,8.1,1018,1022.9,1,1.4,4,372,0
2016-10-12 20:12:05,5,66,19.3,73,8,1017.9,1022.8,0.7,1,4,372,0
2016-10-12 20:17:05,5,66,19.3,73,8,1018,1022.9,1,1.7,4,372,0
2016-10-12 20:22:05,5,66,19.3,73,7.9,1017.9,1022.8,0.7,1.4,4,372,0
2016-10-12 20:27:05,5,67,19.3,73,7.8,1017.8,1022.7,0.7,1,4,372,0
2016-10-12 20:32:05,5,67,19.4,73,7.7,1017.8,1022.7,1,1.4,3,372,0
2016-10-12 20:37:05,5,67,19.4,73,7.8,1017.8,1022.7,1,1.4,4,372,0
2016-10-12 20:42:05,5,67,19.4,73,7.8,1017.6,1022.5,0.7,1.4,0,372,0
2016-10-12 20:47:05,5,67,19.4,73,7.7,1017.7,1022.6,0.7,1.4,4,372,0
2016-10-12 20:52:05,5,67,19.4,73,7.6,1017.7,1022.6,0.7,1,4,372,0
2016-10-12 20:57:05,5,67,19.4,73,7.5,1017.6,1022.5,0.7,1.4,4,372,0
2016-10-12 21:02:05,5,67,19.4,73,7.3,1017.5,1022.4,1,2,14,372,0
2016-10-12 21:07:05,5,67,19.4,73,7.2,1017.5,1022.4,1,1.7,4,372,0
2016-10-12 21:12:05,5,67,19.4,73,7.3,1017.6,1022.5,1,1.7,4,372,0
2016-10-12 21:17:05,5,67,19.4,73,7.3,1017.6,1022.5,1,1.4,4,372,0
2016-10-12 21:22:05,5,67,19.5,73,7.1,1017.6,1022.5,1,1.4,4,372,0
2016-10-12 21:27:05,5,67,19.4,73,7,1017.6,1022.5,1,1.4,4,372,0
2016-10-12 21:32:05,5,67,19.4,73,7,1017.4,1022.3,1,2,2,372,0
2016-10-12 21:37:05,5,67,19.4,74,6.9,1017.4,1022.3,1,1.4,4,372,0
2016-10-12 21:42:05,5,67,19.4,74,7,1017.4,1022.3,0.7,1.4,4,372,0
2016-10-12 21:47:05,5,67,19.5,74,7,1017.3,1022.2,0.7,1.4,4,372,0
2016-10-12 21:52:05,5,67,19.5,74,7.1,1017.4,1022.3,0.7,1.4,4,372,0
2016-10-12 21:57:05,5,67,19.4,74,7,1017.4,1022.3,0.7,1,4,372,0
2016-10-12 22:02:05,5,67,19.4,74,7,1017.3,1022.2,0.7,1,4,372,0
2016-10-12 22:07:05,5,67,19.4,75,6.9,1017.3,1022.2,0.7,1.4,4,372,0
2016-10-12 22:12:05,5,67,19.5,75,6.7,1017.2,1022.1,0.3,1,2,372,0
2016-10-12 22:17:05,5,67,19.4,75,6.6,1017.4,1022.3,0.7,2,3,372,0
2016-10-12 22:22:05,5,67,19.5,75,6.6,1017.4,1022.3,0.7,1.4,4,372,0
2016-10-12 22:27:05,5,67,19.5,75,6.5,1017.3,1022.2,0.3,0.7,4,372,0
2016-10-12 22:32:05,5,67,19.5,75,6.4,1017.4,1022.3,0.7,1.4,2,372,0
2016-10-12 22:37:05,5,67,19.4,75,6.4,1017.4,1022.3,0.3,1,2,372,0
2016-10-12 22:42:05,5,67,19.4,75,6.4,1017.2,1022.1,0.7,1,4,372,0
2016-10-12 22:47:05,5,67,19.4,75,6.4,1017,1021.9,1,1.7,4,372,0
2016-10-12 22:52:05,5,67,19.4,75,6.4,1017.1,1022,0.3,1,4,372,0
2016-10-12 22:57:05,5,67,19.4,75,6.3,1017.1,1022,1,1.4,4,372,0
2016-10-12 23:02:05,5,67,19.4,75,6.2,1016.9,1021.8,0.7,1,4,372,0
2016-10-12 23:07:05,5,67,19.4,75,6.2,1016.9,1021.8,1,1.4,4,372,0
2016-10-12 23:12:05,5,67,19.4,75,6,1016.9,1021.8,0.7,1,4,372,0
2016-10-12 23:17:05,5,66,19.4,76,5.9,1016.8,1021.7,0.7,1.4,4,372,0
2016-10-12 23:22:05,5,66,19.4,75,6,1016.8,1021.7,0.3,0.7,4,372,0
2016-10-12 23:27:05,5,66,19.4,76,5.9,1016.7,1021.6,0.3,0.7,4,372,0
2016-10-12 23:32:05,5,66,19.4,76,6,1016.8,1021.7,0.3,1,4,372,0
2016-10-12 23:37:05,5,66,19.4,76,6,1016.6,1021.5,0.7,1,0,372,0
2016-10-12 23:42:05,5,66,19.3,76,6,1016.6,1021.5,1,1.7,12,372,0
2016-10-12 23:47:05,5,66,19.4,76,6,1016.5,1021.4,1,1.7,3,372,0
2016-10-12 23:52:05,5,66,19.3,76,6.1,1016.5,1021.4,0.7,1,4,372,0
2016-10-12 23:57:05,5,66,19.3,76,6,1016.4,1021.3,0.7,1.4,4,372,0
