2016-10-15 00:01:04,5,68,19.5,77,8.1,996.8,1001.7,1.4,3.1,2,375,0
2016-10-15 00:06:04,5,68,19.5,77,8.1,996.8,1001.7,1,2,3,375,0
2016-10-15 00:11:04,5,68,19.5,77,8.2,996.8,1001.7,1.4,2.4,0,375,0
2016-10-15 00:16:04,5,68,19.5,77,8.2,996.6,1001.5,1.4,2.4,2,375,0
2016-10-15 00:21:04,5,68,19.5,77,8.2,996.6,1001.5,1.7,2.4,,375.3,0
2016-10-15 00:26:04,5,68,19.5,77,8.3,996.6,1001.5,1.4,2.7,3,375.3,0
2016-10-15 00:31:04,5,68,19.5,77,8.3,996.7,1001.6,2.4,3.1,2,375.3,0
2016-10-15 00:36:04,5,68,19.5,77,8.3,996.6,1001.5,1.7,2.7,2,375.3,0
2016-10-15 00:41:04,5,68,19.5,77,8.3,996.5,1001.4,2,2.7,0,375.3,0
2016-10-15 00:46:04,5,68,19.5,77,8.3,996.5,1001.4,1.4,2.4,0,375.6,0
2016-10-15 00:51:04,5,68,19.5,78,8.4,996.4,1001.3,2.4,4.1,2,375.6,0
2016-10-15 00:56:04,5,68,19.5,78,8.4,996.4,1001.3,2,3.4,0,375.6,0
2016-10-15 01:01:04,5,68,19.5,78,8.4,996.4,1001.3,2.7,4.4,2,375.6,0
2016-10-15 01:06:04,5,67,19.5,78,8.4,996.3,1001.2,2.4,3.4,2,375.9,0
2016-10-15 01:11:04,5,67,19.4,78,8.4,996.4,1001.3,1.7,3.7,4,375.9,0
2016-10-15 01:16:04,5,67,19.4,78,8.4,996.1,1001,2,4.1,4,375.9,0
2016-10-15 01:21:04,5,67,19.4,78,8.4,996.2,1001.1,2.4,3.7,2,375.9,0
2016-10-15 01:26:04,5,67,19.4,78,8.4,996.2,1001.1,1.7,3.1,0,375.9,0
2016-10-15 01:31:04,5,67,19.4,78,8.4,996.2,1001.1,2,2.7,0,376.2,0
2016-10-15 01:36:04,5,67,19.4,78,8.4,996.2,1001.1,2.4,2.7,0,376.2,0
2016-10-15 01:41:04,5,67,19.4,78,8.4,996.1,1001,1.7,2.7,0,376.2,0
2016-10-15 01:46:04,5,67,19.4,78,8.4,996.1,1001,1.7,2.7,0,376.2,0
2016-10-15 01:51:04,5,67,19.4,78,8.4,996.2,1001.1,1.7,3.1,4,376.2,0
2016-10-15 01:56:04,5,67,19.4,78,8.4,996.2,1001.1,2.4,3.7,2,376.2,0
2016-10-15 02:01:04,5,67,19.4,78,8.4,996.1,1001,1.4,2,0,376.2,0
2016-10-15 02:06:04,5,67,19.4,78,8.3,996,1000.9,2,2.7,2,376.2,0
2016-10-15 02:11:04,5,67,19.4,78,8.3,996.1,1001,1.7,2.4,2,376.2,0
2016-10-15 02:16:04,5,67,19.4,78,8.3,996.1,1001,1.7,2.7,2,376.5,0
2016-10-15 02:21:04,5,67,19.4,78,8.3,995.9,1000.8,1.7,2.7,4,376.5,0
2016-10-15 02:26:04,5,67,19.4,78,8.3,995.8,1000.7,2.4,4.1,2,376.5,0
2016-10-15 02:31:04,5,67,19.4,78,8.3,995.9,1000.8,1,2.4,2,376.5,0
2016-10-15 02:36:04,5,67,19.4,78,8.3,995.8,1000.7,2,2.4,2,376.5,0
2016-10-15 02:41:04,5,67,19.4,78,8.2,995.7,1000.6,2,3.4,2,376.5,0
2016-10-15 02:46:04,5,67,19.4,78,8.2,995.8,1000.7,1.7,3.1,2,376.5,0
2016-10-15 02:51:04,5,67,19.4,78,8.2,995.7,1000.6,2,3.4,0,376.5,0
2016-10-15 02:56:04,5,67,19.4,78,8.2,995.7,1000.6,1.4,2.4,2,376.5,0
2016-10-15 03:01:04,5,67,19.4,78,8.2,995.6,1000.5,1.7,2.7,2,376.8,0
2016-10-15 03:06:04,5,67,19.4,78,8.2,995.6,1000.5,1.7,3.1,2,376.8,0
2016-10-15 03:11:04,5,67,19.4,78,8.2,995.5,1000.4,2.4,3.4,2,376.8,0
2016-10-15 03:16:04,5,67,19.3,78,8.2,995.6,1000.5,3.4,4.4,0,376.8,0
2016-10-15 03:21:04,5,67,19.3,78,8.2,995.5,1000.4,1.7,2.7,0,376.8,0
2016-10-15 03:26:04,5,66,19.4,78,8.1,995.3,1000.2,1.4,2.7,2,376.8,0
2016-10-15 03:31:04,5,66,19.3,78,8.1,995.4,1000.3,2,3.1,0,377.1,0
2016-10-15 03:36:04,5,66,19.4,78,8.1,995.4,1000.3,2,3.4,1,377.1,0
2016-10-15 03:41:04,5,66,19.3,78,8.1,995.5,1000.4,1.7,3.4,2,377.1,0
2016-10-15 03:46:04,5,66,19.3,78,8.1,995.3,1000.2,2.7,5.1,0,377.4,0
2016-10-15 03:51:04,5,66,19.3,78,8,995.4,1000.3,1.7,3.4,2,377.4,0
2016-10-15 03:56:04,5,66,19.3,78,8,995.2,1000.1,1.7,2.4,0,377.7,0
2016-10-15 04:01:04,5,66,19.3,78,8,995.2,1000.1,1.4,2.4,4,377.7,0
2016-10-15 04:06:04,5,66,19.3,78,8,995.3,1000.2,2.4,3.7,1,378,0
2016-10-15 04:11:04,5,66,19.3,78,8,995.1,1000,3.1,4.1,0,378,0
2016-10-15 04:16:04,5,66,19.3,78,8,995.1,1000,2.4,3.1,2,378.3,0
2016-10-15 04:21:04,5,66,19.3,78,8,995.1,1000,2,2.7,2,378.3,0
2016-10-15 04:26:04,5,66,19.3,78,8.1,994.9,999.8,3.1,3.7,0,378.3,0
2016-10-15 04:31:04,5,66,19.3,78,8.1,994.9,999.8,3.4,3.7,2,378.6,0
2016-10-15 04:36:04,5,66,19.3,78,8.1,994.7,999.6,3.1,3.7,2,378.6,0
2016-10-15 04:41:04,5,66,19.3,78,8.2,994.8,999.7,2.4,3.4,2,378.6,0
2016-10-15 04:46:04,5,66,19.3,78,8.2,994.7,999.6,2.7,4.8,2,378.9,0
2016-10-15 04:51:04,5,66,19.3,78,8.2,994.8,999.7,1.4,2.7,2,378.9,0
2016-10-15 04:56:04,5,66,19.3,78,8.1,994.9,999.8,1.7,2.7,2,378.9,0
2016-10-15 05:01:04,5,65,19.3,78,8.1,994.8,999.7,2.4,3.1,0,378.9,0
2016-10-15 05:06:04,5,66,19.3,78,8.2,995,999.9,1,2.7,2,378.9,0
2016-10-15 05:11:04,5,66,19.3,78,8.2,994.9,999.8,1.4,1.7,4,378.9,0
2016-10-15 05:16:04,5,66,19.3,78,8.3,995,999.9,1.7,2.4,4,378.9,0
2016-10-15 05:21:04,5,66,19.3,78,8.3,995,999.9,2,3.4,0,378.9,0
2016-10-15 05:26:04,5,66,19.2,78,8.2,995,999.9,1.7,2.7,4,378.9,0
2016-10-15 05:31:04,5,66,19.3,78,8.2,994.8,999.7,2.4,3.4,0,378.9,0
2016-10-15 05:36:04,5,66,19.3,78,8.2,994.9,999.8,1.4,2.7,2,378.9,0
2016-10-15 05:41:04,5,66,19.3,78,8.2,995,999.9,1.4,2,2,378.9,0
2016-10-15 05:46:04,5,65,19.2,78,8.2,994.9,999.8,1.4,2.4,2,378.9,0
2016-10-15 05:51:04,5,65,19.2,78,8.2,994.9,999.8,2,2.7,2,378.9,0
2016-10-15 05:56:04,5,65,19.2,78,8.2,994.9,999.8,1.7,3.4,0,378.9,0
2016-10-15 06:01:04,5,65,19.2,78,8.1,994.9,999.8,3.1,4.1,2,378.9,0
2016-10-15 06:06:04,5,65,19.2,78,8.1,995.1,1000,3.1,3.7,4,378.9,0
2016-10-15 06:11:04,5,65,19.2,78,8.1,995,999.9,1.7,4.1,2,378.9,0
2016-10-15 06:16:04,5,65,19.2,78,8.1,995,999.9,2.7,4.8,0,378.9,0
2016-10-15 06:21:04,5,65,19.2,78,8.1,994.9,999.8,2.4,4.8,0,378.9,0
2016-10-15 06:26:04,5,65,19.2,78,8.1,995.1,1000,1.4,2.4,0,378.9,0
2016-10-15 06:31:04,5,65,19.2,78,8.1,995,999.9,1.7,3.4,2,378.9,0
2016-10-15 06:36:04,5,65,19.2,78,8.1,994.9,999.8,2,3.1,13,378.9,0
2016-10-15 06:41:04,5,65,19.2,78,8.1,995,999.9,1.4,2.4,2,378.9,0
2016-10-15 06:46:04,5,65,19.2,78,8,995,999.9,1.7,2.4,2,378.9,0
2016-10-15 06:51:04,5,65,19.2,78,8,995,999.9,2,3.4,2,378.9,0
2016-10-15 06:56:04,5,65,19.2,78,8,995.2,1000.1,2.4,3.7,0,378.9,0
2016-10-15 07:01:04,5,65,19.2,78,8,995.3,1000.2,1.7,3.1,0,378.9,0
2016-10-15 07:06:04,5,65,19.2,78,8,995.2,1000.1,1.4,2,2,378.9,0
2016-10-15 07:11:04,5,65,19.2,78,8,995.4,1000.3,2,3.1,0,378.9,0
2016-10-15 07:16:04,5,65,19.2,78,8,995.3,1000.2,1,2.4,0,378.9,0
2016-10-15 07:21:04,5,65,19.2,78,8.1,995.3,1000.2,2,3.1,2,378.9,0
2016-10-15 07:26:04,5,65,19.2,78,8.1,995.3,1000.2,1.7,3.1,4,378.9,0
2016-10-15 07:31:04,5,65,19.2,78,8.1,995.4,1000.3,1.7,3.7,1,378.9,0
2016-10-15 07:36:04,5,65,19.2,78,8.1,995.4,1000.3,2.4,3.1,2,378.9,0
2016-10-15 07:41:04,5,65,19.2,78,8.1,995.3,1000.2,1.7,3.1,4,378.9,0
2016-10-15 07:46:04,5,65,19.2,78,8.1,995.4,1000.3,2.4,3.4,4,378.9,0
2016-10-15 07:51:04,5,65,19.2,78,8.2,995.4,1000.3,1.7,2.4,4,378.9,0
2016-10-15 07:56:04,5,65,19.2,78,8.2,995.6,1000.5,2.4,3.1,2,378.9,0
2016-10-15 08:01:04,5,65,19.1,78,8.2,995.5,1000.4,2,3.4,4,378.9,0
2016-10-15 08:06:04,5,65,19.2,78,8.2,995.5,1000.4,1.4,2,0,378.9,0
2016-10-15 08:11:04,5,65,19.2,78,8.2,995.6,1000.5,2,2.7,4,378.9,0
2016-10-15 08:16:04,5,65,19.2,78,8.3,995.6,1000.5,1.7,2.7,4,378.9,0
2016-10-15 08:21:04,5,65,19.1,78,8.3,995.6,1000.5,1.7,2.7,4,378.9,0
2016-10-15 08:26:04,5,65,19.2,78,8.4,995.6,1000.5,1,2,4,378.9,0
2016-10-15 08:31:04,5,65,19.2,78,8.5,995.4,1000.3,1.7,2.4,4,378.9,0
2016-10-15 08:36:04,5,65,19.2,78,8.4,995.6,1000.5,2,2.4,4,378.9,0
2016-10-15 08:41:04,5,65,19.2,78,8.4,995.6,1000.5,1.4,2.4,4,378.9,0
2016-10-15 08:46:04,5,65,19.2,78,8.4,995.8,1000.7,1,1.7,2,378.9,0
2016-10-15 08:51:04,5,65,19.2,78,8.5,995.8,1000.7,0.7,1.4,2,378.9,0
2016-10-15 08:56:04,5,65,19.2,78,8.5,995.8,1000.7,1,1.7,4,378.9,0
2016-10-15 09:01:04,5,65,19.2,78,8.6,995.8,1000.7,1,1.4,2,378.9,0
2016-10-15 09:06:04,5,61,19.2,78,8.7,995.9,1000.8,1.4,2.4,12,378.9,0
2016-10-15 09:11:04,5,60,19.1,78,8.8,995.8,1000.7,1.7,2.7,4,378.9,0
2016-10-15 09:16:04,5,62,19.1,78,8.8,996,1000.9,2.4,2.7,4,378.9,0
2016-10-15 09:21:04,5,63,19.1,78,8.8,995.9,1000.8,1.7,2.7,4,378.9,0
2016-10-15 09:26:04,5,63,19.2,77,9,995.8,1000.7,1.7,2.4,4,378.9,0
2016-10-15 09:31:04,5,64,19.1,77,9.2,996,1000.9,1.4,3.1,4,378.9,0
2016-10-15 09:36:04,5,64,19.1,76,9.2,995.9,1000.8,1.7,2.4,4,378.9,0
2016-10-15 09:41:04,5,65,19.2,76,9.5,996,1000.9,0.3,0.7,4,378.9,0
2016-10-15 09:46:04,5,65,19.2,75,10,995.9,1000.8,0.7,1.4,10,378.9,0
2016-10-15 09:51:04,5,65,19.2,75,10.2,995.8,1000.7,0.3,1,8,378.9,0
2016-10-15 09:56:04,5,65,19.2,75,10.5,996.1,1001,1.4,2.7,2,378.9,0
2016-10-15 10:01:04,5,65,19.3,73,10.9,995.9,1000.8,1.4,2,4,378.9,0
2016-10-15 10:06:04,5,66,19.3,72,11.9,996.2,1001.1,1,1.7,10,378.9,0
2016-10-15 10:11:04,5,66,19.3,66,12.1,996.3,1001.2,1.4,1.7,8,378.9,0
2016-10-15 10:16:04,5,66,19.4,64,12.5,996.2,1001.1,1.7,3.7,4,378.9,0
2016-10-15 10:21:04,5,66,19.4,63,12.5,996.1,1001,0.3,1.7,4,378.9,0
2016-10-15 10:26:04,5,66,19.4,61,12.5,996.1,1001,0.7,1.7,0,378.9,0
2016-10-15 10:31:04,5,66,19.5,61,12.7,996.2,1001.1,0.7,1.4,8,378.9,0
2016-10-15 10:36:04,5,66,19.5,59,13,996.2,1001.1,1,2,12,378.9,0
2016-10-15 10:41:04,5,66,19.5,57,13.2,996.2,1001.1,1.4,2,10,378.9,0
2016-10-15 10:46:04,5,66,19.5,57,13.1,996.2,1001.1,1.4,2,8,378.9,0
2016-10-15 10:51:04,5,66,19.5,57,12.8,996.2,1001.1,0.7,2,4,378.9,0
2016-10-15 10:56:04,5,66,19.6,57,12.7,996.2,1001.1,1,2,8,378.9,0
2016-10-15 11:01:04,5,66,19.6,57,12.1,996.4,1001.3,1,1.7,10,378.9,0
2016-10-15 11:06:04,5,66,19.6,59,12,996.2,1001.1,1.4,2.4,8,378.9,0
2016-10-15 11:11:04,5,67,19.6,60,12.1,996.2,1001.1,1,2,8,378.9,0
2016-10-15 11:16:04,5,67,19.6,60,12,996.2,1001.1,1,1.7,8,378.9,0
2016-10-15 11:21:04,5,67,19.7,61,12.1,996.2,1001.1,1,1.7,8,378.9,0
2016-10-15 11:26:04,5,66,19.7,60,12.6,996.3,1001.2,1.7,2,10,378.9,0
2016-10-15 11:31:04,5,64,19.7,57,13,996.2,1001.1,1,1.7,8,378.9,0
2016-10-15 11:36:04,5,64,19.7,56,13.4,996.2,1001.1,1,1.7,8,378.9,0
2016-10-15 11:41:04,5,61,19.7,55,13.4,996.2,1001.1,1.7,3.1,8,378.9,0
2016-10-15 11:46:04,5,56,19.6,54,13.8,996.2,1001.1,1,2,8,378.9,0
2016-10-15 11:51:04,5,54,19.6,54,14,996.4,1001.3,1.4,2.4,8,378.9,0
2016-10-15 11:56:04,5,53,19.6,52,14.3,996.3,1001.2,1.7,2.4,8,378.9,0
2016-10-15 12:01:04,5,53,19.5,52,14.1,996.3,1001.2,1.4,2.4,8,378.9,0
2016-10-15 12:06:04,5,51,19.5,50,14.1,996.4,1001.3,1,2,8,378.9,0
2016-10-15 12:11:04,5,51,19.5,52,13.1,996.4,1001.3,0.7,1.4,10,378.9,0
2016-10-15 12:16:04,5,50,19.3,54,13,996.5,1001.4,1.4,2,8,378.9,0
2016-10-15 12:21:04,5,51,19.3,54,13.1,996.5,1001.4,0.7,1.4,8,378.9,0
2016-10-15 12:26:04,5,51,19.3,52,13.4,996.6,1001.5,0.7,1.4,8,378.9,0
2016-10-15 12:31:04,5,51,19.2,55,13.3,996.6,1001.5,1.4,1.7,12,378.9,0
2016-10-15 12:36:04,5,51,19.2,55,12.8,996.6,1001.5,0.3,0.7,10,378.9,0
2016-10-15 12:41:04,5,51,19.2,57,13,996.5,1001.4,1,2.4,10,378.9,0
2016-10-15 12:46:04,5,51,19.1,55,13.7,996.6,1001.5,1.4,2.4,8,378.9,0
2016-10-15 12:51:04,5,51,19.1,55,13.5,996.6,1001.5,0.7,1.7,10,378.9,0
2016-10-15 12:56:04,5,50,19.1,55,13,996.4,1001.3,0.7,1.4,10,378.9,0
2016-10-15 13:01:04,5,50,19,54,13.8,996.6,1001.5,0.7,1.4,12,378.9,0
2016-10-15 13:06:04,5,50,19,53,14.4,996.6,1001.5,0.7,1.7,9,378.9,0
2016-10-15 13:11:04,5,50,19,50,15,996.7,1001.6,0.3,1,10,378.9,0
2016-10-15 13:16:04,5,49,19,50,14.8,996.6,1001.5,1,2,10,378.9,0
2016-10-15 13:21:04,5,51,19,48,15.6,996.6,1001.5,0.3,0.7,12,378.9,0
2016-10-15 13:26:04,5,52,19.1,45,15.8,996.7,1001.6,0.7,1,14,378.9,0
2016-10-15 13:31:04,5,53,19.2,45,15.3,996.7,1001.6,1,1.4,8,378.9,0
2016-10-15 13:36:04,5,53,19.2,47,14.8,996.5,1001.4,0.3,1.7,0,378.9,0
2016-10-15 13:41:04,5,51,19.3,44,15.4,996.5,1001.4,0.7,2.4,4,378.9,0
2016-10-15 13:46:04,5,50,19.3,43,15.4,996.4,1001.3,0.7,1.7,14,378.9,0
2016-10-15 13:51:04,5,48,19.3,43,15.5,996.3,1001.2,0.7,1.4,10,378.9,0
2016-10-15 13:56:04,5,47,19.3,44,15.8,996.4,1001.3,0.7,1.7,8,378.9,0
2016-10-15 14:01:04,5,47,19.3,43,16.2,996.3,1001.2,0.3,0.7,4,378.9,0
2016-10-15 14:06:04,5,47,19.4,42,16.1,996.1,1001,0.7,1.4,2,378.9,0
2016-10-15 14:11:04,5,46,19.4,44,15.3,996.3,1001.2,0.7,1,10,378.9,0
2016-10-15 14:16:04,5,46,19.4,46,14.2,996.4,1001.3,0.3,1.4,13,378.9,0
2016-10-15 14:21:04,5,45,19.4,49,14.8,996.2,1001.1,0.3,1.4,10,378.9,0
2016-10-15 14:26:04,5,45,19.3,46,15,996.4,1001.3,0.3,0.7,8,378.9,0
2016-10-15 14:31:04,5,45,19.3,47,14.3,996.4,1001.3,0.3,1,10,378.9,0
2016-10-15 14:36:04,5,44,19.3,49,13.7,996.2,1001.1,0.3,0.3,8,378.9,0
2016-10-15 14:41:04,5,45,19.3,49,14.2,996.3,1001.2,0.3,1.4,10,378.9,0
2016-10-15 14:46:04,5,45,19.2,49,13.8,996.3,1001.2,1,1.4,4,378.9,0
2016-10-15 14:51:04,5,45,19.2,51,13.4,996.3,1001.2,1.7,2.4,4,378.9,0
2016-10-15 14:56:04,5,45,19.1,52,12.7,996.3,1001.2,0.7,1,4,378.9,0
2016-10-15 15:01:04,5,45,19.1,53,12.4,996.2,1001.1,1.4,1.7,4,378.9,0
2016-10-15 15:06:04,5,46,18.9,54,12.1,996.2,1001.1,1.4,1.7,2,378.9,0
2016-10-15 15:11:04,5,46,18.9,57,11.9,996.3,1001.2,0.7,1.4,4,378.9,0
2016-10-15 15:16:04,5,47,18.9,57,12.2,996.1,1001,0.3,0.7,4,378.9,0
2016-10-15 15:21:04,5,48,18.9,54,12.8,996.2,1001.1,1.4,2,4,378.9,0
2016-10-15 15:26:04,5,49,18.9,52,13.1,996.3,1001.2,1.4,2,4,378.9,0
2016-10-15 15:31:04,5,51,18.9,52,13.1,996.2,1001.1,1,1.4,4,378.9,0
2016-10-15 15:36:04,5,51,19,51,13.3,996.3,1001.2,1,1.7,4,378.9,0
2016-10-15 15:41:04,5,51,19.2,52,12.9,996.3,1001.2,0.7,1,4,378.9,0
2016-10-15 15:46:04,5,52,19.2,54,12.4,996.2,1001.1,0.3,1,4,378.9,0
2016-10-15 15:51:04,5,52,19.2,55,12.3,996.2,1001.1,0.7,1.4,0,378.9,0
2016-10-15 15:56:04,5,52,19.3,55,12.3,996.3,1001.2,0.3,1.4,4,378.9,0
2016-10-15 16:01:04,5,53,19.2,56,12.2,996.3,1001.2,0.3,1,4,378.9,0
2016-10-15 16:06:04,5,53,19.3,56,12.1,996.3,1001.2,0.7,1,4,378.9,0
2016-10-15 16:11:04,5,51,19.3,58,12,996.3,1001.2,0.7,1.4,4,378.9,0
2016-10-15 16:16:04,5,51,19.3,60,11.8,996.3,1001.2,1.4,2,4,378.9,0
2016-10-15 16:21:04,5,52,19.3,59,11.8,996.3,1001.2,1.4,2,4,378.9,0
2016-10-15 16:26:04,5,53,19.3,60,11.7,996.3,1001.2,4.1,6.1,4,378.9,0
2016-10-15 16:31:04,5,53,19.3,60,10.9,996.4,1001.3,2,2.7,4,378.9,0
2016-10-15 16:36:04,5,54,19.3,61,10.4,996.3,1001.2,2,3.1,4,378.9,0
2016-10-15 16:41:04,5,54,19.3,63,10.4,996.4,1001.3,1.4,2,4,378.9,0
2016-10-15 16:46:04,5,54,19.3,63,10.6,996.3,1001.2,1,1.7,4,378.9,0
2016-10-15 16:51:04,5,54,19.3,64,10.7,996.4,1001.3,1,1.4,4,378.9,0
2016-10-15 16:56:04,5,55,19.4,64,10.7,996.4,1001.3,0.7,1,4,378.9,0
2016-10-15 17:01:04,5,55,19.4,64,10.7,996.3,1001.2,0.3,0.7,4,378.9,0
2016-10-15 17:06:04,5,55,19.4,64,10.7,996.4,1001.3,0.3,0.7,4,378.9,0
2016-10-15 17:11:04,5,55,19.4,64,10.6,996.5,1001.4,0.3,0.7,4,378.9,0
2016-10-15 17:16:04,5,55,19.4,65,10.5,996.5,1001.4,0.7,1,4,378.9,0
2016-10-15 17:21:04,5,55,19.4,65,10.4,996.5,1001.4,0,0.7,4,378.9,0
2016-10-15 17:26:04,5,55,19.4,65,10.2,996.6,1001.5,0.3,0.7,0,378.9,0
2016-10-15 17:31:04,5,55,19.4,65,10.1,996.5,1001.4,0.3,0.7,4,378.9,0
2016-10-15 17:36:04,5,55,19.4,66,9.9,996.6,1001.5,1,1.4,0,378.9,0
2016-10-15 17:41:04,5,55,19.4,67,9.8,996.5,1001.4,0.7,1.4,4,378.9,0
2016-10-15 17:46:04,5,55,19.4,67,9.8,996.6,1001.5,1.4,2.4,4,378.9,0
2016-10-15 17:51:04,5,56,19.3,67,9.4,996.6,1001.5,0.7,1.7,4,378.9,0
2016-10-15 17:56:04,5,56,19.3,67,9,996.6,1001.5,1,1.7,4,378.9,0
2016-10-15 18:01:04,5,56,19.3,69,8.8,996.6,1001.5,0.7,1.4,4,378.9,0
2016-10-15 18:06:04,5,56,19.2,70,8.7,996.6,1001.5,1.4,2.4,4,378.9,0
2016-10-15 18:11:04,5,56,19.2,70,8.6,996.7,1001.6,1,1.7,2,378.9,0
2016-10-15 18:16:04,5,56,19.2,70,8.4,996.7,1001.6,1.4,2.4,4,378.9,0
2016-10-15 18:21:04,5,56,19.2,71,8.1,996.6,1001.5,1.7,2,14,378.9,0
2016-10-15 18:26:04,5,56,19.1,72,7.8,996.6,1001.5,1,2.4,2,378.9,0
2016-10-15 18:31:04,5,56,19.1,72,7.7,996.8,1001.7,1.7,2.4,2,378.9,0
2016-10-15 18:36:04,5,54,19.1,73,7.6,996.8,1001.7,1.7,2.7,4,378.9,0
2016-10-15 18:41:04,5,55,19.2,73,7.5,996.8,1001.7,2,2.7,4,378.9,0
2016-10-15 18:46:04,5,56,19.1,73,7.5,996.7,1001.6,1.7,2.7,4,378.9,0
2016-10-15 18:51:04,5,56,19.1,74,7.4,996.9,1001.8,2,3.1,4,378.9,0
2016-10-15 18:56:04,5,56,19.1,74,7.5,996.9,1001.8,2.7,3.4,4,378.9,0
2016-10-15 19:01:04,5,57,19.1,74,7.7,996.8,1001.7,2.7,4.1,4,378.9,0
2016-10-15 19:06:04,5,57,19.1,74,7.8,996.9,1001.8,3.1,4.1,4,378.9,0
2016-10-15 19:11:04,5,57,19.1,75,8,996.9,1001.8,2.4,3.1,4,378.9,0
2016-10-15 19:16:04,5,57,19.1,75,8,996.9,1001.8,2.7,3.7,12,378.9,0
2016-10-15 19:21:04,5,58,19.1,74,7.9,996.9,1001.8,3.4,4.4,4,378.9,0
2016-10-15 19:26:04,5,58,19.1,74,7.9,997,1001.9,2,2.7,4,378.9,0
2016-10-15 19:31:04,5,58,19.1,73,7.7,997,1001.9,2,3.1,4,378.9,0
2016-10-15 19:36:04,5,58,19.1,74,7.6,997,1001.9,1.7,2.4,4,378.9,0
2016-10-15 19:41:04,5,59,19.1,74,7.5,996.9,1001.8,1.7,2.4,0,378.9,0
2016-10-15 19:46:04,5,59,19,74,7.6,996.8,1001.7,1.7,2.4,0,378.9,0
2016-10-15 19:51:04,5,59,19,74,7.6,996.7,1001.6,1.4,2,4,378.9,0
2016-10-15 19:56:04,5,59,19,74,7.6,996.9,1001.8,2.4,3.4,2,378.9,0
2016-10-15 20:01:04,5,59,19,74,7.7,996.7,1001.6,3.4,4.1,0,378.9,0
2016-10-15 20:06:04,5,59,19,74,7.7,996.8,1001.7,1.7,3.1,2,378.9,0
2016-10-15 20:11:04,5,59,19,74,7.9,996.6,1001.5,2.4,3.4,4,378.9,0
2016-10-15 20:16:04,5,59,19,73,7.9,996.7,1001.6,1.7,3.4,12,378.9,0
2016-10-15 20:21:04,5,59,19,74,8,996.7,1001.6,1.4,2,2,378.9,0
2016-10-15 20:26:04,5,60,19.1,74,8,996.6,1001.5,1.7,2.4,4,378.9,0
2016-10-15 20:31:04,5,60,19.1,74,8.1,996.7,1001.6,1.4,2.4,2,378.9,0
2016-10-15 20:36:04,5,60,19.1,73,8.1,996.5,1001.4,1.7,3.1,2,378.9,0
2016-10-15 20:41:04,5,60,19.1,73,8.1,996.5,1001.4,1.4,2,2,378.9,0
2016-10-15 20:46:04,5,60,19.1,73,8,996.6,1001.5,1.7,2.4,0,378.9,0
2016-10-15 20:51:04,5,60,19.1,73,7.8,996.7,1001.6,0.7,1.7,0,378.9,0
2016-10-15 20:56:04,5,60,19.1,73,7.8,996.7,1001.6,1.7,2.4,2,378.9,0
2016-10-15 21:01:04,5,60,19.1,73,7.7,996.4,1001.3,1.4,2.4,4,378.9,0
2016-10-15 21:06:04,5,60,19.1,73,7.8,996.6,1001.5,1.7,2.4,0,378.9,0
2016-10-15 21:11:04,5,61,19.1,73,7.8,996.5,1001.4,2,2.4,2,378.9,0
2016-10-15 21:16:04,5,61,19.1,73,7.8,996.4,1001.3,1.4,2,10,378.9,0
2016-10-15 21:21:04,5,61,19.1,73,7.8,996.4,1001.3,1.7,2,0,378.9,0
2016-10-15 21:26:04,5,61,19.2,73,7.8,996.3,1001.2,1.4,3.4,2,378.9,0
2016-10-15 21:31:04,5,61,19.2,73,7.7,996.2,1001.1,1.4,2.4,2,378.9,0
2016-10-15 21:36:04,5,61,19.2,73,7.7,996.4,1001.3,1.7,2.7,2,378.9,0
2016-10-15 21:41:04,5,61,19.2,73,7.7,996.4,1001.3,2,3.1,4,378.9,0
2016-10-15 21:46:04,5,61,19.2,73,7.8,996.2,1001.1,2,2.7,2,378.9,0
2016-10-15 21:51:04,5,61,19.2,73,7.7,996.1,1001,1.7,2.7,0,378.9,0
2016-10-15 21:56:04,5,61,19.2,73,7.7,996.2,1001.1,1.4,2,1,378.9,0
2016-10-15 22:01:04,5,61,19.2,73,7.6,996,1000.9,1,1.7,2,378.9,0
2016-10-15 22:06:04,5,61,19.2,73,7.5,996,1000.9,1,1.7,4,378.9,0
2016-10-15 22:11:04,5,61,19.2,73,7.4,995.9,1000.8,1,2.4,0,378.9,0
2016-10-15 22:16:04,5,61,19.2,74,7.4,995.8,1000.7,0.7,1.4,2,378.9,0
2016-10-15 22:21:04,5,61,19.2,74,7.4,995.7,1000.6,1.4,1.7,2,378.9,0
2016-10-15 22:26:04,5,61,19.2,74,7.4,995.8,1000.7,1,1.7,2,378.9,0
2016-10-15 22:31:04,5,61,19.2,74,7.5,995.6,1000.5,1,1.7,2,378.9,0
2016-10-15 22:36:04,5,62,19.3,74,7.6,995.5,1000.4,1.7,2.4,2,378.9,0
2016-10-15 22:41:04,5,62,19.3,74,7.6,995.5,1000.4,1.4,2,2,378.9,0
2016-10-15 22:46:04,5,62,19.3,75,7.6,995.3,1000.2,1.4,2,14,378.9,0
2016-10-15 22:51:04,5,62,19.3,75,7.6,995.4,1000.3,1.7,2.4,0,378.9,0
2016-10-15 22:56:04,5,62,19.3,75,7.6,995.3,1000.2,1.7,2.7,4,378.9,0
2016-10-15 23:01:04,5,62,19.3,75,7.6,995.2,1000.1,2,2.4,2,378.9,0
2016-10-15 23:06:04,5,62,19.3,75,7.6,995.1,1000,1,2,4,378.9,0
2016-10-15 23:11:04,5,62,19.3,75,7.7,994.9,999.8,1.4,2,0,378.9,0
2016-10-15 23:16:04,5,62,19.3,75,7.7,995,999.9,1.7,3.1,8,378.9,0
2016-10-15 23:21:04,5,62,19.3,76,7.7,994.9,999.8,1.4,3.4,2,378.9,0
2016-10-15 23:26:04,5,62,19.3,76,7.8,994.9,999.8,1.4,2.4,2,378.9,0
2016-10-15 23:31:04,5,62,19.3,76,7.9,994.9,999.8,1.7,2.7,0,378.9,0
2016-10-15 23:36:04,5,62,19.3,76,8,994.7,999.6,2.7,4.1,2,378.9,0
2016-10-15 23:41:04,5,62,19.3,76,8.1,994.7,999.6,2,3.4,0,378.9,0
2016-10-15 23:46:04,5,62,19.3,76,8.1,994.7,999.6,2,3.4,0,378.9,0
2016-10-15 23:51:04,5,62,19.3,76,8.1,994.8,999.7,2,3.4,2,378.9,0
2016-10-15 23:56:04,5,62,19.3,77,8.2,994.7,999.6,2.4,3.1,2,378.9,0
