2016-10-16 00:01:04,5,62,19.3,77,8.2,994.7,999.6,2,2.7,2,378.9,0
2016-10-16 00:06:04,5,62,19.3,77,8.2,994.7,999.6,2,3.4,2,378.9,0
2016-10-16 00:11:04,5,62,19.3,77,8.1,994.5,999.4,1.7,3.1,2,378.9,0
2016-10-16 00:16:04,5,62,19.3,77,8.1,994.6,999.5,2,3.4,4,378.9,0
2016-10-16 00:21:04,5,62,19.3,77,8.2,994.6,999.5,1.4,2,4,378.9,0
2016-10-16 00:26:04,5,62,19.3,77,8.2,994.6,999.5,2,3.1,2,378.9,0
2016-10-16 00:31:04,5,62,19.3,77,8.2,994.3,999.2,1.4,2.4,2,378.9,0
2016-10-16 00:36:04,5,62,19.3,77,8.2,994.2,999.1,1.4,2,4,378.9,0
2016-10-16 00:41:04,5,62,19.3,77,8.2,994.1,999,2,3.1,2,378.9,0
2016-10-16 00:46:04,5,62,19.3,77,8.2,994.1,999,2,3.1,4,378.9,0
2016-10-16 00:51:04,5,62,19.3,77,8.3,994,998.9,1.4,2,4,378.9,0
2016-10-16 00:56:04,5,62,19.3,77,8.3,994,998.9,2,3.1,4,378.9,0
2016-10-16 01:01:04,5,62,19.3,77,8.4,993.8,998.7,1.7,2.7,2,378.9,0
2016-10-16 01:06:04,5,62,19.3,77,8.4,993.7,998.6,2,3.1,2,378.9,0
2016-10-16 01:11:04,5,62,19.3,77,8.4,993.6,998.5,2,3.1,2,378.9,0
2016-10-16 01:16:04,5,62,19.3,77,8.4,993.7,998.6,2,2.4,2,378.9,0
2016-10-16 01:21:04,5,62,19.3,77,8.4,993.6,998.5,1.7,2.7,3,378.9,0
2016-10-16 01:26:04,5,62,19.3,77,8.5,993.6,998.5,2,3.4,0,378.9,0
2016-10-16 01:31:04,5,62,19.3,77,8.5,993.7,998.6,1,1.7,2,378.9,0
2016-10-16 01:36:04,5,62,19.3,77,8.5,993.6,998.5,1,2,2,378.9,0
2016-10-16 01:41:04,5,62,19.3,77,8.5,993.5,998.4,1.7,2.7,2,379.2,0
2016-10-16 01:46:04,5,62,19.3,77,8.6,993.4,998.3,1.7,2.7,0,379.2,0
2016-10-16 01:51:04,5,62,19.3,77,8.7,993.3,998.2,1.4,2.4,15,379.5,0
2016-10-16 01:56:04,5,62,19.3,77,8.7,993.1,998,1.7,2.7,2,379.8,0
2016-10-16 02:01:04,5,62,19.3,78,8.7,993.1,998,2,2.7,4,379.8,0
2016-10-16 02:06:04,5,62,19.3,78,8.7,993,997.9,1.7,3.1,0,379.8,0
2016-10-16 02:11:04,5,62,19.3,78,8.8,993.1,998,1.7,2.7,2,379.8,0
2016-10-16 02:16:04,5,62,19.3,78,8.8,993.1,998,1.7,2.4,2,379.8,0
2016-10-16 02:21:04,5,62,19.3,78,8.7,993.1,998,1.4,2.4,4,380.1,0
2016-10-16 02:26:04,5,62,19.3,78,8.7,992.8,997.7,1.4,2.4,2,380.4,0
2016-10-16 02:31:04,5,62,19.3,78,8.8,992.9,997.8,1.4,2,2,380.4,0
2016-10-16 02:36:04,5,62,19.3,78,8.7,992.7,997.6,2,2.7,4,380.7,0
2016-10-16 02:41:04,5,62,19.3,78,8.7,992.7,997.6,1,1.7,0,381,0
2016-10-16 02:46:04,5,62,19.3,78,8.8,992.7,997.6,1.7,2.7,2,381,0
2016-10-16 02:51:04,5,62,19.3,78,8.8,992.6,997.5,2,3.1,11,381.3,0
2016-10-16 02:56:04,5,62,19.3,78,8.8,992.2,997.1,2.7,3.4,1,381.6,0
2016-10-16 03:01:04,5,62,19.3,78,8.8,992.2,997.1,1.7,2.7,0,381.9,0
2016-10-16 03:06:04,5,62,19.3,78,8.8,992.2,997.1,2.4,3.7,2,382.2,0
2016-10-16 03:11:04,5,62,19.3,78,8.8,992,996.9,2,3.4,2,382.5,0
2016-10-16 03:16:04,5,62,19.3,78,8.7,991.9,996.8,2,2.7,2,382.5,0
2016-10-16 03:21:04,5,62,19.3,78,8.6,991.9,996.8,2.4,3.4,0,382.5,0
2016-10-16 03:26:04,5,62,19.3,78,8.6,991.6,996.5,2.7,4.1,2,382.5,0
2016-10-16 03:31:04,5,62,19.3,78,8.6,991.7,996.6,2.4,3.4,2,382.5,0
2016-10-16 03:36:04,5,62,19.3,78,8.6,991.6,996.5,2.4,3.4,2,382.5,0
2016-10-16 03:41:04,5,62,19.2,78,8.6,991.5,996.4,2,3.4,2,382.5,0
2016-10-16 03:46:04,5,62,19.2,78,8.6,991.4,996.3,2.4,3.7,2,382.5,0
2016-10-16 03:51:04,5,62,19.2,78,8.5,991.5,996.4,2,3.4,2,382.5,0
2016-10-16 03:56:04,5,62,19.2,78,8.5,991.3,996.2,1.4,2.4,2,382.5,0
2016-10-16 04:01:04,5,62,19.2,78,8.4,991.4,996.3,1,1.4,2,382.5,0
2016-10-16 04:06:04,5,62,19.2,78,8.4,991.4,996.3,1,1.7,4,382.5,0
2016-10-16 04:11:04,5,62,19.2,78,8.3,991.5,996.4,1.4,2,2,382.5,0
2016-10-16 04:16:04,5,62,19.2,78,8.3,991.3,996.2,1,1.7,4,382.5,0
2016-10-16 04:21:04,5,62,19.2,78,8.3,991.3,996.2,2,3.1,4,382.5,0
2016-10-16 04:26:04,5,62,19.2,78,8.4,991,995.9,1.7,2.7,0,382.5,0
2016-10-16 04:31:04,5,62,19.2,78,8.5,991.2,996.1,3.1,4.8,4,382.5,0
2016-10-16 04:36:04,5,62,19.2,78,8.5,991.3,996.2,2.7,3.4,2,382.5,0
2016-10-16 04:41:04,5,62,19.2,78,8.6,991.1,996,1,1.7,2,382.5,0
2016-10-16 04:46:04,5,62,19.2,78,8.6,991.2,996.1,1.4,2,0,382.5,0
2016-10-16 04:51:04,5,62,19.2,78,8.6,991.2,996.1,1.7,2.4,1,382.5,0
2016-10-16 04:56:04,5,62,19.2,78,8.5,991.1,996,1.7,2.7,2,382.5,0
2016-10-16 05:01:04,5,62,19.2,78,8.4,991,995.9,1,2,2,382.5,0
2016-10-16 05:06:04,5,62,19.1,78,8.4,990.9,995.8,2,2.7,4,382.5,0
2016-10-16 05:11:04,5,62,19.1,78,8.3,990.8,995.7,1.4,3.1,2,382.5,0
2016-10-16 05:16:04,5,62,19.2,78,8.2,991,995.9,1.7,2.7,4,382.5,0
2016-10-16 05:21:04,5,62,19.2,78,8.1,990.7,995.6,1,1.4,0,382.5,0
2016-10-16 05:26:04,5,62,19.1,78,8,990.6,995.5,1.4,1.7,2,382.5,0
2016-10-16 05:31:04,5,62,19.1,78,7.7,990.6,995.5,0.7,1.4,2,382.5,0
2016-10-16 05:36:04,5,62,19.1,78,7.6,990.7,995.6,1,1.7,2,382.5,0
2016-10-16 05:41:04,5,62,19.1,78,7.5,990.6,995.5,1,1.4,2,382.5,0
2016-10-16 05:46:04,5,62,19.1,78,7.4,990.7,995.6,1,2.4,2,382.5,0
2016-10-16 05:51:04,5,62,19.1,78,7.5,990.7,995.6,1.4,2,2,382.5,0
2016-10-16 05:56:04,5,62,19.1,78,7.5,990.6,995.5,1.4,1.7,2,382.5,0
2016-10-16 06:01:04,5,62,19.1,78,7.5,990.5,995.4,1,2,2,382.5,0
2016-10-16 06:06:04,5,62,19.1,78,7.5,990.4,995.3,1.7,2.7,0,382.5,0
2016-10-16 06:11:04,5,62,19.1,78,7.5,990.3,995.2,1.4,2.4,2,382.5,0
2016-10-16 06:16:04,5,62,19.1,78,7.6,990.4,995.3,2,3.1,2,382.5,0
2016-10-16 06:21:04,5,62,19.1,78,7.8,990.3,995.2,1.7,3.1,4,382.5,0
2016-10-16 06:26:04,5,62,19.1,78,7.9,990.3,995.2,1.4,3.1,1,382.5,0
2016-10-16 06:31:04,5,62,19.1,78,8.1,990,994.9,1.4,2.4,2,382.5,0
2016-10-16 06:36:04,5,62,19.1,78,8,990,994.9,2,3.1,0,382.5,0
2016-10-16 06:41:04,5,62,19,78,7.9,990,994.9,2,3.1,0,382.5,0
2016-10-16 06:46:04,5,62,19,78,8,989.8,994.7,1.7,3.1,0,382.5,0
2016-10-16 06:51:04,5,62,19,78,8.1,989.8,994.7,1.7,2.7,0,382.5,0
2016-10-16 06:56:04,5,62,19,78,8.3,989.7,994.6,2,3.4,2,382.5,0
2016-10-16 07:01:04,5,62,19,78,8.5,989.7,994.6,3.1,4.4,15,382.5,0
2016-10-16 07:06:04,5,62,19,78,8.6,989.6,994.5,2,2.7,2,382.5,0
2016-10-16 07:11:04,5,62,19,78,8.8,989.4,994.3,2,2.7,1,382.5,0
2016-10-16 07:16:04,5,62,19,78,8.9,989.5,994.4,3.1,4.4,0,382.5,0
2016-10-16 07:21:04,5,62,19,78,8.9,989.5,994.4,1.7,3.1,2,382.5,0
2016-10-16 07:26:04,5,62,19,77,9,989.5,994.4,2,3.1,12,382.5,0
2016-10-16 07:31:04,5,62,19,77,9,989.5,994.4,2.7,3.7,2,382.5,0
2016-10-16 07:36:04,5,62,19,77,9.1,989.5,994.4,2.4,3.4,0,382.5,0
2016-10-16 07:41:04,5,62,19,77,9.2,989.5,994.4,1.7,2.7,1,382.5,0
2016-10-16 07:46:04,5,62,19,77,9.2,989.3,994.2,2,3.7,2,382.5,0
2016-10-16 07:51:04,5,63,18.9,76,9.2,989.5,994.4,1.7,2.7,2,382.5,0
2016-10-16 07:56:04,5,62,19,76,9.3,989.3,994.2,2.7,3.7,0,382.5,0
2016-10-16 08:01:04,5,62,19,76,9.4,989.3,994.2,2.4,3.4,2,382.5,0
2016-10-16 08:06:04,5,62,19,76,9.5,989.5,994.4,2.7,5.4,2,382.5,0
2016-10-16 08:11:04,5,62,19,76,9.6,989.5,994.4,1.7,2.7,2,382.5,0
2016-10-16 08:16:04,5,62,19,76,9.7,989.3,994.2,2.7,5.8,0,382.5,0
2016-10-16 08:21:04,5,62,19,76,9.7,989.4,994.3,1.4,2.4,2,382.5,0
2016-10-16 08:26:04,5,62,19,76,9.7,989.5,994.4,1.7,2.4,2,382.5,0
2016-10-16 08:31:04,5,62,19,76,9.8,989.3,994.2,1,2.4,4,382.5,0
2016-10-16 08:36:04,5,62,19,76,9.8,989.5,994.4,1.7,3.4,2,382.5,0
2016-10-16 08:41:04,5,62,19,76,9.7,989.3,994.2,2,3.1,4,382.5,0
2016-10-16 08:46:04,5,62,19,76,9.8,989.7,994.6,1.7,2.4,0,382.5,0
2016-10-16 08:51:04,5,62,19,75,9.7,989.6,994.5,1,2.4,0,382.8,0
2016-10-16 08:56:04,5,62,19,76,9.6,989.7,994.6,1.7,2.7,0,383.1,0
2016-10-16 09:01:04,5,62,19,76,9.5,989.7,994.6,1,1.7,0,383.1,0
2016-10-16 09:06:04,5,62,19,76,9.5,989.8,994.7,0.7,1.4,2,383.4,0
2016-10-16 09:11:04,5,62,19,76,9.5,989.9,994.8,0.7,1,4,383.4,0
2016-10-16 09:16:04,5,62,19,76,9.4,990,994.9,0.7,1.4,0,383.4,0
2016-10-16 09:21:04,5,62,19,76,9.5,990,994.9,0.7,1,4,383.4,0
2016-10-16 09:26:04,5,62,19,76,9.5,990.1,995,0,0.7,8,384,0
2016-10-16 09:31:04,5,62,19,76,9.4,990.3,995.2,1.4,2.7,10,384,0
2016-10-16 09:36:04,5,62,19,76,9.3,990.3,995.2,1,1.4,8,384,0
2016-10-16 09:41:04,5,62,19,76,9.2,990.5,995.4,1.4,2,10,384.3,0
2016-10-16 09:46:04,5,63,19,76,9.1,990.6,995.5,0.7,1.4,10,384.3,0
2016-10-16 09:51:04,5,63,19,76,9.1,990.5,995.4,2,2.7,8,384.3,0
2016-10-16 09:56:04,5,63,19,76,9.1,990.8,995.7,1.7,2.4,12,384.6,0
2016-10-16 10:01:04,5,63,19,77,9.2,990.9,995.8,1.4,2,10,384.6,0
2016-10-16 10:06:04,5,63,19,77,9.2,991,995.9,1.7,3.4,8,384.9,0
2016-10-16 10:11:04,5,63,19,77,9.5,991.2,996.1,1.4,2.4,10,385.2,0
2016-10-16 10:16:04,5,63,19,77,9.7,991.3,996.2,1.7,3.4,8,385.2,0
2016-10-16 10:21:04,5,64,19.1,76,10,991.5,996.4,1.4,2.4,8,385.2,0
2016-10-16 10:26:04,5,64,19,76,10.1,991.7,996.6,1.7,2.4,8,385.2,0
2016-10-16 10:31:04,5,64,19.1,77,9.9,991.6,996.5,2,3.1,8,385.2,0
2016-10-16 10:36:04,5,64,19.1,76,10,991.7,996.6,2,4.1,0,385.2,0
2016-10-16 10:41:04,5,64,19.2,76,10,991.8,996.7,2.4,3.1,10,385.2,0
2016-10-16 10:46:04,5,64,19.2,77,9.9,992,996.9,0.7,1,8,385.2,0
2016-10-16 10:51:04,5,64,19.2,76,10.3,992,996.9,2,2.7,8,385.2,0
2016-10-16 10:56:04,5,64,19.2,76,10.4,992.2,997.1,2.4,3.4,10,385.2,0
2016-10-16 11:01:04,5,64,19.3,76,10.2,992.1,997,2.7,3.7,8,385.2,0
2016-10-16 11:06:04,5,64,19.3,76,10.3,992.4,997.3,2,3.1,10,385.2,0
2016-10-16 11:11:04,5,64,19.3,76,10.5,992.5,997.4,2,3.1,8,385.2,0
2016-10-16 11:16:04,5,64,19.3,76,10.6,992.8,997.7,3.1,4.8,8,385.2,0
2016-10-16 11:21:04,5,64,19.3,76,10.3,992.8,997.7,1.4,2.4,0,385.2,0
2016-10-16 11:26:04,5,64,19.4,76,10.3,993.1,998,2.4,3.7,8,385.2,0
2016-10-16 11:31:04,5,64,19.4,75,10.2,993,997.9,2.7,3.7,9,385.2,0
2016-10-16 11:36:04,5,64,19.4,75,10.2,993.3,998.2,3.1,5.1,8,385.2,0
2016-10-16 11:41:04,5,64,19.4,74,10.2,993.5,998.4,2.7,4.4,9,385.2,0
2016-10-16 11:46:04,5,64,19.4,74,10.2,993.5,998.4,2.7,3.7,8,385.2,0
2016-10-16 11:51:04,5,64,19.4,74,10.3,993.5,998.4,1.7,3.1,8,385.2,0
2016-10-16 11:56:04,5,64,19.4,74,10.3,993.6,998.5,2.7,4.4,8,385.2,0
2016-10-16 12:01:04,5,64,19.4,74,10.3,993.7,998.6,3.1,5.1,10,385.2,0
2016-10-16 12:06:04,5,64,19.4,73,10.2,993.9,998.8,2.4,3.7,8,385.2,0
2016-10-16 12:11:04,5,64,19.4,73,10.3,994,998.9,2.4,3.7,10,385.2,0
2016-10-16 12:16:04,5,64,19.5,73,10.5,994.1,999,2,3.4,8,385.2,0
2016-10-16 12:21:04,5,64,19.4,73,10.7,994.3,999.2,2.4,4.8,8,385.2,0
2016-10-16 12:26:04,5,64,19.5,73,10.2,994.5,999.4,3.1,4.4,8,385.5,0
2016-10-16 12:31:04,5,64,19.5,74,9.8,994.4,999.3,1.7,3.1,8,386.1,0
2016-10-16 12:36:04,5,64,19.5,74,9.8,994.3,999.2,3.1,4.4,10,386.1,0
2016-10-16 12:41:04,5,64,19.5,74,10.2,994.3,999.2,2.7,4.4,8,386.1,0
2016-10-16 12:46:04,5,64,19.5,74,10.9,994.4,999.3,3.1,3.7,8,386.1,0
2016-10-16 12:51:04,5,64,19.6,73,11.5,994.6,999.5,2,3.4,10,386.1,0
2016-10-16 12:56:04,5,64,19.6,72,11.5,994.7,999.6,2.7,3.7,8,386.1,0
2016-10-16 13:01:04,5,64,19.6,71,11.2,994.8,999.7,3.1,4.8,10,386.1,0
2016-10-16 13:06:04,5,64,19.6,72,10.8,995,999.9,2.7,4.8,10,386.4,0
2016-10-16 13:11:04,5,64,19.6,73,10.7,994.8,999.7,1,1.7,8,386.4,0
2016-10-16 13:16:04,5,64,19.6,73,10.8,994.9,999.8,1.4,2,10,386.4,0
2016-10-16 13:21:04,5,64,19.6,74,10.9,995,999.9,0.7,1.4,12,386.7,0
2016-10-16 13:26:04,5,64,19.6,73,11.1,994.8,999.7,2.7,4.4,10,387,0
2016-10-16 13:31:04,5,63,19.6,73,11.5,995,999.9,1.7,3.1,8,387,0
2016-10-16 13:36:04,5,63,19.6,72,11.5,994.9,999.8,2.4,3.7,10,387,0
2016-10-16 13:41:04,5,64,19.6,71,11.7,994.9,999.8,2.4,5.1,8,387,0
2016-10-16 13:46:04,5,64,19.6,70,11.9,995.1,1000,2.7,4.4,10,387,0
2016-10-16 13:51:04,5,65,19.7,68,11.6,995,999.9,3.1,4.8,8,387,0
2016-10-16 13:56:04,5,65,19.7,68,11.3,995.3,1000.2,1.7,2.7,8,387,0
2016-10-16 14:01:04,5,65,19.7,69,11.3,995.3,1000.2,2.4,3.4,8,387,0
2016-10-16 14:06:04,5,65,19.7,70,11.5,995.2,1000.1,1.7,4.4,8,387,0
2016-10-16 14:11:04,5,65,19.7,69,11.8,995.4,1000.3,2,3.1,9,387,0
2016-10-16 14:16:04,5,65,19.7,69,11.9,995.3,1000.2,2.4,4.8,9,387,0
2016-10-16 14:21:04,5,65,19.8,67,11.9,995.3,1000.2,4.4,5.8,8,387,0
2016-10-16 14:26:04,5,65,19.8,66,12.4,995.2,1000.1,2.4,3.4,12,387,0
2016-10-16 14:31:04,5,65,19.8,65,12.5,995.3,1000.2,1.7,2.7,8,387,0
2016-10-16 14:36:04,5,65,19.8,64,12.5,995.3,1000.2,2,3.7,8,387,0
2016-10-16 14:41:04,5,65,19.8,66,11.9,995.4,1000.3,2,4.1,10,387,0
2016-10-16 14:46:04,5,63,19.9,66,11.6,995.3,1000.2,1,1.7,8,387,0
2016-10-16 14:51:04,5,63,19.8,68,11.3,995.3,1000.2,2.4,3.7,9,387,0
2016-10-16 14:56:04,5,63,19.8,69,11.1,995.4,1000.3,2,3.7,8,387,0
2016-10-16 15:01:04,5,63,19.8,71,10.9,995.4,1000.3,1.7,2.4,8,387,0
2016-10-16 15:06:04,5,64,19.8,71,10.8,995.4,1000.3,2,3.1,8,387,0
2016-10-16 15:11:04,5,64,19.8,72,10.7,995.4,1000.3,2.7,4.4,8,387,0
2016-10-16 15:16:04,5,64,19.8,72,10.7,995.4,1000.3,2.4,3.4,4,387,0
2016-10-16 15:21:04,5,64,19.8,73,10.7,995.4,1000.3,0.7,1,10,387,0
2016-10-16 15:26:04,5,64,19.8,73,10.8,995.5,1000.4,1,2,10,387,0
2016-10-16 15:31:04,5,64,19.8,73,10.8,995.4,1000.3,1.4,2.4,8,387,0
2016-10-16 15:36:04,5,64,19.8,73,10.8,995.4,1000.3,1,2,8,387,0
2016-10-16 15:41:04,5,64,19.8,72,10.8,995.4,1000.3,1.7,2.7,10,387,0
2016-10-16 15:46:04,5,64,19.8,72,10.7,995.4,1000.3,1.7,2.7,10,387,0
2016-10-16 15:51:04,5,64,19.8,71,10.7,995.3,1000.2,1.4,2,8,387,0
2016-10-16 15:56:04,5,64,19.8,71,10.6,995.3,1000.2,0.7,1.4,8,387,0
2016-10-16 16:01:04,5,64,19.8,71,10.7,995.3,1000.2,1.7,2.4,10,387,0
2016-10-16 16:06:04,5,65,19.8,71,10.7,995.4,1000.3,1,2.4,8,387,0
2016-10-16 16:11:04,5,64,19.7,72,10.6,995.4,1000.3,1,1.7,4,387,0
2016-10-16 16:16:04,5,64,19.7,72,10.6,995.4,1000.3,1.7,2.4,8,387,0
2016-10-16 16:21:04,5,64,19.7,72,10.6,995.3,1000.2,1.4,2.7,8,387,0
2016-10-16 16:26:04,5,65,19.7,72,10.6,995.4,1000.3,1.7,2.7,10,387,0
2016-10-16 16:31:04,5,65,19.7,72,10.5,995.6,1000.5,2,3.1,13,387,0
2016-10-16 16:36:04,5,65,19.7,72,10.5,995.5,1000.4,2,3.4,12,387,0
2016-10-16 16:41:04,5,66,19.7,72,10.5,995.3,1000.2,1.7,2.4,10,387,0
2016-10-16 16:46:04,5,66,19.7,71,10.5,995.6,1000.5,1,2.7,9,387,0
2016-10-16 16:51:04,5,66,19.7,72,10.5,995.5,1000.4,1.4,1.7,8,387,0
2016-10-16 16:56:04,5,67,19.7,72,10.4,995.6,1000.5,1.7,2,8,387,0
2016-10-16 17:01:04,5,67,19.7,72,10.4,995.6,1000.5,1,1.7,10,387,0
2016-10-16 17:06:04,5,67,19.7,72,10.4,995.7,1000.6,1.4,2.4,0,387,0
2016-10-16 17:11:04,5,67,19.7,72,10.4,995.7,1000.6,1.4,2,8,387,0
2016-10-16 17:16:04,5,67,19.7,72,10.4,995.8,1000.7,1.7,3.1,8,387,0
2016-10-16 17:21:04,5,67,19.7,72,10.4,995.6,1000.5,1.7,3.1,8,387,0
2016-10-16 17:26:04,5,67,19.7,73,10.4,995.7,1000.6,2,4.4,10,387.3,0
2016-10-16 17:31:04,5,67,19.7,73,10.3,995.7,1000.6,1.4,2,2,387.3,0
2016-10-16 17:36:04,5,67,19.7,73,10.2,995.8,1000.7,1.7,3.1,8,387.3,0
2016-10-16 17:41:04,5,68,19.7,73,10.2,995.9,1000.8,1.4,2.4,8,387.3,0
2016-10-16 17:46:04,5,69,19.7,73,10.2,996,1000.9,1.4,2.7,8,387.3,0
2016-10-16 17:51:04,5,69,19.7,73,10.2,996.1,1001,2,3.1,9,387.6,0
2016-10-16 17:56:04,5,69,19.7,73,10,996,1000.9,1.4,1.7,8,387.6,0
2016-10-16 18:01:04,5,70,19.8,74,9.9,995.9,1000.8,1,1.7,10,387.6,0
2016-10-16 18:06:04,5,70,19.8,74,9.9,996.3,1001.2,0.7,1,10,387.6,0
2016-10-16 18:11:04,5,71,19.8,74,9.9,996.2,1001.1,0.7,1.4,10,387.9,0
2016-10-16 18:16:04,5,71,19.8,74,9.9,996.3,1001.2,0.7,1.7,8,388.2,0
2016-10-16 18:21:04,5,71,19.8,75,9.8,996.4,1001.3,1,1.7,8,388.2,0
2016-10-16 18:26:04,5,71,19.9,75,9.8,996.5,1001.4,0.7,1.4,8,388.2,0
2016-10-16 18:31:04,5,71,19.9,75,9.7,996.5,1001.4,0.7,1,9,388.5,0
2016-10-16 18:36:04,5,71,19.9,75,9.6,996.4,1001.3,0.7,1.4,8,388.5,0
2016-10-16 18:41:04,5,71,19.9,75,9.5,996.5,1001.4,0.3,1,8,388.5,0
2016-10-16 18:46:04,5,71,20,75,9.5,996.4,1001.3,1,1.7,8,388.5,0
2016-10-16 18:51:04,5,71,20,75,9.4,996.3,1001.2,1,1.7,14,388.5,0
2016-10-16 18:56:04,5,71,20,75,9.5,996.4,1001.3,1,1.7,10,388.5,0
2016-10-16 19:01:04,5,72,20.1,75,9.5,996.3,1001.2,1.4,1.7,10,388.8,0
2016-10-16 19:06:04,5,73,20.1,76,9.6,996.4,1001.3,0.7,2,10,388.8,0
2016-10-16 19:11:04,5,73,20.1,76,9.6,996.4,1001.3,1.4,2,8,388.8,0
2016-10-16 19:16:04,5,73,20.2,76,9.7,996.5,1001.4,0.7,1.7,10,388.8,0
2016-10-16 19:21:04,5,73,20.2,76,9.7,996.4,1001.3,1.4,2,8,388.8,0
2016-10-16 19:26:04,5,73,20.2,76,9.6,996.4,1001.3,1.4,2,10,388.8,0
2016-10-16 19:31:04,5,72,20.3,76,9.6,996.5,1001.4,1.4,2,14,388.8,0
2016-10-16 19:36:04,5,72,20.3,76,9.6,996.6,1001.5,1.7,3.1,10,388.8,0
2016-10-16 19:41:04,5,72,20.3,76,9.6,996.6,1001.5,1.7,2.4,12,389.4,0
2016-10-16 19:46:04,5,72,20.3,76,9.6,996.5,1001.4,1.4,2,12,389.7,0
2016-10-16 19:51:04,5,72,20.4,76,9.5,996.6,1001.5,1.7,3.1,8,389.7,0
2016-10-16 19:56:04,5,72,20.3,76,9.5,996.6,1001.5,1.4,3.1,10,389.7,0
2016-10-16 20:01:04,5,72,20.4,76,9.6,996.4,1001.3,1.4,3.1,8,389.7,0
2016-10-16 20:06:04,5,72,20.4,76,9.6,996.5,1001.4,2.7,4.8,8,389.7,0
2016-10-16 20:11:04,5,72,20.4,76,9.6,996.6,1001.5,2,3.4,10,389.7,0
2016-10-16 20:16:04,5,72,20.4,76,9.6,996.6,1001.5,1,2.7,8,389.7,0
2016-10-16 20:21:04,5,71,20.4,76,9.6,996.6,1001.5,1.7,2.7,8,390,0
2016-10-16 20:26:04,5,71,20.4,76,9.6,996.8,1001.7,2.4,3.7,10,390.3,0
2016-10-16 20:31:04,5,71,20.4,76,9.5,996.9,1001.8,1.7,3.4,10,390.9,0
2016-10-16 20:36:04,5,71,20.4,76,9.5,996.8,1001.7,1.7,3.4,10,390.9,0
2016-10-16 20:41:04,5,71,20.4,76,9.5,996.6,1001.5,1.4,3.1,10,390.9,0
2016-10-16 20:46:04,5,71,20.4,76,9.4,996.7,1001.6,2,3.4,12,390.9,0
2016-10-16 20:51:04,5,71,20.5,76,9.4,996.9,1001.8,2.4,4.1,10,390.9,0
2016-10-16 20:56:04,5,71,20.4,76,9.6,996.8,1001.7,1.4,2,8,390.9,0
2016-10-16 21:01:04,5,71,20.5,76,9.6,996.9,1001.8,1.4,3.4,10,390.9,0
2016-10-16 21:06:04,5,71,20.5,76,9.6,996.8,1001.7,2,3.1,8,390.9,0
2016-10-16 21:11:04,5,71,20.5,76,9.7,996.8,1001.7,2,3.4,10,390.9,0
2016-10-16 21:16:04,5,71,20.5,76,9.7,996.9,1001.8,1.7,3.7,8,390.9,0
2016-10-16 21:21:04,5,70,20.5,76,9.7,996.7,1001.6,1.7,3.7,10,390.9,0
2016-10-16 21:26:04,5,70,20.5,76,9.8,996.8,1001.7,2,3.1,10,390.9,0
2016-10-16 21:31:04,5,70,20.5,76,9.8,996.8,1001.7,1.7,3.7,14,390.9,0
2016-10-16 21:36:04,5,70,20.5,76,9.9,997,1001.9,2,4.1,12,390.9,0
2016-10-16 21:41:04,5,70,20.5,76,9.9,996.9,1001.8,2.4,4.4,8,391.2,0
2016-10-16 21:46:04,5,70,20.5,76,9.9,996.9,1001.8,1.4,2,8,391.5,0
2016-10-16 21:51:04,5,70,20.5,76,9.8,996.9,1001.8,2,3.1,12,391.5,0
2016-10-16 21:56:04,5,70,20.5,76,9.8,997,1001.9,1.7,2.4,10,391.8,0
2016-10-16 22:01:04,5,70,20.5,76,9.8,996.9,1001.8,1.7,3.1,4,391.8,0
2016-10-16 22:06:04,5,70,20.5,76,9.8,996.9,1001.8,1.7,3.4,13,391.8,0
2016-10-16 22:11:04,5,70,20.5,76,9.8,996.9,1001.8,1.7,2.4,12,391.8,0
2016-10-16 22:16:04,5,70,20.5,76,9.8,997,1001.9,1.7,2,8,391.8,0
2016-10-16 22:21:04,5,70,20.5,76,9.8,997,1001.9,2.7,4.4,10,392.1,0
2016-10-16 22:26:04,5,70,20.5,76,9.9,997.1,1002,1.4,2.7,12,392.1,0
2016-10-16 22:31:04,5,70,20.5,76,9.9,997.2,1002.1,3.4,5.1,10,392.1,0
2016-10-16 22:36:04,5,70,20.5,76,9.9,997.3,1002.2,1.4,2,10,392.1,0
2016-10-16 22:41:04,5,70,20.5,75,10,997.3,1002.2,1.7,2.7,9,392.4,0
2016-10-16 22:46:04,5,70,20.5,75,10,997.4,1002.3,1.7,2.4,10,392.4,0
2016-10-16 22:51:04,5,70,20.5,76,10.1,997.4,1002.3,1.4,2,8,392.7,0
2016-10-16 22:56:04,5,70,20.4,76,10.1,997.4,1002.3,0.3,1,8,393,0
2016-10-16 23:01:04,5,70,20.5,76,10.1,997.4,1002.3,2.4,4.1,8,393,0
2016-10-16 23:06:04,5,70,20.4,76,10.1,997.7,1002.6,0.7,1.7,8,393,0
2016-10-16 23:11:04,5,70,20.4,76,10.1,997.6,1002.5,2,2.4,8,393,0
2016-10-16 23:16:04,5,69,20.4,76,10.1,997.7,1002.6,1.7,2.4,10,393,0
2016-10-16 23:21:04,5,69,20.4,76,10,997.8,1002.7,1.4,2.4,8,393,0
2016-10-16 23:26:04,5,69,20.4,77,9.9,997.9,1002.8,1.4,2.4,10,393,0
2016-10-16 23:31:04,5,69,20.5,77,9.9,997.9,1002.8,1.7,2.4,8,393,0
2016-10-16 23:36:04,5,69,20.5,77,9.9,998,1002.9,1.7,2.4,10,393,0
2016-10-16 23:41:04,5,69,20.5,77,9.9,998.1,1003,1,2,8,393,0
2016-10-16 23:46:04,5,69,20.5,76,10,998.1,1003,1.7,2.7,8,393,0
2016-10-16 23:51:04,5,69,20.4,77,9.9,998.2,1003.1,1,1.7,8,393,0
2016-10-16 23:56:04,5,69,20.5,77,9.8,998.3,1003.2,1,2.4,10,393,0
