2024-07-19 00:01:58,5,58,22.5,92,12.7,1012.6,1017.5,0,0.3,2,722.7,0
2024-07-19 00:06:58,5,58,22.4,92,12.7,1012.7,1017.6,0,0,2,722.7,0
2024-07-19 00:11:58,5,58,22.4,92,12.6,1012.7,1017.6,0.3,0.7,2,722.7,0
2024-07-19 00:16:58,5,58,22.4,92,12.6,1012.5,1017.4,0,0,2,722.7,0
2024-07-19 00:21:58,5,58,22.4,92,12.5,1012.5,1017.4,0,0,2,722.7,0
2024-07-19 00:26:58,5,58,22.4,94,12.3,1012.6,1017.5,0,0,2,722.7,0
2024-07-19 00:31:58,5,58,22.4,94,12.3,1012.5,1017.4,0,0,2,722.7,0
2024-07-19 00:36:58,5,58,22.4,95,12.3,1012.3,1017.2,0.7,1,2,722.7,0
2024-07-19 00:41:58,5,58,22.4,95,12.2,1012.3,1017.2,0.7,1.4,2,722.7,0
2024-07-19 00:46:58,5,58,22.4,95,12.1,1012.5,1017.4,0.3,1,2,722.7,0
2024-07-19 00:51:58,5,58,22.4,95,12.4,1012.4,1017.3,0,0.3,2,722.7,0
2024-07-19 00:56:58,5,58,22.3,93,12.6,1012.3,1017.2,0.3,0.7,2,722.7,0
2024-07-19 01:01:58,5,58,22.3,94,12.8,1012.3,1017.2,0,0.7,2,722.7,0
2024-07-19 01:06:58,5,58,22.3,94,13,1012.2,1017.1,0.3,0.7,2,722.7,0
2024-07-19 01:11:58,5,58,22.3,94,13.2,1012.1,1017,0.3,0.7,2,722.7,0
2024-07-19 01:16:58,5,58,22.3,95,13.3,1012.1,1017,0.3,0.7,2,722.7,0
2024-07-19 01:21:58,5,58,22.3,95,13.3,1012.1,1017,0,0.3,2,722.7,0
2024-07-19 01:26:58,5,58,22.3,95,13.4,1012,1016.9,0,0.3,2,722.7,0
2024-07-19 01:31:58,5,58,22.2,95,13.4,1012,1016.9,0,0,2,722.7,0
2024-07-19 01:36:58,5,58,22.2,95,13.3,1012.2,1017.1,0,0,2,722.7,0
2024-07-19 01:41:58,5,58,22.2,96,13.2,1012,1016.9,0,0,2,722.7,0
2024-07-19 01:46:58,5,58,22.2,96,13.2,1012.2,1017.1,0,0,2,722.7,0
2024-07-19 01:51:58,5,58,22.2,96,13.2,1012.1,1017,0.3,0.7,2,722.7,0
2024-07-19 01:56:58,5,58,22.2,96,13.2,1011.9,1016.8,0.7,1,2,722.7,0
2024-07-19 02:02:00,5,58,22.2,96,13.3,1011.8,1016.7,0.3,0.7,2,722.7,0
2024-07-19 02:06:59,5,58,22.2,96,13.2,1011.8,1016.7,0.3,0.7,2,722.7,0
2024-07-19 02:11:59,5,58,22.2,96,13.3,1011.7,1016.6,0.3,0.7,2,722.7,0
2024-07-19 02:16:59,5,58,22.2,97,13.3,1011.7,1016.6,0.3,0.7,2,722.7,0
2024-07-19 02:21:59,5,58,22.2,97,13.3,1011.8,1016.7,0,0.3,2,722.7,0
2024-07-19 02:26:59,5,58,22.1,97,13.3,1011.7,1016.6,0.3,1,2,722.7,0
2024-07-19 02:31:59,5,58,22.1,97,13.2,1011.6,1016.5,0.7,1,2,722.7,0
2024-07-19 02:36:59,5,58,22.1,97,13.4,1011.4,1016.3,1.4,2,2,722.7,0
2024-07-19 02:41:59,5,58,22.1,97,13.5,1011.4,1016.3,1,1.7,2,722.7,0
2024-07-19 02:46:59,5,58,22.1,97,13.4,1011.4,1016.3,0.7,1,2,722.7,0
2024-07-19 02:51:59,5,59,22.1,97,13.4,1011.4,1016.3,1,1.4,2,722.7,0
2024-07-19 02:56:59,5,59,22.1,97,13.3,1011.3,1016.2,0.3,1,7,722.7,0
2024-07-19 03:01:59,5,58,22,97,13.2,1011.3,1016.2,1,1.4,7,722.7,0
2024-07-19 03:06:59,5,59,22.1,97,13.2,1011.3,1016.2,1,1.7,7,722.7,0
2024-07-19 03:11:59,5,59,22.1,96,13.2,1011.4,1016.3,0.7,1.4,7,722.7,0
2024-07-19 03:16:59,5,59,22.1,96,13.1,1011.4,1016.3,1,1.4,7,722.7,0
2024-07-19 03:21:59,5,59,22.1,96,13.1,1011.2,1016.1,0.7,1,,722.7,0
2024-07-19 03:26:59,5,59,22.1,95,13.1,1011.2,1016.1,0.7,1.4,7,722.7,0
2024-07-19 03:31:59,5,59,22.1,95,13.1,1011.3,1016.2,0.7,1,7,722.7,0
2024-07-19 03:36:59,5,59,22.1,95,13,1011.4,1016.3,1,1,,722.7,0
2024-07-19 03:41:59,5,59,22,95,12.9,1011.2,1016.1,0.7,1.4,7,722.7,0
2024-07-19 03:46:59,5,59,22,94,12.9,1011.4,1016.3,0.7,1,7,722.7,0
2024-07-19 03:51:59,5,59,22,94,12.9,1011.3,1016.2,0.7,1,,722.7,0
2024-07-19 03:56:59,5,59,22,94,12.9,1011.2,1016.1,0.7,1,8,722.7,0
2024-07-19 04:01:59,5,59,22,94,12.8,1011.1,1016,0.3,1,,722.7,0
2024-07-19 04:06:59,5,59,22,94,12.8,1011.1,1016,0.3,0.7,,722.7,0
2024-07-19 04:11:59,5,59,22,93,12.8,1011.1,1016,0.7,1,8,722.7,0
2024-07-19 04:16:59,5,59,22,93,12.7,1011.1,1016,0,0.3,,722.7,0
2024-07-19 04:21:59,5,59,22,93,12.7,1011.2,1016.1,0.7,1,,722.7,0
2024-07-19 04:26:59,5,59,22,93,12.7,1011.1,1016,0.7,1,8,722.7,0
2024-07-19 04:31:59,5,59,22.1,93,12.7,1011.2,1016.1,0.3,0.7,8,722.7,0
2024-07-19 04:36:59,5,59,22,93,12.7,1011.2,1016.1,1.4,1.7,8,722.7,0
2024-07-19 04:41:59,5,59,22,92,12.6,1011.2,1016.1,0.7,1,8,722.7,0
2024-07-19 04:46:59,5,59,22.1,92,12.6,1011.1,1016,1,1.4,8,722.7,0
2024-07-19 04:51:59,5,59,22,92,12.7,1011,1015.9,0.3,0.7,8,722.7,0
2024-07-19 04:56:59,5,59,22,92,12.7,1010.8,1015.7,0.3,1,8,722.7,0
2024-07-19 05:01:59,5,59,22,92,12.8,1010.9,1015.8,0.7,1,8,722.7,0
2024-07-19 05:06:59,5,59,22,92,12.9,1010.9,1015.8,0.3,0.7,8,722.7,0
2024-07-19 05:11:59,5,59,22,92,13,1010.8,1015.7,1,1.4,8,722.7,0
2024-07-19 05:16:59,5,59,22,91,13.2,1010.8,1015.7,1,2,,722.7,0
2024-07-19 05:21:59,5,59,22,91,13.3,1010.6,1015.5,0.3,0.7,,722.7,0
2024-07-19 05:26:59,5,59,22,91,13.5,1010.6,1015.5,0.7,1,,722.7,0
2024-07-19 05:31:59,5,59,22,90,13.7,1010.5,1015.4,0.7,1,,722.7,0
2024-07-19 05:36:59,5,59,22,90,14,1010.8,1015.7,0,0.3,,722.7,0
2024-07-19 05:41:59,5,59,22,89,14.2,1010.7,1015.6,0.7,1,,722.7,0
2024-07-19 05:46:59,5,59,22,89,14.6,1010.6,1015.5,1,1.4,,722.7,0
2024-07-19 05:51:59,5,59,22,88,15,1010.6,1015.5,0.3,0.7,,722.7,0
2024-07-19 05:56:59,5,59,22,86,15.4,1010.6,1015.5,0.7,1,,722.7,0
2024-07-19 06:01:59,5,59,22,84,15.5,1010.4,1015.3,0.3,0.7,,722.7,0
2024-07-19 06:06:59,5,59,22,84,15.9,1010.4,1015.3,0.7,1.4,,722.7,0
2024-07-19 06:11:59,5,59,22,82,16,1010.3,1015.2,1,1.7,,722.7,0
2024-07-19 06:16:59,5,59,22,81,16.2,1010.3,1015.2,0.3,0.7,,722.7,0
2024-07-19 06:21:59,5,59,22.1,81,16.6,1010.2,1015.1,0.3,1,,722.7,0
2024-07-19 06:26:59,5,59,22,80,16.7,1010.4,1015.3,1,1.4,,722.7,0
2024-07-19 06:31:59,5,59,22.1,80,16.6,1010.2,1015.1,0,0,,722.7,0
2024-07-19 06:36:59,5,59,22.1,80,16.1,1010.3,1015.2,0.3,0.7,,722.7,0
2024-07-19 06:41:59,5,59,22.1,80,15.7,1010.4,1015.3,0.3,0.7,,722.7,0
2024-07-19 06:46:59,5,59,22.1,80,15.6,1010.4,1015.3,0.7,1,,722.7,0
2024-07-19 06:51:59,5,59,22.1,82,15.7,1010.3,1015.2,0,0.3,,722.7,0
2024-07-19 06:56:59,5,59,22.1,83,15.8,1010.2,1015.1,1.7,2.4,,722.7,0
2024-07-19 07:01:59,5,59,22.1,83,15.7,1010.4,1015.3,1,1.4,,722.7,0
2024-07-19 07:06:59,5,59,22.1,84,15.6,1010.2,1015.1,0.3,0.7,,722.7,0
2024-07-19 07:11:59,5,59,22.1,85,15.6,1010.4,1015.3,1.4,1.7,,722.7,0
2024-07-19 07:16:59,5,59,22.1,85,15.7,1010.1,1015,1,1.7,,722.7,0
2024-07-19 07:21:59,5,59,22.1,86,15.9,1010,1014.9,1.7,2.7,8,722.7,0
2024-07-19 07:26:59,5,59,22.1,86,16.2,1010.2,1015.1,2.4,3.4,10,722.7,0
2024-07-19 07:31:59,5,59,22.2,85,16.3,1010,1014.9,1.4,2,8,722.7,0
2024-07-19 07:36:59,5,59,22.2,84,16.6,1010.1,1015,1.4,2,8,722.7,0
2024-07-19 07:41:59,5,59,22.2,83,16.9,1009.9,1014.8,2,2.7,8,722.7,0
2024-07-19 07:46:59,5,59,22.2,82,17.2,1010,1014.9,2.7,3.7,,722.7,0
2024-07-19 07:51:59,5,59,22.2,81,17.3,1010,1014.9,3.4,4.1,14,722.7,0
2024-07-19 07:56:59,5,59,22.2,77,17.5,1010.1,1015,2,3.1,14,722.7,0
2024-07-19 08:01:59,5,59,22.2,77,17.6,1010,1014.9,2,3.1,14,722.7,0
2024-07-19 08:06:59,5,58,22.2,80,17.4,1010.1,1015,2.4,3.4,14,722.7,0
2024-07-19 08:11:59,5,58,22.2,80,17,1010.2,1015.1,3.4,4.4,14,722.7,0
2024-07-19 08:16:59,5,58,22.1,81,17,1010.2,1015.1,1.7,2,,722.7,0
2024-07-19 08:21:59,5,58,22.1,81,17.2,1010.2,1015.1,1.4,2,10,722.7,0
2024-07-19 08:26:59,5,58,22.1,81,17.4,1010,1014.9,2.4,3.4,8,722.7,0
2024-07-19 08:31:59,5,58,22.1,80,17.3,1010.1,1015,3.4,4.4,10,722.7,0
2024-07-19 08:36:59,5,59,22.1,80,17.1,1010.2,1015.1,2.4,3.4,10,722.7,0
2024-07-19 08:41:59,5,58,22.1,80,17,1010.2,1015.1,2.4,3.1,,722.7,0
2024-07-19 08:46:59,5,58,22.2,80,16.9,1010,1014.9,2.7,3.4,,722.7,0
2024-07-19 08:51:59,5,58,22.2,80,16.9,1010.2,1015.1,1.4,2.4,,722.7,0
2024-07-19 08:56:59,5,59,22.2,80,16.9,1010,1014.9,2.7,4.1,10,722.7,0
2024-07-19 09:01:59,5,59,22.3,80,16.8,1010.2,1015.1,2,3.1,8,722.7,0
2024-07-19 09:06:59,5,59,22.3,80,16.9,1010,1014.9,2.4,4.1,8,722.7,0
2024-07-19 09:11:59,5,59,22.4,80,16.9,1010.1,1015,2.7,3.7,14,722.7,0
2024-07-19 09:16:59,5,59,22.5,80,17.1,1010,1014.9,2.7,4.4,,722.7,0
2024-07-19 09:21:59,5,59,22.5,80,16.9,1010,1014.9,2.7,3.7,,722.7,0
2024-07-19 09:26:59,5,60,22.6,80,17,1009.9,1014.8,2,3.1,,722.7,0
2024-07-19 09:31:59,5,60,22.5,81,17.4,1009.9,1014.8,1.7,2,10,722.7,0
2024-07-19 09:36:59,5,60,22.6,76,18.1,1009.7,1014.6,2,2.4,10,722.7,0
2024-07-19 09:41:59,5,60,22.8,74,18.2,1009.9,1014.8,1,1.4,10,722.7,0
2024-07-19 09:46:59,5,60,22.8,73,17.8,1009.9,1014.8,1.4,1.7,8,722.7,0
2024-07-19 09:51:59,5,60,22.7,74,17.6,1009.8,1014.7,1,1.4,8,722.7,0
2024-07-19 09:56:59,5,60,22.9,74,17.7,1009.8,1014.7,1.4,2,8,722.7,0
2024-07-19 10:01:59,5,60,22.9,75,18.1,1009.8,1014.7,3.4,4.4,10,722.7,0
2024-07-19 10:06:59,5,60,23,74,18.4,1009.7,1014.6,1.7,2,,722.7,0
2024-07-19 10:11:59,5,60,23,74,18.8,1009.9,1014.8,1,1.4,10,722.7,0
2024-07-19 10:16:59,5,60,23,73,19.3,1009.8,1014.7,2,2.7,,722.7,0
2024-07-19 10:21:59,5,60,23.1,72,18.7,1009.7,1014.6,1.7,2.4,10,722.7,0
2024-07-19 10:26:59,5,60,23.1,72,18.6,1009.5,1014.4,2.4,3.7,10,722.7,0
2024-07-19 10:31:59,5,60,23.1,72,18.8,1009.7,1014.6,2.4,3.1,10,722.7,0
2024-07-19 10:36:59,5,60,23.1,72,19.6,1009.3,1014.2,2.4,3.1,10,722.7,0
2024-07-19 10:41:59,5,60,23.1,71,20,1009.6,1014.5,1.7,2,10,722.7,0
2024-07-19 10:46:59,5,60,23.1,70,20.2,1009.4,1014.3,2,3.7,10,722.7,0
2024-07-19 10:51:59,5,60,23.1,71,20.2,1009.5,1014.4,1.7,2,10,722.7,0
2024-07-19 10:56:59,5,60,23.2,70,20.5,1009.4,1014.3,1.7,2.4,10,722.7,0
2024-07-19 11:01:59,5,61,23.3,70,20.5,1009.2,1014.1,2,3.1,,722.7,0
2024-07-19 11:06:59,5,61,23.3,70,20.6,1009.3,1014.2,2.4,3.4,8,722.7,0
2024-07-19 11:11:59,5,61,23.3,70,20.9,1009.2,1014.1,2.7,4.1,14,722.7,0
2024-07-19 11:16:59,5,61,23.3,69,20.7,1009.1,1014,2,3.4,14,722.7,0
2024-07-19 11:21:59,5,60,23.4,68,20.7,1009.1,1014,2.7,3.7,14,722.7,0
2024-07-19 11:26:59,5,60,23.4,68,21.2,1009.1,1014,2,2.7,10,722.7,0
2024-07-19 11:31:59,5,60,23.4,67,21,1009.2,1014.1,2,2.7,8,722.7,0
2024-07-19 11:36:59,5,60,23.4,67,21.3,1009.2,1014.1,1.4,2,8,722.7,0
2024-07-19 11:41:59,5,59,23.5,66,21.7,1009.3,1014.2,2,3.1,8,722.7,0
2024-07-19 11:46:59,5,60,23.5,65,21.9,1009.1,1014,3.4,5.1,10,722.7,0
2024-07-19 11:51:59,5,59,23.4,63,21.9,1009.1,1014,1.7,2.7,10,722.7,0
2024-07-19 11:56:59,5,59,23.5,64,21.9,1008.9,1013.8,2,3.1,10,722.7,0
2024-07-19 12:01:59,5,59,23.4,63,21.9,1008.9,1013.8,3.1,3.7,10,722.7,0
2024-07-19 12:06:59,5,58,23.5,62,21.7,1009,1013.9,3.4,4.8,10,722.7,0
2024-07-19 12:11:59,5,58,23.5,63,21.8,1009,1013.9,2.7,4.1,,722.7,0
2024-07-19 12:16:59,5,58,23.6,61,21.9,1009,1013.9,3.1,4.1,14,722.7,0
2024-07-19 12:21:59,5,58,23.5,60,21.5,1009,1013.9,2.4,3.7,8,722.7,0
2024-07-19 12:26:59,5,58,23.5,61,21.3,1009,1013.9,2.4,3.1,10,722.7,0
2024-07-19 12:31:59,5,57,23.5,63,21.5,1009,1013.9,3.7,5.1,,722.7,0
2024-07-19 12:36:59,5,57,23.5,61,21,1009,1013.9,2.7,3.7,10,722.7,0
2024-07-19 12:41:59,5,57,23.5,61,20.9,1008.9,1013.8,2.7,3.4,8,722.7,0
2024-07-19 12:46:59,5,57,23.5,61,20.4,1008.8,1013.7,3.1,5.4,10,722.7,0
2024-07-19 12:51:59,5,57,23.5,61,20.2,1008.9,1013.8,2.7,3.7,,722.7,0
2024-07-19 12:56:59,5,57,23.5,61,20.2,1009,1013.9,2,2.4,,722.7,0
2024-07-19 13:01:59,5,57,23.5,62,20.1,1009.2,1014.1,3.4,5.1,,722.7,0
2024-07-19 13:06:59,5,57,23.5,62,20,1009,1013.9,1.7,2.4,,722.7,0
2024-07-19 13:11:59,5,57,23.4,62,20.1,1008.9,1013.8,3.7,4.8,,722.7,0
2024-07-19 13:16:59,5,57,23.4,62,20.3,1009.1,1014,1.7,3.1,14,722.7,0
2024-07-19 13:21:59,5,56,23.4,62,20.1,1009,1013.9,1.4,2.4,,722.7,0
2024-07-19 13:26:59,5,56,23.5,63,20.1,1009,1013.9,2,3.1,,722.7,0
2024-07-19 13:31:59,5,56,23.5,63,20.1,1009,1013.9,2.4,3.4,,722.7,0
2024-07-19 13:36:59,5,56,23.5,63,19.7,1008.8,1013.7,1,1.7,,722.7,0
2024-07-19 13:41:59,5,55,23.6,64,19.6,1008.7,1013.6,2.7,3.4,,722.7,0
2024-07-19 13:46:59,5,55,23.6,65,19.7,1008.8,1013.7,2.4,3.1,,722.7,0
2024-07-19 13:51:59,5,55,23.6,64,19.6,1009,1013.9,1.7,2.7,,722.7,0
2024-07-19 13:56:59,5,54,23.6,64,19.5,1008.8,1013.7,1.7,2.4,,722.7,0
2024-07-19 14:01:59,5,54,23.6,62,19.4,1008.9,1013.8,2.4,3.1,10,722.7,0
2024-07-19 14:06:59,5,54,23.6,62,19.2,1009,1013.9,1.7,2,8,722.7,0
2024-07-19 14:11:59,5,54,23.6,63,19.3,1008.8,1013.7,3.1,4.1,8,722.7,0
2024-07-19 14:16:59,5,54,23.7,63,19.2,1009,1013.9,2.7,3.7,,722.7,0
2024-07-19 14:21:59,5,54,23.5,62,19.2,1009.1,1014,2.7,3.7,8,722.7,0
2024-07-19 14:26:59,5,54,23.5,63,19.4,1008.9,1013.8,1.7,3.1,,722.7,0
2024-07-19 14:31:59,5,54,23.6,63,19.5,1008.7,1013.6,1.7,2,,722.7,0
2024-07-19 14:36:59,5,54,23.7,63,19.5,1008.7,1013.6,1.7,2.4,,722.7,0
2024-07-19 14:41:59,5,54,23.8,64,19.4,1008.5,1013.4,1,1.4,,722.7,0
2024-07-19 14:46:59,5,55,23.6,64,19.2,1008.3,1013.2,1.7,2,,722.7,0
2024-07-19 14:51:59,5,55,23.6,65,19.2,1008.5,1013.4,1.4,1.7,,722.7,0
2024-07-19 14:56:59,5,55,23.6,65,19.2,1008.4,1013.3,1.4,1.7,8,722.7,0
2024-07-19 15:01:59,5,55,23.6,65,19.3,1008.6,1013.5,1.4,2.4,8,722.7,0
2024-07-19 15:06:59,5,55,23.8,65,19.2,1008.4,1013.3,2.7,4.1,10,722.7,0
2024-07-19 15:11:59,5,55,23.8,65,18.9,1008.5,1013.4,2.4,3.4,8,722.7,0
2024-07-19 15:16:59,5,55,23.8,67,18.8,1008.3,1013.2,1.4,1.7,8,722.7,0
2024-07-19 15:21:59,5,54,23.8,69,19.1,1008.4,1013.3,0.7,1.4,10,722.7,0
2024-07-19 15:26:59,5,54,23.8,68,19.5,1008.4,1013.3,2,2.7,,722.7,0
2024-07-19 15:31:59,5,54,23.8,67,19.5,1008.4,1013.3,1.7,2.4,2,722.7,0
2024-07-19 15:36:59,5,53,23.8,67,19.1,1008.6,1013.5,2.4,3.1,0,722.7,0
2024-07-19 15:41:59,5,53,23.8,69,18.8,1008.5,1013.4,1.7,2.7,0,722.7,0
2024-07-19 15:46:59,5,53,23.7,70,18.6,1008.4,1013.3,2,2.7,0,722.7,0
2024-07-19 15:51:59,5,53,23.7,71,18.4,1008.5,1013.4,1.7,2.4,0,722.7,0
2024-07-19 15:56:59,5,54,23.7,71,18.1,1008.5,1013.4,1.4,2,0,722.7,0
2024-07-19 16:01:59,5,54,23.6,72,17.9,1008.4,1013.3,1.4,2,14,722.7,0
2024-07-19 16:06:59,5,54,23.5,72,17.8,1008.4,1013.3,1.4,2.4,14,722.7,0
2024-07-19 16:11:59,5,54,23.5,72,17.8,1008.4,1013.3,2.4,2.7,14,722.7,0
2024-07-19 16:16:59,5,54,23.4,72,17.7,1008.3,1013.2,1.7,2.4,14,722.7,0
2024-07-19 16:21:59,5,53,23.3,72,17.8,1008.3,1013.2,1.4,2,14,722.7,0
2024-07-19 16:26:59,5,53,23.2,72,17.8,1008.3,1013.2,1.7,2.4,0,722.7,0
2024-07-19 16:31:59,5,54,23.2,72,17.8,1008.3,1013.2,1.4,1.7,0,722.7,0
2024-07-19 16:36:59,5,54,23.1,72,17.6,1008.2,1013.1,0.7,1,0,722.7,0
2024-07-19 16:41:59,5,54,23.1,76,17.4,1008.2,1013.1,0.7,1,0,722.7,0
2024-07-19 16:46:59,5,55,23.1,77,17.1,1008.2,1013.1,1,1.4,14,722.7,0
2024-07-19 16:51:59,5,55,23,77,17,1008.2,1013.1,0.7,1,14,722.7,0
2024-07-19 16:56:59,5,55,23,78,16.9,1008.2,1013.1,0.7,1,14,722.7,0
2024-07-19 17:01:59,5,56,23,79,16.9,1008.3,1013.2,0.3,0.7,14,722.7,0
2024-07-19 17:06:59,5,56,23,80,16.8,1008.1,1013,1,1,14,722.7,0
2024-07-19 17:11:59,5,56,23,80,16.7,1008.2,1013.1,0.7,1,14,722.7,0
2024-07-19 17:16:59,5,56,23,80,16.7,1008.2,1013.1,0.7,1.4,14,722.7,0
2024-07-19 17:21:59,5,56,23,80,16.6,1008.1,1013,0.7,1,,722.7,0
2024-07-19 17:26:59,5,58,22.9,80,16.6,1008.3,1013.2,1,1.7,,722.7,0
2024-07-19 17:31:59,5,58,22.9,80,16.5,1008.1,1013,0.3,0.7,,722.7,0
2024-07-19 17:36:59,5,58,22.9,81,16.5,1008,1012.9,0.3,1,10,722.7,0
2024-07-19 17:41:59,5,58,22.9,81,16.5,1008,1012.9,0.3,0.7,10,722.7,0
2024-07-19 17:46:59,5,58,22.9,82,16.4,1008.1,1013,0.7,1,10,722.7,0
2024-07-19 17:51:59,5,58,22.7,81,16.4,1008.1,1013,0.7,1.4,10,722.7,0
2024-07-19 17:56:59,5,58,22.7,82,16.5,1008.1,1013,0.3,0.7,10,722.7,0
2024-07-19 18:01:59,5,58,22.7,82,16.5,1008.1,1013,0.3,0.7,10,722.7,0
2024-07-19 18:06:59,5,58,22.7,82,16.6,1008,1012.9,0.3,0.7,10,722.7,0
2024-07-19 18:11:59,5,58,22.7,82,16.6,1007.9,1012.8,0.3,0.7,10,722.7,0
2024-07-19 18:16:59,5,59,22.7,83,16.6,1007.8,1012.7,0,0.3,10,722.7,0
2024-07-19 18:21:59,5,59,22.8,83,16.6,1007.7,1012.6,0.3,0.7,10,722.7,0
2024-07-19 18:26:59,5,59,22.7,83,16.6,1007.9,1012.8,0.3,0.7,,722.7,0
2024-07-19 18:31:59,5,59,22.7,83,16.6,1007.8,1012.7,0.3,0.3,,722.7,0
2024-07-19 18:36:59,5,59,22.7,83,16.6,1007.8,1012.7,0.3,0.7,,722.7,0
2024-07-19 18:41:59,5,59,22.7,83,16.6,1007.8,1012.7,0.7,1,,722.7,0
2024-07-19 18:46:59,5,59,22.7,83,16.6,1007.7,1012.6,1,1.7,,722.7,0
2024-07-19 18:51:59,5,59,22.7,83,16.5,1007.6,1012.5,0.7,1,,722.7,0
2024-07-19 18:56:59,5,59,22.7,83,16.5,1007.6,1012.5,1.4,1.7,10,722.7,0
2024-07-19 19:01:59,5,59,22.7,83,16.5,1007.5,1012.4,1,1.4,,722.7,0
2024-07-19 19:06:59,5,60,22.7,82,16.5,1007.4,1012.3,1.4,1.7,8,722.7,0
2024-07-19 19:11:59,5,60,22.7,82,16.5,1007.4,1012.3,1,1.4,8,722.7,0
2024-07-19 19:16:59,5,60,22.6,81,16.5,1007.3,1012.2,1,1.7,8,722.7,0
2024-07-19 19:21:59,5,60,22.6,81,16.4,1007.5,1012.4,1.4,1.7,8,722.7,0
2024-07-19 19:26:59,5,60,22.5,81,16.4,1007.3,1012.2,0.7,1,10,722.7,0
2024-07-19 19:31:59,5,60,22.5,81,16.3,1007.5,1012.4,0.7,1.4,10,722.7,0
2024-07-19 19:36:59,5,60,22.6,81,16.3,1007.5,1012.4,0.7,1,,722.7,0
2024-07-19 19:41:59,5,60,22.6,82,16.3,1007.3,1012.2,0.3,1,10,722.7,0
2024-07-19 19:46:59,5,60,22.6,82,16.3,1007.3,1012.2,0.7,1.4,,722.7,0
2024-07-19 19:51:59,5,60,22.5,82,16.2,1007.1,1012,0.7,1,10,722.7,0
2024-07-19 19:56:59,5,60,22.5,82,16.1,1007.2,1012.1,1.4,2.4,10,722.7,0
2024-07-19 20:01:59,5,60,22.6,83,16,1007.1,1012,1,1.4,10,722.7,0
2024-07-19 20:06:59,5,60,22.6,83,15.9,1007.3,1012.2,0.7,1.4,10,722.7,0
2024-07-19 20:11:59,5,60,22.5,84,15.8,1007.2,1012.1,0.7,1,10,722.7,0
2024-07-19 20:16:59,5,60,22.5,85,15.7,1007.3,1012.2,0.7,1,,722.7,0
2024-07-19 20:21:59,5,60,22.5,85,15.6,1007.4,1012.3,0.7,1,,722.7,0
2024-07-19 20:26:59,5,60,22.5,86,15.5,1007.4,1012.3,0.7,1,,722.7,0
2024-07-19 20:31:59,5,60,22.5,86,15.4,1007.3,1012.2,0.7,1,10,722.7,0
2024-07-19 20:36:59,5,60,22.5,87,15.3,1007.4,1012.3,1,1.4,10,722.7,0
2024-07-19 20:41:59,5,61,22.5,88,15.3,1007.5,1012.4,0.7,1,14,722.7,0
2024-07-19 20:46:59,5,61,22.5,89,15.2,1007.4,1012.3,1,1.4,0,722.7,0
2024-07-19 20:51:59,5,61,22.5,89,15.1,1007.4,1012.3,0.3,0.7,0,722.7,0
2024-07-19 20:56:59,5,61,22.4,90,15.1,1007.4,1012.3,1.4,1.7,0,722.7,0
2024-07-19 21:01:59,5,61,22.4,90,15.1,1007.4,1012.3,1.4,1.7,0,722.7,0
2024-07-19 21:06:59,5,61,22.4,90,15.1,1007.3,1012.2,0.7,1,0,722.7,0
2024-07-19 21:11:59,5,61,22.4,91,15,1007.3,1012.2,1,1.4,0,722.7,0
2024-07-19 21:16:59,5,62,22.4,91,15,1007.4,1012.3,0.7,1.4,0,722.7,0
2024-07-19 21:21:59,5,63,22.4,91,15,1007.3,1012.2,0.7,1,0,722.7,0
2024-07-19 21:26:59,5,63,22.4,92,15,1007.1,1012,1.4,1.7,0,722.7,0
2024-07-19 21:31:59,5,63,22.4,92,14.9,1007.2,1012.1,1,1.4,0,722.7,0
2024-07-19 21:36:59,5,64,22.4,92,14.9,1007.2,1012.1,0.7,1.4,0,722.7,0
2024-07-19 21:41:59,5,64,22.4,92,14.9,1006.9,1011.8,0.7,1,0,722.7,0
2024-07-19 21:46:59,5,64,22.4,92,14.8,1007.1,1012,0.7,1,0,722.7,0
2024-07-19 21:51:59,5,64,22.4,93,14.8,1006.9,1011.8,0.7,1,0,722.7,0
2024-07-19 21:56:59,5,64,22.4,93,14.8,1007,1011.9,0.7,1,0,722.7,0
2024-07-19 22:01:59,5,63,22.4,93,14.9,1007.1,1012,0.3,0.7,0,722.7,0
2024-07-19 22:06:59,5,63,22.4,93,14.9,1007.1,1012,0.7,1,0,722.7,0
2024-07-19 22:11:59,5,63,22.4,93,14.9,1006.9,1011.8,0.7,1,0,722.7,0
2024-07-19 22:16:59,5,63,22.4,94,14.9,1006.8,1011.7,0.7,1,0,722.7,0
2024-07-19 22:21:59,5,63,22.4,94,14.9,1006.8,1011.7,0.3,1,0,722.7,0
2024-07-19 22:26:59,5,63,22.4,94,14.9,1006.7,1011.6,0.7,1,0,722.7,0
2024-07-19 22:31:59,5,63,22.4,94,14.9,1006.6,1011.5,1,1.7,0,722.7,0
2024-07-19 22:36:59,5,63,22.4,94,14.9,1006.6,1011.5,0.7,1,0,722.7,0
2024-07-19 22:41:59,5,63,22.4,94,14.9,1006.3,1011.2,0.7,1,0,722.7,0
2024-07-19 22:46:59,5,62,22.4,94,14.9,1006.3,1011.2,0.7,1,0,722.7,0
2024-07-19 22:51:59,5,62,22.4,94,14.9,1006.3,1011.2,1.4,1.7,14,722.7,0
2024-07-19 22:56:59,5,62,22.4,94,14.9,1006,1010.9,1.4,2,14,722.7,0
2024-07-19 23:01:59,5,62,22.4,94,14.9,1006.1,1011,1.4,2,14,722.7,0
2024-07-19 23:06:59,5,62,22.4,94,14.9,1006.2,1011.1,0.7,1,14,722.7,0
2024-07-19 23:11:59,5,62,22.4,94,14.8,1006,1010.9,0.7,1,14,722.7,0
2024-07-19 23:16:59,5,62,22.4,94,14.8,1005.9,1010.8,1,1.4,14,722.7,0
2024-07-19 23:21:59,5,62,22.4,95,14.8,1005.9,1010.8,1,1.4,14,722.7,0
2024-07-19 23:26:59,5,62,22.4,95,14.8,1005.7,1010.6,0.7,1,14,722.7,0
2024-07-19 23:31:59,5,62,22.4,95,14.7,1005.9,1010.8,1.4,2,14,722.7,0
2024-07-19 23:36:59,5,62,22.4,95,14.6,1005.8,1010.7,1,1.4,14,722.7,0
2024-07-19 23:41:59,5,62,22.4,94,14.6,1005.7,1010.6,1,1.4,14,722.7,0
2024-07-19 23:46:59,5,62,22.4,94,14.5,1005.6,1010.5,1,1.7,14,722.7,0
2024-07-19 23:51:59,5,62,22.4,94,14.5,1005.5,1010.4,1,1.4,14,722.7,0
2024-07-19 23:56:59,5,62,22.3,94,14.5,1005.4,1010.3,1,1.4,14,722.7,0
