2015-05-30 00:03:42,5,54,19.5,74,4.7,1007.6,1012.5,0,0.7,10,347.7,0
2015-05-30 00:08:42,5,54,19.5,74,4.6,1007.5,1012.4,0,0.7,10,347.7,0
2015-05-30 00:13:42,5,54,19.5,74,4.5,1007.5,1012.4,0,0.3,8,347.7,0
2015-05-30 00:18:42,5,54,19.4,74,4.4,1007.5,1012.4,0,0.7,8,347.7,0
2015-05-30 00:23:42,5,54,19.5,74,4.3,1007.5,1012.4,0.3,0.7,8,347.7,0
2015-05-30 00:28:42,5,54,19.4,74,4.1,1007.4,1012.3,0,0.3,4,347.7,0
2015-05-30 00:33:42,5,53,19.4,75,3.9,1007.6,1012.5,0,0.3,10,347.7,0
2015-05-30 00:38:42,5,54,19.4,75,3.8,1007.4,1012.3,0,0,14,347.7,0
2015-05-30 00:43:42,5,53,19.3,75,3.6,1007.5,1012.4,0,0.3,10,347.7,0
2015-05-30 00:48:42,5,53,19.3,75,3.7,1007.4,1012.3,0,0.3,10,347.7,0
2015-05-30 00:53:42,5,53,19.3,75,3.8,1007.5,1012.4,0,0.3,9,347.7,0
2015-05-30 00:58:42,5,53,19.2,75,3.8,1007.5,1012.4,0,0,2,347.7,0
2015-05-30 01:03:42,5,53,19.2,75,3.7,1007.4,1012.3,0,0.3,2,347.7,0
2015-05-30 01:08:42,5,53,19.2,75,3.6,1007.5,1012.4,0,0.3,2,347.7,0
2015-05-30 01:13:42,5,53,19.2,76,3.5,1007.4,1012.3,0.3,0.7,8,347.7,0
2015-05-30 01:18:42,5,53,19.2,76,3.6,1007.3,1012.2,0.3,0.7,8,347.7,0
2015-05-30 01:23:42,5,53,19.2,76,3.5,1007.3,1012.2,0,0.3,10,347.7,0
2015-05-30 01:28:42,5,53,19.2,76,3.4,1007.2,1012.1,0,0.3,8,347.7,0
2015-05-30 01:33:42,5,53,19.1,76,3.3,1007.5,1012.4,0,0,2,347.7,0
2015-05-30 01:38:42,5,53,19.1,76,3.3,1007.3,1012.2,0,0,2,347.7,0
2015-05-30 01:43:42,5,53,19.1,76,3.3,1007.4,1012.3,0.3,0.7,8,347.7,0
2015-05-30 01:48:42,5,53,19.1,76,3.4,1007.4,1012.3,0,0.3,8,347.7,0
2015-05-30 01:53:42,5,53,19.1,76,3.4,1007.5,1012.4,0,0.3,8,347.7,0
2015-05-30 01:58:42,5,53,19.1,76,3.4,1007.5,1012.4,0,0.3,8,347.7,0
2015-05-30 02:03:42,5,53,19.1,76,3.5,1007.7,1012.6,0.3,0.7,10,347.7,0
2015-05-30 02:08:42,5,53,19.1,76,3.5,1007.6,1012.5,0,0.3,8,347.7,0
2015-05-30 02:13:42,5,53,19.1,76,3.5,1007.5,1012.4,0,0,12,347.7,0
2015-05-30 02:18:42,5,53,19.1,76,3.4,1007.6,1012.5,0,0,10,347.7,0
2015-05-30 02:23:42,5,53,19.1,76,3.4,1007.4,1012.3,0,0.3,8,347.7,0
2015-05-30 02:28:42,5,53,19.1,77,3.5,1007.4,1012.3,0,0.3,12,347.7,0
2015-05-30 02:33:42,5,53,19,77,3.5,1007.2,1012.1,0,0.3,10,347.7,0
2015-05-30 02:38:42,5,53,19,77,3.5,1007.2,1012.1,0,0.3,8,347.7,0
2015-05-30 02:43:42,5,53,19,77,3.5,1007.2,1012.1,0,0.3,4,347.7,0
2015-05-30 02:48:42,5,53,19,77,3.5,1007.3,1012.2,0,0.3,4,347.7,0
2015-05-30 02:53:42,5,53,19,77,3.3,1007.3,1012.2,0,0.3,10,347.7,0
2015-05-30 02:58:42,5,53,19,77,3.3,1007.3,1012.2,0,0,10,347.7,0
2015-05-30 03:03:42,5,54,18.9,77,3.4,1007.2,1012.1,0,0.3,4,347.7,0
2015-05-30 03:08:42,5,54,18.9,77,3.4,1007.3,1012.2,0,0.3,15,347.7,0
2015-05-30 03:13:42,5,54,18.9,77,3.2,1007.2,1012.1,0,0,4,347.7,0
2015-05-30 03:18:42,5,54,18.9,77,3.1,1007.4,1012.3,0,0,8,347.7,0
2015-05-30 03:23:42,5,54,18.8,77,3.2,1007.5,1012.4,0.3,0.7,8,347.7,0
2015-05-30 03:28:42,5,54,18.9,77,3.3,1007.3,1012.2,0,0.7,8,347.7,0
2015-05-30 03:33:42,5,54,18.8,77,3.4,1007.3,1012.2,0,0.3,8,347.7,0
2015-05-30 03:38:42,5,54,18.8,77,3.4,1007.4,1012.3,0,0.3,8,347.7,0
2015-05-30 03:43:42,5,54,18.8,77,3.5,1007.3,1012.2,0.3,0.7,8,347.7,0
2015-05-30 03:48:42,5,54,18.8,77,3.6,1007.4,1012.3,0.3,0.7,8,347.7,0
2015-05-30 03:53:42,5,54,18.7,77,3.7,1007.3,1012.2,0.3,0.7,8,347.7,0
2015-05-30 03:58:42,5,54,18.7,77,3.6,1007.3,1012.2,0,0.3,8,347.7,0
2015-05-30 04:03:42,5,54,18.7,77,3.7,1007.3,1012.2,0,0.7,13,347.7,0
2015-05-30 04:08:42,5,54,18.7,77,3.8,1007.4,1012.3,0,0.7,8,347.7,0
2015-05-30 04:13:42,5,54,18.7,77,3.9,1007.4,1012.3,0.3,0.7,8,347.7,0
2015-05-30 04:18:42,5,54,18.7,76,4,1007.3,1012.2,0.3,0.7,8,347.7,0
2015-05-30 04:23:42,5,54,18.7,76,4,1007.4,1012.3,0,0,2,347.7,0
2015-05-30 04:28:42,5,54,18.7,76,4,1007.3,1012.2,0,0,14,347.7,0
2015-05-30 04:33:42,5,54,18.7,76,4,1007.3,1012.2,0,0,4,347.7,0
2015-05-30 04:38:42,5,54,18.7,76,4,1007.3,1012.2,0,0.3,4,347.7,0
2015-05-30 04:43:42,5,54,18.7,76,4,1007.4,1012.3,0,0.3,2,347.7,0
2015-05-30 04:48:42,5,54,18.7,76,4.1,1007.4,1012.3,0,0.3,4,347.7,0
2015-05-30 04:53:42,5,54,18.7,77,4.3,1007.3,1012.2,0,0.3,8,347.7,0
2015-05-30 04:58:42,5,54,18.7,77,4.5,1007.3,1012.2,0,0.3,12,347.7,0
2015-05-30 05:03:42,5,54,18.7,77,4.6,1007.4,1012.3,0.3,0.7,4,347.7,0
2015-05-30 05:08:42,5,54,18.7,77,4.7,1007.4,1012.3,0,0.3,4,347.7,0
2015-05-30 05:13:42,5,54,18.6,77,4.7,1007.3,1012.2,0,0,8,347.7,0
2015-05-30 05:18:42,5,54,18.6,77,4.8,1007.3,1012.2,0,0.3,4,347.7,0
2015-05-30 05:23:42,5,54,18.6,77,4.9,1007.3,1012.2,0,0,4,347.7,0
2015-05-30 05:28:42,5,54,18.6,76,5,1007.4,1012.3,0,0.3,8,347.7,0
2015-05-30 05:33:42,5,54,18.6,76,5.2,1007.3,1012.2,0,0.3,8,347.7,0
2015-05-30 05:38:42,5,55,18.6,76,5.3,1007.3,1012.2,0,0.3,4,347.7,0
2015-05-30 05:43:42,5,55,18.7,76,5.4,1007.3,1012.2,0,0.7,2,347.7,0
2015-05-30 05:48:42,5,55,18.7,76,5.5,1007.4,1012.3,0,0.3,8,347.7,0
2015-05-30 05:53:42,5,55,18.6,76,5.6,1007.4,1012.3,0,0.3,8,347.7,0
2015-05-30 05:58:42,5,55,18.7,76,5.8,1007.6,1012.5,0,0.3,2,347.7,0
2015-05-30 06:03:42,5,55,18.6,75,6,1007.5,1012.4,0.3,0.7,8,347.7,0
2015-05-30 06:08:42,5,55,18.7,75,6.1,1007.2,1012.1,0.3,0.7,8,347.7,0
2015-05-30 06:13:42,5,55,18.7,75,6.3,1007.4,1012.3,0.3,0.7,8,347.7,0
2015-05-30 06:18:42,5,55,18.7,75,6.5,1007.2,1012.1,0.3,0.7,8,347.7,0
2015-05-30 06:23:42,5,55,18.7,75,6.7,1007.3,1012.2,0,0.7,8,347.7,0
2015-05-30 06:28:42,5,55,18.7,75,6.9,1007.3,1012.2,0.3,0.7,8,347.7,0
2015-05-30 06:33:42,5,55,18.7,74,7.2,1007.2,1012.1,0,0.7,8,347.7,0
2015-05-30 06:38:42,5,55,18.7,73,7.3,1007.2,1012.1,0.3,0.7,8,347.7,0
2015-05-30 06:43:42,5,55,18.7,73,7.4,1007.2,1012.1,0.3,0.7,8,347.7,0
2015-05-30 06:48:42,5,55,18.7,73,7.4,1007.2,1012.1,0.7,1,8,347.7,0
2015-05-30 06:53:42,5,55,18.7,73,7.5,1007.3,1012.2,0.3,0.7,8,347.7,0
2015-05-30 06:58:42,5,55,18.8,73,7.7,1007.2,1012.1,0,0.7,4,347.7,0
2015-05-30 07:03:42,5,55,18.7,73,8,1007.2,1012.1,0.3,0.7,10,347.7,0
2015-05-30 07:08:42,5,55,18.8,72,8.2,1007.1,1012,0.3,1,8,347.7,0
2015-05-30 07:13:42,5,55,18.8,72,8.7,1007.3,1012.2,0.3,1,10,347.7,0
2015-05-30 07:18:42,5,55,18.9,70,9.1,1007.1,1012,0.7,1.4,8,347.7,0
2015-05-30 07:23:42,5,55,18.9,69,9.2,1007.2,1012.1,1.4,2,8,347.7,0
2015-05-30 07:28:42,5,54,19,67,9,1007.3,1012.2,0.3,0.7,8,347.7,0
2015-05-30 07:33:42,5,54,19,67,9.2,1007.6,1012.5,1,1.7,8,347.7,0
2015-05-30 07:38:42,5,54,19,67,9.2,1007.3,1012.2,0.7,1,8,347.7,0
2015-05-30 07:43:42,5,54,19,66,9,1007.3,1012.2,1,1.7,8,347.7,0
2015-05-30 07:48:42,5,54,19,66,9,1007.3,1012.2,0,0.7,10,347.7,0
2015-05-30 07:53:42,5,54,19,65,9.5,1007.3,1012.2,1,1.7,10,347.7,0
2015-05-30 07:58:42,5,54,19,65,9.8,1007.3,1012.2,0.7,1.4,8,347.7,0
2015-05-30 08:03:42,5,54,19.1,64,9.8,1007.2,1012.1,1.4,2,8,347.7,0
2015-05-30 08:08:42,5,54,19.1,64,9.7,1007.2,1012.1,1,1.4,8,347.7,0
2015-05-30 08:13:42,5,54,19.1,63,10,1007.2,1012.1,1,1.7,10,347.7,0
2015-05-30 08:18:42,5,54,19.2,62,10.2,1007.1,1012,0.3,1,12,347.7,0
2015-05-30 08:23:42,5,54,19.2,60,10.5,1006.9,1011.8,0.3,1,0,347.7,0
2015-05-30 08:28:42,5,54,19.2,59,10.7,1007,1011.9,0.7,1.7,2,347.7,0
2015-05-30 08:33:42,5,54,19.2,57,11.1,1006.9,1011.8,1.4,2.4,10,347.7,0
2015-05-30 08:38:42,5,54,19.3,58,10.7,1007.1,1012,0,0.7,0,347.7,0
2015-05-30 08:43:42,5,54,19.3,58,10.6,1007,1011.9,0.3,1,8,347.7,0
2015-05-30 08:48:42,5,54,19.3,58,10.6,1006.9,1011.8,1,1.7,10,347.7,0
2015-05-30 08:53:42,5,54,19.3,58,10.6,1007,1011.9,1.4,2.4,12,347.7,0
2015-05-30 08:58:42,5,54,19.4,59,10.9,1006.7,1011.6,1,1.7,12,347.7,0
2015-05-30 09:03:42,5,54,19.4,57,11,1006.6,1011.5,0.7,1,8,347.7,0
2015-05-30 09:08:42,5,54,19.4,58,11.3,1006.5,1011.4,0.3,1.4,10,347.7,0
2015-05-30 09:13:42,5,54,19.5,56,11.4,1006.4,1011.3,1,2,8,347.7,0
2015-05-30 09:18:42,5,54,19.5,55,11.2,1006.3,1011.2,1.4,2.4,8,347.7,0
2015-05-30 09:23:42,5,54,19.5,55,11.4,1006.4,1011.3,1,1.4,14,347.7,0
2015-05-30 09:28:42,5,54,19.5,54,11.1,1006.2,1011.1,1.7,2.7,2,347.7,0
2015-05-30 09:33:42,5,54,19.5,56,10.7,1006.1,1011,1.4,2,2,347.7,0
2015-05-30 09:38:42,5,54,19.6,56,10.8,1006.1,1011,2.7,3.7,4,347.7,0
2015-05-30 09:43:42,5,54,19.6,56,10.9,1006.1,1011,1,2.4,3,347.7,0
2015-05-30 09:48:42,5,54,19.6,55,11.1,1006,1010.9,2.7,4.4,2,347.7,0
2015-05-30 09:53:42,5,54,19.6,54,11.1,1006,1010.9,2,3.1,4,347.7,0
2015-05-30 09:58:42,5,54,19.6,54,11.3,1005.9,1010.8,2.7,3.4,4,347.7,0
2015-05-30 10:03:42,5,54,19.7,55,11.6,1005.8,1010.7,1,2,12,347.7,0
2015-05-30 10:08:42,5,54,19.7,53,11.9,1005.6,1010.5,2.4,3.4,4,347.7,0
2015-05-30 10:13:42,5,54,19.7,55,11.8,1005.6,1010.5,1,2,4,347.7,0
2015-05-30 10:18:42,5,54,19.7,53,12,1005.7,1010.6,1.4,2.4,4,347.7,0
2015-05-30 10:23:42,5,54,19.8,53,11.9,1005.6,1010.5,1.7,2.4,2,347.7,0
2015-05-30 10:28:42,5,54,19.8,54,11.7,1005.3,1010.2,3.4,5.4,4,347.7,0
2015-05-30 10:33:42,5,54,19.8,54,11.6,1005.4,1010.3,3.1,4.1,4,347.7,0
2015-05-30 10:38:42,5,54,19.8,54,11.7,1005.3,1010.2,3.7,4.4,4,347.7,0
2015-05-30 10:43:42,5,45,19.7,55,11.6,1005.5,1010.4,3.4,5.4,2,347.7,0
2015-05-30 10:48:42,5,46,19.6,54,11.6,1005.4,1010.3,2,3.4,2,347.7,0
2015-05-30 10:53:42,5,47,19.6,54,11.9,1005.2,1010.1,4.8,5.4,4,347.7,0
2015-05-30 10:58:42,5,48,19.6,53,12,1005.3,1010.2,3.4,5.1,4,347.7,0
2015-05-30 11:03:42,5,49,19.6,53,12.3,1005.2,1010.1,2,3.1,8,347.7,0
2015-05-30 11:08:42,5,49,19.7,53,12.6,1005,1009.9,1.7,2.7,8,347.7,0
2015-05-30 11:13:42,5,50,19.7,49,13.3,1005,1009.9,3.1,5.1,2,347.7,0
2015-05-30 11:18:42,5,50,19.8,49,13.2,1005.2,1010.1,3.7,5.4,4,347.7,0
2015-05-30 11:23:42,5,50,19.8,50,13.5,1004.9,1009.8,1.7,2.7,8,347.7,0
2015-05-30 11:28:42,5,50,19.8,48,13.8,1004.8,1009.7,1.4,2,8,347.7,0
2015-05-30 11:33:42,5,47,19.8,47,13.9,1004.9,1009.8,3.4,5.4,0,347.7,0
2015-05-30 11:38:42,5,48,19.8,46,13.5,1004.6,1009.5,1.7,2.7,10,347.7,0
2015-05-30 11:43:42,5,50,19.9,50,13.4,1004.4,1009.3,1.7,3.1,2,347.7,0
2015-05-30 11:48:42,5,51,19.9,48,13.7,1004.4,1009.3,1.4,2.7,4,347.7,0
2015-05-30 11:53:42,5,50,20,48,13.5,1004.5,1009.4,1.4,2,10,347.7,0
2015-05-30 11:58:42,5,51,20,48,13.8,1004.3,1009.2,2,3.7,14,347.7,0
2015-05-30 12:03:42,5,51,20,46,14.2,1004.4,1009.3,1.4,2,10,347.7,0
2015-05-30 12:08:42,5,51,20.1,46,14.4,1004.3,1009.2,3.4,5.1,4,347.7,0
2015-05-30 12:13:42,5,51,20.1,49,13.5,1004.2,1009.1,1.4,3.1,8,347.7,0
2015-05-30 12:18:42,5,51,20.1,49,13.1,1004.1,1009,2,3.7,2,347.7,0
2015-05-30 12:23:42,5,50,20.1,51,13,1004.3,1009.2,2.7,4.8,2,347.7,0
2015-05-30 12:28:42,5,50,20.1,51,12.7,1004.3,1009.2,2.4,3.7,4,347.7,0
2015-05-30 12:33:42,5,48,20.1,52,12.6,1004.2,1009.1,2,3.7,2,347.7,0
2015-05-30 12:38:42,5,47,20.1,53,12.3,1004,1008.9,2.4,4.1,4,347.7,0
2015-05-30 12:43:42,5,46,20.1,53,12.2,1003.9,1008.8,1.7,3.7,4,347.7,0
2015-05-30 12:48:42,5,46,20.2,55,12.2,1004,1008.9,0.7,1.7,12,347.7,0
2015-05-30 12:53:42,5,45,20.2,55,12.2,1003.8,1008.7,1.4,2.7,8,347.7,0
2015-05-30 12:58:42,5,45,20.2,55,12.1,1004,1008.9,1.4,3.1,0,347.7,0
2015-05-30 13:03:42,5,45,20.3,56,11.9,1003.7,1008.6,2,3.7,8,347.7,0
2015-05-30 13:08:42,5,45,20.3,57,11.7,1003.8,1008.7,1.7,2.7,2,347.7,0
2015-05-30 13:13:42,5,45,20.3,57,11.6,1003.5,1008.4,1,1.7,14,347.7,0
2015-05-30 13:18:42,5,43,20.3,58,11.7,1003.7,1008.6,2,3.1,8,347.7,0
2015-05-30 13:23:42,5,44,20.2,58,11.6,1003.6,1008.5,1.7,2,8,347.7,0
2015-05-30 13:28:42,5,45,20.3,59,11.7,1003.5,1008.4,1.4,2.4,2,347.7,0
2015-05-30 13:33:42,5,46,20.3,59,11.7,1003.5,1008.4,1,2.4,8,347.7,0
2015-05-30 13:38:42,5,47,20.4,59,11.8,1003.3,1008.2,2,3.1,0,347.7,0
2015-05-30 13:43:42,5,48,20.4,59,11.8,1003.1,1008,1.4,2.4,0,347.7,0
2015-05-30 13:48:42,5,48,20.4,60,11.9,1003.1,1008,1,2,4,347.7,0
2015-05-30 13:53:42,5,48,20.5,59,12.1,1002.8,1007.7,2.7,3.7,12,347.7,0
2015-05-30 13:58:42,5,49,20.6,59,12.1,1002.9,1007.8,2,3.1,8,347.7,0
2015-05-30 14:03:42,5,49,20.7,60,11.9,1002.7,1007.6,2.7,4.1,0,347.7,0
2015-05-30 14:08:42,5,49,20.7,61,11.8,1002.7,1007.6,2,3.4,10,347.7,0
2015-05-30 14:13:42,5,49,20.7,61,11.7,1002.4,1007.3,1.4,3.1,2,347.7,0
2015-05-30 14:18:42,5,49,20.7,62,11.6,1002.3,1007.2,2.7,4.1,2,347.7,0
2015-05-30 14:23:42,5,50,20.8,63,11.3,1002.2,1007.1,2.4,3.4,4,347.7,0
2015-05-30 14:28:42,5,50,20.8,64,11.2,1002.2,1007.1,2,4.4,,347.7,0
2015-05-30 14:33:42,5,50,20.8,64,11.1,1002.2,1007.1,1,2,8,347.7,0
2015-05-30 14:38:42,5,50,20.9,66,10.9,1001.9,1006.8,4.1,5.1,2,347.7,0
2015-05-30 14:43:42,5,50,20.9,67,10.8,1001.9,1006.8,4.8,6.5,4,347.7,0
2015-05-30 14:48:42,5,50,20.9,67,10.6,1001.9,1006.8,3.7,7.1,10,347.7,0
2015-05-30 14:53:42,5,51,20.8,67,10.5,1001.9,1006.8,1.7,3.4,10,347.7,0
2015-05-30 14:58:42,5,52,20.8,68,10.6,1001.6,1006.5,3.7,5.1,2,347.7,0
2015-05-30 15:03:42,5,52,20.7,67,10.6,1001.4,1006.3,2.4,4.4,2,347.7,0
2015-05-30 15:08:42,5,52,20.7,67,10.7,1001.2,1006.1,4.4,6.1,2,347.7,0
2015-05-30 15:13:42,5,52,20.7,67,10.9,1001.1,1006,4.4,5.8,4,347.7,0
2015-05-30 15:18:42,5,52,20.7,66,11,1001.1,1006,5.1,7.8,4,347.7,0
2015-05-30 15:23:42,5,52,20.7,66,11.1,1001.1,1006,6.1,8.5,4,347.7,0
2015-05-30 15:28:42,5,53,20.7,66,11.1,1001.1,1006,3.4,5.4,4,347.7,0
2015-05-30 15:33:42,5,53,20.7,66,11.2,1000.9,1005.8,3.7,6.5,2,347.7,0
2015-05-30 15:38:42,5,53,20.8,66,11.2,1000.5,1005.4,5.4,7.5,4,347.7,0
2015-05-30 15:43:42,5,53,20.8,66,11,1000.6,1005.5,3.4,5.1,13,347.7,0
2015-05-30 15:48:42,5,53,20.8,66,11,1000.5,1005.4,4.4,7.5,4,347.7,0
2015-05-30 15:53:42,5,53,20.8,66,11,1000.2,1005.1,4.4,6.1,10,347.7,0
2015-05-30 15:58:42,5,53,20.7,66,11,1000.2,1005.1,6.1,7.8,12,347.7,0
2015-05-30 16:03:42,5,53,20.7,66,11,1000.1,1005,3.4,5.4,3,347.7,0
2015-05-30 16:08:42,5,53,20.7,66,11.1,999.9,1004.8,6.1,7.5,4,347.7,0
2015-05-30 16:13:42,5,53,20.7,66,11.1,1000,1004.9,6.5,8.2,4,347.7,0
2015-05-30 16:18:42,5,50,20.6,67,11,999.7,1004.6,4.1,5.1,4,347.7,0
2015-05-30 16:23:42,5,50,20.5,67,11.1,999.6,1004.5,3.4,5.1,4,347.7,0
2015-05-30 16:28:42,5,51,20.4,67,11.3,999.5,1004.4,5.4,7.5,4,347.7,0
2015-05-30 16:33:42,5,52,20.4,67,11.3,999.3,1004.2,4.1,5.4,4,347.7,0
2015-05-30 16:38:42,5,52,20.3,66,11.2,999.2,1004.1,5.4,7.1,2,347.7,0
2015-05-30 16:43:42,5,52,20.2,67,11.2,999.1,1004,3.7,4.8,4,347.7,0
2015-05-30 16:48:42,5,53,20.2,67,11.1,998.9,1003.8,5.4,6.8,4,347.7,0
2015-05-30 16:53:42,5,53,20.1,69,10.9,998.9,1003.8,5.1,7.1,2,347.7,0
2015-05-30 16:58:42,5,53,20.1,70,10.7,998.7,1003.6,5.1,7.1,4,347.7,0
2015-05-30 17:03:42,5,53,20.1,72,10.7,998.7,1003.6,4.8,7.1,4,347.7,0
2015-05-30 17:08:42,5,53,20,72,10.6,998.7,1003.6,3.7,5.8,4,347.7,0
2015-05-30 17:13:42,5,54,20,73,10.6,998.5,1003.4,4.1,6.8,4,347.7,0
2015-05-30 17:18:42,5,54,20,73,10.5,998.4,1003.3,4.8,5.8,4,347.7,0
2015-05-30 17:23:42,5,54,20,73,10.4,998.3,1003.2,3.7,5.1,2,348,0
2015-05-30 17:28:42,5,54,20,74,10.4,998,1002.9,4.4,5.8,4,348,0
2015-05-30 17:34:42,6,55,19.9,74,10.5,998.1,1003,3.7,5.8,2,348.3,0
2015-05-30 17:39:42,5,55,19.8,74,10.5,997.9,1002.8,3.7,5.1,4,348.3,0
2015-05-30 17:44:42,5,55,19.8,74,10.5,997.7,1002.6,3.7,4.4,4,348.3,0
2015-05-30 17:50:42,6,55,19.7,75,10.5,997.7,1002.6,4.8,6.1,4,348.6,0
2015-05-30 17:55:42,5,56,19.7,75,10.5,997.7,1002.6,3.7,6.1,2,348.9,0
2015-05-30 18:00:42,5,56,19.7,75,10.6,997.3,1002.2,5.1,7.5,2,349.2,0
2015-05-30 18:06:42,6,57,19.7,75,10.6,997.2,1002.1,3.1,4.4,4,349.5,0
2015-05-30 18:11:42,5,57,19.6,75,10.6,997,1001.9,3.7,4.4,4,349.8,0
2015-05-30 18:16:42,5,57,19.6,75,10.6,997,1001.9,3.4,4.1,4,350.1,0
2015-05-30 18:22:42,6,57,19.6,75,10.6,997,1001.9,3.1,4.4,4,350.4,0
2015-05-30 18:27:42,5,58,19.6,76,10.7,996.9,1001.8,1.7,2.7,15,350.4,0
2015-05-30 18:32:42,5,59,19.6,76,10.7,996.7,1001.6,2.4,3.1,12,350.4,0
2015-05-30 18:38:42,6,61,19.6,76,10.7,996.5,1001.4,2.4,4.1,2,350.4,0
2015-05-30 18:43:42,5,62,19.7,76,10.8,996.4,1001.3,2.7,4.1,4,350.7,0
2015-05-30 18:48:42,5,63,19.7,76,10.8,996.4,1001.3,2.4,3.4,14,350.7,0
2015-05-30 18:54:42,6,64,19.6,75,11,996.1,1001,2.7,3.7,2,350.7,0
2015-05-30 18:59:42,5,64,19.6,75,11,996.1,1001,3.4,4.8,2,350.7,0
2015-05-30 19:04:42,5,64,19.6,75,11.2,995.9,1000.8,0.7,2,2,350.7,0
2015-05-30 19:10:42,6,63,19.7,76,11.4,995.6,1000.5,1,1.7,12,350.7,0
2015-05-30 19:15:42,5,63,19.6,76,11.5,995.7,1000.6,2,2.7,12,350.7,0
2015-05-30 19:20:42,5,63,19.6,76,11.6,995.5,1000.4,0.3,1,12,350.7,0
2015-05-30 19:26:42,6,63,19.6,76,11.7,995.4,1000.3,1.7,2.7,14,350.7,0
2015-05-30 19:31:42,5,63,19.6,76,11.7,995.2,1000.1,1.7,2.7,8,350.7,0
2015-05-30 19:36:42,5,62,19.6,75,11.8,995.3,1000.2,1.4,2,8,351,0
2015-05-30 19:42:42,6,62,19.6,75,11.8,995.3,1000.2,1,2,10,351.3,0
2015-05-30 19:47:42,5,62,19.5,75,11.8,995.2,1000.1,1.7,2.7,8,351.3,0
2015-05-30 19:52:42,5,62,19.5,75,11.9,995.2,1000.1,1.4,3.1,8,351.3,0
2015-05-30 19:58:42,6,62,19.5,74,12,995,999.9,2.4,3.4,12,351.3,0
2015-05-30 20:03:42,5,62,19.5,74,12,995,999.9,3.1,4.1,9,351.3,0
2015-05-30 20:08:42,5,62,19.5,74,12.1,994.9,999.8,3.1,4.4,8,351.3,0
2015-05-30 20:14:42,6,62,19.5,74,12.1,994.7,999.6,1.7,2.4,8,351.3,0
2015-05-30 20:19:42,5,62,19.5,74,12.1,994.6,999.5,2,3.1,8,351.3,0
2015-05-30 20:24:42,5,62,19.5,74,12.1,994.7,999.6,2.4,3.4,8,351.3,0
2015-05-30 20:30:42,6,62,19.5,74,12.1,994.7,999.6,2,3.7,8,351.3,0
2015-05-30 20:35:42,5,62,19.5,74,12.1,994.7,999.6,2,2.7,10,351.3,0
2015-05-30 20:40:42,5,62,19.4,74,12.2,994.7,999.6,2,3.1,8,351.3,0
2015-05-30 20:46:42,6,62,19.4,74,12.2,994.9,999.8,2.7,4.1,10,351.3,0
2015-05-30 20:51:42,5,62,19.4,74,12.2,994.7,999.6,2.4,3.4,8,351.3,0
2015-05-30 20:56:42,5,62,19.4,74,12.2,994.7,999.6,3.7,7.1,10,351.3,0
2015-05-30 21:02:42,6,62,19.4,74,12.2,994.6,999.5,2,3.1,8,351.3,0
2015-05-30 21:07:42,5,62,19.3,74,12.2,994.8,999.7,2.4,4.1,12,351.3,0
2015-05-30 21:12:42,5,62,19.4,74,12.2,994.6,999.5,2,3.7,2,351.3,0
2015-05-30 21:18:42,6,61,19.3,74,12.2,994.7,999.6,2,3.4,8,351.3,0
2015-05-30 21:23:42,5,61,19.3,74,12.2,994.7,999.6,1.7,2.7,8,351.3,0
2015-05-30 21:28:42,5,61,19.3,74,12.2,994.8,999.7,1.7,3.1,8,351.6,0
2015-05-30 21:34:42,6,62,19.3,74,12.1,994.9,999.8,2.4,4.1,10,351.6,0
2015-05-30 21:39:42,5,62,19.3,75,11.9,994.9,999.8,1.4,2.4,12,351.6,0
2015-05-30 21:44:42,5,62,19.3,75,11.7,995.1,1000,2,2.7,10,351.6,0
2015-05-30 21:50:42,6,62,19.3,75,11.4,995.3,1000.2,2,3.4,10,351.6,0
2015-05-30 21:55:42,5,62,19.3,75,11.1,995.4,1000.3,1.4,2.7,8,351.6,0
2015-05-30 22:00:42,5,62,19.3,75,11,995.4,1000.3,1.7,3.4,12,351.6,0
2015-05-30 22:06:42,6,62,19.3,76,10.9,995.4,1000.3,1.4,1.7,8,351.6,0
2015-05-30 22:11:42,5,62,19.3,76,10.7,995.6,1000.5,2.4,3.4,10,351.6,0
2015-05-30 22:16:42,5,62,19.3,76,10.6,995.4,1000.3,1.7,2.4,12,351.9,0
2015-05-30 22:22:42,6,62,19.3,76,10.4,995.6,1000.5,1.4,2,10,351.9,0
2015-05-30 22:27:42,5,61,19.2,76,10.4,995.5,1000.4,1.7,3.1,14,352.2,0
2015-05-30 22:32:42,5,61,19.2,76,10.3,995.6,1000.5,2.7,3.4,14,352.2,0
2015-05-30 22:38:42,6,61,19.2,76,10.3,995.7,1000.6,1.7,3.1,12,352.2,0
2015-05-30 22:43:42,5,61,19.2,76,10.2,995.9,1000.8,1.7,2.4,10,352.2,0
2015-05-30 22:48:42,5,61,19.2,76,10.2,996.1,1001,1.4,2,10,352.2,0
2015-05-30 22:54:42,6,61,19.2,76,10.2,995.9,1000.8,1,1.7,10,352.2,0
2015-05-30 22:59:42,5,61,19.2,76,10.2,996,1000.9,1,2,10,352.5,0
2015-05-30 23:04:42,5,61,19.1,76,10.2,995.9,1000.8,2.7,3.7,12,352.5,0
2015-05-30 23:10:42,6,61,19.2,76,10.1,995.8,1000.7,1.4,2.4,8,352.5,0
2015-05-30 23:15:42,5,61,19.2,76,10.1,995.9,1000.8,2,2.4,12,352.5,0
2015-05-30 23:20:42,5,61,19.1,76,10,996,1000.9,2,3.1,13,352.5,0
2015-05-30 23:26:42,6,61,19.1,77,9.8,995.9,1000.8,1.7,2.4,13,352.5,0
2015-05-30 23:31:42,5,61,19.1,77,9.7,995.9,1000.8,2.4,3.4,8,352.5,0
2015-05-30 23:36:42,5,61,19.1,77,9.7,995.9,1000.8,1.7,2.7,12,352.5,0
2015-05-30 23:42:42,6,61,19.1,77,9.6,996.2,1001.1,2.4,3.4,10,352.5,0
2015-05-30 23:47:42,5,62,19.1,77,9.6,996.1,1001,1.7,2.7,10,352.5,0
2015-05-30 23:52:42,5,62,19.1,77,9.5,996.1,1001,2.7,3.4,10,352.5,0
2015-05-30 23:58:42,6,62,19.1,77,9.5,996.1,1001,3.1,4.4,10,352.5,0
