2019-07-15 00:01:43,5,47,24.4,80,15.2,1018.7,1023.6,1.7,2.7,4,424.2,0
2019-07-15 00:06:43,5,47,24.3,80,15.1,1018.7,1023.6,1.7,2.4,,424.2,0
2019-07-15 00:11:43,5,48,24.3,81,15.2,1018.7,1023.6,1.7,2,,424.2,0
2019-07-15 00:16:43,5,48,24.2,80,15,1018.6,1023.5,1.4,2,4,424.2,0
2019-07-15 00:21:43,5,48,24.2,81,14.9,1018.8,1023.7,1.4,2,2,424.2,0
2019-07-15 00:26:43,5,48,24.2,81,14.9,1018.6,1023.5,2,2.4,4,424.2,0
2019-07-15 00:31:43,5,48,24.1,81,14.8,1018.6,1023.5,1.7,2.4,4,424.2,0
2019-07-15 00:36:43,5,48,24.1,81,14.7,1018.7,1023.6,1.4,1.7,4,424.2,0
2019-07-15 00:41:43,5,48,24.1,82,14.6,1018.6,1023.5,2,2.7,4,424.2,0
2019-07-15 00:46:43,5,48,24,82,14.6,1018.7,1023.6,1.4,1.7,4,424.2,0
2019-07-15 00:51:43,5,48,24,82,14.5,1018.7,1023.6,1.4,1.7,,424.2,0
2019-07-15 00:56:43,5,48,24,82,14.4,1018.6,1023.5,1.4,2.4,2,424.2,0
2019-07-15 01:01:43,5,48,24,82,14.3,1018.6,1023.5,0.3,0.7,4,424.2,0
2019-07-15 01:06:43,5,49,23.9,82,14.1,1018.6,1023.5,0.7,1,,424.2,0
2019-07-15 01:11:43,5,49,23.9,82,14,1018.6,1023.5,0.3,1,2,424.2,0
2019-07-15 01:16:43,5,49,23.9,83,13.9,1018.6,1023.5,0,0,2,424.2,0
2019-07-15 01:21:43,5,49,23.8,83,13.6,1018.9,1023.8,0.3,0.7,14,424.2,0
2019-07-15 01:26:43,5,49,23.8,83,13.5,1018.7,1023.6,0,0.3,2,424.2,0
2019-07-15 01:31:43,5,49,23.8,84,13.4,1018.6,1023.5,0.7,1,2,424.2,0
2019-07-15 01:36:43,5,49,23.8,85,13.5,1018.7,1023.6,1,1.4,4,424.2,0
2019-07-15 01:41:43,5,49,23.8,86,13.6,1018.7,1023.6,0.7,1,0,424.2,0
2019-07-15 01:46:43,5,50,23.7,86,13.6,1018.6,1023.5,0.3,1,4,424.2,0
2019-07-15 01:51:43,5,50,23.7,86,13.6,1018.6,1023.5,0.3,0.7,4,424.2,0
2019-07-15 01:56:43,5,50,23.7,86,13.6,1018.6,1023.5,0,0,4,424.2,0
2019-07-15 02:01:43,5,50,23.7,86,13.6,1018.5,1023.4,0,0,4,424.2,0
2019-07-15 02:06:43,5,50,23.7,85,13.4,1018.4,1023.3,0,0,4,424.2,0
2019-07-15 02:11:43,5,50,23.6,85,13.2,1018.3,1023.2,0,0,4,424.2,0
2019-07-15 02:16:43,5,50,23.6,84,13,1018.3,1023.2,0,0,2,424.2,0
2019-07-15 02:21:43,5,50,23.6,84,12.8,1018.2,1023.1,0.3,0.7,4,424.2,0
2019-07-15 02:26:43,5,50,23.6,85,12.6,1018.2,1023.1,0,0,4,424.2,0
2019-07-15 02:31:43,5,50,23.6,85,12.6,1018,1022.9,0,0,4,424.2,0
2019-07-15 02:36:43,5,50,23.6,90,12.4,1018,1022.9,0,0.3,2,424.2,0
2019-07-15 02:41:43,5,50,23.5,90,12.2,1018.1,1023,0,0,14,424.2,0
2019-07-15 02:46:43,5,50,23.5,90,12,1018.1,1023,0,0,14,424.2,0
2019-07-15 02:51:43,5,50,23.5,90,11.9,1018,1022.9,0,0.3,0,424.2,0
2019-07-15 02:56:43,5,50,23.5,90,11.9,1018,1022.9,0,0.3,2,424.2,0
2019-07-15 03:01:43,5,50,23.5,91,11.8,1018.1,1023,0,0,2,424.2,0
2019-07-15 03:06:43,5,50,23.5,92,11.7,1017.9,1022.8,0.7,1,2,424.2,0
2019-07-15 03:11:43,5,50,23.4,92,11.7,1017.8,1022.7,0.7,1,2,424.2,0
2019-07-15 03:16:43,5,50,23.4,93,11.8,1018,1022.9,0,0,2,424.2,0
2019-07-15 03:21:43,5,50,23.4,94,11.8,1017.8,1022.7,0.7,0.7,2,424.2,0
2019-07-15 03:26:43,5,50,23.4,94,11.8,1017.9,1022.8,0,0,2,424.2,0
2019-07-15 03:31:43,5,50,23.3,94,11.8,1017.8,1022.7,0.3,0.7,2,424.2,0
2019-07-15 03:36:43,5,50,23.3,95,11.8,1017.8,1022.7,0,0,4,424.2,0
2019-07-15 03:41:43,5,50,23.3,95,11.6,1017.8,1022.7,0,0,4,424.2,0
2019-07-15 03:46:43,5,50,23.3,94,11.4,1017.9,1022.8,0,0,2,424.2,0
2019-07-15 03:51:43,5,49,23.3,94,11.3,1017.8,1022.7,0,0.3,2,424.2,0
2019-07-15 03:56:43,5,49,23.3,94,11.1,1017.8,1022.7,0.3,0.7,2,424.2,0
2019-07-15 04:01:43,5,49,23.3,94,11.1,1017.7,1022.6,0,0.3,2,424.2,0
2019-07-15 04:06:43,5,49,23.2,94,11.2,1017.8,1022.7,0.3,0.7,2,424.2,0
2019-07-15 04:11:43,5,49,23.2,94,11.2,1017.8,1022.7,0,0,2,424.2,0
2019-07-15 04:16:43,5,49,23.2,94,11.1,1017.9,1022.8,0,0,2,424.2,0
2019-07-15 04:21:43,5,49,23.2,95,11.1,1017.7,1022.6,0,0,2,424.2,0
2019-07-15 04:26:43,5,49,23.2,95,11,1018,1022.9,0,0,2,424.2,0
2019-07-15 04:31:43,5,49,23.1,94,10.8,1018,1022.9,0,0,2,424.2,0
2019-07-15 04:36:43,5,49,23.1,94,10.7,1017.9,1022.8,0,0,2,424.2,0
2019-07-15 04:41:43,5,49,23.1,94,10.8,1017.9,1022.8,0,0,2,424.2,0
2019-07-15 04:46:43,5,49,23.1,94,11.1,1017.8,1022.7,0,0,2,424.2,0
2019-07-15 04:51:43,5,49,23,94,11.3,1018,1022.9,0,0,2,424.2,0
2019-07-15 04:56:43,5,49,23,94,11.4,1018,1022.9,0.3,0.7,8,424.2,0
2019-07-15 05:01:43,5,49,23.1,94,11.2,1017.9,1022.8,0,0,4,424.2,0
2019-07-15 05:06:43,5,49,23,94,11.2,1018.1,1023,0,0,4,424.2,0
2019-07-15 05:11:43,5,49,23,94,11.2,1018,1022.9,0.3,0.7,2,424.2,0
2019-07-15 05:16:43,5,49,23,94,11.2,1018,1022.9,0.7,1,0,424.2,0
2019-07-15 05:21:43,5,49,23,94,11.1,1018,1022.9,0.3,0.7,4,424.2,0
2019-07-15 05:26:43,5,49,23,94,11.2,1018,1022.9,0.3,0.7,4,424.2,0
2019-07-15 05:31:43,5,49,23,95,11.4,1018,1022.9,0,0,4,424.2,0
2019-07-15 05:36:43,5,49,23,95,11.9,1018,1022.9,0,0,4,424.2,0
2019-07-15 05:41:43,5,49,23,93,12.5,1018,1022.9,0,0.3,2,424.2,0
2019-07-15 05:46:43,5,49,23,94,13,1018,1022.9,0,0,2,424.2,0
2019-07-15 05:51:43,5,50,23,95,13.4,1017.8,1022.7,0,0,2,424.2,0
2019-07-15 05:56:43,5,50,23,95,13.5,1017.9,1022.8,0.3,0.7,2,424.2,0
2019-07-15 06:01:43,5,50,23,95,13.6,1017.8,1022.7,0,0.3,2,424.2,0
2019-07-15 06:06:43,5,50,23,94,13.8,1017.6,1022.5,0,0,2,424.2,0
2019-07-15 06:11:43,5,50,23,94,14,1017.7,1022.6,0,0,2,424.2,0
2019-07-15 06:16:43,5,50,22.9,94,14.2,1017.8,1022.7,0,0.3,4,424.2,0
2019-07-15 06:21:43,5,50,22.9,94,14.4,1017.8,1022.7,0,0,4,424.2,0
2019-07-15 06:26:43,5,50,22.9,94,14.6,1017.9,1022.8,0,0,4,424.2,0
2019-07-15 06:31:43,5,50,22.9,94,14.9,1018,1022.9,0,0,8,424.2,0
2019-07-15 06:36:43,5,51,23,94,15.2,1018,1022.9,0,0,8,424.2,0
2019-07-15 06:41:43,5,51,23,94,15.6,1017.8,1022.7,0,0,8,424.2,0
2019-07-15 06:46:43,5,51,23,94,15.8,1017.8,1022.7,0.3,0.3,10,424.2,0
2019-07-15 06:51:43,5,51,23,94,15.9,1017.8,1022.7,0,0.3,14,424.2,0
2019-07-15 06:56:43,5,52,23,93,16,1017.8,1022.7,0.3,0.7,12,424.2,0
2019-07-15 07:01:43,5,52,23,93,16.1,1017.9,1022.8,1,1.4,9,424.2,0
2019-07-15 07:06:43,5,52,23,92,16.2,1017.8,1022.7,0.3,0.7,12,424.2,0
2019-07-15 07:11:43,5,52,23,92,16.4,1017.9,1022.8,0.7,0.7,10,424.2,0
2019-07-15 07:16:43,5,52,23,92,16.7,1018,1022.9,0.3,0.3,10,424.2,0
2019-07-15 07:21:43,5,52,23,91,17,1018,1022.9,0.3,1,10,424.2,0
2019-07-15 07:26:43,5,52,23,90,17.1,1018.1,1023,0.3,0.7,10,424.2,0
2019-07-15 07:31:43,5,53,23,89,17.2,1018,1022.9,0.3,0.7,10,424.2,0
2019-07-15 07:36:43,5,53,23,88,17.2,1017.9,1022.8,0.3,0.3,10,424.2,0
2019-07-15 07:41:43,5,53,23,87,17.2,1017.9,1022.8,0,0.3,12,424.2,0
2019-07-15 07:46:43,5,53,23.1,87,17.3,1018.1,1023,0.3,0.7,12,424.2,0
2019-07-15 07:51:43,5,53,23.1,86,17.3,1017.8,1022.7,0.3,0.7,14,424.2,0
2019-07-15 07:56:43,5,54,23.1,86,17.4,1018,1022.9,0.3,0.7,10,424.2,0
2019-07-15 08:01:43,5,54,23.2,82,17.6,1018,1022.9,0.3,0.7,8,424.2,0
2019-07-15 08:06:43,5,54,23.2,81,17.8,1018,1022.9,1,1.7,8,424.2,0
2019-07-15 08:11:43,5,54,23.2,80,17.9,1017.8,1022.7,0,0.3,12,424.2,0
2019-07-15 08:16:43,5,54,23.2,80,18.2,1017.9,1022.8,0.3,0.7,12,424.2,0
2019-07-15 08:21:43,5,54,23.2,78,18.2,1018,1022.9,0.7,1.4,10,424.2,0
2019-07-15 08:26:43,5,54,23.2,77,18.2,1017.9,1022.8,1,1.4,10,424.2,0
2019-07-15 08:31:43,5,54,23.2,77,18.6,1017.9,1022.8,1,1.4,8,424.2,0
2019-07-15 08:36:43,5,54,23.1,76,19.1,1018,1022.9,0.7,1,12,424.2,0
2019-07-15 08:41:43,5,54,23.2,75,19.3,1017.9,1022.8,0.7,1,10,424.2,0
2019-07-15 08:46:43,5,54,23.2,73,19.5,1018,1022.9,0.3,0.7,10,424.2,0
2019-07-15 08:51:43,5,54,23.2,72,19.8,1017.8,1022.7,1,1.7,8,424.2,0
2019-07-15 08:56:43,5,54,23.2,70,20.1,1017.6,1022.5,1,1.7,10,424.2,0
2019-07-15 09:01:43,5,54,23.2,69,20.6,1017.9,1022.8,1.4,1.7,10,424.2,0
2019-07-15 09:06:43,5,54,23.2,65,20.3,1017.7,1022.6,1.4,1.7,12,424.2,0
2019-07-15 09:11:43,5,54,23.3,64,20.2,1017.9,1022.8,0.3,0.7,12,424.2,0
2019-07-15 09:16:43,5,53,23.2,65,20.5,1017.7,1022.6,1,1.7,14,424.2,0
2019-07-15 09:21:43,5,53,23.3,67,20.7,1017.7,1022.6,0.7,1,10,424.2,0
2019-07-15 09:26:43,5,53,23.3,68,21.1,1017.7,1022.6,1,1.4,10,424.2,0
2019-07-15 09:31:43,5,54,23.4,66,21.4,1017.6,1022.5,1,1.4,10,424.2,0
2019-07-15 09:36:43,5,54,23.4,67,21.6,1017.5,1022.4,1,1.4,10,424.2,0
2019-07-15 09:41:43,5,54,23.4,67,21.8,1017.6,1022.5,1,1.4,14,424.2,0
2019-07-15 09:46:43,5,54,23.4,64,21.6,1017.6,1022.5,1,1.4,12,424.2,0
2019-07-15 09:51:43,5,54,23.5,66,21.7,1017.6,1022.5,1.4,1.7,10,424.2,0
2019-07-15 09:56:43,5,54,23.5,67,22.1,1017.5,1022.4,0.7,1,10,424.2,0
2019-07-15 10:01:43,5,54,23.5,64,22,1017.5,1022.4,1.4,1.7,8,424.2,0
2019-07-15 10:06:43,5,54,23.6,64,21.9,1017.6,1022.5,0.7,1,8,424.2,0
2019-07-15 10:11:43,5,54,23.6,65,22,1017.6,1022.5,1,1.4,12,424.2,0
2019-07-15 10:16:43,5,54,23.6,65,21.8,1017.4,1022.3,1,1.7,10,424.2,0
2019-07-15 10:21:43,5,54,23.6,67,22,1017.5,1022.4,1,1.4,14,424.2,0
2019-07-15 10:26:43,5,54,23.6,64,22.4,1017.6,1022.5,1,1.4,10,424.2,0
2019-07-15 10:31:43,5,54,23.7,60,22.7,1017.4,1022.3,0.7,1,12,424.2,0
2019-07-15 10:36:43,5,54,23.7,59,23,1017.5,1022.4,1,1.4,,424.2,0
2019-07-15 10:41:43,5,54,23.7,56,22.8,1017.6,1022.5,1,1.4,12,424.2,0
2019-07-15 10:46:43,5,54,23.7,60,22.6,1017.6,1022.5,1,1.4,10,424.2,0
2019-07-15 10:51:43,5,54,23.8,60,22.8,1017.4,1022.3,1.7,2.4,10,424.2,0
2019-07-15 10:56:43,5,54,23.8,59,23.2,1017.5,1022.4,1,1.7,10,424.2,0
2019-07-15 11:01:43,5,54,23.8,56,23.6,1017.4,1022.3,0.7,1.4,8,424.2,0
2019-07-15 11:06:43,5,54,23.8,57,23.5,1017.4,1022.3,1.4,2.4,8,424.2,0
2019-07-15 11:11:43,5,54,23.9,56,23.6,1017.4,1022.3,0.7,1,12,424.2,0
2019-07-15 11:16:43,5,53,24,59,23,1017.4,1022.3,1,1.4,10,424.2,0
2019-07-15 11:21:43,5,53,24,62,22.3,1017.5,1022.4,0.7,1.4,10,424.2,0
2019-07-15 11:26:43,5,53,24,63,22,1017.3,1022.2,0.3,0.7,14,424.2,0
2019-07-15 11:31:43,5,53,24,64,21.8,1017.3,1022.2,0.3,0.7,10,424.2,0
2019-07-15 11:36:43,5,53,24.1,64,21.3,1017.4,1022.3,1.4,2,10,424.2,0
2019-07-15 11:41:43,5,53,24.1,65,22,1017.2,1022.1,1.4,1.7,10,424.2,0
2019-07-15 11:46:43,5,53,24.1,62,22.7,1017.3,1022.2,1.4,2,12,424.2,0
2019-07-15 11:51:43,5,53,24.1,60,23.3,1017.2,1022.1,1.4,1.7,10,424.2,0
2019-07-15 11:56:43,5,53,24.1,60,23.2,1017.2,1022.1,1,1.4,12,424.2,0
2019-07-15 12:01:43,5,53,24.2,60,23.3,1017.2,1022.1,0.3,0.7,12,424.2,0
2019-07-15 12:06:43,5,53,24.2,59,23.4,1017.1,1022,1,1.4,10,424.2,0
2019-07-15 12:11:43,5,53,24.2,56,23.6,1017,1021.9,1.4,2.4,,424.2,0
2019-07-15 12:16:43,5,53,24.3,55,24.2,1017.1,1022,1.4,2,8,424.2,0
2019-07-15 12:21:43,5,53,24.3,57,23.7,1016.9,1021.8,1,1.4,10,424.2,0
2019-07-15 12:26:43,5,53,24.4,57,23.5,1016.8,1021.7,1.4,2,12,424.2,0
2019-07-15 12:31:43,5,53,24.4,56,23.8,1016.9,1021.8,1.4,1.7,10,424.2,0
2019-07-15 12:36:43,5,53,24.4,56,23.3,1016.9,1021.8,1.4,1.7,10,424.2,0
2019-07-15 12:41:43,5,53,24.4,59,23.2,1016.6,1021.5,1.4,2.4,12,424.2,0
2019-07-15 12:46:43,5,53,24.4,57,23.2,1016.9,1021.8,1,1.4,10,424.2,0
2019-07-15 12:51:43,5,53,24.4,59,23.1,1016.7,1021.6,1,1.4,8,424.2,0
2019-07-15 12:56:43,5,53,24.4,55,23.1,1016.7,1021.6,1,1.7,12,424.2,0
2019-07-15 13:01:43,5,52,24.5,59,23.6,1016.7,1021.6,1.4,2,10,424.2,0
2019-07-15 13:06:43,5,52,24.5,57,24.3,1016.4,1021.3,0.7,1,10,424.2,0
2019-07-15 13:11:43,5,53,24.5,54,25.1,1016.6,1021.5,1,1.4,10,424.2,0
2019-07-15 13:16:43,5,53,24.5,52,25.5,1016.6,1021.5,1.4,2,10,424.2,0
2019-07-15 13:21:43,5,53,24.6,52,25,1016.6,1021.5,1.4,2,12,424.2,0
2019-07-15 13:26:43,5,53,24.6,50,24.3,1016.2,1021.1,1,1.4,4,424.2,0
2019-07-15 13:31:43,5,53,24.5,53,24.4,1016.3,1021.2,1,1.7,12,424.2,0
2019-07-15 13:36:43,5,53,24.6,52,24.1,1016.3,1021.2,1.4,2,2,424.2,0
2019-07-15 13:41:43,5,53,24.7,51,24.5,1016.5,1021.4,0.7,1.4,12,424.2,0
2019-07-15 13:46:43,5,53,24.7,53,24.6,1016.4,1021.3,1.4,2,10,424.2,0
2019-07-15 13:51:43,5,53,24.8,51,24.8,1016.4,1021.3,1,1.7,10,424.2,0
2019-07-15 13:56:43,5,53,24.7,52,24.9,1016.1,1021,1.4,2,12,424.2,0
2019-07-15 14:01:43,5,53,24.8,52,24,1016.2,1021.1,0.7,1,14,424.2,0
2019-07-15 14:06:43,5,53,24.8,54,23.3,1016.3,1021.2,0.7,1,10,424.2,0
2019-07-15 14:11:43,5,52,24.8,55,23.2,1016.1,1021,0.7,1,12,424.2,0
2019-07-15 14:16:43,5,53,24.9,54,23.7,1016.1,1021,1,1.4,12,424.2,0
2019-07-15 14:21:43,5,53,24.9,53,24.2,1016.2,1021.1,0.7,1,8,424.2,0
2019-07-15 14:26:43,5,53,24.9,54,24.3,1016.3,1021.2,1,1.4,12,424.2,0
2019-07-15 14:31:43,5,53,24.9,53,23.6,1016.2,1021.1,1.4,1.7,10,424.2,0
2019-07-15 14:36:43,5,53,24.9,57,22.9,1016.2,1021.1,1,1.4,12,424.2,0
2019-07-15 14:41:43,5,53,24.9,58,22.9,1016.3,1021.2,1,1.4,10,424.2,0
2019-07-15 14:46:43,5,53,24.8,59,22.8,1016.1,1021,1,1.7,10,424.2,0
2019-07-15 14:51:43,5,53,24.8,60,22.5,1016.2,1021.1,1,1.4,12,424.2,0
2019-07-15 14:56:43,5,53,24.8,63,22.4,1016.1,1021,1,1.7,10,424.2,0
2019-07-15 15:01:43,5,53,24.8,61,22.5,1016.1,1021,1,1.4,12,424.2,0
2019-07-15 15:06:43,5,53,24.8,60,22.6,1016.2,1021.1,0.3,1,12,424.2,0
2019-07-15 15:11:43,5,53,24.7,62,22.3,1016,1020.9,0.7,1,10,424.2,0
2019-07-15 15:16:43,5,53,24.8,63,22,1016.2,1021.1,0.3,0.7,10,424.2,0
2019-07-15 15:21:43,5,53,24.7,65,21.9,1016,1020.9,0.3,0.7,12,424.2,0
2019-07-15 15:26:43,5,53,24.7,66,22.2,1016.1,1021,0,0.7,12,424.2,0
2019-07-15 15:31:43,5,53,24.7,61,22.8,1016,1020.9,0.7,1,10,424.2,0
2019-07-15 15:36:43,5,53,24.7,61,23.3,1015.8,1020.7,0.7,1.4,14,424.2,0
2019-07-15 15:41:43,5,53,24.8,60,24,1015.9,1020.8,1,1.4,12,424.2,0
2019-07-15 15:46:43,5,53,24.8,56,23.6,1015.8,1020.7,0.7,1,12,424.2,0
2019-07-15 15:51:43,5,53,24.8,60,23.4,1015.8,1020.7,0.3,0.7,8,424.2,0
2019-07-15 15:56:43,5,53,24.8,58,23.3,1015.9,1020.8,0,0,12,424.2,0
2019-07-15 16:01:43,5,53,24.8,60,23,1015.7,1020.6,0.3,0.7,10,424.2,0
2019-07-15 16:06:43,5,53,24.7,61,23,1015.8,1020.7,0.3,0.7,12,424.2,0
2019-07-15 16:11:43,5,53,24.7,60,22.8,1015.7,1020.6,1.4,1.7,12,424.2,0
2019-07-15 16:16:43,5,53,24.7,61,22.7,1015.6,1020.5,0.7,1,12,424.2,0
2019-07-15 16:21:43,5,53,24.7,61,23,1015.6,1020.5,0.7,1,12,424.2,0
2019-07-15 16:26:43,5,53,24.8,60,23,1015.5,1020.4,0.3,1,10,424.2,0
2019-07-15 16:31:43,5,53,24.8,60,23.3,1015.7,1020.6,1,1.4,10,424.2,0
2019-07-15 16:36:43,5,53,24.8,59,23,1015.5,1020.4,0.7,1,12,424.2,0
2019-07-15 16:41:43,5,53,24.8,59,23,1015.5,1020.4,0.7,1.4,12,424.2,0
2019-07-15 16:46:43,5,53,24.8,60,22.8,1015.6,1020.5,0.7,1.4,4,424.2,0
2019-07-15 16:51:43,5,53,24.8,55,22.9,1015.5,1020.4,1,1.4,10,424.2,0
2019-07-15 16:56:43,5,53,24.8,53,22.6,1015.5,1020.4,1,1.7,10,424.2,0
2019-07-15 17:01:43,5,52,24.8,60,22.1,1015.5,1020.4,0.7,1.4,8,424.2,0
2019-07-15 17:06:43,5,51,24.8,62,22.1,1015.5,1020.4,0.7,1,12,424.2,0
2019-07-15 17:11:43,5,51,24.8,61,22.2,1015.6,1020.5,1,1.4,10,424.2,0
2019-07-15 17:16:43,5,51,24.8,60,22,1015.6,1020.5,1,1.4,12,424.2,0
2019-07-15 17:21:43,5,51,24.7,64,22,1015.7,1020.6,1.4,1.7,10,424.2,0
2019-07-15 17:26:43,5,51,24.7,65,21.4,1015.7,1020.6,1,1.7,12,424.2,0
2019-07-15 17:31:43,5,52,24.7,65,20.8,1015.7,1020.6,1.4,2,12,424.2,0
2019-07-15 17:36:43,5,52,24.6,65,20.2,1015.8,1020.7,1,1.7,12,424.2,0
2019-07-15 17:41:43,5,52,24.6,68,19.8,1015.9,1020.8,0.7,1.4,12,424.2,0
2019-07-15 17:46:43,5,52,24.6,69,19.4,1015.9,1020.8,0.7,1.4,10,424.2,0
2019-07-15 17:51:43,5,52,24.5,70,19.2,1016,1020.9,0.7,1,10,424.2,0
2019-07-15 17:56:43,5,52,24.5,70,19,1015.9,1020.8,0.3,1,12,424.2,0
2019-07-15 18:01:43,5,52,24.5,70,18.7,1016,1020.9,0.7,1,10,424.2,0
2019-07-15 18:06:43,5,52,24.5,71,18.4,1016,1020.9,0.7,0.7,10,424.2,0
2019-07-15 18:11:43,5,52,24.5,72,18.2,1016.1,1021,0.7,1,10,424.2,0
2019-07-15 18:16:43,5,52,24.4,73,18,1016.2,1021.1,0.3,1,12,424.2,0
2019-07-15 18:21:43,5,52,24.4,75,17.8,1016.2,1021.1,0,0.3,9,424.2,0
2019-07-15 18:26:43,5,52,24.4,76,17.6,1016.1,1021,0.7,1,10,424.2,0
2019-07-15 18:31:43,5,52,24.4,81,17.4,1016.1,1021,0.3,1,10,424.2,0
2019-07-15 18:36:43,5,52,24.3,82,17.2,1016.2,1021.1,0.3,0.7,12,424.5,0
2019-07-15 18:41:43,5,52,24.3,83,17.1,1016.2,1021.1,0,0,8,424.5,0
2019-07-15 18:46:43,5,52,24.2,84,17,1016.3,1021.2,0,0.3,8,424.5,0
2019-07-15 18:51:43,5,53,24.2,85,17,1016.2,1021.1,0.3,0.7,10,424.5,0
2019-07-15 18:56:43,5,53,24.2,85,16.9,1016.3,1021.2,0,0,,424.5,0
2019-07-15 19:01:43,5,53,24.1,86,16.8,1016.3,1021.2,0.3,0.7,14,424.5,0
2019-07-15 19:06:43,5,53,24.1,87,16.8,1016.4,1021.3,0,0.7,10,424.5,0
2019-07-15 19:11:43,5,53,24.1,87,16.8,1016.4,1021.3,0.3,0.7,10,424.5,0
2019-07-15 19:16:43,5,53,24.1,87,16.7,1016.3,1021.2,0.3,0.7,10,424.5,0
2019-07-15 19:21:43,5,53,24.1,88,16.8,1016.4,1021.3,0,0.3,10,424.5,0
2019-07-15 19:26:43,5,53,24.1,88,16.8,1016.4,1021.3,0.3,0.7,10,424.5,0
2019-07-15 19:31:43,5,53,24,88,16.8,1016.4,1021.3,0.3,0.7,10,424.5,0
2019-07-15 19:36:43,5,53,24,88,16.9,1016.5,1021.4,0.3,0.7,10,424.5,0
2019-07-15 19:41:43,5,53,24,88,17,1016.5,1021.4,0.7,1,10,424.5,0
2019-07-15 19:46:43,5,54,23.9,88,17,1016.4,1021.3,0,0.3,10,424.5,0
2019-07-15 19:51:43,5,54,23.9,88,17.1,1016.3,1021.2,0,0.3,8,424.5,0
2019-07-15 19:56:43,5,55,23.9,88,17.1,1016.4,1021.3,0.3,0.7,10,424.5,0
2019-07-15 20:01:43,5,55,23.9,86,17.1,1016.5,1021.4,0.3,0.7,10,424.5,0
2019-07-15 20:06:43,5,55,23.9,86,17.1,1016.3,1021.2,0.3,0.3,10,424.5,0
2019-07-15 20:11:43,5,55,23.8,85,17.1,1016.5,1021.4,0,0,10,424.5,0
2019-07-15 20:16:43,5,55,23.8,85,17.1,1016.5,1021.4,0,0,10,424.5,0
2019-07-15 20:21:43,5,55,23.7,85,17.1,1016.5,1021.4,0,0,10,424.5,0
2019-07-15 20:26:43,5,55,23.7,85,17.1,1016.5,1021.4,0,0,12,424.5,0
2019-07-15 20:31:43,5,55,23.7,85,17,1016.6,1021.5,0.3,0.7,10,424.5,0
2019-07-15 20:36:43,5,55,23.5,85,17,1016.7,1021.6,0.3,0.7,10,424.5,0
2019-07-15 20:41:43,5,55,23.5,84,17,1016.6,1021.5,0,0.3,8,424.5,0
2019-07-15 20:46:43,5,55,23.5,85,17,1016.6,1021.5,0,0.3,10,424.5,0
2019-07-15 20:51:43,5,55,23.5,85,17,1016.7,1021.6,0.3,0.7,10,424.5,0
2019-07-15 20:56:43,5,55,23.5,85,16.9,1016.9,1021.8,0,0.3,12,424.5,0
2019-07-15 21:01:43,5,55,23.5,85,16.9,1016.7,1021.6,0,0.3,13,424.5,0
2019-07-15 21:06:43,5,55,23.5,84,16.8,1016.7,1021.6,0.3,0.7,12,424.5,0
2019-07-15 21:11:43,5,55,23.5,84,16.8,1016.6,1021.5,0.3,0.7,14,424.5,0
2019-07-15 21:16:43,5,55,23.5,84,16.8,1016.7,1021.6,0,0.3,10,424.5,0
2019-07-15 21:21:43,5,55,23.5,83,16.7,1016.6,1021.5,0.3,0.7,10,424.5,0
2019-07-15 21:26:43,5,55,23.5,83,16.7,1016.7,1021.6,0,0.3,12,424.5,0
2019-07-15 21:31:43,5,55,23.6,84,16.6,1016.7,1021.6,0.3,0.7,14,424.5,0
2019-07-15 21:36:43,5,55,23.6,84,16.6,1016.6,1021.5,0,0,14,424.5,0
2019-07-15 21:41:43,5,55,23.6,84,16.5,1016.7,1021.6,0,0.3,12,424.5,0
2019-07-15 21:46:43,5,55,23.6,84,16.5,1016.8,1021.7,0,0,14,424.5,0
2019-07-15 21:51:45,5,55,23.6,84,16.5,1016.7,1021.6,0,0,0,424.5,0
2019-07-15 21:56:47,5,55,23.6,85,16.5,1016.7,1021.6,0,0,0,424.5,0
2019-07-15 22:01:43,5,55,23.5,85,16.5,1016.6,1021.5,0,0,0,424.5,0
2019-07-15 22:06:43,5,55,23.5,86,16.5,1016.6,1021.5,0,0.3,4,424.5,0
2019-07-15 22:11:43,5,55,23.6,86,16.4,1016.6,1021.5,0,0,4,424.5,0
2019-07-15 22:16:43,5,55,23.5,86,16.4,1016.7,1021.6,0,0,4,424.5,0
2019-07-15 22:21:43,5,55,23.5,87,16.3,1016.7,1021.6,0,0,10,424.5,0
2019-07-15 22:26:43,5,55,23.5,87,16.2,1016.7,1021.6,0,0.3,10,424.5,0
2019-07-15 22:31:43,5,55,23.5,88,16.2,1016.6,1021.5,0,0,10,424.5,0
2019-07-15 22:36:43,5,55,23.5,88,16.2,1016.7,1021.6,0.3,0.7,10,424.5,0
2019-07-15 22:41:43,5,55,23.5,88,16.2,1016.6,1021.5,0.3,0.7,12,424.5,0
2019-07-15 22:46:43,5,55,23.5,89,16.2,1016.6,1021.5,0,0,14,424.5,0
2019-07-15 22:51:43,5,55,23.5,89,16.2,1016.6,1021.5,0,0.3,12,424.5,0
2019-07-15 22:56:43,5,55,23.5,89,16.2,1016.5,1021.4,0,0,9,424.5,0
2019-07-15 23:01:43,5,55,23.5,89,16.1,1016.5,1021.4,0,0,10,424.5,0
2019-07-15 23:06:43,5,55,23.5,89,16.1,1016.5,1021.4,0,0.3,10,424.5,0
2019-07-15 23:11:43,5,55,23.5,89,16.1,1016.6,1021.5,0,0,10,424.5,0
2019-07-15 23:16:43,5,55,23.5,89,16.1,1016.6,1021.5,0.3,0.3,10,424.5,0
2019-07-15 23:21:43,5,55,23.5,89,16,1016.6,1021.5,0.3,0.7,10,424.5,0
2019-07-15 23:26:43,5,55,23.5,89,16,1016.7,1021.6,0.3,0.7,10,424.5,0
2019-07-15 23:31:43,5,55,23.5,89,16,1016.7,1021.6,0.3,0.7,12,424.5,0
2019-07-15 23:36:43,5,55,23.4,89,16,1016.7,1021.6,0.7,1,12,424.5,0
2019-07-15 23:41:43,5,55,23.4,89,16,1016.9,1021.8,0.3,0.7,12,424.5,0
2019-07-15 23:46:43,5,55,23.4,88,16,1016.7,1021.6,0.7,1,12,424.5,0
2019-07-15 23:51:43,5,55,23.4,89,15.9,1016.8,1021.7,0.3,0.7,12,424.5,0
2019-07-15 23:56:43,5,55,23.4,89,15.9,1016.8,1021.7,0,0.7,12,424.5,0
