2019-07-29 00:02:40,5,51,22.7,87,13.1,1005.9,1010.8,0,0,4,460.2,0
2019-07-29 00:07:40,5,51,22.7,87,13,1006,1010.9,0,0,4,460.2,0
2019-07-29 00:12:40,5,51,22.7,87,13,1005.9,1010.8,0,0,4,460.2,0
2019-07-29 00:17:40,5,51,22.6,87,12.9,1006,1010.9,0,0,,460.2,0
2019-07-29 00:22:40,5,51,22.7,87,12.8,1006,1010.9,0,0,,460.2,0
2019-07-29 00:27:40,5,51,22.6,88,12.7,1006,1010.9,0.3,0.7,10,460.2,0
2019-07-29 00:32:40,5,51,22.6,88,12.6,1005.9,1010.8,0,0,10,460.2,0
2019-07-29 00:37:40,5,51,22.6,92,12.4,1005.9,1010.8,0,0,10,460.2,0
2019-07-29 00:42:40,5,51,22.6,92,12.3,1005.9,1010.8,0,0,10,460.2,0
2019-07-29 00:47:40,5,51,22.6,92,12.3,1005.9,1010.8,0,0.3,10,460.2,0
2019-07-29 00:52:40,5,51,22.6,92,12.3,1005.8,1010.7,0,0,10,460.2,0
2019-07-29 00:57:40,5,51,22.6,92,12.2,1005.8,1010.7,0,0,10,460.2,0
2019-07-29 01:02:40,5,51,22.6,92,12.3,1005.8,1010.7,0.3,0.7,10,460.2,0
2019-07-29 01:07:40,5,51,22.6,93,12.2,1005.7,1010.6,0.3,0.7,10,460.2,0
2019-07-29 01:12:40,5,51,22.5,93,12.2,1005.7,1010.6,0.3,0.7,10,460.2,0
2019-07-29 01:17:40,5,51,22.5,93,12.2,1005.9,1010.8,0,0.3,10,460.2,0
2019-07-29 01:22:40,5,51,22.5,93,12.1,1005.8,1010.7,0.3,0.7,10,460.2,0
2019-07-29 01:27:40,5,51,22.5,93,12.1,1005.7,1010.6,0.3,0.3,10,460.2,0
2019-07-29 01:32:40,5,51,22.5,94,12,1005.7,1010.6,0.3,0.7,10,460.2,0
2019-07-29 01:37:40,5,51,22.5,94,12,1005.8,1010.7,0.3,0.7,10,460.2,0
2019-07-29 01:42:40,5,51,22.5,94,12,1005.8,1010.7,0.3,0.7,10,460.2,0
2019-07-29 01:47:40,5,51,22.5,94,11.9,1005.7,1010.6,0,0,10,460.2,0
2019-07-29 01:52:40,5,51,22.5,94,11.8,1005.7,1010.6,0,0.3,10,460.2,0
2019-07-29 01:57:40,5,51,22.5,94,11.8,1005.6,1010.5,0,0,10,460.2,0
2019-07-29 02:02:40,5,51,22.5,94,11.7,1005.5,1010.4,0,0,10,460.2,0
2019-07-29 02:07:40,5,51,22.5,94,11.7,1005.7,1010.6,0,0,10,460.2,0
2019-07-29 02:12:40,5,51,22.5,94,11.6,1005.6,1010.5,0,0,10,460.2,0
2019-07-29 02:17:40,5,51,22.5,94,11.6,1005.6,1010.5,0.3,0.7,10,460.2,0
2019-07-29 02:22:40,5,51,22.5,95,11.7,1005.6,1010.5,0,0,10,460.2,0
2019-07-29 02:27:40,5,51,22.5,95,11.7,1005.3,1010.2,0,0,10,460.2,0
2019-07-29 02:32:40,5,51,22.5,95,11.8,1005.3,1010.2,0.3,0.7,10,460.2,0
2019-07-29 02:37:40,5,51,22.5,95,12,1005.4,1010.3,0,0,10,460.2,0
2019-07-29 02:42:40,5,51,22.5,95,11.9,1005.2,1010.1,0,0,10,460.2,0
2019-07-29 02:47:40,5,51,22.5,95,11.9,1005.4,1010.3,1,1.4,8,460.2,0
2019-07-29 02:52:40,5,51,22.5,95,11.7,1005.4,1010.3,0,0,10,460.2,0
2019-07-29 02:57:40,5,51,22.5,95,11.8,1005.3,1010.2,0,0.3,10,460.2,0
2019-07-29 03:02:40,5,51,22.5,95,11.9,1005.1,1010,0.3,0.7,10,460.2,0
2019-07-29 03:07:40,5,51,22.4,96,12,1005.1,1010,0.3,0.7,10,460.2,0
2019-07-29 03:12:40,5,51,22.4,96,12.1,1005.1,1010,0,0.3,10,460.2,0
2019-07-29 03:17:40,5,51,22.4,96,12.1,1005.2,1010.1,0.3,0.7,10,460.2,0
2019-07-29 03:22:40,5,51,22.4,96,12.2,1005.1,1010,0,0.3,10,460.2,0
2019-07-29 03:27:40,5,51,22.4,96,12.3,1005.1,1010,0.3,0.7,10,460.2,0
2019-07-29 03:32:40,5,51,22.4,96,12.3,1004.9,1009.8,0,0.3,10,460.2,0
2019-07-29 03:37:40,5,51,22.4,96,12.3,1005.1,1010,0.3,0.3,10,460.2,0
2019-07-29 03:42:40,5,51,22.4,96,12.3,1004.8,1009.7,0.7,1.4,10,460.2,0
2019-07-29 03:47:40,5,51,22.4,96,12.3,1004.7,1009.6,0.7,1,10,460.2,0
2019-07-29 03:52:40,5,51,22.4,96,12.3,1004.8,1009.7,0.3,0.7,10,460.2,0
2019-07-29 03:57:40,5,51,22.4,96,12.2,1004.7,1009.6,0.7,1,10,460.2,0
2019-07-29 04:02:40,5,51,22.4,95,12.1,1004.7,1009.6,0.7,1,10,460.2,0
2019-07-29 04:07:40,5,51,22.4,95,12.1,1004.8,1009.7,0,0,10,460.2,0
2019-07-29 04:12:40,5,51,22.4,95,12,1004.7,1009.6,0,0,10,460.2,0
2019-07-29 04:17:40,5,51,22.4,95,12,1004.7,1009.6,0.3,0.3,10,460.2,0
2019-07-29 04:22:40,5,51,22.4,95,12,1004.8,1009.7,0,0.3,10,460.2,0
2019-07-29 04:27:40,5,51,22.4,95,12,1004.7,1009.6,0.3,0.7,10,460.2,0
2019-07-29 04:32:40,5,51,22.4,95,12,1004.7,1009.6,0.3,0.7,10,460.2,0
2019-07-29 04:37:40,5,51,22.4,95,12,1004.8,1009.7,0.3,0.7,10,460.2,0
2019-07-29 04:42:40,5,51,22.4,95,11.9,1004.8,1009.7,0.3,0.7,10,460.2,0
2019-07-29 04:47:40,5,51,22.4,95,11.8,1004.8,1009.7,0,0.3,10,460.2,0
2019-07-29 04:52:40,5,51,22.4,95,11.7,1004.8,1009.7,0,0.3,10,460.2,0
2019-07-29 04:57:40,5,51,22.4,95,11.7,1004.9,1009.8,0,0.3,10,460.2,0
2019-07-29 05:02:40,5,51,22.3,95,11.7,1004.9,1009.8,0,0.3,10,460.2,0
2019-07-29 05:07:40,5,51,22.4,95,11.7,1005,1009.9,0,0,10,460.2,0
2019-07-29 05:12:40,5,51,22.3,95,11.7,1004.7,1009.6,0.3,0.7,10,460.2,0
2019-07-29 05:17:40,5,51,22.3,95,11.7,1004.9,1009.8,0,0.3,10,460.2,0
2019-07-29 05:22:40,5,51,22.3,95,11.7,1004.7,1009.6,0,0,10,460.2,0
2019-07-29 05:27:40,5,51,22.3,95,11.8,1004.7,1009.6,0,0.3,10,460.2,0
2019-07-29 05:32:40,5,51,22.3,96,11.9,1004.7,1009.6,0,0,10,460.2,0
2019-07-29 05:37:40,5,51,22.3,96,12,1004.7,1009.6,0,0,10,460.2,0
2019-07-29 05:42:40,5,51,22.3,96,12,1004.9,1009.8,0,0,10,460.2,0
2019-07-29 05:47:40,5,51,22.3,96,12.1,1004.7,1009.6,0,0.3,10,460.2,0
2019-07-29 05:52:40,5,51,22.3,96,12.1,1004.8,1009.7,0,0.3,10,460.2,0
2019-07-29 05:57:40,5,51,22.3,96,12.3,1004.8,1009.7,0,0.3,10,460.2,0
2019-07-29 06:02:40,5,51,22.3,96,12.3,1004.9,1009.8,0,0,10,460.2,0
2019-07-29 06:07:40,5,51,22.3,96,12.4,1004.9,1009.8,0,0,10,460.2,0
2019-07-29 06:12:40,5,51,22.3,93,12.5,1004.9,1009.8,0,0,10,460.2,0
2019-07-29 06:17:40,5,51,22.4,93,12.6,1004.9,1009.8,0,0,10,460.2,0
2019-07-29 06:22:40,5,51,22.4,93,12.7,1004.9,1009.8,0,0,10,460.2,0
2019-07-29 06:27:40,5,51,22.3,93,12.9,1004.9,1009.8,0.3,0.7,10,460.2,0
2019-07-29 06:32:40,5,51,22.4,93,12.9,1005,1009.9,0.3,0.3,10,460.2,0
2019-07-29 06:37:40,5,51,22.3,93,13,1005,1009.9,0,0,10,460.2,0
2019-07-29 06:42:40,5,51,22.4,93,13.1,1005.1,1010,0,0.3,10,460.2,0
2019-07-29 06:47:40,5,51,22.4,92,13.3,1005.1,1010,0,0.3,10,460.2,0
2019-07-29 06:52:40,5,51,22.4,92,13.4,1005.1,1010,0.3,0.7,10,460.2,0
2019-07-29 06:57:40,5,51,22.3,92,13.6,1005.1,1010,0.3,0.7,10,460.2,0
2019-07-29 07:02:40,5,51,22.3,92,13.8,1005,1009.9,0,0.3,10,460.2,0
2019-07-29 07:07:40,5,51,22.4,91,14,1005.1,1010,0,0.3,10,460.2,0
2019-07-29 07:12:40,5,51,22.5,92,14.2,1005.1,1010,0,0.3,10,460.2,0
2019-07-29 07:17:40,5,51,22.4,91,14.5,1005,1009.9,0,0.3,10,460.2,0
2019-07-29 07:22:40,5,51,22.3,91,14.5,1005.1,1010,0.3,0.7,10,460.2,0
2019-07-29 07:27:40,5,52,22.4,89,14.7,1005.1,1010,0,0.3,10,460.2,0
2019-07-29 07:32:40,5,52,22.4,88,14.8,1005,1009.9,0.3,0.3,10,460.2,0
2019-07-29 07:37:40,5,52,22.4,87,15,1005.1,1010,0.3,0.3,10,460.2,0
2019-07-29 07:42:40,5,52,22.4,86,15.1,1005.1,1010,0.7,0.7,10,460.2,0
2019-07-29 07:47:40,5,52,22.4,84,15.2,1005.2,1010.1,0.3,0.7,10,460.2,0
2019-07-29 07:52:40,5,51,22.4,83,15.3,1005.1,1010,0.3,0.7,10,460.2,0
2019-07-29 07:57:40,5,51,22.4,83,15.5,1005.1,1010,0,0.3,10,460.2,0
2019-07-29 08:02:40,5,51,22.4,83,15.7,1005.1,1010,0,0.3,10,460.2,0
2019-07-29 08:07:40,5,51,22.3,82,16.1,1005.2,1010.1,0.3,0.7,10,460.2,0
2019-07-29 08:12:40,5,51,22.2,81,16.5,1005.2,1010.1,0,0.3,10,460.2,0
2019-07-29 08:17:40,5,51,22.2,80,16.9,1005,1009.9,0.3,0.7,10,460.2,0
2019-07-29 08:22:40,5,51,22.2,76,16.8,1005.1,1010,0.7,1,10,460.2,0
2019-07-29 08:27:40,5,51,22.2,76,17,1005.1,1010,0.3,0.7,10,460.2,0
2019-07-29 08:32:40,5,51,22.2,77,17.4,1005.1,1010,0.7,1.4,10,460.2,0
2019-07-29 08:37:40,5,52,22.2,71,17.6,1005,1009.9,0.7,1,10,460.2,0
2019-07-29 08:42:40,5,52,22.2,70,18.5,1005.2,1010.1,0.3,0.7,10,460.2,0
2019-07-29 08:47:40,5,52,22.2,65,18.8,1005.2,1010.1,1.7,2.7,10,460.2,0
2019-07-29 08:52:40,5,52,22.2,69,19.6,1005.2,1010.1,1,1.7,10,460.2,0
2019-07-29 08:57:40,5,52,22.2,63,19.3,1005.1,1010,1.4,2,10,460.2,0
2019-07-29 09:02:40,5,52,22.3,64,18.6,1005.2,1010.1,1.4,1.7,10,460.2,0
2019-07-29 09:07:40,5,52,22.3,63,19,1005.1,1010,1.4,1.7,10,460.2,0
2019-07-29 09:12:40,5,51,22.2,62,18.2,1005.2,1010.1,1.4,2,10,460.2,0
2019-07-29 09:17:40,5,51,22.1,64,17.9,1005.1,1010,1.7,2.4,10,460.2,0
2019-07-29 09:22:40,5,51,22.2,66,17.7,1005.1,1010,1.7,2,10,460.2,0
2019-07-29 09:27:40,5,51,22.1,65,18.6,1005.1,1010,1.4,1.7,8,460.2,0
2019-07-29 09:32:40,5,50,22,62,18.5,1005.1,1010,1.7,2.7,12,460.2,0
2019-07-29 09:37:40,5,51,22,63,19.7,1005.1,1010,0.3,1,10,460.2,0
2019-07-29 09:42:40,5,51,21.9,61,19.5,1005,1009.9,0.7,1,10,460.2,0
2019-07-29 09:47:40,5,51,21.9,59,18.9,1005,1009.9,2,2.4,14,460.2,0
2019-07-29 09:52:40,5,51,21.8,61,20.2,1005,1009.9,0.7,1,2,460.2,0
2019-07-29 09:57:40,5,51,21.8,57,21.6,1005,1009.9,0.7,1,14,460.2,0
2019-07-29 10:02:40,5,51,21.8,54,20.9,1005,1009.9,1,1.4,14,460.2,0
2019-07-29 10:07:40,5,51,21.8,56,19.5,1005.1,1010,0,0.7,12,460.2,0
2019-07-29 10:12:40,5,50,21.7,62,19.8,1004.9,1009.8,0.7,1,12,460.2,0
2019-07-29 10:17:40,5,51,21.6,62,19.6,1004.9,1009.8,1.4,1.7,12,460.2,0
2019-07-29 10:22:40,5,51,21.6,61,19.5,1004.8,1009.7,1.7,2.4,14,460.2,0
2019-07-29 10:27:40,5,51,21.6,60,19.3,1004.7,1009.6,1,1.4,0,460.2,0
2019-07-29 10:32:40,5,51,21.6,59,20.9,1004.8,1009.7,0.3,1,2,460.2,0
2019-07-29 10:37:40,5,50,21.6,55,22,1004.8,1009.7,2.4,3.1,14,460.2,0
2019-07-29 10:42:40,5,50,21.6,55,20.4,1004.7,1009.6,1.7,2,14,460.2,0
2019-07-29 10:47:40,5,50,21.5,56,20.2,1004.7,1009.6,1.7,2.4,0,460.2,0
2019-07-29 10:52:40,5,51,21.5,57,20.6,1004.8,1009.7,1,1.7,12,460.2,0
2019-07-29 10:57:40,5,51,21.5,56,19.5,1004.7,1009.6,0.3,0.7,10,460.2,0
2019-07-29 11:02:40,5,51,21.4,60,19.4,1004.8,1009.7,1,1.4,14,460.2,0
2019-07-29 11:07:40,5,51,21.5,58,20.6,1004.9,1009.8,0.7,1,2,460.2,0
2019-07-29 11:12:40,5,51,21.5,54,20.3,1004.8,1009.7,2.4,2.7,14,460.2,0
2019-07-29 11:17:40,5,51,21.5,57,20.1,1004.9,1009.8,1,1.4,12,460.2,0
2019-07-29 11:22:40,5,51,21.5,56,20.6,1004.9,1009.8,0.7,1,10,460.2,0
2019-07-29 11:27:40,5,52,21.6,53,21.1,1004.6,1009.5,0.7,1,12,460.2,0
2019-07-29 11:32:40,5,52,21.6,55,21.4,1004.6,1009.5,1,1.7,12,460.2,0
2019-07-29 11:37:40,5,52,21.8,58,21.2,1004.7,1009.6,1,1.7,12,460.2,0
2019-07-29 11:42:40,5,52,21.8,56,21,1004.6,1009.5,0.7,1.4,8,460.2,0
2019-07-29 11:47:40,5,52,21.9,55,21,1004.6,1009.5,3.1,3.7,14,460.2,0
2019-07-29 11:52:40,5,52,21.9,57,20.2,1004.5,1009.4,3.4,4.1,12,460.2,0
2019-07-29 11:57:40,5,51,22,59,19.5,1004.6,1009.5,2.4,3.1,14,460.2,0
2019-07-29 12:02:40,5,51,22.1,60,20,1004.5,1009.4,1,1.7,10,460.2,0
2019-07-29 12:07:40,5,51,22.1,58,19.8,1004.6,1009.5,1,1.7,10,460.2,0
2019-07-29 12:12:40,5,52,22.2,60,19.9,1004.6,1009.5,1.4,2,12,460.2,0
2019-07-29 12:17:40,5,52,22.2,54,20.2,1004.4,1009.3,1.7,2,14,460.2,0
2019-07-29 12:22:40,5,52,22.2,55,20.5,1004.4,1009.3,0.7,1,10,460.2,0
2019-07-29 12:27:40,5,52,22.3,53,21.6,1004.5,1009.4,0.7,1,12,460.2,0
2019-07-29 12:32:40,5,52,22.3,52,20.9,1004.4,1009.3,0.7,1,14,460.2,0
2019-07-29 12:37:40,5,52,22.3,55,22,1004.4,1009.3,0.7,1.7,14,460.2,0
2019-07-29 12:42:40,5,52,22.4,52,23,1004.3,1009.2,0.7,1.4,0,460.2,0
2019-07-29 12:47:40,5,52,22.5,52,22.3,1004.5,1009.4,2,2.4,14,460.2,0
2019-07-29 12:52:40,5,52,22.5,56,22.1,1004.5,1009.4,0.7,1.4,1,460.2,0
2019-07-29 12:57:40,5,52,22.5,55,22.4,1004.4,1009.3,0.7,1,0,460.2,0
2019-07-29 13:02:40,5,52,22.5,52,23.5,1004.3,1009.2,0.3,0.7,0,460.2,0
2019-07-29 13:07:40,5,52,22.6,48,23.5,1004.5,1009.4,2.7,3.4,12,460.2,0
2019-07-29 13:12:40,5,52,22.6,53,22.4,1004.4,1009.3,1,1.4,14,460.2,0
2019-07-29 13:17:40,5,52,22.7,53,21.9,1004.4,1009.3,1,1.4,14,460.2,0
2019-07-29 13:22:40,5,52,22.7,56,21.9,1004.5,1009.4,0.7,1,14,460.2,0
2019-07-29 13:27:40,5,52,22.8,54,20.9,1004.4,1009.3,2.7,3.4,12,460.2,0
2019-07-29 13:32:40,5,52,22.8,56,20.5,1004.3,1009.2,1.4,1.7,14,460.2,0
2019-07-29 13:37:40,5,52,22.8,58,20.7,1004.4,1009.3,0.3,0.7,14,460.2,0
2019-07-29 13:42:40,5,51,22.8,57,21.1,1004.4,1009.3,1.7,2.4,14,460.2,0
2019-07-29 13:47:40,5,51,22.8,60,22.3,1004.1,1009,1,1.7,0,460.2,0
2019-07-29 13:52:40,5,51,22.8,52,23.6,1004.1,1009,0.3,0.7,0,460.2,0
2019-07-29 13:57:40,5,51,22.9,45,23.6,1004.3,1009.2,1.4,2,0,460.2,0
2019-07-29 14:02:40,5,52,22.9,47,24,1004.1,1009,0,0.3,2,460.2,0
2019-07-29 14:07:40,5,52,22.9,50,22.6,1004.1,1009,1.4,2,12,460.2,0
2019-07-29 14:12:40,5,52,22.9,55,21.8,1004.2,1009.1,1.4,1.7,14,460.2,0
2019-07-29 14:17:40,5,52,22.9,53,22.6,1004.1,1009,2.4,3.4,14,460.2,0
2019-07-29 14:22:40,5,52,23.1,53,23.3,1004.2,1009.1,2,2.7,0,460.2,0
2019-07-29 14:27:40,5,53,23.1,52,22.7,1004.3,1009.2,0.3,1,0,460.2,0
2019-07-29 14:32:40,5,53,23.1,52,22.7,1004.2,1009.1,1.4,2,12,460.2,0
2019-07-29 14:37:40,5,53,23.2,57,21.3,1004.3,1009.2,2.4,3.1,14,460.2,0
2019-07-29 14:42:40,5,53,23.2,61,21.7,1004.3,1009.2,2,2.7,14,460.2,0
2019-07-29 14:47:40,5,53,23.2,63,20.3,1004.2,1009.1,2.7,3.4,12,460.2,0
2019-07-29 14:52:40,5,53,23.3,65,20.4,1004.2,1009.1,2.7,3.4,12,460.2,0
2019-07-29 14:57:40,5,53,23.3,64,20.5,1004.3,1009.2,2.7,3.7,14,460.2,0
2019-07-29 15:02:40,5,53,23.3,65,20.6,1004.1,1009,1,2,14,460.2,0
2019-07-29 15:07:40,5,53,23.3,63,20.5,1004.1,1009,2.4,3.7,0,460.2,0
2019-07-29 15:12:40,5,53,23.4,63,20.4,1004.2,1009.1,1,2,12,460.2,0
2019-07-29 15:17:40,5,53,23.4,66,20.5,1004,1008.9,2.7,3.7,14,460.2,0
2019-07-29 15:22:40,5,53,23.4,64,20.3,1004,1008.9,4.1,4.8,14,460.2,0
2019-07-29 15:27:40,5,53,23.5,64,21.2,1003.9,1008.8,2.7,3.7,14,460.2,0
2019-07-29 15:32:40,5,53,23.5,61,21.3,1003.8,1008.7,2.7,3.7,12,460.2,0
2019-07-29 15:37:40,5,53,23.6,61,21.1,1003.9,1008.8,2.7,3.1,12,460.2,0
2019-07-29 15:42:40,5,53,23.7,62,21.3,1003.8,1008.7,2.4,3.1,12,460.2,0
2019-07-29 15:47:40,5,54,23.7,62,21.8,1003.8,1008.7,0.3,1,0,460.2,0
2019-07-29 15:52:40,5,54,23.6,59,24,1003.7,1008.6,0.7,1.4,0,460.2,0
2019-07-29 15:57:40,5,54,23.8,51,24.7,1003.6,1008.5,0.7,1.4,14,460.2,0
2019-07-29 16:02:40,5,54,23.9,51,24.5,1003.6,1008.5,0.7,1,0,460.2,0
2019-07-29 16:07:40,5,53,24,54,23.7,1003.7,1008.6,0.7,1.4,0,460.2,0
2019-07-29 16:12:40,5,53,24.1,61,22.3,1003.7,1008.6,0.7,1.4,0,460.2,0
2019-07-29 16:17:40,5,52,24,63,21.6,1003.8,1008.7,1,2,0,460.2,0
2019-07-29 16:22:40,5,52,24,65,21.5,1003.7,1008.6,1,1.4,0,460.2,0
2019-07-29 16:27:40,5,53,24,67,21.1,1003.9,1008.8,2.4,4.1,14,460.2,0
2019-07-29 16:32:40,5,53,24,70,20.1,1003.7,1008.6,1.7,2.4,14,460.2,0
2019-07-29 16:37:40,5,54,23.9,71,19.3,1003.8,1008.7,1,1.4,12,460.2,0
2019-07-29 16:42:40,5,54,23.7,72,18.8,1003.9,1008.8,1,2,0,460.2,0
2019-07-29 16:47:40,5,54,23.7,73,18.7,1004,1008.9,0.3,0.7,0,460.2,0
2019-07-29 16:52:40,5,54,23.6,74,18.7,1003.9,1008.8,0.7,1,14,460.2,0
2019-07-29 16:57:40,5,54,23.6,74,18.8,1003.9,1008.8,1.4,1.7,14,460.2,0
2019-07-29 17:02:40,5,54,23.6,74,19,1003.9,1008.8,0.7,1.4,14,460.2,0
2019-07-29 17:07:40,5,54,23.5,72,18.7,1003.8,1008.7,2,2.4,14,460.2,0
2019-07-29 17:12:40,5,54,23.5,72,18.7,1003.9,1008.8,1,1.4,14,460.2,0
2019-07-29 17:17:40,5,54,23.5,72,18.9,1004,1008.9,3.1,4.4,14,460.2,0
2019-07-29 17:22:40,5,55,23.6,72,19.4,1003.8,1008.7,1.4,2.4,0,460.2,0
2019-07-29 17:27:40,5,55,23.6,71,20.8,1004,1008.9,1.7,2.7,1,460.2,0
2019-07-29 17:32:40,5,55,23.7,69,20.1,1003.9,1008.8,3.1,3.7,12,460.2,0
2019-07-29 17:37:40,5,55,23.8,70,20.1,1003.8,1008.7,2,2.4,12,460.2,0
2019-07-29 17:42:40,5,55,23.8,70,19.4,1003.9,1008.8,2.7,3.4,12,460.2,0
2019-07-29 17:47:40,5,55,23.9,71,19.2,1003.7,1008.6,3.1,3.7,0,460.2,0
2019-07-29 17:52:40,5,55,23.9,72,18.9,1003.8,1008.7,3.1,3.7,12,460.2,0
2019-07-29 17:57:40,5,55,23.9,74,18.5,1003.8,1008.7,2.7,4.1,14,460.2,0
2019-07-29 18:02:40,5,55,23.9,75,18.4,1003.9,1008.8,2,2.4,14,460.2,0
2019-07-29 18:07:40,5,55,23.9,75,18.3,1003.9,1008.8,2,4.1,14,460.2,0
2019-07-29 18:12:40,5,55,23.9,75,18.1,1003.9,1008.8,2.7,4.1,12,460.2,0
2019-07-29 18:17:40,5,55,23.9,76,18,1003.9,1008.8,1.4,2.4,14,460.2,0
2019-07-29 18:22:40,5,55,23.9,76,18,1003.9,1008.8,1.4,2.4,14,460.2,0
2019-07-29 18:27:40,5,55,23.8,77,18,1004,1008.9,1.7,3.1,14,460.2,0
2019-07-29 18:32:40,5,55,23.8,78,18,1003.9,1008.8,1.7,2.4,14,460.2,0
2019-07-29 18:37:40,5,55,23.8,78,18,1004,1008.9,2,3.4,14,460.2,0
2019-07-29 18:42:40,5,55,23.8,78,18.1,1003.9,1008.8,0.7,1.4,0,460.2,0
2019-07-29 18:47:40,5,55,23.7,77,18.1,1004.1,1009,1.4,2.4,0,460.2,0
2019-07-29 18:52:40,5,55,23.7,74,17.9,1004.1,1009,1,1.7,14,460.2,0
2019-07-29 18:57:40,5,55,23.7,73,17.8,1004.1,1009,0.7,1,0,460.2,0
2019-07-29 19:02:39,5,55,23.6,73,17.8,1004.2,1009.1,0.7,1,0,460.2,0
2019-07-29 19:07:39,5,55,23.6,74,17.7,1004.2,1009.1,1,1.4,0,460.2,0
2019-07-29 19:12:39,5,55,23.6,74,17.5,1004.3,1009.2,1.7,2.4,0,460.2,0
2019-07-29 19:17:39,5,55,23.5,79,17.4,1004,1008.9,0.7,1,0,460.2,0
2019-07-29 19:22:39,5,55,23.5,79,17.3,1004.2,1009.1,0.7,1,0,460.2,0
2019-07-29 19:27:39,5,55,23.5,80,17.2,1004.3,1009.2,0,0.3,0,460.2,0
2019-07-29 19:32:39,5,55,23.5,80,17.1,1004.3,1009.2,0.3,0.7,0,460.2,0
2019-07-29 19:37:39,5,55,23.4,80,17.1,1004.4,1009.3,0.3,0.7,0,460.2,0
2019-07-29 19:42:39,5,55,23.4,81,17,1004.3,1009.2,0.7,1.4,15,460.2,0
2019-07-29 19:47:39,5,55,23.3,81,16.9,1004.4,1009.3,0.3,0.7,0,460.2,0
2019-07-29 19:52:39,5,55,23.3,81,16.8,1004.5,1009.4,0.3,0.7,0,460.2,0
2019-07-29 19:57:39,5,55,23.2,82,16.8,1004.4,1009.3,0.3,0.7,0,460.2,0
2019-07-29 20:02:39,5,55,23.1,82,16.7,1004.4,1009.3,0.7,1,0,460.2,0
2019-07-29 20:07:39,5,55,23.1,82,16.6,1004.6,1009.5,0.7,1.4,0,460.2,0
2019-07-29 20:12:39,5,55,23.1,83,16.6,1004.7,1009.6,0.3,0.7,0,460.2,0
2019-07-29 20:17:39,5,55,23,83,16.5,1004.9,1009.8,0.3,0.7,0,460.2,0
2019-07-29 20:22:39,5,55,23,83,16.5,1004.9,1009.8,0.3,0.7,0,460.2,0
2019-07-29 20:27:39,5,56,22.9,83,16.4,1004.8,1009.7,0.7,1,0,460.2,0
2019-07-29 20:32:39,5,56,22.9,83,16.3,1004.9,1009.8,0.7,1,0,460.2,0
2019-07-29 20:37:39,5,56,22.9,83,16.3,1004.8,1009.7,0.7,1,0,460.2,0
2019-07-29 20:42:39,5,56,22.9,84,16.2,1005.1,1010,0.3,0.7,0,460.2,0
2019-07-29 20:47:39,5,56,22.8,84,16.2,1005.1,1010,0.7,1,0,460.2,0
2019-07-29 20:52:39,5,56,22.8,84,16.1,1005.1,1010,0.3,0.7,0,460.2,0
2019-07-29 20:57:39,5,56,22.8,84,16.1,1005.1,1010,0.7,1,0,460.2,0
2019-07-29 21:02:39,5,56,22.8,84,16,1005.2,1010.1,0.3,0.7,0,460.2,0
2019-07-29 21:07:39,5,56,22.7,84,16,1005.1,1010,0,0.3,0,460.2,0
2019-07-29 21:12:39,5,56,22.7,84,15.9,1005.1,1010,0,0.3,0,460.2,0
2019-07-29 21:17:39,5,56,22.7,84,15.8,1005.2,1010.1,0,0.3,0,460.2,0
2019-07-29 21:22:39,5,56,22.6,84,15.8,1005.2,1010.1,0,0,0,460.2,0
2019-07-29 21:27:39,5,56,22.6,85,15.6,1005.3,1010.2,0,0.3,14,460.2,0
2019-07-29 21:32:39,5,56,22.6,86,15.6,1005.3,1010.2,0,0.3,14,460.2,0
2019-07-29 21:37:39,5,57,22.6,87,15.5,1005.5,1010.4,0.3,0.7,12,460.2,0
2019-07-29 21:42:39,5,57,22.6,87,15.4,1005.6,1010.5,0,0,12,460.2,0
2019-07-29 21:47:39,5,57,22.5,88,15.4,1005.4,1010.3,0,0,0,460.2,0
2019-07-29 21:52:39,5,57,22.5,88,15.3,1005.4,1010.3,0,0,14,460.2,0
2019-07-29 21:57:39,5,57,22.5,89,15.3,1005.4,1010.3,0.3,0.7,14,460.2,0
2019-07-29 22:02:39,5,57,22.5,90,15.3,1005.5,1010.4,0.7,1.4,14,460.2,0
2019-07-29 22:07:39,5,57,22.5,91,15.2,1005.4,1010.3,0.7,1,14,460.2,0
2019-07-29 22:12:39,5,57,22.5,91,15.2,1005.3,1010.2,1,1.4,14,460.2,0
2019-07-29 22:17:39,5,57,22.5,92,15.1,1005.4,1010.3,1,1.7,12,460.2,0
2019-07-29 22:22:39,5,57,22.5,93,15,1005.3,1010.2,1.4,2,14,460.5,0
2019-07-29 22:27:39,5,57,22.5,94,15,1005.4,1010.3,1.4,1.7,12,460.5,0
2019-07-29 22:32:39,5,57,22.5,94,15,1005.5,1010.4,1.4,2,12,460.5,0
2019-07-29 22:37:39,5,57,22.5,95,15,1005.2,1010.1,1,1.4,14,460.5,0
2019-07-29 22:42:39,5,57,22.5,96,15,1005.3,1010.2,1,2,12,460.5,0
2019-07-29 22:47:39,5,57,22.5,96,15,1005.3,1010.2,0.7,1,14,460.5,0
2019-07-29 22:52:39,5,57,22.5,96,15,1005.3,1010.2,0.3,0.7,0,460.5,0
2019-07-29 22:57:39,5,57,22.5,96,14.9,1005.4,1010.3,0.3,0.7,0,460.5,0
2019-07-29 23:02:39,5,58,22.4,96,14.9,1005.4,1010.3,0.3,0.7,0,460.5,0
2019-07-29 23:07:41,5,58,22.4,96,14.8,1005.6,1010.5,0.3,0.7,0,460.5,0
2019-07-29 23:12:39,5,58,22.4,96,14.7,1005.5,1010.4,0.3,0.7,0,460.5,0
2019-07-29 23:17:39,5,58,22.4,96,14.7,1005.5,1010.4,0,0.3,0,460.5,0
2019-07-29 23:22:39,5,58,22.4,96,14.7,1005.5,1010.4,0.3,0.7,0,460.5,0
2019-07-29 23:27:39,5,58,22.4,96,14.6,1005.5,1010.4,0.7,1,14,460.5,0
2019-07-29 23:32:39,5,58,22.4,96,14.6,1005.5,1010.4,1,2,0,460.5,0
2019-07-29 23:37:39,5,58,22.4,96,14.6,1005.6,1010.5,0.3,0.7,0,460.5,0
2019-07-29 23:42:39,5,58,22.4,96,14.6,1005.6,1010.5,0,0.3,0,460.5,0
2019-07-29 23:47:39,5,58,22.4,96,14.6,1005.8,1010.7,0,0.3,14,460.5,0
2019-07-29 23:52:39,5,58,22.4,96,14.6,1005.6,1010.5,0,0,14,460.5,0
2019-07-29 23:57:39,5,57,22.4,96,14.6,1005.7,1010.6,0.3,1,14,460.8,0
