2019-07-16 00:01:43,5,55,23.4,89,15.9,1016.8,1021.7,0,0,14,424.5,0
2019-07-16 00:06:43,5,55,23.4,89,15.8,1016.8,1021.7,0,0,14,424.5,0
2019-07-16 00:11:43,5,55,23.4,90,15.8,1016.8,1021.7,0.3,0.7,10,424.5,0
2019-07-16 00:16:43,5,55,23.4,90,15.8,1016.9,1021.8,0.3,0.7,12,424.5,0
2019-07-16 00:21:43,5,55,23.4,90,15.7,1016.7,1021.6,0.3,0.7,10,424.5,0
2019-07-16 00:26:43,5,55,23.4,90,15.6,1016.6,1021.5,0.3,0.7,12,424.5,0
2019-07-16 00:31:43,5,55,23.4,90,15.6,1016.7,1021.6,0,0.3,12,424.5,0
2019-07-16 00:36:43,5,55,23.3,91,15.6,1016.8,1021.7,0,0,10,424.5,0
2019-07-16 00:41:43,5,55,23.3,91,15.6,1016.7,1021.6,0,0,10,424.5,0
2019-07-16 00:46:43,5,55,23.3,91,15.6,1016.6,1021.5,0,0,,424.5,0
2019-07-16 00:51:43,5,55,23.3,91,15.5,1016.7,1021.6,0,0,,424.5,0
2019-07-16 00:56:43,5,55,23.3,91,15.5,1016.6,1021.5,0,0,,424.5,0
2019-07-16 01:01:43,5,55,23.3,91,15.5,1016.6,1021.5,0,0,,424.5,0
2019-07-16 01:06:43,5,55,23.3,91,15.4,1016.4,1021.3,0,0,14,424.5,0
2019-07-16 01:11:43,5,55,23.3,91,15.5,1016.5,1021.4,0.3,0.7,4,424.5,0
2019-07-16 01:16:43,5,55,23.3,91,15.5,1016.4,1021.3,0,0,4,424.5,0
2019-07-16 01:21:43,5,55,23.2,91,15.5,1016.4,1021.3,0,0,4,424.5,0
2019-07-16 01:26:43,5,55,23.2,92,15.4,1016.2,1021.1,0.7,1,4,424.5,0
2019-07-16 01:31:43,5,55,23.2,92,15.4,1016.2,1021.1,0.7,1,4,424.5,0
2019-07-16 01:36:43,5,55,23.2,92,15.3,1016.2,1021.1,0.7,1,4,424.5,0
2019-07-16 01:41:43,5,56,23.2,92,15.3,1016.1,1021,0.3,0.7,2,424.5,0
2019-07-16 01:46:43,5,55,23.2,93,15.3,1016,1020.9,0,0.3,4,424.5,0
2019-07-16 01:51:43,5,56,23.2,93,15.3,1016.1,1021,0,0.3,4,424.5,0
2019-07-16 01:56:43,5,56,23.2,93,15.4,1016,1020.9,0,0,4,424.5,0
2019-07-16 02:01:43,5,56,23.1,93,15.4,1016.1,1021,0.3,0.7,8,424.5,0
2019-07-16 02:06:43,5,56,23.1,93,15.4,1016.1,1021,0,0.3,8,424.5,0
2019-07-16 02:11:43,5,56,23.1,94,15.5,1016.1,1021,0,0,,424.5,0
2019-07-16 02:16:43,5,56,23.1,94,15.5,1016.1,1021,0.7,1.4,4,424.5,0
2019-07-16 02:21:43,5,56,23.1,94,15.5,1016.1,1021,1,1.7,,424.5,0
2019-07-16 02:26:43,5,56,23.1,94,15.5,1016,1020.9,1.4,1.7,4,424.5,0
2019-07-16 02:31:43,5,56,23.1,94,15.5,1016,1020.9,0.3,0.7,4,424.5,0
2019-07-16 02:36:43,5,56,23.1,94,15.5,1016,1020.9,0.7,1,4,424.5,0
2019-07-16 02:41:43,5,56,23.1,93,15.5,1016,1020.9,0.3,0.7,4,424.5,0
2019-07-16 02:46:43,5,56,23.1,93,15.5,1016,1020.9,0,0,,424.5,0
2019-07-16 02:51:43,5,56,23,93,15.4,1016,1020.9,0,0,,424.5,0
2019-07-16 02:56:43,5,56,23,93,15.4,1016,1020.9,0,0.3,14,424.5,0
2019-07-16 03:01:43,5,56,23,93,15.4,1016,1020.9,0,0,14,424.5,0
2019-07-16 03:06:43,5,56,23.1,93,15.4,1016,1020.9,0,0,13,424.5,0
2019-07-16 03:11:43,5,56,23,93,15.3,1015.9,1020.8,0,0,14,424.5,0
2019-07-16 03:16:43,5,56,23,93,15.3,1016.1,1021,0.3,0.7,14,424.5,0
2019-07-16 03:21:43,5,56,23,93,15.3,1016,1020.9,0.7,1,14,424.5,0
2019-07-16 03:26:43,5,56,23.1,93,15.3,1015.9,1020.8,0,0,14,424.5,0
2019-07-16 03:31:43,5,56,23,93,15.2,1015.9,1020.8,0,0,13,424.5,0
2019-07-16 03:36:43,5,56,23,93,15.2,1016,1020.9,0,0,13,424.5,0
2019-07-16 03:41:43,5,56,23,93,15.2,1016.1,1021,0,0,10,424.5,0
2019-07-16 03:46:43,5,56,23,93,15.1,1016,1020.9,0.3,0.7,10,424.5,0
2019-07-16 03:51:43,5,56,23,93,15.1,1016,1020.9,0.3,0.7,8,424.5,0
2019-07-16 03:56:43,5,56,23,93,15,1015.8,1020.7,0,0,10,424.5,0
2019-07-16 04:01:43,5,56,23,94,14.9,1015.7,1020.6,0.3,0.7,4,424.5,0
2019-07-16 04:06:43,5,57,22.9,94,14.8,1015.8,1020.7,0,0,4,424.5,0
2019-07-16 04:11:43,5,57,22.9,94,14.6,1015.8,1020.7,0,0,4,424.5,0
2019-07-16 04:16:43,5,57,22.9,94,14.5,1015.8,1020.7,0,0,4,424.5,0
2019-07-16 04:21:43,5,57,22.9,94,14.4,1015.9,1020.8,0,0,4,424.5,0
2019-07-16 04:26:43,5,57,22.9,94,14.3,1015.8,1020.7,0,0,4,424.5,0
2019-07-16 04:31:43,5,57,22.8,94,14.2,1015.8,1020.7,0,0,4,424.5,0
2019-07-16 04:36:43,5,57,22.8,94,14.2,1015.8,1020.7,0,0,4,424.5,0
2019-07-16 04:41:43,5,57,22.8,95,14.1,1015.7,1020.6,0,0.3,4,424.5,0
2019-07-16 04:46:43,5,57,22.8,95,14.1,1015.8,1020.7,0,0.3,4,424.5,0
2019-07-16 04:51:43,5,57,22.8,95,14.1,1015.7,1020.6,0,0.3,4,424.5,0
2019-07-16 04:56:43,5,57,22.8,95,14.1,1015.7,1020.6,0,0.3,8,424.5,0
2019-07-16 05:01:43,5,57,22.8,96,14,1015.9,1020.8,0,0.3,8,424.5,0
2019-07-16 05:06:43,5,57,22.8,96,14,1015.8,1020.7,0.3,0.7,10,424.5,0
2019-07-16 05:11:43,5,57,22.8,96,14.1,1015.9,1020.8,0.3,0.7,8,424.5,0
2019-07-16 05:16:43,5,57,22.8,96,14.1,1015.8,1020.7,0.3,0.7,10,424.5,0
2019-07-16 05:21:43,5,57,22.8,96,14.1,1015.8,1020.7,0,0,4,424.5,0
2019-07-16 05:26:43,5,57,22.8,96,14.1,1015.8,1020.7,0,0.7,4,424.5,0
2019-07-16 05:31:43,5,56,22.8,96,14.1,1015.9,1020.8,0.3,0.7,10,424.5,0
2019-07-16 05:36:43,5,56,22.8,97,14.3,1015.7,1020.6,0.3,0.7,10,424.5,0
2019-07-16 05:41:43,5,56,22.8,97,14.5,1015.9,1020.8,1,2,8,424.5,0
2019-07-16 05:46:43,5,56,22.8,98,14.7,1015.9,1020.8,0.7,1,10,424.5,0
2019-07-16 05:51:43,5,57,22.8,98,14.8,1015.8,1020.7,0.7,1.4,10,424.5,0
2019-07-16 05:56:43,5,57,22.8,99,14.9,1015.8,1020.7,0.7,1,8,424.5,0
2019-07-16 06:01:43,5,57,22.8,99,14.9,1015.9,1020.8,0.7,1.4,10,424.5,0
2019-07-16 06:06:43,5,57,22.8,99,15,1015.9,1020.8,0.3,0.7,10,424.5,0
2019-07-16 06:11:43,5,57,22.8,99,15.3,1016,1020.9,0.7,1.4,10,424.5,0
2019-07-16 06:16:43,5,57,22.8,99,15.9,1015.9,1020.8,0.3,0.7,10,424.5,0
2019-07-16 06:21:43,5,57,22.8,99,16.5,1015.9,1020.8,0,0.3,12,424.5,0
2019-07-16 06:26:43,5,57,22.9,98,17.2,1016,1020.9,0.3,0.7,8,424.5,0
2019-07-16 06:31:43,5,57,22.9,96,17.4,1016,1020.9,1,1.7,10,424.5,0
2019-07-16 06:36:43,5,57,22.9,90,17.5,1016,1020.9,0.7,1.4,10,424.5,0
2019-07-16 06:41:43,5,57,22.9,87,17.9,1015.9,1020.8,0.7,1,10,424.5,0
2019-07-16 06:46:43,5,57,22.9,84,18.1,1015.9,1020.8,1,1.7,10,424.5,0
2019-07-16 06:51:43,5,57,22.9,82,18,1015.9,1020.8,1.4,1.7,10,424.5,0
2019-07-16 06:56:43,5,57,22.9,81,17.9,1016,1020.9,0.7,1.4,4,424.5,0
2019-07-16 07:01:43,5,57,22.9,80,17.9,1016,1020.9,0.3,1,,424.5,0
2019-07-16 07:06:43,5,57,22.9,80,17.7,1015.9,1020.8,1,1.7,10,424.5,0
2019-07-16 07:11:43,5,56,23,80,17.7,1016.1,1021,1,1.7,14,424.5,0
2019-07-16 07:16:43,5,56,23,80,18.2,1015.9,1020.8,1,2.4,10,424.5,0
2019-07-16 07:21:43,5,56,23,78,18.6,1016,1020.9,1.4,2,8,424.5,0
2019-07-16 07:26:43,5,56,23,76,19,1015.9,1020.8,0.7,1.4,10,424.5,0
2019-07-16 07:31:43,5,56,23,74,19.5,1016,1020.9,0.7,1,10,424.5,0
2019-07-16 07:36:43,5,56,23.1,73,19.9,1015.9,1020.8,1.4,2,10,424.5,0
2019-07-16 07:41:43,5,57,23.1,72,19.8,1016,1020.9,0.3,0.7,12,424.5,0
2019-07-16 07:46:43,5,57,23.1,71,19.8,1015.9,1020.8,1,1.7,10,424.5,0
2019-07-16 07:51:43,5,57,23.1,71,19.9,1016,1020.9,1.4,2,8,424.5,0
2019-07-16 07:56:43,5,57,23.2,70,20.1,1016.1,1021,1.7,2.7,10,424.5,0
2019-07-16 08:01:43,5,57,23.2,70,20.1,1016.1,1021,0.7,1,8,424.5,0
2019-07-16 08:06:43,5,57,23.3,70,20.2,1016.1,1021,1,1.4,12,424.5,0
2019-07-16 08:11:43,5,57,23.3,70,19.9,1016.1,1021,1.4,1.7,12,424.5,0
2019-07-16 08:16:43,5,57,23.3,71,20.1,1016,1020.9,0.7,1,10,424.5,0
2019-07-16 08:21:43,5,57,23.4,70,20.3,1015.9,1020.8,1.4,2,10,424.5,0
2019-07-16 08:26:43,5,57,23.4,70,20.1,1016,1020.9,1,1.4,12,424.5,0
2019-07-16 08:31:43,5,57,23.5,70,20.2,1015.8,1020.7,1.4,2,14,424.5,0
2019-07-16 08:36:43,5,57,23.5,69,20.2,1015.9,1020.8,1,1.4,14,424.5,0
2019-07-16 08:41:43,5,57,23.6,70,20.4,1015.8,1020.7,1.7,2.7,10,424.5,0
2019-07-16 08:46:43,5,57,23.6,70,20.4,1015.8,1020.7,1.4,2,12,424.5,0
2019-07-16 08:51:43,5,57,23.6,71,19.7,1015.8,1020.7,0.3,0.7,12,424.5,0
2019-07-16 08:56:43,5,58,23.7,72,19.2,1015.6,1020.5,0.7,1,8,424.5,0
2019-07-16 09:01:43,5,58,23.7,74,19.4,1015.7,1020.6,1.4,2,12,424.5,0
2019-07-16 09:06:43,5,58,23.8,72,19.2,1015.7,1020.6,1,1.7,10,424.5,0
2019-07-16 09:11:43,5,58,23.8,72,18.9,1015.7,1020.6,0.7,1,12,424.5,0
2019-07-16 09:16:43,5,58,23.8,72,18.5,1015.7,1020.6,1,1.4,10,424.5,0
2019-07-16 09:21:43,5,58,23.9,73,18.2,1015.7,1020.6,0.7,1.4,10,424.5,0
2019-07-16 09:26:43,5,57,23.8,74,18.1,1015.8,1020.7,0.7,1.4,14,424.5,0
2019-07-16 09:31:43,5,56,23.8,77,18.5,1015.7,1020.6,0.3,0.7,10,424.5,0
2019-07-16 09:36:43,5,56,23.8,76,19.8,1015.6,1020.5,0.7,1.4,10,424.5,0
2019-07-16 09:41:43,5,56,23.7,71,20,1015.6,1020.5,1.7,2,10,424.5,0
2019-07-16 09:46:43,5,56,23.7,71,20,1015.7,1020.6,1.4,1.7,10,424.5,0
2019-07-16 09:51:43,5,56,23.6,71,19.6,1015.5,1020.4,1,1.4,14,424.5,0
2019-07-16 09:56:43,5,56,23.6,72,19.3,1015.4,1020.3,1,1.7,8,424.5,0
2019-07-16 10:01:43,5,56,23.6,73,19.1,1015.6,1020.5,1.4,1.7,12,424.5,0
2019-07-16 10:06:43,5,55,23.6,72,19,1015.6,1020.5,1,1.7,12,424.5,0
2019-07-16 10:11:43,5,55,23.6,72,19.2,1015.5,1020.4,0.7,1,12,424.5,0
2019-07-16 10:16:43,5,55,23.6,73,19.9,1015.6,1020.5,0.7,1,10,424.5,0
2019-07-16 10:21:43,5,56,23.6,70,19.8,1015.5,1020.4,0.7,1,12,424.5,0
2019-07-16 10:26:43,5,56,23.5,70,19.5,1015.5,1020.4,1,1.4,10,424.5,0
2019-07-16 10:31:43,5,55,23.5,71,19.4,1015.5,1020.4,0.7,1,10,424.5,0
2019-07-16 10:36:43,5,55,23.5,72,19.7,1015.4,1020.3,0.7,1.4,8,424.5,0
2019-07-16 10:41:43,5,55,23.5,72,20.2,1015.4,1020.3,1.4,2,14,424.5,0
2019-07-16 10:46:43,5,56,23.5,72,20.2,1015.3,1020.2,1,1.4,12,424.5,0
2019-07-16 10:51:43,5,57,23.5,71,20.7,1015.3,1020.2,1.4,1.7,12,424.5,0
2019-07-16 10:56:43,5,58,23.5,70,20.8,1015.4,1020.3,1,1.4,8,424.5,0
2019-07-16 11:01:43,5,58,23.5,65,21.2,1015.2,1020.1,1,1.7,14,424.5,0
2019-07-16 11:06:43,5,58,23.5,63,20.8,1015.2,1020.1,1.4,1.7,12,424.5,0
2019-07-16 11:11:43,5,58,23.5,64,21.1,1015.2,1020.1,0.7,1,8,424.5,0
2019-07-16 11:16:43,5,58,23.5,64,22.1,1015.3,1020.2,1.7,2.4,12,424.5,0
2019-07-16 11:21:43,5,58,23.6,61,22.5,1015.2,1020.1,0.3,1,12,424.5,0
2019-07-16 11:26:43,5,58,23.6,63,21.4,1015.2,1020.1,1.7,2.7,14,424.5,0
2019-07-16 11:31:43,5,58,23.6,65,20.8,1015.2,1020.1,0.3,0.7,12,424.5,0
2019-07-16 11:36:43,5,58,23.6,65,20.7,1014.9,1019.8,1.4,1.7,12,424.5,0
2019-07-16 11:41:43,5,58,23.6,63,21.5,1014.9,1019.8,0.7,1.4,9,424.5,0
2019-07-16 11:46:43,5,58,23.6,61,21.8,1014.8,1019.7,2.7,3.4,12,424.5,0
2019-07-16 11:51:43,5,57,23.7,62,22.1,1014.8,1019.7,0.3,1,4,424.5,0
2019-07-16 11:56:43,5,57,23.7,55,23.2,1014.8,1019.7,0.3,1,,424.5,0
2019-07-16 12:01:43,5,57,23.7,52,23.3,1014.6,1019.5,1,2,10,424.5,0
2019-07-16 12:06:43,5,57,23.8,53,23.3,1014.9,1019.8,1,1.4,10,424.5,0
2019-07-16 12:11:43,5,57,23.9,53,23.5,1014.7,1019.6,0.7,1.4,12,424.5,0
2019-07-16 12:16:43,5,57,23.6,52,23.9,1014.7,1019.6,1,1.4,12,424.5,0
2019-07-16 12:21:43,5,57,23.6,51,23.7,1014.7,1019.6,1,1.7,12,424.5,0
2019-07-16 12:26:43,5,57,23.9,53,22.8,1014.6,1019.5,1.7,2,10,424.5,0
2019-07-16 12:31:43,5,57,23.9,53,22.6,1014.7,1019.6,1.7,2.4,10,424.5,0
2019-07-16 12:36:43,5,55,24,59,22.1,1014.6,1019.5,1.4,1.7,12,424.5,0
2019-07-16 12:41:43,5,55,24,60,21.8,1014.4,1019.3,1,1.7,12,424.5,0
2019-07-16 12:46:43,5,55,24,57,22.5,1014.5,1019.4,2.4,3.4,10,424.5,0
2019-07-16 12:51:43,5,55,24.1,57,23.2,1014.5,1019.4,1.7,2,12,424.5,0
2019-07-16 12:56:43,5,55,24.1,57,23,1014.6,1019.5,2,2.7,10,424.5,0
2019-07-16 13:01:43,5,55,24.1,56,22.5,1014.5,1019.4,1.4,1.7,10,424.5,0
2019-07-16 13:06:43,5,55,24.1,60,23.3,1014.3,1019.2,1,1.7,12,424.5,0
2019-07-16 13:11:43,5,55,24.2,53,23.9,1014.4,1019.3,1.7,2.7,8,424.5,0
2019-07-16 13:16:43,5,55,24.3,56,23.4,1014.4,1019.3,1,1.7,12,424.5,0
2019-07-16 13:21:43,5,55,24.2,59,23.4,1014.4,1019.3,3.1,4.1,14,424.5,0
2019-07-16 13:26:43,5,55,24.3,57,22.7,1014.3,1019.2,3.1,4.1,12,424.5,0
2019-07-16 13:31:43,5,55,24.3,57,22.8,1014.4,1019.3,1.7,2.4,12,424.5,0
2019-07-16 13:36:43,5,56,24.4,61,22.2,1014.3,1019.2,1,2.7,14,424.5,0
2019-07-16 13:41:43,5,56,24.4,62,21.7,1014.4,1019.3,1.7,2.7,12,424.5,0
2019-07-16 13:46:43,5,56,24.5,62,22.2,1014.2,1019.1,1.7,2.7,12,424.5,0
2019-07-16 13:51:43,5,56,24.5,62,22.1,1014.2,1019.1,2.4,3.1,12,424.5,0
2019-07-16 13:56:43,5,55,24.5,59,21.5,1014.2,1019.1,3.1,3.4,14,424.5,0
2019-07-16 14:01:43,5,55,24.5,60,21.6,1014.1,1019,2.7,3.7,10,424.5,0
2019-07-16 14:06:43,5,56,24.6,59,21.7,1014.2,1019.1,3.7,4.8,12,424.5,0
2019-07-16 14:11:43,5,56,24.6,61,21.3,1014.2,1019.1,2,2.7,12,424.5,0
2019-07-16 14:16:43,5,56,24.6,62,22,1014.2,1019.1,2,3.1,12,424.5,0
2019-07-16 14:21:43,5,56,24.6,60,22.1,1014.2,1019.1,3.1,4.1,12,424.5,0
2019-07-16 14:26:43,5,56,24.6,61,21.4,1014.1,1019,1.7,2.4,0,424.5,0
2019-07-16 14:31:43,5,55,24.7,61,21.4,1014.2,1019.1,1.4,1.4,10,424.5,0
2019-07-16 14:36:43,5,56,24.7,59,21,1014.1,1019,3.4,4.4,14,424.5,0
2019-07-16 14:41:43,5,56,24.7,60,21,1013.8,1018.7,2.7,4.4,12,424.5,0
2019-07-16 14:46:43,5,56,24.7,61,22.2,1013.9,1018.8,1.4,1.7,12,424.5,0
2019-07-16 14:51:43,5,55,24.8,56,22,1014,1018.9,1.7,2.4,14,424.5,0
2019-07-16 14:56:43,5,55,24.8,55,21.4,1013.9,1018.8,2,2.7,12,424.5,0
2019-07-16 15:01:43,5,55,24.8,60,22.2,1013.8,1018.7,1.7,2.7,14,424.5,0
2019-07-16 15:06:43,5,55,24.9,55,22.4,1013.7,1018.6,2.7,3.1,9,424.5,0
2019-07-16 15:11:43,5,54,25,53,22.1,1013.7,1018.6,1.7,2,12,424.5,0
2019-07-16 15:16:43,5,54,25,53,21.6,1013.7,1018.6,3.7,4.4,14,424.5,0
2019-07-16 15:21:43,5,54,25.1,56,21.3,1013.7,1018.6,3.1,4.4,12,424.5,0
2019-07-16 15:26:43,5,54,25.1,58,21.3,1013.6,1018.5,1.7,2,12,424.5,0
2019-07-16 15:31:43,5,54,25.2,58,21.6,1013.5,1018.4,3.7,5.1,12,424.5,0
2019-07-16 15:36:43,5,54,25.2,59,21.7,1013.6,1018.5,1.4,2,12,424.5,0
2019-07-16 15:41:43,5,54,25.3,60,21.6,1013.4,1018.3,3.1,4.8,1,424.5,0
2019-07-16 15:46:43,5,54,25.3,60,21.2,1013.6,1018.5,3.1,4.1,0,424.5,0
2019-07-16 15:51:43,5,54,25.4,61,20.9,1013.6,1018.5,3.4,4.4,12,424.5,0
2019-07-16 15:56:43,5,54,25.5,62,21.1,1013.6,1018.5,2.4,4.1,0,424.5,0
2019-07-16 16:01:43,5,54,25.5,62,21.7,1013.4,1018.3,1.7,2.7,12,424.5,0
2019-07-16 16:06:43,5,54,25.6,61,21.6,1013.6,1018.5,1.4,1.7,12,424.5,0
2019-07-16 16:11:43,5,54,25.7,60,20.8,1013.5,1018.4,2.7,4.1,12,424.5,0
2019-07-16 16:16:43,5,53,25.7,61,20.5,1013.5,1018.4,3.4,4.1,14,424.5,0
2019-07-16 16:21:43,5,53,25.7,60,20.8,1013.5,1018.4,2,3.1,12,424.5,0
2019-07-16 16:26:43,5,53,25.8,60,20.8,1013.6,1018.5,3.7,4.8,14,424.5,0
2019-07-16 16:31:43,5,53,25.9,61,20,1013.5,1018.4,3.7,5.8,12,424.5,0
2019-07-16 16:36:43,5,53,25.9,64,19.7,1013.3,1018.2,2.4,3.7,14,424.5,0
2019-07-16 16:41:43,5,53,25.9,64,20.5,1013.4,1018.3,3.4,4.4,12,424.5,0
2019-07-16 16:46:43,5,53,25.9,65,20.1,1013.5,1018.4,3.1,3.7,12,424.5,0
2019-07-16 16:51:43,5,51,26,67,20,1013.5,1018.4,2.4,3.4,14,424.5,0
2019-07-16 16:56:43,5,50,26,70,19.9,1013.5,1018.4,2.7,4.1,14,424.5,0
2019-07-16 17:01:43,5,50,26,69,20.2,1013.4,1018.3,3.4,4.8,12,424.5,0
2019-07-16 17:06:43,5,50,26.1,68,20.5,1013.5,1018.4,3.7,5.1,12,424.5,0
2019-07-16 17:11:43,5,50,26.1,66,20.4,1013.5,1018.4,1.7,2,8,424.5,0
2019-07-16 17:16:43,5,49,26.1,65,19.8,1013.3,1018.2,2.7,3.1,12,424.5,0
2019-07-16 17:21:43,5,49,26.1,64,19.8,1013.4,1018.3,1.7,2.7,12,424.5,0
2019-07-16 17:26:43,5,48,26,65,19.6,1013.4,1018.3,2,2.7,14,424.5,0
2019-07-16 17:31:43,5,48,26,65,19.3,1013.4,1018.3,1.4,1.7,10,424.5,0
2019-07-16 17:36:43,5,48,25.9,66,19.1,1013.3,1018.2,1.7,2,12,424.5,0
2019-07-16 17:41:43,5,48,25.9,67,19.8,1013.2,1018.1,1,1.7,12,424.5,0
2019-07-16 17:46:43,5,48,25.9,63,20.2,1013.5,1018.4,2.7,4.1,12,424.5,0
2019-07-16 17:51:43,5,47,25.9,63,20.3,1013.4,1018.3,1.7,2,12,424.5,0
2019-07-16 17:56:43,5,47,25.8,64,20.2,1013.4,1018.3,1.7,2.4,12,424.5,0
2019-07-16 18:01:43,5,46,25.8,62,20.2,1013.2,1018.1,1.4,1.7,12,424.5,0
2019-07-16 18:06:43,5,46,25.7,63,20.6,1013.2,1018.1,1.7,2,10,424.5,0
2019-07-16 18:11:43,5,46,25.7,63,20.7,1013.4,1018.3,1.4,2,12,424.5,0
2019-07-16 18:16:43,5,46,25.7,62,20.2,1013.4,1018.3,1.4,1.7,12,424.5,0
2019-07-16 18:21:43,5,46,25.7,61,20.4,1013.2,1018.1,1.4,2,14,424.5,0
2019-07-16 18:26:43,5,45,25.7,61,20.2,1013.2,1018.1,1.4,1.7,14,424.5,0
2019-07-16 18:31:43,5,45,25.6,61,19.8,1013.4,1018.3,1.4,2,12,424.5,0
2019-07-16 18:36:43,5,45,25.6,62,19.3,1013.2,1018.1,1,1.4,14,424.5,0
2019-07-16 18:41:43,5,45,25.6,64,19,1013.3,1018.2,0.7,1,12,424.5,0
2019-07-16 18:46:43,5,45,25.5,65,18.8,1013.3,1018.2,0.3,1,12,424.5,0
2019-07-16 18:51:43,5,45,25.5,66,18.7,1013.3,1018.2,0.7,1,10,424.5,0
2019-07-16 18:56:43,5,45,25.4,67,18.6,1013.1,1018,0.3,0.7,10,424.5,0
2019-07-16 19:01:43,5,45,25.4,67,18.7,1013.2,1018.1,0.3,0.7,10,424.5,0
2019-07-16 19:06:43,5,45,25.4,67,18.6,1013.2,1018.1,0.7,1,12,424.5,0
2019-07-16 19:11:43,5,46,25.4,67,18.5,1013.2,1018.1,0.7,0.7,12,424.5,0
2019-07-16 19:16:43,5,45,25.4,67,18.4,1013.1,1018,1,1.4,10,424.5,0
2019-07-16 19:21:43,5,45,25.3,68,18.2,1013.2,1018.1,0.7,1.4,10,424.5,0
2019-07-16 19:26:43,5,45,25.3,70,18.2,1013.2,1018.1,0.7,1,10,424.5,0
2019-07-16 19:31:43,5,45,25.2,70,18.1,1013.2,1018.1,0.7,0.7,10,424.5,0
2019-07-16 19:36:43,5,45,25.2,70,18,1013.1,1018,0.7,1,10,424.5,0
2019-07-16 19:41:43,5,46,25.2,70,17.8,1013.1,1018,0.7,1.4,10,424.5,0
2019-07-16 19:46:43,5,46,25.2,71,17.7,1013.1,1018,0.3,0.7,12,424.5,0
2019-07-16 19:51:43,5,46,25.2,71,17.6,1013.2,1018.1,0.7,1,12,424.5,0
2019-07-16 19:56:43,5,46,25.2,71,17.5,1013.1,1018,0.7,1,10,424.5,0
2019-07-16 20:01:43,5,46,25.1,74,17.3,1013.2,1018.1,0.7,1,10,424.5,0
2019-07-16 20:06:43,5,46,25.1,74,17.2,1013.1,1018,0.7,1.4,10,424.5,0
2019-07-16 20:11:43,5,46,25.1,75,17.1,1013.1,1018,0.7,1,10,424.5,0
2019-07-16 20:16:43,5,45,25,75,17,1013,1017.9,0.3,0.7,10,424.5,0
2019-07-16 20:21:43,5,45,25,76,16.9,1013,1017.9,0.7,0.7,9,424.5,0
2019-07-16 20:26:43,5,45,25,77,16.8,1013,1017.9,0.3,0.7,12,424.5,0
2019-07-16 20:31:43,5,45,25,78,16.7,1012.9,1017.8,0.7,1.4,12,424.5,0
2019-07-16 20:36:43,5,47,24.9,78,16.6,1013.1,1018,0.7,1.4,10,424.5,0
2019-07-16 20:41:43,5,47,24.9,78,16.6,1013.1,1018,0.3,0.7,12,424.5,0
2019-07-16 20:46:43,5,47,24.8,79,16.5,1013.1,1018,0.3,0.7,12,424.5,0
2019-07-16 20:51:43,5,47,24.8,79,16.4,1013.1,1018,0.7,1,10,424.5,0
2019-07-16 20:56:43,5,47,24.8,80,16.3,1013,1017.9,0.3,0.3,10,424.5,0
2019-07-16 21:01:43,5,47,24.8,80,16.2,1013.2,1018.1,0.3,0.7,10,424.5,0
2019-07-16 21:06:43,5,47,24.7,80,16.2,1012.9,1017.8,0.3,0.7,10,424.5,0
2019-07-16 21:11:43,5,47,24.7,81,16.1,1012.7,1017.6,0,0.3,10,424.5,0
2019-07-16 21:16:43,5,47,24.7,81,16,1013,1017.9,0.3,0.3,10,424.5,0
2019-07-16 21:21:43,5,47,24.7,81,15.9,1013,1017.9,0.7,1,10,424.5,0
2019-07-16 21:26:43,5,47,24.6,81,15.8,1012.8,1017.7,0.3,0.7,10,424.5,0
2019-07-16 21:31:43,5,47,24.6,82,15.7,1012.8,1017.7,0.3,0.7,10,424.5,0
2019-07-16 21:36:43,5,48,24.5,82,15.7,1012.8,1017.7,0,0.3,10,424.5,0
2019-07-16 21:41:43,5,48,24.4,83,15.6,1012.8,1017.7,0.7,1,10,424.5,0
2019-07-16 21:46:43,5,48,24.3,83,15.6,1012.8,1017.7,0.3,0.7,10,424.5,0
2019-07-16 21:51:43,5,48,24.3,83,15.5,1012.8,1017.7,0.3,0.7,10,424.5,0
2019-07-16 21:56:43,5,48,24.2,83,15.5,1012.8,1017.7,0.3,0.7,10,424.5,0
2019-07-16 22:01:45,5,48,24.1,83,15.5,1012.8,1017.7,0.3,0.7,10,424.5,0
2019-07-16 22:06:43,5,48,24,83,15.4,1012.6,1017.5,0.3,0.7,10,424.5,0
2019-07-16 22:11:43,5,48,24,84,15.4,1012.7,1017.6,0.3,0.7,8,424.5,0
2019-07-16 22:16:43,5,48,24,84,15.3,1012.6,1017.5,0.3,0.7,12,424.5,0
2019-07-16 22:21:43,5,49,23.9,84,15.3,1012.6,1017.5,0.3,0.7,10,424.5,0
2019-07-16 22:26:43,5,49,23.9,85,15.3,1012.7,1017.6,0.7,1,10,424.5,0
2019-07-16 22:31:43,5,49,23.9,85,15.3,1012.5,1017.4,0.7,1,8,424.5,0
2019-07-16 22:36:43,5,49,23.8,85,15.3,1012.6,1017.5,0.3,1,8,424.5,0
2019-07-16 22:41:43,5,50,23.8,85,15.3,1012.5,1017.4,0.7,0.7,10,424.5,0
2019-07-16 22:46:43,5,50,23.7,85,15.3,1012.6,1017.5,0.7,1,10,424.5,0
2019-07-16 22:51:43,5,50,23.7,85,15.2,1012.4,1017.3,0.3,0.7,12,424.5,0
2019-07-16 22:56:43,5,50,23.6,85,15.2,1012.4,1017.3,0.7,1,10,424.5,0
2019-07-16 23:01:43,5,50,23.6,85,15.2,1012.4,1017.3,0.3,0.7,10,424.5,0
2019-07-16 23:06:43,5,50,23.6,85,15.2,1012.4,1017.3,1.4,1.7,8,424.5,0
2019-07-16 23:11:43,5,50,23.5,86,15.2,1012.5,1017.4,0.7,1.4,10,424.5,0
2019-07-16 23:16:43,5,51,23.5,86,15.2,1012.4,1017.3,0.7,1,8,424.5,0
2019-07-16 23:21:43,5,51,23.5,86,15.2,1012.6,1017.5,1,1.7,9,424.5,0
2019-07-16 23:26:43,5,51,23.5,85,15.1,1012.3,1017.2,0.3,1,10,424.5,0
2019-07-16 23:31:43,5,51,23.4,85,15.1,1012.4,1017.3,0,0.3,10,424.5,0
2019-07-16 23:36:43,5,51,23.4,85,15,1012.4,1017.3,0.7,1,12,424.5,0
2019-07-16 23:41:43,5,51,23.4,85,14.9,1012.4,1017.3,0.7,1,8,424.5,0
2019-07-16 23:46:43,5,51,23.3,85,14.9,1012.4,1017.3,0.3,0.7,8,424.5,0
2019-07-16 23:51:43,5,51,23.3,84,14.8,1012.2,1017.1,0.3,0.7,14,424.5,0
2019-07-16 23:56:43,5,51,23.3,84,14.9,1012.2,1017.1,0.7,1,10,424.5,0
