2015-12-14 00:04:42,5,63,19.1,77,8.1,1004.5,1009.4,1,1.7,0,430.5,0
2015-12-14 00:09:42,5,63,19,77,7.9,1004.4,1009.3,1.4,2.4,14,430.5,0
2015-12-14 00:14:42,5,63,19,77,7.9,1004.2,1009.1,1,2.4,2,430.5,0
2015-12-14 00:19:42,5,63,19,77,7.8,1004.4,1009.3,1.7,2,3,430.5,0
2015-12-14 00:24:42,5,65,18.9,77,7.8,1004.3,1009.2,1,1.7,4,430.5,0
2015-12-14 00:29:43,5,65,18.9,77,7.6,1004.3,1009.2,1,1.7,2,430.5,0
2015-12-14 00:34:43,5,65,18.9,77,7.6,1004.1,1009,1.7,2.7,2,430.5,0
2015-12-14 00:39:43,5,64,19,78,7.8,1004.2,1009.1,1,1.7,2,430.5,0
2015-12-14 00:44:43,5,64,19,78,7.8,1004.1,1009,1,1.7,2,430.5,0
2015-12-14 00:49:43,5,64,19,78,7.9,1004.1,1009,1.4,2.4,3,430.5,0
2015-12-14 00:54:43,5,64,19,77,8,1004.1,1009,2,2.7,2,430.5,0
2015-12-14 00:59:43,5,65,18.9,78,7.9,1003.8,1008.7,2.7,4.4,0,430.5,0
2015-12-14 01:04:43,5,64,19,78,7.8,1004,1008.9,2.4,3.1,2,430.5,0
2015-12-14 01:09:43,5,65,18.9,78,7.8,1003.9,1008.8,2.4,4.1,2,430.5,0
2015-12-14 01:14:43,5,64,19,77,8,1003.8,1008.7,3.1,4.1,2,430.5,0
2015-12-14 01:19:43,5,64,19,77,8.1,1003.9,1008.8,2.4,4.1,2,430.5,0
2015-12-14 01:24:43,5,64,19,77,8.1,1003.9,1008.8,2,3.1,4,430.5,0
2015-12-14 01:29:43,5,65,18.9,77,8.1,1003.8,1008.7,2,3.1,2,430.5,0
2015-12-14 01:34:43,5,65,18.9,77,8.1,1003.8,1008.7,2.4,5.1,2,430.5,0
2015-12-14 01:39:43,5,65,18.9,77,8.1,1003.8,1008.7,2,4.1,2,430.5,0
2015-12-14 01:44:43,5,64,19,77,8.2,1003.7,1008.6,2.4,4.1,2,430.5,0
2015-12-14 01:49:43,5,63,19.1,77,8.3,1003.7,1008.6,2.7,3.4,3,430.5,0
2015-12-14 01:54:43,5,63,19.1,77,8.3,1003.7,1008.6,2,3.1,0,430.5,0
2015-12-14 01:59:43,5,63,19.1,77,8.2,1003.8,1008.7,2.4,3.4,0,430.5,0
2015-12-14 02:04:43,5,63,19.1,77,8.2,1003.8,1008.7,2,2.4,0,430.5,0
2015-12-14 02:09:43,5,63,19.1,77,8.1,1003.6,1008.5,2,2.4,0,430.5,0
2015-12-14 02:14:43,5,63,19.1,77,8.1,1003.6,1008.5,2,2.7,0,430.5,0
2015-12-14 02:19:43,5,63,19.1,77,8.2,1003.6,1008.5,2,3.4,2,430.5,0
2015-12-14 02:24:43,5,63,19.1,77,8.3,1003.4,1008.3,1.4,2,0,430.5,0
2015-12-14 02:29:43,5,63,19.1,77,8.3,1003.6,1008.5,1.7,2.7,0,430.5,0
2015-12-14 02:34:43,5,63,19.1,77,8.4,1003.6,1008.5,2,2.7,0,430.5,0
2015-12-14 02:39:43,5,63,19.1,77,8.4,1003.5,1008.4,2.7,3.4,2,430.5,0
2015-12-14 02:44:43,5,63,19.1,77,8.4,1003.5,1008.4,1,2,2,430.5,0
2015-12-14 02:49:43,5,63,19.2,77,8.4,1003.4,1008.3,1.7,3.1,2,430.5,0
2015-12-14 02:54:43,5,63,19.1,77,8.4,1003.5,1008.4,1.4,2.4,2,430.5,0
2015-12-14 02:59:43,5,63,19.1,77,8.4,1003.5,1008.4,2,3.1,2,430.5,0
2015-12-14 03:04:43,5,63,19.1,77,8.4,1003.4,1008.3,2.4,3.7,2,430.5,0
2015-12-14 03:09:43,5,63,19.1,77,8.4,1003.3,1008.2,2.4,3.4,2,430.5,0
2015-12-14 03:14:43,5,63,19.1,77,8.5,1003.2,1008.1,1.4,2.4,4,430.5,0
2015-12-14 03:19:43,5,63,19.1,77,8.6,1003.2,1008.1,2.4,3.4,0,430.5,0
2015-12-14 03:24:43,5,63,19.1,77,8.6,1003.1,1008,1.7,3.1,2,430.5,0
2015-12-14 03:29:43,5,63,19.1,77,8.7,1003.1,1008,2.4,5.1,2,430.5,0
2015-12-14 03:34:43,5,63,19.1,77,8.7,1003.1,1008,1.4,2,0,430.5,0
2015-12-14 03:39:43,5,63,19.1,77,8.7,1002.9,1007.8,1.7,2.4,4,430.5,0
2015-12-14 03:44:43,5,63,19.1,77,8.7,1002.9,1007.8,2.4,4.1,2,430.5,0
2015-12-14 03:49:43,5,63,19.1,77,8.7,1002.8,1007.7,2,2.7,0,430.5,0
2015-12-14 03:54:43,5,63,19.1,77,8.6,1002.7,1007.6,2.4,3.7,2,430.5,0
2015-12-14 03:59:43,5,63,19.1,77,8.6,1002.7,1007.6,3.1,3.7,0,430.5,0
2015-12-14 04:04:43,5,63,19.1,77,8.5,1002.6,1007.5,2.7,3.4,1,430.5,0
2015-12-14 04:09:43,5,63,19.1,77,8.5,1002.7,1007.6,1.7,2.7,0,430.5,0
2015-12-14 04:14:43,5,63,19.1,77,8.4,1002.5,1007.4,1.7,2.4,0,430.5,0
2015-12-14 04:19:43,5,63,19.1,77,8.4,1002.4,1007.3,1.4,2,0,430.5,0
2015-12-14 04:24:43,5,63,19.1,77,8.4,1002.5,1007.4,3.1,4.4,14,430.5,0
2015-12-14 04:29:43,5,63,19.1,77,8.5,1002.3,1007.2,1.7,3.1,0,430.5,0
2015-12-14 04:34:43,5,63,19.1,77,8.6,1002.4,1007.3,2.4,3.7,4,430.5,0
2015-12-14 04:39:43,5,63,19.1,77,8.6,1002.2,1007.1,2.7,4.1,4,430.5,0
2015-12-14 04:44:43,5,63,19.1,77,8.9,1002.1,1007,3.4,4.4,2,430.5,0
2015-12-14 04:49:43,5,63,19.1,77,9.3,1002.1,1007,2.7,3.7,0,430.5,0
2015-12-14 04:54:43,5,63,19.1,76,9.4,1002,1006.9,2.7,3.7,2,430.5,0
2015-12-14 04:59:43,5,62,19.1,76,9.3,1001.9,1006.8,1.7,2.7,12,430.5,0
2015-12-14 05:04:43,5,62,19.1,76,9.3,1002,1006.9,2.4,3.1,4,430.5,0
2015-12-14 05:09:43,5,62,19,76,9.3,1002,1006.9,2.7,4.1,2,430.5,0
2015-12-14 05:14:43,5,62,19,76,9.3,1001.8,1006.7,2.4,3.4,4,430.5,0
2015-12-14 05:19:43,5,62,19,76,9.3,1002,1006.9,2.4,3.1,0,430.5,0
2015-12-14 05:24:43,5,62,19,76,9.2,1001.8,1006.7,2.4,3.7,4,430.5,0
2015-12-14 05:29:43,5,62,19,76,9.2,1001.8,1006.7,2.7,4.1,14,430.5,0
2015-12-14 05:34:43,5,62,19,76,9.2,1002,1006.9,3.1,4.1,2,430.5,0
2015-12-14 05:39:43,5,62,19,76,9.2,1001.8,1006.7,2,3.4,2,430.5,0
2015-12-14 05:44:43,5,62,19,76,9.2,1001.8,1006.7,2.4,3.7,2,430.5,0
2015-12-14 05:49:43,5,62,19,76,9.2,1001.8,1006.7,2.7,3.7,2,430.5,0
2015-12-14 05:54:43,5,62,19,76,9.3,1001.8,1006.7,2.4,3.4,2,430.5,0
2015-12-14 05:59:43,5,62,19,76,9.3,1001.9,1006.8,2,3.1,0,430.5,0
2015-12-14 06:04:43,5,62,19,76,9.3,1001.7,1006.6,2.7,4.1,0,430.5,0
2015-12-14 06:09:43,5,62,19,76,9.3,1001.7,1006.6,2.7,3.4,0,430.5,0
2015-12-14 06:14:43,5,62,19,76,9.3,1001.5,1006.4,2.7,3.4,2,430.5,0
2015-12-14 06:19:43,5,62,19,76,9.3,1001.6,1006.5,2.4,2.7,14,430.5,0
2015-12-14 06:24:43,5,62,19,76,9.3,1001.5,1006.4,1.7,3.7,2,430.5,0
2015-12-14 06:29:43,5,62,19,76,9.4,1001.5,1006.4,1.4,2.7,11,430.5,0
2015-12-14 06:34:43,5,62,19,76,9.4,1001.5,1006.4,2,3.4,0,430.5,0
2015-12-14 06:39:43,5,62,19,76,9.6,1001.4,1006.3,3.1,4.1,0,430.5,0
2015-12-14 06:44:43,5,62,19,76,9.6,1001.3,1006.2,2.7,4.8,0,430.5,0
2015-12-14 06:49:43,5,62,19,77,9.6,1001.4,1006.3,1.7,2.4,2,430.5,0
2015-12-14 06:54:43,5,62,19,77,9.6,1001.3,1006.2,2.7,4.4,0,430.5,0
2015-12-14 06:59:43,5,62,19,76,9.6,1001.3,1006.2,2.4,2.7,0,430.5,0
2015-12-14 07:04:43,5,62,19.1,76,9.6,1001.3,1006.2,3.1,4.8,0,430.5,0
2015-12-14 07:09:43,5,62,19.1,77,9.6,1001.2,1006.1,1.7,2.7,14,430.5,0
2015-12-14 07:14:43,5,62,19,77,9.6,1001,1005.9,2.7,3.7,0,430.5,0
2015-12-14 07:19:43,5,62,19.1,77,9.6,1001.2,1006.1,3.1,4.1,2,430.8,0
2015-12-14 07:24:43,5,62,19,77,9.6,1001.1,1006,2.7,4.1,0,430.8,0
2015-12-14 07:29:43,5,62,19,77,9.7,1001.1,1006,3.4,5.1,2,431.1,0
2015-12-14 07:34:43,5,62,19.1,77,9.7,1001.1,1006,3.1,4.4,15,431.1,0
2015-12-14 07:39:43,5,62,19,77,9.7,1001,1005.9,2,3.4,2,431.1,0
2015-12-14 07:44:43,5,62,19.1,77,9.7,1001,1005.9,3.4,4.4,2,431.1,0
2015-12-14 07:49:43,5,62,19,77,9.7,1000.9,1005.8,4.4,6.8,4,431.1,0
2015-12-14 07:54:43,5,62,19.1,77,9.7,1000.8,1005.7,2.7,5.1,2,431.4,0
2015-12-14 07:59:43,5,62,19,77,9.7,1000.8,1005.7,3.7,5.8,2,431.4,0
2015-12-14 08:04:43,5,62,19.1,77,9.7,1000.8,1005.7,3.4,5.4,0,431.4,0
2015-12-14 08:09:43,5,62,19,77,9.8,1000.9,1005.8,3.1,4.1,2,431.4,0
2015-12-14 08:14:43,5,62,19,77,9.8,1000.8,1005.7,2.7,3.7,2,431.4,0
2015-12-14 08:19:43,5,62,19,77,9.8,1000.8,1005.7,3.4,6.1,2,431.4,0
2015-12-14 08:24:43,5,62,19,77,9.8,1000.8,1005.7,3.1,4.4,2,431.7,0
2015-12-14 08:29:43,5,62,19,77,9.8,1001,1005.9,3.4,4.8,0,431.7,0
2015-12-14 08:34:43,5,62,19,77,9.8,1000.9,1005.8,2.7,4.1,4,431.7,0
2015-12-14 08:39:43,5,62,19,77,9.8,1000.8,1005.7,3.4,4.8,4,431.7,0
2015-12-14 08:44:43,5,62,19,77,9.8,1000.9,1005.8,3.4,4.4,2,431.7,0
2015-12-14 08:49:43,5,62,19,77,9.7,1000.8,1005.7,3.1,4.4,0,431.7,0
2015-12-14 08:54:43,5,62,19,77,9.7,1000.8,1005.7,2.7,3.7,0,431.7,0
2015-12-14 08:59:43,5,62,19,77,9.6,1000.7,1005.6,2,2.7,2,431.7,0
2015-12-14 09:04:43,5,62,19,77,9.6,1000.9,1005.8,2,3.1,14,431.7,0
2015-12-14 09:09:43,5,62,19,77,9.6,1000.8,1005.7,2.4,3.7,0,431.7,0
2015-12-14 09:14:43,5,62,19,77,9.6,1000.7,1005.6,3.4,4.4,0,431.7,0
2015-12-14 09:19:43,5,62,19,77,9.6,1000.7,1005.6,2.7,5.8,0,431.7,0
2015-12-14 09:24:43,5,62,19,77,9.6,1000.7,1005.6,2.7,4.1,0,431.7,0
2015-12-14 09:29:43,5,62,19,77,9.6,1000.7,1005.6,3.1,4.8,2,431.7,0
2015-12-14 09:34:43,5,62,19,77,9.7,1000.9,1005.8,3.7,6.5,14,432,0
2015-12-14 09:39:43,5,62,19,77,9.7,1000.9,1005.8,5.1,6.1,2,432.3,0
2015-12-14 09:44:43,5,62,19,77,9.7,1000.7,1005.6,4.1,6.5,0,432.3,0
2015-12-14 09:49:43,5,62,19,77,9.7,1000.8,1005.7,4.4,6.5,14,432.3,0
2015-12-14 09:54:43,5,62,19,77,9.7,1000.6,1005.5,4.4,6.8,2,432.6,0
2015-12-14 09:59:43,5,62,19,77,9.6,1000.7,1005.6,2.7,4.1,15,432.9,0
2015-12-14 10:04:43,5,62,19,77,9.6,1000.5,1005.4,4.4,5.1,0,432.9,0
2015-12-14 10:09:43,5,62,19,77,9.6,1000.6,1005.5,3.4,4.8,2,432.9,0
2015-12-14 10:14:43,5,62,19,77,9.6,1000.4,1005.3,4.1,6.5,0,433.5,0
2015-12-14 10:19:43,5,62,19,77,9.6,1000.6,1005.5,3.4,4.8,0,433.5,0
2015-12-14 10:24:43,5,62,19,77,9.6,1000.5,1005.4,4.1,5.1,1,433.5,0
2015-12-14 10:29:43,5,62,19,77,9.6,1000.6,1005.5,3.7,5.1,3,433.5,0
2015-12-14 10:34:43,5,62,19,77,9.6,1000.5,1005.4,2.7,4.8,1,433.5,0
2015-12-14 10:39:43,5,62,19,77,9.6,1000.7,1005.6,4.1,6.8,0,433.5,0
2015-12-14 10:44:43,5,62,19,77,9.6,1000.7,1005.6,2.7,5.1,12,433.5,0
2015-12-14 10:49:43,5,62,19,77,9.6,1000.7,1005.6,3.4,4.4,2,433.8,0
2015-12-14 10:54:43,5,62,19.1,77,9.7,1000.5,1005.4,2.7,4.1,1,434.1,0
2015-12-14 10:59:43,5,62,19.1,77,9.7,1000.5,1005.4,4.4,8.2,6,434.4,0
2015-12-14 11:04:43,5,62,19.1,77,9.7,1000.6,1005.5,4.1,5.8,2,434.7,0
2015-12-14 11:09:43,5,62,19.1,77,9.7,1000.6,1005.5,5.8,7.1,2,434.7,0
2015-12-14 11:14:43,5,62,19.1,77,9.7,1000.6,1005.5,4.8,5.8,8,434.7,0
2015-12-14 11:19:43,5,62,19,77,9.7,1000.4,1005.3,4.4,5.8,2,434.7,0
2015-12-14 11:24:43,5,62,19.1,77,9.7,1000.5,1005.4,4.1,5.4,4,434.7,0
2015-12-14 11:29:43,5,62,19,77,9.7,1000.3,1005.2,3.1,5.1,2,434.7,0
2015-12-14 11:34:43,5,62,19.1,77,9.7,1000.3,1005.2,4.4,6.1,2,434.7,0
2015-12-14 11:39:43,5,62,19.1,77,9.8,1000.3,1005.2,4.1,5.8,2,434.7,0
2015-12-14 11:44:43,5,62,19.1,77,9.7,1000.3,1005.2,3.1,4.4,2,435,0
2015-12-14 11:49:43,5,62,19.1,77,9.8,1000.3,1005.2,2.4,3.4,2,435,0
2015-12-14 11:54:43,5,62,19.1,77,9.8,1000.1,1005,4.1,6.5,4,435,0
2015-12-14 11:59:43,5,62,19.1,77,9.8,1000.3,1005.2,2.7,4.8,2,435,0
2015-12-14 12:04:43,5,62,19.1,77,9.8,1000.5,1005.4,3.1,5.1,2,435,0
2015-12-14 12:09:43,5,62,19.1,77,9.8,1000.4,1005.3,2,2.7,2,435,0
2015-12-14 12:14:43,5,62,19.1,77,9.8,1000.4,1005.3,3.7,4.8,2,435.3,0
2015-12-14 12:19:43,5,62,19.1,77,9.8,1000.2,1005.1,3.1,4.4,4,435.3,0
2015-12-14 12:24:43,5,62,19.1,77,9.9,1000.2,1005.1,3.7,4.8,2,435.3,0
2015-12-14 12:29:43,5,62,19.1,77,9.9,1000.1,1005,3.1,4.8,0,435.3,0
2015-12-14 12:34:43,5,63,19.1,77,9.9,1000.1,1005,3.7,4.8,2,435.3,0
2015-12-14 12:39:43,5,63,19.1,77,9.9,1000.3,1005.2,3.7,5.4,2,435.3,0
2015-12-14 12:44:43,5,63,19.1,77,9.9,1000.1,1005,2,3.4,2,435.3,0
2015-12-14 12:49:43,5,63,19.1,77,9.9,1000.1,1005,2.7,5.4,2,435.3,0
2015-12-14 12:54:43,5,63,19.1,76,10,1000.1,1005,3.7,4.4,0,435.3,0
2015-12-14 12:59:43,5,63,19.1,76,10,999.9,1004.8,3.7,4.8,2,435.3,0
2015-12-14 13:04:43,5,63,19.1,76,10,1000.1,1005,4.8,7.1,2,435.3,0
2015-12-14 13:09:43,5,63,19.1,76,10.1,1000,1004.9,5.4,7.8,2,435.3,0
2015-12-14 13:14:43,5,63,19.1,76,10.1,999.9,1004.8,6.1,8.8,2,435.3,0
2015-12-14 13:19:43,5,63,19.2,75,10.2,999.8,1004.7,4.4,5.4,4,435.3,0
2015-12-14 13:24:43,5,63,19.1,75,10.2,999.9,1004.8,3.4,4.4,2,435.3,0
2015-12-14 13:29:43,5,63,19.1,75,10.2,999.8,1004.7,4.8,6.8,2,435.3,0
2015-12-14 13:34:43,5,63,19.2,75,10.1,999.8,1004.7,5.4,6.8,2,435.3,0
2015-12-14 13:39:43,5,63,19.2,75,10.2,999.8,1004.7,4.4,5.4,2,435.3,0
2015-12-14 13:44:43,5,63,19.2,75,10.2,999.9,1004.8,4.4,6.1,11,435.3,0
2015-12-14 13:49:43,5,63,19.1,76,10.2,999.9,1004.8,5.8,7.1,4,435.3,0
2015-12-14 13:54:43,5,63,19.2,76,10.2,999.9,1004.8,6.1,7.8,4,435.3,0
2015-12-14 13:59:43,5,63,19.1,76,10.2,999.9,1004.8,6.5,7.5,2,435.3,0
2015-12-14 14:04:43,5,63,19.1,76,10.2,1000,1004.9,4.4,6.1,2,435.3,0
2015-12-14 14:09:43,5,63,19.1,76,10.3,1000.2,1005.1,4.1,5.8,2,435.3,0
2015-12-14 14:14:43,5,63,19.1,76,10.3,1000.1,1005,3.7,6.1,2,435.3,0
2015-12-14 14:19:43,5,63,19.2,76,10.3,999.9,1004.8,4.1,5.1,2,435.3,0
2015-12-14 14:24:43,5,63,19.2,76,10.3,999.7,1004.6,3.4,5.8,1,435.3,0
2015-12-14 14:29:43,5,63,19.1,76,10.3,999.8,1004.7,4.4,7.1,13,435.3,0
2015-12-14 14:34:43,5,63,19.2,76,10.3,999.9,1004.8,4.4,6.1,2,435.3,0
2015-12-14 14:39:43,5,63,19.2,76,10.3,999.9,1004.8,3.7,5.4,2,435.3,0
2015-12-14 14:44:43,5,63,19.2,76,10.3,999.9,1004.8,3.1,4.8,2,435.3,0
2015-12-14 14:49:43,5,63,19.2,76,10.3,1000,1004.9,3.7,4.8,2,435.3,0
2015-12-14 14:54:43,5,63,19.2,76,10.3,999.9,1004.8,3.4,4.8,2,435.3,0
2015-12-14 14:59:43,5,63,19.2,76,10.3,1000,1004.9,5.1,6.1,2,435.3,0
2015-12-14 15:04:43,5,62,19.1,76,10.3,1000,1004.9,3.1,4.1,4,435.3,0
2015-12-14 15:09:43,5,62,19.1,76,10.3,999.9,1004.8,2,3.4,2,435.3,0
2015-12-14 15:14:43,5,62,19.1,76,10.3,1000,1004.9,2.4,3.1,2,435.3,0
2015-12-14 15:19:43,5,62,19.1,76,10.2,999.8,1004.7,2.4,4.4,0,435.3,0
2015-12-14 15:24:43,5,62,19.1,76,10.2,1000,1004.9,3.1,4.4,0,435.3,0
2015-12-14 15:29:43,5,62,19.1,76,10.2,1000,1004.9,2.7,4.4,4,435.3,0
2015-12-14 15:34:43,5,62,19.1,76,10.2,1000,1004.9,2,3.1,2,435.3,0
2015-12-14 15:39:43,5,62,19.1,76,10.1,1000.2,1005.1,2,3.7,2,435.3,0
2015-12-14 15:44:43,5,62,19.1,76,10,1000.1,1005,2.7,4.1,2,435.3,0
2015-12-14 15:49:43,5,62,19.1,76,10,1000.1,1005,3.1,4.8,2,435.3,0
2015-12-14 15:54:43,5,62,19.1,77,9.9,1000.1,1005,1.7,2.4,4,435.3,0
2015-12-14 15:59:43,5,62,19.1,77,9.9,1000.2,1005.1,2,3.1,2,435.3,0
2015-12-14 16:04:43,5,62,19.1,77,9.9,1000.1,1005,2.4,4.1,0,435.3,0
2015-12-14 16:09:43,5,62,19.1,77,9.9,1000.2,1005.1,3.4,4.4,2,435.3,0
2015-12-14 16:14:43,5,62,19.1,77,9.8,1000.2,1005.1,2.7,4.4,2,435.3,0
2015-12-14 16:19:43,5,63,19.1,77,9.7,1000.1,1005,2.7,4.1,4,435.3,0
2015-12-14 16:24:43,5,63,19.1,77,9.7,1000,1004.9,2,3.1,4,435.3,0
2015-12-14 16:29:43,5,63,19.1,77,9.8,1000.2,1005.1,2.4,3.7,2,435.3,0
2015-12-14 16:34:43,5,63,19.1,77,9.8,1000.1,1005,2,3.4,4,435.3,0
2015-12-14 16:39:43,5,63,19.1,77,9.7,1000.1,1005,2.7,4.1,0,435.3,0
2015-12-14 16:44:43,5,63,19.1,77,9.7,1000.4,1005.3,3.4,5.4,2,435.3,0
2015-12-14 16:49:43,5,63,19.1,77,9.7,1000.3,1005.2,2.4,4.1,2,435.3,0
2015-12-14 16:54:43,5,63,19.1,77,9.8,1000.3,1005.2,3.1,4.1,4,435.3,0
2015-12-14 16:59:43,5,63,19.1,77,9.8,1000.4,1005.3,2.7,4.1,2,435.3,0
2015-12-14 17:04:43,5,63,19.1,77,9.8,1000.4,1005.3,3.4,5.1,2,435.3,0
2015-12-14 17:09:43,5,63,19.1,77,9.9,1000.4,1005.3,3.4,5.1,2,435.3,0
2015-12-14 17:14:43,5,64,19,77,9.9,1000.3,1005.2,2.4,4.1,4,435.6,0
2015-12-14 17:19:43,5,64,19,77,9.8,1000.4,1005.3,3.1,4.4,2,435.6,0
2015-12-14 17:24:43,5,64,19,77,9.8,1000.5,1005.4,2.7,4.1,2,435.6,0
2015-12-14 17:29:43,5,64,19,77,9.7,1000.5,1005.4,2,3.7,2,435.6,0
2015-12-14 17:34:43,5,64,19,77,9.8,1000.6,1005.5,2,4.8,2,435.6,0
2015-12-14 17:39:43,5,64,19,77,9.7,1000.5,1005.4,2.4,3.1,2,435.6,0
2015-12-14 17:44:43,5,64,19,77,9.8,1000.7,1005.6,2,3.7,4,435.6,0
2015-12-14 17:49:43,5,63,19,77,9.7,1000.6,1005.5,1.7,2.4,2,435.6,0
2015-12-14 17:54:43,5,63,19,77,9.6,1000.7,1005.6,1.4,2.4,2,435.6,0
2015-12-14 17:59:43,5,63,19,77,9.5,1000.7,1005.6,2,3.1,0,435.6,0
2015-12-14 18:04:43,5,63,19,77,9.4,1000.7,1005.6,2.4,3.7,2,435.6,0
2015-12-14 18:09:43,5,63,19,77,9.4,1000.7,1005.6,1.7,2,0,435.6,0
2015-12-14 18:14:43,5,63,19,77,9.3,1000.8,1005.7,2,3.1,2,435.6,0
2015-12-14 18:19:43,5,63,19,77,9.3,1000.8,1005.7,1.7,2.7,2,435.6,0
2015-12-14 18:24:43,5,63,19,77,9.3,1000.8,1005.7,1.4,2.7,2,435.6,0
2015-12-14 18:29:43,5,63,19,77,9.3,1000.9,1005.8,2.4,3.1,2,435.6,0
2015-12-14 18:34:43,5,63,19,77,9.3,1001,1005.9,2.4,3.4,2,435.6,0
2015-12-14 18:39:43,5,63,19,77,9.3,1001.1,1006,1.7,3.4,4,435.6,0
2015-12-14 18:44:43,5,63,19,77,9.2,1001.3,1006.2,1.4,2.4,2,435.6,0
2015-12-14 18:49:43,5,63,19,77,9.1,1001.1,1006,2,3.1,2,435.6,0
2015-12-14 18:54:43,5,63,19,77,9.1,1001.3,1006.2,2,3.4,12,435.6,0
2015-12-14 18:59:43,5,63,19,77,9,1001.3,1006.2,2.7,4.1,2,435.6,0
2015-12-14 19:04:43,5,63,19,78,8.9,1001.3,1006.2,2.4,3.4,2,435.6,0
2015-12-14 19:09:43,5,63,19,78,8.8,1001.3,1006.2,4.4,5.1,2,435.6,0
2015-12-14 19:14:43,5,63,19,78,8.8,1001.5,1006.4,3.1,5.1,2,435.6,0
2015-12-14 19:19:43,5,63,19,78,8.9,1001.5,1006.4,2.4,4.1,2,435.6,0
2015-12-14 19:24:43,5,63,19,78,8.9,1001.6,1006.5,3.4,5.4,2,435.6,0
2015-12-14 19:29:43,5,63,19,77,9,1001.6,1006.5,2.4,3.7,2,435.6,0
2015-12-14 19:34:43,5,63,19,77,9,1001.8,1006.7,2.4,3.7,4,435.6,0
2015-12-14 19:39:43,5,63,19,78,8.9,1001.7,1006.6,2,3.4,4,435.6,0
2015-12-14 19:44:43,5,63,19,78,8.8,1001.8,1006.7,3.4,4.4,2,435.6,0
2015-12-14 19:49:43,5,63,19,78,8.7,1001.7,1006.6,3.1,4.4,2,435.6,0
2015-12-14 19:54:43,5,63,19,78,8.7,1001.7,1006.6,3.4,4.4,4,435.6,0
2015-12-14 19:59:43,5,63,19,78,8.7,1001.8,1006.7,3.1,4.1,2,435.6,0
2015-12-14 20:04:43,5,63,19.1,78,8.7,1001.8,1006.7,2.4,3.4,4,435.6,0
2015-12-14 20:09:43,5,64,19.1,78,8.7,1002,1006.9,2,3.1,0,435.6,0
2015-12-14 20:14:43,5,64,19.2,78,8.7,1001.9,1006.8,3.1,4.8,2,435.6,0
2015-12-14 20:19:43,5,64,19.3,78,8.8,1001.9,1006.8,3.7,4.8,2,435.6,0
2015-12-14 20:24:43,5,64,19.3,77,9,1001.9,1006.8,4.1,6.1,2,435.6,0
2015-12-14 20:29:43,5,64,19.4,77,9,1001.7,1006.6,3.1,4.4,4,435.6,0
2015-12-14 20:34:43,5,64,19.5,77,9,1001.7,1006.6,3.4,5.1,2,435.6,0
2015-12-14 20:39:43,5,64,19.6,78,8.9,1001.8,1006.7,2.7,4.4,2,435.6,0
2015-12-14 20:44:43,5,64,19.7,77,9,1001.9,1006.8,2.4,3.7,2,435.6,0
2015-12-14 20:49:43,5,64,19.7,77,9,1001.7,1006.6,2.4,3.1,2,435.6,0
2015-12-14 20:54:43,5,64,19.8,78,8.9,1002,1006.9,2.4,3.1,2,435.6,0
2015-12-14 20:59:43,5,64,19.9,78,8.7,1002,1006.9,2,3.1,2,435.6,0
2015-12-14 21:04:43,5,63,20,78,8.7,1002.1,1007,1.7,2,2,435.6,0
2015-12-14 21:09:43,5,63,20,78,8.7,1002.2,1007.1,1.7,2.7,2,435.6,0
2015-12-14 21:14:43,5,62,20,78,8.7,1002.1,1007,2,3.1,1,435.6,0
2015-12-14 21:19:43,5,62,20.1,78,8.7,1002,1006.9,2.7,4.1,4,435.6,0
2015-12-14 21:24:43,5,63,20.2,78,8.7,1002,1006.9,2.4,3.7,2,435.6,0
2015-12-14 21:29:43,5,63,20.2,78,8.7,1002,1006.9,2,2.7,0,435.6,0
2015-12-14 21:34:43,5,62,20.3,78,8.7,1002,1006.9,2,3.4,14,435.6,0
2015-12-14 21:39:43,5,62,20.3,78,8.7,1002.1,1007,2.4,3.7,2,435.6,0
2015-12-14 21:44:43,5,62,20.4,78,8.7,1002.1,1007,1.7,2.7,13,435.6,0
2015-12-14 21:49:43,5,62,20.4,78,8.7,1002.1,1007,2,3.4,14,435.6,0
2015-12-14 21:54:43,5,62,20.5,78,8.6,1002.1,1007,1.7,2.7,0,435.6,0
2015-12-14 21:59:43,5,62,20.6,78,8.5,1002,1006.9,2.7,4.1,2,435.6,0
2015-12-14 22:04:43,5,62,20.6,78,8.5,1002.1,1007,1.7,2.7,2,435.6,0
2015-12-14 22:09:43,5,62,20.7,78,8.6,1002.3,1007.2,2,3.1,0,435.6,0
2015-12-14 22:14:43,5,62,20.7,78,8.6,1002,1006.9,1.7,2.7,14,435.6,0
2015-12-14 22:19:43,5,62,20.8,78,8.6,1002.1,1007,2,3.1,2,435.6,0
2015-12-14 22:24:43,5,62,20.9,78,8.6,1002.1,1007,2,3.4,2,435.6,0
2015-12-14 22:29:43,5,62,20.9,78,8.6,1002.1,1007,1.7,2.4,0,435.6,0
2015-12-14 22:34:43,5,62,20.9,78,8.7,1002.1,1007,1.7,2.7,0,435.6,0
2015-12-14 22:39:43,5,61,21,78,8.6,1002.1,1007,2,3.1,2,435.6,0
2015-12-14 22:44:43,5,61,21,78,8.6,1002,1006.9,1.7,2.7,2,435.6,0
2015-12-14 22:49:43,5,61,21,78,8.6,1002,1006.9,1.7,2.4,0,435.6,0
2015-12-14 22:54:43,5,61,21,78,8.6,1001.8,1006.7,1.4,2.4,14,435.6,0
2015-12-14 22:59:43,5,62,20.9,78,8.6,1001.8,1006.7,2.4,3.7,0,435.6,0
2015-12-14 23:04:43,5,62,20.9,78,8.7,1001.9,1006.8,2.7,3.7,2,435.6,0
2015-12-14 23:09:43,5,62,20.8,78,8.7,1001.8,1006.7,1.4,2,0,435.6,0
2015-12-14 23:14:43,5,62,20.8,78,8.7,1002,1006.9,1.7,2.7,2,435.6,0
2015-12-14 23:19:43,5,62,20.8,78,8.7,1002,1006.9,2.4,4.1,2,435.6,0
2015-12-14 23:24:43,5,62,20.7,78,8.9,1002,1006.9,1.7,2.7,2,435.6,0
2015-12-14 23:29:43,5,62,20.6,77,9,1001.9,1006.8,2,3.1,2,435.6,0
2015-12-14 23:34:43,5,62,20.6,77,9.1,1002.1,1007,3.1,4.8,2,435.9,0
2015-12-14 23:39:43,5,62,20.6,77,9.1,1002,1006.9,2,2.7,0,435.9,0
2015-12-14 23:44:43,5,62,20.5,77,9.2,1002,1006.9,2.4,3.4,2,435.9,0
2015-12-14 23:49:43,5,62,20.5,77,9.2,1001.9,1006.8,2.4,4.8,3,435.9,0
2015-12-14 23:54:43,5,62,20.5,77,9.2,1001.9,1006.8,3.4,5.1,2,435.9,0
2015-12-14 23:59:43,5,62,20.4,77,9.2,1002.1,1007,1.7,3.1,2,435.9,0
