2016-05-08 00:01:37,5,62,20,74,11.4,997.4,1002.3,1.7,3.7,4,23.4,0
2016-05-08 00:06:37,5,62,20,74,11.4,997.4,1002.3,2,2.7,4,23.4,0
2016-05-08 00:11:37,5,62,20,74,11.4,997.4,1002.3,1.4,2,4,23.4,0
2016-05-08 00:16:37,5,62,20,74,11.4,997.4,1002.3,1.7,2,4,23.4,0
2016-05-08 00:21:37,5,62,20,74,11.4,997.3,1002.2,1.7,2.7,0,23.4,0
2016-05-08 00:26:37,5,62,20,74,11.4,997.4,1002.3,2,3.1,4,23.4,0
2016-05-08 00:31:37,5,62,20,74,11.4,997.4,1002.3,1.7,2.4,4,23.4,0
2016-05-08 00:36:37,5,62,20,74,11.4,997.4,1002.3,2.4,3.1,4,23.4,0
2016-05-08 00:41:37,5,62,20,74,11.4,997.4,1002.3,1.4,2.4,0,23.4,0
2016-05-08 00:46:37,5,62,20,74,11.4,997.3,1002.2,1.4,2,4,23.4,0
2016-05-08 00:51:37,5,62,20,74,11.4,997.2,1002.1,1.4,2.7,4,23.4,0
2016-05-08 00:56:37,5,62,20,74,11.4,997.3,1002.2,2,3.1,0,23.4,0
2016-05-08 01:01:37,5,62,20,74,11.4,997.3,1002.2,2,3.4,4,23.4,0
2016-05-08 01:06:37,5,61,20,74,11.4,997.1,1002,1.4,2.4,4,23.4,0
2016-05-08 01:11:37,5,61,20,74,11.4,997.1,1002,1.7,2.4,4,23.4,0
2016-05-08 01:16:37,5,62,19.9,74,11.4,997.1,1002,1.7,3.1,2,23.4,0
2016-05-08 01:21:37,5,62,19.9,74,11.4,997.1,1002,2,2.7,4,23.4,0
2016-05-08 01:26:37,5,62,19.9,74,11.3,997.2,1002.1,2,3.1,2,23.4,0
2016-05-08 01:31:37,5,62,19.9,74,11.3,997.1,1002,1.4,2.7,4,23.7,0
2016-05-08 01:36:37,5,62,19.9,74,11.3,997,1001.9,1,1.7,0,23.7,0
2016-05-08 01:41:37,5,62,19.9,74,11.3,997.3,1002.2,1.7,2.7,2,23.7,0
2016-05-08 01:46:37,5,62,19.9,74,11.4,997.1,1002,2.4,3.1,2,23.7,0
2016-05-08 01:51:37,5,62,19.9,74,11.4,997.1,1002,1.7,3.1,4,23.7,0
2016-05-08 01:56:37,5,62,19.9,74,11.4,997,1001.9,1.4,2.7,4,23.7,0
2016-05-08 02:01:37,5,62,19.9,74,11.4,997.1,1002,1.4,2.7,2,23.7,0
2016-05-08 02:06:37,5,62,19.9,74,11.4,997.1,1002,2.4,3.7,10,23.7,0
2016-05-08 02:11:37,5,62,19.8,74,11.4,997.1,1002,1,1.7,2,23.7,0
2016-05-08 02:16:37,5,62,19.8,74,11.4,997.4,1002.3,2,3.4,0,23.7,0
2016-05-08 02:21:37,5,62,19.8,74,11.4,997.1,1002,2,3.1,0,23.7,0
2016-05-08 02:26:37,5,62,19.8,74,11.4,997.1,1002,1,2.4,2,23.7,0
2016-05-08 02:31:37,5,62,19.8,74,11.4,997.2,1002.1,1.4,2,0,23.7,0
2016-05-08 02:36:37,5,62,19.8,74,11.4,997.3,1002.2,1.4,2.7,0,23.7,0
2016-05-08 02:41:37,5,62,19.8,74,11.4,997.1,1002,1.7,2.7,4,23.7,0
2016-05-08 02:46:37,5,62,19.8,74,11.4,997.1,1002,2,2.7,0,23.7,0
2016-05-08 02:51:37,5,62,19.7,74,11.4,997.2,1002.1,1.7,2.4,4,23.7,0
2016-05-08 02:56:37,5,62,19.7,74,11.4,997.1,1002,2.4,3.4,4,23.7,0
2016-05-08 03:01:37,5,61,19.7,74,11.4,997,1001.9,2,2.7,0,23.7,0
2016-05-08 03:06:37,5,62,19.7,74,11.4,996.9,1001.8,2.4,3.7,0,23.7,0
2016-05-08 03:11:37,5,62,19.7,74,11.5,997.1,1002,1,1.7,4,23.7,0
2016-05-08 03:16:37,5,62,19.7,74,11.5,997,1001.9,1.4,2.4,2,23.7,0
2016-05-08 03:21:37,5,62,19.7,74,11.5,997.2,1002.1,2,2.4,0,23.7,0
2016-05-08 03:26:37,5,62,19.7,74,11.5,997,1001.9,2,3.1,4,23.7,0
2016-05-08 03:31:37,5,62,19.7,74,11.5,997,1001.9,2,3.1,4,23.7,0
2016-05-08 03:36:37,5,61,19.7,74,11.5,997,1001.9,2.7,3.1,4,23.7,0
2016-05-08 03:41:37,5,61,19.7,74,11.6,996.9,1001.8,2.4,3.7,4,23.7,0
2016-05-08 03:46:37,5,61,19.7,74,11.6,996.6,1001.5,3.4,4.4,2,23.7,0
2016-05-08 03:51:37,5,62,19.7,74,11.6,996.9,1001.8,4.4,5.8,4,23.7,0
2016-05-08 03:56:37,5,61,19.7,74,11.6,996.8,1001.7,2.4,3.7,4,23.7,0
2016-05-08 04:01:37,5,61,19.7,74,11.6,996.8,1001.7,3.7,4.8,4,23.7,0
2016-05-08 04:06:37,5,61,19.7,74,11.6,996.7,1001.6,3.1,4.8,4,23.7,0
2016-05-08 04:11:37,5,61,19.7,74,11.5,996.7,1001.6,3.4,5.8,4,23.7,0
2016-05-08 04:16:37,5,61,19.6,74,11.5,996.8,1001.7,3.7,5.1,4,23.7,0
2016-05-08 04:21:37,5,61,19.7,74,11.5,996.8,1001.7,3.4,4.1,4,23.7,0
2016-05-08 04:26:37,5,61,19.7,74,11.4,996.8,1001.7,3.7,6.5,4,23.7,0
2016-05-08 04:31:37,5,61,19.6,74,11.3,997,1001.9,3.4,5.1,4,23.7,0
2016-05-08 04:36:37,5,61,19.7,74,11.3,997,1001.9,3.1,4.1,4,23.7,0
2016-05-08 04:41:37,5,61,19.6,74,11.3,997.1,1002,2,3.1,4,23.7,0
2016-05-08 04:46:37,5,61,19.6,74,11.3,997,1001.9,2.4,3.7,4,23.7,0
2016-05-08 04:51:37,5,61,19.6,74,11.3,997.2,1002.1,3.1,4.1,4,23.7,0
2016-05-08 04:56:37,5,62,19.6,74,11.3,997.3,1002.2,3.7,5.1,4,23.7,0
2016-05-08 05:01:37,5,62,19.6,74,11.2,997.2,1002.1,2.7,4.1,4,23.7,0
2016-05-08 05:06:37,5,62,19.6,73,11.2,997.3,1002.2,2.7,4.4,12,23.7,0
2016-05-08 05:11:37,5,62,19.6,73,11.2,997.2,1002.1,3.4,4.1,2,23.7,0
2016-05-08 05:16:37,5,62,19.6,73,11.1,997.2,1002.1,2.7,3.7,12,23.7,0
2016-05-08 05:21:37,5,62,19.6,73,11.1,997.2,1002.1,2.7,3.7,4,23.7,0
2016-05-08 05:26:37,5,62,19.6,73,11.1,997.2,1002.1,3.1,4.1,4,23.7,0
2016-05-08 05:31:37,5,62,19.6,73,11.1,997.3,1002.2,2.7,3.7,2,23.7,0
2016-05-08 05:36:37,5,62,19.6,73,11.1,997.2,1002.1,1.7,2.7,4,23.7,0
2016-05-08 05:41:37,5,62,19.6,73,11.1,997.3,1002.2,1.4,2,2,23.7,0
2016-05-08 05:46:37,5,62,19.6,73,11.1,997.5,1002.4,2,3.1,4,23.7,0
2016-05-08 05:51:37,5,62,19.6,73,11.1,997.5,1002.4,3.1,4.4,4,23.7,0
2016-05-08 05:56:37,5,62,19.6,73,11.1,997.5,1002.4,2.7,4.4,2,23.7,0
2016-05-08 06:01:37,5,62,19.6,73,11.1,997.5,1002.4,2,3.4,4,23.7,0
2016-05-08 06:06:37,5,62,19.6,72,11.1,997.6,1002.5,2.7,4.4,4,23.7,0
2016-05-08 06:11:37,5,62,19.6,72,11,997.6,1002.5,2.7,4.4,4,23.7,0
2016-05-08 06:16:37,5,62,19.6,72,11,997.7,1002.6,1.7,2.4,14,23.7,0
2016-05-08 06:21:37,5,62,19.6,72,11,997.7,1002.6,2,2.7,4,23.7,0
2016-05-08 06:26:37,5,62,19.6,73,10.9,997.8,1002.7,1.4,1.7,4,23.7,0
2016-05-08 06:31:37,5,62,19.6,73,10.9,997.8,1002.7,3.4,4.8,4,23.7,0
2016-05-08 06:36:37,5,62,19.6,72,11,997.8,1002.7,3.1,4.4,4,23.7,0
2016-05-08 06:41:37,5,62,19.6,72,11,997.9,1002.8,3.1,5.4,4,23.7,0
2016-05-08 06:46:37,5,62,19.6,72,11,998,1002.9,3.7,4.8,4,23.7,0
2016-05-08 06:51:37,5,62,19.6,72,11,998.1,1003,2.7,5.1,4,23.7,0
2016-05-08 06:56:37,5,62,19.6,72,11.1,998.1,1003,2.7,4.1,4,23.7,0
2016-05-08 07:01:37,5,62,19.6,72,11.3,998,1002.9,2,3.1,4,23.7,0
2016-05-08 07:06:37,5,62,19.6,72,11.4,998.2,1003.1,2.7,3.4,14,23.7,0
2016-05-08 07:11:37,5,62,19.6,72,11.4,998.3,1003.2,3.4,4.8,4,23.7,0
2016-05-08 07:16:37,5,62,19.6,72,11.4,998.3,1003.2,2.4,3.1,4,23.7,0
2016-05-08 07:21:37,5,62,19.7,72,11.5,998.3,1003.2,3.4,5.4,4,23.7,0
2016-05-08 07:26:37,5,62,19.7,72,11.5,998.3,1003.2,3.1,4.4,4,23.7,0
2016-05-08 07:31:37,5,62,19.7,71,11.6,998.3,1003.2,3.1,3.7,4,23.7,0
2016-05-08 07:36:37,5,62,19.7,71,11.8,998.3,1003.2,3.4,4.8,2,23.7,0
2016-05-08 07:41:37,5,61,19.7,71,11.8,998.5,1003.4,4.1,5.8,4,23.7,0
2016-05-08 07:46:37,5,61,19.7,71,11.8,998.5,1003.4,2.7,4.1,3,23.7,0
2016-05-08 07:51:37,5,61,19.7,71,11.7,998.5,1003.4,2,3.1,4,23.7,0
2016-05-08 07:56:37,5,61,19.7,71,11.7,998.6,1003.5,3.4,4.1,4,23.7,0
2016-05-08 08:01:37,5,61,19.7,70,11.7,998.6,1003.5,3.1,4.8,4,23.7,0
2016-05-08 08:06:37,5,61,19.8,70,11.8,998.5,1003.4,3.7,6.1,4,23.7,0
2016-05-08 08:11:37,5,61,19.8,69,11.8,998.6,1003.5,3.4,5.4,4,23.7,0
2016-05-08 08:16:37,5,61,19.8,69,11.8,998.7,1003.6,4.1,5.1,4,23.7,0
2016-05-08 08:21:37,5,61,19.8,69,11.8,998.8,1003.7,3.1,4.4,4,23.7,0
2016-05-08 08:26:37,5,61,19.8,70,11.8,998.8,1003.7,2,3.1,4,23.7,0
2016-05-08 08:31:37,5,61,19.8,70,11.9,998.7,1003.6,2.7,4.1,4,23.7,0
2016-05-08 08:36:37,5,61,19.9,70,11.9,998.6,1003.5,5.1,7.1,4,23.7,0
2016-05-08 08:41:37,5,61,19.9,69,11.9,998.6,1003.5,5.4,7.5,4,23.7,0
2016-05-08 08:46:37,5,61,19.9,68,12,998.7,1003.6,3.7,5.4,4,23.7,0
2016-05-08 08:51:37,5,61,19.9,68,12.1,998.6,1003.5,5.1,6.8,4,23.7,0
2016-05-08 08:56:37,5,60,20,67,12.1,998.6,1003.5,5.8,7.5,4,23.7,0
2016-05-08 09:01:37,5,60,20,68,12.2,998.7,1003.6,7.1,9.5,4,23.7,0
2016-05-08 09:06:37,5,60,20,67,12.3,998.7,1003.6,4.4,6.5,4,23.7,0
2016-05-08 09:11:37,5,60,20,67,12.5,998.7,1003.6,3.7,4.8,4,23.7,0
2016-05-08 09:16:37,5,60,20,67,12.5,998.7,1003.6,3.7,5.4,2,23.7,0
2016-05-08 09:21:37,5,60,20.1,67,12.8,998.7,1003.6,4.4,6.5,4,23.7,0
2016-05-08 09:26:37,5,60,20.1,66,13,998.6,1003.5,4.4,5.8,0,23.7,0
2016-05-08 09:31:37,5,60,20.1,66,12.9,998.6,1003.5,4.8,6.5,4,23.7,0
2016-05-08 09:36:37,5,60,20.1,67,13.1,998.8,1003.7,5.1,7.5,4,23.7,0
2016-05-08 09:41:37,5,60,20.1,66,13.4,998.7,1003.6,4.4,5.8,4,23.7,0
2016-05-08 09:46:37,5,60,20.1,66,13.6,998.6,1003.5,5.1,6.8,4,23.7,0
2016-05-08 09:51:37,5,60,20.1,65,13.8,998.8,1003.7,5.1,6.8,4,23.7,0
2016-05-08 09:56:37,5,60,20.1,65,13.9,998.7,1003.6,4.1,6.8,0,23.7,0
2016-05-08 10:01:37,5,60,20.1,64,14,998.8,1003.7,4.8,7.1,14,23.7,0
2016-05-08 10:06:37,5,60,20.2,63,14,998.7,1003.6,3.1,5.1,2,23.7,0
2016-05-08 10:11:37,5,60,20.2,65,13.6,998.8,1003.7,4.4,6.8,4,23.7,0
2016-05-08 10:16:37,5,60,20.2,65,13.9,998.8,1003.7,3.7,6.5,4,23.7,0
2016-05-08 10:21:37,5,60,20.2,64,14,998.9,1003.8,2.4,3.4,4,23.7,0
2016-05-08 10:26:37,5,60,20.3,64,14.3,998.8,1003.7,4.1,5.8,12,23.7,0
2016-05-08 10:31:37,5,60,20.3,64,14.6,998.9,1003.8,4.1,5.4,4,23.7,0
2016-05-08 10:36:37,5,60,20.3,64,14.7,998.7,1003.6,3.4,4.1,4,23.7,0
2016-05-08 10:41:37,5,60,20.3,63,15,998.6,1003.5,5.4,8.2,0,23.7,0
2016-05-08 10:46:37,5,60,20.3,63,15.3,998.6,1003.5,5.1,6.5,4,23.7,0
2016-05-08 10:51:37,5,60,20.3,62,15.4,998.6,1003.5,4.4,5.1,4,23.7,0
2016-05-08 10:56:37,5,60,20.3,62,15.6,998.9,1003.8,4.1,6.8,3,23.7,0
2016-05-08 11:01:37,5,60,20.3,62,15.5,998.6,1003.5,4.1,6.5,14,23.7,0
2016-05-08 11:06:37,5,60,20.3,62,15.9,998.6,1003.5,5.8,7.8,4,23.7,0
2016-05-08 11:11:37,5,60,20.3,61,16.1,998.6,1003.5,4.4,6.8,2,23.7,0
2016-05-08 11:16:37,5,60,20.3,61,15.9,998.6,1003.5,4.4,5.8,4,23.7,0
2016-05-08 11:21:37,5,60,20.4,61,16.2,998.7,1003.6,5.1,7.8,4,23.7,0
2016-05-08 11:26:37,5,60,20.4,60,16.2,998.6,1003.5,3.7,5.4,2,23.7,0
2016-05-08 11:31:37,5,60,20.4,60,16.2,998.5,1003.4,4.4,7.5,2,23.7,0
2016-05-08 11:36:37,5,60,20.4,60,16.2,998.5,1003.4,4.8,6.8,2,23.7,0
2016-05-08 11:41:37,5,60,20.4,61,16.5,998.5,1003.4,5.4,6.8,4,23.7,0
2016-05-08 11:46:37,5,60,20.5,60,16.9,998.4,1003.3,3.1,5.1,0,23.7,0
2016-05-08 11:51:37,5,60,20.5,57,17.3,998.4,1003.3,4.4,6.8,4,23.7,0
2016-05-08 11:56:37,5,60,20.5,57,17.4,998.4,1003.3,4.4,5.8,4,23.7,0
2016-05-08 12:01:37,5,60,20.5,57,17,998.4,1003.3,4.4,5.8,4,23.7,0
2016-05-08 12:06:37,5,60,20.5,59,17,998.3,1003.2,4.8,6.5,2,23.7,0
2016-05-08 12:11:37,5,60,20.5,59,16.8,998.5,1003.4,4.4,6.8,4,23.7,0
2016-05-08 12:16:37,5,60,20.5,59,16.7,998.5,1003.4,4.4,6.5,4,23.7,0
2016-05-08 12:21:37,5,60,20.6,60,16.4,998.5,1003.4,3.4,4.8,4,23.7,0
2016-05-08 12:26:37,5,60,20.5,62,16.4,998.6,1003.5,3.7,5.4,4,23.7,0
2016-05-08 12:31:37,5,60,20.6,61,16.5,998.6,1003.5,5.1,7.1,4,23.7,0
2016-05-08 12:36:37,5,60,20.6,61,16.7,998.6,1003.5,2,3.1,2,23.7,0
2016-05-08 12:41:37,5,60,20.6,60,17.1,998.6,1003.5,3.7,5.1,4,23.7,0
2016-05-08 12:46:37,5,60,20.6,61,16.8,998.8,1003.7,4.1,6.5,1,23.7,0
2016-05-08 12:51:37,5,60,20.6,61,16.7,998.9,1003.8,4.8,6.8,4,23.7,0
2016-05-08 12:56:37,5,60,20.6,60,17,998.7,1003.6,4.4,5.1,4,23.7,0
2016-05-08 13:01:37,5,60,20.6,60,17.5,998.7,1003.6,5.1,7.8,4,23.7,0
2016-05-08 13:06:37,5,60,20.6,59,17.4,998.6,1003.5,5.1,6.8,4,23.7,0
2016-05-08 13:11:37,5,60,20.6,60,17.3,998.8,1003.7,4.4,6.1,4,23.7,0
2016-05-08 13:16:37,5,60,20.6,60,17.4,998.7,1003.6,4.1,5.1,2,23.7,0
2016-05-08 13:21:37,5,60,20.6,60,17.2,998.9,1003.8,3.7,6.1,4,23.7,0
2016-05-08 13:26:37,5,60,20.6,61,17,998.7,1003.6,3.7,5.1,4,23.7,0
2016-05-08 13:31:37,5,60,20.6,61,17,998.8,1003.7,3.7,4.8,4,23.7,0
2016-05-08 13:36:37,5,60,20.6,61,17.1,998.7,1003.6,3.4,5.8,4,23.7,0
2016-05-08 13:41:37,5,60,20.6,61,17.2,998.7,1003.6,3.4,4.4,4,23.7,0
2016-05-08 13:46:37,5,60,20.7,61,17.5,998.6,1003.5,3.1,4.1,4,23.7,0
2016-05-08 13:51:37,5,60,20.7,60,17.7,998.4,1003.3,3.7,5.1,0,23.7,0
2016-05-08 13:56:37,5,60,20.7,60,17.9,998.4,1003.3,3.1,4.8,4,23.7,0
2016-05-08 14:01:37,5,60,20.7,58,17.7,998.4,1003.3,2.4,5.1,0,23.7,0
2016-05-08 14:06:37,5,60,20.7,59,17.7,998.4,1003.3,3.4,5.1,4,23.7,0
2016-05-08 14:11:37,5,60,20.7,58,17.9,998.4,1003.3,4.1,6.5,4,23.7,0
2016-05-08 14:16:37,5,60,20.7,58,18,998.4,1003.3,2.7,3.7,4,23.7,0
2016-05-08 14:21:37,5,60,20.8,58,18.6,998.3,1003.2,4.4,6.8,2,23.7,0
2016-05-08 14:26:37,5,60,20.8,56,19.3,998.3,1003.2,5.8,7.8,4,23.7,0
2016-05-08 14:31:37,5,60,20.8,55,19.5,998.3,1003.2,5.8,11.6,2,23.7,0
2016-05-08 14:36:37,5,60,20.9,54,19.7,998.1,1003,5.1,8.2,4,23.7,0
2016-05-08 14:41:37,5,59,21,54,19.6,998.1,1003,3.4,4.4,2,23.7,0
2016-05-08 14:46:37,5,59,21,53,20.4,998.1,1003,2,3.4,0,23.7,0
2016-05-08 14:51:37,5,59,21.2,51,20.1,998,1002.9,3.1,5.1,2,23.7,0
2016-05-08 14:56:37,5,59,21.2,53,20.1,998,1002.9,3.4,4.8,0,23.7,0
2016-05-08 15:01:37,5,59,21.2,53,20,997.8,1002.7,4.4,6.5,2,23.7,0
2016-05-08 15:06:37,5,59,21.2,53,20.1,997.9,1002.8,4.1,6.5,2,23.7,0
2016-05-08 15:11:37,5,59,21.2,52,20.4,997.9,1002.8,3.1,4.8,2,23.7,0
2016-05-08 15:16:37,5,59,21.3,52,20.1,997.9,1002.8,3.4,4.8,4,23.7,0
2016-05-08 15:21:37,5,59,21.5,52,20.1,997.8,1002.7,3.1,5.4,14,23.7,0
2016-05-08 15:26:37,5,59,21.5,53,19.9,997.9,1002.8,3.4,5.8,2,23.7,0
2016-05-08 15:31:37,5,59,21.6,51,20.1,997.8,1002.7,3.4,4.1,2,23.7,0
2016-05-08 15:36:37,5,59,21.5,51,20.2,997.7,1002.6,3.1,4.4,8,23.7,0
2016-05-08 15:41:37,5,59,21.6,51,20.7,997.8,1002.7,3.1,4.4,4,23.7,0
2016-05-08 15:46:37,5,59,21.6,48,21.4,997.6,1002.5,3.1,3.7,2,23.7,0
2016-05-08 15:51:37,5,59,21.7,48,21.2,997.7,1002.6,4.1,5.8,0,23.7,0
2016-05-08 15:56:37,5,59,21.9,52,20.4,997.6,1002.5,3.7,6.1,2,23.7,0
2016-05-08 16:01:37,5,59,21.9,52,20.3,997.7,1002.6,3.7,4.8,2,23.7,0
2016-05-08 16:06:37,5,59,21.9,52,20.3,997.8,1002.7,3.1,3.7,0,23.7,0
2016-05-08 16:11:37,5,59,21.9,53,20.1,997.6,1002.5,4.4,6.8,0,23.7,0
2016-05-08 16:16:37,5,59,21.9,53,20.2,997.3,1002.2,5.8,7.5,0,23.7,0
2016-05-08 16:21:37,5,58,22,53,20.4,997.4,1002.3,5.8,7.8,0,23.7,0
2016-05-08 16:26:37,5,58,22,53,20.1,997.6,1002.5,3.7,5.8,2,23.7,0
2016-05-08 16:31:37,5,58,22,53,20.1,997.3,1002.2,2.7,4.4,2,23.7,0
2016-05-08 16:36:37,5,58,21.9,53,20,997.3,1002.2,4.1,5.1,4,23.7,0
2016-05-08 16:41:37,5,58,21.9,53,20,997.1,1002,3.1,4.8,2,23.7,0
2016-05-08 16:46:37,5,58,21.9,54,19.8,997.2,1002.1,5.4,7.1,2,23.7,0
2016-05-08 16:51:37,5,58,21.9,55,19.5,997.5,1002.4,4.4,6.5,0,23.7,0
2016-05-08 16:56:37,5,58,21.7,55,19.4,997.4,1002.3,6.5,8.8,2,23.7,0
2016-05-08 17:01:37,5,58,21.7,56,19.3,997.5,1002.4,5.4,6.8,2,23.7,0
2016-05-08 17:06:37,5,58,21.7,56,19,997.5,1002.4,5.4,8.2,2,23.7,0
2016-05-08 17:11:37,5,58,21.6,57,19,997.6,1002.5,4.1,7.1,2,23.7,0
2016-05-08 17:16:37,5,58,21.6,57,19,997.4,1002.3,4.1,5.8,2,23.7,0
2016-05-08 17:21:37,5,58,21.5,57,19.2,997.7,1002.6,3.7,4.8,2,23.7,0
2016-05-08 17:26:37,5,58,21.5,57,19.3,997.5,1002.4,3.7,4.8,0,23.7,0
2016-05-08 17:31:37,5,58,21.5,57,19.3,997.4,1002.3,3.1,4.1,4,23.7,0
2016-05-08 17:36:37,5,59,21.5,56,19.9,997.3,1002.2,3.4,4.4,2,23.7,0
2016-05-08 17:41:37,5,59,21.5,54,20.1,997.5,1002.4,3.4,6.5,0,23.7,0
2016-05-08 17:46:37,5,59,21.6,54,20,997.6,1002.5,4.4,5.8,2,23.7,0
2016-05-08 17:51:37,5,59,21.6,56,19.6,997.5,1002.4,4.1,5.4,2,23.7,0
2016-05-08 17:56:37,5,59,21.6,56,19.5,997.5,1002.4,4.8,6.1,2,23.7,0
2016-05-08 18:01:37,5,59,21.6,56,19.5,997.5,1002.4,4.1,6.1,0,23.7,0
2016-05-08 18:06:37,5,59,21.6,57,19.6,997.4,1002.3,2.4,3.7,2,23.7,0
2016-05-08 18:11:37,5,59,21.6,56,19.7,997.7,1002.6,4.4,5.4,2,23.7,0
2016-05-08 18:16:37,5,59,21.6,56,19.8,997.7,1002.6,2.7,3.4,0,23.7,0
2016-05-08 18:21:37,5,59,21.6,56,19.8,997.6,1002.5,2.4,3.4,2,23.7,0
2016-05-08 18:26:37,5,59,21.6,55,20,997.8,1002.7,4.1,6.5,4,23.7,0
2016-05-08 18:31:37,5,59,21.7,55,20,997.8,1002.7,3.1,4.8,4,23.7,0
2016-05-08 18:36:37,5,59,21.8,56,19.6,997.9,1002.8,2.7,4.1,4,23.7,0
2016-05-08 18:41:37,5,58,22,56,19.4,997.1,1002,3.1,4.8,0,23.7,0
2016-05-08 18:46:37,5,58,22.3,56,19.3,997.9,1002.8,2,3.4,1,23.7,0
2016-05-08 18:51:37,5,58,22.5,56,19.2,997.1,1002,2.4,3.4,0,23.7,0
2016-05-08 18:56:37,5,58,22.8,56,19.2,998.1,1003,1.7,2.7,2,23.7,0
2016-05-08 19:01:37,5,57,22.9,56,19,998.2,1003.1,2,3.4,4,23.7,0
2016-05-08 19:06:37,5,57,22.7,57,18.8,998.1,1003,3.1,4.1,4,23.7,0
2016-05-08 19:11:37,5,57,22.6,56,18.8,998.2,1003.1,5.4,6.5,4,23.7,0
2016-05-08 19:16:37,5,57,22.4,56,18.8,998.2,1003.1,3.4,4.4,4,23.7,0
2016-05-08 19:21:37,5,57,22.3,56,18.7,998.4,1003.3,3.4,5.1,4,23.7,0
2016-05-08 19:26:37,5,57,22.2,56,18.7,998.5,1003.4,3.7,5.1,4,23.7,0
2016-05-08 19:31:37,5,57,22.1,56,18.5,998.6,1003.5,4.8,6.1,4,23.7,0
2016-05-08 19:36:37,5,57,22,56,18.5,998.8,1003.7,3.7,5.4,4,23.7,0
2016-05-08 19:41:37,5,57,22,56,18.4,998.8,1003.7,5.1,6.5,4,23.7,0
2016-05-08 19:46:37,5,58,21.9,56,18.2,998.8,1003.7,3.1,4.1,14,23.7,0
2016-05-08 19:51:37,5,58,21.9,56,18,998.7,1003.6,2.7,3.7,4,23.7,0
2016-05-08 19:56:37,5,59,21.7,55,17.8,999,1003.9,3.1,5.1,4,23.7,0
2016-05-08 20:01:37,5,59,21.6,55,17.6,999,1003.9,2.7,3.7,4,23.7,0
2016-05-08 20:06:37,5,59,21.6,55,17.5,999.1,1004,2.7,3.7,4,23.7,0
2016-05-08 20:11:37,5,59,21.5,55,17.3,999.1,1004,4.1,5.8,4,23.7,0
2016-05-08 20:16:37,5,59,21.5,54,17.2,999.2,1004.1,4.1,5.1,4,23.7,0
2016-05-08 20:21:37,5,59,21.5,54,17.1,999.4,1004.3,2.7,3.7,4,23.7,0
2016-05-08 20:26:36,5,59,21.5,55,16.9,999.3,1004.2,3.7,5.4,4,23.7,0
2016-05-08 20:31:36,5,59,21.3,55,16.8,999.6,1004.5,2.7,4.4,4,23.7,0
2016-05-08 20:36:36,5,59,21.3,55,16.5,999.8,1004.7,2,3.1,4,23.7,0
2016-05-08 20:41:36,5,59,21.2,56,16.3,999.7,1004.6,2,2.7,4,23.7,0
2016-05-08 20:46:36,5,59,21.2,56,16.2,999.8,1004.7,2,2.7,3,23.7,0
2016-05-08 20:51:36,5,59,21.2,57,16.1,999.8,1004.7,1,1.7,4,23.7,0
2016-05-08 20:56:36,5,59,21.2,56,16,999.8,1004.7,1.7,2.4,12,23.7,0
2016-05-08 21:01:36,5,60,21.3,55,16,999.9,1004.8,1.4,2.4,2,23.7,0
2016-05-08 21:06:36,5,60,21.3,56,15.9,999.9,1004.8,1.4,2.4,2,23.7,0
2016-05-08 21:11:36,5,60,21.3,56,15.8,1000,1004.9,1.7,2.4,4,23.7,0
2016-05-08 21:16:36,5,60,21.2,56,15.7,1000.1,1005,2,3.4,4,23.7,0
2016-05-08 21:21:36,5,60,21.2,56,15.7,1000.1,1005,1.7,2.4,15,23.7,0
2016-05-08 21:26:36,5,60,21.2,56,15.7,1000.1,1005,1.4,2.4,4,23.7,0
2016-05-08 21:31:36,5,61,21.2,56,15.6,1000.2,1005.1,1.4,2.4,4,23.7,0
2016-05-08 21:36:36,5,61,21.2,56,15.4,1000.3,1005.2,1.4,2,2,23.7,0
2016-05-08 21:41:36,5,61,21.2,57,15.3,1000.3,1005.2,1.4,2,1,23.7,0
2016-05-08 21:46:36,5,61,21.1,57,15.3,1000.3,1005.2,1,2,2,23.7,0
2016-05-08 21:51:36,5,61,21.1,57,15.3,1000.3,1005.2,1.4,1.7,0,23.7,0
2016-05-08 21:56:36,5,61,21.1,57,15.2,1000.3,1005.2,1.7,2.7,0,23.7,0
2016-05-08 22:01:36,5,61,21.1,57,15.1,1000.3,1005.2,1.7,2.4,4,23.7,0
2016-05-08 22:06:36,5,61,21.1,57,15,1000.3,1005.2,1,2,4,23.7,0
2016-05-08 22:11:36,5,61,21.1,57,15,1000.2,1005.1,1.4,2,12,23.7,0
2016-05-08 22:16:36,5,61,21.1,57,15.1,1000.2,1005.1,2,3.1,4,23.7,0
2016-05-08 22:21:36,5,61,21.1,56,15.2,1000.1,1005,0.7,1,2,23.7,0
2016-05-08 22:26:36,5,61,21.1,56,15.2,1000.1,1005,1.4,2,0,23.7,0
2016-05-08 22:31:36,5,61,21.1,56,15.1,1000.2,1005.1,2,2.7,4,23.7,0
2016-05-08 22:36:36,5,61,21.1,56,15.1,1000.3,1005.2,1,2,0,23.7,0
2016-05-08 22:41:36,5,61,21.1,57,15,1000.3,1005.2,1,1.7,0,23.7,0
2016-05-08 22:46:36,5,61,21.1,59,14.4,1000.3,1005.2,1,1.7,0,23.7,0
2016-05-08 22:51:36,5,61,21.1,60,14.2,1000.2,1005.1,1.4,2,2,23.7,0
2016-05-08 22:56:36,5,61,21,60,14.1,1000.3,1005.2,1.7,2.4,0,23.7,0
2016-05-08 23:01:36,5,61,21,60,14.2,1000.2,1005.1,1.4,1.7,2,23.7,0
2016-05-08 23:06:36,5,61,21,60,14.2,1000.4,1005.3,1.4,2,2,23.7,0
2016-05-08 23:11:36,5,61,21,60,14.2,1000.2,1005.1,1.7,2.4,0,23.7,0
2016-05-08 23:16:36,5,61,21,60,14.3,1000.4,1005.3,1,1.4,2,23.7,0
2016-05-08 23:21:36,5,61,21,60,14.3,1000.3,1005.2,1.7,2,0,23.7,0
2016-05-08 23:26:36,5,62,20.9,61,14.3,1000.5,1005.4,1.7,2.4,2,23.7,0
2016-05-08 23:31:36,5,62,20.9,64,14.3,1000.4,1005.3,2,3.1,2,23.7,0
2016-05-08 23:36:36,5,62,20.9,65,14.3,1000.4,1005.3,2,2.4,0,23.7,0
2016-05-08 23:41:36,5,62,20.9,65,14.2,1000.4,1005.3,1.7,2.7,2,23.7,0
2016-05-08 23:46:36,5,62,20.8,66,14.3,1000.2,1005.1,2.7,3.4,2,23.7,0
2016-05-08 23:51:36,5,62,20.9,67,14.3,1000.1,1005,2,2.7,2,23.7,0
2016-05-08 23:56:36,5,62,20.8,67,14.3,1000.1,1005,2.4,3.1,2,23.7,0
