2016-05-09 00:01:36,5,62,20.8,67,14.3,1000,1004.9,2.7,3.4,2,23.7,0
2016-05-09 00:06:36,5,62,20.8,67,14.2,1000.2,1005.1,2,3.1,0,23.7,0
2016-05-09 00:11:36,5,62,20.8,67,14.1,1000.1,1005,2.4,3.4,2,23.7,0
2016-05-09 00:16:36,5,62,20.8,67,14,1000.3,1005.2,3.1,4.1,2,23.7,0
2016-05-09 00:21:36,5,62,20.8,67,14,1000.3,1005.2,2.7,3.7,2,23.7,0
2016-05-09 00:26:36,5,62,20.8,67,14,1000.2,1005.1,2.7,3.4,4,23.7,0
2016-05-09 00:31:36,5,61,20.7,68,13.8,1000.3,1005.2,2.4,3.4,2,23.7,0
2016-05-09 00:36:36,5,62,20.7,69,13.7,1000.3,1005.2,2.4,3.7,11,23.7,0
2016-05-09 00:41:36,5,61,20.7,69,13.6,1000.4,1005.3,2.7,3.4,4,23.7,0
2016-05-09 00:46:36,5,61,20.7,69,13.5,1000.4,1005.3,2.4,3.1,2,23.7,0
2016-05-09 00:51:36,5,61,20.7,68,13.5,1000.3,1005.2,1.7,2.4,2,23.7,0
2016-05-09 00:56:36,5,61,20.7,68,13.5,1000.4,1005.3,1.7,2.7,2,23.7,0
2016-05-09 01:01:36,5,61,20.6,68,13.4,1000.3,1005.2,2.4,3.1,2,23.7,0
2016-05-09 01:06:36,5,61,20.6,68,13.5,1000.3,1005.2,2.7,3.7,2,23.7,0
2016-05-09 01:11:36,5,61,20.6,68,13.5,1000.3,1005.2,1.4,2,0,23.7,0
2016-05-09 01:16:36,5,61,20.6,67,13.5,1000.2,1005.1,2.4,3.7,2,23.7,0
2016-05-09 01:21:36,5,61,20.6,67,13.6,1000.3,1005.2,2.4,3.1,2,23.7,0
2016-05-09 01:26:36,5,61,20.5,67,13.6,1000.2,1005.1,2.4,3.7,2,23.7,0
2016-05-09 01:31:36,5,61,20.6,67,13.6,1000.1,1005,1.7,2.7,0,23.7,0
2016-05-09 01:36:36,5,61,20.6,67,13.7,1000.3,1005.2,2,3.1,2,23.7,0
2016-05-09 01:41:36,5,61,20.5,66,13.7,1000.2,1005.1,2.7,4.4,0,23.7,0
2016-05-09 01:46:36,5,61,20.5,66,13.8,1000.2,1005.1,3.4,4.4,2,23.7,0
2016-05-09 01:51:36,5,61,20.5,66,13.8,1000.1,1005,1.7,2.7,0,23.7,0
2016-05-09 01:56:36,5,61,20.5,66,13.9,1000.2,1005.1,2,2.7,2,23.7,0
2016-05-09 02:01:36,5,61,20.5,66,13.7,1000.3,1005.2,2.4,3.4,0,23.7,0
2016-05-09 02:06:36,5,61,20.5,66,13.5,1000.3,1005.2,3.1,4.1,2,23.7,0
2016-05-09 02:11:36,5,61,20.5,66,13.3,1000.3,1005.2,2,3.1,0,23.7,0
2016-05-09 02:16:36,5,61,20.5,66,13.2,1000.3,1005.2,2,2.7,2,23.7,0
2016-05-09 02:21:36,5,61,20.5,66,13.1,1000.2,1005.1,2,3.4,2,23.7,0
2016-05-09 02:26:36,5,61,20.4,66,13.1,1000.2,1005.1,3.4,3.7,2,23.7,0
2016-05-09 02:31:36,5,61,20.4,65,13.2,1000.3,1005.2,2.7,4.4,11,23.7,0
2016-05-09 02:36:36,5,61,20.4,65,13.3,1000.2,1005.1,3.7,5.4,0,23.7,0
2016-05-09 02:41:36,5,61,20.4,65,13.4,1000.2,1005.1,3.4,4.1,2,23.7,0
2016-05-09 02:46:36,5,61,20.4,64,13.5,1000.2,1005.1,3.4,4.4,2,23.7,0
2016-05-09 02:51:36,5,61,20.4,64,13.5,1000.2,1005.1,3.4,4.8,0,23.7,0
2016-05-09 02:56:36,5,61,20.3,64,13.5,1000.1,1005,4.4,5.8,2,23.7,0
2016-05-09 03:01:36,5,61,20.3,64,13.4,1000.3,1005.2,3.1,4.4,2,23.7,0
2016-05-09 03:06:36,5,61,20.4,64,13.4,1000.2,1005.1,3.1,4.1,2,23.7,0
2016-05-09 03:11:36,5,61,20.3,64,13.3,1000.2,1005.1,3.7,4.8,11,23.7,0
2016-05-09 03:16:36,5,61,20.3,64,13.3,1000.2,1005.1,3.1,4.4,2,23.7,0
2016-05-09 03:21:36,5,61,20.3,64,13.3,1000,1004.9,3.4,4.1,2,23.7,0
2016-05-09 03:26:36,5,61,20.3,64,13.1,1000.3,1005.2,2,2.7,2,23.7,0
2016-05-09 03:31:36,5,61,20.3,64,12.9,1000.5,1005.4,3.1,4.1,0,23.7,0
2016-05-09 03:36:36,5,61,20.3,65,13.1,1000.3,1005.2,2,2.7,2,23.7,0
2016-05-09 03:41:36,5,61,20.3,65,13.1,1000.3,1005.2,2.7,4.1,2,23.7,0
2016-05-09 03:46:36,5,61,20.3,64,13.3,1000.5,1005.4,2,3.1,0,23.7,0
2016-05-09 03:51:36,5,61,20.3,64,13.4,1000.3,1005.2,3.4,4.8,13,23.7,0
2016-05-09 03:56:36,5,61,20.3,64,13.4,1000.5,1005.4,1.7,2.7,4,23.7,0
2016-05-09 04:01:36,5,61,20.3,64,13.5,1000.4,1005.3,1.7,2.7,1,23.7,0
2016-05-09 04:06:36,5,61,20.3,64,13.5,1000.5,1005.4,2,3.1,4,23.7,0
2016-05-09 04:11:36,5,61,20.2,64,13.5,1000.4,1005.3,1.7,2.7,0,23.7,0
2016-05-09 04:16:36,5,61,20.2,64,13.4,1000.5,1005.4,1.7,3.1,2,23.7,0
2016-05-09 04:21:36,5,61,20.2,64,13.4,1000.4,1005.3,0.7,1.7,0,23.7,0
2016-05-09 04:26:36,5,61,20.2,64,13.3,1000.6,1005.5,0.7,1.4,4,23.7,0
2016-05-09 04:31:36,5,61,20.2,64,13.1,1000.7,1005.6,0.7,1,4,23.7,0
2016-05-09 04:36:36,5,61,20.2,65,13,1000.7,1005.6,1,2,4,23.7,0
2016-05-09 04:41:36,5,61,20.2,65,13,1000.8,1005.7,1,2,0,23.7,0
2016-05-09 04:46:36,5,61,20.2,65,13.2,1000.9,1005.8,1,1.7,4,23.7,0
2016-05-09 04:51:36,5,61,20.2,65,13.3,1000.8,1005.7,1.4,2,0,23.7,0
2016-05-09 04:56:36,5,61,20.2,65,13.3,1000.9,1005.8,1.4,1.7,2,23.7,0
2016-05-09 05:01:36,5,61,20.2,65,13.3,1001,1005.9,1,2,2,23.7,0
2016-05-09 05:06:36,5,61,20.2,65,13.3,1001,1005.9,1,1.4,0,23.7,0
2016-05-09 05:11:36,5,61,20.2,65,13.3,1001.1,1006,2.7,3.4,2,23.7,0
2016-05-09 05:16:36,5,61,20.2,65,13.3,1000.9,1005.8,3.1,4.1,2,23.7,0
2016-05-09 05:21:36,5,61,20.2,65,13.3,1000.9,1005.8,3.1,4.4,2,23.7,0
2016-05-09 05:26:36,5,61,20.1,65,13.3,1001,1005.9,2,2.7,2,23.7,0
2016-05-09 05:31:36,5,61,20.1,65,13.4,1001,1005.9,3.4,4.8,2,23.7,0
2016-05-09 05:36:36,5,61,20.1,65,13.4,1001.1,1006,2.7,3.7,2,23.7,0
2016-05-09 05:41:36,5,61,20.1,65,13.4,1001.2,1006.1,2.7,3.7,0,23.7,0
2016-05-09 05:46:36,5,61,20.1,65,13.4,1001.3,1006.2,3.4,4.1,1,23.7,0
2016-05-09 05:51:36,5,61,20.1,65,13.4,1001.3,1006.2,3.7,5.1,2,23.7,0
2016-05-09 05:56:36,5,61,20.1,65,13.5,1001.3,1006.2,4.1,5.4,0,23.7,0
2016-05-09 06:01:36,5,61,20.1,65,13.5,1001.3,1006.2,4.1,5.1,2,23.7,0
2016-05-09 06:06:36,5,61,20.1,65,13.5,1001.5,1006.4,4.4,5.8,4,23.7,0
2016-05-09 06:11:36,5,61,20.1,65,13.5,1001.4,1006.3,3.4,5.4,2,23.7,0
2016-05-09 06:16:36,5,61,20.1,65,13.4,1001.5,1006.4,3.4,4.8,2,23.7,0
2016-05-09 06:21:36,5,61,20.1,65,13.5,1001.3,1006.2,4.4,5.4,2,23.7,0
2016-05-09 06:26:36,5,61,20.1,65,13.4,1001.4,1006.3,4.1,5.4,1,23.7,0
2016-05-09 06:31:36,5,61,20.1,65,13.4,1001.4,1006.3,4.4,5.8,2,23.7,0
2016-05-09 06:36:36,5,61,20.1,65,13.4,1001.4,1006.3,4.1,5.1,2,23.7,0
2016-05-09 06:41:36,5,61,20.1,66,13.5,1001.5,1006.4,3.4,4.8,2,23.7,0
2016-05-09 06:46:36,5,61,20.1,66,13.5,1001.5,1006.4,4.8,6.5,2,23.7,0
2016-05-09 06:51:36,5,61,20.1,65,13.6,1001.5,1006.4,3.7,5.4,2,23.7,0
2016-05-09 06:56:36,5,61,20.1,65,13.6,1001.7,1006.6,3.7,5.8,4,23.7,0
2016-05-09 07:01:36,5,61,20.1,66,13.6,1001.5,1006.4,3.4,4.4,0,23.7,0
2016-05-09 07:06:36,5,61,20.1,66,13.6,1001.7,1006.6,4.1,4.8,0,23.7,0
2016-05-09 07:11:36,5,61,20.1,66,13.6,1001.9,1006.8,3.7,5.4,0,23.7,0
2016-05-09 07:16:36,5,61,20.2,66,13.7,1001.8,1006.7,3.4,4.8,2,23.7,0
2016-05-09 07:21:36,5,61,20.2,66,13.7,1001.9,1006.8,3.7,5.8,2,23.7,0
2016-05-09 07:26:36,5,61,20.2,66,13.8,1001.9,1006.8,4.8,6.1,2,23.7,0
2016-05-09 07:31:36,5,61,20.2,66,13.8,1001.8,1006.7,5.1,6.1,2,23.7,0
2016-05-09 07:36:36,5,61,20.2,66,13.9,1001.9,1006.8,4.1,5.4,2,23.7,0
2016-05-09 07:41:36,5,61,20.3,65,14,1001.9,1006.8,3.1,5.1,2,23.7,0
2016-05-09 07:46:36,5,61,20.2,64,14.1,1002.1,1007,3.7,4.8,4,23.7,0
2016-05-09 07:51:36,5,61,20.3,64,14.2,1001.9,1006.8,3.1,4.8,2,23.7,0
2016-05-09 07:56:36,5,61,20.3,64,14.2,1002.1,1007,2.7,4.8,0,23.7,0
2016-05-09 08:01:36,5,61,20.3,64,14.3,1002,1006.9,4.1,5.8,2,23.7,0
2016-05-09 08:06:36,5,61,20.3,64,14.4,1002,1006.9,4.4,5.4,2,23.7,0
2016-05-09 08:11:36,5,61,20.3,64,14.4,1002,1006.9,3.4,5.1,2,23.7,0
2016-05-09 08:16:36,5,61,20.3,64,14.5,1002.1,1007,3.7,4.8,2,23.7,0
2016-05-09 08:21:36,5,61,20.3,64,14.5,1002.1,1007,4.1,5.1,2,23.7,0
2016-05-09 08:26:36,5,61,20.4,64,14.7,1002.3,1007.2,4.1,5.1,2,23.7,0
2016-05-09 08:31:36,5,61,20.3,64,14.8,1002.3,1007.2,2.4,3.4,2,23.7,0
2016-05-09 08:36:36,5,61,20.4,63,15.1,1002.4,1007.3,3.7,4.4,0,23.7,0
2016-05-09 08:41:36,5,61,20.4,63,15.3,1002.3,1007.2,2.7,4.1,4,23.7,0
2016-05-09 08:46:36,5,61,20.4,62,15.4,1002.3,1007.2,3.4,4.4,0,23.7,0
2016-05-09 08:51:36,5,61,20.5,63,15.5,1002.3,1007.2,3.7,4.8,2,23.7,0
2016-05-09 08:56:36,5,61,20.5,62,15.6,1002.3,1007.2,3.7,4.8,1,23.7,0
2016-05-09 09:01:36,5,61,20.5,62,15.8,1002.3,1007.2,6.1,7.8,2,23.7,0
2016-05-09 09:06:36,5,61,20.5,59,16,1002.4,1007.3,4.4,6.8,1,23.7,0
2016-05-09 09:11:36,5,61,20.6,59,16.3,1002.3,1007.2,5.4,6.8,2,23.7,0
2016-05-09 09:16:36,5,61,20.6,58,16.5,1002.3,1007.2,5.8,6.8,15,23.7,0
2016-05-09 09:21:36,5,61,20.6,58,16.5,1002.4,1007.3,4.4,6.5,4,23.7,0
2016-05-09 09:26:36,5,61,20.6,57,16.4,1002.3,1007.2,6.1,8.8,2,23.7,0
2016-05-09 09:31:36,5,61,20.6,58,16.4,1002.4,1007.3,6.5,8.2,2,23.7,0
2016-05-09 09:36:36,5,61,20.7,58,16.3,1002.3,1007.2,4.1,4.8,0,23.7,0
2016-05-09 09:41:36,5,61,20.7,58,16.5,1002.4,1007.3,3.4,7.1,1,23.7,0
2016-05-09 09:46:36,5,61,20.7,57,16.5,1002.2,1007.1,4.8,5.8,2,23.7,0
2016-05-09 09:51:36,5,61,20.7,58,16.7,1002.4,1007.3,3.7,5.1,2,23.7,0
2016-05-09 09:56:36,5,61,20.7,58,16.7,1002.5,1007.4,5.1,6.1,2,23.7,0
2016-05-09 10:01:36,5,61,20.7,57,16.8,1002.5,1007.4,3.7,6.5,2,23.7,0
2016-05-09 10:06:36,5,61,20.8,57,16.9,1002.4,1007.3,3.1,4.4,2,23.7,0
2016-05-09 10:11:36,5,61,20.8,56,17.3,1002.5,1007.4,2.4,3.1,0,23.7,0
2016-05-09 10:16:36,5,61,20.8,54,17.8,1002.4,1007.3,4.1,5.4,4,23.7,0
2016-05-09 10:21:36,5,61,20.9,54,17.9,1002.5,1007.4,4.1,6.1,2,23.7,0
2016-05-09 10:26:36,5,61,20.8,55,17.9,1002.6,1007.5,3.1,4.1,2,23.7,0
2016-05-09 10:31:36,5,61,20.9,55,18.2,1002.5,1007.4,3.1,5.4,0,23.7,0
2016-05-09 10:36:36,5,61,20.9,55,18.3,1002.4,1007.3,5.4,7.1,0,23.7,0
2016-05-09 10:41:36,5,60,21,55,18,1002.7,1007.6,3.1,4.8,2,23.7,0
2016-05-09 10:46:36,5,61,20.9,55,17.7,1002.8,1007.7,3.7,4.8,0,23.7,0
2016-05-09 10:51:36,5,60,21,56,17.4,1002.4,1007.3,5.4,8.2,0,23.7,0
2016-05-09 10:56:36,5,61,20.9,56,17.5,1002.2,1007.1,4.8,6.5,2,23.7,0
2016-05-09 11:01:36,5,60,21,57,17.7,1002.5,1007.4,5.1,6.5,0,23.7,0
2016-05-09 11:06:36,5,60,21,56,17.8,1002.5,1007.4,5.8,7.8,2,23.7,0
2016-05-09 11:11:36,5,60,21,55,17.5,1002.5,1007.4,4.8,6.5,0,23.7,0
2016-05-09 11:16:36,5,60,21,56,17.6,1002.6,1007.5,5.1,6.8,0,23.7,0
2016-05-09 11:21:36,5,60,21.1,57,18,1002.4,1007.3,5.1,7.5,2,23.7,0
2016-05-09 11:26:36,5,60,21.1,56,18,1002.5,1007.4,4.1,5.8,4,23.7,0
2016-05-09 11:31:36,5,60,21.1,56,18,1002.6,1007.5,4.1,5.4,2,23.7,0
2016-05-09 11:36:36,5,60,21.1,56,18,1002.6,1007.5,4.1,5.8,0,23.7,0
2016-05-09 11:41:36,5,60,21.1,55,18,1002.4,1007.3,4.1,5.1,2,23.7,0
2016-05-09 11:46:36,5,60,21.2,56,18,1002.5,1007.4,2.7,4.1,2,23.7,0
2016-05-09 11:51:36,5,60,21.2,55,18.2,1002.5,1007.4,4.4,7.5,2,23.7,0
2016-05-09 11:56:36,5,60,21.2,55,18.3,1002.5,1007.4,4.8,8.2,0,23.7,0
2016-05-09 12:01:36,5,60,21.2,55,18.6,1002.4,1007.3,3.1,4.1,13,23.7,0
2016-05-09 12:06:36,5,60,21.2,54,18.8,1002.4,1007.3,6.5,8.2,2,23.7,0
2016-05-09 12:11:36,5,60,21.3,54,18.9,1002.5,1007.4,4.4,6.5,2,23.7,0
2016-05-09 12:16:36,5,60,21.2,53,19,1002.3,1007.2,5.4,8.2,15,23.7,0
2016-05-09 12:21:36,5,59,21.2,52,19,1002.5,1007.4,5.1,6.8,11,23.7,0
2016-05-09 12:26:36,5,59,21.2,53,19,1002.3,1007.2,5.8,7.8,2,23.7,0
2016-05-09 12:31:36,5,59,21.2,54,19.2,1002.3,1007.2,6.1,7.5,2,23.7,0
2016-05-09 12:36:36,5,59,21.2,53,19,1002.4,1007.3,6.8,9.2,2,23.7,0
2016-05-09 12:41:36,5,59,21.2,51,19.2,1002.5,1007.4,5.4,6.8,0,23.7,0
2016-05-09 12:46:36,5,59,21.2,52,19,1002.4,1007.3,8.2,9.2,2,23.7,0
2016-05-09 12:51:36,5,59,21.2,53,19.1,1002.4,1007.3,5.4,6.8,4,23.7,0
2016-05-09 12:56:36,5,59,21.2,52,19.1,1002.4,1007.3,5.1,7.1,2,23.7,0
2016-05-09 13:01:36,5,59,21.3,52,19.3,1002.4,1007.3,4.8,6.1,2,23.7,0
2016-05-09 13:06:36,5,59,21.3,52,20,1002.2,1007.1,4.8,5.8,2,23.7,0
2016-05-09 13:11:36,5,59,21.3,49,20,1002.3,1007.2,5.4,6.1,15,23.7,0
2016-05-09 13:16:36,5,59,21.3,50,20,1002.2,1007.1,5.4,6.5,2,23.7,0
2016-05-09 13:21:36,5,59,21.3,49,20.2,1002.2,1007.1,5.8,8.8,2,23.7,0
2016-05-09 13:26:36,5,59,21.5,50,20.1,1002.4,1007.3,4.8,7.1,2,23.7,0
2016-05-09 13:31:36,5,59,21.6,50,20,1002.3,1007.2,6.8,9.2,2,23.7,0
2016-05-09 13:36:36,5,59,21.6,51,19.6,1002.2,1007.1,3.7,5.4,2,23.7,0
2016-05-09 13:41:36,5,59,21.6,51,19.8,1002.3,1007.2,5.8,7.8,2,23.7,0
2016-05-09 13:46:36,5,59,21.6,51,19.6,1002.2,1007.1,3.7,5.8,2,23.7,0
2016-05-09 13:51:36,5,59,21.6,46,20.2,1002.3,1007.2,7.1,7.8,2,23.7,0
2016-05-09 13:56:36,5,59,21.7,47,20.1,1002.3,1007.2,5.1,6.5,2,23.7,0
2016-05-09 14:01:36,5,60,21.7,49,19.8,1002.2,1007.1,5.8,8.5,0,23.7,0
2016-05-09 14:06:36,5,60,21.8,49,20.1,1002.3,1007.2,6.8,9.5,2,23.7,0
2016-05-09 14:11:36,5,60,21.8,49,20.1,1002.3,1007.2,5.8,7.1,2,23.7,0
2016-05-09 14:16:36,5,60,21.9,49,19.9,1002.3,1007.2,4.8,6.1,4,23.7,0
2016-05-09 14:21:36,5,58,22,50,20.1,1002.2,1007.1,6.5,9.2,2,23.7,0
2016-05-09 14:26:36,5,58,22,48,20.2,1002.3,1007.2,6.8,8.8,0,23.7,0
2016-05-09 14:31:36,5,58,22,49,20.4,1002.2,1007.1,7.1,8.8,,23.7,0
2016-05-09 14:36:36,5,59,22.1,49,20.1,1002.4,1007.3,7.5,8.5,2,23.7,0
2016-05-09 14:41:36,5,59,22.1,50,19.8,1002.5,1007.4,5.8,8.2,0,23.7,0
2016-05-09 14:46:36,5,59,22.1,52,19.6,1002.5,1007.4,6.8,8.2,2,23.7,0
2016-05-09 14:51:36,5,58,22.1,52,19.5,1002.3,1007.2,5.8,8.5,4,23.7,0
2016-05-09 14:56:36,5,58,22.1,52,19.3,1002.4,1007.3,7.5,8.5,2,23.7,0
2016-05-09 15:01:36,5,58,22.1,51,19.2,1002.5,1007.4,7.1,8.5,4,23.7,0
2016-05-09 15:06:36,5,58,22.1,52,19.3,1002.5,1007.4,5.4,7.8,4,23.7,0
2016-05-09 15:11:36,5,58,22.1,51,19.8,1002.4,1007.3,5.8,8.8,0,23.7,0
2016-05-09 15:16:36,5,58,22.2,51,19.8,1002.4,1007.3,6.1,7.8,,23.7,0
2016-05-09 15:21:36,5,58,22.2,50,19.6,1002.4,1007.3,6.5,8.8,15,23.7,0
2016-05-09 15:26:36,5,58,22.2,51,19.5,1002.4,1007.3,5.8,7.5,2,23.7,0
2016-05-09 15:31:36,5,58,22.2,51,19.4,1002.5,1007.4,5.1,7.1,2,23.7,0
2016-05-09 15:36:36,5,58,22.3,52,19,1002.5,1007.4,6.1,9.2,2,23.7,0
2016-05-09 15:41:36,5,58,22.3,53,19,1002.6,1007.5,6.1,8.2,10,23.7,0
2016-05-09 15:46:36,5,58,22.3,53,18.8,1002.6,1007.5,5.4,7.5,2,23.7,0
2016-05-09 15:51:36,5,58,22.3,54,18.9,1002.5,1007.4,7.5,9.2,2,23.7,0
2016-05-09 15:56:36,5,58,22.3,53,18.7,1002.6,1007.5,7.1,8.8,2,23.7,0
2016-05-09 16:01:36,5,58,22.3,55,18.8,1002.7,1007.6,4.8,6.5,2,23.7,0
2016-05-09 16:06:36,5,58,22.3,52,19,1002.6,1007.5,6.1,7.1,2,23.7,0
2016-05-09 16:11:36,5,58,22.4,52,19.1,1002.4,1007.3,4.4,7.1,1,23.7,0
2016-05-09 16:16:36,5,58,22.4,52,19.3,1002.8,1007.7,4.4,6.8,0,23.7,0
2016-05-09 16:21:36,5,58,22.4,53,19,1002.6,1007.5,4.1,5.1,0,23.7,0
2016-05-09 16:26:36,5,58,22.4,54,18.8,1002.6,1007.5,3.7,5.1,4,23.7,0
2016-05-09 16:31:36,5,58,22.4,55,18.8,1002.6,1007.5,4.8,6.5,1,23.7,0
2016-05-09 16:36:36,5,58,22.4,55,18.5,1002.8,1007.7,4.8,5.8,10,23.7,0
2016-05-09 16:41:36,5,58,22.3,55,18.5,1002.7,1007.6,4.4,5.4,2,23.7,0
2016-05-09 16:46:36,5,58,22.3,55,18.5,1002.7,1007.6,4.8,5.8,2,23.7,0
2016-05-09 16:51:36,5,58,22.3,55,18.7,1002.9,1007.8,3.1,4.1,0,23.7,0
2016-05-09 16:56:36,5,58,22.3,55,18.8,1002.8,1007.7,3.7,4.8,1,23.7,0
2016-05-09 17:01:36,5,58,22.3,53,18.8,1002.9,1007.8,4.1,6.8,2,23.7,0
2016-05-09 17:06:36,5,58,22.2,55,18.6,1002.9,1007.8,4.4,6.5,4,23.7,0
2016-05-09 17:11:36,5,58,22.2,55,18.5,1002.9,1007.8,5.1,6.5,0,23.7,0
2016-05-09 17:16:36,5,58,22.2,55,18.5,1003,1007.9,4.8,6.8,1,23.7,0
2016-05-09 17:21:36,5,58,22.2,55,18.5,1003,1007.9,4.1,5.8,4,23.7,0
2016-05-09 17:26:36,5,58,22.1,55,18.5,1003.1,1008,3.4,4.1,2,23.7,0
2016-05-09 17:31:36,5,58,22.1,55,18.3,1003,1007.9,3.4,4.4,0,23.7,0
2016-05-09 17:36:36,5,58,22,55,18.4,1003.1,1008,1.7,4.1,4,23.7,0
2016-05-09 17:41:36,5,58,22,55,18.4,1003.1,1008,3.7,4.8,0,23.7,0
2016-05-09 17:46:36,5,58,22,55,18.4,1003.2,1008.1,3.4,5.4,2,23.7,0
2016-05-09 17:51:36,5,58,22,55,18.3,1003,1007.9,3.1,4.1,4,23.7,0
2016-05-09 17:56:36,5,58,22,55,18.3,1003.1,1008,4.8,6.8,2,23.7,0
2016-05-09 18:01:36,5,58,22,55,18.2,1003,1007.9,3.1,5.8,1,23.7,0
2016-05-09 18:06:36,5,59,21.9,55,18.1,1003.3,1008.2,2,3.1,2,23.7,0
2016-05-09 18:11:36,5,59,21.9,55,18,1003.4,1008.3,2,2.7,0,23.7,0
2016-05-09 18:16:36,5,59,21.9,55,17.9,1003.3,1008.2,3.1,3.7,0,23.7,0
2016-05-09 18:21:36,5,59,21.9,56,17.7,1003.4,1008.3,2.7,4.1,2,23.7,0
2016-05-09 18:26:36,5,59,21.9,56,17.6,1003.4,1008.3,2,2.7,2,23.7,0
2016-05-09 18:31:36,5,59,21.8,56,17.5,1003.4,1008.3,1.7,2.7,4,23.7,0
2016-05-09 18:36:36,5,59,21.7,57,17.3,1003.5,1008.4,2,2.7,2,23.7,0
2016-05-09 18:41:36,5,59,21.7,57,17.2,1003.6,1008.5,3.4,5.4,2,23.7,0
2016-05-09 18:46:36,5,59,21.7,58,17.1,1003.7,1008.6,2,3.1,4,23.7,0
2016-05-09 18:51:36,5,59,21.8,58,17,1003.7,1008.6,2,3.1,4,23.7,0
2016-05-09 18:56:36,5,59,21.9,59,16.9,1003.7,1008.6,2.4,3.1,0,23.7,0
2016-05-09 19:01:36,5,58,22,60,16.9,1003.5,1008.4,1.4,2,8,23.7,0
2016-05-09 19:06:36,5,58,22,60,16.8,1003.6,1008.5,2,3.1,0,23.7,0
2016-05-09 19:11:36,5,58,22.1,59,16.8,1003.6,1008.5,2,2.7,2,23.7,0
2016-05-09 19:16:36,5,58,22.1,59,16.8,1003.6,1008.5,2.4,3.7,2,23.7,0
2016-05-09 19:21:36,5,58,22.3,60,16.7,1003.7,1008.6,2,3.4,0,23.7,0
2016-05-09 19:26:36,5,58,22.3,60,16.6,1003.8,1008.7,1.4,3.1,4,23.7,0
2016-05-09 19:31:36,5,58,22.3,59,16.6,1003.7,1008.6,2.7,3.4,4,23.7,0
2016-05-09 19:36:36,5,58,22.4,60,16.6,1003.8,1008.7,1.7,2.4,2,23.7,0
2016-05-09 19:41:36,5,58,22.4,60,16.5,1003.8,1008.7,2,2.7,2,23.7,0
2016-05-09 19:46:36,5,58,22.5,60,16.4,1003.9,1008.8,3.4,4.1,0,23.7,0
2016-05-09 19:51:36,5,58,22.5,60,16.3,1003.9,1008.8,2.7,3.4,2,23.7,0
2016-05-09 19:56:36,5,58,22.5,61,16.1,1003.9,1008.8,1.4,2,1,23.7,0
2016-05-09 20:01:36,5,58,22.6,62,16,1003.8,1008.7,1.4,2.4,0,23.7,0
2016-05-09 20:06:36,5,58,22.6,63,15.8,1003.8,1008.7,1.7,2.4,2,23.7,0
2016-05-09 20:11:36,5,58,22.6,63,15.7,1003.8,1008.7,1,1.7,0,23.7,0
2016-05-09 20:16:36,5,58,22.6,63,15.6,1003.7,1008.6,0.3,0.7,2,23.7,0
2016-05-09 20:21:36,5,58,22.7,63,15.5,1003.7,1008.6,0.3,0.7,4,23.7,0
2016-05-09 20:26:36,5,58,22.6,63,15.5,1003.8,1008.7,1,1.4,0,23.7,0
2016-05-09 20:31:36,5,57,22.6,63,15.3,1003.9,1008.8,0.7,1,0,23.7,0
2016-05-09 20:36:36,5,57,22.6,63,15.1,1003.9,1008.8,0.3,0.7,0,23.7,0
2016-05-09 20:41:36,5,57,22.7,64,14.8,1004.2,1009.1,1.7,2,0,23.7,0
2016-05-09 20:46:36,5,57,22.6,65,14.5,1004.1,1009,1,1.4,0,23.7,0
2016-05-09 20:51:36,5,57,22.7,65,14.3,1004.1,1009,0.3,0.7,2,23.7,0
2016-05-09 20:56:36,5,57,22.7,65,14.3,1004.3,1009.2,0.7,1,4,23.7,0
2016-05-09 21:01:36,5,57,22.7,65,14.6,1004.4,1009.3,0.7,1.4,0,23.7,0
2016-05-09 21:06:36,5,57,22.7,65,14.5,1004.1,1009,0.3,1,4,23.7,0
2016-05-09 21:11:36,5,57,22.7,65,14.5,1004.4,1009.3,0.3,0.7,10,23.7,0
2016-05-09 21:16:36,5,57,22.6,66,14.5,1004.5,1009.4,0.3,0.7,8,23.7,0
2016-05-09 21:21:36,5,58,22.6,66,14.6,1004.6,1009.5,1,2,9,23.7,0
2016-05-09 21:26:36,5,58,22.5,66,14.7,1004.6,1009.5,1.4,2,4,23.7,0
2016-05-09 21:31:36,5,58,22.4,66,14.9,1004.7,1009.6,1.4,2,4,23.7,0
2016-05-09 21:36:36,5,58,22.3,64,15,1004.4,1009.3,0.7,1,4,23.7,0
2016-05-09 21:41:36,5,58,22.2,64,15,1004.6,1009.5,0.7,1,4,23.7,0
2016-05-09 21:46:36,5,58,22.2,64,15,1004.3,1009.2,0.3,0.7,4,23.7,0
2016-05-09 21:51:36,5,58,22.1,64,15,1004.2,1009.1,0.3,0.7,4,23.7,0
2016-05-09 21:56:36,5,58,22.1,64,15,1004.3,1009.2,0.7,1.4,0,23.7,0
2016-05-09 22:01:36,5,58,22,65,14.9,1004.4,1009.3,0.3,1,0,23.7,0
2016-05-09 22:06:36,5,58,22,65,14.7,1004.5,1009.4,0.7,1,0,23.7,0
2016-05-09 22:11:36,5,59,21.9,65,14.5,1004.4,1009.3,0.7,1,2,23.7,0
2016-05-09 22:16:36,5,59,21.9,66,14.2,1004.6,1009.5,0.3,0.7,2,23.7,0
2016-05-09 22:21:36,5,59,21.7,66,14.2,1004.5,1009.4,0,0,0,23.7,0
2016-05-09 22:26:36,5,59,21.7,66,14.1,1004.6,1009.5,0.3,0.7,0,23.7,0
2016-05-09 22:31:36,5,60,21.7,66,14,1004.6,1009.5,0,0.3,0,23.7,0
2016-05-09 22:36:36,5,60,21.6,67,13.9,1004.3,1009.2,0.3,0.7,0,23.7,0
2016-05-09 22:41:36,5,60,21.6,67,13.8,1004.3,1009.2,0,0.3,0,23.7,0
2016-05-09 22:46:36,5,60,21.6,67,13.7,1004.2,1009.1,0,0.3,0,23.7,0
2016-05-09 22:51:36,5,60,21.6,67,13.6,1004.4,1009.3,0,0,0,23.7,0
2016-05-09 22:56:36,5,60,21.6,67,13.5,1004.4,1009.3,0.3,0.7,2,23.7,0
2016-05-09 23:01:36,5,60,21.6,68,13.6,1004.4,1009.3,0.3,1,4,23.7,0
2016-05-09 23:06:36,5,60,21.6,68,13.6,1004.3,1009.2,0.3,0.7,2,23.7,0
2016-05-09 23:11:36,5,60,21.3,68,13.5,1004.3,1009.2,1,1.4,0,23.7,0
2016-05-09 23:16:36,5,60,21.3,68,13.4,1004.2,1009.1,0.7,1,0,23.7,0
2016-05-09 23:21:36,5,60,21.3,68,13.3,1004.3,1009.2,0,0.3,0,23.7,0
2016-05-09 23:26:36,5,60,21.3,68,13.2,1004.2,1009.1,0,0,0,23.7,0
2016-05-09 23:31:36,5,60,21.3,68,13.2,1004.2,1009.1,0,0.3,4,23.7,0
2016-05-09 23:36:36,5,60,21.3,68,13.3,1004.3,1009.2,0,0.3,0,23.7,0
2016-05-09 23:41:36,5,60,21.3,68,13.3,1004.2,1009.1,0,0.3,0,23.7,0
2016-05-09 23:46:36,5,60,21.3,68,13.3,1004.2,1009.1,0,0,2,23.7,0
2016-05-09 23:51:36,5,60,21.3,68,13.3,1004.1,1009,0,0,14,23.7,0
2016-05-09 23:56:36,5,60,21.2,68,13.3,1004.1,1009,0.3,0.7,0,23.7,0
