2016-05-13 00:01:36,5,59,21.3,68,12.3,1006.4,1011.3,0.3,0.7,0,25.5,0
2016-05-13 00:06:36,5,59,21.3,68,12.2,1006.5,1011.4,0.7,1.7,2,25.5,0
2016-05-13 00:11:36,5,59,21.2,68,12.2,1006.4,1011.3,0.3,0.7,2,25.5,0
2016-05-13 00:16:36,5,59,21.2,68,12.1,1006.6,1011.5,0.3,1,2,25.5,0
2016-05-13 00:21:36,5,59,21.1,68,12.1,1006.5,1011.4,0,0.7,2,25.5,0
2016-05-13 00:26:36,5,59,21.2,68,12.1,1006.5,1011.4,0,0,2,25.5,0
2016-05-13 00:31:36,5,59,21.2,69,11.9,1006.7,1011.6,0.3,0.7,8,25.5,0
2016-05-13 00:36:36,5,59,21.1,69,11.7,1006.8,1011.7,0.3,0.7,9,25.5,0
2016-05-13 00:41:36,5,59,21.1,69,11.4,1006.6,1011.5,0,0.7,9,25.5,0
2016-05-13 00:46:36,5,59,21.1,69,11.3,1006.7,1011.6,0.3,1,4,25.5,0
2016-05-13 00:51:36,5,59,21.1,69,11.2,1006.8,1011.7,0,0.7,10,25.5,0
2016-05-13 00:56:36,5,59,21.1,70,11.1,1006.8,1011.7,0,0.7,8,25.5,0
2016-05-13 01:01:36,5,59,21.1,70,11.1,1006.9,1011.8,0.7,1.4,2,25.5,0
2016-05-13 01:06:36,5,59,21,70,11.3,1006.8,1011.7,1,1.7,2,25.5,0
2016-05-13 01:11:36,5,59,21,70,11.6,1006.8,1011.7,0.7,1.4,4,25.5,0
2016-05-13 01:16:36,5,59,21,70,11.9,1006.7,1011.6,0.7,1,4,25.5,0
2016-05-13 01:21:36,5,59,21,69,11.9,1006.7,1011.6,0.7,1,4,25.5,0
2016-05-13 01:26:36,5,60,20.9,69,11.7,1006.9,1011.8,0.7,1,4,25.5,0
2016-05-13 01:31:36,5,60,20.9,69,11.8,1006.7,1011.6,0.7,1,0,25.5,0
2016-05-13 01:36:36,5,60,20.9,68,11.7,1006.7,1011.6,0.7,1,2,25.5,0
2016-05-13 01:41:36,5,60,20.9,68,11.8,1006.8,1011.7,0.7,1.4,2,25.5,0
2016-05-13 01:46:36,5,60,20.9,68,11.7,1006.8,1011.7,0.7,1,2,25.5,0
2016-05-13 01:51:36,5,60,20.9,67,11.6,1006.7,1011.6,0.7,1,2,25.5,0
2016-05-13 01:56:36,5,60,20.9,67,11.5,1006.6,1011.5,0.3,0.7,2,25.5,0
2016-05-13 02:01:36,5,60,20.8,68,11.4,1006.6,1011.5,0.3,0.7,4,25.5,0
2016-05-13 02:06:36,5,60,20.8,68,11.4,1006.7,1011.6,0.3,0.7,4,25.5,0
2016-05-13 02:11:36,5,60,20.9,68,11.4,1006.8,1011.7,0,0.3,2,25.5,0
2016-05-13 02:16:36,5,60,20.8,68,11.4,1006.9,1011.8,0,0.7,4,25.5,0
2016-05-13 02:21:36,5,60,20.8,68,11.3,1006.9,1011.8,0.3,0.7,2,25.5,0
2016-05-13 02:26:36,5,60,20.9,68,11.2,1006.9,1011.8,0.3,0.7,2,25.5,0
2016-05-13 02:31:36,5,60,20.8,68,11.2,1006.9,1011.8,0,0.7,2,25.5,0
2016-05-13 02:36:36,5,60,20.8,68,11.1,1007,1011.9,1,1.7,2,25.5,0
2016-05-13 02:41:36,5,60,20.8,68,11.1,1006.9,1011.8,1,1.7,2,25.5,0
2016-05-13 02:46:36,5,60,20.8,68,11.1,1007,1011.9,0,0.7,2,25.5,0
2016-05-13 02:51:36,5,60,20.7,68,11,1007.1,1012,0.7,1,0,25.5,0
2016-05-13 02:56:36,5,60,20.7,68,11,1007.1,1012,0,0.7,4,25.5,0
2016-05-13 03:01:36,5,60,20.7,69,10.9,1007.1,1012,0,0,4,25.5,0
2016-05-13 03:06:36,5,60,20.7,69,10.9,1007.1,1012,0,0.3,4,25.5,0
2016-05-13 03:11:36,5,60,20.7,69,10.8,1007.2,1012.1,0.3,0.7,4,25.5,0
2016-05-13 03:16:36,5,60,20.7,69,10.7,1007.2,1012.1,0.3,0.7,4,25.5,0
2016-05-13 03:21:36,5,60,20.7,69,10.7,1007.2,1012.1,0.7,1,4,25.5,0
2016-05-13 03:26:36,5,60,20.7,69,10.7,1007.2,1012.1,0,0.7,4,25.5,0
2016-05-13 03:31:36,5,60,20.6,69,10.6,1007.2,1012.1,0,0.7,2,25.5,0
2016-05-13 03:36:36,5,60,20.6,69,10.6,1007.2,1012.1,0.3,0.7,2,25.5,0
2016-05-13 03:41:36,5,60,20.6,69,10.7,1007.1,1012,0,0.3,0,25.5,0
2016-05-13 03:46:36,5,60,20.6,69,10.6,1007.2,1012.1,0,0.3,4,25.5,0
2016-05-13 03:51:36,5,60,20.6,69,10.4,1007.3,1012.2,1,1.4,4,25.5,0
2016-05-13 03:56:36,5,60,20.6,69,10.3,1007.3,1012.2,0.3,0.7,4,25.5,0
2016-05-13 04:01:36,5,60,20.6,69,10.3,1007.3,1012.2,0.3,0.7,4,25.5,0
2016-05-13 04:06:36,5,60,20.6,69,10.2,1007.4,1012.3,0,0.7,4,25.5,0
2016-05-13 04:11:36,5,60,20.5,69,10.1,1007.3,1012.2,0,0.3,4,25.5,0
2016-05-13 04:16:36,5,60,20.5,69,10,1007.4,1012.3,0.3,1,2,25.5,0
2016-05-13 04:21:36,5,60,20.5,69,10,1007.3,1012.2,0,0.7,0,25.5,0
2016-05-13 04:26:36,5,60,20.5,70,9.9,1007.5,1012.4,0.3,0.7,2,25.5,0
2016-05-13 04:31:36,5,60,20.5,70,9.8,1007.5,1012.4,0.3,1,2,25.5,0
2016-05-13 04:36:36,5,60,20.5,70,9.6,1007.5,1012.4,0.7,1,2,25.5,0
2016-05-13 04:41:36,5,60,20.5,70,9.7,1007.5,1012.4,0.3,1,2,25.5,0
2016-05-13 04:46:36,5,60,20.5,71,9.6,1007.5,1012.4,0,0.3,2,25.5,0
2016-05-13 04:51:36,5,60,20.5,71,9.6,1007.6,1012.5,0.3,0.7,2,25.5,0
2016-05-13 04:56:36,5,60,20.4,70,9.2,1007.6,1012.5,0.3,0.7,0,25.5,0
2016-05-13 05:01:36,5,60,20.4,70,9.1,1007.8,1012.7,0.7,1,0,25.5,0
2016-05-13 05:06:36,5,60,20.4,71,9.2,1007.7,1012.6,0.7,1,2,25.5,0
2016-05-13 05:11:36,5,60,20.4,71,9.3,1007.9,1012.8,0.3,0.7,0,25.5,0
2016-05-13 05:16:36,5,60,20.4,71,9.3,1007.8,1012.7,0.3,0.7,2,25.5,0
2016-05-13 05:21:36,5,60,20.4,71,9.3,1007.8,1012.7,0.3,0.7,2,25.5,0
2016-05-13 05:26:36,5,60,20.4,71,9.4,1007.9,1012.8,0.7,1,2,25.5,0
2016-05-13 05:31:36,5,60,20.4,71,9.5,1007.8,1012.7,0.7,1,2,25.5,0
2016-05-13 05:36:36,5,60,20.4,71,9.6,1007.8,1012.7,0,0.3,2,25.5,0
2016-05-13 05:41:36,5,60,20.4,70,10,1007.8,1012.7,0.3,0.7,2,25.5,0
2016-05-13 05:46:36,5,60,20.4,70,10.2,1007.8,1012.7,0.3,0.7,2,25.5,0
2016-05-13 05:51:36,5,60,20.4,69,10.2,1008,1012.9,1.4,1.7,0,25.5,0
2016-05-13 05:56:36,5,60,20.4,69,10.2,1008.2,1013.1,1.4,1.7,2,25.5,0
2016-05-13 06:01:36,5,60,20.4,69,10.4,1008.2,1013.1,1,1.7,0,25.5,0
2016-05-13 06:06:36,5,60,20.4,69,10.6,1008,1012.9,1.4,1.7,1,25.5,0
2016-05-13 06:11:36,5,60,20.4,68,11,1008.2,1013.1,0.7,1,0,25.5,0
2016-05-13 06:16:36,5,60,20.4,68,11.7,1008.1,1013,0.7,1.4,0,25.5,0
2016-05-13 06:21:36,5,60,20.4,65,12.3,1008.1,1013,1.4,2,0,25.5,0
2016-05-13 06:26:36,5,60,20.4,63,12.3,1008.2,1013.1,1.4,1.7,0,25.5,0
2016-05-13 06:31:36,5,60,20.4,63,12.2,1008.2,1013.1,1.7,2,2,25.5,0
2016-05-13 06:36:36,5,60,20.4,63,12.2,1008.3,1013.2,1.7,2.4,0,25.5,0
2016-05-13 06:41:36,5,60,20.5,63,12.3,1008.3,1013.2,2,2.7,0,25.5,0
2016-05-13 06:46:36,5,60,20.5,63,12.6,1008.4,1013.3,1.7,2.4,2,25.5,0
2016-05-13 06:51:36,5,60,20.5,62,12.8,1008.4,1013.3,1.7,2,2,25.5,0
2016-05-13 06:56:36,5,60,20.5,62,12.8,1008.5,1013.4,2.4,2.7,2,25.5,0
2016-05-13 07:01:36,5,60,20.5,62,12.8,1008.4,1013.3,2,2.7,1,25.5,0
2016-05-13 07:06:36,5,59,20.5,62,13.1,1008.4,1013.3,2,2.4,0,25.5,0
2016-05-13 07:11:36,5,58,20.5,61,13.2,1008.4,1013.3,1.4,2.4,0,25.5,0
2016-05-13 07:16:36,5,58,20.5,60,13.2,1008.3,1013.2,2.4,3.1,2,25.5,0
2016-05-13 07:21:36,5,58,20.5,61,13.2,1008.6,1013.5,1.7,2.4,2,25.5,0
2016-05-13 07:26:36,5,58,20.5,62,13.6,1008.5,1013.4,1.7,2,2,25.5,0
2016-05-13 07:31:36,5,59,20.5,60,13.9,1008.5,1013.4,2,2.7,2,25.5,0
2016-05-13 07:36:36,5,59,20.5,59,13.9,1008.6,1013.5,3.1,4.4,0,25.5,0
2016-05-13 07:41:36,5,59,20.5,56,13.7,1008.5,1013.4,2,2.4,0,25.5,0
2016-05-13 07:46:36,5,59,20.5,55,14,1008.5,1013.4,2.4,3.1,2,25.5,0
2016-05-13 07:51:36,5,58,20.5,56,14.2,1008.6,1013.5,3.4,3.7,0,25.5,0
2016-05-13 07:56:36,5,55,20.5,55,14.2,1008.7,1013.6,3.7,4.8,2,25.5,0
2016-05-13 08:01:36,5,54,20.5,55,14.3,1008.6,1013.5,3.4,4.1,2,25.5,0
2016-05-13 08:06:36,5,55,20.4,55,14.3,1008.8,1013.7,3.7,4.4,2,25.5,0
2016-05-13 08:11:36,5,55,20.4,55,14.4,1008.8,1013.7,3.7,4.8,2,25.5,0
2016-05-13 08:16:36,5,56,20.4,54,14.6,1008.7,1013.6,2.7,3.4,3,25.5,0
2016-05-13 08:21:36,5,56,20.4,55,14.6,1008.6,1013.5,2,2.7,2,25.5,0
2016-05-13 08:26:36,5,56,20.4,54,14.8,1008.6,1013.5,2.4,3.1,2,25.5,0
2016-05-13 08:31:36,5,56,20.4,55,14.8,1008.6,1013.5,2.7,3.7,2,25.5,0
2016-05-13 08:36:36,5,57,20.5,54,15,1008.6,1013.5,1.7,2.4,4,25.5,0
2016-05-13 08:41:36,5,57,20.4,54,15.3,1008.6,1013.5,1.4,1.7,4,25.5,0
2016-05-13 08:46:36,5,57,20.5,53,16,1008.6,1013.5,3.1,3.4,2,25.5,0
2016-05-13 08:51:36,5,57,20.5,51,16.1,1008.7,1013.6,1.7,2.4,0,25.5,0
2016-05-13 08:56:36,5,57,20.5,52,16.2,1008.8,1013.7,1.7,2.7,2,25.5,0
2016-05-13 09:01:36,5,58,20.5,52,16.1,1008.8,1013.7,2.4,3.1,2,25.5,0
2016-05-13 09:06:36,5,58,20.6,53,16.1,1008.9,1013.8,1.4,2,2,25.5,0
2016-05-13 09:11:36,5,58,20.6,52,16.4,1008.8,1013.7,0.7,1.4,2,25.5,0
2016-05-13 09:16:36,5,58,20.6,52,17.1,1008.8,1013.7,1.4,2,2,25.5,0
2016-05-13 09:21:36,5,58,20.6,51,17.3,1008.8,1013.7,1.4,2.4,0,25.5,0
2016-05-13 09:26:36,5,58,20.6,51,17.7,1008.9,1013.8,1.4,2,0,25.5,0
2016-05-13 09:31:36,5,58,20.6,50,17.8,1008.9,1013.8,1,2,0,25.5,0
2016-05-13 09:36:36,5,59,20.7,49,18.2,1009,1013.9,0.7,1.4,2,25.5,0
2016-05-13 09:41:36,5,59,20.7,49,18.3,1009,1013.9,1.4,2.4,0,25.5,0
2016-05-13 09:46:36,5,59,20.7,47,19.1,1009,1013.9,2.7,3.1,2,25.5,0
2016-05-13 09:51:36,5,59,20.7,47,19.6,1008.9,1013.8,0.7,1.4,0,25.5,0
2016-05-13 09:56:36,5,59,20.7,46,19.8,1009,1013.9,1.4,2.4,0,25.5,0
2016-05-13 10:01:36,5,58,20.7,44,20.2,1009.1,1014,1.7,2.7,2,25.5,0
2016-05-13 10:06:36,5,57,20.7,46,19.6,1009,1013.9,1,1.7,0,25.5,0
2016-05-13 10:11:36,5,56,20.7,47,20,1009,1013.9,1.4,2,0,25.5,0
2016-05-13 10:16:36,5,56,20.7,44,21.3,1009.1,1014,0.7,1,0,25.5,0
2016-05-13 10:21:36,5,56,20.7,44,21.5,1009.1,1014,1.7,2.7,2,25.5,0
2016-05-13 10:26:36,5,57,20.7,43,21.8,1009.1,1014,2,3.1,0,25.5,0
2016-05-13 10:31:36,5,57,20.7,43,21.1,1009.2,1014.1,1.7,2.7,0,25.5,0
2016-05-13 10:36:36,5,57,20.7,45,20.2,1009.3,1014.2,1.7,2.4,0,25.5,0
2016-05-13 10:41:36,5,57,20.7,45,20.1,1009.2,1014.1,1.7,3.1,0,25.5,0
2016-05-13 10:46:36,5,57,20.8,44,20.2,1009.3,1014.2,1.7,3.1,1,25.5,0
2016-05-13 10:51:36,5,56,20.8,45,20.2,1009.3,1014.2,1,2.4,0,25.5,0
2016-05-13 10:56:36,5,56,20.8,44,21.3,1009.2,1014.1,2,3.4,0,25.5,0
2016-05-13 11:01:36,5,55,20.8,43,21.8,1009.3,1014.2,0.7,1.7,0,25.5,0
2016-05-13 11:06:36,5,55,20.8,41,22,1009.3,1014.2,1.7,2.4,0,25.5,0
2016-05-13 11:11:36,5,55,20.8,41,22.3,1009.2,1014.1,2.4,4.1,0,25.5,0
2016-05-13 11:16:36,5,55,20.8,42,21.9,1009.4,1014.3,2.4,3.4,0,25.5,0
2016-05-13 11:21:36,5,55,20.9,44,21.4,1009.4,1014.3,1.4,2.7,2,25.5,0
2016-05-13 11:26:36,5,55,20.8,43,21.4,1009.3,1014.2,3.1,3.7,0,25.5,0
2016-05-13 11:31:36,5,56,20.9,45,21.5,1009.3,1014.2,1.4,2,0,25.5,0
2016-05-13 11:36:36,5,56,20.8,44,22.1,1009.3,1014.2,0.3,1,0,25.5,0
2016-05-13 11:41:36,5,56,20.9,41,22.8,1009.3,1014.2,3.4,4.4,0,25.5,0
2016-05-13 11:46:36,5,56,20.9,42,21.2,1009.4,1014.3,2,3.1,2,25.5,0
2016-05-13 11:51:36,5,57,20.9,44,20.8,1009.3,1014.2,3.7,4.4,0,25.5,0
2016-05-13 11:56:36,5,56,21,44,20.8,1009.4,1014.3,3.4,4.1,0,25.5,0
2016-05-13 12:01:36,5,57,21,44,21,1009.3,1014.2,2.4,3.4,0,25.5,0
2016-05-13 12:06:36,5,57,21,43,21,1009.4,1014.3,1.7,2.4,0,25.5,0
2016-05-13 12:11:36,5,57,21,44,21,1009.3,1014.2,2.7,3.4,2,25.5,0
2016-05-13 12:16:36,5,58,21.1,44,20.7,1009.4,1014.3,1,2.4,0,25.5,0
2016-05-13 12:21:36,5,58,21.1,43,21.3,1009.4,1014.3,2.4,3.4,0,25.5,0
2016-05-13 12:26:36,5,58,21.1,42,21,1009.3,1014.2,2.4,3.1,0,25.5,0
2016-05-13 12:31:36,5,57,21.1,44,21.6,1009.4,1014.3,3.4,4.4,0,25.5,0
2016-05-13 12:36:36,5,57,21.1,41,21.3,1009.4,1014.3,2,2.7,3,25.5,0
2016-05-13 12:41:36,5,57,21.2,42,21.9,1009.2,1014.1,2.7,4.1,0,25.5,0
2016-05-13 12:46:36,5,57,21.2,42,21.8,1009.5,1014.4,2.7,4.4,0,25.5,0
2016-05-13 12:51:36,5,57,21.3,42,22.2,1009.5,1014.4,2.7,3.7,2,25.5,0
2016-05-13 12:56:36,5,57,21.3,41,22.6,1009.5,1014.4,1,2,0,25.5,0
2016-05-13 13:01:36,5,57,21.3,39,22.4,1009.4,1014.3,1.4,3.1,0,25.5,0
2016-05-13 13:06:36,5,57,21.3,42,22.4,1009.3,1014.2,2.4,3.1,2,25.5,0
2016-05-13 13:11:36,5,57,21.3,42,22.4,1009.3,1014.2,2.7,3.4,0,25.5,0
2016-05-13 13:16:36,5,57,21.3,41,22.1,1009.4,1014.3,3.4,4.8,1,25.5,0
2016-05-13 13:21:36,5,58,21.3,39,21.7,1009.5,1014.4,2,3.1,10,25.5,0
2016-05-13 13:26:36,5,58,21.3,42,21.9,1009.4,1014.3,2.4,3.4,1,25.5,0
2016-05-13 13:31:36,5,58,21.5,40,21.9,1009.2,1014.1,2.4,3.7,0,25.5,0
2016-05-13 13:36:36,5,58,21.5,39,22.3,1009.3,1014.2,3.7,4.4,0,25.5,0
2016-05-13 13:41:36,5,58,21.5,41,21.9,1009.5,1014.4,2.7,3.7,0,25.5,0
2016-05-13 13:46:36,5,56,21.5,38,21.9,1009.5,1014.4,2.7,3.7,2,25.5,0
2016-05-13 13:51:36,5,56,21.6,40,21.9,1009.4,1014.3,1,1.4,2,25.5,0
2016-05-13 13:56:36,5,56,21.7,36,22.7,1009.4,1014.3,2.7,3.4,2,25.5,0
2016-05-13 14:01:36,5,57,21.7,38,22.6,1009.4,1014.3,1.4,1.7,0,25.5,0
2016-05-13 14:06:36,5,57,21.7,40,23.2,1009.3,1014.2,1,2,0,25.5,0
2016-05-13 14:11:36,5,57,21.9,40,24,1009.5,1014.4,3.4,4.1,0,25.5,0
2016-05-13 14:16:36,5,57,21.9,39,23.2,1009.5,1014.4,2.7,3.4,0,25.5,0
2016-05-13 14:21:36,5,56,22,38,23.3,1009.5,1014.4,1.7,2.7,0,25.5,0
2016-05-13 14:26:36,5,56,22,38,23.7,1009.4,1014.3,1.7,2.4,0,25.5,0
2016-05-13 14:31:36,5,56,22.1,38,24.8,1009.4,1014.3,1.7,3.1,0,25.5,0
2016-05-13 14:36:36,5,57,22.2,35,24.6,1009.5,1014.4,0.3,1,0,25.5,0
2016-05-13 14:41:36,5,57,22.2,37,24.2,1009.4,1014.3,2.4,3.1,4,25.5,0
2016-05-13 14:46:36,5,56,22.3,38,23.4,1009.3,1014.2,2,2.7,4,25.5,0
2016-05-13 14:51:36,5,53,22.3,42,23.2,1009.3,1014.2,1,1.7,0,25.5,0
2016-05-13 14:56:36,5,53,22.4,37,23.3,1009.3,1014.2,1.7,3.1,4,25.5,0
2016-05-13 15:01:36,5,53,22.4,39,23.1,1009.3,1014.2,2,3.7,0,25.5,0
2016-05-13 15:06:36,5,52,22.5,37,23.7,1009.3,1014.2,0.3,1.4,2,25.5,0
2016-05-13 15:11:36,5,52,22.5,35,24.7,1009.2,1014.1,0,0.3,0,25.5,0
2016-05-13 15:16:36,5,51,22.6,34,25.3,1009.3,1014.2,3.4,4.4,0,25.5,0
2016-05-13 15:21:36,5,51,22.6,39,24.5,1009.2,1014.1,1,1.4,14,25.5,0
2016-05-13 15:26:36,5,51,22.7,39,23.9,1009,1013.9,0.7,1,0,25.5,0
2016-05-13 15:31:36,5,51,22.9,34,25,1009.2,1014.1,2,3.1,2,25.5,0
2016-05-13 15:36:36,5,51,23,35,25.3,1009.2,1014.1,2.7,3.1,2,25.5,0
2016-05-13 15:41:36,5,50,23.1,34,24.5,1009.2,1014.1,0,0.3,0,25.5,0
2016-05-13 15:46:36,5,49,23.1,31,26,1009.1,1014,2,2.7,0,25.5,0
2016-05-13 15:51:36,5,49,23.3,33,25,1009.1,1014,0.3,0.7,4,25.5,0
2016-05-13 15:56:36,5,49,23.3,32,24.6,1009.1,1014,1.4,1.7,2,25.5,0
2016-05-13 16:01:36,5,48,23.4,33,25.2,1009,1013.9,1.4,1.7,0,25.5,0
2016-05-13 16:06:36,5,48,23.6,34,24.4,1009.1,1014,1,2,0,25.5,0
2016-05-13 16:11:36,5,48,23.7,34,23.8,1009.2,1014.1,1.7,2.7,0,25.5,0
2016-05-13 16:16:36,5,49,23.8,34,24,1009.1,1014,0.7,1.4,2,25.5,0
2016-05-13 16:21:36,5,49,23.9,35,24.3,1009,1013.9,0,0.3,0,25.5,0
2016-05-13 16:26:36,5,48,24,34,24,1009.1,1014,1,1.4,4,25.5,0
2016-05-13 16:31:36,5,49,23.9,35,22.8,1009.1,1014,0.7,1.4,2,25.5,0
2016-05-13 16:36:36,5,48,23.9,41,22.3,1009.1,1014,0.3,1,0,25.5,0
2016-05-13 16:41:36,5,48,23.8,41,22.3,1008.9,1013.8,0.3,1,0,25.5,0
2016-05-13 16:46:36,5,48,23.8,42,22.1,1009.1,1014,0.7,1,0,25.5,0
2016-05-13 16:51:36,5,48,23.6,44,21.8,1009.3,1014.2,1,1.4,2,25.5,0
2016-05-13 16:56:36,5,48,23.6,43,21.2,1009.2,1014.1,1,1.4,1,25.5,0
2016-05-13 17:01:36,5,48,23.5,46,20.9,1009.4,1014.3,0.7,1,2,25.5,0
2016-05-13 17:06:36,5,48,23.4,48,20.7,1009.5,1014.4,1.4,1.7,14,25.5,0
2016-05-13 17:11:36,5,48,23.3,49,20,1009.5,1014.4,2.4,3.7,14,25.5,0
2016-05-13 17:16:36,5,48,23.3,55,18.5,1009.5,1014.4,4.1,4.8,14,25.5,0
2016-05-13 17:21:36,5,49,23.2,56,17.9,1009.7,1014.6,1,1.4,0,25.5,0
2016-05-13 17:26:36,5,49,23.1,58,17.9,1009.6,1014.5,0.7,1.4,14,25.5,0
2016-05-13 17:31:36,5,49,23.1,59,17.7,1009.5,1014.4,1,1.7,14,25.5,0
2016-05-13 17:36:36,5,49,23,58,17.8,1009.5,1014.4,0.7,1.7,14,25.5,0
2016-05-13 17:41:36,5,50,22.9,57,18,1009.6,1014.5,0.3,0.7,12,25.5,0
2016-05-13 17:46:36,5,50,22.9,58,18.4,1009.6,1014.5,0,0.7,12,25.5,0
2016-05-13 17:51:36,5,50,22.9,57,18.8,1009.6,1014.5,0.3,0.7,12,25.5,0
2016-05-13 17:56:36,5,50,22.9,55,20.4,1009.7,1014.6,0.3,0.7,15,25.5,0
2016-05-13 18:01:36,5,51,23,47,21.3,1009.6,1014.5,1.4,2,14,25.5,0
2016-05-13 18:06:36,5,51,23.1,46,21.1,1009.5,1014.4,1,1.7,14,25.5,0
2016-05-13 18:11:36,5,51,23.3,46,21.2,1009.4,1014.3,1.4,1.7,14,25.5,0
2016-05-13 18:16:36,5,51,23.5,50,20.5,1009.6,1014.5,0.7,1,12,25.5,0
2016-05-13 18:21:36,5,51,23.6,52,20.1,1009.8,1014.7,0.3,0.7,8,25.5,0
2016-05-13 18:26:36,5,51,23.7,52,20,1009.6,1014.5,0.3,1.4,14,25.5,0
2016-05-13 18:31:36,5,51,23.7,53,20.2,1009.5,1014.4,0.7,1.4,14,25.5,0
2016-05-13 18:36:36,5,51,24.2,51,20.4,1009.3,1014.2,1,2.4,0,25.5,0
2016-05-13 18:41:36,5,49,25,50,20.4,1009.3,1014.2,0.3,0.7,0,25.5,0
2016-05-13 18:46:36,5,48,25.8,50,20.8,1009.4,1014.3,0.7,1.7,14,25.5,0
2016-05-13 18:51:36,5,46,26.1,47,20.9,1009.2,1014.1,0.3,0.7,14,25.5,0
2016-05-13 18:56:36,5,45,26.2,47,21.1,1009.4,1014.3,0,0.3,0,25.5,0
2016-05-13 19:01:36,5,44,26.2,47,21.2,1009.6,1014.5,0.3,1,0,25.5,0
2016-05-13 19:06:36,5,44,26.1,48,21,1009.6,1014.5,0.3,1,0,25.5,0
2016-05-13 19:11:36,5,45,25.8,50,20.2,1009.7,1014.6,2,2.4,4,25.5,0
2016-05-13 19:16:36,5,45,25.5,52,19.4,1010,1014.9,0.7,1.4,2,25.5,0
2016-05-13 19:21:36,5,45,25.2,53,19.2,1010,1014.9,0,0.3,2,25.5,0
2016-05-13 19:26:36,5,45,25,54,19.2,1010.1,1015,0,0.3,2,25.5,0
2016-05-13 19:31:36,5,47,24.9,54,19.6,1010.3,1015.2,0,0,2,25.5,0
2016-05-13 19:36:36,5,47,24.6,54,19.9,1010.4,1015.3,0,0.7,10,25.5,0
2016-05-13 19:41:36,5,47,24.4,54,19.8,1010.4,1015.3,0.3,0.7,12,25.5,0
2016-05-13 19:46:36,5,47,24.2,54,19.4,1010.5,1015.4,0,0,12,25.5,0
2016-05-13 19:51:36,5,48,24,54,19,1010.5,1015.4,0,0.3,12,25.5,0
2016-05-13 19:56:36,5,49,23.8,56,18.3,1010.6,1015.5,0,0.3,14,25.5,0
2016-05-13 20:01:36,5,49,23.7,57,17.9,1010.7,1015.6,0,0.3,4,25.5,0
2016-05-13 20:06:36,5,49,23.6,58,17.5,1010.8,1015.7,0,0.3,4,25.5,0
2016-05-13 20:11:36,5,50,23.5,59,17.2,1010.8,1015.7,0.3,0.7,0,25.5,0
2016-05-13 20:16:36,5,50,23.3,60,16.7,1010.9,1015.8,0.7,1.4,2,25.5,0
2016-05-13 20:21:36,5,50,23.2,56,16.5,1010.9,1015.8,2,3.1,4,25.5,0
2016-05-13 20:26:36,5,50,23.1,56,16.4,1011.1,1016,0.7,1.7,4,25.5,0
2016-05-13 20:31:36,5,50,23,59,15.8,1011.1,1016,1.4,1.7,4,25.5,0
2016-05-13 20:36:36,5,50,23,59,15.2,1011.1,1016,1.4,1.7,4,25.5,0
2016-05-13 20:41:36,5,50,22.9,59,15.1,1011.1,1016,1.4,2,3,25.5,0
2016-05-13 20:46:36,5,50,22.8,59,15,1011.1,1016,2,3.1,4,25.5,0
2016-05-13 20:51:36,5,51,22.8,58,15,1011.4,1016.3,2,2.7,4,25.5,0
2016-05-13 20:56:36,5,51,22.7,59,14.6,1011.4,1016.3,1.7,2.7,2,25.5,0
2016-05-13 21:01:35,5,51,22.6,59,14.5,1011.4,1016.3,1.7,2.4,2,25.5,0
2016-05-13 21:06:35,5,51,22.5,60,14.3,1011.5,1016.4,1,2,4,25.5,0
2016-05-13 21:11:35,5,51,22.5,60,14.2,1011.7,1016.6,1.4,2,0,25.5,0
2016-05-13 21:16:35,5,51,22.4,61,14.1,1011.6,1016.5,1.7,2.4,4,25.5,0
2016-05-13 21:21:35,5,51,22.4,61,14,1011.7,1016.6,1.4,2.4,4,25.5,0
2016-05-13 21:26:35,5,51,22.3,62,13.9,1011.8,1016.7,1.4,2,3,25.5,0
2016-05-13 21:31:35,5,51,22.3,63,13.7,1011.8,1016.7,2.7,3.4,2,25.5,0
2016-05-13 21:36:35,5,52,22.2,63,13.6,1012,1016.9,1.7,2.4,2,25.5,0
2016-05-13 21:41:35,5,52,22.2,64,13.3,1012.1,1017,1.7,2.4,2,25.5,0
2016-05-13 21:46:35,5,52,22.1,65,13,1012.1,1017,1.7,2.4,2,25.5,0
2016-05-13 21:51:35,5,52,22.1,65,12.7,1012.3,1017.2,1.7,2,2,25.5,0
2016-05-13 21:56:35,5,52,22.1,65,12.5,1012.2,1017.1,1.7,2.4,0,25.5,0
2016-05-13 22:01:35,5,52,22.1,65,12.4,1012.2,1017.1,2.4,3.4,2,25.5,0
2016-05-13 22:06:35,5,52,22,65,12.3,1012.3,1017.2,2,3.7,2,25.5,0
2016-05-13 22:11:35,5,52,22,65,12.2,1012.3,1017.2,3.1,3.7,2,25.5,0
2016-05-13 22:16:35,5,52,21.9,65,12.1,1012.3,1017.2,2.4,3.1,11,25.5,0
2016-05-13 22:21:35,5,52,21.9,65,11.9,1012.2,1017.1,1.7,3.1,2,25.5,0
2016-05-13 22:26:35,5,52,21.9,65,11.7,1012.4,1017.3,2.7,3.4,2,25.5,0
2016-05-13 22:31:35,5,52,21.7,65,11.5,1012.5,1017.4,1.7,3.4,4,25.5,0
2016-05-13 22:36:35,5,52,21.7,66,11.3,1012.4,1017.3,1.7,2.7,0,25.5,0
2016-05-13 22:41:35,5,52,21.7,66,11.1,1012.4,1017.3,1.7,3.4,4,25.5,0
2016-05-13 22:46:35,5,52,21.6,66,11,1012.6,1017.5,1,1.7,0,25.5,0
2016-05-13 22:51:35,5,53,21.6,67,10.8,1012.6,1017.5,2,3.1,2,25.5,0
2016-05-13 22:56:35,5,53,21.6,67,10.7,1012.7,1017.6,1.7,2,2,25.5,0
2016-05-13 23:01:35,5,53,21.6,67,10.5,1012.7,1017.6,2,3.1,4,25.5,0
2016-05-13 23:06:35,5,53,21.5,68,10.4,1012.5,1017.4,2,2.7,4,25.5,0
2016-05-13 23:11:35,5,53,21.6,68,10.3,1012.9,1017.8,2.7,4.4,4,25.5,0
2016-05-13 23:16:35,5,53,21.6,68,10.2,1012.9,1017.8,1.7,2.4,12,25.5,0
2016-05-13 23:21:35,5,53,21.5,68,10,1012.9,1017.8,2.4,3.1,2,25.5,0
2016-05-13 23:26:35,5,54,21.6,68,10,1012.8,1017.7,2,2.7,2,25.5,0
2016-05-13 23:31:35,5,54,21.6,69,9.9,1012.9,1017.8,2,2.4,4,25.5,0
2016-05-13 23:36:35,5,54,21.6,69,9.8,1013,1017.9,2.4,3.7,4,25.5,0
2016-05-13 23:41:35,5,54,21.3,69,9.8,1013.1,1018,3.1,3.7,2,25.5,0
2016-05-13 23:46:35,5,54,21.3,69,9.7,1013.1,1018,1.7,3.7,4,25.5,0
2016-05-13 23:51:35,5,54,21.3,69,9.7,1013.2,1018.1,1.4,2.7,0,25.5,0
2016-05-13 23:56:35,5,54,21.3,69,9.6,1013.3,1018.2,2.7,3.4,0,25.5,0
