2016-05-22 00:01:34,5,55,20.3,75,6.3,998.6,1003.5,0.3,0.7,4,39.3,0
2016-05-22 00:06:34,5,55,20.3,75,6.2,998.7,1003.6,0,0,4,39.3,0
2016-05-22 00:11:34,5,55,20.3,75,6.2,998.7,1003.6,0,0,8,39.3,0
2016-05-22 00:16:34,5,55,20.2,75,6.3,998.6,1003.5,0.7,1.4,10,39.3,0
2016-05-22 00:21:34,5,55,20.2,75,6.5,998.9,1003.8,1,1.4,8,39.3,0
2016-05-22 00:26:34,5,55,20.2,75,6.5,998.8,1003.7,0.3,1,8,39.3,0
2016-05-22 00:31:34,5,55,20.2,75,6.5,998.8,1003.7,1,1.4,10,39.3,0
2016-05-22 00:36:34,5,55,20.2,76,6.6,998.9,1003.8,1,1.4,8,39.3,0
2016-05-22 00:41:34,5,55,20.1,76,6.6,998.8,1003.7,0.3,0.7,8,39.3,0
2016-05-22 00:46:34,5,55,20.1,76,6.5,998.9,1003.8,0,0.7,8,39.3,0
2016-05-22 00:51:34,5,55,20.1,76,6.5,998.9,1003.8,0.7,1,8,39.3,0
2016-05-22 00:56:34,5,55,20.1,76,6.5,999,1003.9,0.7,1,10,39.3,0
2016-05-22 01:01:34,5,55,20.1,76,6.5,998.8,1003.7,0,0.7,8,39.3,0
2016-05-22 01:06:34,5,55,20.1,76,6.4,998.9,1003.8,0,0.3,10,39.3,0
2016-05-22 01:11:34,5,55,20.1,76,6.3,999,1003.9,0,0.3,2,39.3,0
2016-05-22 01:16:34,5,55,20,76,6.2,999,1003.9,0.3,0.7,4,39.3,0
2016-05-22 01:21:34,5,55,20,76,6.1,999,1003.9,0,0.3,4,39.3,0
2016-05-22 01:26:34,5,55,20,76,6.1,999,1003.9,0,0,4,39.3,0
2016-05-22 01:31:34,5,55,20,76,6,999.1,1004,0.3,0.7,10,39.3,0
2016-05-22 01:36:34,5,55,20,76,6,999.1,1004,0.3,0.7,8,39.3,0
2016-05-22 01:41:34,5,55,20,76,6.1,999,1003.9,0.7,1,8,39.3,0
2016-05-22 01:46:34,5,55,20,76,6.2,999.1,1004,0.7,1,8,39.3,0
2016-05-22 01:51:34,5,55,20,76,6.3,999.1,1004,1,1.4,8,39.3,0
2016-05-22 01:56:34,5,56,19.9,76,6.3,999.2,1004.1,1,1.4,8,39.3,0
2016-05-22 02:01:34,5,56,19.9,76,6.2,999.2,1004.1,1,1.4,10,39.3,0
2016-05-22 02:06:34,5,56,19.9,76,6.2,999.3,1004.2,0.7,1,10,39.3,0
2016-05-22 02:11:34,5,56,19.9,76,6.1,999.2,1004.1,0,0.3,10,39.3,0
2016-05-22 02:16:34,5,56,19.8,77,5.9,999.4,1004.3,0.3,0.7,8,39.3,0
2016-05-22 02:21:34,5,55,19.8,76,6,999.2,1004.1,0.3,1,10,39.3,0
2016-05-22 02:26:34,5,55,19.8,76,6,999.2,1004.1,0.3,1,10,39.3,0
2016-05-22 02:31:34,5,55,19.8,76,6,999.4,1004.3,0.3,0.7,8,39.3,0
2016-05-22 02:36:34,5,55,19.7,76,6,999.3,1004.2,0,0,,39.3,0
2016-05-22 02:41:34,5,55,19.7,76,6,999.2,1004.1,0.3,0.7,9,39.3,0
2016-05-22 02:46:34,5,55,19.7,76,6,999.3,1004.2,0.3,0.7,8,39.3,0
2016-05-22 02:51:34,5,55,19.7,76,6.1,999.2,1004.1,0.3,0.7,8,39.3,0
2016-05-22 02:56:34,5,55,19.7,76,6,999.4,1004.3,0,0.3,14,39.3,0
2016-05-22 03:01:34,5,55,19.7,77,5.9,999.4,1004.3,0,0.3,8,39.3,0
2016-05-22 03:06:34,5,55,19.7,77,5.8,999.2,1004.1,0,0.3,4,39.3,0
2016-05-22 03:11:34,5,55,19.7,77,5.8,999.4,1004.3,0,0.3,4,39.3,0
2016-05-22 03:16:34,5,55,19.7,77,5.6,999.3,1004.2,0,0.3,4,39.3,0
2016-05-22 03:21:34,5,55,19.6,77,5.5,999.4,1004.3,0,0.3,4,39.3,0
2016-05-22 03:26:34,5,55,19.6,77,5.4,999.5,1004.4,0.3,0.7,4,39.3,0
2016-05-22 03:31:34,5,55,19.6,77,5.4,999.5,1004.4,0.3,0.7,4,39.3,0
2016-05-22 03:36:34,5,55,19.6,77,5.4,999.7,1004.6,0,0,4,39.3,0
2016-05-22 03:41:34,5,55,19.6,77,5.3,999.7,1004.6,0,0,4,39.3,0
2016-05-22 03:46:34,5,55,19.6,77,5.2,999.7,1004.6,0,0.3,10,39.3,0
2016-05-22 03:51:34,5,55,19.6,77,5.2,999.7,1004.6,0.3,0.7,8,39.3,0
2016-05-22 03:56:34,5,55,19.6,77,5.1,999.7,1004.6,0.3,0.7,4,39.3,0
2016-05-22 04:01:34,5,55,19.5,77,5.2,999.7,1004.6,0,0.7,4,39.3,0
2016-05-22 04:06:34,5,55,19.5,77,5,999.8,1004.7,0,0,8,39.3,0
2016-05-22 04:11:34,5,55,19.5,77,5,999.6,1004.5,0,0.3,12,39.3,0
2016-05-22 04:16:34,5,55,19.5,77,5.2,999.7,1004.6,0.3,0.7,8,39.3,0
2016-05-22 04:21:34,5,55,19.5,77,5.3,999.8,1004.7,0.7,1,8,39.3,0
2016-05-22 04:26:34,5,55,19.4,77,5.4,999.8,1004.7,0.3,0.3,4,39.3,0
2016-05-22 04:31:34,5,55,19.4,77,5.3,999.8,1004.7,0,0.3,,39.3,0
2016-05-22 04:36:34,5,55,19.4,77,5.3,999.9,1004.8,0.3,0.7,8,39.3,0
2016-05-22 04:41:34,5,55,19.4,78,5.5,1000.1,1005,0.7,1,10,39.3,0
2016-05-22 04:46:34,5,55,19.4,78,5.7,1000.1,1005,0.7,1,8,39.3,0
2016-05-22 04:51:34,5,55,19.4,78,5.8,1000.1,1005,1,1.4,8,39.3,0
2016-05-22 04:56:34,5,55,19.4,77,6,1000.2,1005.1,0.7,1.4,8,39.3,0
2016-05-22 05:01:34,5,55,19.4,77,6.1,1000.1,1005,1,1.4,8,39.3,0
2016-05-22 05:06:34,5,55,19.4,77,6.2,1000.2,1005.1,0.7,1,10,39.3,0
2016-05-22 05:11:34,5,55,19.4,77,6.3,1000.2,1005.1,1,1.4,8,39.3,0
2016-05-22 05:16:34,5,55,19.4,77,6.5,1000.3,1005.2,1.4,2,8,39.3,0
2016-05-22 05:21:34,5,55,19.4,77,6.6,1000.4,1005.3,0.7,1,8,39.3,0
2016-05-22 05:26:34,5,55,19.4,76,6.8,1000.3,1005.2,0.3,0.7,8,39.3,0
2016-05-22 05:31:34,5,55,19.4,75,7,1000.4,1005.3,0.3,1,9,39.3,0
2016-05-22 05:36:34,5,55,19.4,75,7.3,1000.4,1005.3,0.7,1.4,10,39.3,0
2016-05-22 05:41:34,5,55,19.4,75,7.5,1000.5,1005.4,1,1.4,8,39.3,0
2016-05-22 05:46:34,5,55,19.4,75,7.7,1000.6,1005.5,0.7,1,8,39.3,0
2016-05-22 05:51:34,5,55,19.4,75,8,1000.6,1005.5,0.7,1.4,8,39.3,0
2016-05-22 05:56:34,5,55,19.5,75,8.4,1000.8,1005.7,0.3,0.7,8,39.3,0
2016-05-22 06:01:34,5,55,19.5,75,8.8,1000.6,1005.5,0.3,1,10,39.3,0
2016-05-22 06:06:34,5,55,19.5,74,9.1,1000.9,1005.8,0.3,0.7,12,39.3,0
2016-05-22 06:11:34,5,55,19.5,74,9.4,1000.8,1005.7,0.7,1,8,39.3,0
2016-05-22 06:16:34,5,55,19.5,74,9.6,1000.7,1005.6,0.3,0.7,8,39.3,0
2016-05-22 06:21:34,5,55,19.5,74,9.7,1000.7,1005.6,0.3,1,10,39.3,0
2016-05-22 06:26:34,5,55,19.6,73,9.9,1000.8,1005.7,0.3,1,8,39.3,0
2016-05-22 06:31:34,5,55,19.6,72,10.1,1000.9,1005.8,0.7,1,2,39.3,0
2016-05-22 06:36:34,5,55,19.6,71,10.2,1000.9,1005.8,0.7,1.7,8,39.3,0
2016-05-22 06:41:34,5,55,19.6,71,10.3,1001,1005.9,0.7,1.4,10,39.3,0
2016-05-22 06:46:34,5,55,19.6,71,10.5,1001.1,1006,0.7,1.4,1,39.3,0
2016-05-22 06:51:34,5,55,19.6,70,10.7,1001.1,1006,0.7,1.4,10,39.3,0
2016-05-22 06:56:34,5,55,19.6,70,10.9,1001.2,1006.1,1,1.7,10,39.3,0
2016-05-22 07:01:34,5,55,19.6,68,11,1001.3,1006.2,0.3,0.7,10,39.3,0
2016-05-22 07:06:34,5,55,19.6,68,11.1,1001.4,1006.3,0.7,1.4,10,39.3,0
2016-05-22 07:11:34,5,55,19.6,68,11.3,1001.4,1006.3,0.7,1.4,10,39.3,0
2016-05-22 07:16:34,5,55,19.6,68,11.5,1001.4,1006.3,0.7,1.4,0,39.3,0
2016-05-22 07:21:34,5,55,19.6,68,11.8,1001.4,1006.3,1,1.4,14,39.3,0
2016-05-22 07:26:34,5,55,19.7,67,11.9,1001.6,1006.5,1.4,2,10,39.3,0
2016-05-22 07:31:34,5,55,19.7,67,11.9,1001.7,1006.6,0.3,1,10,39.3,0
2016-05-22 07:36:34,5,55,19.7,67,11.4,1001.6,1006.5,1,1.4,10,39.3,0
2016-05-22 07:41:34,5,55,19.7,68,11.9,1001.7,1006.6,1.4,1.7,10,39.3,0
2016-05-22 07:46:34,5,55,19.8,66,12.1,1001.8,1006.7,0.7,1.4,10,39.3,0
2016-05-22 07:51:34,5,55,19.7,66,12,1001.9,1006.8,1,1.4,10,39.3,0
2016-05-22 07:56:34,5,55,19.8,67,11.5,1001.9,1006.8,1,2,8,39.3,0
2016-05-22 08:01:34,5,55,19.8,68,11.8,1002,1006.9,0.7,1.4,12,39.3,0
2016-05-22 08:06:34,5,55,19.8,67,12,1002.1,1007,0.3,1.7,10,39.3,0
2016-05-22 08:11:34,5,55,19.8,67,12.2,1002,1006.9,1.4,1.7,10,39.3,0
2016-05-22 08:16:34,5,55,19.8,66,12.2,1002.1,1007,0.7,1,12,39.3,0
2016-05-22 08:21:34,5,55,19.8,66,12.4,1002.2,1007.1,0.7,1.7,10,39.3,0
2016-05-22 08:26:34,5,55,19.8,66,12.7,1002.4,1007.3,1,1.7,10,39.3,0
2016-05-22 08:31:34,5,55,19.8,65,12.7,1002.4,1007.3,1,1.7,12,39.3,0
2016-05-22 08:36:34,5,55,19.9,65,12.8,1002.2,1007.1,0.7,1.4,12,39.3,0
2016-05-22 08:41:34,5,55,19.9,66,13.1,1002.3,1007.2,1.4,2.4,12,39.3,0
2016-05-22 08:46:34,5,55,19.9,65,12.7,1002.4,1007.3,1,1.7,14,39.3,0
2016-05-22 08:51:34,5,55,19.9,65,12.6,1002.4,1007.3,1,1.4,10,39.3,0
2016-05-22 08:56:34,5,54,20,65,13.3,1002.4,1007.3,0.3,0.7,10,39.3,0
2016-05-22 09:01:34,5,54,20,63,13.8,1002.5,1007.4,0.7,1.4,12,39.3,0
2016-05-22 09:06:34,5,54,20,62,13.1,1002.5,1007.4,1.7,2,10,39.3,0
2016-05-22 09:11:34,5,54,20,63,13.2,1002.6,1007.5,2,2.7,10,39.3,0
2016-05-22 09:16:34,5,54,20.1,64,13,1002.5,1007.4,1.4,2.7,14,39.3,0
2016-05-22 09:21:34,5,54,20.1,63,13.3,1002.6,1007.5,1.7,2.7,12,39.3,0
2016-05-22 09:26:34,5,54,20,62,13.4,1002.5,1007.4,2,2.7,12,39.3,0
2016-05-22 09:31:34,5,54,20.1,61,13.4,1002.7,1007.6,1,2,12,39.3,0
2016-05-22 09:36:34,5,54,20.1,61,12.8,1002.8,1007.7,1.4,2.7,10,39.3,0
2016-05-22 09:41:34,5,54,20.1,61,13.1,1002.8,1007.7,1,2.4,13,39.3,0
2016-05-22 09:46:34,5,54,20.2,61,13.5,1002.7,1007.6,2.4,3.1,0,39.3,0
2016-05-22 09:51:34,5,54,20.2,60,13.1,1002.7,1007.6,2,3.4,10,39.3,0
2016-05-22 09:56:34,5,54,20.2,61,13.8,1002.7,1007.6,1.7,2.7,12,39.3,0
2016-05-22 10:01:34,5,54,20.3,58,14.4,1002.9,1007.8,2.7,4.4,10,39.3,0
2016-05-22 10:06:34,5,54,20.3,56,13,1003.2,1008.1,2,4.1,14,39.3,0
2016-05-22 10:11:34,5,54,20.3,59,12.5,1002.9,1007.8,2,4.1,14,39.3,0
2016-05-22 10:16:34,5,54,20.3,59,13.5,1003.1,1008,2.7,3.4,12,39.3,0
2016-05-22 10:21:34,5,54,20.4,59,13,1003.3,1008.2,3.7,6.5,12,39.3,0
2016-05-22 10:26:34,5,54,20.4,62,11.7,1003.4,1008.3,3.1,4.1,14,39.3,0
2016-05-22 10:31:34,5,54,20.4,64,11.4,1003.5,1008.4,3.4,5.4,14,39.3,0
2016-05-22 10:36:34,5,54,20.4,64,10.8,1003.5,1008.4,3.7,5.1,14,39.3,0
2016-05-22 10:41:34,5,54,20.4,65,10.5,1003.6,1008.5,2.7,3.7,10,39.3,0
2016-05-22 10:46:34,5,54,20.4,66,10.4,1003.6,1008.5,2.7,4.1,12,39.3,0
2016-05-22 10:51:34,5,54,20.3,66,10.2,1003.7,1008.6,1,1.7,12,39.3,0
2016-05-22 10:56:34,5,54,20.3,68,10.9,1003.6,1008.5,2.4,3.1,12,39.3,0
2016-05-22 11:01:34,5,54,20.3,67,11.4,1003.6,1008.5,1,1.7,14,39.3,0
2016-05-22 11:06:34,5,54,20.4,65,12.2,1003.6,1008.5,2.7,4.8,12,39.3,0
2016-05-22 11:11:34,5,54,20.4,63,13.2,1003.6,1008.5,2.4,3.4,10,39.3,0
2016-05-22 11:16:34,5,54,20.4,59,12.8,1003.5,1008.4,2.4,3.1,14,39.3,0
2016-05-22 11:21:34,5,54,20.4,59,13.2,1003.7,1008.6,3.7,5.1,14,39.3,0
2016-05-22 11:26:34,5,54,20.4,59,12.5,1003.8,1008.7,2,3.7,14,39.3,0
2016-05-22 11:31:34,5,54,20.4,59,12.6,1003.7,1008.6,1.7,2.4,10,39.3,0
2016-05-22 11:36:34,5,54,20.4,61,12.5,1003.8,1008.7,2.4,3.4,10,39.3,0
2016-05-22 11:41:34,5,54,20.4,62,11.8,1003.9,1008.8,2,3.1,14,39.3,0
2016-05-22 11:46:34,5,54,20.4,64,11.1,1004.1,1009,3.7,4.8,10,39.3,0
2016-05-22 11:51:34,5,54,20.4,66,10.7,1004.1,1009,3.1,5.8,12,39.3,0
2016-05-22 11:56:34,5,54,20.4,67,10.7,1004.2,1009.1,1.4,2,10,39.3,0
2016-05-22 12:01:34,5,54,20.5,67,10.8,1004.2,1009.1,2,3.1,14,39.6,0
2016-05-22 12:06:34,5,54,20.4,68,10.6,1004.3,1009.2,1,2,12,39.6,0
2016-05-22 12:11:34,5,55,20.4,69,10.6,1004.2,1009.1,1.4,1.7,10,39.6,0
2016-05-22 12:16:34,5,55,20.4,69,10.7,1004,1008.9,1.7,2.7,10,39.9,0
2016-05-22 12:21:34,5,55,20.5,69,11.3,1004.1,1009,0.7,1.4,8,39.9,0
2016-05-22 12:26:34,5,55,20.5,68,11.7,1004.1,1009,1.4,1.7,8,39.9,0
2016-05-22 12:31:34,5,55,20.5,66,12.2,1004.1,1009,1.4,2,8,39.9,0
2016-05-22 12:36:34,5,55,20.5,65,12.9,1004.3,1009.2,2,3.1,10,39.9,0
2016-05-22 12:41:34,5,55,20.6,66,13.2,1004.3,1009.2,2.4,3.4,14,39.9,0
2016-05-22 12:46:34,5,55,20.6,65,13.6,1004.3,1009.2,2.7,3.7,12,39.9,0
2016-05-22 12:51:34,5,55,20.6,64,13.7,1004.3,1009.2,4.1,5.8,10,39.9,0
2016-05-22 12:56:34,5,55,20.7,62,13.2,1004.5,1009.4,2,3.1,15,39.9,0
2016-05-22 13:01:34,5,55,20.7,64,12.6,1004.4,1009.3,1.7,3.7,9,39.9,0
2016-05-22 13:06:34,5,55,20.7,66,11.9,1004.5,1009.4,2.7,3.7,10,39.9,0
2016-05-22 13:11:34,5,55,20.7,67,11.3,1004.8,1009.7,1.7,2.4,12,39.9,0
2016-05-22 13:16:34,5,55,20.7,68,10.8,1004.8,1009.7,0.3,1.4,10,40.2,0
2016-05-22 13:21:34,5,55,20.7,68,11,1004.6,1009.5,1.4,2,12,40.2,0
2016-05-22 13:26:34,5,55,20.7,69,11.7,1004.8,1009.7,1.4,2,12,40.2,0
2016-05-22 13:31:34,5,55,20.8,68,12.3,1004.8,1009.7,1.4,2.7,10,40.2,0
2016-05-22 13:36:34,5,55,20.9,67,12.7,1004.8,1009.7,1,1.7,0,40.2,0
2016-05-22 13:41:34,5,55,20.9,66,13.6,1004.8,1009.7,2,3.4,14,40.2,0
2016-05-22 13:46:34,5,55,20.9,65,13.5,1004.9,1009.8,2.4,3.1,10,40.2,0
2016-05-22 13:51:34,5,55,20.9,65,13.7,1004.9,1009.8,1.7,2.7,12,40.2,0
2016-05-22 13:56:34,5,54,21,64,13.1,1005.2,1010.1,2.4,4.8,12,40.2,0
2016-05-22 14:01:34,5,54,21,64,12.2,1005.2,1010.1,1.4,2.7,10,40.2,0
2016-05-22 14:06:34,5,54,21,66,11.8,1005.2,1010.1,1.4,2,10,40.2,0
2016-05-22 14:11:34,5,54,21,67,11.8,1005.1,1010,1,1.7,12,40.2,0
2016-05-22 14:16:34,5,54,21,68,12.9,1005.4,1010.3,1,2,10,40.2,0
2016-05-22 14:21:34,5,54,21.1,67,12.9,1005.6,1010.5,1.4,2.4,12,40.2,0
2016-05-22 14:26:34,5,54,21.1,66,12,1005.7,1010.6,1.7,3.1,14,40.8,0
2016-05-22 14:31:34,5,54,21,68,11,1006,1010.9,2.4,3.1,14,40.8,0
2016-05-22 14:36:34,5,54,21,70,10.8,1005.8,1010.7,1,1.7,12,40.8,0
2016-05-22 14:41:34,5,54,21,69,11.1,1005.9,1010.8,0.7,1,13,40.8,0
2016-05-22 14:46:34,5,54,21,70,11.5,1005.9,1010.8,1.7,2.4,14,40.8,0
2016-05-22 14:51:34,5,55,20.9,69,12.3,1006,1010.9,1,1.7,10,40.8,0
2016-05-22 14:56:34,5,54,21,68,12.4,1006.1,1011,0.7,1.4,10,40.8,0
2016-05-22 15:01:34,5,54,21,67,12.1,1006.3,1011.2,0.3,1,12,40.8,0
2016-05-22 15:06:34,5,54,21,69,11.9,1006.1,1011,0.7,1,10,40.8,0
2016-05-22 15:11:34,5,55,20.9,68,12.3,1006.2,1011.1,0.7,1,10,40.8,0
2016-05-22 15:16:34,5,54,21,67,12.8,1006.2,1011.1,4.1,5.8,14,40.8,0
2016-05-22 15:21:34,5,54,21,64,12.6,1006.3,1011.2,3.4,6.8,14,40.8,0
2016-05-22 15:26:34,5,54,21,64,12.3,1006.5,1011.4,2,2.7,14,40.8,0
2016-05-22 15:31:34,5,54,21,64,12.3,1006.4,1011.3,2.7,4.1,14,40.8,0
2016-05-22 15:36:34,5,54,21,63,12.3,1006.4,1011.3,4.4,6.8,14,40.8,0
2016-05-22 15:41:34,5,54,21,63,12.5,1006.5,1011.4,3.1,4.1,14,40.8,0
2016-05-22 15:46:34,5,54,21,63,12.6,1006.6,1011.5,3.1,4.8,14,40.8,0
2016-05-22 15:51:34,5,54,21.1,63,12.5,1006.6,1011.5,3.4,4.8,14,40.8,0
2016-05-22 15:56:34,5,53,21.1,62,12.2,1006.8,1011.7,4.4,6.5,12,40.8,0
2016-05-22 16:01:34,5,53,21.1,63,12.3,1006.9,1011.8,2.7,3.7,14,40.8,0
2016-05-22 16:06:34,5,53,21.1,62,12.4,1007,1011.9,2.4,4.8,14,40.8,0
2016-05-22 16:11:34,5,53,21.1,61,12.3,1007,1011.9,3.7,5.8,15,40.8,0
2016-05-22 16:16:34,5,53,21.1,62,12.3,1007.1,1012,3.4,4.1,14,40.8,0
2016-05-22 16:21:34,5,53,21.1,61,12.2,1007.1,1012,2.4,4.1,14,40.8,0
2016-05-22 16:26:34,5,53,21.1,62,12.3,1007.1,1012,4.1,5.4,12,40.8,0
2016-05-22 16:31:34,5,53,21.1,62,12.3,1007.3,1012.2,3.7,6.1,14,40.8,0
2016-05-22 16:36:34,5,53,21.1,61,12.3,1007.4,1012.3,3.1,4.4,14,40.8,0
2016-05-22 16:41:34,5,53,21.1,61,12.6,1007.4,1012.3,4.1,5.4,12,40.8,0
2016-05-22 16:46:34,5,53,21.1,60,12.2,1007.5,1012.4,4.1,6.1,14,40.8,0
2016-05-22 16:51:34,5,53,21.1,61,12.1,1007.6,1012.5,4.4,5.8,14,40.8,0
2016-05-22 16:56:34,5,52,21.1,61,12,1007.8,1012.7,4.4,6.1,14,40.8,0
2016-05-22 17:01:34,5,52,21.1,61,12.1,1007.8,1012.7,2,3.4,14,40.8,0
2016-05-22 17:06:34,5,52,21.1,61,11.9,1007.8,1012.7,3.7,5.1,14,40.8,0
2016-05-22 17:11:34,5,52,21.1,61,11.7,1007.9,1012.8,4.1,7.5,12,40.8,0
2016-05-22 17:16:34,5,51,21,62,11.7,1008.3,1013.2,3.4,5.4,14,40.8,0
2016-05-22 17:21:34,5,49,21,63,11.7,1008.2,1013.1,3.1,4.4,14,40.8,0
2016-05-22 17:26:34,5,49,20.9,62,11.5,1008.3,1013.2,3.4,4.8,0,40.8,0
2016-05-22 17:31:34,5,50,20.8,61,11.5,1008.4,1013.3,2.4,3.4,14,40.8,0
2016-05-22 17:36:34,5,49,20.7,62,11.6,1008.6,1013.5,2.7,4.4,14,40.8,0
2016-05-22 17:41:34,5,49,20.6,62,11.3,1008.5,1013.4,6.5,8.2,14,40.8,0
2016-05-22 17:46:34,5,50,20.6,62,11.1,1008.8,1013.7,4.1,5.8,14,40.8,0
2016-05-22 17:51:34,5,51,20.6,62,11.1,1008.8,1013.7,3.1,4.1,0,40.8,0
2016-05-22 17:56:34,5,52,20.6,62,11,1008.9,1013.8,2.4,3.4,14,40.8,0
2016-05-22 18:01:34,5,52,20.6,62,11,1008.9,1013.8,3.7,4.8,12,40.8,0
2016-05-22 18:06:34,5,52,20.6,63,10.9,1008.9,1013.8,3.4,4.8,10,40.8,0
2016-05-22 18:11:34,5,52,20.5,62,11,1009.1,1014,2.4,3.7,14,40.8,0
2016-05-22 18:16:34,5,52,20.5,63,11.1,1009,1013.9,2.4,3.4,14,40.8,0
2016-05-22 18:21:34,5,52,20.5,63,11.1,1009.2,1014.1,1,2,14,40.8,0
2016-05-22 18:26:34,5,52,20.5,64,11.3,1009.2,1014.1,2.4,3.7,14,40.8,0
2016-05-22 18:31:34,5,52,20.5,62,11,1009.4,1014.3,2,2.7,14,40.8,0
2016-05-22 18:36:34,5,52,20.5,62,11,1009.5,1014.4,2,2.7,14,40.8,0
2016-05-22 18:41:34,5,53,20.6,63,10.8,1008.7,1013.6,2.4,3.4,14,40.8,0
2016-05-22 18:46:34,5,53,21.2,62,11,1008.7,1013.6,2.4,5.4,0,40.8,0
2016-05-22 18:51:34,5,52,22.3,61,11.1,1009,1013.9,3.4,4.8,14,40.8,0
2016-05-22 18:56:34,5,51,22.7,60,11,1009.4,1014.3,2,3.1,12,40.8,0
2016-05-22 19:01:34,5,50,22.6,63,10.7,1009.6,1014.5,2,3.4,14,40.8,0
2016-05-22 19:06:34,5,50,22.4,63,10.6,1009.6,1014.5,4.1,5.1,12,40.8,0
2016-05-22 19:11:34,5,50,22.2,64,10.7,1009.9,1014.8,2.4,3.7,14,40.8,0
2016-05-22 19:16:34,5,50,22,64,10.7,1009.9,1014.8,2.4,3.4,12,40.8,0
2016-05-22 19:21:34,5,51,21.7,64,10.5,1010.1,1015,2.7,4.4,14,40.8,0
2016-05-22 19:26:34,5,52,21.6,64,10.1,1010.2,1015.1,2.7,4.1,14,40.8,0
2016-05-22 19:31:34,5,52,21.5,65,9.9,1010.2,1015.1,1.7,2.7,15,40.8,0
2016-05-22 19:36:34,5,53,21.3,66,9.9,1010.3,1015.2,2.7,3.4,12,40.8,0
2016-05-22 19:41:34,5,54,21.3,66,9.8,1010.5,1015.4,1.4,2.4,14,40.8,0
2016-05-22 19:46:34,5,54,21.2,66,9.7,1010.5,1015.4,1.4,2.4,14,40.8,0
2016-05-22 19:51:34,5,54,21.1,67,9.7,1010.6,1015.5,1.7,2.7,14,40.8,0
2016-05-22 19:56:34,5,54,21,67,9.6,1010.7,1015.6,0.7,1.7,14,40.8,0
2016-05-22 20:01:33,5,54,21,67,9.6,1010.7,1015.6,2,2.7,14,40.8,0
2016-05-22 20:06:33,5,55,20.9,67,9.7,1010.8,1015.7,1,1.4,12,40.8,0
2016-05-22 20:11:33,5,55,20.9,68,9.6,1011,1015.9,1.4,2,12,40.8,0
2016-05-22 20:16:33,5,55,20.8,68,9.4,1011,1015.9,1,1.7,14,40.8,0
2016-05-22 20:21:33,5,56,20.8,69,9.3,1011.1,1016,1.4,2,12,40.8,0
2016-05-22 20:26:33,5,56,20.7,69,9.2,1011.2,1016.1,1.4,1.7,14,40.8,0
2016-05-22 20:31:33,5,56,20.7,69,9.2,1011.3,1016.2,0.7,1,14,40.8,0
2016-05-22 20:36:33,5,56,20.6,70,9,1011.3,1016.2,0.3,1,14,40.8,0
2016-05-22 20:41:33,5,56,20.6,71,8.9,1011.5,1016.4,0.3,0.7,12,40.8,0
2016-05-22 20:46:33,5,56,20.5,71,8.8,1011.5,1016.4,0.7,1,10,40.8,0
2016-05-22 20:51:33,5,56,20.4,71,8.7,1011.6,1016.5,0.3,0.7,12,40.8,0
2016-05-22 20:56:33,5,56,20.4,71,8.7,1011.7,1016.6,0.7,1.4,10,40.8,0
2016-05-22 21:01:33,5,56,20.4,71,8.6,1011.7,1016.6,1.7,2.4,14,40.8,0
2016-05-22 21:06:33,5,56,20.4,71,8.6,1011.8,1016.7,1,1.4,14,40.8,0
2016-05-22 21:11:33,5,56,20.3,71,8.6,1012,1016.9,1,1.7,12,40.8,0
2016-05-22 21:16:33,5,56,20.3,71,8.4,1012,1016.9,0.7,1.4,14,40.8,0
2016-05-22 21:21:33,5,56,20.3,71,8.3,1012,1016.9,0.3,1.4,10,40.8,0
2016-05-22 21:26:33,5,56,20.3,71,8.1,1012.1,1017,0.7,1,12,40.8,0
2016-05-22 21:31:33,5,56,20.3,71,7.9,1012.3,1017.2,0.3,0.7,14,40.8,0
2016-05-22 21:36:33,5,56,20.2,71,7.8,1012.2,1017.1,0.7,1.4,14,40.8,0
2016-05-22 21:41:33,5,56,20.2,72,7.7,1012.3,1017.2,1.4,2,13,40.8,0
2016-05-22 21:46:33,5,56,20.1,72,7.7,1012.5,1017.4,0.3,0.7,12,40.8,0
2016-05-22 21:51:33,5,56,20.2,72,7.6,1012.7,1017.6,0.3,0.7,10,40.8,0
2016-05-22 21:56:33,5,56,20.1,72,7.5,1012.7,1017.6,0.3,0.7,12,40.8,0
2016-05-22 22:01:33,5,56,20.1,72,7.4,1012.7,1017.6,0,0.7,10,40.8,0
2016-05-22 22:06:33,5,56,20.1,72,7.2,1012.7,1017.6,0.7,1,10,40.8,0
2016-05-22 22:11:33,5,56,20.1,72,7.1,1012.9,1017.8,0,0.7,12,40.8,0
2016-05-22 22:16:33,5,56,20,72,7,1013,1017.9,0.3,0.7,10,40.8,0
2016-05-22 22:21:33,5,56,20,73,6.8,1013,1017.9,0.3,0.7,10,40.8,0
2016-05-22 22:26:33,5,56,20,73,6.7,1013.1,1018,0.7,1,10,40.8,0
2016-05-22 22:31:33,5,56,20,73,6.7,1013.2,1018.1,0.7,1,10,40.8,0
2016-05-22 22:36:33,5,57,19.9,73,6.6,1013.1,1018,0,0.3,10,40.8,0
2016-05-22 22:41:33,5,57,19.9,73,6.4,1013.1,1018,0,0.3,10,40.8,0
2016-05-22 22:46:33,5,57,19.9,73,6.3,1013.2,1018.1,0,0.7,10,40.8,0
2016-05-22 22:51:33,5,57,19.8,73,6.2,1013.3,1018.2,0.3,1,10,40.8,0
2016-05-22 22:56:33,5,57,19.8,73,6.1,1013.4,1018.3,0.7,1,12,40.8,0
2016-05-22 23:01:33,5,57,19.8,73,6,1013.3,1018.2,0.3,1,12,40.8,0
2016-05-22 23:06:33,5,57,19.8,73,6.1,1013.2,1018.1,0.3,1,8,40.8,0
2016-05-22 23:11:33,5,57,19.8,73,6.1,1013.3,1018.2,0.3,0.7,10,40.8,0
2016-05-22 23:16:33,5,57,19.8,73,6,1013.4,1018.3,0,0.7,10,40.8,0
2016-05-22 23:21:33,5,57,19.7,74,5.8,1013.4,1018.3,0,0,8,40.8,0
2016-05-22 23:26:33,5,57,19.6,74,5.7,1013.5,1018.4,0,0.3,10,40.8,0
2016-05-22 23:31:33,5,57,19.7,74,5.6,1013.7,1018.6,0.3,0.7,10,40.8,0
2016-05-22 23:36:33,5,57,19.7,74,5.6,1013.7,1018.6,0,0.7,10,40.8,0
2016-05-22 23:41:33,5,57,19.7,75,5.6,1013.8,1018.7,0.7,1,12,40.8,0
2016-05-22 23:46:33,5,57,19.7,75,5.6,1013.7,1018.6,0.7,1,8,40.8,0
2016-05-22 23:51:33,5,57,19.6,75,5.8,1013.8,1018.7,0.7,1.4,12,40.8,0
2016-05-22 23:56:33,5,57,19.6,75,5.8,1013.8,1018.7,1,1.4,10,40.8,0
