2020-02-13 00:03:53,5,47,19.4,86,5.8,983,987.9,2,3.1,8,136.8,0
2020-02-13 00:08:53,5,47,19.4,86,5.8,982.8,987.7,3.7,6.1,12,136.8,0
2020-02-13 00:13:53,5,47,19.4,85,5.9,982.8,987.7,4.1,5.4,10,136.8,0
2020-02-13 00:18:53,5,47,19.4,84,5.6,982.8,987.7,3.7,5.8,10,136.8,0
2020-02-13 00:23:53,5,47,19.3,84,5.4,982.9,987.8,4.4,5.1,10,136.8,0
2020-02-13 00:28:53,5,47,19.3,83,5.3,982.7,987.6,2.4,3.1,12,136.8,0
2020-02-13 00:33:53,5,47,19.3,83,5.2,982.5,987.4,1.7,2.4,10,136.8,0
2020-02-13 00:38:53,5,47,19.3,83,5.1,982.4,987.3,2,2.7,10,136.8,0
2020-02-13 00:43:53,5,47,19.3,83,5.1,982.4,987.3,1.4,2,10,136.8,0
2020-02-13 00:48:53,5,47,19.2,83,5,982.4,987.3,2.7,3.4,10,136.8,0
2020-02-13 00:53:53,5,47,19.2,83,5,982.2,987.1,2.4,3.4,14,136.8,0
2020-02-13 00:58:53,5,47,19.2,83,4.9,982,986.9,2,2.7,10,136.8,0
2020-02-13 01:03:53,5,47,19.1,83,4.9,982.1,987,1.4,2,12,136.8,0
2020-02-13 01:08:53,5,47,19,83,4.8,982,986.9,1.7,2,8,136.8,0
2020-02-13 01:13:53,5,47,19,83,4.9,982,986.9,2.4,3.4,8,136.8,0
2020-02-13 01:18:53,5,47,19,82,4.9,981.8,986.7,2.7,3.7,10,136.8,0
2020-02-13 01:23:53,5,47,19,82,5.1,981.9,986.8,3.4,5.1,10,136.8,0
2020-02-13 01:28:53,5,47,19,82,5.2,981.5,986.4,1.7,2.4,12,136.8,0
2020-02-13 01:33:53,5,48,18.9,82,5.3,981.6,986.5,2.7,3.1,9,136.8,0
2020-02-13 01:38:53,5,48,18.9,82,5.2,981.8,986.7,3.1,3.7,10,136.8,0
2020-02-13 01:43:53,5,48,18.9,82,5.2,981.6,986.5,2.4,3.1,10,137.1,0
2020-02-13 01:48:53,5,48,18.8,82,5.1,981.4,986.3,2,2.4,8,137.1,0
2020-02-13 01:53:53,5,48,18.8,82,5.1,981.3,986.2,2.4,3.4,0,137.1,0
2020-02-13 01:58:53,5,48,18.8,82,5.1,981.3,986.2,1.4,2,4,137.1,0
2020-02-13 02:03:53,5,48,18.8,82,4.9,981.3,986.2,2,2.4,10,137.1,0
2020-02-13 02:08:53,5,48,18.7,82,4.9,981.2,986.1,1.4,2,10,137.1,0
2020-02-13 02:13:53,5,48,18.8,82,4.9,981.2,986.1,1.7,2.4,10,137.1,0
2020-02-13 02:18:53,5,48,18.7,82,4.9,981.1,986,0.7,1,9,137.1,0
2020-02-13 02:23:53,5,48,18.7,82,4.9,981.1,986,1.4,1.7,,137.1,0
2020-02-13 02:28:53,5,48,18.7,82,4.9,981,985.9,1.7,2,4,137.1,0
2020-02-13 02:33:53,5,48,18.7,82,4.8,981,985.9,1,1.7,4,137.1,0
2020-02-13 02:38:53,5,48,18.7,82,4.8,980.9,985.8,0.7,1,4,137.1,0
2020-02-13 02:43:53,5,48,18.6,82,4.8,980.8,985.7,0.7,1,2,137.1,0
2020-02-13 02:48:53,5,48,18.7,83,4.8,980.7,985.6,1.4,1.7,4,137.1,0
2020-02-13 02:53:53,5,48,18.7,83,4.7,980.6,985.5,1,1.4,4,137.1,0
2020-02-13 02:58:53,5,48,18.6,83,4.7,980.6,985.5,0.3,0.7,4,137.1,0
2020-02-13 03:03:53,5,48,18.7,83,4.6,980.7,985.6,0.7,1,8,137.4,0
2020-02-13 03:08:53,5,48,18.6,83,4.7,980.4,985.3,1,1.4,4,137.4,0
2020-02-13 03:13:53,5,48,18.6,83,4.7,980.5,985.4,1.4,2,4,137.4,0
2020-02-13 03:18:53,5,48,18.7,84,4.8,980.4,985.3,2,3.1,4,137.4,0
2020-02-13 03:23:53,5,48,18.6,84,4.8,980.4,985.3,1.4,1.7,10,137.4,0
2020-02-13 03:28:53,5,48,18.6,84,4.9,980.3,985.2,2,2.7,13,137.4,0
2020-02-13 03:33:53,5,48,18.6,84,4.9,980.3,985.2,1.7,2.4,9,137.4,0
2020-02-13 03:38:53,5,48,18.5,84,5,980.2,985.1,1.7,2.4,2,137.4,0
2020-02-13 03:43:53,5,48,18.5,84,5,980.2,985.1,1.7,2,10,137.4,0
2020-02-13 03:48:53,5,48,18.5,84,5.1,980.3,985.2,2.7,3.4,2,137.4,0
2020-02-13 03:53:53,5,48,18.6,84,5.1,980.2,985.1,2.4,2.7,10,137.4,0
2020-02-13 03:58:53,5,48,18.6,84,5.1,980.3,985.2,2,2.7,8,137.4,0
2020-02-13 04:03:53,5,48,18.6,83,5,980.1,985,2,2.7,10,137.4,0
2020-02-13 04:08:53,5,48,18.5,83,4.9,980.2,985.1,1.7,2,10,137.4,0
2020-02-13 04:13:53,5,48,18.5,83,4.8,980.1,985,1.4,2,10,137.4,0
2020-02-13 04:18:53,5,48,18.5,83,4.8,980.2,985.1,2,3.4,8,137.4,0
2020-02-13 04:23:53,5,48,18.5,83,4.7,980.3,985.2,1.4,1.7,8,137.4,0
2020-02-13 04:28:53,5,48,18.5,83,4.6,980.1,985,1,1.4,10,137.4,0
2020-02-13 04:33:53,5,48,18.5,83,4.6,980.2,985.1,2,2.7,8,137.4,0
2020-02-13 04:38:53,5,48,18.4,83,4.7,980.2,985.1,1.4,1.7,10,137.4,0
2020-02-13 04:43:53,5,48,18.4,83,4.7,980.2,985.1,1.4,2,8,137.4,0
2020-02-13 04:48:53,5,48,18.4,84,4.7,980.2,985.1,1.4,1.7,9,137.4,0
2020-02-13 04:53:53,5,48,18.4,84,4.6,980.1,985,1,1.4,10,137.4,0
2020-02-13 04:58:53,5,48,18.4,84,4.6,980.1,985,1,1.4,10,137.4,0
2020-02-13 05:03:53,5,48,18.4,84,4.6,980.2,985.1,1.4,1.7,8,137.4,0
2020-02-13 05:08:53,5,48,18.4,84,4.6,980.2,985.1,1,1.7,10,137.4,0
2020-02-13 05:13:53,5,48,18.4,84,4.6,980.4,985.3,1.7,2,10,137.4,0
2020-02-13 05:18:53,5,48,18.4,84,4.6,980.4,985.3,1.4,2,10,137.4,0
2020-02-13 05:23:53,5,48,18.4,84,4.6,980.5,985.4,1,1.4,10,137.4,0
2020-02-13 05:28:53,5,48,18.4,84,4.5,980.7,985.6,0.7,1,10,137.4,0
2020-02-13 05:33:53,5,48,18.3,84,4.5,980.6,985.5,0.7,1,10,137.4,0
2020-02-13 05:38:53,5,48,18.4,84,4.4,980.7,985.6,0,0.7,10,137.4,0
2020-02-13 05:43:53,5,48,18.4,84,4.4,980.7,985.6,0,0.3,10,137.4,0
2020-02-13 05:48:53,5,48,18.4,84,4.3,980.7,985.6,0.3,0.7,10,137.4,0
2020-02-13 05:53:53,5,48,18.4,84,4.2,980.6,985.5,0.3,0.7,10,137.4,0
2020-02-13 05:58:53,5,48,18.3,84,4.1,981,985.9,0.3,0.7,10,137.4,0
2020-02-13 06:03:53,5,48,18.3,84,4,981,985.9,0.3,0.7,10,137.4,0
2020-02-13 06:08:53,5,48,18.3,84,4,981,985.9,1,1.4,10,137.4,0
2020-02-13 06:13:53,5,48,18.3,84,3.9,981.4,986.3,0.3,0.7,10,137.4,0
2020-02-13 06:18:53,5,48,18.3,84,3.7,981.4,986.3,0.3,0.3,10,137.4,0
2020-02-13 06:23:53,5,48,18.3,84,3.6,981.5,986.4,0.3,0.7,10,137.4,0
2020-02-13 06:28:53,5,48,18.3,84,3.6,981.7,986.6,0.7,1,10,137.4,0
2020-02-13 06:33:53,5,48,18.3,84,3.8,981.9,986.8,1,1.4,10,137.4,0
2020-02-13 06:38:53,5,48,18.3,85,3.9,982.1,987,0.7,1,10,137.4,0
2020-02-13 06:43:53,5,48,18.3,85,4,982.1,987,1,1.4,12,137.4,0
2020-02-13 06:48:53,5,48,18.3,85,4.1,982.4,987.3,1,1.4,12,137.4,0
2020-02-13 06:53:53,5,48,18.3,85,4.1,982.3,987.2,0.3,0.7,14,137.4,0
2020-02-13 06:58:53,5,48,18.3,85,4,982.7,987.6,0.7,1,12,137.4,0
2020-02-13 07:03:53,5,48,18.3,85,3.9,982.7,987.6,0.3,0.7,12,137.4,0
2020-02-13 07:08:53,5,48,18.3,85,3.8,983,987.9,1,1.4,12,137.4,0
2020-02-13 07:13:53,5,48,18.3,85,3.8,983.1,988,1.4,1.7,12,137.4,0
2020-02-13 07:18:53,5,48,18.3,85,3.9,983.3,988.2,1.4,1.7,12,137.4,0
2020-02-13 07:23:53,5,48,18.3,85,3.9,983.5,988.4,1.4,1.7,12,137.4,0
2020-02-13 07:28:53,5,48,18.3,85,3.8,983.6,988.5,1,1.4,12,137.4,0
2020-02-13 07:33:53,5,48,18.3,85,3.7,983.9,988.8,1,1.4,12,137.4,0
2020-02-13 07:38:53,5,48,18.3,85,3.7,984,988.9,1,1.7,10,137.4,0
2020-02-13 07:43:53,5,48,18.3,85,3.7,984.3,989.2,1.4,1.7,12,137.4,0
2020-02-13 07:48:53,5,48,18.3,85,3.7,984.4,989.3,1,1.4,12,137.4,0
2020-02-13 07:53:53,5,48,18.3,85,3.6,984.5,989.4,1.7,2,11,137.4,0
2020-02-13 07:58:53,5,47,18.2,86,3.7,984.8,989.7,1.4,1.7,12,137.4,0
2020-02-13 08:03:53,5,47,18.2,86,3.7,985.1,990,1,1.4,12,137.4,0
2020-02-13 08:08:53,5,47,18.2,86,3.7,985.3,990.2,1.4,1.7,12,137.4,0
2020-02-13 08:13:53,5,47,18.2,86,3.8,985.8,990.7,1.4,2,12,137.4,0
2020-02-13 08:18:53,5,47,18.2,86,3.9,985.8,990.7,1.7,2,14,137.4,0
2020-02-13 08:23:53,5,47,18.2,86,4,986.4,991.3,1.4,1.7,12,137.4,0
2020-02-13 08:28:53,5,48,18.2,86,4.3,986.6,991.5,1.7,2.4,14,137.4,0
2020-02-13 08:33:53,5,48,18.2,87,4.5,986.4,991.3,1.4,1.7,12,137.4,0
2020-02-13 08:38:53,5,48,18.3,87,4.5,986.7,991.6,1,1.4,12,137.4,0
2020-02-13 08:43:53,5,48,18.3,87,4.6,986.7,991.6,1,1.4,14,137.4,0
2020-02-13 08:48:53,5,49,18.3,87,4.7,987,991.9,1.4,1.7,14,137.4,0
2020-02-13 08:53:53,5,50,18.3,87,4.7,987.3,992.2,1,1.7,12,137.4,0
2020-02-13 08:58:53,5,50,18.3,87,4.7,987.8,992.7,2,2.7,14,137.4,0
2020-02-13 09:03:53,5,51,18.4,87,4.7,987.6,992.5,1.4,2.4,13,137.4,0
2020-02-13 09:08:53,5,52,18.4,87,4.9,987.7,992.6,1.4,1.7,14,137.4,0
2020-02-13 09:13:53,5,52,18.4,87,5.1,987.7,992.6,1,1.7,14,137.4,0
2020-02-13 09:18:53,5,52,18.4,87,5.2,987.9,992.8,1,1.7,14,137.4,0
2020-02-13 09:23:53,5,52,18.4,87,5.3,988.1,993,1,1.4,12,137.4,0
2020-02-13 09:28:53,5,52,18.5,87,5.5,988.2,993.1,0.7,1,14,137.4,0
2020-02-13 09:33:53,5,52,18.5,87,5.7,988.3,993.2,0.7,1,12,137.4,0
2020-02-13 09:38:53,5,52,18.5,87,5.9,988.5,993.4,0.3,0.7,10,137.4,0
2020-02-13 09:43:53,5,52,18.6,87,6.3,988.7,993.6,0.7,1,10,137.4,0
2020-02-13 09:48:53,5,52,18.6,87,6.3,988.9,993.8,1,1.4,12,137.4,0
2020-02-13 09:53:53,5,52,18.6,87,6.3,989,993.9,1,1.4,12,137.4,0
2020-02-13 09:58:53,5,52,18.6,87,6.5,989.1,994,0.7,1,12,137.4,0
2020-02-13 10:03:53,5,52,18.6,87,6.6,989.5,994.4,1.4,1.7,14,137.4,0
2020-02-13 10:08:53,5,52,18.7,86,6.8,989.5,994.4,1.4,1.7,14,137.4,0
2020-02-13 10:13:53,5,52,18.7,86,6.9,989.7,994.6,2,2.7,12,137.4,0
2020-02-13 10:18:53,5,52,18.7,85,7.1,989.8,994.7,2,2.4,12,137.4,0
2020-02-13 10:23:53,5,52,18.7,85,7.3,990.3,995.2,1.4,2,12,137.4,0
2020-02-13 10:28:53,5,52,18.8,84,7.4,990.4,995.3,1.7,2.7,14,137.4,0
2020-02-13 10:33:53,5,52,18.7,79,7.5,990.6,995.5,2,2.7,14,137.4,0
2020-02-13 10:38:53,5,52,18.8,78,7.6,990.8,995.7,1.4,1.7,10,137.4,0
2020-02-13 10:43:53,5,53,18.8,78,7.5,990.7,995.6,2,2.7,10,137.4,0
2020-02-13 10:48:53,5,53,18.8,82,7.4,990.9,995.8,1.4,2,0,137.4,0
2020-02-13 10:53:53,5,53,18.8,82,7.4,991.2,996.1,2,2.7,14,137.4,0
2020-02-13 10:58:53,5,53,18.9,77,7.5,991.6,996.5,2,2.4,14,137.4,0
2020-02-13 11:03:53,5,53,18.9,82,7.4,991.8,996.7,2.4,3.1,12,137.4,0
2020-02-13 11:08:53,5,53,18.9,83,7.4,992,996.9,3.4,4.4,0,137.4,0
2020-02-13 11:13:53,5,53,18.9,83,7.2,992.3,997.2,3.1,4.4,14,137.4,0
2020-02-13 11:18:53,5,53,18.9,84,7,992.5,997.4,2.7,3.4,12,137.4,0
2020-02-13 11:23:53,5,52,19,85,6.9,992.8,997.7,2,2.7,12,137.4,0
2020-02-13 11:28:53,5,52,18.9,85,6.9,993.1,998,4.8,5.4,12,137.4,0
2020-02-13 11:33:53,5,52,18.9,85,6.7,993.1,998,4.1,5.4,14,137.4,0
2020-02-13 11:38:52,5,51,19,84,6.7,993.5,998.4,5.1,5.8,14,137.4,0
2020-02-13 11:43:52,5,51,19,83,6.8,993.7,998.6,3.1,4.1,14,137.4,0
2020-02-13 11:48:52,5,51,19,82,6.9,993.8,998.7,4.8,5.4,12,137.4,0
2020-02-13 11:53:52,5,51,19,82,7,993.8,998.7,5.1,6.5,0,137.4,0
2020-02-13 11:58:52,5,51,19,81,7.1,994.3,999.2,6.1,6.8,0,137.4,0
2020-02-13 12:03:52,5,51,19.1,80,7.1,994.4,999.3,4.4,5.8,14,137.4,0
2020-02-13 12:08:52,5,51,19.1,74,7.5,994.8,999.7,3.7,4.8,14,137.4,0
2020-02-13 12:13:52,5,51,19.1,80,7.4,995.1,1000,5.1,5.8,14,137.4,0
2020-02-13 12:18:52,5,51,19.2,80,7.3,995.3,1000.2,2.4,4.4,14,137.4,0
2020-02-13 12:23:52,5,51,19.2,80,7.1,995.4,1000.3,5.1,5.8,14,137.4,0
2020-02-13 12:28:52,5,51,19.2,80,7.2,995.6,1000.5,3.4,4.4,12,137.4,0
2020-02-13 12:33:52,5,51,19.2,80,7,995.8,1000.7,3.4,4.1,14,137.4,0
2020-02-13 12:38:52,5,51,19.2,80,7,996,1000.9,4.8,5.8,14,137.4,0
2020-02-13 12:43:52,5,51,19.2,80,7.2,996,1000.9,4.1,5.1,10,137.4,0
2020-02-13 12:48:52,5,51,19.2,80,7.2,996.3,1001.2,5.1,7.1,12,137.4,0
2020-02-13 12:53:52,5,51,19.2,80,7,996.3,1001.2,2.7,4.1,14,137.4,0
2020-02-13 12:58:52,5,51,19.2,81,6.6,996.5,1001.4,3.4,3.7,12,137.4,0
2020-02-13 13:03:52,5,51,19.2,82,6.5,996.6,1001.5,4.4,5.1,14,137.4,0
2020-02-13 13:08:52,5,51,19.2,83,6.4,996.7,1001.6,2.7,3.4,12,137.4,0
2020-02-13 13:13:52,5,51,19.2,83,6.5,996.8,1001.7,3.7,4.4,14,137.4,0
2020-02-13 13:18:52,5,51,19.2,84,6.5,997,1001.9,3.1,3.7,12,137.4,0
2020-02-13 13:23:52,5,51,19.2,84,6.6,997.3,1002.2,2.4,3.4,14,137.4,0
2020-02-13 13:28:52,5,50,19.2,83,6.8,997.4,1002.3,2.4,3.7,14,137.4,0
2020-02-13 13:33:52,5,50,19.2,82,7,997.9,1002.8,3.4,4.4,14,137.4,0
2020-02-13 13:38:52,5,50,19.2,81,7,997.8,1002.7,5.4,5.8,0,137.4,0
2020-02-13 13:43:52,5,51,19.2,80,7.1,998.1,1003,3.7,4.8,15,137.4,0
2020-02-13 13:48:52,5,51,19.2,80,7,998.2,1003.1,2.7,3.4,14,137.4,0
2020-02-13 13:53:52,5,51,19.2,73,7.6,998.3,1003.2,3.7,4.4,14,137.4,0
2020-02-13 13:58:52,5,51,19.2,72,8,998.4,1003.3,3.4,4.8,14,137.4,0
2020-02-13 14:03:52,5,51,19.2,71,7.6,998.4,1003.3,3.7,4.1,14,137.4,0
2020-02-13 14:08:52,5,50,19.2,71,7.9,998.4,1003.3,3.7,4.4,14,137.4,0
2020-02-13 14:13:52,5,50,19.2,70,8,998.6,1003.5,3.4,4.8,0,137.4,0
2020-02-13 14:18:52,5,50,19.2,69,8.2,998.7,1003.6,3.4,4.8,14,137.4,0
2020-02-13 14:23:52,5,50,19.3,66,8.1,999,1003.9,5.8,6.8,0,137.4,0
2020-02-13 14:28:52,5,50,19.3,66,8.2,999.4,1004.3,3.4,4.1,14,137.4,0
2020-02-13 14:33:52,5,50,19.4,65,8,999.5,1004.4,6.5,7.5,14,137.4,0
2020-02-13 14:38:52,5,50,19.4,66,7.6,999.6,1004.5,7.5,8.5,14,137.4,0
2020-02-13 14:43:52,5,50,19.4,68,7.8,999.6,1004.5,3.7,4.8,0,137.4,0
2020-02-13 14:48:52,5,50,19.5,67,7.8,999.7,1004.6,5.8,6.8,0,137.4,0
2020-02-13 14:53:52,5,50,19.5,68,7.8,999.9,1004.8,2.4,3.1,14,137.4,0
2020-02-13 14:58:52,5,49,19.5,67,7.9,1000.1,1005,3.7,4.4,10,137.4,0
2020-02-13 15:03:52,5,49,19.5,70,7.4,1000.4,1005.3,4.8,6.1,0,137.4,0
2020-02-13 15:08:52,5,49,19.6,71,7.2,1000.6,1005.5,3.7,4.8,14,137.4,0
2020-02-13 15:13:52,5,49,19.6,72,7.3,1000.7,1005.6,3.7,4.8,14,137.4,0
2020-02-13 15:18:52,5,49,19.5,72,7.3,1001,1005.9,3.7,5.1,14,137.4,0
2020-02-13 15:23:52,5,49,19.6,72,7.2,1001.2,1006.1,3.7,5.1,12,137.4,0
2020-02-13 15:28:52,5,49,19.6,72,7.2,1001.4,1006.3,2,2.7,14,137.4,0
2020-02-13 15:33:52,5,49,19.6,72,7.3,1001.6,1006.5,2,3.1,14,137.4,0
2020-02-13 15:38:52,5,49,19.6,72,7.2,1001.9,1006.8,3.4,4.4,14,137.4,0
2020-02-13 15:43:52,5,48,19.6,72,7.2,1001.9,1006.8,3.7,4.8,14,137.4,0
2020-02-13 15:48:52,5,48,19.7,73,7.2,1002,1006.9,4.4,5.1,14,137.4,0
2020-02-13 15:53:52,5,48,19.7,73,7.2,1002.2,1007.1,3.4,3.7,12,137.4,0
2020-02-13 15:58:52,5,48,19.7,72,7.2,1002.1,1007,2.7,3.4,14,137.4,0
2020-02-13 16:03:52,5,48,19.7,73,7.2,1002.5,1007.4,2,3.1,14,137.4,0
2020-02-13 16:08:52,5,47,19.7,73,7.2,1002.5,1007.4,2.4,2.7,12,137.4,0
2020-02-13 16:13:52,5,47,19.8,73,7.2,1002.6,1007.5,4.1,4.4,15,137.4,0
2020-02-13 16:18:52,5,47,19.7,74,7.2,1002.6,1007.5,2.4,3.4,14,137.4,0
2020-02-13 16:23:52,5,47,19.8,73,7.1,1002.7,1007.6,3.4,4.4,14,137.4,0
2020-02-13 16:28:52,5,47,19.8,72,7,1002.7,1007.6,2.4,3.1,14,137.4,0
2020-02-13 16:33:52,5,47,19.8,72,6.9,1002.9,1007.8,4.8,6.1,12,137.4,0
2020-02-13 16:38:52,5,47,19.8,73,6.8,1003,1007.9,4.8,5.8,14,137.4,0
2020-02-13 16:43:52,5,47,19.8,72,6.8,1003.4,1008.3,2.7,3.4,14,137.4,0
2020-02-13 16:48:52,5,47,19.8,73,6.8,1003.5,1008.4,2.4,3.1,14,137.4,0
2020-02-13 16:53:52,5,46,19.8,73,6.8,1003.7,1008.6,1.7,2.4,0,137.4,0
2020-02-13 16:58:52,5,46,19.9,73,6.7,1003.9,1008.8,2.4,2.7,14,137.4,0
2020-02-13 17:03:52,5,46,19.9,73,6.7,1004.2,1009.1,1.4,2,12,137.4,0
2020-02-13 17:08:52,5,46,19.9,73,6.6,1004.2,1009.1,2,2.7,12,137.4,0
2020-02-13 17:13:52,5,46,19.9,73,6.5,1004.5,1009.4,0.7,1,10,137.4,0
2020-02-13 17:18:52,5,46,19.9,74,6.4,1004.6,1009.5,1,1.7,14,137.4,0
2020-02-13 17:23:52,5,46,19.9,75,6.4,1004.6,1009.5,1.4,2,14,137.4,0
2020-02-13 17:28:52,5,46,19.9,76,6.4,1004.6,1009.5,0.7,1,14,137.4,0
2020-02-13 17:33:52,5,46,19.9,77,6.3,1004.7,1009.6,1,1.4,14,137.4,0
2020-02-13 17:38:52,5,45,20,77,6.3,1004.7,1009.6,0.3,0.7,14,137.4,0
2020-02-13 17:43:52,5,45,20,77,6.2,1004.8,1009.7,0,0,14,137.4,0
2020-02-13 17:48:52,5,45,20,77,6.2,1005,1009.9,0.3,0.7,14,137.4,0
2020-02-13 17:53:52,5,45,20,77,6.1,1005.1,1010,0,0,14,137.4,0
2020-02-13 17:58:52,5,45,20,78,6.2,1005.1,1010,0.3,0.7,4,137.4,0
2020-02-13 18:03:59,5,45,20.1,78,6.1,1005.3,1010.2,0,0,4,137.4,0
2020-02-13 18:08:52,5,45,20.1,79,6,1005.4,1010.3,0.3,0.7,10,137.4,0
2020-02-13 18:13:52,5,45,20.1,80,6,1005.5,1010.4,0,0,10,137.4,0
2020-02-13 18:18:52,5,45,20,80,5.9,1005.8,1010.7,0.3,0.7,10,137.4,0
2020-02-13 18:23:52,5,45,20,80,6,1006,1010.9,0.3,0.7,12,137.4,0
2020-02-13 18:28:52,5,47,19.9,80,6,1005.8,1010.7,0.7,1,10,137.4,0
2020-02-13 18:33:52,5,47,19.9,80,6,1005.9,1010.8,0.3,0.7,10,137.4,0
2020-02-13 18:38:52,5,48,19.9,80,5.9,1006,1010.9,0,0.3,4,137.4,0
2020-02-13 18:43:52,5,49,19.9,80,5.8,1006,1010.9,0.7,1,4,137.4,0
2020-02-13 18:48:52,5,49,19.9,80,5.7,1006,1010.9,0.7,1,,137.4,0
2020-02-13 18:53:52,5,50,19.9,80,5.5,1006.1,1011,0.3,0.7,,137.4,0
2020-02-13 18:58:52,5,50,19.9,80,5.3,1006.2,1011.1,0.3,0.7,4,137.4,0
2020-02-13 19:03:52,5,50,19.9,80,5.2,1006.3,1011.2,0.3,0.7,4,137.4,0
2020-02-13 19:08:52,5,50,19.9,80,5,1006.4,1011.3,0,0,4,137.4,0
2020-02-13 19:13:52,5,50,19.8,80,5,1006.4,1011.3,0.3,0.7,4,137.4,0
2020-02-13 19:18:52,5,50,19.8,80,4.9,1006.2,1011.1,0.3,0.7,4,137.4,0
2020-02-13 19:23:52,5,50,19.8,81,4.9,1006.4,1011.3,0.7,1,4,137.4,0
2020-02-13 19:28:52,5,50,19.8,81,4.9,1006.5,1011.4,0.3,0.7,,137.4,0
2020-02-13 19:33:52,5,50,19.8,81,4.7,1006.4,1011.3,0,0,,137.4,0
2020-02-13 19:38:52,5,50,19.8,81,4.6,1006.5,1011.4,0.3,0.7,4,137.4,0
2020-02-13 19:43:52,5,50,19.8,81,4.6,1006.6,1011.5,0.7,1,4,137.4,0
2020-02-13 19:48:52,5,50,19.8,81,4.5,1006.7,1011.6,0.3,0.7,4,137.4,0
2020-02-13 19:53:52,5,50,19.8,81,4.3,1006.6,1011.5,0,0.7,4,137.4,0
2020-02-13 19:58:52,5,50,19.8,81,4.1,1006.7,1011.6,0,0.3,4,137.4,0
2020-02-13 20:03:52,5,50,19.8,81,4.1,1006.6,1011.5,0.3,0.7,4,137.4,0
2020-02-13 20:08:52,5,50,19.8,81,4,1006.6,1011.5,0.3,0.7,8,137.4,0
2020-02-13 20:13:52,5,50,19.8,81,3.9,1006.7,1011.6,0,0.3,4,137.4,0
2020-02-13 20:18:52,5,50,19.8,82,3.9,1006.7,1011.6,0,0,4,137.4,0
2020-02-13 20:23:52,5,50,19.8,82,3.9,1006.6,1011.5,0.3,0.7,4,137.4,0
2020-02-13 20:28:52,5,50,19.8,82,3.8,1006.7,1011.6,0.3,0.7,4,137.4,0
2020-02-13 20:33:52,5,50,19.8,82,3.8,1006.5,1011.4,0.3,1,4,137.4,0
2020-02-13 20:38:52,5,50,19.8,82,3.7,1006.4,1011.3,0.3,0.7,10,137.4,0
2020-02-13 20:43:52,5,50,19.8,82,3.7,1006.3,1011.2,0.7,1,4,137.4,0
2020-02-13 20:48:52,5,50,19.8,82,3.8,1006.3,1011.2,0.3,0.7,4,137.4,0
2020-02-13 20:53:52,5,49,19.8,82,3.8,1006.5,1011.4,0.7,1.4,4,137.4,0
2020-02-13 20:58:52,5,49,19.8,83,3.9,1006.1,1011,1.4,2,4,137.4,0
2020-02-13 21:03:52,5,49,19.8,83,4.1,1006,1010.9,1,1.4,4,137.4,0
2020-02-13 21:08:52,5,50,19.9,83,4.3,1006,1010.9,1.4,1.7,2,137.4,0
2020-02-13 21:13:52,5,50,20,83,4.4,1006.3,1011.2,1,1.7,,137.4,0
2020-02-13 21:18:52,5,50,20.1,83,4.5,1006.6,1011.5,1,1.4,12,137.4,0
2020-02-13 21:23:52,5,50,20.2,83,4.5,1006.5,1011.4,0.7,1,10,137.4,0
2020-02-13 21:28:52,5,50,20.2,83,4.5,1006.4,1011.3,1,1.7,4,137.4,0
2020-02-13 21:33:52,5,50,20.3,83,4.6,1006.2,1011.1,1.4,1.7,,137.4,0
2020-02-13 21:38:52,5,50,20.4,83,4.7,1005.8,1010.7,2,3.1,4,137.4,0
2020-02-13 21:43:52,5,50,20.5,83,4.9,1005.8,1010.7,2,3.1,4,137.4,0
2020-02-13 21:48:52,5,50,20.5,83,4.9,1005.8,1010.7,1.7,2.4,2,137.4,0
2020-02-13 21:53:52,5,50,20.6,83,5,1005.8,1010.7,1.7,2.7,8,137.4,0
2020-02-13 21:58:52,5,50,20.6,83,5.1,1005.5,1010.4,2,2.7,4,137.4,0
2020-02-13 22:03:52,5,50,20.7,82,5.1,1005.8,1010.7,2.7,3.4,,137.4,0
2020-02-13 22:08:52,5,50,20.7,82,5.1,1005.9,1010.8,1.7,2.7,4,137.4,0
2020-02-13 22:13:52,5,50,20.8,82,5.2,1005.6,1010.5,2,2.7,14,137.4,0
2020-02-13 22:18:52,5,50,20.8,81,5.1,1005.6,1010.5,1.4,1.7,4,137.4,0
2020-02-13 22:23:52,5,50,20.9,81,5.1,1005.6,1010.5,2,2.7,4,137.4,0
2020-02-13 22:28:52,5,49,21,81,5.1,1005.9,1010.8,1.7,2.4,4,137.4,0
2020-02-13 22:33:52,5,49,21,81,5.1,1005.5,1010.4,2.4,3.1,,137.4,0
2020-02-13 22:38:52,5,49,21.1,81,5.1,1005.8,1010.7,2.4,3.1,4,137.4,0
2020-02-13 22:43:52,5,49,21.1,81,5.2,1005.6,1010.5,3.4,4.8,8,137.4,0
2020-02-13 22:48:52,5,49,21.2,81,5.2,1005.4,1010.3,4.1,5.4,,137.4,0
2020-02-13 22:53:52,5,49,21.2,81,5.1,1005.2,1010.1,3.4,4.1,,137.4,0
2020-02-13 22:58:52,5,49,21.2,81,5,1005.2,1010.1,3.4,4.4,,137.4,0
2020-02-13 23:03:52,5,49,21.2,81,5,1005.3,1010.2,3.1,4.4,12,137.4,0
2020-02-13 23:08:52,5,49,21.1,81,4.9,1005.2,1010.1,2.4,3.4,4,137.4,0
2020-02-13 23:13:52,5,48,21,81,4.9,1005.1,1010,2.7,3.4,4,137.4,0
2020-02-13 23:18:52,5,49,20.9,81,4.8,1004.7,1009.6,1.7,3.1,12,137.4,0
2020-02-13 23:23:52,5,49,20.8,81,4.7,1004.7,1009.6,2,2.7,,137.4,0
2020-02-13 23:28:52,5,49,20.6,81,4.6,1005,1009.9,2,2.4,4,137.4,0
2020-02-13 23:33:52,5,49,20.6,81,4.5,1005,1009.9,2,2.4,,137.4,0
2020-02-13 23:38:52,5,50,20.5,81,4.4,1005.1,1010,2.7,4.1,4,137.4,0
2020-02-13 23:43:52,5,50,20.5,82,4.4,1005,1009.9,1.7,2.7,2,137.4,0
2020-02-13 23:48:52,5,50,20.4,82,4.6,1004.9,1009.8,2,3.1,,137.4,0
2020-02-13 23:53:52,5,50,20.4,82,4.8,1004.9,1009.8,2.4,3.1,4,137.4,0
2020-02-13 23:58:52,5,50,20.3,82,5.1,1005.1,1010,3.1,4.4,4,137.4,0
