2020-02-06 00:05:54,6,51,19.5,82,4.1,1027.9,1032.8,1,1.4,4,90.6,0
2020-02-06 00:10:54,5,51,19.5,82,4.3,1028,1032.9,1.4,1.7,4,90.6,0
2020-02-06 00:15:54,5,51,19.5,82,4.3,1027.9,1032.8,1.4,1.7,4,90.6,0
2020-02-06 00:21:54,6,51,19.4,81,3.9,1027.8,1032.7,0.7,1,4,90.6,0
2020-02-06 00:26:54,5,51,19.4,81,3.7,1027.9,1032.8,0,0,2,90.6,0
2020-02-06 00:31:54,5,51,19.4,81,3.6,1027.9,1032.8,0,0,14,90.6,0
2020-02-06 00:37:54,6,51,19.3,81,3.5,1027.6,1032.5,1,1.7,4,90.6,0
2020-02-06 00:42:54,5,51,19.3,81,3.7,1027.7,1032.6,0.7,1,2,90.6,0
2020-02-06 00:47:54,5,51,19.3,81,3.7,1027.5,1032.4,0.7,1,2,90.6,0
2020-02-06 00:53:54,6,51,19.2,82,4.1,1027.7,1032.6,0,0.3,2,90.6,0
2020-02-06 00:58:54,5,51,19.2,82,4.1,1027.5,1032.4,0.3,0.3,4,90.6,0
2020-02-06 01:03:54,5,51,19.2,82,4.1,1027.6,1032.5,0.7,1,4,90.6,0
2020-02-06 01:09:54,6,51,19.1,82,4.2,1027.4,1032.3,0.7,0.7,,90.6,0
2020-02-06 01:14:54,5,51,19.1,82,4,1027.4,1032.3,0,0.3,4,90.6,0
2020-02-06 01:19:54,5,51,19.1,82,3.8,1027.3,1032.2,0.3,0.7,4,90.6,0
2020-02-06 01:25:54,6,51,19,82,3.7,1027.1,1032,0.7,1,2,90.6,0
2020-02-06 01:30:54,5,51,19,82,3.6,1027.3,1032.2,0.3,0.7,2,90.6,0
2020-02-06 01:35:54,5,51,19,82,3.7,1027.1,1032,1,1.7,1,90.6,0
2020-02-06 01:41:54,6,51,19,82,3.7,1027,1031.9,0.7,1,2,90.6,0
2020-02-06 01:46:54,5,52,18.9,82,3.9,1027.1,1032,0.7,1,2,90.6,0
2020-02-06 01:51:54,5,52,18.9,82,3.9,1027.1,1032,0.7,1,4,90.6,0
2020-02-06 01:57:54,6,52,18.9,82,3.9,1026.9,1031.8,0.7,1,4,90.6,0
2020-02-06 02:02:54,5,52,18.8,82,4,1026.7,1031.6,1,1.4,2,90.6,0
2020-02-06 02:07:54,5,52,18.9,82,4,1026.8,1031.7,1,1.4,10,90.6,0
2020-02-06 02:13:54,6,52,18.8,82,3.6,1026.7,1031.6,0,0.3,8,90.6,0
2020-02-06 02:18:54,5,52,18.8,81,3.4,1026.7,1031.6,0.7,1,4,90.6,0
2020-02-06 02:23:54,5,52,18.8,81,3.1,1026.6,1031.5,0.3,0.7,4,90.6,0
2020-02-06 02:29:54,6,52,18.8,82,3.3,1026.5,1031.4,0.7,1,4,90.6,0
2020-02-06 02:34:54,5,52,18.7,82,3.6,1026.8,1031.7,0.7,1.4,10,90.6,0
2020-02-06 02:39:54,5,52,18.7,82,3.5,1026.4,1031.3,1.4,1.7,4,90.6,0
2020-02-06 02:45:54,6,52,18.7,82,4.2,1026.5,1031.4,1,1.4,,90.6,0
2020-02-06 02:50:54,5,52,18.7,83,4.3,1026.5,1031.4,0.7,1,2,90.6,0
2020-02-06 02:55:54,5,52,18.7,83,4.5,1026.6,1031.5,0.7,1,4,90.6,0
2020-02-06 03:01:54,6,52,18.7,83,4.7,1026.4,1031.3,0.3,0.7,2,90.6,0
2020-02-06 03:06:54,5,52,18.7,82,4.4,1026.5,1031.4,0.7,1,4,90.6,0
2020-02-06 03:11:54,5,52,18.7,82,4.2,1026.4,1031.3,0.7,1.4,4,90.6,0
2020-02-06 03:17:54,6,52,18.6,81,4,1026.3,1031.2,1.4,2.4,2,90.6,0
2020-02-06 03:22:54,5,52,18.6,81,4.1,1026.4,1031.3,1,1.7,2,90.6,0
2020-02-06 03:27:54,5,52,18.6,81,3.8,1026.4,1031.3,0.3,1,8,90.6,0
2020-02-06 03:33:54,6,52,18.6,81,3.4,1026.3,1031.2,1,1.7,4,90.6,0
2020-02-06 03:38:54,5,52,18.6,81,3,1026.1,1031,1.7,2,2,90.6,0
2020-02-06 03:43:54,5,52,18.6,81,2.7,1026.3,1031.2,1.4,1.7,,90.6,0
2020-02-06 03:49:54,6,52,18.6,81,2.3,1026.3,1031.2,1,1.4,,90.6,0
2020-02-06 03:54:54,5,52,18.6,81,2.1,1026.4,1031.3,1.4,1.7,4,90.6,0
2020-02-06 03:59:54,5,52,18.6,81,1.9,1026.2,1031.1,1.4,1.7,4,90.6,0
2020-02-06 04:05:54,6,52,18.5,81,1.7,1026.1,1031,1.4,1.7,4,90.6,0
2020-02-06 04:10:54,5,52,18.5,81,1.6,1026.2,1031.1,1.4,1.7,,90.6,0
2020-02-06 04:15:54,5,52,18.5,82,1.6,1026.3,1031.2,1.4,2,4,90.6,0
2020-02-06 04:21:54,6,52,18.5,82,1.5,1026.2,1031.1,0.7,1.4,,90.6,0
2020-02-06 04:26:54,5,51,18.4,82,1.4,1026.2,1031.1,0.3,0.7,,90.6,0
2020-02-06 04:31:54,5,52,18.5,82,1.5,1026.4,1031.3,1,1.4,,90.6,0
2020-02-06 04:37:54,6,51,18.5,82,1.5,1026.3,1031.2,1,1.4,,90.6,0
2020-02-06 04:42:54,5,51,18.4,82,1.5,1026.3,1031.2,1.4,2,4,90.6,0
2020-02-06 04:47:54,5,51,18.4,82,1.4,1026.3,1031.2,1.4,2,,90.6,0
2020-02-06 04:53:54,6,51,18.4,83,1.5,1026.2,1031.1,1,1.4,4,90.6,0
2020-02-06 04:58:54,5,51,18.4,83,1.5,1026.2,1031.1,1.7,2,,90.6,0
2020-02-06 05:03:54,5,51,18.4,83,1.6,1026.2,1031.1,1.7,2.4,4,90.6,0
2020-02-06 05:09:54,6,51,18.4,83,1.6,1026.2,1031.1,0,0.3,4,90.6,0
2020-02-06 05:14:54,5,51,18.4,83,1.6,1026,1030.9,1.4,1.7,4,90.6,0
2020-02-06 05:19:54,5,51,18.4,84,1.8,1026,1030.9,2,2.4,,90.6,0
2020-02-06 05:25:54,6,51,18.4,84,2,1025.9,1030.8,1.7,2,,90.6,0
2020-02-06 05:30:54,5,51,18.4,84,2.1,1026,1030.9,1.7,2.4,,90.6,0
2020-02-06 05:35:54,5,51,18.4,84,2.2,1025.9,1030.8,1.4,1.7,,90.6,0
2020-02-06 05:41:54,6,51,18.4,84,2.3,1026.1,1031,1.7,2.4,,90.6,0
2020-02-06 05:46:54,5,51,18.4,84,2.4,1026.1,1031,1.4,2.4,,90.6,0
2020-02-06 05:51:54,5,51,18.3,84,2.5,1025.9,1030.8,1.7,2.4,4,90.6,0
2020-02-06 05:57:54,6,51,18.4,85,2.6,1025.9,1030.8,1,1.7,4,90.6,0
2020-02-06 06:02:54,5,51,18.4,85,2.6,1025.9,1030.8,1,1.7,4,90.6,0
2020-02-06 06:07:54,5,51,18.4,85,2.6,1025.8,1030.7,1.4,1.7,,90.6,0
2020-02-06 06:13:54,6,51,18.3,84,2.5,1025.8,1030.7,1.4,2.4,4,90.6,0
2020-02-06 06:18:54,5,51,18.3,84,2.5,1025.6,1030.5,1.4,1.7,0,90.6,0
2020-02-06 06:23:54,5,51,18.3,84,2.6,1025.6,1030.5,1.7,2,4,90.6,0
2020-02-06 06:29:54,6,51,18.3,85,2.7,1025.6,1030.5,0.7,1,2,90.6,0
2020-02-06 06:34:54,5,51,18.3,85,2.9,1025.6,1030.5,2.4,2.7,4,90.6,0
2020-02-06 06:39:54,5,51,18.3,85,3,1025.5,1030.4,2.7,2.7,,90.6,0
2020-02-06 06:45:54,6,51,18.3,85,3.1,1025.4,1030.3,1.7,2.4,4,90.6,0
2020-02-06 06:50:54,5,51,18.3,85,3.3,1025.5,1030.4,1.7,2.4,,90.6,0
2020-02-06 06:55:54,5,51,18.3,85,3.4,1025.5,1030.4,1.7,2.7,2,90.6,0
2020-02-06 07:01:54,6,51,18.3,85,3.6,1025.5,1030.4,0.7,1,2,90.6,0
2020-02-06 07:06:54,5,51,18.3,85,3.6,1025.4,1030.3,0.7,1,2,90.6,0
2020-02-06 07:11:54,5,51,18.4,85,3.5,1025.5,1030.4,0.7,1,4,90.6,0
2020-02-06 07:17:54,6,51,18.3,85,3.4,1025.6,1030.5,1,1.4,4,90.6,0
2020-02-06 07:22:54,5,51,18.3,85,3.3,1025.5,1030.4,0.7,1.4,0,90.6,0
2020-02-06 07:27:54,5,51,18.3,85,3.3,1025.5,1030.4,0.7,1.4,4,90.6,0
2020-02-06 07:33:54,6,51,18.3,85,3.2,1025.6,1030.5,2,2.7,4,90.6,0
2020-02-06 07:38:54,5,51,18.3,85,3.2,1025.4,1030.3,1.7,2,,90.6,0
2020-02-06 07:43:54,5,50,18.3,85,3.1,1025.4,1030.3,0.7,1,0,90.6,0
2020-02-06 07:49:54,6,50,18.3,85,3.1,1025.5,1030.4,2,2.4,4,90.6,0
2020-02-06 07:54:54,5,50,18.3,85,3.1,1025.3,1030.2,2,2.7,4,90.6,0
2020-02-06 07:59:54,5,50,18.3,85,3.2,1025.5,1030.4,1.7,2,,90.6,0
2020-02-06 08:05:54,6,50,18.3,85,3.2,1025.3,1030.2,1.4,2,2,90.6,0
2020-02-06 08:10:54,5,50,18.3,85,3.3,1025.3,1030.2,1.4,2,4,90.6,0
2020-02-06 08:15:54,5,50,18.3,85,3.4,1025.3,1030.2,1.4,1.7,,90.6,0
2020-02-06 08:21:54,6,50,18.3,85,3.4,1025.2,1030.1,1.7,2.4,4,90.6,0
2020-02-06 08:26:54,5,50,18.3,85,3.5,1025.3,1030.2,1,1.4,,90.6,0
2020-02-06 08:31:54,5,51,18.3,85,3.6,1025.4,1030.3,1.4,1.7,4,90.6,0
2020-02-06 08:37:54,6,52,18.3,85,3.8,1025.4,1030.3,2,2.4,4,90.6,0
2020-02-06 08:42:54,5,52,18.3,85,3.9,1025.5,1030.4,2,2.7,15,90.6,0
2020-02-06 08:47:54,5,52,18.3,85,3.9,1025.3,1030.2,1.7,2,4,90.6,0
2020-02-06 08:53:54,6,52,18.4,85,4,1025.5,1030.4,2,2.7,4,90.6,0
2020-02-06 08:58:54,5,53,18.4,85,4,1025.4,1030.3,2,2.4,,90.6,0
2020-02-06 09:03:54,5,53,18.4,85,4.1,1025.3,1030.2,1.7,2.4,,90.6,0
2020-02-06 09:09:54,6,53,18.4,85,4.1,1025.3,1030.2,2,2.7,4,90.6,0
2020-02-06 09:14:54,5,53,18.4,85,4.1,1025.2,1030.1,1.4,2,4,90.6,0
2020-02-06 09:19:54,5,53,18.5,84,4.2,1025.4,1030.3,1.4,1.7,,90.6,0
2020-02-06 09:25:54,6,53,18.5,84,4.3,1025.5,1030.4,1.4,2,4,90.6,0
2020-02-06 09:30:54,5,52,18.4,84,4.4,1025.4,1030.3,1.7,2,,90.6,0
2020-02-06 09:35:54,5,52,18.4,84,4.4,1025.3,1030.2,1.4,1.7,4,90.6,0
2020-02-06 09:41:54,6,52,18.4,84,4.5,1025.4,1030.3,1.4,1.7,4,90.6,0
2020-02-06 09:46:54,5,52,18.4,84,4.5,1025.3,1030.2,1.7,2,4,90.6,0
2020-02-06 09:51:54,5,51,18.4,84,4.4,1025.2,1030.1,2,2.7,,90.6,0
2020-02-06 09:57:54,6,51,18.4,83,4.4,1025.2,1030.1,2,2.7,4,90.6,0
2020-02-06 10:02:54,5,51,18.4,83,4.4,1025.2,1030.1,2.4,3.1,4,90.6,0
2020-02-06 10:07:54,5,51,18.3,83,4.4,1025.3,1030.2,1.4,1.7,4,90.6,0
2020-02-06 10:13:54,6,51,18.4,83,4.5,1025.2,1030.1,1,1.4,4,90.6,0
2020-02-06 10:18:54,5,51,18.4,83,4.7,1025.1,1030,1.4,2,2,90.6,0
2020-02-06 10:23:54,5,51,18.4,83,4.9,1025.1,1030,1.4,1.7,4,90.6,0
2020-02-06 10:29:54,6,51,18.3,84,5.4,1025.2,1030.1,2.7,3.4,,90.6,0
2020-02-06 10:34:54,5,51,18.3,84,5.7,1025.1,1030,2.4,3.4,4,90.6,0
2020-02-06 10:39:54,5,51,18.3,83,5.7,1025.3,1030.2,2.4,3.4,4,90.6,0
2020-02-06 10:45:54,6,51,18.4,82,5.8,1025,1029.9,2.4,3.4,,90.6,0
2020-02-06 10:50:54,5,51,18.3,82,6,1025,1029.9,2.4,2.7,,90.6,0
2020-02-06 10:55:54,5,51,18.3,82,6.3,1025.1,1030,2.4,3.4,,90.6,0
2020-02-06 11:01:54,6,51,18.3,82,6.3,1024.9,1029.8,2.4,3.1,,90.6,0
2020-02-06 11:06:54,5,51,18.4,81,6.4,1024.9,1029.8,2,2.7,,90.6,0
2020-02-06 11:11:54,5,51,18.4,81,6.5,1024.6,1029.5,2,2.7,4,90.6,0
2020-02-06 11:17:54,6,51,18.4,81,6.7,1024.6,1029.5,2.7,3.1,,90.6,0
2020-02-06 11:22:54,5,51,18.4,81,6.8,1024.6,1029.5,3.1,3.4,4,90.6,0
2020-02-06 11:27:54,5,51,18.4,80,6.8,1024.6,1029.5,3.4,4.4,2,90.6,0
2020-02-06 11:33:54,6,51,18.4,80,7,1024.6,1029.5,3.4,4.1,4,90.6,0
2020-02-06 11:38:54,5,51,18.4,80,7,1024.6,1029.5,2.4,2.7,4,90.6,0
2020-02-06 11:43:54,5,51,18.4,80,7.1,1024.5,1029.4,3.1,4.1,3,90.6,0
2020-02-06 11:49:54,6,51,18.4,80,7.1,1024.4,1029.3,2.4,2.7,4,90.6,0
2020-02-06 11:54:54,5,51,18.4,80,7.2,1024.2,1029.1,2.7,3.7,4,90.6,0
2020-02-06 11:59:54,5,51,18.4,80,7.4,1024,1028.9,2.4,3.4,,90.6,0
2020-02-06 12:05:54,6,51,18.4,74,7.7,1024,1028.9,3.7,4.8,13,90.6,0
2020-02-06 12:10:54,5,51,18.5,73,7.9,1023.8,1028.7,4.1,5.1,,90.6,0
2020-02-06 12:15:54,5,51,18.4,72,8,1023.7,1028.6,4.4,5.4,,90.6,0
2020-02-06 12:21:54,6,51,18.4,72,8.2,1023.5,1028.4,3.4,4.4,4,90.6,0
2020-02-06 12:26:54,5,51,18.5,72,8.4,1023.3,1028.2,3.7,5.1,4,90.6,0
2020-02-06 12:31:54,5,51,18.5,71,8.6,1023.4,1028.3,4.1,4.8,4,90.6,0
2020-02-06 12:37:54,6,51,18.5,72,8.8,1023.4,1028.3,1.7,2.7,4,90.6,0
2020-02-06 12:42:54,5,51,18.5,71,8.9,1023.4,1028.3,2.7,4.4,4,90.6,0
2020-02-06 12:47:54,5,51,18.5,70,8.9,1023.2,1028.1,3.1,4.1,4,90.6,0
2020-02-06 12:53:54,6,51,18.5,70,9,1023.1,1028,3.1,4.1,4,90.6,0
2020-02-06 12:58:54,5,51,18.5,70,9,1023.1,1028,3.1,3.7,,90.6,0
2020-02-06 13:03:54,5,51,18.6,70,8.9,1022.9,1027.8,2.4,3.7,12,90.6,0
2020-02-06 13:09:54,6,51,18.6,70,8.6,1022.8,1027.7,3.7,4.8,4,90.6,0
2020-02-06 13:14:54,5,51,18.6,70,8.9,1022.7,1027.6,4.1,5.1,4,90.6,0
2020-02-06 13:19:54,5,51,18.6,70,9.3,1022.7,1027.6,3.7,4.8,4,90.6,0
2020-02-06 13:25:54,6,51,18.6,69,9,1022.5,1027.4,4.8,5.8,8,90.6,0
2020-02-06 13:30:54,5,51,18.6,69,8.9,1022.5,1027.4,4.1,4.8,,90.6,0
2020-02-06 13:35:54,5,51,18.6,69,8.8,1022.4,1027.3,4.8,6.1,0,90.6,0
2020-02-06 13:41:54,6,51,18.6,70,9.2,1022.3,1027.2,2.4,3.4,15,90.6,0
2020-02-06 13:46:54,5,51,18.6,69,9.5,1022.2,1027.1,2.7,3.4,4,90.6,0
2020-02-06 13:51:54,5,51,18.7,66,9.4,1022.1,1027,2.7,3.4,13,90.6,0
2020-02-06 13:56:54,5,51,18.7,66,9.5,1021.9,1026.8,2.4,2.7,4,90.6,0
2020-02-06 14:01:54,5,51,18.7,66,9.9,1022,1026.9,2,2.7,4,90.6,0
2020-02-06 14:06:54,5,51,18.7,65,10.3,1021.9,1026.8,3.1,4.1,4,90.6,0
2020-02-06 14:11:54,5,51,18.7,63,10.2,1022,1026.9,2.7,3.4,4,90.6,0
2020-02-06 14:16:54,5,51,18.8,63,10.3,1021.9,1026.8,3.7,4.1,4,90.6,0
2020-02-06 14:21:54,5,51,18.8,63,10.1,1021.7,1026.6,2.4,3.4,4,90.6,0
2020-02-06 14:26:54,5,51,18.9,63,9.9,1021.5,1026.4,4.4,5.4,,90.6,0
2020-02-06 14:31:54,5,51,18.9,63,9.8,1021.8,1026.7,4.1,6.1,,90.6,0
2020-02-06 14:36:54,5,50,19,64,10,1021.6,1026.5,3.4,4.4,,90.6,0
2020-02-06 14:41:54,5,50,19,64,10,1021.6,1026.5,3.1,3.7,4,90.6,0
2020-02-06 14:46:54,5,50,19,63,9.9,1021.3,1026.2,3.4,4.8,,90.6,0
2020-02-06 14:51:54,5,50,19.1,63,10,1021.2,1026.1,3.1,4.1,4,90.6,0
2020-02-06 14:57:54,6,50,19.1,62,10.2,1021.2,1026.1,3.7,4.4,4,90.6,0
2020-02-06 15:02:54,5,50,19.2,63,9.9,1021.1,1026,4.1,5.1,4,90.6,0
2020-02-06 15:07:54,5,50,19.2,63,9.7,1021.2,1026.1,5.4,6.5,4,90.6,0
2020-02-06 15:12:54,5,50,19.3,63,9.6,1021.3,1026.2,3.4,4.4,,90.6,0
2020-02-06 15:17:54,5,50,19.3,63,9.4,1021.2,1026.1,3.7,4.8,4,90.6,0
2020-02-06 15:22:54,5,50,19.3,63,9.4,1020.9,1025.8,4.1,5.1,4,90.6,0
2020-02-06 15:27:54,5,50,19.4,64,9.2,1021,1025.9,4.8,5.8,,90.6,0
2020-02-06 15:33:54,6,50,19.3,64,9,1021,1025.9,3.1,4.1,4,90.6,0
2020-02-06 15:38:54,5,50,19.3,64,8.9,1021.1,1026,4.1,6.1,4,90.6,0
2020-02-06 15:43:54,5,50,19.3,64,8.8,1021.1,1026,2.7,4.8,4,90.6,0
2020-02-06 15:48:54,5,50,19.3,65,8.7,1021,1025.9,4.8,7.1,,90.6,0
2020-02-06 15:53:54,5,50,19.3,65,8.6,1021.1,1026,3.4,5.1,4,90.6,0
2020-02-06 15:58:54,5,50,19.3,65,8.6,1020.9,1025.8,4.4,5.8,4,90.6,0
2020-02-06 16:03:54,5,49,19.3,65,8.5,1021,1025.9,3.7,5.1,4,90.6,0
2020-02-06 16:08:54,5,49,19.3,65,8.5,1020.8,1025.7,4.1,4.4,,90.6,0
2020-02-06 16:13:54,5,49,19.2,66,8.5,1020.9,1025.8,3.4,5.8,,90.6,0
2020-02-06 16:18:54,5,49,19.2,65,8.5,1021,1025.9,4.4,5.1,4,90.6,0
2020-02-06 16:23:54,5,49,19.2,65,8.4,1020.9,1025.8,2.7,3.4,4,90.6,0
2020-02-06 16:28:54,5,49,19.1,65,8.4,1020.8,1025.7,3.1,4.1,,90.6,0
2020-02-06 16:33:54,5,49,19.1,65,8.3,1020.8,1025.7,2.7,4.1,,90.6,0
2020-02-06 16:38:54,5,49,19,65,8.3,1020.8,1025.7,3.7,5.4,4,90.6,0
2020-02-06 16:43:54,5,49,19,66,8.2,1020.8,1025.7,2,2.7,4,90.6,0
2020-02-06 16:48:54,5,49,19,66,8.2,1020.8,1025.7,1.4,2,,90.6,0
2020-02-06 16:53:54,5,49,19,66,8.1,1020.7,1025.6,2.4,3.1,2,90.6,0
2020-02-06 16:58:54,5,50,18.9,67,8,1020.6,1025.5,1.7,2,2,90.6,0
2020-02-06 17:03:54,5,50,18.9,68,7.9,1020.7,1025.6,1.4,2.4,2,90.6,0
2020-02-06 17:08:54,5,50,18.9,68,7.9,1020.6,1025.5,1,1.4,,90.6,0
2020-02-06 17:13:54,5,50,18.8,69,7.8,1020.5,1025.4,1.4,2,4,90.6,0
2020-02-06 17:18:54,5,50,18.8,69,7.8,1020.5,1025.4,1,1.4,,90.6,0
2020-02-06 17:23:54,5,50,18.7,69,7.7,1020.7,1025.6,1,1.4,4,90.6,0
2020-02-06 17:28:54,5,50,18.7,70,7.6,1020.6,1025.5,1,2,2,90.6,0
2020-02-06 17:33:54,5,50,18.7,70,7.5,1020.5,1025.4,1,1.4,4,90.6,0
2020-02-06 17:38:54,5,50,18.7,70,7.5,1020.5,1025.4,1.4,1.7,2,90.6,0
2020-02-06 17:43:54,5,50,18.7,70,7.5,1020.6,1025.5,1,1.7,4,90.6,0
2020-02-06 17:48:54,5,50,18.6,73,7.4,1020.6,1025.5,1,1.4,4,90.6,0
2020-02-06 17:53:54,5,50,18.6,73,7.4,1020.6,1025.5,1,1.7,0,90.6,0
2020-02-06 17:58:54,5,50,18.6,74,7.3,1020.7,1025.6,1.7,2,4,90.6,0
2020-02-06 18:03:54,5,50,18.5,74,7.3,1020.7,1025.6,0.7,1,4,90.6,0
2020-02-06 18:08:54,5,50,18.4,74,7.2,1020.5,1025.4,1,1.7,1,90.6,0
2020-02-06 18:13:54,5,50,18.4,75,7.1,1020.2,1025.1,2,2.7,4,90.6,0
2020-02-06 18:18:54,5,50,18.4,75,7,1020.3,1025.2,1.4,2,4,90.6,0
2020-02-06 18:23:54,5,50,18.4,75,6.9,1020.2,1025.1,2.4,3.7,,90.6,0
2020-02-06 18:28:54,5,50,18.4,75,6.8,1020.2,1025.1,2.7,3.4,,90.6,0
2020-02-06 18:33:54,5,50,18.3,75,6.7,1020.4,1025.3,2.4,3.1,,90.6,0
2020-02-06 18:38:54,5,50,18.3,75,6.7,1020.3,1025.2,3.4,3.7,4,90.6,0
2020-02-06 18:43:54,5,50,18.3,75,6.6,1020.2,1025.1,2.7,3.4,8,90.6,0
2020-02-06 18:48:54,5,50,18.3,75,6.6,1020.2,1025.1,2.7,3.1,,90.6,0
2020-02-06 18:53:54,5,51,18.3,75,6.5,1020.2,1025.1,2.7,3.7,4,90.6,0
2020-02-06 18:58:54,5,51,18.3,75,6.4,1020.1,1025,2.4,3.1,4,90.6,0
2020-02-06 19:03:54,5,51,18.3,75,6.3,1020,1024.9,1.7,3.1,,90.6,0
2020-02-06 19:08:54,5,51,18.3,75,6.2,1019.8,1024.7,1.7,2.4,14,90.6,0
2020-02-06 19:13:54,5,52,18.3,75,6,1019.8,1024.7,2,2.4,8,90.6,0
2020-02-06 19:18:54,5,52,18.3,76,6,1019.9,1024.8,2,2.7,4,90.6,0
2020-02-06 19:23:54,5,52,18.3,76,6,1019.7,1024.6,4.1,5.1,4,90.6,0
2020-02-06 19:28:54,5,52,18.3,76,6,1019.6,1024.5,2.4,3.1,,90.6,0
2020-02-06 19:33:54,5,52,18.3,76,5.9,1019.6,1024.5,2.7,3.7,4,90.6,0
2020-02-06 19:38:54,5,52,18.3,77,5.9,1019.6,1024.5,2.7,3.4,,90.6,0
2020-02-06 19:43:54,5,52,18.3,77,5.8,1019.4,1024.3,2.7,3.7,,90.6,0
2020-02-06 19:48:54,5,52,18.3,77,5.8,1019.4,1024.3,2.7,3.4,,90.6,0
2020-02-06 19:53:54,5,52,18.3,78,5.8,1019.3,1024.2,2.7,3.1,,90.6,0
2020-02-06 19:58:54,5,52,18.3,78,5.7,1019.3,1024.2,2.7,4.1,4,90.6,0
2020-02-06 20:03:54,5,53,18.3,78,5.7,1019.1,1024,2.7,3.1,,90.6,0
2020-02-06 20:08:54,5,53,18.3,78,5.8,1019.2,1024.1,3.1,3.7,,90.6,0
2020-02-06 20:13:54,5,53,18.3,78,5.8,1019.1,1024,2.7,4.1,4,90.6,0
2020-02-06 20:18:54,5,53,18.3,78,5.9,1019,1023.9,3.4,3.7,2,90.6,0
2020-02-06 20:23:54,5,53,18.3,78,5.9,1019,1023.9,3.4,4.4,,90.6,0
2020-02-06 20:28:54,5,54,18.4,78,5.8,1018.7,1023.6,3.4,4.8,4,90.6,0
2020-02-06 20:33:54,5,54,18.5,78,5.8,1018.6,1023.5,3.1,3.7,4,90.6,0
2020-02-06 20:38:54,5,54,18.6,78,5.8,1018.7,1023.6,3.7,4.4,4,90.6,0
2020-02-06 20:43:54,5,54,18.7,78,5.8,1018.5,1023.4,3.4,4.4,,90.6,0
2020-02-06 20:48:54,5,54,18.8,78,5.8,1018.3,1023.2,4.4,5.8,4,90.6,0
2020-02-06 20:53:54,5,53,19,78,5.8,1018.3,1023.2,4.4,4.8,,90.6,0
2020-02-06 20:58:54,5,53,19.1,78,5.8,1018.2,1023.1,7.1,7.8,4,90.6,0
2020-02-06 21:03:54,5,53,19.2,78,5.8,1018,1022.9,5.1,6.5,4,90.6,0
2020-02-06 21:08:54,5,53,19.4,78,5.8,1018,1022.9,6.1,7.5,4,90.6,0
2020-02-06 21:13:54,5,52,19.3,78,5.8,1017.9,1022.8,7.1,8.2,4,90.6,0
2020-02-06 21:18:54,5,52,19.4,78,5.8,1017.8,1022.7,7.1,8.2,4,90.6,0
2020-02-06 21:23:54,5,53,19.5,78,5.8,1017.7,1022.6,6.1,7.5,,90.6,0
2020-02-06 21:28:54,5,53,19.6,78,5.8,1017.6,1022.5,6.8,8.8,4,90.6,0
2020-02-06 21:33:54,5,53,19.7,78,5.8,1017.8,1022.7,6.5,7.5,4,90.6,0
2020-02-06 21:38:54,5,53,19.8,79,5.7,1017.7,1022.6,6.1,7.1,13,90.6,0
2020-02-06 21:43:54,5,53,19.9,79,5.7,1017.5,1022.4,7.5,8.2,12,90.6,0
2020-02-06 21:48:54,5,52,20,79,5.6,1017.7,1022.6,6.1,7.1,,90.6,0
2020-02-06 21:53:54,5,52,20.1,80,5.5,1017.7,1022.6,6.1,7.5,4,90.6,0
2020-02-06 21:58:54,5,52,20.1,80,5.5,1017.7,1022.6,5.1,6.5,4,90.6,0
2020-02-06 22:03:54,5,52,20.2,80,5.4,1017.7,1022.6,4.4,5.4,,90.6,0
2020-02-06 22:08:54,5,52,20.3,80,5.3,1017.5,1022.4,5.1,6.1,,90.6,0
2020-02-06 22:13:54,5,52,20.4,80,5.1,1017.4,1022.3,4.4,5.8,,90.6,0
2020-02-06 22:18:54,5,52,20.5,80,4.9,1017.4,1022.3,4.4,5.1,,90.6,0
2020-02-06 22:23:54,5,51,20.5,80,4.7,1017.3,1022.2,3.4,4.1,4,90.6,0
2020-02-06 22:28:54,5,51,20.6,81,4.6,1017.1,1022,3.1,4.1,14,90.6,0
2020-02-06 22:33:54,5,51,20.6,81,4.5,1017.1,1022,2.7,3.4,4,90.6,0
2020-02-06 22:38:54,5,51,20.7,81,4.6,1016.9,1021.8,3.7,4.4,4,90.6,0
2020-02-06 22:43:54,5,51,20.8,81,4.7,1016.8,1021.7,3.4,4.8,,90.6,0
2020-02-06 22:48:54,5,51,20.8,81,4.8,1016.8,1021.7,3.1,4.1,,90.6,0
2020-02-06 22:53:54,5,51,20.9,81,4.8,1016.6,1021.5,2.7,3.7,4,90.6,0
2020-02-06 22:58:54,5,51,20.9,81,4.9,1016.5,1021.4,3.4,4.4,,90.6,0
2020-02-06 23:03:54,5,51,20.8,81,5,1016.6,1021.5,3.4,4.4,,90.6,0
2020-02-06 23:08:54,5,51,20.7,81,5,1016.5,1021.4,3.1,3.7,,90.6,0
2020-02-06 23:13:54,5,51,20.7,81,5,1016.4,1021.3,3.4,4.8,4,90.6,0
2020-02-06 23:18:54,5,51,20.6,81,5.1,1016.3,1021.2,3.4,4.8,,90.6,0
2020-02-06 23:23:54,5,51,20.5,81,5.1,1016.4,1021.3,2.7,3.4,4,90.6,0
2020-02-06 23:28:54,5,51,20.5,81,5.1,1016.4,1021.3,3.4,4.1,,90.6,0
2020-02-06 23:33:54,5,51,20.4,81,5.1,1016.3,1021.2,3.4,4.4,4,90.6,0
2020-02-06 23:38:54,5,51,20.4,81,5.2,1016,1020.9,3.7,5.4,4,90.6,0
2020-02-06 23:43:54,5,50,20.3,81,5.2,1016,1020.9,5.1,6.1,4,90.6,0
2020-02-06 23:48:54,5,50,20.3,81,5.1,1015.8,1020.7,3.7,4.8,4,90.6,0
2020-02-06 23:53:54,5,50,20.3,81,5.2,1015.7,1020.6,4.4,6.8,4,90.6,0
2020-02-06 23:58:54,5,50,20.2,81,5.2,1015.7,1020.6,3.4,4.1,4,90.6,0
