2016-02-02 00:00:55,5,56,19.2,57,6,1005.5,1010.4,5.8,8.5,10,133.8,0
2016-02-02 00:05:55,5,56,19.2,59,5.9,1005.9,1010.8,7.1,10.2,11,133.8,0
2016-02-02 00:10:55,5,56,19.2,63,5.5,1005.9,1010.8,5.8,9.2,10,133.8,0
2016-02-02 00:15:55,5,56,19.1,66,5,1005.9,1010.8,5.8,8.2,10,133.8,0
2016-02-02 00:20:55,5,55,19.1,67,4.8,1005.9,1010.8,3.4,5.1,10,133.8,0
2016-02-02 00:25:55,5,55,19.1,67,4.8,1006,1010.9,3.4,5.4,8,133.8,0
2016-02-02 00:30:55,5,55,19.1,66,4.9,1006,1010.9,4.1,5.4,8,133.8,0
2016-02-02 00:35:55,5,55,19.1,65,5.1,1005.8,1010.7,3.4,5.4,10,133.8,0
2016-02-02 00:40:55,5,55,19.1,65,5.2,1006,1010.9,3.1,4.8,10,133.8,0
2016-02-02 00:45:55,5,55,19.1,65,5.2,1005.9,1010.8,3.7,4.4,10,133.8,0
2016-02-02 00:50:55,5,55,19.1,65,5.2,1005.8,1010.7,3.4,4.4,10,133.8,0
2016-02-02 00:55:55,5,56,18.9,63,5.3,1006,1010.9,3.1,4.4,10,133.8,0
2016-02-02 01:00:55,5,55,19,61,5.4,1005.8,1010.7,5.1,6.5,10,133.8,0
2016-02-02 01:05:55,5,55,19,59,5.6,1005.8,1010.7,5.1,8.2,9,133.8,0
2016-02-02 01:10:55,5,56,18.9,58,5.8,1005.7,1010.6,4.8,7.8,10,133.8,0
2016-02-02 01:15:55,5,56,18.9,61,5.7,1006.1,1011,4.4,8.2,10,133.8,0
2016-02-02 01:20:55,5,56,18.9,64,4.6,1006,1010.9,5.1,7.1,10,134.1,0
2016-02-02 01:25:55,5,56,18.9,65,4.6,1006.2,1011.1,5.1,6.8,10,134.1,0
2016-02-02 01:30:55,5,56,18.9,65,4.8,1006,1010.9,4.1,5.8,10,134.1,0
2016-02-02 01:35:55,5,56,18.8,65,4.8,1005.9,1010.8,5.1,8.5,10,134.1,0
2016-02-02 01:40:55,5,55,18.8,65,4.9,1005.7,1010.6,4.1,5.8,8,134.1,0
2016-02-02 01:45:55,5,55,18.8,65,4.8,1005.7,1010.6,3.4,6.5,14,134.1,0
2016-02-02 01:50:55,5,55,18.8,65,4.7,1005.7,1010.6,5.1,7.5,8,134.1,0
2016-02-02 01:55:55,5,55,18.8,64,4.8,1005.7,1010.6,4.4,6.1,10,134.1,0
2016-02-02 02:00:55,5,55,18.7,64,4.9,1005.6,1010.5,3.7,4.8,10,134.1,0
2016-02-02 02:05:55,5,55,18.7,63,5.1,1005.7,1010.6,5.4,6.8,14,134.1,0
2016-02-02 02:10:55,5,55,18.7,64,5,1005.7,1010.6,3.4,4.4,10,134.1,0
2016-02-02 02:15:55,5,55,18.6,66,4.7,1005.6,1010.5,3.4,4.4,8,134.1,0
2016-02-02 02:20:55,5,55,18.6,66,4.5,1005.6,1010.5,3.4,4.8,10,134.1,0
2016-02-02 02:25:55,5,55,18.6,66,4.5,1005.7,1010.6,3.4,4.8,10,134.1,0
2016-02-02 02:30:55,5,55,18.7,66,4.6,1005.5,1010.4,3.7,5.4,10,134.1,0
2016-02-02 02:35:55,5,55,18.7,65,4.8,1005.5,1010.4,5.1,7.5,10,134.1,0
2016-02-02 02:40:55,5,55,18.6,65,4.9,1005.7,1010.6,3.1,3.7,10,134.1,0
2016-02-02 02:45:55,5,55,18.6,64,5.1,1005.8,1010.7,4.4,6.1,10,134.1,0
2016-02-02 02:50:55,5,55,18.6,64,5.2,1006.1,1011,4.8,6.8,10,134.1,0
2016-02-02 02:55:55,5,55,18.6,59,5,1006,1010.9,4.4,6.1,10,134.1,0
2016-02-02 03:00:55,5,55,18.6,57,5,1005.9,1010.8,6.5,10.9,10,134.1,0
2016-02-02 03:05:55,5,55,18.6,59,5,1005.8,1010.7,3.4,5.1,10,134.1,0
2016-02-02 03:10:55,5,55,18.5,63,5,1005.8,1010.7,3.1,4.4,10,134.1,0
2016-02-02 03:15:55,5,55,18.5,63,5,1005.9,1010.8,3.1,4.1,10,134.1,0
2016-02-02 03:20:55,5,55,18.5,64,4.9,1005.8,1010.7,3.7,6.5,13,134.1,0
2016-02-02 03:25:55,5,55,18.5,62,5,1005.7,1010.6,4.1,6.8,10,134.1,0
2016-02-02 03:30:55,5,55,18.4,62,5.1,1005.7,1010.6,3.1,4.4,10,134.1,0
2016-02-02 03:35:55,5,55,18.4,63,5.1,1005.7,1010.6,5.4,6.8,8,134.1,0
2016-02-02 03:40:55,5,55,18.4,65,5.1,1005.7,1010.6,4.4,6.1,10,134.1,0
2016-02-02 03:45:55,5,54,18.4,65,5,1005.8,1010.7,2.7,5.4,8,134.1,0
2016-02-02 03:50:55,5,54,18.4,66,5,1005.9,1010.8,3.4,5.4,8,134.1,0
2016-02-02 03:55:55,5,54,18.4,66,5.1,1005.9,1010.8,4.4,5.4,10,134.1,0
2016-02-02 04:00:55,5,54,18.4,65,4.9,1005.8,1010.7,3.1,4.1,13,134.1,0
2016-02-02 04:05:55,5,54,18.4,65,4.9,1005.7,1010.6,5.8,8.8,10,134.1,0
2016-02-02 04:10:55,5,54,18.3,60,5,1005.6,1010.5,7.1,9.5,10,134.1,0
2016-02-02 04:15:55,5,54,18.3,57,5.1,1005.6,1010.5,4.1,5.8,10,134.1,0
2016-02-02 04:20:55,5,54,18.3,59,5.1,1005.7,1010.6,5.1,7.5,10,134.1,0
2016-02-02 04:25:55,5,54,18.3,60,5.1,1005.7,1010.6,3.4,4.8,10,134.1,0
2016-02-02 04:30:55,5,54,18.3,63,5.1,1005.6,1010.5,3.4,4.8,10,134.1,0
2016-02-02 04:35:55,5,54,18.3,63,5.1,1005.6,1010.5,3.4,5.1,9,134.1,0
2016-02-02 04:40:55,5,54,18.3,63,5.3,1005.8,1010.7,5.1,7.5,8,134.1,0
2016-02-02 04:45:55,5,54,18.2,63,5,1005.7,1010.6,5.1,9.9,14,134.1,0
2016-02-02 04:50:55,5,54,18.2,65,4.1,1005.6,1010.5,4.4,5.8,12,134.1,0
2016-02-02 04:55:55,5,54,18.3,66,4.1,1005.5,1010.4,3.1,4.4,8,134.1,0
2016-02-02 05:00:55,5,54,18.2,67,4.1,1005.5,1010.4,5.4,6.8,14,134.1,0
2016-02-02 05:05:55,5,54,18.2,67,4.3,1005.6,1010.5,3.1,4.4,10,134.1,0
2016-02-02 05:10:55,5,54,18.2,67,4.5,1005.5,1010.4,3.1,5.1,9,134.1,0
2016-02-02 05:15:55,5,54,18.2,66,4.8,1005.4,1010.3,4.4,6.8,13,134.1,0
2016-02-02 05:20:55,5,54,18.2,62,5.2,1005.6,1010.5,4.1,5.4,10,134.1,0
2016-02-02 05:25:55,5,54,18.2,59,5.3,1005.7,1010.6,4.8,6.8,10,134.1,0
2016-02-02 05:30:55,5,54,18.2,58,5.3,1005.5,1010.4,3.7,4.8,9,134.1,0
2016-02-02 05:35:55,5,54,18.2,58,5.2,1005.6,1010.5,5.1,7.8,13,134.1,0
2016-02-02 05:40:55,5,54,18.1,58,5.3,1005.7,1010.6,3.7,5.8,10,134.1,0
2016-02-02 05:45:55,5,54,18.1,59,5.3,1005.8,1010.7,3.1,4.4,10,134.1,0
2016-02-02 05:50:55,5,54,18.1,59,5.3,1005.8,1010.7,5.4,6.5,10,134.1,0
2016-02-02 05:55:55,5,54,18.1,59,5.4,1005.9,1010.8,3.7,4.4,10,134.1,0
2016-02-02 06:00:55,5,53,18.1,61,5.2,1006.6,1011.5,7.1,12.6,10,134.4,0
2016-02-02 06:05:55,5,53,18.1,68,3.7,1006.3,1011.2,4.8,6.5,10,134.4,0
2016-02-02 06:10:55,5,53,18.1,70,3.6,1006.3,1011.2,5.4,8.2,10,134.4,0
2016-02-02 06:15:55,5,53,18.1,69,3.7,1005.9,1010.8,4.4,6.1,14,134.4,0
2016-02-02 06:20:55,5,53,18.1,68,3.8,1006,1010.9,3.4,5.1,12,134.4,0
2016-02-02 06:25:55,5,53,18,67,3.9,1005.8,1010.7,5.1,5.8,11,134.4,0
2016-02-02 06:30:55,5,53,18,66,4,1005.8,1010.7,3.7,5.1,10,134.4,0
2016-02-02 06:35:55,5,53,18,65,4.1,1006.1,1011,3.7,5.4,10,134.4,0
2016-02-02 06:40:55,5,53,18,64,4.2,1005.8,1010.7,3.1,4.1,10,134.4,0
2016-02-02 06:45:55,5,53,18,63,4.2,1005.8,1010.7,3.1,4.4,10,134.4,0
2016-02-02 06:50:55,5,53,18,64,4.6,1005.8,1010.7,4.4,7.8,10,134.4,0
2016-02-02 06:55:55,5,53,18,64,4.8,1005.8,1010.7,5.1,6.5,10,134.4,0
2016-02-02 07:00:55,5,53,18,65,4.8,1005.9,1010.8,3.4,5.1,10,134.4,0
2016-02-02 07:05:55,5,53,18,66,4.7,1006,1010.9,3.7,5.4,10,134.4,0
2016-02-02 07:10:55,5,53,18,66,4.6,1005.9,1010.8,3.7,7.1,8,134.4,0
2016-02-02 07:15:55,5,53,18,66,4.6,1005.9,1010.8,4.8,6.1,10,134.4,0
2016-02-02 07:20:55,5,53,18,65,4.7,1005.9,1010.8,4.8,6.8,8,134.4,0
2016-02-02 07:25:55,5,53,18,64,4.7,1006,1010.9,3.1,4.4,10,134.4,0
2016-02-02 07:30:55,5,53,18,64,4.7,1006.2,1011.1,2.7,3.7,10,134.4,0
2016-02-02 07:35:55,5,53,18,65,4.8,1006.1,1011,3.4,4.8,10,134.4,0
2016-02-02 07:40:55,5,53,18,66,4.7,1006.3,1011.2,3.7,4.8,,134.4,0
2016-02-02 07:45:55,5,53,18,67,4.6,1006.2,1011.1,3.1,4.4,14,134.4,0
2016-02-02 07:50:55,5,53,18,68,4.6,1006.5,1011.4,3.4,5.4,10,134.4,0
2016-02-02 07:55:55,5,53,18,69,4.6,1006.4,1011.3,3.1,4.1,10,134.7,0
2016-02-02 08:00:55,5,53,18,70,4.5,1006.5,1011.4,3.1,3.7,12,134.7,0
2016-02-02 08:05:55,5,54,18,70,4.6,1006.7,1011.6,2.4,3.7,10,134.7,0
2016-02-02 08:10:55,5,54,18,69,4.6,1006.6,1011.5,5.1,7.8,9,134.7,0
2016-02-02 08:15:55,5,53,18,67,4.6,1006.6,1011.5,2.7,3.7,10,134.7,0
2016-02-02 08:20:55,5,53,17.9,66,4.3,1006.5,1011.4,3.1,4.8,8,134.7,0
2016-02-02 08:25:55,5,54,18,66,4.3,1006.8,1011.7,2.7,4.1,8,134.7,0
2016-02-02 08:30:55,5,54,18,67,4.7,1007.1,1012,3.1,5.1,10,134.7,0
2016-02-02 08:35:55,5,53,18,68,4.5,1007.2,1012.1,5.1,7.5,0,134.7,0
2016-02-02 08:40:55,5,53,18,68,4.2,1007.1,1012,3.4,5.4,14,134.7,0
2016-02-02 08:45:55,5,53,18,68,4,1007.1,1012,4.1,8.2,10,134.7,0
2016-02-02 08:50:55,5,53,18,68,4,1007.1,1012,3.1,3.7,8,134.7,0
2016-02-02 08:55:55,5,53,18,67,4,1007,1011.9,3.7,5.8,10,134.7,0
2016-02-02 09:00:55,5,53,18,68,3.9,1007,1011.9,3.4,5.1,10,134.7,0
2016-02-02 09:05:55,5,53,18,69,3.9,1007.2,1012.1,1.7,2.4,14,134.7,0
2016-02-02 09:10:55,5,53,18,68,4,1007.2,1012.1,3.1,4.1,10,134.7,0
2016-02-02 09:15:55,5,53,18,69,4.2,1007.3,1012.2,1.7,2.7,8,134.7,0
2016-02-02 09:20:55,5,53,18,69,4.3,1007.3,1012.2,3.1,4.4,10,134.7,0
2016-02-02 09:25:55,5,53,18,69,4.3,1007.3,1012.2,1.7,2.7,10,134.7,0
2016-02-02 09:30:55,5,53,18,70,4.3,1007.3,1012.2,3.1,3.4,10,134.7,0
2016-02-02 09:35:55,5,53,18,70,4.4,1007.3,1012.2,2.7,4.1,10,134.7,0
2016-02-02 09:40:55,5,53,18,71,4.6,1007.4,1012.3,2.4,3.4,10,134.7,0
2016-02-02 09:45:55,5,53,18,71,4.8,1007.3,1012.2,2,3.1,10,134.7,0
2016-02-02 09:50:55,5,53,18,68,5.3,1007.3,1012.2,2.7,4.4,10,134.7,0
2016-02-02 09:55:55,5,53,18,66,5.6,1007.4,1012.3,2.7,5.8,10,134.7,0
2016-02-02 10:00:55,5,54,18,65,5.7,1007.5,1012.4,2.7,3.7,8,134.7,0
2016-02-02 10:05:55,5,54,18.1,65,5.8,1007.5,1012.4,4.1,5.8,12,134.7,0
2016-02-02 10:10:55,5,53,18,65,5.6,1007.8,1012.7,2,3.7,12,134.7,0
2016-02-02 10:15:55,5,51,18,66,5.5,1007.7,1012.6,2,3.7,10,134.7,0
2016-02-02 10:20:55,5,49,18,67,5.6,1007.5,1012.4,2,3.1,10,134.7,0
2016-02-02 10:25:55,5,49,17.9,67,5.7,1007.6,1012.5,2,2.7,10,134.7,0
2016-02-02 10:30:55,5,48,17.8,67,5.8,1007.8,1012.7,2.7,4.8,12,134.7,0
2016-02-02 10:35:55,5,48,17.8,67,5.5,1007.9,1012.8,3.4,4.8,12,135,0
2016-02-02 10:40:55,5,47,17.7,68,5,1008,1012.9,2.7,3.4,10,135,0
2016-02-02 10:45:55,5,48,17.6,70,4.8,1008,1012.9,3.7,4.8,8,135,0
2016-02-02 10:50:55,5,48,17.5,70,4.6,1008.1,1013,3.4,6.5,12,135,0
2016-02-02 10:55:55,5,49,17.5,71,4.6,1008,1012.9,1.7,3.4,10,135,0
2016-02-02 11:00:55,5,49,17.5,71,4.7,1008,1012.9,1.4,2.4,10,135,0
2016-02-02 11:05:55,5,49,17.5,71,5,1008,1012.9,1.7,3.4,12,135,0
2016-02-02 11:10:55,5,49,17.5,70,5.1,1008.2,1013.1,1.7,2.7,10,135,0
2016-02-02 11:15:55,5,50,17.5,69,5.1,1008.4,1013.3,2.7,3.7,10,135,0
2016-02-02 11:20:55,5,50,17.5,69,5.2,1008.5,1013.4,1.7,2.4,10,135,0
2016-02-02 11:25:55,5,50,17.5,69,5.3,1008.5,1013.4,2.4,3.7,10,135,0
2016-02-02 11:30:55,5,50,17.6,69,5.4,1008.5,1013.4,1.4,2,10,135,0
2016-02-02 11:35:55,5,50,17.7,70,5.8,1008.4,1013.3,1.4,1.7,12,135,0
2016-02-02 11:40:55,5,51,17.7,69,6.2,1008.4,1013.3,1.4,2,10,135,0
2016-02-02 11:45:55,5,51,17.7,68,6,1008.5,1013.4,1.7,2.7,10,135,0
2016-02-02 11:50:55,5,51,17.7,68,5.6,1008.6,1013.5,2.4,3.4,12,135.3,0
2016-02-02 11:55:55,5,51,17.7,69,5.1,1008.7,1013.6,3.7,4.4,10,135.6,0
2016-02-02 12:00:55,5,51,17.7,71,4.3,1008.7,1013.6,2.4,3.1,8,135.6,0
2016-02-02 12:05:55,5,51,17.7,73,4.2,1008.6,1013.5,1.7,2,10,135.6,0
2016-02-02 12:10:55,5,51,17.7,74,4.4,1008.4,1013.3,1.4,2.4,12,135.6,0
2016-02-02 12:15:55,5,51,17.7,74,4.7,1008.3,1013.2,2.7,3.7,14,135.6,0
2016-02-02 12:20:55,5,52,17.8,74,4.7,1008.5,1013.4,1.7,2.7,12,135.6,0
2016-02-02 12:25:55,5,52,17.8,74,4.9,1008.8,1013.7,4.1,5.1,14,135.6,0
2016-02-02 12:30:55,5,52,17.8,73,4.1,1008.8,1013.7,2.7,4.4,12,135.6,0
2016-02-02 12:35:55,5,52,17.8,75,3.9,1008.9,1013.8,2.7,3.4,12,135.6,0
2016-02-02 12:40:55,5,52,17.8,75,3.8,1008.8,1013.7,1,2,12,135.6,0
2016-02-02 12:45:55,5,52,17.8,75,3.9,1008.8,1013.7,1,1.7,14,135.6,0
2016-02-02 12:50:55,5,52,17.8,74,4.2,1009,1013.9,1,1.4,10,135.6,0
2016-02-02 12:55:55,5,52,17.8,74,4.6,1008.8,1013.7,1,1.4,10,135.6,0
2016-02-02 13:00:55,5,52,17.8,74,4.9,1008.9,1013.8,1.4,1.7,10,135.6,0
2016-02-02 13:05:55,5,52,17.9,73,5.1,1009.1,1014,0.7,1.4,10,135.6,0
2016-02-02 13:10:55,5,52,17.9,73,5.1,1009,1013.9,0.7,1,10,135.6,0
2016-02-02 13:15:55,5,52,17.9,73,5.3,1009.1,1014,0.7,1.4,10,135.6,0
2016-02-02 13:20:55,5,52,17.9,73,5.6,1009,1013.9,1,1.7,8,135.6,0
2016-02-02 13:25:55,5,52,17.9,72,5.8,1009.1,1014,1.7,2.4,8,135.6,0
2016-02-02 13:30:55,5,53,18,71,5.4,1009.1,1014,1.7,2,8,135.6,0
2016-02-02 13:35:55,5,53,18,71,5.2,1009.1,1014,0.7,1.4,10,135.6,0
2016-02-02 13:40:55,5,53,18,72,5.3,1009.3,1014.2,1.4,2,10,135.6,0
2016-02-02 13:45:55,5,53,18,72,5.3,1009.3,1014.2,1.4,1.7,10,135.6,0
2016-02-02 13:50:55,5,53,18,72,5.3,1009.2,1014.1,0.7,1.7,10,135.6,0
2016-02-02 13:55:55,5,53,18,73,5.4,1009.4,1014.3,1,1.7,8,135.6,0
2016-02-02 14:00:55,5,53,18,73,5.6,1009.1,1014,2,3.1,10,135.6,0
2016-02-02 14:05:55,5,53,18.1,73,5.6,1009.3,1014.2,1.4,2,8,135.6,0
2016-02-02 14:10:55,5,53,18.1,72,5.7,1009.1,1014,2,3.1,10,135.6,0
2016-02-02 14:15:55,5,53,18.1,72,5.9,1009.3,1014.2,2.7,3.4,10,135.6,0
2016-02-02 14:20:55,5,53,18.1,70,5.9,1009.4,1014.3,2,3.1,10,135.6,0
2016-02-02 14:25:55,5,53,18.1,69,5.7,1009.7,1014.6,5.4,7.1,12,135.9,0
2016-02-02 14:30:55,5,53,18.1,68,5,1009.6,1014.5,2.4,3.1,12,135.9,0
2016-02-02 14:35:55,5,53,18.1,69,5.1,1009.8,1014.7,2.7,3.7,12,135.9,0
2016-02-02 14:40:55,5,53,18.1,70,5.1,1009.7,1014.6,2,3.1,12,135.9,0
2016-02-02 14:45:55,5,53,18.1,70,5.2,1009.8,1014.7,3.7,4.8,12,135.9,0
2016-02-02 14:50:55,5,53,18.1,69,5.3,1010,1014.9,2.7,3.7,12,135.9,0
2016-02-02 14:55:55,5,53,18.1,69,5.4,1010,1014.9,4.4,6.1,14,135.9,0
2016-02-02 15:00:55,5,53,18.2,68,5.4,1010.1,1015,3.4,4.4,12,135.9,0
2016-02-02 15:05:55,5,53,18.2,67,5.4,1009.8,1014.7,4.1,5.4,10,135.9,0
2016-02-02 15:10:55,5,53,18.2,67,5.2,1009.9,1014.8,1.7,2.4,12,135.9,0
2016-02-02 15:15:55,5,53,18.1,67,5.2,1010.1,1015,1,1.7,9,135.9,0
2016-02-02 15:20:55,5,52,18.1,68,5.2,1010,1014.9,1.4,2.4,10,135.9,0
2016-02-02 15:25:55,5,52,18.1,68,5.2,1010.2,1015.1,2,2.7,13,135.9,0
2016-02-02 15:30:55,5,52,18.1,68,5.2,1010.3,1015.2,2,2.4,10,135.9,0
2016-02-02 15:35:55,5,52,18,68,5.2,1010.4,1015.3,1.7,2.7,12,135.9,0
2016-02-02 15:40:55,5,50,18,68,5.1,1010.8,1015.7,2,3.4,10,135.9,0
2016-02-02 15:45:55,5,48,17.9,67,5,1010.7,1015.6,2,2.7,10,135.9,0
2016-02-02 15:50:55,5,48,17.8,68,4.8,1010.7,1015.6,2,3.1,10,135.9,0
2016-02-02 15:55:55,5,49,17.8,68,4.8,1010.7,1015.6,1.4,2,10,135.9,0
2016-02-02 16:00:55,5,49,17.7,69,4.8,1010.8,1015.7,1.4,2,8,135.9,0
2016-02-02 16:05:55,5,49,17.7,69,4.8,1010.7,1015.6,1.4,2,10,135.9,0
2016-02-02 16:10:55,5,49,17.7,70,4.8,1010.7,1015.6,0.7,1.4,9,135.9,0
2016-02-02 16:15:55,5,50,17.7,70,4.8,1010.7,1015.6,1,1.4,10,135.9,0
2016-02-02 16:20:55,5,50,17.8,70,4.8,1010.7,1015.6,0.7,1.4,10,135.9,0
2016-02-02 16:25:55,5,50,17.8,70,4.8,1010.9,1015.8,1.4,2,10,135.9,0
2016-02-02 16:30:55,5,49,17.7,71,4.7,1010.9,1015.8,1.4,2,10,135.9,0
2016-02-02 16:35:55,5,49,17.7,71,4.7,1011,1015.9,1.4,2,10,135.9,0
2016-02-02 16:40:55,5,49,17.7,71,4.7,1011.1,1016,1.4,2,12,135.9,0
2016-02-02 16:45:55,5,50,17.7,72,4.6,1011.3,1016.2,2.4,3.7,10,135.9,0
2016-02-02 16:50:55,5,50,17.7,71,4.8,1011.3,1016.2,1.7,4.1,10,135.9,0
2016-02-02 16:55:55,5,50,17.7,67,5,1011.4,1016.3,4.8,5.8,12,135.9,0
2016-02-02 17:00:55,5,50,17.6,64,5,1011.4,1016.3,2.7,4.4,14,135.9,0
2016-02-02 17:05:55,5,50,17.6,64,4.9,1011.4,1016.3,2.4,4.1,12,135.9,0
2016-02-02 17:10:55,5,50,17.5,63,4.6,1011.5,1016.4,2,3.1,12,135.9,0
2016-02-02 17:15:55,5,50,17.5,64,4.4,1011.6,1016.5,1.4,2,12,135.9,0
2016-02-02 17:20:55,5,50,17.5,64,4.3,1011.6,1016.5,1.4,2,14,135.9,0
2016-02-02 17:25:55,5,50,17.5,64,4.1,1011.7,1016.6,1.4,2,10,135.9,0
2016-02-02 17:30:55,5,50,17.5,65,3.9,1011.8,1016.7,1.4,1.7,12,135.9,0
2016-02-02 17:35:55,5,51,17.4,65,3.7,1011.9,1016.8,2,2.4,12,135.9,0
2016-02-02 17:40:55,5,51,17.4,65,3.7,1012.1,1017,2,3.7,12,135.9,0
2016-02-02 17:45:55,5,50,17.4,65,3.6,1012.3,1017.2,3.1,5.1,8,135.9,0
2016-02-02 17:50:55,5,50,17.4,65,3.7,1012.3,1017.2,3.1,4.1,14,135.9,0
2016-02-02 17:55:55,5,50,17.4,65,3.6,1012.4,1017.3,2.7,3.4,12,135.9,0
2016-02-02 18:00:55,5,50,17.4,65,3.5,1012.5,1017.4,2,2.7,14,135.9,0
2016-02-02 18:05:55,5,50,17.4,65,3.1,1012.5,1017.4,1.4,2,12,135.9,0
2016-02-02 18:10:55,5,50,17.1,61,2.8,1012.5,1017.4,0.7,1,10,135.9,0
2016-02-02 18:15:55,5,50,17.1,62,2.5,1012.5,1017.4,0.7,1.4,10,135.9,0
2016-02-02 18:20:55,5,50,17.1,62,2.3,1012.8,1017.7,0.7,1,10,135.9,0
2016-02-02 18:25:55,5,51,17.2,63,2.1,1013,1017.9,1.7,2,10,135.9,0
2016-02-02 18:30:55,5,51,17.2,64,2.5,1013,1017.9,2.4,3.4,10,135.9,0
2016-02-02 18:35:55,5,51,17.1,63,2.8,1013.1,1018,2.4,4.1,12,135.9,0
2016-02-02 18:40:55,5,51,17.2,68,3,1013.1,1018,2.7,4.4,12,135.9,0
2016-02-02 18:45:55,5,51,17.2,68,3,1013,1017.9,3.1,4.1,10,135.9,0
2016-02-02 18:50:55,5,51,17.2,68,3.1,1012.9,1017.8,3.4,4.1,10,135.9,0
2016-02-02 18:55:55,5,51,17.2,67,3.3,1013.1,1018,3.4,4.8,10,135.9,0
2016-02-02 19:00:55,5,51,17.2,66,3.2,1013.1,1018,2.7,4.4,12,135.9,0
2016-02-02 19:05:55,5,51,17.2,66,3.1,1013.2,1018.1,2.7,4.4,10,135.9,0
2016-02-02 19:10:55,5,52,17.1,61,2.9,1013.2,1018.1,2,3.7,10,135.9,0
2016-02-02 19:15:55,5,52,17.1,61,2.8,1013.2,1018.1,1.7,2.7,8,135.9,0
2016-02-02 19:20:55,5,52,17.1,61,2.7,1013.3,1018.2,2.4,3.1,10,135.9,0
2016-02-02 19:25:55,5,52,17.1,62,2.7,1013.2,1018.1,3.1,4.1,10,135.9,0
2016-02-02 19:30:55,5,52,17.1,62,2.6,1013.3,1018.2,1.7,3.1,10,135.9,0
2016-02-02 19:35:55,5,52,17.1,62,2.5,1013.3,1018.2,2,3.1,10,135.9,0
2016-02-02 19:40:55,5,52,17.1,62,2.4,1013.5,1018.4,2.4,2.7,10,135.9,0
2016-02-02 19:45:55,5,52,17.1,63,2.4,1013.5,1018.4,2,3.1,10,135.9,0
2016-02-02 19:50:55,5,52,17.1,63,2.6,1013.6,1018.5,2.4,3.4,10,135.9,0
2016-02-02 19:55:55,5,53,17.1,62,2.7,1013.8,1018.7,3.4,5.4,10,135.9,0
2016-02-02 20:00:55,5,53,17.4,62,2.8,1013.6,1018.5,4.1,5.4,12,135.9,0
2016-02-02 20:05:55,5,53,17.4,62,2.9,1013.7,1018.6,6.5,9.2,10,135.9,0
2016-02-02 20:10:55,5,53,17.5,64,2.6,1013.6,1018.5,3.7,5.1,10,135.9,0
2016-02-02 20:15:55,5,53,17.5,65,2.4,1013.7,1018.6,3.1,5.1,10,135.9,0
2016-02-02 20:20:55,5,54,17.7,65,2.3,1013.8,1018.7,2.7,3.4,11,135.9,0
2016-02-02 20:25:55,5,54,17.8,66,2.2,1013.8,1018.7,3.1,4.1,1,135.9,0
2016-02-02 20:30:55,5,54,17.8,66,2.3,1013.9,1018.8,4.1,5.8,1,135.9,0
2016-02-02 20:35:55,5,54,17.9,66,2.5,1013.9,1018.8,4.1,5.8,10,135.9,0
2016-02-02 20:40:55,5,54,18,66,2.5,1013.9,1018.8,3.7,5.1,10,135.9,0
2016-02-02 20:45:55,5,54,18.1,66,2.7,1013.8,1018.7,3.4,4.8,10,135.9,0
2016-02-02 20:50:55,5,55,18.2,66,2.7,1013.9,1018.8,2.4,3.4,10,135.9,0
2016-02-02 20:55:55,5,55,18.3,66,2.6,1014,1018.9,4.1,5.4,10,135.9,0
2016-02-02 21:00:55,5,55,18.4,65,2.8,1013.8,1018.7,5.1,8.2,10,135.9,0
2016-02-02 21:05:55,5,55,18.4,65,2.7,1013.9,1018.8,3.1,5.1,10,135.9,0
2016-02-02 21:10:55,5,55,18.5,65,2.5,1013.9,1018.8,2.7,3.7,14,135.9,0
2016-02-02 21:15:55,5,55,18.6,65,2.4,1014,1018.9,2.7,3.7,10,135.9,0
2016-02-02 21:20:55,5,55,18.6,66,2.2,1014,1018.9,2.4,3.4,10,135.9,0
2016-02-02 21:25:55,5,55,18.7,66,2.2,1014,1018.9,2,2.7,12,135.9,0
2016-02-02 21:30:55,5,56,18.8,67,2.2,1013.9,1018.8,2,3.1,10,135.9,0
2016-02-02 21:35:55,5,56,18.9,67,2.2,1013.8,1018.7,2.4,3.7,10,135.9,0
2016-02-02 21:40:55,5,55,19,67,2,1013.8,1018.7,1.7,2.7,8,135.9,0
2016-02-02 21:45:55,5,55,19.1,68,1.8,1014,1018.9,1.7,2.4,10,135.9,0
2016-02-02 21:50:55,5,55,19.2,69,1.7,1013.8,1018.7,2,3.1,10,135.9,0
2016-02-02 21:55:55,5,55,19.3,69,1.6,1013.8,1018.7,1,1.7,10,135.9,0
2016-02-02 22:00:55,5,56,19.4,70,1.5,1013.9,1018.8,1.4,2,10,135.9,0
2016-02-02 22:05:55,5,56,19.5,70,1.3,1014,1018.9,1.4,2.4,10,135.9,0
2016-02-02 22:10:55,5,56,19.6,71,1.5,1013.7,1018.6,2.4,3.7,12,135.9,0
2016-02-02 22:15:55,5,56,19.7,72,1.9,1013.8,1018.7,3.1,4.1,10,135.9,0
2016-02-02 22:20:55,5,56,19.7,70,2.3,1013.8,1018.7,2.4,3.4,10,135.9,0
2016-02-02 22:25:55,5,56,19.7,67,2.7,1013.8,1018.7,3.1,4.4,10,135.9,0
2016-02-02 22:30:54,5,56,19.6,66,2.9,1013.9,1018.8,2,3.7,12,135.9,0
2016-02-02 22:35:54,5,56,19.5,69,3,1014.4,1019.3,7.8,10.5,12,135.9,0
2016-02-02 22:40:54,5,56,19.5,65,2.2,1014.3,1019.2,3.4,6.1,10,135.9,0
2016-02-02 22:45:54,5,56,19.5,66,2,1014,1018.9,2.4,3.4,10,135.9,0
2016-02-02 22:50:54,5,56,19.4,67,2,1014,1018.9,3.4,4.4,12,135.9,0
2016-02-02 22:55:54,5,56,19.4,67,2,1014.1,1019,2.7,3.7,10,135.9,0
2016-02-02 23:00:54,5,56,19.3,67,2,1013.9,1018.8,3.1,4.1,10,135.9,0
2016-02-02 23:05:54,5,56,19.3,67,2,1014.1,1019,2,3.1,10,135.9,0
2016-02-02 23:10:54,5,56,19.2,67,2,1014,1018.9,2.7,3.7,8,135.9,0
2016-02-02 23:15:54,5,56,19.2,67,2.1,1014.1,1019,2.7,4.8,10,135.9,0
2016-02-02 23:20:54,5,56,19.2,67,2.1,1014.2,1019.1,2.4,3.4,10,135.9,0
2016-02-02 23:25:54,5,56,19.1,67,2.5,1014.4,1019.3,4.4,5.8,14,136.2,0
2016-02-02 23:30:54,5,56,19.1,67,2.6,1014,1018.9,3.7,5.4,10,136.2,0
2016-02-02 23:35:54,5,56,19.1,68,2.5,1014,1018.9,3.7,4.4,10,136.2,0
2016-02-02 23:40:54,5,56,19,68,2.4,1014.2,1019.1,2.4,2.7,10,136.2,0
2016-02-02 23:45:54,5,56,19,69,2.3,1014,1018.9,3.4,4.4,10,136.2,0
2016-02-02 23:50:54,5,56,19,69,2.4,1014.2,1019.1,4.8,5.8,10,136.2,0
2016-02-02 23:55:54,5,57,18.9,66,2.6,1014,1018.9,3.7,5.1,14,136.2,0
