2019-09-26 00:01:25,5,69,20.6,84,13,991.7,996.6,0,0,8,633.3,0
2019-09-26 00:06:25,5,69,20.6,84,12.9,991.7,996.6,0,0,10,633.3,0
2019-09-26 00:11:25,5,69,20.6,84,12.8,991.7,996.6,0,0,8,633.3,0
2019-09-26 00:16:25,5,69,20.6,84,12.8,991.8,996.7,0,0,10,633.3,0
2019-09-26 00:21:25,5,69,20.5,84,12.8,991.7,996.6,0,0,10,633.3,0
2019-09-26 00:26:25,5,69,20.5,84,12.8,991.7,996.6,0,0,14,633.3,0
2019-09-26 00:31:25,5,69,20.5,84,12.7,991.5,996.4,0,0,10,633.3,0
2019-09-26 00:36:25,5,69,20.5,84,12.7,991.5,996.4,0,0,10,633.3,0
2019-09-26 00:41:25,5,69,20.4,84,12.7,991.5,996.4,0,0,10,633.3,0
2019-09-26 00:46:25,5,69,20.4,84,12.6,991.5,996.4,0,0,10,633.3,0
2019-09-26 00:51:25,5,69,20.4,84,12.6,991.6,996.5,0,0,10,633.3,0
2019-09-26 00:56:25,5,69,20.5,84,12.5,991.4,996.3,0,0,8,633.3,0
2019-09-26 01:01:25,5,69,20.4,85,12.6,991.5,996.4,0,0,8,633.3,0
2019-09-26 01:06:25,5,69,20.4,85,12.6,991.6,996.5,0,0,10,633.3,0
2019-09-26 01:11:25,5,69,20.4,85,12.7,991.6,996.5,0,0,12,633.3,0
2019-09-26 01:16:25,5,69,20.4,85,12.8,991.4,996.3,0,0,8,633.3,0
2019-09-26 01:21:25,5,69,20.3,85,12.9,991.4,996.3,0,0,10,633.3,0
2019-09-26 01:26:25,5,69,20.3,85,13,991.4,996.3,0,0,8,633.3,0
2019-09-26 01:31:25,5,69,20.3,85,13,991.3,996.2,0,0,10,633.3,0
2019-09-26 01:36:25,5,69,20.3,85,13.1,991.2,996.1,0,0,12,633.3,0
2019-09-26 01:41:25,5,69,20.3,86,13.2,991.3,996.2,0,0,2,633.3,0
2019-09-26 01:46:25,5,69,20.3,86,13.2,991.2,996.1,0,0,10,633.3,0
2019-09-26 01:51:25,5,69,20.3,86,13.1,991.2,996.1,0,0,10,633.6,0
2019-09-26 01:56:25,5,69,20.3,86,13,991.3,996.2,0,0,10,633.6,0
2019-09-26 02:01:25,5,69,20.3,85,13,991,995.9,0,0,10,633.6,0
2019-09-26 02:06:25,5,68,20.3,85,12.9,991.1,996,0,0,12,633.6,0
2019-09-26 02:11:25,5,68,20.3,86,12.8,991.3,996.2,0,0,10,633.6,0
2019-09-26 02:16:25,5,68,20.3,86,12.8,991.3,996.2,0,0.3,10,633.6,0
2019-09-26 02:21:25,5,68,20.2,86,12.8,991.1,996,0,0,8,633.9,0
2019-09-26 02:26:25,5,68,20.3,86,12.8,991.2,996.1,0,0,10,634.2,0
2019-09-26 02:31:25,5,68,20.2,86,12.8,991.1,996,0,0,13,634.2,0
2019-09-26 02:36:25,5,68,20.2,86,12.7,990.9,995.8,0,0.3,10,634.2,0
2019-09-26 02:41:25,5,68,20.2,87,12.7,991,995.9,0,0,10,634.2,0
2019-09-26 02:46:25,5,68,20.3,87,12.6,991.1,996,0,0,10,634.2,0
2019-09-26 02:51:25,5,68,20.2,87,12.6,991,995.9,0,0,8,634.2,0
2019-09-26 02:56:25,5,68,20.2,87,12.6,990.7,995.6,0,0,10,634.2,0
2019-09-26 03:01:25,5,68,20.2,87,12.5,991,995.9,0,0.3,10,634.2,0
2019-09-26 03:06:25,5,68,20.2,87,12.5,991,995.9,0,0,10,634.2,0
2019-09-26 03:11:25,5,68,20.2,91,12.4,991.1,996,0,0,8,634.2,0
2019-09-26 03:16:25,5,68,20.2,91,12.4,991,995.9,0,0,2,634.2,0
2019-09-26 03:21:25,5,68,20.2,91,12.4,991,995.9,0,0,10,634.2,0
2019-09-26 03:26:25,5,68,20.2,91,12.4,991,995.9,0,0,8,634.2,0
2019-09-26 03:31:25,5,68,20.2,91,12.4,991,995.9,0,0,14,634.2,0
2019-09-26 03:36:25,5,68,20.2,91,12.3,990.8,995.7,0,0,8,634.2,0
2019-09-26 03:41:25,5,68,20.2,91,12.4,990.9,995.8,0,0,10,634.2,0
2019-09-26 03:46:25,5,68,20.2,91,12.4,990.9,995.8,0,0,12,634.2,0
2019-09-26 03:51:25,5,68,20.2,91,12.4,990.9,995.8,0,0,10,634.2,0
2019-09-26 03:56:25,5,68,20.2,87,12.5,990.8,995.7,0,0,8,634.5,0
2019-09-26 04:01:27,5,68,20.1,87,12.5,990.8,995.7,0,0,14,634.5,0
2019-09-26 04:06:26,5,68,20.2,91,12.4,990.8,995.7,0,0,8,634.5,0
2019-09-26 04:11:26,5,68,20.2,91,12.4,990.7,995.6,0,0,8,634.5,0
2019-09-26 04:16:26,5,68,20.2,91,12.4,990.7,995.6,0,0,10,634.5,0
2019-09-26 04:21:26,5,68,20.2,91,12.3,990.8,995.7,0,0,10,634.5,0
2019-09-26 04:26:26,5,68,20.1,91,12.3,990.7,995.6,0,0,2,634.5,0
2019-09-26 04:31:26,5,68,20.1,91,12.4,990.7,995.6,0,0,10,634.5,0
2019-09-26 04:36:26,5,68,20.1,88,12.5,990.7,995.6,0,0,10,634.5,0
2019-09-26 04:41:26,5,68,20.1,88,12.5,990.7,995.6,0,0,14,634.5,0
2019-09-26 04:46:26,5,68,20.1,88,12.5,990.6,995.5,0,0,8,634.5,0
2019-09-26 04:51:26,5,68,20.1,91,12.4,990.6,995.5,0,0,8,634.5,0
2019-09-26 04:56:26,5,68,20.1,91,12.3,990.6,995.5,0,0,10,634.5,0
2019-09-26 05:01:26,5,68,20.1,91,12.3,990.6,995.5,0,0,11,634.5,0
2019-09-26 05:06:26,5,68,20.1,91,12.2,990.6,995.5,0,0,10,634.5,0
2019-09-26 05:11:26,5,68,20.1,90,12.2,990.7,995.6,0,0,14,634.5,0
2019-09-26 05:16:26,5,68,20.1,90,12.1,990.7,995.6,0,0,10,634.5,0
2019-09-26 05:21:26,5,68,20.1,90,12,990.9,995.8,0,0,8,634.5,0
2019-09-26 05:26:26,5,68,20.1,90,12,990.9,995.8,0,0,,634.5,0
2019-09-26 05:31:26,5,68,20,90,12,990.9,995.8,0,0,10,634.5,0
2019-09-26 05:36:26,5,68,20,90,12,990.8,995.7,0,0,12,634.5,0
2019-09-26 05:41:26,5,68,20.1,90,11.9,990.8,995.7,0,0,10,634.5,0
2019-09-26 05:46:26,5,68,20,90,12,991,995.9,0,0,10,634.5,0
2019-09-26 05:51:26,5,68,20.1,90,11.9,990.9,995.8,0,0,4,634.5,0
2019-09-26 05:56:26,5,68,20,90,11.9,990.8,995.7,0,0,10,634.5,0
2019-09-26 06:01:26,5,68,20,90,12,990.9,995.8,0,0,13,634.5,0
2019-09-26 06:06:26,5,68,20,90,12.1,990.8,995.7,0,0,14,634.5,0
2019-09-26 06:11:26,5,68,20,90,12.2,990.9,995.8,0,0,10,634.5,0
2019-09-26 06:16:26,5,68,20,90,12.2,991,995.9,0,0,10,634.5,0
2019-09-26 06:21:26,5,68,20,90,12.2,991,995.9,0,0,11,634.5,0
2019-09-26 06:26:26,5,68,20,90,12.3,990.9,995.8,0,0,8,634.5,0
2019-09-26 06:31:26,5,68,20,90,12.3,991,995.9,0,0,10,634.5,0
2019-09-26 06:36:26,5,68,20,86,12.5,990.9,995.8,0,0,10,634.5,0
2019-09-26 06:41:26,5,68,20,90,12.4,990.9,995.8,0,0,10,634.5,0
2019-09-26 06:46:26,5,68,20,90,12.4,991.1,996,0,0,14,634.5,0
2019-09-26 06:51:26,5,68,20,85,12.5,991.1,996,0,0,10,634.5,0
2019-09-26 06:56:26,5,67,20,85,12.5,991,995.9,0,0,8,634.5,0
2019-09-26 07:01:26,5,68,19.9,85,12.6,991.1,996,0,0,12,634.5,0
2019-09-26 07:06:26,5,68,19.9,85,12.6,991.1,996,0,0,10,634.5,0
2019-09-26 07:11:26,5,67,20,85,12.6,991.2,996.1,0,0,13,634.5,0
2019-09-26 07:16:26,5,67,20,85,12.7,991.2,996.1,0,0,14,634.5,0
2019-09-26 07:21:26,5,68,19.9,85,12.8,991.3,996.2,0,0,10,634.5,0
2019-09-26 07:26:26,5,68,20,85,12.8,991.2,996.1,0,0,9,634.5,0
2019-09-26 07:31:25,5,68,20,85,12.8,991.1,996,0,0,10,634.5,0
2019-09-26 07:36:25,5,68,20,84,12.8,991.4,996.3,0,0,8,634.5,0
2019-09-26 07:41:25,5,69,20,84,12.9,991.3,996.2,0,0,10,634.5,0
2019-09-26 07:46:25,5,69,20,84,12.9,991.3,996.2,0,0,12,634.5,0
2019-09-26 07:51:25,5,69,20,84,13.1,991.3,996.2,0,0,10,634.5,0
2019-09-26 07:56:25,5,69,20.1,84,13.3,991.3,996.2,0,0,10,634.5,0
2019-09-26 08:01:25,5,69,20.1,83,13.2,991.4,996.3,0,0,10,634.5,0
2019-09-26 08:06:25,5,69,20.1,84,13.1,991.7,996.6,0,0,10,634.5,0
2019-09-26 08:11:25,5,69,20.1,84,12.9,991.6,996.5,0,0,10,635.1,0
2019-09-26 08:16:25,5,69,20.1,84,12.8,991.7,996.6,0,0,14,635.1,0
2019-09-26 08:21:25,5,67,20.1,85,12.6,991.6,996.5,0,0,10,635.1,0
2019-09-26 08:26:25,5,67,20.1,85,12.6,991.5,996.4,0,0,8,635.1,0
2019-09-26 08:31:25,5,67,20.1,86,12.6,991.6,996.5,0,0,8,635.1,0
2019-09-26 08:36:25,5,68,20.1,86,12.8,991.5,996.4,0,0,11,635.1,0
2019-09-26 08:41:25,5,68,20.1,86,12.8,991.5,996.4,0,0,12,635.1,0
2019-09-26 08:46:25,5,68,20.2,86,12.9,991.5,996.4,0,0,10,635.1,0
2019-09-26 08:51:25,5,68,20.2,86,13,991.5,996.4,0,0,11,635.1,0
2019-09-26 08:56:25,5,68,20.2,86,13.2,991.6,996.5,0,0,10,635.1,0
2019-09-26 09:01:25,5,68,20.2,86,13.3,991.7,996.6,0,0,10,635.1,0
2019-09-26 09:06:25,5,68,20.3,86,13.4,991.7,996.6,0,0,10,635.1,0
2019-09-26 09:11:25,5,68,20.3,85,13.3,991.7,996.6,0,0,8,635.1,0
2019-09-26 09:16:25,5,68,20.3,85,13.3,991.6,996.5,0,0,10,635.1,0
2019-09-26 09:21:25,5,68,20.3,85,13.3,991.7,996.6,0,0,10,635.1,0
2019-09-26 09:26:25,5,68,20.3,85,13.3,991.5,996.4,0,0,10,635.1,0
2019-09-26 09:31:25,5,68,20.3,85,13.3,991.8,996.7,0,0,10,635.4,0
2019-09-26 09:36:25,5,68,20.3,86,13.5,991.8,996.7,0,0.3,14,635.4,0
2019-09-26 09:41:25,5,68,20.3,86,13.5,991.8,996.7,0,0,8,635.4,0
2019-09-26 09:46:25,5,68,20.4,85,13.5,991.6,996.5,0,0.3,10,635.4,0
2019-09-26 09:51:25,5,68,20.3,85,13.3,991.6,996.5,0,0,9,635.7,0
2019-09-26 09:56:25,5,68,20.4,85,13.4,991.8,996.7,0,0,10,635.7,0
2019-09-26 10:01:25,5,68,20.3,86,13.4,991.8,996.7,0,0,10,635.7,0
2019-09-26 10:06:25,5,68,20.3,85,13.2,991.6,996.5,0,0,10,636,0
2019-09-26 10:11:25,5,68,20.3,86,13.2,991.6,996.5,0,0,8,636,0
2019-09-26 10:16:25,5,68,20.3,86,13.4,992,996.9,0,0,10,636,0
2019-09-26 10:21:25,5,68,20.3,86,13.5,991.7,996.6,0,0,8,636,0
2019-09-26 10:26:25,5,67,20.3,86,13.7,991.7,996.6,0,0,10,636,0
2019-09-26 10:31:25,5,67,20.3,86,13.8,991.7,996.6,0,0,8,636.3,0
2019-09-26 10:36:25,5,67,20.3,86,13.6,991.8,996.7,0,0,14,636.6,0
2019-09-26 10:41:25,5,67,20.3,85,13.4,991.6,996.5,0,0,10,636.6,0
2019-09-26 10:46:25,5,67,20.3,85,13.5,991.7,996.6,0,0,10,636.6,0
2019-09-26 10:51:25,5,67,20.3,85,13.5,991.8,996.7,0,0,10,636.6,0
2019-09-26 10:56:25,5,67,20.3,86,13.4,991.7,996.6,0,0,8,636.6,0
2019-09-26 11:01:25,5,67,20.3,86,13.7,991.5,996.4,0,0,10,636.9,0
2019-09-26 11:06:25,5,67,20.4,86,13.9,991.5,996.4,0,0,10,636.9,0
2019-09-26 11:11:25,5,67,20.4,87,14.3,991.5,996.4,0,0,10,636.9,0
2019-09-26 11:16:25,5,67,20.4,86,14.3,991.5,996.4,0,0.7,10,636.9,0
2019-09-26 11:21:25,5,67,20.4,85,14.4,991.5,996.4,0,0,11,636.9,0
2019-09-26 11:26:25,5,67,20.4,82,14.3,991.5,996.4,0,1,10,636.9,0
2019-09-26 11:31:25,5,67,20.4,82,14.1,991.6,996.5,0,0,10,636.9,0
2019-09-26 11:36:25,5,67,20.5,82,14.1,991.7,996.6,0,0.7,10,636.9,0
2019-09-26 11:41:25,5,67,20.4,82,14,991.5,996.4,0.3,1,8,636.9,0
2019-09-26 11:46:25,5,67,20.4,84,14.2,991.6,996.5,0,0,10,636.9,0
2019-09-26 11:51:25,5,67,20.4,84,14.3,991.8,996.7,0.3,1,10,636.9,0
2019-09-26 11:56:25,5,67,20.5,84,14.8,991.4,996.3,0,0.7,10,636.9,0
2019-09-26 12:01:25,5,67,20.5,83,14.8,991.4,996.3,0.7,1.7,10,636.9,0
2019-09-26 12:06:25,5,67,20.5,83,15.1,991.3,996.2,1.7,3.4,10,636.9,0
2019-09-26 12:11:25,5,67,20.5,81,15.1,991.2,996.1,2.7,4.1,14,636.9,0
2019-09-26 12:16:25,5,67,20.5,80,14.6,991.3,996.2,2,2.7,10,636.9,0
2019-09-26 12:21:25,5,67,20.5,81,14.4,991.3,996.2,1.7,2.7,8,637.2,0
2019-09-26 12:26:25,5,67,20.6,83,15.1,991.2,996.1,0,1.4,14,637.2,0
2019-09-26 12:31:25,5,67,20.6,83,15.4,991.2,996.1,1.7,3.1,14,637.2,0
2019-09-26 12:36:25,5,67,20.6,80,15.6,991.2,996.1,3.7,5.1,8,637.2,0
2019-09-26 12:41:25,5,67,20.6,79,15,991.1,996,3.4,4.8,14,637.2,0
2019-09-26 12:46:25,5,67,20.6,80,14.6,991.1,996,3.1,5.1,10,637.2,0
2019-09-26 12:51:25,5,67,20.6,81,15,991.1,996,2.7,4.1,10,637.2,0
2019-09-26 12:56:25,5,67,20.6,81,15.5,990.9,995.8,4.1,5.1,8,637.2,0
2019-09-26 13:01:25,5,67,20.7,80,15.8,990.8,995.7,2.7,3.7,8,637.2,0
2019-09-26 13:06:25,5,67,20.7,78,15.7,990.8,995.7,3.7,5.8,10,637.2,0
2019-09-26 13:11:25,5,67,20.7,77,15.9,990.7,995.6,3.7,4.8,10,637.2,0
2019-09-26 13:16:25,5,67,20.7,78,16.6,990.7,995.6,4.1,6.5,8,637.2,0
2019-09-26 13:21:25,5,67,20.8,75,17,990.7,995.6,4.4,6.5,10,637.2,0
2019-09-26 13:26:25,5,67,20.8,74,17,990.8,995.7,2.7,5.4,9,637.2,0
2019-09-26 13:31:25,5,67,20.9,74,16.5,990.9,995.8,1.7,2.4,10,637.2,0
2019-09-26 13:36:25,5,66,20.9,76,16.8,990.7,995.6,2.7,4.8,10,637.2,0
2019-09-26 13:41:25,5,65,21,74,16.8,991,995.9,2.4,3.1,10,637.2,0
2019-09-26 13:46:25,5,65,21,73,16.5,990.9,995.8,2.7,3.4,,637.2,0
2019-09-26 13:51:25,5,65,21,72,16,991,995.9,3.4,5.1,10,637.2,0
2019-09-26 13:56:25,5,65,21.1,74,15.5,990.8,995.7,4.4,5.4,8,637.2,0
2019-09-26 14:01:25,5,65,21.1,75,15,991.1,996,5.8,8.5,0,637.2,0
2019-09-26 14:06:25,5,65,21,78,14.2,991.2,996.1,2.7,3.7,12,637.5,0
2019-09-26 14:11:25,5,65,21,81,14.3,991.1,996,1.7,2.4,8,637.5,0
2019-09-26 14:16:25,5,65,21,82,14.4,991.2,996.1,3.4,4.4,10,637.5,0
2019-09-26 14:21:25,5,65,21,81,14.3,991,995.9,1.4,2,10,637.5,0
2019-09-26 14:26:25,5,65,21.1,82,14.8,991.1,996,2,3.1,14,637.5,0
2019-09-26 14:31:25,5,65,21.1,81,14.8,990.9,995.8,2.4,3.1,12,637.5,0
2019-09-26 14:36:25,5,65,21.1,80,14.4,991.1,996,3.4,4.4,8,637.5,0
2019-09-26 14:41:25,5,65,21.1,80,14.1,990.9,995.8,4.1,6.5,14,637.5,0
2019-09-26 14:46:25,5,65,21.1,82,14.9,990.8,995.7,3.1,4.4,14,637.5,0
2019-09-26 14:51:25,5,65,21.1,82,14.9,990.7,995.6,1.7,2,10,637.5,0
2019-09-26 14:56:25,5,65,21.2,81,14.6,990.8,995.7,2.7,3.7,10,637.5,0
2019-09-26 15:01:25,5,65,21.2,81,14.6,990.8,995.7,1.7,2.4,14,637.5,0
2019-09-26 15:06:25,5,65,21.2,82,15.1,990.8,995.7,1,1.7,10,637.5,0
2019-09-26 15:11:25,5,65,21.2,82,15.4,990.6,995.5,1.4,2,4,637.5,0
2019-09-26 15:16:25,5,65,21.2,80,15.7,990.6,995.5,1.7,2.7,4,637.5,0
2019-09-26 15:21:25,5,65,21.2,78,15.3,990.6,995.5,3.1,4.8,14,637.5,0
2019-09-26 15:26:25,5,65,21.2,77,14.9,990.6,995.5,2.7,3.7,14,637.5,0
2019-09-26 15:31:25,5,65,21.2,79,14.7,990.7,995.6,2,3.1,10,637.5,0
2019-09-26 15:36:25,5,64,21.2,80,14.4,990.6,995.5,3.7,4.8,12,637.8,0
2019-09-26 15:41:25,5,64,21.2,80,14.4,990.7,995.6,3.1,4.4,10,637.8,0
2019-09-26 15:46:25,5,64,21.2,80,14.5,990.7,995.6,4.4,6.5,10,637.8,0
2019-09-26 15:51:25,5,64,21.2,79,14.2,990.7,995.6,2.7,4.4,14,637.8,0
2019-09-26 15:56:25,5,64,21.2,78,14.3,990.7,995.6,2.7,3.7,12,637.8,0
2019-09-26 16:01:25,5,64,21.2,77,14.5,990.6,995.5,2.7,4.1,15,637.8,0
2019-09-26 16:06:25,5,64,21.2,74,14.5,990.8,995.7,2.4,3.4,0,637.8,0
2019-09-26 16:11:25,5,64,21.2,75,14.2,990.8,995.7,2.7,4.1,9,637.8,0
2019-09-26 16:16:25,5,64,21.2,76,14.2,990.7,995.6,2,3.4,10,637.8,0
2019-09-26 16:21:25,5,64,21.2,76,14.2,990.6,995.5,2.4,3.4,12,637.8,0
2019-09-26 16:26:25,5,64,21.2,76,14.2,990.8,995.7,2.7,3.4,8,637.8,0
2019-09-26 16:31:25,5,64,21.2,77,14.4,990.8,995.7,2.4,3.4,14,637.8,0
2019-09-26 16:36:25,5,64,21.2,76,14.3,990.8,995.7,3.1,3.7,14,637.8,0
2019-09-26 16:41:25,5,64,21.2,75,14,991,995.9,2,2.7,14,637.8,0
2019-09-26 16:46:25,5,64,21.2,76,13.9,990.8,995.7,1.7,2.7,12,637.8,0
2019-09-26 16:51:25,5,64,21.2,76,13.9,991.1,996,2.7,4.1,8,637.8,0
2019-09-26 16:56:25,5,64,21.2,77,13.9,991,995.9,2,3.4,10,637.8,0
2019-09-26 17:01:25,5,63,21.2,77,13.9,991,995.9,2.4,3.4,10,637.8,0
2019-09-26 17:06:25,5,63,21.1,77,13.9,991.3,996.2,2.4,3.4,10,637.8,0
2019-09-26 17:11:25,5,63,21.1,77,13.8,991.2,996.1,2.4,4.8,10,637.8,0
2019-09-26 17:16:25,5,63,21.1,78,13.7,991.2,996.1,1.7,2,9,637.8,0
2019-09-26 17:21:25,5,63,21.1,79,13.7,991.3,996.2,1.7,2.4,12,637.8,0
2019-09-26 17:26:25,5,63,21.1,79,13.6,991.2,996.1,1.7,2.4,10,637.8,0
2019-09-26 17:31:25,5,64,21,79,13.6,991.2,996.1,1.7,2.4,10,637.8,0
2019-09-26 17:36:25,5,64,21,79,13.5,991.4,996.3,1.7,2,12,637.8,0
2019-09-26 17:41:25,5,64,21,78,13.5,991.3,996.2,2,2.7,10,637.8,0
2019-09-26 17:46:25,5,64,21,77,13.5,991.3,996.2,2,3.1,12,637.8,0
2019-09-26 17:51:25,5,64,21,76,13.5,991.3,996.2,2,3.1,10,637.8,0
2019-09-26 17:56:25,5,64,21,75,13.3,991.5,996.4,1.7,2.4,8,637.8,0
2019-09-26 18:01:25,5,65,20.9,75,13.2,991.6,996.5,2.4,3.4,14,637.8,0
2019-09-26 18:06:25,5,65,20.9,75,13.1,991.6,996.5,1.7,2,10,637.8,0
2019-09-26 18:11:25,5,65,20.9,75,13,991.7,996.6,2,2.7,12,637.8,0
2019-09-26 18:16:25,5,65,20.9,75,12.8,991.7,996.6,2,2.7,14,637.8,0
2019-09-26 18:21:25,5,64,20.8,75,12.7,991.7,996.6,1.7,2.7,10,637.8,0
2019-09-26 18:26:25,5,63,20.8,75,12.6,991.7,996.6,1,1.7,12,637.8,0
2019-09-26 18:31:25,5,64,20.7,79,12.4,991.8,996.7,1.4,2,10,637.8,0
2019-09-26 18:36:25,5,64,20.7,80,12.3,991.9,996.8,1.4,1.7,8,637.8,0
2019-09-26 18:41:25,5,64,20.7,80,12.2,992,996.9,1.4,1.7,12,637.8,0
2019-09-26 18:46:25,5,64,20.7,81,12.1,992,996.9,0.7,1.4,10,637.8,0
2019-09-26 18:51:25,5,64,20.7,81,12,992.1,997,1,1.7,12,637.8,0
2019-09-26 18:56:25,5,65,20.6,82,12,992,996.9,0.7,1,0,637.8,0
2019-09-26 19:01:25,5,65,20.6,82,12,992.1,997,1.4,1.7,10,637.8,0
2019-09-26 19:06:25,5,65,20.6,83,11.9,992.2,997.1,0.7,1,10,637.8,0
2019-09-26 19:11:25,5,65,20.6,83,11.9,992.1,997,0.7,1.4,10,637.8,0
2019-09-26 19:16:25,5,65,20.5,84,11.9,992.3,997.2,1,1.7,12,637.8,0
2019-09-26 19:21:25,5,65,20.5,85,11.9,992.4,997.3,2,2.7,10,637.8,0
2019-09-26 19:26:25,5,65,20.5,85,11.9,992.3,997.2,1,1.4,8,637.8,0
2019-09-26 19:31:25,5,65,20.5,85,11.9,992.3,997.2,1,1.7,10,637.8,0
2019-09-26 19:36:25,5,65,20.5,86,12,992.3,997.2,1,1.4,10,637.8,0
2019-09-26 19:41:25,5,65,20.4,86,12.2,992.4,997.3,0,1,10,637.8,0
2019-09-26 19:46:25,5,65,20.4,86,12.2,992.5,997.4,0.7,1,14,637.8,0
2019-09-26 19:51:25,5,66,20.4,86,12.1,992.5,997.4,0.7,1,8,637.8,0
2019-09-26 19:56:25,5,66,20.4,85,12.1,992.3,997.2,0.7,1,14,637.8,0
2019-09-26 20:01:25,5,66,20.3,86,12.1,992.5,997.4,0.3,1,10,637.8,0
2019-09-26 20:06:25,5,66,20.3,86,12.2,992.5,997.4,0.3,0.7,10,637.8,0
2019-09-26 20:11:25,5,66,20.3,86,12.2,992.5,997.4,0.3,1,10,637.8,0
2019-09-26 20:16:25,5,66,20.3,86,12.3,992.5,997.4,0,0.3,10,637.8,0
2019-09-26 20:21:25,5,66,20.3,86,12.1,992.5,997.4,0,0.7,14,637.8,0
2019-09-26 20:26:25,5,66,20.3,86,12,992.6,997.5,0,0.3,8,637.8,0
2019-09-26 20:31:25,5,66,20.3,86,11.9,992.7,997.6,0.3,0.7,14,637.8,0
2019-09-26 20:36:25,5,66,20.3,86,11.7,992.6,997.5,0,0.7,12,637.8,0
2019-09-26 20:41:25,5,66,20.3,87,11.6,992.6,997.5,0,0.7,10,637.8,0
2019-09-26 20:46:25,5,66,20.3,87,11.5,992.6,997.5,0,0,14,637.8,0
2019-09-26 20:51:25,5,66,20.3,87,11.5,992.6,997.5,0,0,10,637.8,0
2019-09-26 20:56:25,5,66,20.3,87,11.5,992.8,997.7,0,0.3,10,637.8,0
2019-09-26 21:01:25,5,66,20.3,87,11.5,992.9,997.8,0,0,10,637.8,0
2019-09-26 21:06:25,5,66,20.3,87,11.5,992.8,997.7,0.3,0.7,10,637.8,0
2019-09-26 21:11:25,5,66,20.3,87,11.4,992.9,997.8,0,0.3,10,637.8,0
2019-09-26 21:16:25,5,66,20.3,86,11.4,993,997.9,0,0.3,10,637.8,0
2019-09-26 21:21:25,5,66,20.2,86,11.3,993,997.9,0,0,10,637.8,0
2019-09-26 21:26:25,5,66,20.3,86,11.2,993.1,998,0,0.3,14,637.8,0
2019-09-26 21:31:25,5,66,20.3,86,11.2,993,997.9,0,0.3,10,637.8,0
2019-09-26 21:36:25,5,66,20.2,86,11.2,993,997.9,0,0,10,637.8,0
2019-09-26 21:41:25,5,66,20.3,86,11.1,993,997.9,0,0,14,637.8,0
2019-09-26 21:46:25,5,66,20.2,86,11.2,993,997.9,0,0,10,637.8,0
2019-09-26 21:51:25,5,66,20.2,87,11.2,993.1,998,0,0.3,13,637.8,0
2019-09-26 21:56:25,5,66,20.3,86,11,993,997.9,0.3,0.3,4,637.8,0
2019-09-26 22:01:25,5,66,20.2,86,10.9,993.1,998,0,0.3,10,637.8,0
2019-09-26 22:06:25,5,66,20.2,86,10.8,993.1,998,0,0.3,14,637.8,0
2019-09-26 22:11:25,5,66,20.2,87,10.8,993.3,998.2,0,0,14,637.8,0
2019-09-26 22:16:25,5,66,20.2,87,10.9,993.2,998.1,0,0,10,637.8,0
2019-09-26 22:21:25,5,66,20.2,87,11,993.2,998.1,0,0,8,637.8,0
2019-09-26 22:26:25,5,66,20.2,88,11,993.2,998.1,0,0.3,10,637.8,0
2019-09-26 22:31:25,5,66,20.2,88,11.1,993.1,998,0,0.3,14,637.8,0
2019-09-26 22:36:25,5,66,20.2,88,11.1,993.2,998.1,0,0,10,637.8,0
2019-09-26 22:41:25,5,66,20.2,89,11.2,993.2,998.1,0,0,13,637.8,0
2019-09-26 22:46:25,5,66,20.2,89,11.2,993.2,998.1,0,0.3,10,637.8,0
2019-09-26 22:51:25,5,66,20.2,89,11.2,993.2,998.1,0,0,10,637.8,0
2019-09-26 22:56:25,5,66,20.2,89,11.3,993.2,998.1,0,0.3,10,637.8,0
2019-09-26 23:01:25,5,66,20.2,89,11.2,993.1,998,0,0.3,10,637.8,0
2019-09-26 23:06:25,5,66,20.2,89,11.1,993.1,998,0,0.3,2,637.8,0
2019-09-26 23:11:25,5,66,20.1,89,11.1,993,997.9,0,0.3,10,637.8,0
2019-09-26 23:16:25,5,66,20.1,89,11.2,993.2,998.1,0,0,10,637.8,0
2019-09-26 23:21:25,5,66,20.1,90,11.3,993.1,998,0,0.3,2,637.8,0
2019-09-26 23:26:25,5,66,20.1,90,11.4,993,997.9,0,0,10,637.8,0
2019-09-26 23:31:25,5,66,20.1,90,11.5,993,997.9,0,0,12,637.8,0
2019-09-26 23:36:25,5,66,20.1,90,11.5,992.9,997.8,0,0,10,637.8,0
2019-09-26 23:41:25,5,66,20,90,11.5,992.9,997.8,0,0,10,637.8,0
2019-09-26 23:46:25,5,66,20,90,11.5,992.8,997.7,0,0,8,637.8,0
2019-09-26 23:51:25,5,66,20,90,11.5,992.8,997.7,0,0,8,637.8,0
2019-09-26 23:56:25,5,66,20,90,11.5,992.7,997.6,0,0.3,14,637.8,0
