2019-09-02 00:01:31,5,57,21,88,11.8,1018.8,1023.7,0.7,1,10,597.6,0
2019-09-02 00:06:31,5,57,21,88,11.7,1019,1023.9,0.7,1,10,597.6,0
2019-09-02 00:11:31,5,57,21,88,11.6,1018.9,1023.8,0.3,0.7,8,597.6,0
2019-09-02 00:16:31,5,57,21,88,11.6,1019,1023.9,0.7,1,10,597.6,0
2019-09-02 00:21:31,5,58,20.9,88,11.6,1019.1,1024,0.7,1,10,597.6,0
2019-09-02 00:26:31,5,58,20.9,89,11.5,1019,1023.9,1,1.4,10,597.6,0
2019-09-02 00:31:31,5,58,20.9,89,11.5,1018.9,1023.8,0.7,1.4,8,597.6,0
2019-09-02 00:36:31,5,58,20.9,89,11.6,1018.8,1023.7,1,1.4,10,597.6,0
2019-09-02 00:41:31,5,58,20.9,89,11.6,1018.9,1023.8,0.7,1,10,597.6,0
2019-09-02 00:46:31,5,58,20.9,89,11.6,1018.9,1023.8,0.7,1,10,597.6,0
2019-09-02 00:51:31,5,58,20.8,90,11.7,1019,1023.9,0.7,1,10,597.6,0
2019-09-02 00:56:31,5,58,20.8,90,11.8,1018.9,1023.8,1,1.4,12,597.6,0
2019-09-02 01:01:31,5,58,20.8,90,12,1019,1023.9,1.4,2,10,597.6,0
2019-09-02 01:06:31,5,58,20.8,90,12.1,1018.9,1023.8,1.4,1.7,12,597.6,0
2019-09-02 01:11:31,5,58,20.8,90,12.1,1019.2,1024.1,1,1.4,10,597.6,0
2019-09-02 01:16:31,5,58,20.8,90,12.2,1019.2,1024.1,1,1.4,12,597.6,0
2019-09-02 01:21:31,5,58,20.7,90,12.2,1018.9,1023.8,0.7,1.4,10,597.6,0
2019-09-02 01:26:31,5,58,20.8,90,12.3,1019,1023.9,0.7,1.4,10,597.6,0
2019-09-02 01:31:31,5,58,20.7,90,12.3,1018.9,1023.8,0.7,1.4,10,597.6,0
2019-09-02 01:36:31,5,58,20.7,90,12.4,1018.9,1023.8,0.7,1,14,597.6,0
2019-09-02 01:41:31,5,58,20.7,90,12.4,1018.9,1023.8,1.4,1.7,8,597.6,0
2019-09-02 01:46:31,5,59,20.7,86,12.5,1018.8,1023.7,0.7,1.4,10,597.6,0
2019-09-02 01:51:31,5,59,20.6,86,12.5,1018.8,1023.7,1.4,2,10,597.6,0
2019-09-02 01:56:31,5,59,20.7,86,12.6,1018.9,1023.8,1.4,1.7,10,597.6,0
2019-09-02 02:01:31,5,59,20.6,86,12.7,1018.6,1023.5,2.4,3.7,10,597.6,0
2019-09-02 02:06:34,5,59,20.7,86,12.7,1018.7,1023.6,2.4,3.1,14,597.6,0
2019-09-02 02:11:31,5,59,20.7,86,12.7,1018.7,1023.6,1,1.4,10,597.6,0
2019-09-02 02:16:31,5,59,20.7,86,12.7,1018.6,1023.5,1,1.4,8,597.6,0
2019-09-02 02:21:31,5,59,20.6,86,12.7,1018.6,1023.5,1,1.7,10,597.6,0
2019-09-02 02:26:31,5,59,20.6,86,12.6,1018.6,1023.5,0.7,1,10,597.6,0
2019-09-02 02:31:31,5,59,20.6,86,12.6,1018.5,1023.4,1,1.7,12,597.6,0
2019-09-02 02:36:31,5,59,20.6,86,12.6,1018.6,1023.5,0.7,1.4,14,597.6,0
2019-09-02 02:41:31,5,59,20.6,86,12.6,1018.8,1023.7,0.7,1,12,597.6,0
2019-09-02 02:46:31,5,59,20.6,87,12.6,1018.6,1023.5,0.7,1.4,14,597.6,0
2019-09-02 02:51:31,5,59,20.6,87,12.7,1018.6,1023.5,0.3,0.7,8,597.6,0
2019-09-02 02:56:31,5,59,20.6,87,12.7,1018.5,1023.4,0.7,1,10,597.6,0
2019-09-02 03:01:31,5,59,20.6,87,12.7,1018.5,1023.4,0.7,1,,597.6,0
2019-09-02 03:06:31,5,59,20.6,88,12.7,1018.5,1023.4,1,1.7,12,597.6,0
2019-09-02 03:11:31,5,59,20.6,88,12.7,1018.4,1023.3,1,1.4,2,597.6,0
2019-09-02 03:16:31,5,59,20.6,88,12.7,1018.4,1023.3,1.7,2.4,14,597.6,0
2019-09-02 03:21:31,5,59,20.6,88,12.7,1018.2,1023.1,0.7,1.4,14,597.6,0
2019-09-02 03:26:31,5,59,20.6,88,12.7,1018.3,1023.2,1.4,2,10,597.6,0
2019-09-02 03:31:31,5,59,20.6,88,12.7,1018.2,1023.1,0.7,1,10,597.6,0
2019-09-02 03:36:31,5,59,20.6,88,12.6,1018,1022.9,0.7,1,12,597.6,0
2019-09-02 03:41:31,5,59,20.6,88,12.5,1018.1,1023,1,1.4,9,597.6,0
2019-09-02 03:46:31,5,59,20.5,88,12.5,1018.2,1023.1,1.4,1.7,10,597.6,0
2019-09-02 03:51:31,5,59,20.5,88,12.5,1018,1022.9,1,1.4,10,597.6,0
2019-09-02 03:56:31,5,59,20.5,88,12.6,1018,1022.9,1,1.4,12,597.6,0
2019-09-02 04:01:31,5,59,20.5,88,12.6,1018.2,1023.1,1.4,2,10,597.6,0
2019-09-02 04:06:31,5,59,20.5,88,12.7,1018.1,1023,1,1.4,8,597.6,0
2019-09-02 04:11:31,5,59,20.5,88,12.7,1018.1,1023,0.3,0.7,0,597.6,0
2019-09-02 04:16:31,5,59,20.5,88,12.7,1018.1,1023,1,1.4,10,597.6,0
2019-09-02 04:21:31,5,59,20.5,89,12.7,1018.3,1023.2,1,1.7,10,597.6,0
2019-09-02 04:26:31,5,59,20.5,89,12.7,1017.9,1022.8,1,1.4,10,597.6,0
2019-09-02 04:31:31,5,59,20.4,88,12.7,1017.9,1022.8,1.4,2,12,597.6,0
2019-09-02 04:36:31,5,59,20.4,88,12.8,1017.9,1022.8,2,2.4,10,597.6,0
2019-09-02 04:41:31,5,59,20.4,88,12.8,1017.8,1022.7,1.7,2.4,8,597.6,0
2019-09-02 04:46:31,5,59,20.5,88,12.8,1017.8,1022.7,0.7,1.4,10,597.6,0
2019-09-02 04:51:31,5,59,20.5,88,12.7,1017.8,1022.7,1.7,2,10,597.6,0
2019-09-02 04:56:31,5,59,20.5,88,12.7,1017.7,1022.6,1.7,2,14,597.6,0
2019-09-02 05:01:31,5,59,20.4,88,12.7,1017.7,1022.6,1.4,2,,597.6,0
2019-09-02 05:06:31,5,59,20.5,88,12.8,1017.9,1022.8,1.4,2,10,597.6,0
2019-09-02 05:11:31,5,59,20.4,88,12.8,1017.8,1022.7,1.4,2,8,597.6,0
2019-09-02 05:16:31,5,59,20.5,88,12.8,1017.9,1022.8,1.4,2,,597.6,0
2019-09-02 05:21:31,5,59,20.4,88,12.9,1017.9,1022.8,1,2,10,597.6,0
2019-09-02 05:26:31,5,59,20.4,88,13,1017.9,1022.8,1.4,1.7,0,597.6,0
2019-09-02 05:31:31,5,59,20.4,88,13,1017.8,1022.7,1,1.4,10,597.6,0
2019-09-02 05:36:31,5,59,20.4,88,13,1017.9,1022.8,1,1.4,10,597.6,0
2019-09-02 05:41:31,5,59,20.4,88,13,1017.8,1022.7,1.4,1.7,4,597.6,0
2019-09-02 05:46:31,5,59,20.4,88,13.1,1017.9,1022.8,1.4,2,10,597.6,0
2019-09-02 05:51:31,5,59,20.4,87,13,1018,1022.9,1,1.4,10,597.6,0
2019-09-02 05:56:31,5,59,20.4,87,13,1018,1022.9,1,1.7,10,597.6,0
2019-09-02 06:01:31,5,59,20.4,87,12.9,1018,1022.9,1,1.7,10,597.6,0
2019-09-02 06:06:31,5,59,20.4,87,12.9,1017.9,1022.8,1,1.4,10,597.6,0
2019-09-02 06:11:31,5,59,20.4,87,12.9,1017.9,1022.8,1,1.7,10,597.6,0
2019-09-02 06:16:31,5,59,20.4,87,12.9,1018,1022.9,1,1.7,10,597.6,0
2019-09-02 06:21:31,5,59,20.4,87,13,1017.7,1022.6,1,1.7,10,597.6,0
2019-09-02 06:26:31,5,59,20.4,87,13.1,1017.8,1022.7,1.4,1.7,14,597.6,0
2019-09-02 06:31:31,5,59,20.4,87,13.2,1017.9,1022.8,1,1.4,12,597.6,0
2019-09-02 06:36:31,5,59,20.4,87,13.3,1017.9,1022.8,1,1.7,14,597.6,0
2019-09-02 06:41:31,5,59,20.4,87,13.3,1017.7,1022.6,1,1.7,10,597.6,0
2019-09-02 06:46:31,5,59,20.4,87,13.4,1017.9,1022.8,1.4,1.7,10,597.6,0
2019-09-02 06:51:31,5,59,20.4,87,13.5,1017.9,1022.8,1,1.7,10,597.6,0
2019-09-02 06:56:31,5,60,20.4,87,13.7,1017.9,1022.8,1.4,1.7,14,597.6,0
2019-09-02 07:01:31,5,60,20.4,86,13.7,1018.1,1023,1.4,1.7,12,597.6,0
2019-09-02 07:06:31,5,60,20.4,86,13.8,1018.1,1023,1.4,2,10,597.6,0
2019-09-02 07:11:31,5,60,20.4,86,13.7,1018,1022.9,1.7,2.4,10,597.6,0
2019-09-02 07:16:31,5,60,20.4,86,13.7,1018,1022.9,1.7,2,10,597.6,0
2019-09-02 07:21:31,5,60,20.4,85,13.7,1017.9,1022.8,1.7,2.7,13,597.6,0
2019-09-02 07:26:31,5,60,20.4,85,13.8,1018,1022.9,2,3.1,14,597.6,0
2019-09-02 07:31:31,5,60,20.4,86,13.8,1018.1,1023,1.4,1.7,10,597.6,0
2019-09-02 07:36:31,5,60,20.4,86,13.8,1017.8,1022.7,1.4,2.4,10,597.6,0
2019-09-02 07:41:31,5,60,20.4,86,13.8,1017.8,1022.7,2,2.7,12,597.6,0
2019-09-02 07:46:31,5,60,20.4,86,14.1,1017.8,1022.7,2,2.7,8,597.6,0
2019-09-02 07:51:31,5,60,20.5,86,14.5,1017.7,1022.6,1.7,2.4,8,597.6,0
2019-09-02 07:56:31,5,60,20.5,86,14.7,1017.8,1022.7,2.4,2.7,8,597.6,0
2019-09-02 08:01:31,5,60,20.5,85,15.1,1017.8,1022.7,1.7,2.7,8,597.6,0
2019-09-02 08:06:31,5,60,20.6,84,15.3,1017.9,1022.8,2,2.7,14,597.6,0
2019-09-02 08:11:31,5,61,20.6,83,15.2,1018,1022.9,1.4,2.4,8,597.6,0
2019-09-02 08:16:31,5,61,20.6,83,15.1,1017.8,1022.7,1.7,2.7,10,597.6,0
2019-09-02 08:21:31,5,61,20.7,83,15,1018.1,1023,2.7,4.1,8,597.6,0
2019-09-02 08:26:31,5,61,20.7,83,15.1,1017.9,1022.8,1.7,2.4,12,597.6,0
2019-09-02 08:31:31,5,61,20.7,83,15.2,1018.2,1023.1,1.7,2.4,14,597.6,0
2019-09-02 08:36:31,5,61,20.8,83,15.2,1018.1,1023,1.7,2,8,597.6,0
2019-09-02 08:41:31,5,61,20.8,83,15.2,1018,1022.9,1.7,2,,597.6,0
2019-09-02 08:46:31,5,61,20.8,83,15.1,1018,1022.9,2.4,3.1,12,597.6,0
2019-09-02 08:51:31,5,61,20.7,84,15.2,1017.9,1022.8,1.7,2.4,10,597.6,0
2019-09-02 08:56:31,5,61,20.7,84,15.3,1018.1,1023,1.7,2.4,10,597.6,0
2019-09-02 09:01:31,5,61,20.7,84,15.5,1017.9,1022.8,1.4,2,10,597.6,0
2019-09-02 09:06:31,5,61,20.7,84,15.6,1018,1022.9,1.4,1.7,10,597.6,0
2019-09-02 09:11:31,5,62,20.6,83,15.4,1017.9,1022.8,2.4,5.1,12,597.6,0
2019-09-02 09:16:31,5,62,20.7,83,15.1,1018.1,1023,1.4,2,10,597.6,0
2019-09-02 09:21:31,5,62,20.6,83,14.9,1018.1,1023,1.4,2,8,597.6,0
2019-09-02 09:26:31,5,62,20.6,84,14.7,1018,1022.9,2,2.7,13,597.6,0
2019-09-02 09:31:31,5,62,20.6,85,14.5,1018.2,1023.1,2,2.7,14,597.6,0
2019-09-02 09:36:31,5,62,20.5,85,14.4,1018.2,1023.1,2,2.7,10,597.6,0
2019-09-02 09:41:31,5,62,20.5,85,14.4,1018.1,1023,1.7,2.7,10,597.6,0
2019-09-02 09:46:31,5,62,20.5,86,14.5,1018,1022.9,1.7,2.4,10,597.6,0
2019-09-02 09:51:31,5,62,20.5,87,14.7,1017.9,1022.8,2,2.4,12,597.6,0
2019-09-02 09:56:31,5,62,20.5,87,14.6,1018,1022.9,1.4,1.7,10,597.6,0
2019-09-02 10:01:31,5,62,20.5,87,14.8,1017.9,1022.8,1.7,2.7,10,597.6,0
2019-09-02 10:06:31,5,63,20.4,87,14.9,1018,1022.9,2,2.7,10,597.6,0
2019-09-02 10:11:31,5,63,20.4,86,14.8,1018,1022.9,1.7,2.7,10,597.6,0
2019-09-02 10:16:31,5,62,20.4,85,14.7,1018.1,1023,2,2.7,10,597.6,0
2019-09-02 10:21:31,5,62,20.4,84,14.7,1018.2,1023.1,2,2.7,10,597.6,0
2019-09-02 10:26:31,5,62,20.4,84,14.6,1018.3,1023.2,1.4,2,10,597.6,0
2019-09-02 10:31:31,5,62,20.3,84,14.5,1018.2,1023.1,1.7,2,14,597.6,0
2019-09-02 10:36:31,5,62,20.3,84,14.4,1018.2,1023.1,1.7,2.4,14,597.6,0
2019-09-02 10:41:31,5,62,20.3,85,14.4,1018.2,1023.1,2.4,3.1,10,597.6,0
2019-09-02 10:46:31,5,62,20.3,86,14.4,1018.2,1023.1,2.4,2.7,14,597.9,0
2019-09-02 10:51:31,5,62,20.3,87,14.4,1018.2,1023.1,1.7,2.7,14,597.9,0
2019-09-02 10:56:31,5,62,20.3,87,14.4,1018,1022.9,1.4,1.7,10,597.9,0
2019-09-02 11:01:31,5,63,20.4,87,14.4,1018.1,1023,1.4,1.7,12,597.9,0
2019-09-02 11:06:31,5,63,20.4,87,14.5,1018.1,1023,1.4,1.7,10,597.9,0
2019-09-02 11:11:31,5,63,20.5,88,14.7,1018,1022.9,1.4,1.7,12,597.9,0
2019-09-02 11:16:31,5,63,20.5,88,14.9,1017.9,1022.8,1.4,2,10,597.9,0
2019-09-02 11:21:31,5,62,20.5,88,15.1,1017.8,1022.7,1.7,2,14,597.9,0
2019-09-02 11:26:31,5,62,20.6,87,15.2,1017.7,1022.6,1.7,2,12,597.9,0
2019-09-02 11:31:31,5,62,20.6,85,15.4,1017.8,1022.7,2.4,2.7,10,597.9,0
2019-09-02 11:36:31,5,62,20.6,84,15.7,1017.8,1022.7,1.4,2.4,10,597.9,0
2019-09-02 11:41:31,5,62,20.6,82,15.9,1017.8,1022.7,2,3.1,12,597.9,0
2019-09-02 11:46:31,5,62,20.6,81,16,1017.6,1022.5,2,2.4,14,597.9,0
2019-09-02 11:51:31,5,62,20.7,80,16.2,1017.5,1022.4,2.4,3.1,10,597.9,0
2019-09-02 11:56:31,5,62,20.8,80,16.3,1017.4,1022.3,2,3.1,8,597.9,0
2019-09-02 12:01:31,5,62,20.8,80,16.4,1017.4,1022.3,1.7,2.4,14,597.9,0
2019-09-02 12:06:31,5,62,20.8,79,16.2,1017.3,1022.2,2,2.7,14,597.9,0
2019-09-02 12:11:31,5,62,20.9,80,15.9,1017.2,1022.1,3.1,3.7,12,597.9,0
2019-09-02 12:16:31,5,62,20.9,80,15.8,1017.2,1022.1,2,2.4,4,597.9,0
2019-09-02 12:21:31,5,62,20.9,80,15.7,1017.5,1022.4,3.1,4.1,10,597.9,0
2019-09-02 12:26:31,5,62,20.9,80,15.8,1017.4,1022.3,2.7,3.7,12,597.9,0
2019-09-02 12:31:31,5,62,20.9,81,16,1017.4,1022.3,2,3.1,14,597.9,0
2019-09-02 12:36:31,5,62,20.9,80,16.2,1017.4,1022.3,1.7,2.4,14,597.9,0
2019-09-02 12:41:31,5,61,21,80,16.3,1017.3,1022.2,3.1,4.1,12,597.9,0
2019-09-02 12:46:31,5,61,21,79,16.8,1017.7,1022.6,1.4,2.4,14,597.9,0
2019-09-02 12:51:31,5,61,21.1,73,17.6,1017.7,1022.6,2.4,3.7,14,597.9,0
2019-09-02 12:56:31,5,61,21.1,72,17.9,1017.6,1022.5,3.1,4.4,14,597.9,0
2019-09-02 13:01:31,5,61,21.2,71,18,1017.6,1022.5,2.4,3.4,10,597.9,0
2019-09-02 13:06:31,5,61,21.2,70,17.7,1017.7,1022.6,2.7,3.4,12,597.9,0
2019-09-02 13:11:31,5,61,21.2,72,17.4,1017.6,1022.5,2.7,3.1,12,597.9,0
2019-09-02 13:16:31,5,61,21.2,71,17.3,1017.5,1022.4,2.4,3.1,10,597.9,0
2019-09-02 13:21:31,5,61,21.2,72,17.3,1017.6,1022.5,2.4,3.1,12,597.9,0
2019-09-02 13:26:31,5,61,21.2,71,17.3,1017.5,1022.4,3.7,4.8,10,597.9,0
2019-09-02 13:31:31,5,61,21.2,71,17.4,1017.8,1022.7,2.4,3.1,14,597.9,0
2019-09-02 13:36:31,5,61,21.2,72,16.7,1017.8,1022.7,4.8,6.1,12,597.9,0
2019-09-02 13:41:31,5,61,21.2,75,15.4,1017.8,1022.7,2.7,3.7,12,597.9,0
2019-09-02 13:46:31,5,61,21.2,80,15,1017.8,1022.7,1.7,2.4,12,597.9,0
2019-09-02 13:51:31,5,61,21.4,82,15.2,1017.9,1022.8,2,3.4,12,597.9,0
2019-09-02 13:56:31,5,61,21.5,82,15.2,1017.7,1022.6,1.7,2,10,597.9,0
2019-09-02 14:01:31,5,61,21.5,82,15.3,1017.7,1022.6,1.7,2,8,597.9,0
2019-09-02 14:06:31,5,61,21.5,82,15.4,1017.8,1022.7,1.7,2.4,12,597.9,0
2019-09-02 14:11:31,5,61,21.5,81,15.6,1017.8,1022.7,1.7,2.7,12,597.9,0
2019-09-02 14:16:31,5,61,21.5,80,15.8,1017.9,1022.8,1.7,2.4,12,597.9,0
2019-09-02 14:21:31,5,61,21.5,80,15.8,1017.8,1022.7,2,3.1,12,597.9,0
2019-09-02 14:26:31,5,61,21.5,78,15.5,1017.7,1022.6,4.1,5.4,,597.9,0
2019-09-02 14:31:31,5,61,21.5,80,14.7,1017.8,1022.7,2.4,3.1,12,598.2,0
2019-09-02 14:36:31,5,61,21.5,82,14.7,1017.7,1022.6,2.4,3.1,10,598.2,0
2019-09-02 14:41:31,5,61,21.5,84,15.3,1017.6,1022.5,1.4,1.7,10,598.2,0
2019-09-02 14:46:31,5,61,21.5,84,15.6,1017.7,1022.6,1.4,1.7,0,598.2,0
2019-09-02 14:51:31,5,61,21.5,83,15.6,1017.8,1022.7,1.7,2,12,598.2,0
2019-09-02 14:56:31,5,61,21.5,82,15.5,1017.7,1022.6,2,3.4,10,598.2,0
2019-09-02 15:01:31,5,61,21.5,82,15.6,1017.7,1022.6,1.7,2.4,12,598.2,0
2019-09-02 15:06:31,5,61,21.5,81,15.9,1017.3,1022.2,1.4,2,10,598.2,0
2019-09-02 15:11:31,5,61,21.6,80,16.6,1017.5,1022.4,2,2.4,10,598.2,0
2019-09-02 15:16:31,5,61,21.5,76,16.7,1017.5,1022.4,2.7,3.7,10,598.2,0
2019-09-02 15:21:31,5,61,21.6,73,16.5,1017.6,1022.5,2.7,3.7,10,598.2,0
2019-09-02 15:26:31,5,61,21.8,72,16.1,1017.4,1022.3,2,2.4,10,598.2,0
2019-09-02 15:31:31,5,61,21.6,73,16.3,1017.6,1022.5,1.7,2.4,0,598.2,0
2019-09-02 15:36:31,5,61,21.6,73,16.5,1017.6,1022.5,1.7,2.4,10,598.2,0
2019-09-02 15:41:31,5,61,21.7,73,16.4,1017.6,1022.5,2,2.7,10,598.2,0
2019-09-02 15:46:31,5,61,21.7,73,16.2,1017.5,1022.4,2.4,3.4,10,598.2,0
2019-09-02 15:51:31,5,61,21.7,74,16,1017.5,1022.4,2,2.4,10,598.2,0
2019-09-02 15:56:31,5,61,21.6,74,16.1,1017.3,1022.2,2.4,2.7,12,598.2,0
2019-09-02 16:01:31,5,61,21.7,74,16.2,1017.3,1022.2,2,3.1,10,598.2,0
2019-09-02 16:06:31,5,61,21.7,74,16.4,1017.3,1022.2,1.7,2.4,10,598.2,0
2019-09-02 16:11:31,5,61,21.7,74,16.3,1017.4,1022.3,3.1,4.8,10,598.2,0
2019-09-02 16:16:31,5,61,21.8,74,16.2,1017.2,1022.1,1.4,2,14,598.2,0
2019-09-02 16:21:31,5,61,21.8,75,16.4,1017.3,1022.2,1.7,2.7,12,598.2,0
2019-09-02 16:26:31,5,61,21.7,74,16.5,1017.4,1022.3,1.4,2,10,598.2,0
2019-09-02 16:31:31,5,61,21.7,73,16.6,1017.3,1022.2,1.4,2,8,598.2,0
2019-09-02 16:36:31,5,61,21.8,72,16.6,1017.4,1022.3,1.7,2,10,598.2,0
2019-09-02 16:41:31,5,61,21.8,72,16.5,1017.3,1022.2,2.7,3.1,12,598.2,0
2019-09-02 16:46:31,5,61,21.8,72,16.5,1017.4,1022.3,2.4,3.1,10,598.2,0
2019-09-02 16:51:31,5,61,21.8,71,16.4,1017.4,1022.3,2.7,3.4,12,598.2,0
2019-09-02 16:56:31,5,61,21.8,71,16.2,1017.3,1022.2,3.4,4.4,12,598.2,0
2019-09-02 17:01:31,5,61,21.8,71,16.1,1017.3,1022.2,2.4,3.7,10,598.2,0
2019-09-02 17:06:31,5,61,21.8,72,16,1017.4,1022.3,1.4,2,10,598.2,0
2019-09-02 17:11:31,5,61,21.8,72,16,1017.3,1022.2,1.7,2.7,12,598.2,0
2019-09-02 17:16:31,5,61,21.6,73,16,1017.3,1022.2,1.7,2.7,10,598.2,0
2019-09-02 17:21:31,5,60,21.6,72,15.9,1017.3,1022.2,3.1,4.4,10,598.2,0
2019-09-02 17:26:31,5,60,21.6,72,15.9,1017.4,1022.3,1.7,2,12,598.2,0
2019-09-02 17:31:31,5,60,21.6,72,16,1017.2,1022.1,1.7,2,14,598.2,0
2019-09-02 17:36:31,5,60,21.6,73,16,1017.3,1022.2,1.7,2.4,10,598.2,0
2019-09-02 17:41:31,5,60,21.6,73,16.1,1017.5,1022.4,1.7,2.4,0,598.2,0
2019-09-02 17:46:31,5,59,21.5,72,16.1,1017.4,1022.3,2.4,3.1,12,598.2,0
2019-09-02 17:51:31,5,59,21.5,72,15.9,1017.5,1022.4,1.7,2.4,12,598.2,0
2019-09-02 17:56:31,5,59,21.5,72,15.8,1017.5,1022.4,1.7,2,12,598.2,0
2019-09-02 18:01:31,5,59,21.5,73,15.6,1017.5,1022.4,2.4,3.4,12,598.2,0
2019-09-02 18:06:31,5,59,21.5,74,15.6,1017.4,1022.3,2.4,3.1,10,598.2,0
2019-09-02 18:11:31,5,59,21.5,75,15.4,1017.4,1022.3,2.4,3.1,12,598.2,0
2019-09-02 18:16:31,5,59,21.5,76,15.2,1017.4,1022.3,1.4,1.7,4,598.2,0
2019-09-02 18:21:31,5,59,21.5,76,15.1,1017.5,1022.4,1.7,2.4,10,598.2,0
2019-09-02 18:26:31,5,59,21.2,77,15,1017.4,1022.3,1.7,2.7,8,598.2,0
2019-09-02 18:31:31,5,59,21.2,78,15,1017.4,1022.3,1.7,2.4,12,598.2,0
2019-09-02 18:36:31,5,59,21.2,78,15,1017.4,1022.3,1.7,2,10,598.2,0
2019-09-02 18:41:31,5,59,21.2,79,15,1017.4,1022.3,1.7,2,10,598.2,0
2019-09-02 18:46:31,5,59,21.2,79,15,1017.7,1022.6,1,1.7,12,598.2,0
2019-09-02 18:51:31,5,59,21.1,79,15.1,1017.9,1022.8,1.7,2.4,10,598.2,0
2019-09-02 18:56:31,5,59,21,79,15.1,1017.7,1022.6,1.7,2.4,12,598.2,0
2019-09-02 19:01:31,5,59,21.1,80,15,1017.5,1022.4,1.4,2,12,598.2,0
2019-09-02 19:06:31,5,59,21,80,14.9,1017.7,1022.6,1.4,1.7,10,598.2,0
2019-09-02 19:11:31,5,59,21,80,14.8,1017.7,1022.6,1.7,2,12,598.2,0
2019-09-02 19:16:31,5,59,21,81,14.8,1017.7,1022.6,1.4,2,10,598.2,0
2019-09-02 19:21:31,5,60,20.9,81,14.8,1017.7,1022.6,1,1.7,10,598.2,0
2019-09-02 19:26:31,5,60,20.8,81,14.8,1017.8,1022.7,1.4,2,10,598.2,0
2019-09-02 19:31:31,5,60,20.8,82,14.7,1018,1022.9,1,1.4,12,598.2,0
2019-09-02 19:36:31,5,60,20.8,82,14.7,1017.9,1022.8,1,1.7,10,598.2,0
2019-09-02 19:41:31,5,61,20.8,82,14.7,1018.2,1023.1,0.7,1,10,598.2,0
2019-09-02 19:46:31,5,61,20.7,82,14.6,1018.1,1023,1,1.4,10,598.2,0
2019-09-02 19:51:31,5,61,20.8,82,14.6,1018.1,1023,1.4,2,10,598.2,0
2019-09-02 19:56:31,5,62,20.9,83,14.5,1018.1,1023,1,1.4,10,598.2,0
2019-09-02 20:01:31,5,61,21,83,14.4,1018.1,1023,1,1.4,12,598.2,0
2019-09-02 20:06:31,5,61,21,84,14.4,1018.2,1023.1,1,1.7,10,598.2,0
2019-09-02 20:11:31,5,61,21.1,84,14.4,1018.2,1023.1,1.4,1.7,12,598.2,0
2019-09-02 20:16:31,5,61,21.2,85,14.4,1017.9,1022.8,1,1.7,10,598.2,0
2019-09-02 20:21:31,5,61,21.2,85,14.4,1018,1022.9,1,1.4,10,598.2,0
2019-09-02 20:26:31,5,61,21.2,84,14.4,1018,1022.9,1,1.4,10,598.2,0
2019-09-02 20:31:31,5,61,21.5,84,14.4,1017.9,1022.8,0.7,1,10,598.2,0
2019-09-02 20:36:31,5,61,21.5,84,14.4,1018,1022.9,0.7,1,10,598.2,0
2019-09-02 20:41:31,5,61,21.5,84,14.4,1018,1022.9,0.7,1,8,598.2,0
2019-09-02 20:46:31,5,61,21.6,84,14.4,1018,1022.9,0.7,1,10,598.2,0
2019-09-02 20:51:31,5,61,21.8,84,14.4,1018,1022.9,1,1.4,10,598.2,0
2019-09-02 20:56:31,5,60,21.8,85,14.4,1017.9,1022.8,1,1.4,12,598.2,0
2019-09-02 21:01:31,5,60,21.9,85,14.4,1017.8,1022.7,1,1.4,10,598.2,0
2019-09-02 21:06:31,5,59,22,85,14.4,1017.9,1022.8,1,1.4,12,598.2,0
2019-09-02 21:11:31,5,59,22,85,14.4,1017.8,1022.7,0.7,1,14,598.2,0
2019-09-02 21:16:31,5,59,22.1,85,14.4,1017.7,1022.6,1.4,2,9,598.2,0
2019-09-02 21:21:31,5,59,22.1,85,14.4,1017.9,1022.8,0.7,1.4,10,598.2,0
2019-09-02 21:26:31,5,59,22.1,85,14.4,1017.8,1022.7,0.7,1,10,598.2,0
2019-09-02 21:31:31,5,59,22.1,85,14.4,1017.8,1022.7,1,1.4,9,598.2,0
2019-09-02 21:36:31,5,59,22.1,85,14.4,1017.6,1022.5,1.4,2,10,598.2,0
2019-09-02 21:41:31,5,59,22.1,85,14.4,1017.6,1022.5,1,1.4,10,598.2,0
2019-09-02 21:46:31,5,59,22.2,85,14.3,1017.4,1022.3,1,1.4,10,598.2,0
2019-09-02 21:51:31,5,59,22.2,85,14.3,1017.5,1022.4,1.4,1.7,12,598.2,0
2019-09-02 21:56:31,5,59,22.2,85,14.2,1017.6,1022.5,1.7,2.7,10,598.2,0
2019-09-02 22:01:31,5,59,22.2,85,14.2,1017.8,1022.7,1.4,2,10,598.2,0
2019-09-02 22:06:31,5,59,22.2,86,14.2,1017.8,1022.7,1.4,2,10,598.2,0
2019-09-02 22:11:31,5,59,22.2,86,14.3,1017.8,1022.7,1.7,2,11,598.2,0
2019-09-02 22:16:31,5,59,22.3,86,14.2,1017.7,1022.6,1,1.7,10,598.2,0
2019-09-02 22:21:31,5,58,22.3,86,14.2,1017.8,1022.7,1.4,1.7,12,598.2,0
2019-09-02 22:26:31,5,58,22.3,86,14.2,1017.8,1022.7,1.7,2.7,8,598.2,0
2019-09-02 22:31:31,5,58,22.3,86,14.3,1017.6,1022.5,1,1.7,10,598.2,0
2019-09-02 22:36:31,5,58,22.3,86,14.3,1017.6,1022.5,0.7,1.4,8,598.2,0
2019-09-02 22:41:31,5,58,22.3,86,14.4,1017.6,1022.5,0.7,1,,598.2,0
2019-09-02 22:46:31,5,59,22.3,86,14.4,1017.5,1022.4,1.4,2,10,598.2,0
2019-09-02 22:51:31,5,59,22.4,86,14.4,1017.4,1022.3,1.4,2,8,598.2,0
2019-09-02 22:56:31,5,58,22.4,86,14.5,1017.5,1022.4,1,1.7,10,598.2,0
2019-09-02 23:01:31,5,58,22.3,86,14.5,1017.4,1022.3,1.4,2,10,598.2,0
2019-09-02 23:06:31,5,58,22.2,86,14.5,1017.5,1022.4,0.7,1.4,10,598.2,0
2019-09-02 23:11:31,5,59,22.1,86,14.5,1017.3,1022.2,1.4,1.7,10,598.2,0
2019-09-02 23:16:31,5,59,22,86,14.5,1017.4,1022.3,1,1.7,10,598.2,0
2019-09-02 23:21:31,5,59,22,86,14.5,1017.4,1022.3,1,1.4,10,598.2,0
2019-09-02 23:26:31,5,60,21.9,86,14.5,1017.3,1022.2,1.7,2.4,14,598.2,0
2019-09-02 23:31:31,5,60,21.8,86,14.5,1017.3,1022.2,1.4,2,,598.2,0
2019-09-02 23:36:31,5,60,21.7,87,14.5,1017.6,1022.5,1.4,2,10,598.2,0
2019-09-02 23:41:31,5,60,21.6,87,14.5,1017.4,1022.3,1.7,2.4,8,598.2,0
2019-09-02 23:46:31,5,60,21.5,87,14.4,1017.4,1022.3,2,2.7,10,598.2,0
2019-09-02 23:51:31,5,60,21.4,88,14.4,1017.4,1022.3,2,2.7,10,598.5,0
2019-09-02 23:56:31,5,60,21.4,88,14.4,1017.4,1022.3,1.4,1.7,10,598.5,0
