2024-12-09 00:01:25,5,56,18.2,90,0.2,1040.6,1045.5,0,0,10,1044,0
2024-12-09 00:06:25,5,56,18.2,90,0.3,1040.5,1045.4,0,0,10,1044,0
2024-12-09 00:11:25,5,56,18.2,90,0.5,1040.7,1045.6,0.7,1,10,1044,0
2024-12-09 00:16:25,5,56,18.1,90,0.3,1040.8,1045.7,1,1.4,10,1044,0
2024-12-09 00:21:25,5,56,18.1,90,0.3,1040.8,1045.7,0.7,1,10,1044,0
2024-12-09 00:26:25,5,56,18.1,91,0.3,1040.7,1045.6,0.3,0.7,10,1044,0
2024-12-09 00:31:25,5,56,18.1,91,0.4,1040.3,1045.2,0.3,0.7,10,1044,0
2024-12-09 00:36:25,5,56,18,91,0.4,1040.7,1045.6,0.7,1,10,1044,0
2024-12-09 00:41:25,5,56,18,91,0.3,1040.7,1045.6,0.3,0.7,10,1044,0
2024-12-09 00:46:25,5,56,18,91,0.4,1040.7,1045.6,0.7,1,10,1044,0
2024-12-09 00:51:25,5,57,17.9,91,0.8,1040.6,1045.5,0.7,1,10,1044,0
2024-12-09 00:56:25,5,57,17.9,91,0.7,1040.7,1045.6,0.7,1,10,1044,0
2024-12-09 01:01:25,5,57,17.9,91,0.5,1040.6,1045.5,0.3,0.7,10,1044,0
2024-12-09 01:06:25,5,57,17.7,91,0.2,1040.6,1045.5,0,0,10,1044,0
2024-12-09 01:11:25,5,57,17.8,91,0.2,1040.5,1045.4,0,0,10,1044,0
2024-12-09 01:16:25,5,57,17.7,91,0.2,1040.7,1045.6,0,0,10,1044,0
2024-12-09 01:21:25,5,57,17.8,91,0,1040.8,1045.7,0,0,10,1044,0
2024-12-09 01:26:25,5,57,17.7,91,-0.1,1040.8,1045.7,0,0,10,1044,0
2024-12-09 01:31:25,5,57,17.7,91,-0.2,1041,1045.9,0,0,10,1044,0
2024-12-09 01:36:25,5,57,17.7,91,-0.3,1040.9,1045.8,0,0,10,1044,0
2024-12-09 01:41:25,5,57,17.7,91,-0.2,1041,1045.9,0,0.3,10,1044,0
2024-12-09 01:46:25,5,57,17.7,91,-0.2,1040.9,1045.8,1,1.4,10,1044,0
2024-12-09 01:51:25,5,57,17.6,91,-0.2,1040.8,1045.7,0,0,10,1044,0
2024-12-09 01:56:25,5,57,17.6,91,-0.3,1041,1045.9,0,0,10,1044,0
2024-12-09 02:01:25,5,57,17.5,91,-0.4,1041,1045.9,0,0,10,1044,0
2024-12-09 02:06:25,5,56,17.5,92,-0.1,1040.8,1045.7,0,0,10,1044,0
2024-12-09 02:11:25,5,56,17.4,92,0.1,1040.8,1045.7,0,0,10,1044,0
2024-12-09 02:16:25,5,56,17.5,92,-0.1,1041,1045.9,0,0,10,1044,0
2024-12-09 02:21:25,5,56,17.5,92,-0.3,1040.8,1045.7,0,0,10,1044,0
2024-12-09 02:26:25,5,56,17.5,92,-0.4,1040.9,1045.8,0,0,10,1044,0
2024-12-09 02:31:25,5,56,17.5,92,-0.4,1040.8,1045.7,0,0.3,10,1044,0
2024-12-09 02:36:25,5,56,17.3,92,-0.5,1041.2,1046.1,0,0,10,1044,0
2024-12-09 02:41:25,5,56,17.3,92,-0.5,1041.1,1046,0,0,10,1044,0
2024-12-09 02:46:25,5,56,17.3,92,-0.5,1041.1,1046,0,0,10,1044,0
2024-12-09 02:51:25,5,56,17.3,92,-0.5,1041,1045.9,0,0,10,1044,0
2024-12-09 02:56:25,5,56,17.3,92,-0.6,1041,1045.9,0,0,10,1044,0
2024-12-09 03:01:25,5,56,17.3,92,-0.7,1041.1,1046,0,0,10,1044,0
2024-12-09 03:06:25,5,56,17.3,92,-0.7,1041,1045.9,0,0,10,1044,0
2024-12-09 03:11:25,5,56,17.3,92,-0.3,1040.8,1045.7,0,0,10,1044,0
2024-12-09 03:16:25,5,56,17.2,92,-0.3,1040.9,1045.8,0,0,10,1044,0
2024-12-09 03:21:25,5,56,17.2,92,-0.4,1041,1045.9,0,0,10,1044,0
2024-12-09 03:26:25,5,56,17.2,92,-0.4,1040.8,1045.7,0,0.3,10,1044,0
2024-12-09 03:31:25,5,56,17.2,92,-0.6,1040.9,1045.8,0,0,10,1044,0
2024-12-09 03:36:25,5,56,17.2,92,-0.5,1040.8,1045.7,0,0,10,1044,0
2024-12-09 03:41:25,5,56,17.2,93,-0.4,1041,1045.9,0,0,10,1044,0
2024-12-09 03:46:25,5,56,17.2,93,-0.4,1041,1045.9,0,0,10,1044,0
2024-12-09 03:51:25,5,56,17.2,93,-0.3,1040.9,1045.8,0,0,10,1044,0
2024-12-09 03:56:25,5,56,17.2,93,-0.1,1040.9,1045.8,0,0,10,1044,0
2024-12-09 04:01:25,5,56,17.2,93,-0.1,1040.9,1045.8,0,0,10,1044,0
2024-12-09 04:06:25,5,56,17.2,93,-0.1,1040.9,1045.8,0,0,10,1044,0
2024-12-09 04:11:25,5,56,17.2,93,-0.5,1041,1045.9,0.7,1,10,1044,0
2024-12-09 04:16:25,5,56,17,93,-0.6,1041,1045.9,0,0,10,1044,0
2024-12-09 04:21:25,5,57,16.9,93,-0.8,1040.9,1045.8,0,0,10,1044,0
2024-12-09 04:26:25,5,57,16.9,93,-0.8,1041,1045.9,0,0,10,1044,0
2024-12-09 04:31:25,5,56,17,93,-0.8,1041.2,1046.1,0,0,10,1044,0
2024-12-09 04:36:25,5,56,17,93,-0.8,1041.2,1046.1,1,1.4,10,1044,0
2024-12-09 04:41:25,5,56,17,93,-0.6,1041.2,1046.1,0,0,10,1044,0
2024-12-09 04:46:25,5,57,16.9,93,-0.7,1041.1,1046,0,0,10,1044,0
2024-12-09 04:51:25,5,57,16.9,93,-0.7,1040.9,1045.8,0,0,10,1044,0
2024-12-09 04:56:25,5,57,16.9,93,-0.6,1040.9,1045.8,0,0,10,1044,0
2024-12-09 05:01:25,5,56,17,93,-0.5,1040.9,1045.8,0,0,10,1044,0
2024-12-09 05:06:25,5,56,17,93,-0.7,1040.9,1045.8,0,0,10,1044,0
2024-12-09 05:11:25,5,57,16.9,93,-0.8,1041,1045.9,0,0,10,1044,0
2024-12-09 05:16:25,5,56,17,93,-0.8,1040.8,1045.7,0,0,10,1044,0
2024-12-09 05:21:25,5,57,16.9,93,-0.9,1040.8,1045.7,0,0,10,1044,0
2024-12-09 05:26:25,5,56,17,93,-0.7,1040.9,1045.8,0,0,10,1044,0
2024-12-09 05:31:25,5,57,16.9,93,-0.6,1041.1,1046,0,0,10,1044,0
2024-12-09 05:36:25,5,57,16.9,93,-0.7,1041,1045.9,0,0,10,1044,0
2024-12-09 05:41:25,5,56,17,93,-0.5,1040.9,1045.8,0,0,10,1044,0
2024-12-09 05:46:25,5,55,17,93,-0.6,1041.1,1046,0,0,8,1044,0
2024-12-09 05:51:25,5,55,17,93,-0.5,1041.1,1046,0,0,10,1044,0
2024-12-09 05:56:25,5,56,16.9,93,-0.7,1040.9,1045.8,0,0,10,1044,0
2024-12-09 06:01:25,5,56,16.9,93,-0.6,1041,1045.9,0,0,10,1044,0
2024-12-09 06:06:25,5,56,16.9,93,-0.7,1041.2,1046.1,0,0,10,1044,0
2024-12-09 06:11:25,5,56,16.9,93,-1,1041.1,1046,0,0,10,1044,0
2024-12-09 06:16:25,5,56,16.9,93,-1,1041.3,1046.2,0,0,10,1044,0
2024-12-09 06:21:25,5,56,16.9,93,-1,1041.3,1046.2,0,0,8,1044,0
2024-12-09 06:26:25,5,56,16.9,93,-0.9,1041.3,1046.2,0,0,10,1044,0
2024-12-09 06:31:25,5,56,16.9,93,-1.1,1041.5,1046.4,0,0,10,1044,0
2024-12-09 06:36:25,5,56,16.9,94,-1,1041.3,1046.2,0,0,10,1044,0
2024-12-09 06:41:25,5,56,16.9,94,-0.9,1041.4,1046.3,0,0,8,1044,0
2024-12-09 06:46:25,5,56,16.9,94,-1,1041.4,1046.3,0,0,10,1044,0
2024-12-09 06:51:25,5,56,16.9,94,-0.9,1041.5,1046.4,0,0,10,1044,0
2024-12-09 06:56:25,5,56,16.9,94,-1,1041.4,1046.3,0,0,8,1044,0
2024-12-09 07:01:25,5,56,16.9,94,-1,1041.4,1046.3,0,0,8,1044,0
2024-12-09 07:06:25,5,56,16.9,94,-1,1041.4,1046.3,0,0,10,1044,0
2024-12-09 07:11:25,5,56,16.9,94,-0.6,1041.7,1046.6,0,0,10,1044,0
2024-12-09 07:16:25,5,56,16.9,94,-0.9,1041.5,1046.4,0,0,10,1044,0
2024-12-09 07:21:25,5,56,16.9,94,-1.2,1041.7,1046.6,0,0,10,1044,0
2024-12-09 07:26:25,5,56,16.9,94,-1.3,1041.6,1046.5,0,0,10,1044,0
2024-12-09 07:31:25,5,56,16.9,94,-1.3,1041.7,1046.6,0,0,10,1044,0
2024-12-09 07:36:25,5,56,16.9,94,-1.2,1041.8,1046.7,0,0,10,1044,0
2024-12-09 07:41:25,5,56,16.9,93,-1.7,1041.8,1046.7,0,0,10,1044,0
2024-12-09 07:46:25,5,56,16.9,94,-1.4,1041.7,1046.6,0,0,10,1044,0
2024-12-09 07:51:25,5,56,16.9,94,-1,1041.8,1046.7,0,0,10,1044,0
2024-12-09 07:56:25,5,56,16.9,94,-0.9,1041.7,1046.6,0,0,10,1044,0
2024-12-09 08:01:25,5,56,16.9,94,-1,1041.9,1046.8,0,0,10,1044,0
2024-12-09 08:06:25,5,56,16.9,94,-1.3,1041.8,1046.7,0,0,10,1044,0
2024-12-09 08:11:25,5,56,16.9,94,-1.3,1041.9,1046.8,0,0,10,1044,0
2024-12-09 08:16:25,5,56,16.9,94,-1.3,1041.9,1046.8,0,0,10,1044,0
2024-12-09 08:21:25,5,56,16.9,94,-1.4,1042.1,1047,0,0,10,1044,0
2024-12-09 08:26:25,5,56,16.9,94,-1.3,1041.9,1046.8,0,0,10,1044,0
2024-12-09 08:31:25,5,56,16.9,94,-1.3,1041.9,1046.8,0,0,10,1044,0
2024-12-09 08:36:25,5,56,16.9,94,-1.3,1042,1046.9,0,0,10,1044,0
2024-12-09 08:41:25,5,56,16.9,94,-1.4,1042.1,1047,0,0,10,1044,0
2024-12-09 08:46:25,5,56,16.9,94,-1.5,1041.9,1046.8,0,0,10,1044,0
2024-12-09 08:51:25,5,56,16.9,94,-1.4,1041.9,1046.8,0,0,,1044,0
2024-12-09 08:56:25,5,55,16.9,94,-1.1,1042.1,1047,0,0,,1044,0
2024-12-09 09:01:25,5,55,16.9,94,-1.1,1042.1,1047,0,0,,1044,0
2024-12-09 09:06:25,5,56,16.9,94,-1.2,1042.1,1047,0,0,,1044,0
2024-12-09 09:11:25,5,56,16.9,94,-1.3,1042.1,1047,0,0,,1044,0
2024-12-09 09:16:25,5,55,16.9,94,-1,1042.1,1047,0,0,,1044,0
2024-12-09 09:21:25,5,55,16.9,94,-0.7,1042.2,1047.1,0,0,,1044,0
2024-12-09 09:26:25,5,55,16.9,95,-0.4,1042.4,1047.3,0,0,,1044,0
2024-12-09 09:31:25,5,55,16.9,95,-0.2,1042.4,1047.3,0,0,,1044,0
2024-12-09 09:36:25,5,56,16.9,95,-0.2,1042.3,1047.2,0,0,,1044,0
2024-12-09 09:41:25,5,56,16.9,95,-0.4,1042.4,1047.3,0,0,,1044,0
2024-12-09 09:46:25,5,55,17.2,95,-0.5,1042.6,1047.5,0,0,,1044,0
2024-12-09 09:51:25,5,55,17.2,95,-0.6,1042.7,1047.6,0,0,,1044,0
2024-12-09 09:56:25,5,55,17.3,95,-0.6,1042.7,1047.6,0,0,10,1044,0
2024-12-09 10:01:25,5,55,17.3,95,-0.4,1042.8,1047.7,0,0,10,1044,0
2024-12-09 10:06:25,5,55,17.5,95,-0.2,1042.6,1047.5,0,0,10,1044,0
2024-12-09 10:11:25,5,55,17.5,95,0,1042.7,1047.6,0,0,10,1044,0
2024-12-09 10:16:25,5,55,17.5,95,0.4,1042.8,1047.7,0,0,10,1044,0
2024-12-09 10:21:25,5,55,17.5,95,0.9,1042.7,1047.6,0,0,,1044,0
2024-12-09 10:26:25,5,55,17.6,96,1.1,1042.7,1047.6,0,0,,1044,0
2024-12-09 10:31:25,5,55,17.6,96,1.2,1042.8,1047.7,0,0,,1044,0
2024-12-09 10:36:25,5,55,17.7,96,1.4,1042.8,1047.7,0,0,,1044,0
2024-12-09 10:41:25,5,56,17.7,96,1.9,1042.8,1047.7,0,0,,1044,0
2024-12-09 10:46:25,5,56,17.8,97,3,1042.7,1047.6,0,0,,1044,0
2024-12-09 10:51:25,5,56,17.7,99,4,1042.6,1047.5,0,0.3,,1044,0
2024-12-09 10:56:25,5,56,17.8,99,4.3,1042.8,1047.7,0.7,1,,1044,0
2024-12-09 11:01:25,5,57,17.8,99,4.3,1042.7,1047.6,0.7,1,,1044,0
2024-12-09 11:06:25,5,56,18,99,4.2,1042.8,1047.7,1,1.4,,1044,0
2024-12-09 11:11:25,5,56,18,99,4,1042.7,1047.6,0.7,1,,1044,0
2024-12-09 11:16:25,5,56,18.1,98,3.8,1042.7,1047.6,0,0,,1044,0
2024-12-09 11:21:25,5,56,18.1,98,3.9,1042.6,1047.5,0,0,,1044,0
2024-12-09 11:26:25,5,56,18.1,97,3.9,1042.6,1047.5,0,0,,1044,0
2024-12-09 11:31:25,5,56,18.1,97,3.9,1042.6,1047.5,0,0.3,,1044,0
2024-12-09 11:36:25,5,56,18.2,96,3.8,1042.5,1047.4,0.3,0.7,,1044,0
2024-12-09 11:41:25,5,56,18.2,95,3.7,1042.2,1047.1,0,0,,1044,0
2024-12-09 11:46:25,5,55,18.1,94,3.8,1042.4,1047.3,0,0,,1044,0
2024-12-09 11:51:25,5,55,18.1,94,3.8,1042.2,1047.1,0,0,,1044,0
2024-12-09 11:56:25,5,55,18.1,94,4.1,1042.1,1047,0.3,0.7,,1044,0
2024-12-09 12:01:25,5,55,18.2,93,4.4,1042,1046.9,0.7,1,,1044,0
2024-12-09 12:06:25,5,55,18.2,93,4.5,1042,1046.9,0.7,1,,1044,0
2024-12-09 12:11:25,5,55,18.3,93,4.6,1042,1046.9,1.7,2,,1044,0
2024-12-09 12:16:25,5,55,18.3,92,4.8,1042,1046.9,1.4,2,,1044,0
2024-12-09 12:21:25,5,55,18.3,92,5,1041.8,1046.7,0.7,1,,1044,0
2024-12-09 12:26:25,5,55,18.3,91,5.1,1041.9,1046.8,1.7,2,14,1044,0
2024-12-09 12:31:25,5,55,18.3,90,5.2,1041.7,1046.6,1.7,2.4,14,1044,0
2024-12-09 12:36:25,5,55,18.4,89,5.3,1041.9,1046.8,1,1.4,14,1044,0
2024-12-09 12:41:25,5,55,18.4,87,5.4,1041.8,1046.7,1.4,2.4,14,1044,0
2024-12-09 12:46:25,5,55,18.4,86,5.6,1041.9,1046.8,1,1.7,14,1044,0
2024-12-09 12:51:25,5,55,18.4,84,5.8,1041.9,1046.8,1,1.4,14,1044,0
2024-12-09 12:56:25,5,55,18.4,82,6.1,1041.9,1046.8,1.4,2.4,14,1044.3,0
2024-12-09 13:01:25,5,55,18.4,81,6.5,1041.7,1046.6,0.7,1,14,1044.3,0
2024-12-09 13:06:25,5,55,18.4,80,6.9,1041.5,1046.4,1,2.4,14,1044.3,0
2024-12-09 13:11:25,5,55,18.4,78,6.9,1041.5,1046.4,1.7,3.1,14,1044.3,0
2024-12-09 13:16:25,5,55,18.4,76,7,1041.5,1046.4,1.7,2.7,14,1044.3,0
2024-12-09 13:21:25,5,55,18.4,74,7,1041.3,1046.2,2.4,2.7,14,1044.3,0
2024-12-09 13:26:25,5,55,18.4,74,7.1,1041.3,1046.2,1.4,1.7,14,1044.3,0
2024-12-09 13:31:25,5,55,18.4,73,7.1,1041.4,1046.3,1.4,2,14,1044.3,0
2024-12-09 13:36:25,5,55,18.4,73,7,1041.3,1046.2,1,1.4,14,1044.3,0
2024-12-09 13:41:25,5,54,18.5,73,6.9,1041.5,1046.4,1.4,2.4,14,1044.3,0
2024-12-09 13:46:25,5,54,18.4,74,7.1,1041.2,1046.1,2.4,3.1,14,1044.3,0
2024-12-09 13:51:25,5,54,18.4,74,7,1041.2,1046.1,1.7,2.7,14,1044.3,0
2024-12-09 13:56:25,5,54,18.4,73,7.2,1041.2,1046.1,1,1.7,14,1044.3,0
2024-12-09 14:01:25,5,54,18.4,73,7.2,1041.1,1046,2.4,3.1,14,1044.3,0
2024-12-09 14:06:25,5,54,18.4,73,7.4,1041.1,1046,2.4,3.1,14,1044.3,0
2024-12-09 14:11:25,5,53,18.4,72,7.2,1041,1045.9,2.4,3.4,14,1044.3,0
2024-12-09 14:16:25,5,54,18.4,72,7.4,1041,1045.9,1.4,1.7,14,1044.3,0
2024-12-09 14:21:25,5,54,18.4,71,7.3,1041.1,1046,1.7,2,0,1044.3,0
2024-12-09 14:26:25,5,54,18.4,71,7.1,1040.8,1045.7,1.4,2,0,1044.3,0
2024-12-09 14:31:25,5,54,18.4,72,7.3,1040.9,1045.8,1,1.7,0,1044.3,0
2024-12-09 14:36:25,5,54,18.5,71,7.3,1040.8,1045.7,1.7,2.4,0,1044.3,0
2024-12-09 14:41:25,5,54,18.5,71,6.9,1040.9,1045.8,3.1,3.7,0,1044.3,0
2024-12-09 14:46:25,5,53,18.6,72,6.5,1040.9,1045.8,1,1.7,0,1044.3,0
2024-12-09 14:51:25,5,53,18.6,74,6.3,1040.8,1045.7,1.4,2,0,1044.3,0
2024-12-09 14:56:25,5,53,18.7,75,6.1,1040.9,1045.8,3.1,3.7,0,1044.3,0
2024-12-09 15:01:25,5,53,18.7,76,5.9,1040.8,1045.7,1.7,2,0,1044.3,0
2024-12-09 15:06:25,5,53,18.8,77,5.7,1040.8,1045.7,1.4,2,0,1044.3,0
2024-12-09 15:11:25,5,53,18.8,78,5.6,1040.8,1045.7,1.7,2.4,14,1044.3,0
2024-12-09 15:16:25,5,53,18.9,79,5.5,1040.6,1045.5,2.4,3.1,14,1044.3,0
2024-12-09 15:21:25,5,53,18.9,80,5.5,1040.9,1045.8,1.7,2,14,1044.3,0
2024-12-09 15:26:25,5,53,18.9,80,5.6,1040.6,1045.5,2,3.4,14,1044.3,0
2024-12-09 15:31:25,5,53,18.9,80,5.6,1040.6,1045.5,1.7,2.7,0,1044.3,0
2024-12-09 15:36:25,5,53,18.9,79,5.5,1040.7,1045.6,2,2.7,0,1044.3,0
2024-12-09 15:41:25,5,52,19,78,5.4,1040.7,1045.6,2,2.7,0,1044.3,0
2024-12-09 15:46:25,5,52,19,78,5.2,1040.8,1045.7,2.7,3.4,0,1044.3,0
2024-12-09 15:51:25,5,52,19,78,4.9,1040.8,1045.7,1.7,2.4,0,1044.3,0
2024-12-09 15:56:25,5,52,19.1,80,4.5,1040.8,1045.7,1.7,2,0,1044.3,0
2024-12-09 16:01:25,5,52,19.1,80,4.4,1040.7,1045.6,1.4,2.4,15,1044.3,0
2024-12-09 16:06:25,5,52,19.1,81,4.2,1040.8,1045.7,1.7,2.4,0,1044.3,0
2024-12-09 16:11:25,5,52,19.1,81,4.1,1040.7,1045.6,1.7,2.7,0,1044.3,0
2024-12-09 16:16:25,5,52,19,81,3.9,1040.9,1045.8,1,1.7,0,1044.3,0
2024-12-09 16:21:25,5,52,19,82,3.7,1040.8,1045.7,1.4,2,0,1044.3,0
2024-12-09 16:26:25,5,52,19,82,3.6,1040.8,1045.7,1,1.7,2,1044.3,0
2024-12-09 16:31:25,5,52,19,82,3.5,1040.9,1045.8,0.3,0.7,2,1044.3,0
2024-12-09 16:36:25,5,53,18.9,83,3.3,1041,1045.9,0.3,0.3,2,1044.3,0
2024-12-09 16:41:25,5,53,18.9,83,3.2,1041,1045.9,0,0,2,1044.3,0
2024-12-09 16:46:25,5,54,18.9,83,3,1040.9,1045.8,0,0,2,1044.3,0
2024-12-09 16:51:25,5,54,18.8,83,2.9,1041,1045.9,0,0,2,1044.3,0
2024-12-09 16:56:25,5,54,18.8,83,2.9,1041.2,1046.1,0,0,2,1044.3,0
2024-12-09 17:01:25,5,54,18.8,84,2.8,1041.3,1046.2,0,0,2,1044.3,0
2024-12-09 17:06:25,5,54,18.8,84,2.8,1041.2,1046.1,0,0,2,1044.3,0
2024-12-09 17:11:25,5,54,18.7,84,2.7,1041.2,1046.1,0,0,2,1044.3,0
2024-12-09 17:16:25,5,53,18.6,84,2.5,1041.3,1046.2,0.3,0.7,2,1044.3,0
2024-12-09 17:21:25,5,53,18.6,85,2.3,1041.2,1046.1,0,0.3,2,1044.3,0
2024-12-09 17:26:25,5,53,18.5,85,2,1041.3,1046.2,0.7,1,2,1044.3,0
2024-12-09 17:31:25,5,53,18.5,85,1.9,1041.4,1046.3,0,0.3,2,1044.3,0
2024-12-09 17:36:25,5,53,18.4,86,1.8,1041.2,1046.1,0,0.3,2,1044.3,0
2024-12-09 17:41:25,5,53,18.4,86,1.8,1041.2,1046.1,0,0.3,2,1044.3,0
2024-12-09 17:46:25,5,53,18.3,86,1.8,1041.2,1046.1,0,0,2,1044.3,0
2024-12-09 17:51:25,5,53,18.3,87,1.8,1041.5,1046.4,0,0.3,2,1044.3,0
2024-12-09 17:56:25,5,53,18.2,88,1.8,1041.2,1046.1,0.7,1,2,1044.3,0
2024-12-09 18:01:25,5,53,18.2,88,1.9,1041.4,1046.3,0,0,2,1044.3,0
2024-12-09 18:06:25,5,53,18.1,89,1.8,1041.5,1046.4,0.3,0.7,2,1044.3,0
2024-12-09 18:11:25,5,53,18.1,90,2,1041.5,1046.4,0.7,1,2,1044.3,0
2024-12-09 18:16:25,5,53,18,90,2.1,1041.6,1046.5,0,0,4,1044.3,0
2024-12-09 18:21:25,5,53,18,90,2,1041.5,1046.4,0,0,4,1044.3,0
2024-12-09 18:26:25,5,53,18,90,2.1,1041.4,1046.3,0,0,,1044.3,0
2024-12-09 18:31:25,5,53,17.9,91,2,1041.4,1046.3,0,0.3,2,1044.3,0
2024-12-09 18:36:25,5,53,17.9,91,2,1041.6,1046.5,0,0,2,1044.3,0
2024-12-09 18:41:25,5,53,17.9,91,1.8,1041.7,1046.6,0,0,2,1044.3,0
2024-12-09 18:46:25,5,53,17.8,91,1.7,1041.6,1046.5,0,0,2,1044.3,0
2024-12-09 18:51:32,5,53,17.8,91,1.8,1041.7,1046.6,0.7,1,4,1044.3,0
2024-12-09 18:56:25,5,53,17.7,91,2.1,1041.5,1046.4,0.7,1.4,2,1044.3,0
2024-12-09 19:01:25,5,53,17.7,92,2.1,1041.6,1046.5,0.3,0.7,2,1044.3,0
2024-12-09 19:06:25,5,53,17.7,92,1.9,1041.4,1046.3,0.7,1,2,1044.3,0
2024-12-09 19:11:25,5,53,17.7,92,1.8,1041.3,1046.2,0.7,1,2,1044.3,0
2024-12-09 19:16:25,5,53,17.7,92,1.6,1041.5,1046.4,0,0,2,1044.3,0
2024-12-09 19:21:25,5,53,17.7,92,1.4,1041.7,1046.6,0,0,2,1044.3,0
2024-12-09 19:26:25,5,53,17.7,92,1.2,1041.6,1046.5,0,0,2,1044.3,0
2024-12-09 19:31:25,5,53,17.7,92,1.3,1041.6,1046.5,0.7,1,0,1044.3,0
2024-12-09 19:36:25,5,53,17.6,92,1.1,1041.6,1046.5,0,0,0,1044.3,0
2024-12-09 19:41:25,5,53,17.6,92,1,1041.6,1046.5,0,0,2,1044.3,0
2024-12-09 19:46:25,5,53,17.6,92,1.2,1041.7,1046.6,0,0,2,1044.3,0
2024-12-09 19:51:25,5,53,17.6,92,1.2,1041.6,1046.5,0,0,0,1044.3,0
2024-12-09 19:56:25,5,53,17.6,92,1,1041.7,1046.6,1,1.4,0,1044.3,0
2024-12-09 20:01:25,5,54,17.7,92,0.9,1041.7,1046.6,0.7,1,0,1044.3,0
2024-12-09 20:06:25,5,54,17.6,92,0.9,1041.6,1046.5,0,0,0,1044.3,0
2024-12-09 20:11:25,5,54,17.7,92,1,1041.6,1046.5,0,0.3,0,1044.3,0
2024-12-09 20:16:25,5,54,17.7,92,1,1041.6,1046.5,0.7,1,2,1044.3,0
2024-12-09 20:21:25,5,54,17.6,92,0.8,1041.6,1046.5,0.3,1,0,1044.3,0
2024-12-09 20:26:25,5,54,17.7,92,0.7,1041.5,1046.4,0.3,0.7,0,1044.3,0
2024-12-09 20:31:25,5,54,17.6,92,0.8,1041.7,1046.6,0.7,1,0,1044.3,0
2024-12-09 20:36:25,5,54,17.7,92,1,1041.7,1046.6,0.3,0.3,0,1044.3,0
2024-12-09 20:41:25,5,54,17.6,92,0.9,1041.6,1046.5,0,0,0,1044.3,0
2024-12-09 20:46:25,5,54,17.7,93,1.1,1041.6,1046.5,0.3,0.7,0,1044.3,0
2024-12-09 20:51:25,5,54,17.6,93,1.2,1041.7,1046.6,0,0,0,1044.3,0
2024-12-09 20:56:25,5,54,17.7,93,1,1041.6,1046.5,0.3,0.7,0,1044.3,0
2024-12-09 21:01:25,5,54,17.6,93,0.9,1041.5,1046.4,0,0,0,1044.3,0
2024-12-09 21:06:25,5,54,17.7,93,0.8,1041.6,1046.5,0,0,0,1044.3,0
2024-12-09 21:11:25,5,55,17.7,93,0.6,1041.5,1046.4,0,0,0,1044.3,0
2024-12-09 21:16:25,5,55,17.7,93,0.6,1041.6,1046.5,0.7,1,0,1044.3,0
2024-12-09 21:21:25,5,55,17.7,93,0.6,1041.4,1046.3,0.3,1,0,1044.3,0
2024-12-09 21:26:25,5,55,17.7,93,0.6,1041.6,1046.5,0,0,0,1044.3,0
2024-12-09 21:31:25,5,55,17.7,93,0.8,1041.7,1046.6,0,0,0,1044.3,0
2024-12-09 21:36:25,5,55,17.8,93,0.8,1041.6,1046.5,0,0.3,0,1044.3,0
2024-12-09 21:41:25,5,55,17.8,93,0.7,1041.6,1046.5,0,0,0,1044.3,0
2024-12-09 21:46:25,5,55,17.8,93,0.6,1041.8,1046.7,0,0,0,1044.3,0
2024-12-09 21:51:25,5,55,17.8,93,0.5,1041.6,1046.5,0,0.3,0,1044.3,0
2024-12-09 21:56:25,5,55,17.8,93,0.6,1041.7,1046.6,0,0,0,1044.3,0
2024-12-09 22:01:25,5,55,17.8,93,0.6,1041.7,1046.6,0,0,0,1044.3,0
2024-12-09 22:06:25,5,55,17.8,93,0.7,1041.6,1046.5,0,0,0,1044.3,0
2024-12-09 22:11:25,5,55,17.8,94,0.6,1041.7,1046.6,0,0,0,1044.3,0
2024-12-09 22:16:25,5,55,17.8,94,0.6,1041.5,1046.4,0,0,0,1044.3,0
2024-12-09 22:21:25,5,55,17.8,94,0.7,1041.6,1046.5,0,0,0,1044.3,0
2024-12-09 22:26:25,5,55,17.8,94,0.6,1041.7,1046.6,0,0,0,1044.3,0
2024-12-09 22:31:25,5,55,17.8,94,0.6,1041.6,1046.5,0,0,0,1044.3,0
2024-12-09 22:36:25,5,55,17.9,94,0.6,1041.5,1046.4,0,0,0,1044.3,0
2024-12-09 22:41:25,5,55,17.9,94,0.7,1041.6,1046.5,0,0,0,1044.3,0
2024-12-09 22:46:25,5,55,17.9,94,0.8,1041.6,1046.5,0.7,1.4,0,1044.3,0
2024-12-09 22:51:25,5,54,18,94,1.1,1041.7,1046.6,0,0,0,1044.3,0
2024-12-09 22:56:25,5,55,17.9,95,1.3,1041.5,1046.4,0,0.3,0,1044.3,0
2024-12-09 23:01:25,5,54,18,95,1.4,1041.3,1046.2,0.7,1,0,1044.3,0
2024-12-09 23:06:25,5,54,17.9,95,1.5,1041.5,1046.4,0,0,0,1044.3,0
2024-12-09 23:11:25,5,54,17.9,95,1.6,1041.5,1046.4,0.3,0.7,0,1044.3,0
2024-12-09 23:16:25,5,54,17.9,95,1.6,1041.3,1046.2,0,0,0,1044.3,0
2024-12-09 23:21:25,5,54,17.9,95,1.8,1041.2,1046.1,0.7,1.4,0,1044.3,0
2024-12-09 23:26:25,5,54,17.9,95,1.8,1041.2,1046.1,0.7,0.7,0,1044.3,0
2024-12-09 23:31:25,5,54,17.9,95,2,1041.3,1046.2,0.3,0.7,0,1044.3,0
2024-12-09 23:36:25,5,54,17.9,95,2.1,1041.4,1046.3,0.3,1,0,1044.3,0
2024-12-09 23:41:25,5,54,17.8,96,2.2,1041.2,1046.1,1.4,2,0,1044.3,0
2024-12-09 23:46:25,5,54,17.8,96,2.3,1041.2,1046.1,1.7,2.4,4,1044.3,0
2024-12-09 23:51:25,5,54,17.7,96,2.3,1041.2,1046.1,1,1.7,4,1044.3,0
2024-12-09 23:56:25,5,54,17.7,95,2.3,1041.2,1046.1,0.7,1,4,1044.3,0
