2024-12-13 00:01:24,5,55,19.4,86,4.5,1028.3,1033.2,1,1.7,8,1044.3,0
2024-12-13 00:06:24,5,55,19.4,86,4.5,1028.3,1033.2,1,1.4,8,1044.3,0
2024-12-13 00:11:24,5,55,19.4,86,4.5,1028.4,1033.3,1.7,2.4,8,1044.3,0
2024-12-13 00:16:24,5,55,19.3,86,4.5,1028.3,1033.2,1.4,2.4,8,1044.3,0
2024-12-13 00:21:24,5,55,19.3,86,4.5,1028.4,1033.3,1.4,2.4,8,1044.3,0
2024-12-13 00:26:24,5,55,19.3,86,4.5,1028.2,1033.1,1.4,1.7,8,1044.3,0
2024-12-13 00:31:24,5,55,19.3,86,4.5,1028.3,1033.2,2,2.7,8,1044.3,0
2024-12-13 00:36:24,5,55,19.3,86,4.5,1028.2,1033.1,1.7,2.4,,1044.3,0
2024-12-13 00:41:24,5,55,19.3,85,4.5,1028.3,1033.2,1.4,1.7,,1044.3,0
2024-12-13 00:46:24,5,55,19.3,85,4.5,1028.2,1033.1,1.4,1.7,,1044.3,0
2024-12-13 00:51:24,5,55,19.3,85,4.5,1028.2,1033.1,0.7,1,,1044.3,0
2024-12-13 00:56:24,5,55,19.2,85,4.5,1028.3,1033.2,0.3,1,,1044.3,0
2024-12-13 01:01:24,5,55,19.2,85,4.5,1028.2,1033.1,0.7,1,,1044.3,0
2024-12-13 01:06:24,5,55,19.2,85,4.5,1028.3,1033.2,0,0.3,,1044.3,0
2024-12-13 01:11:24,5,55,19.2,85,4.5,1028.1,1033,0.7,1.4,,1044.3,0
2024-12-13 01:16:24,5,55,19.2,85,4.5,1028.1,1033,0.7,1.4,,1044.3,0
2024-12-13 01:21:24,5,55,19.2,85,4.5,1028.3,1033.2,1.4,1.7,,1044.3,0
2024-12-13 01:26:24,5,55,19.2,85,4.5,1028.1,1033,0.3,1,,1044.3,0
2024-12-13 01:31:24,5,55,19.2,85,4.5,1028.2,1033.1,0.7,1.4,,1044.3,0
2024-12-13 01:36:24,5,55,19.2,85,4.5,1028,1032.9,0.7,1,,1044.3,0
2024-12-13 01:41:24,5,55,19.1,85,4.5,1027.9,1032.8,0.7,1,,1044.3,0
2024-12-13 01:46:24,5,55,19.1,85,4.5,1028.1,1033,0.7,1,,1044.3,0
2024-12-13 01:51:24,5,55,19.1,85,4.5,1028.1,1033,0.7,1,,1044.3,0
2024-12-13 01:56:24,5,55,19.1,85,4.5,1027.9,1032.8,1.4,1.7,,1044.3,0
2024-12-13 02:01:24,5,55,19.1,85,4.5,1027.9,1032.8,1,1.4,,1044.3,0
2024-12-13 02:06:24,5,55,19.1,85,4.5,1027.8,1032.7,0.7,1.4,,1044.3,0
2024-12-13 02:11:24,5,55,19.1,85,4.5,1027.7,1032.6,0.7,1.4,,1044.3,0
2024-12-13 02:16:24,5,55,19.1,85,4.5,1027.8,1032.7,1,1.7,,1044.3,0
2024-12-13 02:21:24,5,55,19.1,85,4.5,1027.8,1032.7,1,1.4,,1044.3,0
2024-12-13 02:26:24,5,55,19.1,85,4.5,1027.7,1032.6,0.3,0.7,,1044.3,0
2024-12-13 02:31:24,5,55,19.1,85,4.5,1027.8,1032.7,0,0.3,,1044.3,0
2024-12-13 02:36:24,5,55,19.1,85,4.5,1027.7,1032.6,1,1.4,4,1044.3,0
2024-12-13 02:41:24,5,55,19.1,85,4.5,1027.8,1032.7,0.7,1,4,1044.3,0
2024-12-13 02:46:24,5,55,19.1,85,4.5,1027.7,1032.6,0.7,1,4,1044.3,0
2024-12-13 02:51:24,5,55,19,85,4.5,1027.7,1032.6,0,0.7,2,1044.3,0
2024-12-13 02:56:24,5,55,19,85,4.5,1027.6,1032.5,0.3,0.7,2,1044.3,0
2024-12-13 03:01:24,5,55,19,85,4.5,1027.7,1032.6,0.7,1,2,1044.3,0
2024-12-13 03:06:24,5,55,19,85,4.5,1027.6,1032.5,0,0.7,4,1044.3,0
2024-12-13 03:11:24,5,55,19,85,4.4,1027.6,1032.5,0,0,4,1044.3,0
2024-12-13 03:16:24,5,55,19,85,4.3,1027.6,1032.5,0,0,2,1044.3,0
2024-12-13 03:21:24,5,55,19,85,4.3,1027.4,1032.3,0,0,2,1044.3,0
2024-12-13 03:26:24,5,56,18.9,85,4.3,1027.4,1032.3,0,0,2,1044.3,0
2024-12-13 03:31:24,5,55,19,85,4.4,1027.5,1032.4,0,0,2,1044.3,0
2024-12-13 03:36:24,5,56,18.9,85,4.4,1027.5,1032.4,0,0,2,1044.3,0
2024-12-13 03:41:24,5,55,19,86,4.4,1027.4,1032.3,0,0,2,1044.3,0
2024-12-13 03:46:24,5,56,18.9,86,4.3,1027.5,1032.4,0,0,2,1044.3,0
2024-12-13 03:51:24,5,56,18.9,86,4.3,1027.4,1032.3,0,0,2,1044.3,0
2024-12-13 03:56:24,5,56,18.9,86,4.3,1027.4,1032.3,0,0,2,1044.3,0
2024-12-13 04:01:24,5,56,18.9,86,4.3,1027.5,1032.4,0,0,2,1044.3,0
2024-12-13 04:06:24,5,56,18.9,86,4.3,1027.5,1032.4,0,0.3,2,1044.3,0
2024-12-13 04:11:24,5,56,18.9,86,4.3,1027.5,1032.4,0.3,0.7,2,1044.3,0
2024-12-13 04:16:24,5,56,18.9,86,4.3,1027.5,1032.4,0.3,1,2,1044.3,0
2024-12-13 04:21:24,5,56,18.9,87,4.3,1027.3,1032.2,0,0.7,2,1044.3,0
2024-12-13 04:26:24,5,56,18.9,87,4.3,1027.3,1032.2,1.4,2,2,1044.3,0
2024-12-13 04:31:24,5,56,18.8,87,4.4,1027.3,1032.2,1,2,2,1044.3,0
2024-12-13 04:36:24,5,56,18.8,87,4.4,1027.2,1032.1,0.3,1,2,1044.3,0
2024-12-13 04:41:24,5,56,18.8,87,4.3,1027.3,1032.2,0,0.7,2,1044.3,0
2024-12-13 04:46:24,5,56,18.9,87,4.3,1027.3,1032.2,0.7,1,2,1044.3,0
2024-12-13 04:51:24,5,56,18.8,87,4.3,1027.2,1032.1,0,0,4,1044.3,0
2024-12-13 04:56:24,5,56,18.8,87,4.3,1027.3,1032.2,1,1.7,4,1044.3,0
2024-12-13 05:01:24,5,56,18.8,86,4.3,1027.2,1032.1,0.7,1,4,1044.3,0
2024-12-13 05:06:24,5,56,18.9,86,4.4,1027.1,1032,1.4,2,,1044.3,0
2024-12-13 05:11:24,5,56,18.8,86,4.4,1027.1,1032,1.4,1.7,,1044.3,0
2024-12-13 05:16:24,5,56,18.8,86,4.4,1027.1,1032,1,1.7,,1044.3,0
2024-12-13 05:21:24,5,56,18.8,86,4.3,1027,1031.9,0.7,1,,1044.3,0
2024-12-13 05:26:24,5,56,18.8,86,4.3,1027,1031.9,0.3,0.7,,1044.3,0
2024-12-13 05:31:24,5,56,18.8,86,4.3,1027,1031.9,1,1.4,,1044.3,0
2024-12-13 05:36:24,5,56,18.8,86,4.4,1027.1,1032,0.7,1.4,,1044.3,0
2024-12-13 05:41:24,5,56,18.8,86,4.4,1027,1031.9,1,1.4,,1044.3,0
2024-12-13 05:46:24,5,56,18.8,86,4.3,1027,1031.9,0.7,1.4,,1044.3,0
2024-12-13 05:51:24,5,56,18.8,86,4.3,1027,1031.9,0,0,,1044.3,0
2024-12-13 05:56:24,5,56,18.8,86,4.3,1026.9,1031.8,0.7,1,,1044.3,0
2024-12-13 06:01:24,5,56,18.8,87,4.3,1027,1031.9,0,0.3,,1044.3,0
2024-12-13 06:06:24,5,56,18.8,87,4.2,1027.1,1032,0,0.7,,1044.3,0
2024-12-13 06:11:24,5,56,18.8,87,4.3,1027,1031.9,0,0.3,,1044.3,0
2024-12-13 06:16:24,5,56,18.8,87,4.3,1026.8,1031.7,0.7,0.7,,1044.3,0
2024-12-13 06:21:24,5,56,18.8,87,4.3,1026.9,1031.8,0,0,,1044.3,0
2024-12-13 06:26:24,5,56,18.7,87,4.3,1026.9,1031.8,0,0,,1044.3,0
2024-12-13 06:31:24,5,56,18.7,87,4.3,1027,1031.9,0,0,,1044.3,0
2024-12-13 06:36:24,5,56,18.8,87,4.3,1027,1031.9,0,0,,1044.3,0
2024-12-13 06:41:24,5,56,18.8,88,4.3,1026.9,1031.8,0,0.7,,1044.3,0
2024-12-13 06:46:24,5,56,18.7,88,4.2,1026.9,1031.8,0,0.3,,1044.3,0
2024-12-13 06:51:24,5,56,18.8,88,4.2,1026.9,1031.8,1,1.7,,1044.3,0
2024-12-13 06:56:24,5,56,18.8,88,4.2,1026.8,1031.7,1.4,2,,1044.3,0
2024-12-13 07:01:24,5,56,18.8,88,4.2,1026.7,1031.6,1.4,1.7,,1044.3,0
2024-12-13 07:06:24,5,56,18.8,88,4.1,1026.7,1031.6,1.4,1.7,,1044.3,0
2024-12-13 07:11:24,5,56,18.8,88,4.2,1026.8,1031.7,1.7,2,,1044.3,0
2024-12-13 07:16:24,5,56,18.8,88,4.2,1026.7,1031.6,1,1.4,,1044.3,0
2024-12-13 07:21:24,5,56,18.8,88,4.3,1026.9,1031.8,1.4,1.7,,1044.3,0
2024-12-13 07:26:24,5,56,18.8,88,4.3,1026.8,1031.7,0.3,1,,1044.3,0
2024-12-13 07:31:24,5,56,18.8,88,4.3,1026.8,1031.7,1.7,2,,1044.3,0
2024-12-13 07:36:24,5,56,18.8,88,4.4,1026.8,1031.7,1.4,2,,1044.3,0
2024-12-13 07:41:24,5,56,18.8,87,4.5,1026.7,1031.6,1.4,1.7,,1044.3,0
2024-12-13 07:46:24,5,56,18.8,87,4.6,1026.8,1031.7,2,2.4,,1044.3,0
2024-12-13 07:51:24,5,56,18.8,86,4.6,1027,1031.9,1.4,1.7,,1044.3,0
2024-12-13 07:56:24,5,56,18.8,86,4.6,1026.8,1031.7,1,1.7,,1044.3,0
2024-12-13 08:01:24,5,56,18.8,85,4.7,1026.9,1031.8,0,0,,1044.3,0
2024-12-13 08:06:24,5,56,18.8,85,4.6,1027,1031.9,1.4,2,,1044.3,0
2024-12-13 08:11:24,5,56,18.8,85,4.7,1026.9,1031.8,0.3,0.7,,1044.3,0
2024-12-13 08:16:24,5,56,18.7,84,4.7,1027.1,1032,0,0,,1044.3,0
2024-12-13 08:21:24,5,56,18.8,84,4.7,1027.1,1032,0,0,,1044.3,0
2024-12-13 08:26:24,5,56,18.7,84,4.7,1027.1,1032,0,0,,1044.3,0
2024-12-13 08:31:24,5,56,18.7,84,4.7,1027.2,1032.1,0,0,,1044.3,0
2024-12-13 08:36:24,5,56,18.7,84,4.7,1027.2,1032.1,0,0,,1044.3,0
2024-12-13 08:41:24,5,56,18.7,84,4.6,1027.2,1032.1,0,0,,1044.3,0
2024-12-13 08:46:24,5,56,18.7,84,4.5,1027.1,1032,0.7,1,,1044.3,0
2024-12-13 08:51:24,5,56,18.8,84,4.5,1027.3,1032.2,0,0,,1044.3,0
2024-12-13 08:56:24,5,56,18.7,84,4.5,1027.4,1032.3,0,0,,1044.3,0
2024-12-13 09:01:24,5,55,18.7,84,4.6,1027.6,1032.5,0,0,,1044.3,0
2024-12-13 09:06:24,5,55,18.7,84,4.6,1027.6,1032.5,0,0,,1044.3,0
2024-12-13 09:11:24,5,55,18.7,85,4.6,1027.6,1032.5,0,0,,1044.3,0
2024-12-13 09:16:24,5,55,18.7,85,4.5,1027.7,1032.6,0,0,,1044.3,0
2024-12-13 09:21:24,5,55,18.8,85,4.5,1027.8,1032.7,0,0,,1044.3,0
2024-12-13 09:26:24,5,55,18.8,85,4.5,1027.7,1032.6,0,0,,1044.3,0
2024-12-13 09:31:24,5,56,18.8,85,4.5,1027.7,1032.6,0,0,,1044.3,0
2024-12-13 09:36:24,5,56,18.8,85,4.5,1027.8,1032.7,0,0,,1044.3,0
2024-12-13 09:41:24,5,56,19,85,4.5,1027.7,1032.6,0,0,,1044.3,0
2024-12-13 09:46:24,5,56,19,85,4.5,1027.6,1032.5,0,0,,1044.3,0
2024-12-13 09:51:24,5,56,19.1,86,4.6,1027.6,1032.5,0,0,,1044.3,0
2024-12-13 09:56:24,5,56,19.2,86,4.6,1027.6,1032.5,0,0,,1044.3,0
2024-12-13 10:01:24,5,57,19.2,86,4.6,1027.6,1032.5,0,0,,1044.3,0
2024-12-13 10:06:24,5,57,19.3,86,4.7,1027.6,1032.5,0,0,,1044.3,0
2024-12-13 10:11:24,5,57,19.4,86,4.7,1027.5,1032.4,0,0,,1044.3,0
2024-12-13 10:16:24,5,57,19.5,87,4.8,1027.7,1032.6,0,0,,1044.3,0
2024-12-13 10:21:24,5,57,19.5,87,4.8,1027.6,1032.5,0,0,,1044.3,0
2024-12-13 10:26:24,5,57,19.5,87,4.8,1027.7,1032.6,0,0,,1044.3,0
2024-12-13 10:31:24,5,58,19.6,87,4.8,1027.6,1032.5,0,0,,1044.3,0
2024-12-13 10:36:24,5,58,19.6,87,4.8,1027.6,1032.5,0,0,,1044.3,0
2024-12-13 10:41:24,5,58,19.7,87,4.8,1027.4,1032.3,0,0,,1044.3,0
2024-12-13 10:46:24,5,58,19.7,87,4.9,1027.6,1032.5,0,0,,1044.3,0
2024-12-13 10:51:24,5,58,19.8,87,4.9,1027.5,1032.4,0,0,,1044.3,0
2024-12-13 10:56:24,5,58,19.8,88,5,1027.5,1032.4,0,0,,1044.3,0
2024-12-13 11:01:24,5,58,19.8,88,5.1,1027.3,1032.2,0,0,,1044.3,0
2024-12-13 11:06:24,5,58,19.8,88,5.1,1027.3,1032.2,0,0,,1044.3,0
2024-12-13 11:11:24,5,58,19.9,88,5.2,1027.2,1032.1,0,0,,1044.3,0
2024-12-13 11:16:24,5,58,19.9,88,5.3,1027.1,1032,0,0,,1044.3,0
2024-12-13 11:21:24,5,57,19.9,88,5.3,1027.1,1032,0,0,,1044.3,0
2024-12-13 11:26:24,5,57,19.9,88,5.4,1027.2,1032.1,0.7,1,,1044.3,0
2024-12-13 11:31:24,5,56,20,88,5.5,1027,1031.9,0,0,,1044.3,0
2024-12-13 11:36:24,5,56,20,88,5.7,1026.6,1031.5,0,0,,1044.3,0
2024-12-13 11:41:24,5,56,20,88,5.9,1026.8,1031.7,0,0,,1044.3,0
2024-12-13 11:46:24,5,56,20,87,6.1,1026.7,1031.6,0,0,,1044.3,0
2024-12-13 11:51:24,5,56,20,87,6.2,1026.7,1031.6,0,0,,1044.3,0
2024-12-13 11:56:24,5,56,20.1,87,6.4,1026.6,1031.5,0,0,,1044.3,0
2024-12-13 12:01:24,5,55,20.1,86,6.5,1026.5,1031.4,0,0,,1044.3,0
2024-12-13 12:06:24,5,55,20.1,86,6.6,1026.4,1031.3,0,0,,1044.3,0
2024-12-13 12:11:24,5,55,20.1,85,6.6,1026.2,1031.1,0,0,,1044.3,0
2024-12-13 12:16:24,5,55,20.2,84,6.7,1026.3,1031.2,0,0,,1044.3,0
2024-12-13 12:21:24,5,55,20.2,84,6.8,1026.2,1031.1,0.7,1.4,,1044.3,0
2024-12-13 12:26:24,5,55,20.2,83,6.9,1026.2,1031.1,0.7,1,,1044.3,0
2024-12-13 12:31:24,5,55,20.2,83,6.9,1026.2,1031.1,1,1.7,8,1044.3,0
2024-12-13 12:36:24,5,55,20.2,83,6.8,1026.1,1031,0.7,1.4,8,1044.3,0
2024-12-13 12:41:24,5,55,20.2,82,6.8,1026,1030.9,1,1.4,8,1044.3,0
2024-12-13 12:46:24,5,55,20.2,82,6.8,1025.9,1030.8,1,1.7,8,1044.3,0
2024-12-13 12:51:24,5,55,20.2,82,6.9,1025.8,1030.7,0.7,0.7,8,1044.3,0
2024-12-13 12:56:24,5,55,20.2,82,6.9,1026,1030.9,1.4,2,8,1044.3,0
2024-12-13 13:01:24,5,55,20.2,82,7,1026.1,1031,1.4,2,8,1044.3,0
2024-12-13 13:06:24,5,55,20.2,81,6.9,1025.8,1030.7,1,1.4,8,1044.3,0
2024-12-13 13:11:24,5,55,20.1,81,6.9,1025.9,1030.8,1.7,2.4,8,1044.3,0
2024-12-13 13:16:24,5,55,20.1,81,6.8,1025.9,1030.8,1.7,2.4,8,1044.3,0
2024-12-13 13:21:24,5,54,20.1,81,6.8,1025.9,1030.8,0.7,1.4,8,1044.3,0
2024-12-13 13:26:24,5,54,20.1,81,6.8,1025.9,1030.8,1,1.4,8,1044.3,0
2024-12-13 13:31:24,5,54,20,81,6.8,1025.8,1030.7,0.7,1,8,1044.3,0
2024-12-13 13:36:24,5,54,20.1,81,6.8,1025.9,1030.8,1,1.4,8,1044.3,0
2024-12-13 13:41:24,5,54,20,81,6.8,1025.7,1030.6,1,1.7,8,1044.3,0
2024-12-13 13:46:24,5,54,20,82,6.7,1025.6,1030.5,0.7,1,8,1044.3,0
2024-12-13 13:51:24,5,54,20,82,6.7,1025.6,1030.5,1,1.7,8,1044.3,0
2024-12-13 13:56:24,5,54,20,82,6.7,1025.4,1030.3,1.4,1.7,8,1044.3,0
2024-12-13 14:01:24,5,54,19.9,82,6.7,1025.4,1030.3,1,1.4,8,1044.3,0
2024-12-13 14:06:24,5,54,19.9,82,6.6,1025.4,1030.3,1.4,2,8,1044.3,0
2024-12-13 14:11:24,5,54,19.9,82,6.6,1025.3,1030.2,1.4,1.7,8,1044.3,0
2024-12-13 14:16:24,5,54,19.9,83,6.6,1025.3,1030.2,0.7,1,8,1044.3,0
2024-12-13 14:21:24,5,55,19.8,83,6.6,1025.5,1030.4,1,1.7,8,1044.3,0
2024-12-13 14:26:24,5,55,19.9,83,6.5,1025.4,1030.3,0.7,1,8,1044.3,0
2024-12-13 14:31:24,5,56,19.9,83,6.5,1025.2,1030.1,0,0,8,1044.3,0
2024-12-13 14:36:24,5,56,19.9,83,6.5,1025.2,1030.1,0,0,8,1044.3,0
2024-12-13 14:41:24,5,56,19.9,83,6.5,1025.3,1030.2,0.7,1.4,8,1044.3,0
2024-12-13 14:46:24,5,56,20,83,6.5,1025.3,1030.2,0,0,8,1044.3,0
2024-12-13 14:51:24,5,56,20,83,6.5,1025.3,1030.2,0,0,8,1044.3,0
2024-12-13 14:56:24,5,56,20,83,6.5,1025.3,1030.2,0,0,8,1044.3,0
2024-12-13 15:01:24,5,56,20,83,6.5,1025.2,1030.1,0.3,1,8,1044.3,0
2024-12-13 15:06:24,5,56,20,83,6.5,1025.3,1030.2,1,1.4,8,1044.3,0
2024-12-13 15:11:24,5,56,20.1,83,6.5,1025.1,1030,1,1.4,8,1044.3,0
2024-12-13 15:16:24,5,56,20.1,84,6.5,1025.1,1030,0,0,8,1044.3,0
2024-12-13 15:21:24,5,56,20.1,84,6.5,1025.4,1030.3,0,0,8,1044.3,0
2024-12-13 15:26:24,5,56,20.1,84,6.4,1025.2,1030.1,0,0,10,1044.3,0
2024-12-13 15:31:24,5,56,20.1,84,6.5,1025.3,1030.2,0.3,1,10,1044.3,0
2024-12-13 15:36:24,5,56,20.1,84,6.5,1025.3,1030.2,0.7,1,10,1044.3,0
2024-12-13 15:41:24,5,56,20.1,84,6.4,1025.3,1030.2,0,0,10,1044.3,0
2024-12-13 15:46:24,5,56,20.1,84,6.4,1025.3,1030.2,0,0.7,10,1044.3,0
2024-12-13 15:51:24,5,56,20.1,84,6.4,1025.3,1030.2,0.7,0.7,10,1044.3,0
2024-12-13 15:56:24,5,56,20,84,6.4,1025.3,1030.2,0,0,10,1044.3,0
2024-12-13 16:01:24,5,56,20.1,85,6.3,1025.3,1030.2,1,1.7,10,1044.3,0
2024-12-13 16:06:24,5,56,20,85,6.3,1025.3,1030.2,0.3,0.7,10,1044.3,0
2024-12-13 16:11:24,5,56,20,85,6.3,1025.5,1030.4,0.3,0.7,10,1044.3,0
2024-12-13 16:16:24,5,55,20,85,6.2,1025.4,1030.3,0,0,10,1044.3,0
2024-12-13 16:21:24,5,55,20,85,6.2,1025.5,1030.4,0,0,10,1044.3,0
2024-12-13 16:26:24,5,55,20,85,6.2,1025.5,1030.4,0,0,10,1044.3,0
2024-12-13 16:31:24,5,55,20,86,6.2,1025.5,1030.4,0,0,10,1044.3,0
2024-12-13 16:36:24,5,56,19.9,86,6.1,1025.4,1030.3,0,0,10,1044.3,0
2024-12-13 16:41:24,5,55,19.9,86,6.1,1025.4,1030.3,0,0,10,1044.3,0
2024-12-13 16:46:24,5,55,19.8,86,6,1025.4,1030.3,0,0,10,1044.3,0
2024-12-13 16:51:24,5,55,19.8,86,6,1025.6,1030.5,0.3,1,10,1044.3,0
2024-12-13 16:56:24,5,55,19.8,87,5.9,1025.4,1030.3,0,0,10,1044.3,0
2024-12-13 17:01:24,5,55,19.7,87,5.9,1025.7,1030.6,0,0,10,1044.3,0
2024-12-13 17:06:24,5,54,19.7,87,5.9,1025.5,1030.4,0.7,1,10,1044.3,0
2024-12-13 17:11:24,5,54,19.7,87,5.9,1025.4,1030.3,0,0,10,1044.3,0
2024-12-13 17:16:24,5,54,19.7,88,5.8,1025.5,1030.4,0,0,10,1044.3,0
2024-12-13 17:21:24,5,54,19.6,88,5.8,1025.4,1030.3,0,0,10,1044.3,0
2024-12-13 17:26:24,5,54,19.6,88,5.9,1025.4,1030.3,0,0,10,1044.3,0
2024-12-13 17:31:24,5,54,19.6,89,6,1025.5,1030.4,0.7,1,10,1044.3,0
2024-12-13 17:36:24,5,54,19.6,89,6,1025.5,1030.4,0.3,1,10,1044.3,0
2024-12-13 17:41:24,5,54,19.6,90,6.1,1025.7,1030.6,0,0,10,1044.3,0
2024-12-13 17:46:24,5,54,19.6,90,6.2,1025.6,1030.5,0.3,1,10,1044.3,0
2024-12-13 17:51:24,5,54,19.5,90,6.3,1025.4,1030.3,0,0,10,1044.3,0
2024-12-13 17:56:24,5,54,19.5,90,6.3,1025.7,1030.6,0,0,10,1044.3,0
2024-12-13 18:01:24,5,54,19.5,90,6.3,1025.6,1030.5,0,0,10,1044.3,0
2024-12-13 18:06:24,5,53,19.4,90,6.4,1025.6,1030.5,0,0,10,1044.3,0
2024-12-13 18:11:24,5,53,19.4,90,6.4,1025.5,1030.4,0,0,10,1044.3,0
2024-12-13 18:16:24,5,53,19.4,90,6.5,1025.5,1030.4,0,0,10,1044.3,0
2024-12-13 18:21:24,5,53,19.4,90,6.5,1025.5,1030.4,0,0,10,1044.3,0
2024-12-13 18:26:24,5,53,19.4,90,6.5,1025.5,1030.4,0,0,10,1044.3,0
2024-12-13 18:31:24,5,53,19.4,90,6.5,1025.5,1030.4,0,0,10,1044.3,0
2024-12-13 18:36:24,5,53,19.3,90,6.4,1025.8,1030.7,0,0,10,1044.3,0
2024-12-13 18:41:24,5,53,19.3,90,6.3,1025.6,1030.5,0,0.3,10,1044.3,0
2024-12-13 18:46:24,5,53,19.3,90,6.3,1025.6,1030.5,0,0,10,1044.3,0
2024-12-13 18:51:24,5,53,19.2,91,6.4,1025.6,1030.5,0,0,10,1044.3,0
2024-12-13 18:56:24,5,53,19.3,91,6.4,1025.6,1030.5,0,0,10,1044.3,0
2024-12-13 19:01:24,5,53,19.2,91,6.4,1025.8,1030.7,0,0,10,1044.3,0
2024-12-13 19:06:24,5,51,19.2,91,6.4,1025.8,1030.7,0,0,10,1044.3,0
2024-12-13 19:11:30,5,51,19.1,91,6.4,1025.8,1030.7,0.7,1,10,1044.3,0
2024-12-13 19:16:24,5,51,19,91,6.4,1025.6,1030.5,0,0,10,1044.3,0
2024-12-13 19:21:24,5,51,19,91,6.4,1025.6,1030.5,0,0,10,1044.3,0
2024-12-13 19:26:24,5,51,19,91,6.5,1025.7,1030.6,0,0,10,1044.3,0
2024-12-13 19:31:24,5,51,19,92,6.5,1025.6,1030.5,0,0,10,1044.3,0
2024-12-13 19:36:24,5,51,19,92,6.5,1025.7,1030.6,0.7,1,10,1044.3,0
2024-12-13 19:41:24,5,52,19,92,6.5,1025.8,1030.7,0,0,10,1044.3,0
2024-12-13 19:46:24,5,53,18.9,92,6.6,1026.1,1031,0,0,10,1044.3,0
2024-12-13 19:51:24,5,53,19,92,6.6,1025.8,1030.7,0.3,1,10,1044.3,0
2024-12-13 19:56:24,5,53,19,92,6.6,1025.9,1030.8,1.4,2,10,1044.3,0
2024-12-13 20:01:24,5,53,19,93,6.7,1025.8,1030.7,0,0.3,10,1044.3,0
2024-12-13 20:06:24,5,53,19,93,6.6,1025.7,1030.6,0.7,1,10,1044.3,0
2024-12-13 20:11:24,5,53,19,93,6.5,1025.7,1030.6,0,0,10,1044.3,0
2024-12-13 20:16:24,5,53,19,93,6.5,1025.8,1030.7,0,0,10,1044.3,0
2024-12-13 20:21:24,5,53,19.1,93,6.4,1025.7,1030.6,0,0,10,1044.3,0
2024-12-13 20:26:24,5,53,19.1,93,6.3,1025.7,1030.6,0,0,10,1044.3,0
2024-12-13 20:31:24,5,53,19,94,6.2,1025.8,1030.7,0,0,10,1044.3,0
2024-12-13 20:36:24,5,53,19,94,6.2,1025.7,1030.6,0,0,10,1044.3,0
2024-12-13 20:41:24,5,53,19.1,94,6.3,1025.6,1030.5,0,0,10,1044.3,0
2024-12-13 20:46:24,5,53,19.1,94,6.3,1025.7,1030.6,0,0,10,1044.3,0
2024-12-13 20:51:24,5,53,19.1,94,6.3,1025.7,1030.6,0,0,10,1044.3,0
2024-12-13 20:56:24,5,53,19.1,94,6.3,1025.7,1030.6,0,0,10,1044.3,0
2024-12-13 21:01:24,5,53,19.1,95,6.2,1025.7,1030.6,0,0,10,1044.3,0
2024-12-13 21:06:24,5,53,19.2,95,6.1,1025.7,1030.6,0,0,10,1044.3,0
2024-12-13 21:11:24,5,53,19.2,95,6,1025.8,1030.7,0,0,10,1044.3,0
2024-12-13 21:16:24,5,53,19.2,95,5.9,1025.6,1030.5,0,0,10,1044.3,0
2024-12-13 21:21:24,5,53,19.2,95,5.9,1025.7,1030.6,0,0,10,1044.3,0
2024-12-13 21:26:24,5,53,19.2,95,5.9,1025.5,1030.4,0.7,1,10,1044.3,0
2024-12-13 21:31:24,5,53,19.2,95,5.9,1025.6,1030.5,0.7,1,10,1044.3,0
2024-12-13 21:36:24,5,53,19.2,95,6,1025.7,1030.6,0,0,10,1044.3,0
2024-12-13 21:41:24,5,53,19.2,95,6,1025.7,1030.6,0.7,1,10,1044.3,0
2024-12-13 21:46:24,5,53,19.2,96,6,1025.6,1030.5,0.7,1.4,10,1044.3,0
2024-12-13 21:51:24,5,53,19.2,96,6.1,1025.7,1030.6,0,0,10,1044.3,0
2024-12-13 21:56:24,5,54,19.3,96,6.1,1025.8,1030.7,0,0,10,1044.3,0
2024-12-13 22:01:24,5,54,19.3,96,6.1,1025.6,1030.5,0,0,10,1044.3,0
2024-12-13 22:06:24,5,54,19.3,96,6.1,1025.8,1030.7,0,0.3,10,1044.3,0
2024-12-13 22:11:24,5,54,19.3,96,6,1025.7,1030.6,0,0,10,1044.3,0
2024-12-13 22:16:24,5,54,19.3,96,5.7,1025.6,1030.5,0,0,10,1044.3,0
2024-12-13 22:21:24,5,54,19.3,96,5.5,1025.5,1030.4,1,1.4,10,1044.3,0
2024-12-13 22:26:24,5,54,19.3,96,5.4,1025.6,1030.5,1,1.4,10,1044.3,0
2024-12-13 22:31:24,5,54,19.4,96,5.4,1025.5,1030.4,0.7,1,10,1044.3,0
2024-12-13 22:36:24,5,54,19.4,96,5.4,1025.5,1030.4,0.3,1,10,1044.3,0
2024-12-13 22:41:24,5,54,19.4,96,5.3,1025.5,1030.4,0,0,10,1044.3,0
2024-12-13 22:46:24,5,54,19.4,96,5.2,1025.5,1030.4,0,0,10,1044.3,0
2024-12-13 22:51:24,5,54,19.4,96,5.1,1025.6,1030.5,0,0,10,1044.3,0
2024-12-13 22:56:24,5,54,19.4,96,5,1025.7,1030.6,0.7,1,10,1044.3,0
2024-12-13 23:01:24,5,54,19.4,96,5,1025.7,1030.6,0,0,10,1044.3,0
2024-12-13 23:06:24,5,54,19.4,96,4.8,1025.5,1030.4,0,0.3,10,1044.3,0
2024-12-13 23:11:24,5,54,19.5,96,4.7,1025.6,1030.5,0,0,10,1044.3,0
2024-12-13 23:16:24,5,54,19.5,96,4.5,1025.7,1030.6,0,0,10,1044.3,0
2024-12-13 23:21:24,5,54,19.5,96,4.5,1025.7,1030.6,0,0,10,1044.3,0
2024-12-13 23:26:24,5,54,19.5,96,4.5,1025.7,1030.6,0,0,10,1044.3,0
2024-12-13 23:31:24,5,54,19.5,96,4.5,1025.6,1030.5,0.7,1,10,1044.3,0
2024-12-13 23:36:24,5,54,19.5,96,4.3,1025.5,1030.4,0,0,10,1044.3,0
2024-12-13 23:41:24,5,53,19.5,96,4.1,1025.7,1030.6,0,0,10,1044.3,0
2024-12-13 23:46:24,5,53,19.5,96,4.3,1025.6,1030.5,1.4,1.7,10,1044.3,0
2024-12-13 23:51:24,5,53,19.5,96,4.5,1025.6,1030.5,0.7,1,10,1044.3,0
2024-12-13 23:56:24,5,53,19.5,96,4.4,1025.6,1030.5,0.7,1,10,1044.3,0
