2024-12-01 00:01:27,5,66,20.2,91,12.2,1005.1,1010,1.7,2,,990.3,0
2024-12-01 00:06:27,5,66,20.3,91,12.2,1005.3,1010.2,1,1.4,,990.3,0
2024-12-01 00:11:27,5,66,20.2,90,12.2,1005.1,1010,1.7,2.7,,990.3,0
2024-12-01 00:16:27,5,66,20.2,90,12.1,1005.1,1010,1,1.4,,990.3,0
2024-12-01 00:21:27,5,65,20.2,90,12.1,1004.9,1009.8,1,1.7,,990.3,0
2024-12-01 00:26:27,5,65,20.2,90,12.1,1005,1009.9,0.7,1.7,,990.3,0
2024-12-01 00:31:27,5,65,20.2,89,12,1005.1,1010,1.4,2,,990.3,0
2024-12-01 00:36:27,5,65,20.2,89,12,1005.2,1010.1,1,1.7,,990.3,0
2024-12-01 00:41:27,5,65,20.2,89,12,1004.9,1009.8,1,2,,990.3,0
2024-12-01 00:46:27,5,65,20.1,89,11.9,1004.9,1009.8,1.7,2,8,990.3,0
2024-12-01 00:51:27,5,65,20.1,89,11.9,1004.9,1009.8,1.7,2.7,8,990.3,0
2024-12-01 00:56:27,5,65,20.2,89,11.9,1004.7,1009.6,1.7,2.4,8,990.3,0
2024-12-01 01:01:27,5,65,20.1,89,11.8,1004.9,1009.8,1,1.7,8,990.3,0
2024-12-01 01:06:27,5,65,20.1,88,11.8,1004.8,1009.7,0.7,1,8,990.3,0
2024-12-01 01:11:27,5,65,20.1,88,11.8,1004.7,1009.6,1,1.7,8,990.3,0
2024-12-01 01:16:27,5,65,20.1,88,11.8,1004.5,1009.4,1.4,2,8,990.3,0
2024-12-01 01:21:27,5,65,20.1,88,11.7,1004.3,1009.2,2,2.7,8,990.3,0
2024-12-01 01:26:27,5,64,20.1,88,11.7,1004.4,1009.3,1,1.7,8,990.3,0
2024-12-01 01:31:27,5,64,20.1,88,11.7,1004.3,1009.2,1.4,2,8,990.3,0
2024-12-01 01:36:27,5,64,20.1,88,11.6,1004.2,1009.1,1.7,2.4,,990.3,0
2024-12-01 01:41:27,5,64,20.1,88,11.7,1004.2,1009.1,2,3.1,,990.3,0
2024-12-01 01:46:27,5,64,20.1,89,11.7,1004.2,1009.1,1.4,2,8,990.3,0
2024-12-01 01:51:27,5,64,20,88,11.8,1004,1008.9,1.7,2.4,,990.3,0
2024-12-01 01:56:27,5,64,20,88,11.8,1004.1,1009,1.7,2,,990.3,0
2024-12-01 02:01:27,5,64,20,88,11.8,1004.1,1009,2,2.4,,990.3,0
2024-12-01 02:06:27,5,64,20,88,11.8,1004.1,1009,1.7,2.4,,990.3,0
2024-12-01 02:11:27,5,64,20,88,11.8,1004.1,1009,1.4,3.1,0,990.3,0
2024-12-01 02:16:27,5,64,20,88,11.8,1004,1008.9,1.7,2.7,2,990.3,0
2024-12-01 02:21:27,5,64,20,88,11.8,1004,1008.9,1.7,2.7,0,990.3,0
2024-12-01 02:26:27,5,65,19.9,88,11.8,1004.1,1009,2,2.7,14,990.3,0
2024-12-01 02:31:27,5,65,19.9,87,11.7,1004.2,1009.1,1,2,0,990.3,0
2024-12-01 02:36:27,5,64,20,88,11.7,1004.2,1009.1,2.4,3.1,0,990.3,0
2024-12-01 02:41:27,5,65,19.9,88,11.7,1004.3,1009.2,1,1.7,0,990.3,0
2024-12-01 02:46:27,5,65,19.9,88,11.7,1004.4,1009.3,1.7,2,0,990.3,0
2024-12-01 02:51:27,5,64,20,88,11.7,1004.3,1009.2,1.4,2,14,990.3,0
2024-12-01 02:56:27,5,65,19.9,88,11.8,1004.2,1009.1,2.4,3.4,14,990.3,0
2024-12-01 03:01:27,5,65,19.9,88,11.9,1004.2,1009.1,2.7,3.4,8,990.3,0
2024-12-01 03:06:27,5,65,19.9,88,11.8,1004.1,1009,1.7,2.7,8,990.3,0
2024-12-01 03:11:27,5,65,19.9,88,11.8,1004,1008.9,1.7,2.4,8,990.3,0
2024-12-01 03:16:27,5,65,19.9,88,11.8,1004.1,1009,1.7,2.4,8,990.3,0
2024-12-01 03:21:27,5,65,19.9,88,11.7,1004,1008.9,2.4,3.1,8,990.3,0
2024-12-01 03:26:27,5,65,19.9,88,11.7,1003.9,1008.8,1.4,2.4,8,990.3,0
2024-12-01 03:31:27,5,65,19.9,88,11.7,1004,1008.9,2,2.7,8,990.3,0
2024-12-01 03:36:27,5,65,19.9,88,11.7,1003.7,1008.6,1.7,2.4,8,990.3,0
2024-12-01 03:41:27,5,65,19.8,88,11.7,1003.7,1008.6,2,2.7,,990.3,0
2024-12-01 03:46:27,5,65,19.8,88,11.7,1003.7,1008.6,2.4,3.4,8,990.3,0
2024-12-01 03:51:27,5,65,19.8,88,11.8,1003.8,1008.7,2.4,3.1,8,990.3,0
2024-12-01 03:56:27,5,65,19.8,88,11.8,1003.9,1008.8,2,3.1,8,990.3,0
2024-12-01 04:01:27,5,65,19.8,88,11.8,1003.9,1008.8,2,2.4,10,990.3,0
2024-12-01 04:06:27,5,65,19.8,88,11.9,1003.8,1008.7,2.7,3.4,8,990.3,0
2024-12-01 04:11:27,5,65,19.8,88,12,1003.7,1008.6,2,2.4,8,990.3,0
2024-12-01 04:16:27,5,65,19.8,88,11.9,1003.7,1008.6,2,2.7,8,990.3,0
2024-12-01 04:21:27,5,65,19.8,87,11.8,1003.6,1008.5,2.4,3.4,8,990.3,0
2024-12-01 04:26:27,5,65,19.8,87,11.8,1003.7,1008.6,3.7,4.4,10,990.3,0
2024-12-01 04:31:27,5,65,19.8,87,11.8,1003.6,1008.5,2,2.4,8,990.3,0
2024-12-01 04:36:27,5,65,19.7,87,11.8,1003.5,1008.4,2,2.7,,990.3,0
2024-12-01 04:41:27,5,65,19.7,87,11.7,1003.6,1008.5,2.4,3.7,,990.3,0
2024-12-01 04:46:27,5,65,19.7,87,11.8,1003.4,1008.3,2.4,3.4,,990.3,0
2024-12-01 04:51:27,5,65,19.7,87,11.7,1003.4,1008.3,2,3.1,10,990.3,0
2024-12-01 04:56:27,5,65,19.7,88,11.8,1003.3,1008.2,2.4,3.7,10,990.3,0
2024-12-01 05:01:27,5,65,19.7,88,11.8,1003.4,1008.3,2.4,3.4,10,990.3,0
2024-12-01 05:06:27,5,65,19.7,88,11.8,1003.4,1008.3,2.4,2.7,,990.3,0
2024-12-01 05:11:27,5,65,19.7,88,11.8,1003.3,1008.2,1.7,2.4,10,990.3,0
2024-12-01 05:16:27,5,65,19.7,89,11.8,1003.3,1008.2,2,3.1,9,990.3,0
2024-12-01 05:21:27,5,65,19.7,89,11.9,1003.2,1008.1,2.4,3.1,10,990.3,0
2024-12-01 05:26:27,5,65,19.7,89,11.9,1003.4,1008.3,2.4,3.1,10,990.3,0
2024-12-01 05:31:27,5,65,19.7,89,12,1003.3,1008.2,3.4,4.1,8,990.3,0
2024-12-01 05:36:27,5,65,19.7,88,12,1003.4,1008.3,3.1,3.7,8,990.3,0
2024-12-01 05:41:27,5,65,19.7,88,12,1003.4,1008.3,2.7,3.4,8,990.3,0
2024-12-01 05:46:27,5,65,19.7,88,12,1003.2,1008.1,2.7,3.4,10,990.3,0
2024-12-01 05:51:27,5,65,19.7,87,11.9,1003.4,1008.3,2.4,3.4,10,990.3,0
2024-12-01 05:56:27,5,65,19.7,87,11.8,1003.4,1008.3,3.4,4.8,10,990.3,0
2024-12-01 06:01:27,5,65,19.7,87,11.7,1003.4,1008.3,3.1,3.7,10,990.3,0
2024-12-01 06:06:27,5,65,19.7,87,11.7,1003.4,1008.3,2.7,3.4,8,990.3,0
2024-12-01 06:11:27,5,65,19.7,87,11.6,1003.5,1008.4,2.4,3.1,9,990.3,0
2024-12-01 06:16:27,5,65,19.7,88,11.7,1003.6,1008.5,2.4,3.1,10,990.3,0
2024-12-01 06:21:27,5,65,19.7,88,11.7,1003.6,1008.5,2.7,4.1,8,990.3,0
2024-12-01 06:26:27,5,65,19.7,89,11.9,1003.6,1008.5,2.7,3.7,10,990.3,0
2024-12-01 06:31:27,5,65,19.6,88,11.9,1003.6,1008.5,2.4,3.1,10,990.3,0
2024-12-01 06:36:27,5,65,19.6,89,12,1003.4,1008.3,3.7,4.4,10,990.3,0
2024-12-01 06:41:27,5,65,19.6,88,12,1003.6,1008.5,2.7,3.4,10,990.3,0
2024-12-01 06:46:27,5,65,19.6,88,11.9,1003.6,1008.5,2.7,3.4,10,990.3,0
2024-12-01 06:51:27,5,65,19.6,88,11.9,1003.5,1008.4,2.4,2.7,,990.3,0
2024-12-01 06:56:27,5,65,19.6,88,12,1003.7,1008.6,4.4,6.5,10,990.3,0
2024-12-01 07:01:27,5,64,19.6,88,12,1003.7,1008.6,3.1,3.7,8,990.3,0
2024-12-01 07:06:27,5,64,19.6,88,11.9,1003.7,1008.6,3.7,4.8,8,990.3,0
2024-12-01 07:11:27,5,64,19.6,89,11.9,1003.7,1008.6,4.4,5.4,8,990.3,0
2024-12-01 07:16:27,5,64,19.6,89,11.9,1003.8,1008.7,2.7,3.7,8,990.3,0
2024-12-01 07:21:27,5,64,19.6,90,11.9,1003.9,1008.8,3.4,4.4,8,990.3,0
2024-12-01 07:26:27,5,64,19.6,90,11.8,1003.8,1008.7,3.7,5.4,8,990.3,0
2024-12-01 07:31:27,5,64,19.6,90,11.8,1003.9,1008.8,2.7,3.4,8,990.3,0
2024-12-01 07:36:27,5,64,19.6,91,11.8,1003.6,1008.5,4.4,5.1,8,990.3,0
2024-12-01 07:41:27,5,64,19.6,91,11.7,1003.9,1008.8,3.7,5.4,8,990.3,0
2024-12-01 07:46:27,5,64,19.6,92,11.7,1004,1008.9,3.7,5.1,8,990.3,0
2024-12-01 07:51:27,5,64,19.6,92,11.7,1004,1008.9,3.1,4.1,8,990.3,0
2024-12-01 07:56:27,5,64,19.6,93,11.6,1004.1,1009,2.4,3.4,8,990.3,0
2024-12-01 08:01:27,5,64,19.6,93,11.6,1003.9,1008.8,3.7,4.8,8,990.3,0
2024-12-01 08:06:27,5,64,19.6,93,11.5,1004,1008.9,2.4,3.1,8,990.3,0
2024-12-01 08:11:27,5,64,19.5,94,11.5,1004,1008.9,3.7,5.8,8,990.3,0
2024-12-01 08:16:27,5,64,19.5,94,11.6,1004.2,1009.1,3.1,4.1,8,990.3,0
2024-12-01 08:21:27,5,64,19.5,94,11.6,1004.1,1009,2.4,3.4,8,990.3,0
2024-12-01 08:26:27,5,64,19.5,94,11.5,1004.1,1009,3.4,4.1,8,990.3,0
2024-12-01 08:31:27,5,64,19.5,94,11.5,1004.1,1009,3.7,5.8,8,990.3,0
2024-12-01 08:36:27,5,64,19.5,95,11.5,1004.1,1009,3.1,4.1,8,990.3,0
2024-12-01 08:41:27,5,64,19.5,95,11.5,1004.2,1009.1,3.1,3.7,8,990.3,0
2024-12-01 08:46:27,5,64,19.5,95,11.5,1004.2,1009.1,3.4,4.4,8,990.3,0
2024-12-01 08:51:27,5,64,19.5,95,11.5,1004.3,1009.2,3.1,4.8,8,990.3,0
2024-12-01 08:56:27,5,64,19.5,95,11.6,1004.4,1009.3,2.4,3.4,8,990.3,0
2024-12-01 09:01:27,5,64,19.5,95,11.6,1004.4,1009.3,3.4,4.4,10,990.3,0
2024-12-01 09:06:27,5,64,19.5,96,11.6,1004.5,1009.4,3.1,4.1,,990.3,0
2024-12-01 09:11:27,5,64,19.5,96,11.7,1004.4,1009.3,3.1,3.7,,990.3,0
2024-12-01 09:16:27,5,64,19.5,96,11.7,1004.5,1009.4,2.7,4.1,,990.3,0
2024-12-01 09:21:27,5,64,19.5,96,11.7,1004.3,1009.2,3.1,3.7,,990.3,0
2024-12-01 09:26:27,5,64,19.5,97,11.7,1004.4,1009.3,3.4,4.8,,990.3,0
2024-12-01 09:31:27,5,64,19.5,97,11.8,1004.3,1009.2,3.1,3.7,,990.3,0
2024-12-01 09:36:27,5,64,19.5,97,11.8,1004.5,1009.4,3.7,4.8,,990.3,0
2024-12-01 09:41:27,5,64,19.5,98,11.9,1004.4,1009.3,2,2.7,10,990.3,0
2024-12-01 09:46:27,5,64,19.5,98,11.9,1004.3,1009.2,2.7,3.1,10,990.3,0
2024-12-01 09:51:27,5,64,19.5,98,11.9,1004.5,1009.4,3.4,4.1,10,990.3,0
2024-12-01 09:56:27,5,64,19.5,98,12.1,1004.4,1009.3,4.1,6.5,10,990.3,0
2024-12-01 10:01:27,5,64,19.6,99,12.1,1004.6,1009.5,3.4,4.4,,990.3,0
2024-12-01 10:06:27,5,64,19.6,99,12,1004.6,1009.5,4.1,4.8,10,990.3,0
2024-12-01 10:11:27,5,64,19.6,99,11.9,1004.6,1009.5,2.7,3.7,,990.3,0
2024-12-01 10:16:27,5,64,19.6,99,12,1004.7,1009.6,3.1,4.1,,990.3,0
2024-12-01 10:21:27,5,64,19.6,99,12.1,1004.7,1009.6,3.4,4.4,,990.3,0
2024-12-01 10:26:27,5,64,19.6,99,12.2,1004.7,1009.6,3.7,5.4,,990.3,0
2024-12-01 10:31:27,5,64,19.6,99,12.1,1004.8,1009.7,3.4,4.8,,990.3,0
2024-12-01 10:36:27,5,64,19.6,99,12.1,1004.9,1009.8,2.7,3.1,10,990.3,0
2024-12-01 10:41:27,5,64,19.6,99,12.1,1004.9,1009.8,4.8,5.4,8,990.3,0
2024-12-01 10:46:27,5,65,19.7,99,12.2,1004.9,1009.8,4.1,5.1,8,990.3,0
2024-12-01 10:51:27,5,65,19.7,99,12.2,1005,1009.9,2.7,3.4,8,990.3,0
2024-12-01 10:56:27,5,65,19.7,99,12.2,1004.9,1009.8,4.4,6.1,8,990.3,0
2024-12-01 11:01:27,5,65,19.7,99,12.3,1005.1,1010,2.7,3.1,8,990.3,0
2024-12-01 11:06:27,5,65,19.7,99,12.3,1004.9,1009.8,3.1,4.1,8,990.3,0
2024-12-01 11:11:27,5,65,19.7,99,12.4,1004.9,1009.8,3.4,5.1,8,990.3,0
2024-12-01 11:16:27,5,65,19.7,99,12.4,1005,1009.9,3.1,3.7,8,990.3,0
2024-12-01 11:21:27,5,65,19.7,99,12.4,1004.8,1009.7,3.7,4.4,10,990.6,0
2024-12-01 11:26:27,5,65,19.8,97,12.5,1004.7,1009.6,2.4,3.1,10,990.6,0
2024-12-01 11:31:27,5,66,19.8,98,12.5,1004.9,1009.8,3.1,4.1,10,990.6,0
2024-12-01 11:36:27,5,66,19.8,98,12.7,1004.9,1009.8,3.4,4.1,10,990.6,0
2024-12-01 11:41:27,5,66,19.8,98,12.7,1005,1009.9,3.1,3.7,10,990.6,0
2024-12-01 11:46:27,5,66,19.9,98,12.7,1005,1009.9,2.7,4.1,10,990.9,0
2024-12-01 11:51:27,5,66,19.9,98,12.7,1004.8,1009.7,1.4,1.7,10,991.2,0
2024-12-01 11:56:27,5,66,19.9,98,12.7,1004.9,1009.8,3.1,4.8,10,991.2,0
2024-12-01 12:01:27,5,66,19.9,98,12.6,1005,1009.9,1.7,2.4,,991.5,0
2024-12-01 12:06:27,5,67,19.9,98,12.5,1005,1009.9,3.4,4.4,10,991.5,0
2024-12-01 12:11:27,5,67,19.9,99,12.3,1005,1009.9,2.7,4.1,10,991.5,0
2024-12-01 12:16:27,5,67,19.9,99,12.1,1004.9,1009.8,1.7,2.4,10,991.5,0
2024-12-01 12:21:27,5,67,19.9,99,12.1,1005,1009.9,2.4,3.4,10,991.5,0
2024-12-01 12:26:27,5,67,19.8,99,12,1005.1,1010,2.4,3.1,10,991.5,0
2024-12-01 12:31:27,5,67,19.9,99,11.8,1005,1009.9,3.1,3.7,10,991.5,0
2024-12-01 12:36:27,5,67,19.9,99,11.7,1005,1009.9,1.7,2.4,10,991.5,0
2024-12-01 12:41:27,5,67,19.9,99,11.7,1005.2,1010.1,1.7,2.4,10,991.5,0
2024-12-01 12:46:27,5,67,19.8,99,11.6,1005,1009.9,1.7,2.7,10,991.5,0
2024-12-01 12:51:27,5,67,19.8,99,11.6,1005.2,1010.1,1.7,2,10,991.5,0
2024-12-01 12:56:27,5,67,19.8,99,11.5,1005.3,1010.2,2.7,3.7,,991.5,0
2024-12-01 13:01:27,5,67,19.9,99,11.4,1005.3,1010.2,2,2.7,,991.5,0
2024-12-01 13:06:27,5,66,19.9,99,11.4,1005.3,1010.2,2.7,3.4,10,991.5,0
2024-12-01 13:11:27,5,66,19.9,99,11.4,1005.1,1010,3.4,4.4,10,991.5,0
2024-12-01 13:16:27,5,66,19.9,99,11.4,1005.3,1010.2,2.4,2.7,10,991.5,0
2024-12-01 13:21:27,5,65,20,99,11.4,1005.4,1010.3,2.4,2.7,10,991.5,0
2024-12-01 13:26:27,5,65,20,97,11.3,1005.3,1010.2,2,3.1,10,991.5,0
2024-12-01 13:31:28,5,65,20,96,11.3,1005.4,1010.3,2.4,3.4,10,991.5,0
2024-12-01 13:36:27,5,65,20,95,11.1,1005.5,1010.4,3.1,3.7,10,991.5,0
2024-12-01 13:41:27,5,65,20.1,94,11.1,1005.5,1010.4,2.4,3.4,10,991.5,0
2024-12-01 13:46:27,5,65,20,93,11.1,1005.6,1010.5,2,2.7,10,991.5,0
2024-12-01 13:51:27,5,65,20,92,11,1005.6,1010.5,2.4,3.1,8,991.5,0
2024-12-01 13:56:27,5,65,20.1,91,10.8,1005.6,1010.5,2.7,3.4,8,991.5,0
2024-12-01 14:01:27,5,65,20,90,10.9,1005.4,1010.3,2.7,3.1,8,991.5,0
2024-12-01 14:06:27,5,65,20,88,10.8,1005.4,1010.3,1.7,2.7,8,991.5,0
2024-12-01 14:11:27,5,64,20,88,10.8,1005.4,1010.3,2.4,2.7,8,991.5,0
2024-12-01 14:16:27,5,64,20,87,10.8,1005.5,1010.4,2,2.7,8,991.5,0
2024-12-01 14:21:27,5,65,20.1,88,11,1005.5,1010.4,2,2.7,8,991.5,0
2024-12-01 14:26:27,5,65,20.1,87,10.8,1005.7,1010.6,2.4,3.1,8,991.5,0
2024-12-01 14:31:27,5,65,20.1,87,10.7,1005.5,1010.4,2.4,3.1,8,991.5,0
2024-12-01 14:36:27,5,65,20.1,86,10.6,1005.6,1010.5,3.1,3.7,8,991.5,0
2024-12-01 14:41:27,5,65,20.1,85,10.4,1005.4,1010.3,2.7,4.4,8,991.5,0
2024-12-01 14:46:27,5,64,20.1,85,10.3,1005.7,1010.6,2.7,3.4,10,991.5,0
2024-12-01 14:51:27,5,64,20.1,85,10.3,1005.6,1010.5,3.1,4.1,10,991.5,0
2024-12-01 14:56:27,5,63,20,85,10.2,1005.5,1010.4,2.7,3.4,,991.5,0
2024-12-01 15:01:27,5,63,20,85,10.2,1005.6,1010.5,2,3.1,,991.5,0
2024-12-01 15:06:27,5,63,20,85,10.2,1005.6,1010.5,2.4,3.1,,991.5,0
2024-12-01 15:11:27,5,63,20,85,10.1,1005.7,1010.6,2.4,3.1,,991.5,0
2024-12-01 15:16:27,5,63,20,84,10.1,1005.7,1010.6,1.7,2.4,10,991.5,0
2024-12-01 15:21:27,5,64,20,84,10.1,1005.8,1010.7,2.4,3.4,10,991.5,0
2024-12-01 15:26:27,5,64,20,84,10.1,1005.8,1010.7,2.7,3.7,9,991.5,0
2024-12-01 15:31:27,5,64,20.1,84,10.2,1005.9,1010.8,2.7,3.4,10,991.5,0
2024-12-01 15:36:27,5,64,20.1,84,10.3,1005.8,1010.7,3.1,4.1,10,991.5,0
2024-12-01 15:41:27,5,64,20.1,84,10.2,1005.9,1010.8,2,2.7,10,991.5,0
2024-12-01 15:46:27,5,64,20.1,84,10.1,1006,1010.9,1.7,2.7,,991.5,0
2024-12-01 15:51:27,5,64,20.1,84,10,1006,1010.9,2.7,4.1,10,991.5,0
2024-12-01 15:56:27,5,64,20.1,84,9.9,1006.2,1011.1,1.7,2.7,,991.5,0
2024-12-01 16:01:27,5,64,20.1,84,9.8,1006,1010.9,3.1,3.7,10,991.5,0
2024-12-01 16:06:27,5,64,20.1,84,9.8,1006.2,1011.1,3.4,4.4,10,991.5,0
2024-12-01 16:11:27,5,63,20,84,9.8,1006,1010.9,2.7,3.4,10,991.5,0
2024-12-01 16:16:27,5,63,20,84,9.8,1006,1010.9,2,2.7,9,991.5,0
2024-12-01 16:21:27,5,63,20,84,9.7,1006.2,1011.1,2.7,3.4,8,991.5,0
2024-12-01 16:26:27,5,63,20,84,9.6,1006.3,1011.2,2,2.4,8,991.5,0
2024-12-01 16:31:27,5,64,19.9,84,9.5,1006.3,1011.2,2.7,3.4,10,991.5,0
2024-12-01 16:36:27,5,64,19.9,84,9.4,1006.4,1011.3,2.4,3.4,10,991.5,0
2024-12-01 16:41:27,5,64,19.9,84,9.4,1006.3,1011.2,3.1,3.7,10,991.5,0
2024-12-01 16:46:27,5,64,19.9,84,9.3,1006.4,1011.3,3.1,3.7,8,991.5,0
2024-12-01 16:51:27,5,64,19.9,83,9.2,1006.5,1011.4,2.4,3.4,8,991.5,0
2024-12-01 16:56:27,5,64,19.8,83,9.1,1006.5,1011.4,3.4,4.1,8,991.5,0
2024-12-01 17:01:27,5,64,19.8,84,9,1006.5,1011.4,2.4,3.1,8,991.5,0
2024-12-01 17:06:27,5,65,19.8,84,8.9,1006.7,1011.6,2.7,3.4,10,991.5,0
2024-12-01 17:11:27,5,66,19.8,84,8.8,1006.7,1011.6,1.7,2.4,,991.5,0
2024-12-01 17:16:27,5,67,19.8,85,8.8,1006.7,1011.6,3.4,4.4,,991.5,0
2024-12-01 17:21:27,5,67,19.7,85,8.9,1006.7,1011.6,2,3.1,,991.5,0
2024-12-01 17:26:27,5,67,19.7,86,9,1006.8,1011.7,2,2.7,,991.5,0
2024-12-01 17:31:27,5,67,19.8,87,9,1006.6,1011.5,2.4,3.1,,991.5,0
2024-12-01 17:36:27,5,67,19.7,87,9,1006.7,1011.6,2.7,3.7,14,991.5,0
2024-12-01 17:41:27,5,67,19.7,88,9.1,1006.8,1011.7,2.4,3.4,,991.5,0
2024-12-01 17:46:27,5,67,19.7,88,9.1,1007,1011.9,2.4,3.1,10,991.5,0
2024-12-01 17:51:27,5,67,19.7,88,9.2,1006.9,1011.8,2.4,3.4,8,991.5,0
2024-12-01 17:56:27,5,67,19.7,88,9.2,1006.8,1011.7,2.7,3.1,10,991.5,0
2024-12-01 18:01:27,5,67,19.7,88,9.2,1007,1011.9,3.1,4.8,,991.5,0
2024-12-01 18:06:27,5,67,19.7,88,9.3,1007.2,1012.1,2.7,3.4,,991.5,0
2024-12-01 18:11:27,5,67,19.6,88,9.5,1007,1011.9,3.7,4.8,,991.5,0
2024-12-01 18:16:27,5,67,19.7,88,9.5,1007.2,1012.1,3.1,3.7,10,991.5,0
2024-12-01 18:21:27,5,67,19.7,88,9.5,1007.1,1012,3.1,4.1,,991.5,0
2024-12-01 18:26:27,5,67,19.7,88,9.6,1007.1,1012,3.4,4.8,,991.5,0
2024-12-01 18:31:27,5,67,19.7,88,9.5,1007.2,1012.1,3.1,4.1,,991.5,0
2024-12-01 18:36:27,5,67,19.7,88,9.6,1007.3,1012.2,2.4,3.1,,991.5,0
2024-12-01 18:41:27,5,67,19.7,87,9.5,1007.3,1012.2,2.7,3.7,,991.5,0
2024-12-01 18:46:27,5,67,19.6,87,9.5,1007.4,1012.3,3.4,4.4,,991.5,0
2024-12-01 18:51:27,5,67,19.6,87,9.4,1007.5,1012.4,3.1,3.7,,991.5,0
2024-12-01 18:56:27,5,67,19.7,87,9.3,1007.5,1012.4,2.7,4.4,10,991.5,0
2024-12-01 19:01:27,5,67,19.6,87,9.2,1007.6,1012.5,2.4,3.1,,991.5,0
2024-12-01 19:06:27,5,67,19.6,87,9.1,1007.6,1012.5,3.1,4.4,,991.5,0
2024-12-01 19:11:27,5,68,19.7,87,9.1,1007.6,1012.5,2.7,3.4,10,991.5,0
2024-12-01 19:16:27,5,68,19.7,88,9.1,1007.7,1012.6,2.7,4.1,10,991.5,0
2024-12-01 19:21:27,5,68,19.6,88,9,1007.8,1012.7,2.4,3.4,10,991.5,0
2024-12-01 19:26:27,5,68,19.7,88,9,1007.6,1012.5,3.1,3.7,10,991.5,0
2024-12-01 19:31:27,5,68,19.7,88,8.9,1008,1012.9,2.4,3.1,,991.5,0
2024-12-01 19:36:27,5,68,19.7,88,8.8,1007.9,1012.8,2.4,2.7,10,991.5,0
2024-12-01 19:41:27,5,69,19.7,88,8.8,1007.9,1012.8,2,2.7,,991.5,0
2024-12-01 19:46:27,5,69,19.7,88,8.8,1008.1,1013,2.4,2.7,,991.5,0
2024-12-01 19:51:27,5,69,19.7,88,8.7,1008.2,1013.1,1.7,2.4,,991.5,0
2024-12-01 19:56:27,5,70,19.7,89,8.8,1008.3,1013.2,2.4,3.4,10,991.5,0
2024-12-01 20:01:27,5,70,19.7,89,8.7,1008.4,1013.3,2,3.1,10,991.5,0
2024-12-01 20:06:27,5,70,19.7,89,8.7,1008.4,1013.3,2.4,3.1,10,991.5,0
2024-12-01 20:11:27,5,70,19.7,89,8.6,1008.4,1013.3,2,2.7,10,991.5,0
2024-12-01 20:16:27,5,70,19.8,88,8.6,1008.5,1013.4,1.7,2.4,10,991.5,0
2024-12-01 20:21:27,5,70,19.7,89,8.6,1008.5,1013.4,1.7,2.7,,991.5,0
2024-12-01 20:26:27,5,70,19.8,89,8.6,1008.6,1013.5,2.4,3.4,,991.5,0
2024-12-01 20:31:27,5,70,19.8,89,8.7,1008.6,1013.5,2,3.4,10,991.5,0
2024-12-01 20:36:27,5,70,19.8,90,8.7,1008.8,1013.7,1.7,2.4,,991.5,0
2024-12-01 20:41:27,5,70,19.8,90,8.7,1008.8,1013.7,2,3.1,10,991.5,0
2024-12-01 20:46:27,5,70,19.8,90,8.8,1008.9,1013.8,2,2.4,10,991.5,0
2024-12-01 20:51:27,5,70,19.8,90,8.7,1008.9,1013.8,2.7,3.4,10,991.5,0
2024-12-01 20:56:27,5,70,19.8,90,8.6,1008.9,1013.8,2,2.4,10,991.5,0
2024-12-01 21:01:27,5,70,19.9,90,8.6,1009.1,1014,2.4,2.7,10,991.5,0
2024-12-01 21:06:27,5,69,19.9,90,8.7,1009.1,1014,1.7,2,10,991.5,0
2024-12-01 21:11:27,5,69,19.9,90,8.7,1009.3,1014.2,1.7,2.4,10,991.5,0
2024-12-01 21:16:27,5,69,19.9,90,8.6,1009.6,1014.5,2,2.7,,991.5,0
2024-12-01 21:21:27,5,69,19.9,90,8.6,1009.5,1014.4,1.4,2,,991.5,0
2024-12-01 21:26:27,5,69,19.9,90,8.6,1009.5,1014.4,1.7,2.4,10,991.5,0
2024-12-01 21:31:27,5,68,19.9,90,8.7,1009.6,1014.5,1.4,2,10,991.5,0
2024-12-01 21:36:27,5,67,20,90,8.7,1009.7,1014.6,2.4,3.4,10,991.5,0
2024-12-01 21:41:27,5,67,20,90,8.8,1009.7,1014.6,2,2.4,10,991.5,0
2024-12-01 21:46:27,5,67,20,89,8.8,1009.9,1014.8,2.4,3.1,10,991.5,0
2024-12-01 21:51:27,5,67,20,89,8.8,1009.9,1014.8,2,2.7,10,991.5,0
2024-12-01 21:56:27,5,66,20,88,8.7,1010,1014.9,2,2.7,,991.5,0
2024-12-01 22:01:27,5,67,19.9,87,8.7,1010.1,1015,3.1,3.7,10,991.5,0
2024-12-01 22:06:27,5,67,19.9,86,8.7,1010.1,1015,2.4,3.7,10,991.5,0
2024-12-01 22:11:27,5,66,20,86,8.7,1010.2,1015.1,2,3.1,10,991.5,0
2024-12-01 22:16:27,5,66,20,85,8.6,1010.1,1015,2,3.1,10,991.5,0
2024-12-01 22:21:27,5,66,20.1,85,8.6,1010.2,1015.1,3.1,3.4,,991.5,0
2024-12-01 22:26:27,5,66,20,85,8.5,1010.3,1015.2,2.7,3.4,14,991.5,0
2024-12-01 22:31:27,5,66,20,85,8.5,1010.3,1015.2,1.7,2,14,991.5,0
2024-12-01 22:36:27,5,66,20.2,85,8.5,1010.5,1015.4,2,3.1,14,991.5,0
2024-12-01 22:41:27,5,66,20.3,84,8.5,1010.6,1015.5,2,3.4,14,991.5,0
2024-12-01 22:46:27,5,66,20.3,84,8.4,1010.5,1015.4,2,2.7,14,991.5,0
2024-12-01 22:51:27,5,66,20.4,83,8.3,1010.8,1015.7,1.7,2.4,14,991.5,0
2024-12-01 22:56:27,5,66,20.5,82,8.2,1010.5,1015.4,2.7,3.7,14,991.5,0
2024-12-01 23:01:27,5,66,20.5,82,8.1,1010.7,1015.6,1.4,1.7,,991.5,0
2024-12-01 23:06:27,5,66,20.7,82,8,1010.9,1015.8,2,2.7,,991.5,0
2024-12-01 23:11:27,5,66,20.7,82,8,1010.7,1015.6,2,2.7,10,991.5,0
2024-12-01 23:16:27,5,65,20.7,82,7.9,1011.1,1016,3.1,3.7,10,991.5,0
2024-12-01 23:21:27,5,65,20.7,82,7.9,1010.9,1015.8,2.4,3.1,10,991.5,0
2024-12-01 23:26:27,5,65,20.7,82,7.9,1011.1,1016,3.1,3.7,8,991.5,0
2024-12-01 23:31:27,5,64,20.6,81,8,1011.3,1016.2,3.1,4.1,,991.5,0
2024-12-01 23:36:27,5,64,20.5,81,8,1011.5,1016.4,2.4,2.7,,991.5,0
2024-12-01 23:41:27,5,64,20.5,81,8,1011.5,1016.4,1.7,2.4,,991.5,0
2024-12-01 23:46:27,5,64,20.5,81,7.9,1011.5,1016.4,1.7,3.4,,991.5,0
2024-12-01 23:51:27,5,64,20.5,81,7.8,1011.5,1016.4,1.7,2.4,,991.5,0
2024-12-01 23:56:27,5,64,20.4,81,7.6,1011.7,1016.6,1.7,2,10,991.5,0
