2024-12-25 00:00:22,5,68,18.7,99,12.3,1025.7,1030.6,0,0,8,1061.7,0
2024-12-25 00:05:22,5,68,18.7,99,12.3,1025.5,1030.4,0,0,8,1061.7,0
2024-12-25 00:10:22,5,68,18.7,99,12.4,1025.4,1030.3,0,0,8,1061.7,0
2024-12-25 00:15:22,5,68,18.7,99,12.4,1025.3,1030.2,0,0,8,1061.7,0
2024-12-25 00:20:22,5,68,18.7,99,12.4,1025.5,1030.4,0,0,8,1061.7,0
2024-12-25 00:25:22,5,68,18.7,99,12.4,1025.3,1030.2,0,0,8,1061.7,0
2024-12-25 00:30:22,5,68,18.7,99,12.4,1025.3,1030.2,0,0,8,1061.7,0
2024-12-25 00:35:22,5,68,18.7,99,12.4,1025.4,1030.3,0,0,8,1061.7,0
2024-12-25 00:40:22,5,68,18.7,98,12.5,1025.3,1030.2,0,0,8,1061.7,0
2024-12-25 00:45:22,5,68,18.7,98,12.5,1025.3,1030.2,0,0,8,1061.7,0
2024-12-25 00:50:22,5,68,18.7,98,12.5,1025.3,1030.2,0,0,8,1061.7,0
2024-12-25 00:55:22,5,68,18.7,98,12.5,1025.3,1030.2,0,0,8,1061.7,0
2024-12-25 01:00:22,5,68,18.7,98,12.5,1025.2,1030.1,0,0,8,1061.7,0
2024-12-25 01:05:22,5,68,18.7,98,12.5,1025.2,1030.1,0,0,8,1061.7,0
2024-12-25 01:10:22,5,68,18.6,98,12.5,1025.1,1030,0,0,8,1061.7,0
2024-12-25 01:15:22,5,68,18.7,98,12.5,1025.1,1030,0,0,8,1061.7,0
2024-12-25 01:20:22,5,67,18.6,98,12.5,1025.1,1030,0,0,10,1061.7,0
2024-12-25 01:25:22,5,67,18.6,98,12.5,1025.1,1030,0,0,8,1061.7,0
2024-12-25 01:30:22,5,67,18.6,98,12.5,1025.1,1030,0,0,10,1061.7,0
2024-12-25 01:35:22,5,67,18.6,98,12.5,1025.1,1030,0,0,8,1061.7,0
2024-12-25 01:40:22,5,67,18.7,98,12.5,1025.2,1030.1,0,0,8,1061.7,0
2024-12-25 01:45:22,5,67,18.7,99,12.4,1025.2,1030.1,0,0,8,1061.7,0
2024-12-25 01:50:22,5,67,18.6,99,12.4,1025.1,1030,0,0,8,1061.7,0
2024-12-25 01:55:22,5,67,18.6,99,12.4,1025.3,1030.2,0,0,8,1061.7,0
2024-12-25 02:00:22,5,67,18.6,99,12.4,1025.3,1030.2,0,0,8,1061.7,0
2024-12-25 02:05:22,5,67,18.6,99,12.4,1025.2,1030.1,0,0,8,1061.7,0
2024-12-25 02:10:22,5,67,18.5,99,12.4,1025.3,1030.2,0,0,8,1061.7,0
2024-12-25 02:15:22,5,67,18.5,99,12.3,1025.3,1030.2,0,0,8,1061.7,0
2024-12-25 02:20:22,5,67,18.5,99,12.3,1025.5,1030.4,0,0,8,1061.7,0
2024-12-25 02:25:22,5,67,18.5,99,12.3,1025.3,1030.2,0,0,8,1061.7,0
2024-12-25 02:30:22,5,67,18.5,99,12.2,1025.4,1030.3,0,0,8,1061.7,0
2024-12-25 02:35:22,5,67,18.6,99,12.2,1025.5,1030.4,0,0,8,1061.7,0
2024-12-25 02:40:22,5,67,18.6,99,12.2,1025.5,1030.4,0,0,8,1061.7,0
2024-12-25 02:45:22,5,67,18.5,98,12.1,1025.3,1030.2,0,0,8,1061.7,0
2024-12-25 02:50:22,5,67,18.5,98,12.1,1025.4,1030.3,0,0,8,1061.7,0
2024-12-25 02:55:22,5,67,18.5,97,12,1025.5,1030.4,0,0,10,1061.7,0
2024-12-25 03:00:22,5,67,18.5,96,12,1025.6,1030.5,0,0,10,1061.7,0
2024-12-25 03:05:22,5,67,18.5,96,11.9,1025.6,1030.5,0,0,10,1061.7,0
2024-12-25 03:10:22,5,67,18.5,95,11.8,1025.6,1030.5,0,0,10,1061.7,0
2024-12-25 03:15:22,5,67,18.5,94,11.8,1025.7,1030.6,0,0,10,1061.7,0
2024-12-25 03:20:22,5,67,18.5,94,11.8,1025.5,1030.4,0,0,10,1061.7,0
2024-12-25 03:25:22,5,67,18.5,93,11.8,1025.3,1030.2,0,0,10,1061.7,0
2024-12-25 03:30:22,5,67,18.5,93,11.8,1025.4,1030.3,0,0,10,1061.7,0
2024-12-25 03:35:22,5,67,18.5,93,11.7,1025.4,1030.3,0,0,10,1061.7,0
2024-12-25 03:40:22,5,67,18.5,92,11.7,1025.3,1030.2,0,0,10,1061.7,0
2024-12-25 03:45:22,5,67,18.5,92,11.7,1025.2,1030.1,0,0,10,1061.7,0
2024-12-25 03:50:22,5,67,18.5,92,11.6,1025.2,1030.1,0,0,10,1061.7,0
2024-12-25 03:55:22,5,67,18.4,91,11.6,1025.1,1030,0,0,8,1061.7,0
2024-12-25 04:00:22,5,67,18.4,91,11.6,1025.3,1030.2,0,0,8,1061.7,0
2024-12-25 04:05:22,5,67,18.4,91,11.5,1025.3,1030.2,0,0,8,1061.7,0
2024-12-25 04:10:22,5,67,18.4,90,11.5,1025.1,1030,0,0,8,1061.7,0
2024-12-25 04:15:22,5,67,18.4,90,11.5,1025.2,1030.1,0,0,10,1061.7,0
2024-12-25 04:20:22,5,67,18.4,90,11.5,1025.2,1030.1,0,0,8,1061.7,0
2024-12-25 04:25:22,5,67,18.4,90,11.6,1025.3,1030.2,0,0,8,1061.7,0
2024-12-25 04:30:22,5,67,18.4,90,11.5,1025.2,1030.1,0,0,8,1061.7,0
2024-12-25 04:35:22,5,67,18.4,90,11.5,1025.1,1030,0,0,8,1061.7,0
2024-12-25 04:40:22,5,67,18.4,90,11.5,1025.2,1030.1,0,0,10,1061.7,0
2024-12-25 04:45:22,5,67,18.3,90,11.6,1025.3,1030.2,0,0,8,1061.7,0
2024-12-25 04:50:22,5,67,18.3,90,11.6,1025.2,1030.1,0,0,8,1061.7,0
2024-12-25 04:55:22,5,67,18.4,90,11.7,1025.3,1030.2,0,0,8,1061.7,0
2024-12-25 05:00:22,5,67,18.4,90,11.7,1025.3,1030.2,0,0,8,1061.7,0
2024-12-25 05:05:22,5,67,18.4,90,11.7,1025.1,1030,0,0,8,1061.7,0
2024-12-25 05:10:22,5,67,18.4,90,11.7,1025.2,1030.1,0,0,8,1061.7,0
2024-12-25 05:15:22,5,67,18.3,90,11.7,1025.3,1030.2,0,0,8,1061.7,0
2024-12-25 05:20:22,5,67,18.4,90,11.7,1025.5,1030.4,0,0,8,1061.7,0
2024-12-25 05:25:22,5,67,18.4,90,11.7,1025.5,1030.4,0,0,8,1061.7,0
2024-12-25 05:30:22,5,67,18.4,90,11.6,1025.4,1030.3,0,0,8,1061.7,0
2024-12-25 05:35:22,5,67,18.3,90,11.6,1025.5,1030.4,0,0,8,1061.7,0
2024-12-25 05:40:22,5,67,18.3,90,11.6,1025.5,1030.4,0,0,8,1061.7,0
2024-12-25 05:45:22,5,67,18.3,90,11.6,1025.6,1030.5,0,0,8,1061.7,0
2024-12-25 05:50:22,5,67,18.3,90,11.6,1025.6,1030.5,0,0,8,1061.7,0
2024-12-25 05:55:22,5,67,18.3,91,11.6,1025.6,1030.5,0,0,8,1061.7,0
2024-12-25 06:00:22,5,67,18.3,91,11.6,1025.7,1030.6,0,0,8,1061.7,0
2024-12-25 06:05:22,5,67,18.3,92,11.7,1025.6,1030.5,0,0,8,1061.7,0
2024-12-25 06:10:22,5,67,18.3,92,11.7,1025.7,1030.6,0,0,10,1061.7,0
2024-12-25 06:15:22,5,67,18.3,92,11.7,1025.6,1030.5,0,0,10,1061.7,0
2024-12-25 06:20:22,5,67,18.3,93,11.8,1025.7,1030.6,0,0,8,1061.7,0
2024-12-25 06:25:22,5,67,18.3,93,11.8,1025.7,1030.6,0,0,10,1061.7,0
2024-12-25 06:30:22,5,67,18.3,94,11.8,1025.8,1030.7,0,0,10,1061.7,0
2024-12-25 06:35:22,5,67,18.3,94,11.8,1025.7,1030.6,0,0,10,1061.7,0
2024-12-25 06:40:22,5,67,18.3,94,11.9,1025.8,1030.7,0,0,,1061.7,0
2024-12-25 06:45:22,5,67,18.3,95,11.9,1025.7,1030.6,0,0,,1061.7,0
2024-12-25 06:50:22,5,67,18.3,95,11.9,1025.8,1030.7,0,0,10,1061.7,0
2024-12-25 06:55:22,5,67,18.3,95,11.9,1025.8,1030.7,0,0,10,1061.7,0
2024-12-25 07:00:22,5,67,18.3,95,11.9,1025.8,1030.7,0,0,,1061.7,0
2024-12-25 07:05:22,5,67,18.3,95,11.9,1025.8,1030.7,0,0,10,1061.7,0
2024-12-25 07:10:22,5,67,18.3,96,11.9,1025.8,1030.7,0,0,,1061.7,0
2024-12-25 07:15:22,5,67,18.3,96,11.8,1025.9,1030.8,0,0,,1061.7,0
2024-12-25 07:20:22,5,67,18.3,96,11.9,1025.9,1030.8,0,0,,1061.7,0
2024-12-25 07:25:22,5,67,18.3,96,11.9,1025.8,1030.7,0,0,,1061.7,0
2024-12-25 07:30:22,5,67,18.3,96,11.9,1026,1030.9,0,0,,1061.7,0
2024-12-25 07:35:22,5,67,18.3,95,11.9,1025.9,1030.8,0,0,10,1061.7,0
2024-12-25 07:40:22,5,67,18.3,95,11.9,1025.9,1030.8,0,0,,1061.7,0
2024-12-25 07:45:22,5,67,18.3,95,11.9,1026.1,1031,0,0,,1061.7,0
2024-12-25 07:50:22,5,67,18.3,95,11.9,1026,1030.9,0,0,10,1061.7,0
2024-12-25 07:55:22,5,67,18.3,95,11.9,1026.1,1031,0,0,10,1061.7,0
2024-12-25 08:00:22,5,67,18.3,95,11.9,1026.1,1031,0,0,10,1061.7,0
2024-12-25 08:05:22,5,67,18.3,95,11.8,1026.1,1031,0,0,10,1061.7,0
2024-12-25 08:10:22,5,67,18.3,95,11.7,1026.2,1031.1,0,0,10,1061.7,0
2024-12-25 08:15:21,5,67,18.3,95,11.7,1026.1,1031,0,0,10,1061.7,0
2024-12-25 08:20:21,5,67,18.3,95,11.8,1026.2,1031.1,0,0,10,1061.7,0
2024-12-25 08:25:21,5,67,18.3,96,11.8,1026.2,1031.1,0,0,10,1061.7,0
2024-12-25 08:30:21,5,67,18.3,96,11.9,1026.2,1031.1,0,0,,1061.7,0
2024-12-25 08:35:21,5,67,18.3,96,11.9,1026.5,1031.4,0,0,,1061.7,0
2024-12-25 08:40:21,5,67,18.3,96,11.9,1026.4,1031.3,0,0,10,1061.7,0
2024-12-25 08:45:21,5,67,18.3,96,11.9,1026.5,1031.4,0,0,10,1061.7,0
2024-12-25 08:50:21,5,67,18.3,96,11.9,1026.8,1031.7,0,0,10,1061.7,0
2024-12-25 08:55:21,5,67,18.3,96,11.9,1026.8,1031.7,0,0,10,1061.7,0
2024-12-25 09:00:21,5,67,18.3,96,11.9,1026.9,1031.8,0,0,10,1061.7,0
2024-12-25 09:05:21,5,67,18.3,96,11.9,1026.9,1031.8,0,0,10,1061.7,0
2024-12-25 09:10:21,5,67,18.3,96,11.9,1027,1031.9,0,0,10,1061.7,0
2024-12-25 09:15:21,5,67,18.3,97,11.9,1027,1031.9,0,0,,1061.7,0
2024-12-25 09:20:21,5,67,18.3,97,12,1027.1,1032,0,0,10,1061.7,0
2024-12-25 09:25:21,5,67,18.3,97,12,1027.1,1032,0,0,10,1061.7,0
2024-12-25 09:30:21,5,67,18.3,97,12,1026.8,1031.7,0,0,10,1061.7,0
2024-12-25 09:35:21,5,67,18.3,98,12.1,1027,1031.9,0,0,10,1061.7,0
2024-12-25 09:40:21,5,67,18.3,98,12,1027.1,1032,0,0,,1061.7,0
2024-12-25 09:45:21,5,67,18.3,98,12,1027,1031.9,0,0,,1061.7,0
2024-12-25 09:50:21,5,67,18.3,98,12,1027.1,1032,0,0,,1061.7,0
2024-12-25 09:55:21,5,67,18.3,98,12.1,1027.2,1032.1,0,0,10,1061.7,0
2024-12-25 10:00:21,5,67,18.3,99,12.2,1027.3,1032.2,0,0,8,1061.7,0
2024-12-25 10:05:21,5,67,18.3,99,12.3,1027.2,1032.1,0,0,8,1061.7,0
2024-12-25 10:10:21,5,67,18.3,99,12.4,1027.2,1032.1,0,0,8,1061.7,0
2024-12-25 10:15:21,5,67,18.3,97,12.5,1027.1,1032,0,0,8,1061.7,0
2024-12-25 10:20:21,5,67,18.3,97,12.6,1027.3,1032.2,0,0,8,1061.7,0
2024-12-25 10:25:21,5,67,18.3,97,12.7,1027.4,1032.3,0,0,8,1061.7,0
2024-12-25 10:30:21,5,67,18.3,97,12.8,1027.3,1032.2,0,0,8,1061.7,0
2024-12-25 10:35:21,5,67,18.4,96,12.7,1027.3,1032.2,0,0,8,1061.7,0
2024-12-25 10:40:21,5,67,18.3,96,12.6,1027.5,1032.4,0,0,10,1062,0
2024-12-25 10:45:21,5,67,18.3,95,12.6,1027.5,1032.4,0,0,10,1062,0
2024-12-25 10:50:21,5,67,18.4,94,12.6,1027.4,1032.3,0,0,10,1062,0
2024-12-25 10:55:21,5,67,18.4,92,12.5,1027.5,1032.4,0,0,10,1062,0
2024-12-25 11:00:21,5,67,18.4,94,12.4,1027.6,1032.5,0,0,8,1062,0
2024-12-25 11:05:21,5,67,18.4,92,12.4,1027.6,1032.5,0,0,10,1062,0
2024-12-25 11:10:21,5,67,18.4,91,12.3,1027.5,1032.4,0,0,10,1062,0
2024-12-25 11:15:21,5,67,18.5,90,12.3,1027.6,1032.5,0,0,8,1062,0
2024-12-25 11:20:21,5,67,18.5,89,12.3,1027.6,1032.5,0,0,10,1062,0
2024-12-25 11:25:21,5,67,18.5,88,12.4,1027.8,1032.7,0,0,10,1062,0
2024-12-25 11:30:21,5,67,18.5,88,12.4,1027.6,1032.5,0,0,10,1062,0
2024-12-25 11:35:21,5,67,18.6,87,12.4,1027.6,1032.5,0,0,10,1062,0
2024-12-25 11:40:21,5,67,18.5,86,12.3,1027.7,1032.6,0,0,10,1062,0
2024-12-25 11:45:21,5,67,18.5,86,12.4,1027.7,1032.6,0,0,10,1062,0
2024-12-25 11:50:21,5,67,18.6,85,12.4,1027.7,1032.6,0,0,10,1062,0
2024-12-25 11:55:21,5,67,18.6,85,12.3,1027.6,1032.5,0,0,10,1062,0
2024-12-25 12:00:21,5,67,18.6,85,12.2,1027.6,1032.5,0,0,8,1062,0
2024-12-25 12:05:21,5,67,18.6,86,12.1,1027.7,1032.6,0,0,10,1062,0
2024-12-25 12:10:21,5,67,18.7,86,12.1,1027.7,1032.6,0,0,,1062,0
2024-12-25 12:15:21,5,67,18.8,87,12.1,1027.8,1032.7,0,0,8,1062,0
2024-12-25 12:20:21,5,67,18.8,88,12,1027.7,1032.6,0,0,10,1062,0
2024-12-25 12:25:21,5,67,18.8,89,11.9,1027.6,1032.5,0,0,10,1062,0
2024-12-25 12:30:21,5,67,18.8,90,11.9,1027.6,1032.5,0,0,10,1062,0
2024-12-25 12:35:21,5,67,18.8,90,12,1027.6,1032.5,0,0,10,1062,0
2024-12-25 12:40:21,5,67,18.8,91,12,1027.7,1032.6,0,0,10,1062,0
2024-12-25 12:45:21,5,67,18.9,92,12,1027.7,1032.6,0,0,10,1062,0
2024-12-25 12:50:21,5,67,18.8,92,12.1,1027.8,1032.7,0,0,10,1062,0
2024-12-25 12:55:21,5,67,18.8,93,12.1,1027.6,1032.5,0,0,10,1062,0
2024-12-25 13:00:21,5,67,18.8,93,12.1,1027.7,1032.6,0,0,10,1062,0
2024-12-25 13:05:21,5,67,18.8,94,12.1,1027.7,1032.6,0,0,8,1062,0
2024-12-25 13:10:21,5,67,18.8,94,12.2,1027.9,1032.8,0,0,10,1062,0
2024-12-25 13:15:21,5,67,18.8,95,12.2,1027.8,1032.7,0,0,10,1062,0
2024-12-25 13:20:21,5,67,18.8,95,12.2,1027.8,1032.7,0,0,10,1062,0
2024-12-25 13:25:21,5,67,18.9,95,12.2,1027.7,1032.6,0,0,8,1062,0
2024-12-25 13:30:21,5,67,18.9,96,12.2,1027.7,1032.6,0,0,8,1062,0
2024-12-25 13:35:21,5,67,18.9,96,12.3,1027.8,1032.7,0,0,8,1062,0
2024-12-25 13:40:21,5,67,18.8,96,12.3,1027.9,1032.8,0,0,8,1062,0
2024-12-25 13:45:21,5,67,18.9,97,12.3,1027.9,1032.8,0,0,8,1062,0
2024-12-25 13:50:21,5,67,18.8,97,12.3,1028,1032.9,0,0,8,1062,0
2024-12-25 13:55:21,5,67,18.8,97,12.4,1027.8,1032.7,0,0,8,1062,0
2024-12-25 14:00:21,5,67,18.8,98,12.4,1027.8,1032.7,0,0,8,1062,0
2024-12-25 14:05:21,5,68,18.9,95,12.5,1027.8,1032.7,0,0,8,1062,0
2024-12-25 14:10:21,5,68,18.8,95,12.5,1027.8,1032.7,0,0,8,1062,0
2024-12-25 14:15:21,5,70,18.8,95,12.5,1027.7,1032.6,0,0,8,1062,0
2024-12-25 14:20:21,5,71,18.8,96,12.6,1027.6,1032.5,0,0,10,1062,0
2024-12-25 14:25:21,5,72,18.8,96,12.6,1027.6,1032.5,0,0,10,1062,0
2024-12-25 14:30:21,5,72,18.9,96,12.7,1027.8,1032.7,0,0,10,1062,0
2024-12-25 14:35:21,5,72,19,96,12.7,1027.6,1032.5,0,0,10,1062,0
2024-12-25 14:40:21,5,73,18.9,96,12.7,1027.7,1032.6,0,0,10,1062,0
2024-12-25 14:45:21,5,73,18.9,96,12.7,1027.6,1032.5,0,0,10,1062,0
2024-12-25 14:50:21,5,73,18.9,96,12.7,1027.7,1032.6,0,0,10,1062,0
2024-12-25 14:55:21,5,73,18.9,96,12.7,1027.7,1032.6,0,0,10,1062,0
2024-12-25 15:00:21,5,74,18.9,96,12.7,1027.8,1032.7,0,0,10,1062,0
2024-12-25 15:05:21,5,73,19,96,12.7,1027.7,1032.6,0,0,10,1062,0
2024-12-25 15:10:21,5,74,18.9,96,12.8,1027.8,1032.7,0,0,10,1062,0
2024-12-25 15:15:21,5,74,18.9,96,12.8,1027.7,1032.6,0,0,10,1062,0
2024-12-25 15:20:21,5,74,18.9,96,12.9,1027.8,1032.7,0,0,10,1062,0
2024-12-25 15:25:21,5,74,18.9,96,12.9,1027.7,1032.6,0,0,10,1062,0
2024-12-25 15:30:21,5,73,18.9,96,12.9,1027.7,1032.6,0,0,10,1062,0
2024-12-25 15:35:21,5,73,18.8,96,12.8,1027.7,1032.6,0,0,10,1062,0
2024-12-25 15:40:21,5,73,18.8,96,12.8,1027.6,1032.5,0,0,10,1062,0
2024-12-25 15:45:21,5,73,18.8,96,12.8,1027.7,1032.6,0,0,10,1062,0
2024-12-25 15:50:21,5,73,18.8,96,12.8,1027.7,1032.6,0,0,10,1062,0
2024-12-25 15:55:21,5,72,18.7,96,12.8,1027.9,1032.8,0,0,10,1062,0
2024-12-25 16:00:21,5,72,18.8,96,12.8,1027.9,1032.8,0,0,10,1062,0
2024-12-25 16:05:21,5,72,18.8,96,12.8,1027.9,1032.8,0,0,10,1062,0
2024-12-25 16:10:21,5,72,18.8,96,12.9,1027.9,1032.8,0,0,10,1062,0
2024-12-25 16:15:21,5,72,18.8,96,12.9,1027.9,1032.8,0,0,10,1062,0
2024-12-25 16:20:21,5,72,18.8,96,12.8,1027.8,1032.7,0,0,10,1062,0
2024-12-25 16:25:21,5,72,18.8,96,12.8,1028,1032.9,0,0,10,1062,0
2024-12-25 16:30:21,5,72,18.8,95,12.8,1028,1032.9,0,0,10,1062,0
2024-12-25 16:35:21,5,72,18.8,95,12.7,1028,1032.9,0,0,10,1062,0
2024-12-25 16:40:21,5,72,18.8,94,12.7,1027.8,1032.7,0,0,10,1062,0
2024-12-25 16:45:21,5,72,18.8,94,12.6,1028,1032.9,0,0,10,1062,0
2024-12-25 16:50:21,5,72,18.8,94,12.6,1028,1032.9,0,0,10,1062,0
2024-12-25 16:55:21,5,72,18.8,93,12.6,1028.1,1033,0,0,10,1062,0
2024-12-25 17:00:21,5,73,18.7,93,12.6,1028.1,1033,0,0,10,1062,0
2024-12-25 17:05:21,5,73,18.7,93,12.5,1028,1032.9,0,0,10,1062,0
2024-12-25 17:10:21,5,73,18.7,92,12.5,1027.9,1032.8,0,0,10,1062,0
2024-12-25 17:15:21,5,73,18.7,92,12.5,1027.9,1032.8,0,0,10,1062,0
2024-12-25 17:20:21,5,74,18.8,92,12.5,1028,1032.9,0,0,,1062,0
2024-12-25 17:25:21,5,74,18.9,92,12.5,1028.1,1033,0,0,,1062,0
2024-12-25 17:30:21,5,74,18.9,92,12.5,1028.1,1033,0,0,,1062,0
2024-12-25 17:35:21,5,76,18.9,91,12.5,1028,1032.9,0,0,,1062,0
2024-12-25 17:40:21,5,76,18.9,94,12.4,1028,1032.9,0,0,,1062,0
2024-12-25 17:45:21,5,77,18.9,94,12.4,1028,1032.9,0,0,,1062,0
2024-12-25 17:50:21,5,77,19,94,12.3,1028.1,1033,0,0,14,1062,0
2024-12-25 17:55:21,5,78,19,93,12.3,1027.9,1032.8,0,0,14,1062,0
2024-12-25 18:00:21,5,79,19.1,93,12.3,1028,1032.9,0,0,14,1062,0
2024-12-25 18:05:21,5,80,19.1,93,12.3,1028.1,1033,0,0,14,1062,0
2024-12-25 18:10:21,5,81,19.1,93,12.2,1028.1,1033,0,0,14,1062,0
2024-12-25 18:15:21,5,82,19.1,93,12.2,1027.9,1032.8,0,0,14,1062,0
2024-12-25 18:20:21,5,83,19.3,93,12.2,1028,1032.9,0,0,14,1062,0
2024-12-25 18:25:21,5,83,19.3,93,12.1,1028,1032.9,0,0,14,1062,0
2024-12-25 18:30:21,5,84,19.3,93,12.1,1028,1032.9,0,0,14,1062,0
2024-12-25 18:35:21,5,84,19.4,93,12.1,1027.8,1032.7,0,0,14,1062,0
2024-12-25 18:40:21,5,84,19.4,93,12,1027.7,1032.6,0,0,14,1062,0
2024-12-25 18:45:21,5,84,19.4,92,11.9,1027.9,1032.8,0,0,14,1062,0
2024-12-25 18:50:21,5,84,19.5,92,11.9,1028,1032.9,0,0,14,1062,0
2024-12-25 18:55:21,5,84,19.5,92,11.8,1028.2,1033.1,0,0,14,1062,0
2024-12-25 19:00:21,5,84,19.5,92,11.8,1028.1,1033,0,0,14,1062,0
2024-12-25 19:05:21,5,84,19.5,92,11.8,1028.1,1033,0,0,14,1062,0
2024-12-25 19:10:21,5,83,19.6,91,11.8,1028.2,1033.1,0,0,14,1062,0
2024-12-25 19:15:21,5,83,19.6,91,11.7,1028.1,1033,0,0,14,1062,0
2024-12-25 19:20:21,5,83,19.6,91,11.7,1028.2,1033.1,0,0,14,1062,0
2024-12-25 19:25:21,5,83,19.6,91,11.7,1028.1,1033,0,0,14,1062,0
2024-12-25 19:30:21,5,83,19.7,91,11.6,1028.1,1033,0,0,14,1062,0
2024-12-25 19:35:21,5,83,19.7,90,11.6,1028.1,1033,0,0,14,1062,0
2024-12-25 19:40:21,5,83,19.7,90,11.6,1028.1,1033,0,0,14,1062,0
2024-12-25 19:45:21,5,83,19.7,90,11.6,1028,1032.9,0,0,,1062,0
2024-12-25 19:50:21,5,83,19.7,90,11.5,1028.2,1033.1,0,0,,1062,0
2024-12-25 19:55:21,5,82,19.7,89,11.4,1028,1032.9,0,0,,1062,0
2024-12-25 20:00:21,5,82,19.8,89,11.4,1028,1032.9,0,0,,1062,0
2024-12-25 20:05:21,5,82,19.8,89,11.3,1028.1,1033,0,0,,1062,0
2024-12-25 20:10:23,5,82,19.8,88,11.3,1028.1,1033,0,0,,1062,0
2024-12-25 20:15:20,5,82,19.8,88,11.2,1028.2,1033.1,0,0,,1062,0
2024-12-25 20:20:21,5,82,19.8,88,11.2,1028.1,1033,0,0,10,1062,0
2024-12-25 20:25:21,5,82,19.8,88,11.2,1028.3,1033.2,0,0,8,1062,0
2024-12-25 20:30:21,5,81,19.8,88,11.2,1028.4,1033.3,0,0,8,1062,0
2024-12-25 20:35:21,5,81,19.8,88,11.2,1028.2,1033.1,0,0,8,1062,0
2024-12-25 20:40:21,5,81,19.8,88,11.2,1028.5,1033.4,0,0,8,1062,0
2024-12-25 20:45:21,5,81,19.8,88,11.2,1028.4,1033.3,0,0,8,1062,0
2024-12-25 20:50:21,5,81,19.8,88,11.2,1028.4,1033.3,0,0,8,1062,0
2024-12-25 20:55:21,5,81,19.8,88,11.2,1028.4,1033.3,0,0,9,1062,0
2024-12-25 21:00:21,5,81,19.8,88,11.2,1028.4,1033.3,0,0,8,1062,0
2024-12-25 21:05:21,5,81,19.8,88,11.2,1028.4,1033.3,0,0,10,1062,0
2024-12-25 21:10:21,5,80,19.8,88,11.2,1028.2,1033.1,0,0,8,1062,0
2024-12-25 21:15:21,5,80,19.9,88,11.1,1028.4,1033.3,0,0,8,1062,0
2024-12-25 21:20:21,5,80,19.9,87,11.1,1028.6,1033.5,0,0,8,1062,0
2024-12-25 21:25:21,5,80,19.9,87,11.1,1028.5,1033.4,0,0,8,1062,0
2024-12-25 21:30:21,5,80,19.9,87,11,1028.6,1033.5,0,0,10,1062,0
2024-12-25 21:35:21,5,80,19.9,87,11,1028.5,1033.4,0,0,9,1062,0
2024-12-25 21:40:21,5,80,19.8,87,11,1028.5,1033.4,0,0,8,1062,0
2024-12-25 21:45:21,5,81,19.9,87,11,1028.5,1033.4,0,0,10,1062,0
2024-12-25 21:50:21,5,81,19.9,87,11.1,1028.7,1033.6,0,0,8,1062,0
2024-12-25 21:55:21,5,81,19.9,87,11,1028.6,1033.5,0,0,8,1062,0
2024-12-25 22:00:21,5,81,19.9,87,11,1028.7,1033.6,0,0,8,1062,0
2024-12-25 22:05:21,5,81,19.9,87,11,1028.8,1033.7,0,0,8,1062,0
2024-12-25 22:10:21,5,81,19.9,87,11,1028.8,1033.7,0,0,10,1062,0
2024-12-25 22:15:21,5,81,19.9,87,11,1028.8,1033.7,0,0,8,1062,0
2024-12-25 22:20:21,5,81,19.9,87,11,1028.8,1033.7,0,0,8,1062,0
2024-12-25 22:25:21,5,81,19.9,87,11,1028.8,1033.7,0,0,,1062,0
2024-12-25 22:30:21,5,81,19.9,87,11,1028.7,1033.6,0,0,8,1062,0
2024-12-25 22:35:21,5,81,19.8,87,11,1028.8,1033.7,0,0,8,1062,0
2024-12-25 22:40:21,5,81,19.8,87,11,1028.9,1033.8,0,0,8,1062,0
2024-12-25 22:45:21,5,80,19.8,88,11.1,1029,1033.9,0,0,8,1062,0
2024-12-25 22:50:21,5,80,19.8,88,11.1,1029,1033.9,0,0,8,1062,0
2024-12-25 22:55:21,5,80,19.8,87,11.1,1028.8,1033.7,0,0,8,1062,0
2024-12-25 23:00:21,5,80,19.7,87,11.1,1029.1,1034,0,0,8,1062,0
2024-12-25 23:05:21,5,80,19.7,87,11.1,1028.9,1033.8,0,0,10,1062,0
2024-12-25 23:10:21,5,80,19.7,87,11.2,1029.1,1034,0,0,,1062,0
2024-12-25 23:15:21,5,80,19.7,87,11.2,1029,1033.9,0,0,8,1062,0
2024-12-25 23:20:21,5,80,19.7,87,11.1,1029.1,1034,0,0,8,1062,0
2024-12-25 23:25:21,5,80,19.7,86,11.1,1029,1033.9,0,0,8,1062,0
2024-12-25 23:30:21,5,80,19.7,86,11.1,1029.1,1034,0,0,8,1062,0
2024-12-25 23:35:21,5,80,19.7,86,11,1029.1,1034,0,0,10,1062,0
2024-12-25 23:40:21,5,80,19.7,86,11,1029.1,1034,0,0,10,1062,0
2024-12-25 23:45:21,5,80,19.8,86,11,1029.1,1034,0,0,10,1062,0
2024-12-25 23:50:21,5,80,19.8,86,11,1029.1,1034,0,0,8,1062,0
2024-12-25 23:55:21,5,80,19.8,87,11,1029.2,1034.1,0,0,8,1062,0
