2015-09-10 00:00:58,5,61,20.3,74,9.9,1012.9,1017.8,1.4,1.7,2,1.8,0
2015-09-10 00:05:58,5,61,20.3,74,9.8,1012.9,1017.8,1.4,2,2,1.8,0
2015-09-10 00:10:58,5,61,20.3,74,9.7,1012.9,1017.8,1.4,2,2,1.8,0
2015-09-10 00:15:58,5,61,20.3,74,9.7,1012.8,1017.7,0.7,1.4,2,1.8,0
2015-09-10 00:20:58,5,61,20.3,75,9.9,1012.8,1017.7,1.4,1.7,2,1.8,0
2015-09-10 00:25:58,5,61,20.2,75,9.8,1012.6,1017.5,1.4,1.7,2,1.8,0
2015-09-10 00:30:58,5,61,20.2,75,9.7,1012.6,1017.5,1.7,2.4,0,1.8,0
2015-09-10 00:35:58,5,61,20.2,75,9.7,1012.6,1017.5,1.4,1.7,2,1.8,0
2015-09-10 00:40:58,5,61,20.3,75,9.7,1012.7,1017.6,1,1.4,2,1.8,0
2015-09-10 00:45:58,5,61,20.2,75,9.8,1012.6,1017.5,1,1.4,4,1.8,0
2015-09-10 00:50:58,5,61,20.2,75,9.9,1012.7,1017.6,1,1.7,2,1.8,0
2015-09-10 00:55:58,5,61,20.2,75,9.9,1012.6,1017.5,1,1.7,0,1.8,0
2015-09-10 01:00:59,5,61,20.2,75,9.8,1012.6,1017.5,1,1.4,2,1.8,0
2015-09-10 01:05:59,5,61,20.2,75,9.7,1012.5,1017.4,1.4,2,4,1.8,0
2015-09-10 01:10:59,5,61,20.2,75,9.6,1012.6,1017.5,1,1.7,4,1.8,0
2015-09-10 01:15:59,5,61,20.2,75,9.6,1012.6,1017.5,1.7,2.4,2,1.8,0
2015-09-10 01:20:59,5,61,20.2,75,9.6,1012.5,1017.4,1.7,3.1,2,1.8,0
2015-09-10 01:25:59,5,61,20.2,75,9.7,1012.5,1017.4,1.7,2.4,2,1.8,0
2015-09-10 01:30:59,5,61,20.2,75,9.7,1012.4,1017.3,2,2.7,2,1.8,0
2015-09-10 01:35:59,5,61,20.2,75,9.7,1012.4,1017.3,2,2.7,2,1.8,0
2015-09-10 01:40:59,5,61,20.1,75,9.7,1012.3,1017.2,1.4,2,1,1.8,0
2015-09-10 01:45:59,5,61,20.1,75,9.6,1012.4,1017.3,1.4,2.4,2,1.8,0
2015-09-10 01:50:59,5,61,20.1,75,9.8,1012.5,1017.4,1,1.4,1,1.8,0
2015-09-10 01:55:59,5,61,20.1,75,10,1012.7,1017.6,1.4,2,4,1.8,0
2015-09-10 02:00:59,5,61,20.1,75,10.1,1012.6,1017.5,1,2,4,1.8,0
2015-09-10 02:05:59,5,61,20.1,75,10.1,1012.8,1017.7,1.4,2,4,1.8,0
2015-09-10 02:10:59,5,61,20.1,75,10,1012.8,1017.7,0.7,1,2,1.8,0
2015-09-10 02:15:59,5,61,20.1,75,10,1012.9,1017.8,1,1.7,2,1.8,0
2015-09-10 02:20:59,5,61,20.1,75,9.7,1012.7,1017.6,0.7,1.4,2,1.8,0
2015-09-10 02:25:59,5,61,20.1,76,9.8,1012.8,1017.7,1,1.4,2,1.8,0
2015-09-10 02:30:59,5,61,20.1,76,9.9,1013,1017.9,0.7,1.4,4,1.8,0
2015-09-10 02:35:59,5,61,20.1,75,10,1012.7,1017.6,1,1.4,4,1.8,0
2015-09-10 02:40:59,5,61,20,75,10,1012.9,1017.8,1,1.7,2,1.8,0
2015-09-10 02:45:59,5,61,20,75,10,1012.9,1017.8,1.7,2,1,1.8,0
2015-09-10 02:50:59,5,61,20,75,10,1013,1017.9,1.7,2,2,1.8,0
2015-09-10 02:55:59,5,61,20,75,10.1,1012.8,1017.7,1,1.7,3,1.8,0
2015-09-10 03:00:59,5,61,20,75,10,1012.8,1017.7,1,1.4,4,1.8,0
2015-09-10 03:05:59,5,61,20,75,10,1012.7,1017.6,1.7,2.4,2,1.8,0
2015-09-10 03:10:59,5,61,20,75,10,1012.6,1017.5,1.4,2,2,1.8,0
2015-09-10 03:15:59,5,61,20,75,10,1012.7,1017.6,1.4,2,2,1.8,0
2015-09-10 03:20:59,5,61,20,76,9.9,1012.6,1017.5,1,1.7,2,1.8,0
2015-09-10 03:25:59,5,61,20,76,9.8,1012.5,1017.4,1,1.7,2,1.8,0
2015-09-10 03:30:59,5,61,20,76,9.8,1012.5,1017.4,0.7,1,2,1.8,0
2015-09-10 03:35:59,5,61,20,76,9.7,1012.8,1017.7,0.7,1.4,2,1.8,0
2015-09-10 03:40:59,5,61,20,76,9.7,1012.6,1017.5,1,1.4,2,1.8,0
2015-09-10 03:45:59,5,61,20,76,9.7,1012.5,1017.4,1,2,0,1.8,0
2015-09-10 03:50:59,5,61,20,76,9.7,1012.3,1017.2,1.4,2,13,1.8,0
2015-09-10 03:55:59,5,61,20,76,9.8,1012.5,1017.4,1.4,2,4,1.8,0
2015-09-10 04:00:59,5,61,20,76,9.8,1012.2,1017.1,2,3.7,2,1.8,0
2015-09-10 04:05:59,5,62,19.9,76,9.7,1012.1,1017,1.7,2.4,14,1.8,0
2015-09-10 04:10:59,5,62,19.9,76,9.7,1012.1,1017,1.7,2.7,2,1.8,0
2015-09-10 04:15:59,5,62,19.9,76,9.8,1012.1,1017,2.4,3.1,2,1.8,0
2015-09-10 04:20:59,5,62,19.9,76,9.8,1012.1,1017,2,3.1,4,1.8,0
2015-09-10 04:25:59,5,62,19.9,76,9.8,1012.1,1017,1.7,2.4,4,1.8,0
2015-09-10 04:30:59,5,62,19.9,76,9.7,1011.9,1016.8,1.4,2,4,1.8,0
2015-09-10 04:35:59,5,62,19.9,76,9.6,1011.9,1016.8,1.7,2,4,1.8,0
2015-09-10 04:40:59,5,62,19.9,76,9.6,1012,1016.9,1.4,1.7,4,1.8,0
2015-09-10 04:45:59,5,62,19.8,76,9.6,1012.1,1017,0,0.7,2,1.8,0
2015-09-10 04:50:59,5,62,19.9,76,9.5,1012.3,1017.2,1,1.4,0,1.8,0
2015-09-10 04:55:59,5,62,19.9,76,9.4,1012.2,1017.1,0.7,1.4,2,1.8,0
2015-09-10 05:00:59,5,62,19.8,76,9.4,1012,1016.9,1,1.4,2,1.8,0
2015-09-10 05:05:59,5,62,19.8,76,9.4,1011.9,1016.8,1,1.4,2,1.8,0
2015-09-10 05:10:59,5,62,19.8,76,9.3,1011.8,1016.7,0.7,1.4,2,1.8,0
2015-09-10 05:15:59,5,62,19.8,76,9.3,1012,1016.9,1,1.7,2,1.8,0
2015-09-10 05:20:59,5,62,19.8,76,9.4,1012,1016.9,0.7,1,2,1.8,0
2015-09-10 05:25:59,5,62,19.8,76,9.3,1011.9,1016.8,1,1.7,4,1.8,0
2015-09-10 05:30:59,5,62,19.8,76,9.3,1011.8,1016.7,1,1.7,2,1.8,0
2015-09-10 05:35:59,5,62,19.8,76,9.3,1011.8,1016.7,0.7,1.4,1,1.8,0
2015-09-10 05:40:59,5,62,19.7,76,9.4,1011.7,1016.6,1,1.4,2,1.8,0
2015-09-10 05:45:59,5,62,19.8,76,9.3,1011.6,1016.5,0.7,1.4,2,1.8,0
2015-09-10 05:50:59,5,62,19.7,76,9.4,1011.7,1016.6,1,2.4,2,1.8,0
2015-09-10 05:55:59,5,62,19.7,76,9.4,1011.6,1016.5,0.7,1.4,4,1.8,0
2015-09-10 06:00:59,5,62,19.8,76,9.6,1011.8,1016.7,0.7,1,2,1.8,0
2015-09-10 06:05:59,5,62,19.7,76,9.6,1011.8,1016.7,0.3,0.7,2,1.8,0
2015-09-10 06:10:59,5,62,19.7,76,9.7,1011.9,1016.8,0.3,0.7,4,1.8,0
2015-09-10 06:15:59,5,62,19.7,76,9.7,1012,1016.9,0,0,12,1.8,0
2015-09-10 06:20:59,5,62,19.7,76,9.7,1011.9,1016.8,0.7,1.4,4,1.8,0
2015-09-10 06:25:59,5,62,19.7,76,9.8,1011.9,1016.8,2,3.1,4,1.8,0
2015-09-10 06:30:59,5,62,19.7,76,9.9,1011.9,1016.8,1.4,2,4,1.8,0
2015-09-10 06:35:59,5,62,19.7,76,9.8,1011.9,1016.8,1.4,2,4,1.8,0
2015-09-10 06:40:59,5,62,19.7,75,10,1011.9,1016.8,1.4,2,4,1.8,0
2015-09-10 06:45:59,5,62,19.7,75,10.1,1012,1016.9,1,1.7,4,1.8,0
2015-09-10 06:50:59,5,62,19.7,75,10.3,1011.9,1016.8,1,2,12,1.8,0
2015-09-10 06:55:59,5,62,19.8,75,10.6,1011.8,1016.7,1.4,2.4,10,1.8,0
2015-09-10 07:00:59,5,62,19.8,75,10.8,1011.8,1016.7,1.4,2,2,1.8,0
2015-09-10 07:05:59,5,62,19.8,75,11,1011.6,1016.5,2.4,3.7,4,1.8,0
2015-09-10 07:10:59,5,62,19.7,75,11.3,1011.9,1016.8,2,4.1,12,1.8,0
2015-09-10 07:15:59,5,62,19.8,75,11.5,1011.9,1016.8,2.7,3.7,4,1.8,0
2015-09-10 07:20:59,5,62,19.8,75,11.9,1012,1016.9,2.4,3.7,4,1.8,0
2015-09-10 07:25:59,5,62,19.8,74,12.2,1012,1016.9,3.1,3.7,4,1.8,0
2015-09-10 07:30:59,5,62,19.9,73,12.1,1011.9,1016.8,3.4,4.8,4,1.8,0
2015-09-10 07:35:59,5,62,19.9,73,12.1,1011.8,1016.7,2,2.7,,1.8,0
2015-09-10 07:40:59,5,62,19.9,73,12.3,1011.8,1016.7,3.1,4.8,13,1.8,0
2015-09-10 07:45:59,5,62,19.9,73,12.4,1011.5,1016.4,3.7,5.1,4,1.8,0
2015-09-10 07:50:59,5,62,19.9,72,12.4,1011.6,1016.5,4.1,6.8,12,1.8,0
2015-09-10 07:55:59,5,61,20,72,12.6,1011.4,1016.3,4.1,5.1,4,1.8,0
2015-09-10 08:00:59,5,61,20,72,13,1011.3,1016.2,4.8,6.1,2,1.8,0
2015-09-10 08:05:59,5,61,20,72,13.4,1011.2,1016.1,5.1,6.5,4,2.1,0
2015-09-10 08:10:59,5,62,20,71,13.7,1011.1,1016,3.7,5.1,4,2.1,0
2015-09-10 08:15:59,5,62,20.1,71,13.8,1011.3,1016.2,3.1,4.4,0,2.1,0
2015-09-10 08:20:59,5,62,20.1,71,13.9,1011.2,1016.1,3.7,5.4,4,2.1,0
2015-09-10 08:25:59,5,62,20,70,14,1011.1,1016,3.7,5.4,4,2.1,0
2015-09-10 08:30:59,5,62,20.1,71,13.9,1011.2,1016.1,2.4,3.1,4,2.1,0
2015-09-10 08:35:59,5,62,20.1,70,14,1011.1,1016,2.4,3.4,4,2.1,0
2015-09-10 08:40:59,5,62,20.2,70,14.4,1011.2,1016.1,2.4,4.1,4,2.1,0
2015-09-10 08:45:59,5,62,20.2,69,14.4,1011.2,1016.1,4.1,5.8,4,2.1,0
2015-09-10 08:50:59,5,62,20.2,69,14.5,1011.2,1016.1,3.7,5.1,12,2.1,0
2015-09-10 08:55:59,5,62,20.2,69,14.5,1011.3,1016.2,4.8,7.5,4,2.1,0
2015-09-10 09:00:59,5,62,20.3,69,14.5,1011.2,1016.1,3.1,4.4,4,2.1,0
2015-09-10 09:05:59,5,62,20.3,69,14.6,1011.3,1016.2,3.1,3.7,4,2.1,0
2015-09-10 09:10:59,5,62,20.3,68,15,1011.1,1016,3.1,4.8,14,2.1,0
2015-09-10 09:15:59,5,62,20.3,68,15.2,1011.1,1016,3.7,5.1,4,2.1,0
2015-09-10 09:20:59,5,62,20.4,67,15.3,1011.3,1016.2,3.4,5.1,4,2.1,0
2015-09-10 09:25:59,5,62,20.4,67,15.2,1011.2,1016.1,2.7,4.8,4,2.1,0
2015-09-10 09:30:59,5,62,20.4,66,15.2,1011.2,1016.1,2.4,3.7,0,2.1,0
2015-09-10 09:35:59,5,62,20.4,66,15.5,1011.2,1016.1,3.1,5.1,4,2.1,0
2015-09-10 09:40:59,5,62,20.4,66,15.7,1011.1,1016,5.4,7.8,4,2.1,0
2015-09-10 09:45:59,5,62,20.5,65,15.6,1011.1,1016,5.8,6.8,4,2.1,0
2015-09-10 09:50:59,5,62,20.5,66,15.6,1011.1,1016,5.1,6.8,4,2.1,0
2015-09-10 09:55:59,5,62,20.5,65,15.6,1011.1,1016,3.4,5.4,2,2.1,0
2015-09-10 10:00:59,5,62,20.6,65,15.7,1011.2,1016.1,4.4,5.8,4,2.1,0
2015-09-10 10:05:59,5,62,20.5,66,15.6,1011,1015.9,4.1,5.8,4,2.1,0
2015-09-10 10:10:59,5,62,20.6,65,15.7,1010.9,1015.8,6.8,8.5,4,2.1,0
2015-09-10 10:15:59,5,62,20.6,65,15.6,1010.9,1015.8,4.8,6.8,2,2.1,0
2015-09-10 10:20:59,5,62,20.7,66,15.6,1010.8,1015.7,5.4,7.8,3,2.1,0
2015-09-10 10:25:59,5,62,20.7,66,15.6,1010.8,1015.7,6.1,8.5,4,2.1,0
2015-09-10 10:30:59,5,62,20.7,66,15.7,1010.7,1015.6,4.4,6.1,4,2.1,0
2015-09-10 10:35:59,5,62,20.7,65,16.2,1010.8,1015.7,4.8,6.1,4,2.1,0
2015-09-10 10:40:59,5,62,20.8,64,16.3,1010.5,1015.4,6.1,8.2,4,2.1,0
2015-09-10 10:45:59,5,62,20.8,64,16.1,1010.5,1015.4,5.1,6.5,4,2.1,0
2015-09-10 10:50:59,5,62,20.8,64,16,1010.6,1015.5,4.1,5.1,12,2.1,0
2015-09-10 10:55:59,5,62,20.9,64,16.5,1010.7,1015.6,4.1,7.1,4,2.1,0
2015-09-10 11:00:58,5,62,20.9,63,16.4,1010.8,1015.7,4.1,6.1,4,2.1,0
2015-09-10 11:05:58,5,62,20.9,63,16.4,1010.7,1015.6,4.4,5.8,0,2.1,0
2015-09-10 11:10:58,5,62,20.9,64,16.3,1010.6,1015.5,3.7,5.4,12,2.1,0
2015-09-10 11:15:58,5,62,20.9,64,16.3,1010.5,1015.4,4.4,6.8,2,2.1,0
2015-09-10 11:20:58,5,62,20.9,64,16.2,1010.5,1015.4,4.1,6.1,8,2.1,0
2015-09-10 11:25:58,5,62,20.9,64,16.6,1010.3,1015.2,3.4,5.4,4,2.1,0
2015-09-10 11:30:58,5,61,21,62,17.4,1010.3,1015.2,4.8,7.8,4,2.1,0
2015-09-10 11:35:58,5,61,21,62,17.4,1010.4,1015.3,5.8,7.8,4,2.1,0
2015-09-10 11:40:58,5,61,21,62,17.1,1010.3,1015.2,6.5,8.8,2,2.1,0
2015-09-10 11:45:58,5,61,21.1,61,17.4,1010.3,1015.2,6.1,7.8,4,2.1,0
2015-09-10 11:50:58,5,61,21.1,63,16.9,1010.3,1015.2,4.8,5.8,2,2.1,0
2015-09-10 11:55:58,5,61,21.1,63,16.5,1010.2,1015.1,5.4,8.2,4,2.1,0
2015-09-10 12:00:58,5,61,21.1,63,16.4,1010.3,1015.2,4.1,5.4,4,2.1,0
2015-09-10 12:05:58,5,61,21.1,64,16.4,1010.3,1015.2,3.7,5.4,4,2.1,0
2015-09-10 12:10:58,5,61,21.1,63,16.7,1010.2,1015.1,3.4,5.4,0,2.1,0
2015-09-10 12:15:58,5,61,21.1,63,16.7,1010.1,1015,2.7,4.4,0,2.1,0
2015-09-10 12:20:58,5,61,21.1,63,16.9,1010.2,1015.1,4.4,6.5,4,2.1,0
2015-09-10 12:25:58,5,62,21.1,63,16.9,1010,1014.9,3.1,4.8,4,2.1,0
2015-09-10 12:30:58,5,62,21.1,62,17,1009.9,1014.8,6.5,8.8,4,2.1,0
2015-09-10 12:35:58,5,62,21.1,62,17.1,1009.7,1014.6,5.1,6.8,4,2.1,0
2015-09-10 12:40:58,5,62,21.1,62,17.4,1009.6,1014.5,6.1,7.8,4,2.1,0
2015-09-10 12:45:58,5,62,21.2,61,17.7,1009.7,1014.6,5.4,8.8,2,2.1,0
2015-09-10 12:50:58,5,62,21.2,61,18,1009.5,1014.4,5.4,8.5,4,2.1,0
2015-09-10 12:55:58,5,62,21.3,60,18,1009.5,1014.4,4.8,6.5,2,2.1,0
2015-09-10 13:00:58,5,62,21.3,60,18.1,1009.4,1014.3,5.4,8.5,4,2.1,0
2015-09-10 13:05:58,5,62,21.3,59,18.4,1009.5,1014.4,5.4,7.1,4,2.1,0
2015-09-10 13:10:58,5,62,21.3,61,17.8,1009.4,1014.3,6.1,8.2,4,2.1,0
2015-09-10 13:15:58,5,62,21.3,61,17.8,1009.3,1014.2,6.1,7.8,4,2.1,0
2015-09-10 13:20:58,5,62,21.3,61,17.9,1009.4,1014.3,5.1,6.5,4,2.1,0
2015-09-10 13:25:58,5,62,21.3,60,18.1,1009.3,1014.2,6.1,7.1,4,2.1,0
2015-09-10 13:30:58,5,62,21.3,59,18.6,1009,1013.9,4.4,5.1,4,2.1,0
2015-09-10 13:35:58,5,62,21.6,58,18.9,1009.3,1014.2,5.4,7.5,4,2.1,0
2015-09-10 13:40:58,5,62,21.6,58,18.7,1009.1,1014,4.4,6.1,4,2.1,0
2015-09-10 13:45:58,5,62,21.6,58,18.8,1009.1,1014,5.4,7.1,12,2.1,0
2015-09-10 13:50:58,5,62,21.6,57,18.7,1009,1013.9,7.5,9.9,4,2.1,0
2015-09-10 13:55:58,5,62,21.6,57,18.6,1008.9,1013.8,5.1,6.8,4,2.1,0
2015-09-10 14:00:58,5,62,21.6,58,18.6,1008.7,1013.6,7.8,10.2,4,2.1,0
2015-09-10 14:05:58,5,62,21.6,57,18.7,1008.8,1013.7,4.4,6.1,4,2.1,0
2015-09-10 14:10:58,5,62,21.7,57,18.3,1008.8,1013.7,4.4,6.8,14,2.1,0
2015-09-10 14:15:58,5,61,21.6,58,18.2,1008.7,1013.6,5.1,7.8,12,2.1,0
2015-09-10 14:20:58,5,61,21.6,58,18.1,1008.8,1013.7,3.7,5.1,4,2.1,0
2015-09-10 14:25:58,5,61,21.6,59,18.1,1008.5,1013.4,4.4,7.1,4,2.1,0
2015-09-10 14:30:58,5,61,21.7,58,18.3,1008.6,1013.5,4.8,6.1,4,2.1,0
2015-09-10 14:35:58,5,61,21.6,58,18.3,1008.6,1013.5,5.1,6.5,4,2.1,0
2015-09-10 14:40:58,5,61,21.6,57,18.3,1008.4,1013.3,6.1,7.8,13,2.1,0
2015-09-10 14:45:58,5,61,21.6,58,18.3,1008.4,1013.3,4.8,7.1,4,2.1,0
2015-09-10 14:50:58,5,61,21.6,58,18.3,1008.5,1013.4,6.1,8.8,4,2.1,0
2015-09-10 14:55:58,5,61,21.6,58,18.2,1008.5,1013.4,5.1,7.1,4,2.1,0
2015-09-10 15:00:58,5,61,21.6,58,18.2,1008.3,1013.2,6.1,8.5,4,2.1,0
2015-09-10 15:05:58,5,62,21.6,58,18.2,1008.4,1013.3,5.4,8.2,4,2.1,0
2015-09-10 15:10:58,5,62,21.6,58,18.4,1008.3,1013.2,4.1,6.1,4,2.1,0
2015-09-10 15:15:58,5,62,21.6,57,18.6,1008.3,1013.2,5.8,7.5,4,2.1,0
2015-09-10 15:20:58,5,62,21.7,58,18.5,1008.4,1013.3,5.4,6.8,0,2.1,0
2015-09-10 15:25:58,5,62,21.7,58,18.5,1008.4,1013.3,5.1,6.1,4,2.1,0
2015-09-10 15:30:58,5,62,21.7,58,18.5,1008.5,1013.4,2.7,4.4,4,2.1,0
2015-09-10 15:35:58,5,62,21.7,57,18.4,1008.3,1013.2,3.7,6.1,4,2.1,0
2015-09-10 15:40:58,5,62,21.7,57,18.3,1008.4,1013.3,3.7,5.1,13,2.1,0
2015-09-10 15:45:58,5,62,21.7,58,18.2,1008.3,1013.2,4.4,5.4,12,2.1,0
2015-09-10 15:50:58,5,62,21.7,58,18.1,1008.3,1013.2,3.7,5.8,4,2.1,0
2015-09-10 15:55:58,5,62,21.7,58,18,1008.2,1013.1,3.4,5.1,4,2.1,0
2015-09-10 16:00:58,5,62,21.7,60,17.9,1008.3,1013.2,4.4,7.1,4,2.1,0
2015-09-10 16:05:58,5,62,21.7,59,17.8,1008.2,1013.1,5.8,7.8,4,2.1,0
2015-09-10 16:10:58,5,62,21.7,60,17.8,1008,1012.9,4.4,6.8,4,2.1,0
2015-09-10 16:15:58,5,62,21.6,60,17.7,1007.9,1012.8,4.8,6.8,4,2.1,0
2015-09-10 16:20:58,5,62,21.6,61,17.6,1007.9,1012.8,5.8,8.5,4,2.1,0
2015-09-10 16:25:58,5,62,21.6,61,17.5,1007.7,1012.6,5.8,9.5,12,2.1,0
2015-09-10 16:30:58,5,62,21.6,60,17.5,1007.6,1012.5,5.1,6.5,8,2.1,0
2015-09-10 16:35:58,5,62,21.7,60,17.6,1007.4,1012.3,5.1,7.1,4,2.1,0
2015-09-10 16:40:58,5,62,21.7,59,17.8,1007.3,1012.2,3.4,5.8,13,2.1,0
2015-09-10 16:45:58,5,62,21.9,59,17.8,1007.5,1012.4,4.1,6.1,13,2.1,0
2015-09-10 16:50:58,5,62,21.9,58,17.7,1007.5,1012.4,6.1,8.2,4,2.1,0
2015-09-10 16:55:58,5,61,21.9,58,17.6,1007.4,1012.3,6.5,8.8,4,2.1,0
2015-09-10 17:00:58,5,61,21.9,58,17.5,1007.4,1012.3,5.4,6.8,4,2.1,0
2015-09-10 17:05:58,5,61,21.7,59,17.4,1007.3,1012.2,7.1,8.8,4,2.1,0
2015-09-10 17:10:58,5,61,21.7,59,17.4,1007.4,1012.3,5.4,7.8,4,2.1,0
2015-09-10 17:15:58,5,61,21.6,60,17.3,1007.5,1012.4,3.7,5.8,4,2.1,0
2015-09-10 17:20:58,5,61,21.6,60,17.2,1007.5,1012.4,5.4,8.8,4,2.1,0
2015-09-10 17:25:58,5,61,21.6,59,17.2,1007.5,1012.4,5.1,8.2,4,2.1,0
2015-09-10 17:30:58,5,61,21.6,60,17.1,1007.4,1012.3,5.1,6.8,4,2.1,0
2015-09-10 17:35:58,5,61,21.6,60,17,1007.3,1012.2,5.8,7.5,15,2.1,0
2015-09-10 17:40:58,5,61,21.6,62,16.9,1007.3,1012.2,4.4,6.8,4,2.1,0
2015-09-10 17:45:58,5,61,21.6,62,16.8,1007.3,1012.2,3.7,4.8,12,2.1,0
2015-09-10 17:50:58,5,61,21.6,62,16.7,1007.4,1012.3,4.4,5.4,4,2.1,0
2015-09-10 17:55:58,5,61,21.3,62,16.6,1007.5,1012.4,3.4,5.1,4,2.1,0
2015-09-10 18:00:58,5,61,21.3,62,16.6,1007.5,1012.4,4.4,6.1,4,2.1,0
2015-09-10 18:05:58,5,61,21.3,62,16.5,1007.5,1012.4,4.1,6.1,4,2.1,0
2015-09-10 18:10:58,5,62,21.3,62,16.4,1007.4,1012.3,3.4,5.1,4,2.1,0
2015-09-10 18:15:58,5,62,21.3,63,16.3,1007.3,1012.2,3.1,3.7,4,2.1,0
2015-09-10 18:20:58,5,62,21.3,63,16.3,1007.5,1012.4,3.1,4.8,4,2.1,0
2015-09-10 18:25:58,5,62,21.3,63,16.2,1007.4,1012.3,4.4,5.8,13,2.1,0
2015-09-10 18:30:58,5,62,21.3,63,16.1,1007.4,1012.3,4.1,6.1,4,2.1,0
2015-09-10 18:35:58,5,62,21.3,63,16.1,1007.3,1012.2,3.1,4.8,14,2.1,0
2015-09-10 18:40:58,5,62,21.3,63,16,1007.3,1012.2,3.7,4.8,2,2.1,0
2015-09-10 18:45:58,5,62,21.3,64,15.9,1007.2,1012.1,3.1,4.8,4,2.1,0
2015-09-10 18:50:58,5,62,21.3,64,15.8,1007.1,1012,4.8,8.2,4,2.1,0
2015-09-10 18:55:58,5,62,21.3,65,15.8,1007.2,1012.1,4.1,5.1,4,2.1,0
2015-09-10 19:00:58,5,62,21.2,65,15.7,1007.2,1012.1,3.7,5.4,4,2.1,0
2015-09-10 19:05:58,5,62,21.2,65,15.6,1007.2,1012.1,3.4,5.4,4,2.1,0
2015-09-10 19:10:58,5,62,21.2,65,15.4,1007.2,1012.1,3.1,4.1,4,2.1,0
2015-09-10 19:15:58,5,62,21.2,65,15.4,1007.1,1012,3.7,5.1,4,2.1,0
2015-09-10 19:20:58,5,62,21.2,66,15.4,1007.1,1012,3.4,4.1,4,2.1,0
2015-09-10 19:25:58,5,62,21.2,66,15.3,1007.1,1012,4.1,5.4,4,2.1,0
2015-09-10 19:30:58,5,62,21.1,65,15.4,1007.2,1012.1,5.1,6.8,2,2.1,0
2015-09-10 19:35:58,5,62,21.1,65,15.5,1007.1,1012,4.4,6.8,4,2.1,0
2015-09-10 19:40:58,5,62,21.1,65,15.6,1007.1,1012,3.7,5.4,4,2.1,0
2015-09-10 19:45:58,5,62,21.1,65,15.6,1007,1011.9,4.1,5.8,4,2.1,0
2015-09-10 19:50:58,5,62,21.1,65,15.5,1007.1,1012,5.1,8.2,0,2.1,0
2015-09-10 19:55:58,5,62,21.1,65,15.6,1007,1011.9,3.7,5.1,4,2.1,0
2015-09-10 20:00:58,5,62,21.1,65,15.5,1007.1,1012,5.1,7.1,4,2.1,0
2015-09-10 20:05:58,5,63,21.1,65,15.5,1007,1011.9,3.1,5.1,3,2.1,0
2015-09-10 20:10:58,5,63,21.1,65,15.4,1007.1,1012,4.1,5.4,4,2.1,0
2015-09-10 20:15:58,5,63,21.1,66,15.3,1007,1011.9,3.4,4.4,,2.1,0
2015-09-10 20:20:58,5,63,21.2,66,15.2,1007,1011.9,3.7,4.8,4,2.1,0
2015-09-10 20:25:58,5,63,21.2,66,15.2,1006.9,1011.8,3.1,6.5,4,2.1,0
2015-09-10 20:30:58,5,63,21.3,66,15.3,1006.9,1011.8,4.1,5.8,4,2.1,0
2015-09-10 20:35:58,5,63,21.3,66,15.4,1006.8,1011.7,2.7,4.1,4,2.1,0
2015-09-10 20:40:58,5,63,21.3,66,15.3,1006.9,1011.8,3.1,4.4,4,2.1,0
2015-09-10 20:45:58,5,63,21.3,66,15.2,1006.9,1011.8,2.7,4.1,14,2.1,0
2015-09-10 20:50:58,5,63,21.3,66,15.1,1006.9,1011.8,2.4,3.1,4,2.1,0
2015-09-10 20:55:58,5,63,21.6,66,15.1,1006.8,1011.7,3.1,4.1,12,2.1,0
2015-09-10 21:00:58,5,63,21.6,66,15.1,1006.6,1011.5,3.1,4.4,2,2.1,0
2015-09-10 21:05:58,5,63,21.5,66,15.1,1006.7,1011.6,2.4,3.7,4,2.1,0
2015-09-10 21:10:58,5,63,21.6,66,15,1006.7,1011.6,3.1,4.1,4,2.1,0
2015-09-10 21:15:58,5,63,21.6,66,15,1006.7,1011.6,3.1,5.4,4,2.1,0
2015-09-10 21:20:58,5,63,21.7,66,15.1,1006.6,1011.5,2.4,3.1,2,2.1,0
2015-09-10 21:25:58,5,63,21.8,66,15.2,1006.5,1011.4,3.1,4.1,4,2.1,0
2015-09-10 21:30:58,5,63,21.8,66,15.3,1006.6,1011.5,2.4,3.4,4,2.1,0
2015-09-10 21:35:58,5,63,21.9,66,15.3,1006.2,1011.1,4.1,5.4,14,2.1,0
2015-09-10 21:40:58,5,63,21.9,65,15.4,1006.3,1011.2,4.1,5.4,4,2.1,0
2015-09-10 21:45:58,5,63,21.9,65,15.4,1006.2,1011.1,2.7,4.4,4,2.1,0
2015-09-10 21:50:58,5,61,22,65,15.5,1006.3,1011.2,3.7,5.1,4,2.1,0
2015-09-10 21:55:58,5,61,22,65,15.4,1006.3,1011.2,4.8,6.5,3,2.1,0
2015-09-10 22:00:58,5,61,22,65,15.4,1006.1,1011,4.1,6.1,4,2.1,0
2015-09-10 22:05:58,5,61,22.1,65,15.4,1005.9,1010.8,3.4,5.4,8,2.1,0
2015-09-10 22:10:58,5,61,22.1,65,15.3,1006,1010.9,4.1,5.4,4,2.1,0
2015-09-10 22:15:58,5,61,22.1,65,15.3,1005.9,1010.8,3.1,5.4,2,2.1,0
2015-09-10 22:20:58,5,61,22.1,65,15.2,1005.9,1010.8,3.4,5.4,4,2.1,0
2015-09-10 22:25:58,5,61,22.1,65,15.2,1005.9,1010.8,3.4,4.8,4,2.1,0
2015-09-10 22:30:58,5,61,22,65,15.2,1005.8,1010.7,5.1,7.8,4,2.1,0
2015-09-10 22:35:58,5,61,22,65,15.1,1006,1010.9,4.8,7.5,14,2.1,0
2015-09-10 22:40:58,5,62,21.9,65,15.1,1005.9,1010.8,5.1,6.5,4,2.1,0
2015-09-10 22:45:58,5,62,21.9,65,15.1,1005.9,1010.8,4.1,4.8,4,2.1,0
2015-09-10 22:50:58,5,62,21.7,65,15.1,1005.8,1010.7,4.4,7.8,14,2.1,0
2015-09-10 22:55:58,5,62,21.7,65,15.1,1005.8,1010.7,4.8,7.8,4,2.1,0
2015-09-10 23:00:58,5,62,21.7,65,15.1,1005.9,1010.8,5.1,7.1,4,2.1,0
2015-09-10 23:05:58,5,62,21.6,65,15.2,1006,1010.9,4.1,5.8,4,2.1,0
2015-09-10 23:10:58,5,62,21.6,65,15.2,1006.1,1011,4.4,6.5,4,2.1,0
2015-09-10 23:15:58,5,62,21.6,65,15.2,1006.1,1011,3.1,4.1,2,2.1,0
2015-09-10 23:20:58,5,62,21.3,65,15.1,1006,1010.9,4.4,6.5,4,2.1,0
2015-09-10 23:25:58,5,62,21.3,65,15.1,1006.3,1011.2,4.1,5.4,4,2.1,0
2015-09-10 23:30:58,5,62,21.3,66,15,1006.1,1011,4.1,4.8,4,2.1,0
2015-09-10 23:35:58,5,62,21.3,66,15,1006.2,1011.1,3.7,4.4,4,2.1,0
2015-09-10 23:40:58,5,62,21.3,67,14.9,1006.1,1011,2.7,4.4,14,2.1,0
2015-09-10 23:45:58,5,62,21.3,67,14.8,1006.1,1011,2.4,3.7,4,2.1,0
2015-09-10 23:50:58,5,62,21.3,67,14.7,1006.2,1011.1,2.4,3.1,2,2.1,0
2015-09-10 23:55:58,5,62,21.3,68,14.7,1006.1,1011,1.7,2.7,4,2.1,0
