2015-09-09 00:04:59,5,58,21.3,72,11.4,1016.5,1021.4,2,3.1,4,1.8,0
2015-09-09 00:10:59,6,58,21.3,72,11.4,1016.5,1021.4,0.3,1.4,2,1.8,0
2015-09-09 00:15:59,5,58,21.3,72,11.5,1016.5,1021.4,1,2,2,1.8,0
2015-09-09 00:20:59,5,58,21.3,72,11.5,1016.5,1021.4,2.4,3.1,4,1.8,0
2015-09-09 00:26:59,6,58,21.2,72,11.5,1016.4,1021.3,2,3.1,4,1.8,0
2015-09-09 00:31:59,5,58,21.2,72,11.5,1016.4,1021.3,2,3.1,4,1.8,0
2015-09-09 00:36:59,5,58,21.2,72,11.5,1016.4,1021.3,1.7,2.7,0,1.8,0
2015-09-09 00:42:59,6,59,21.2,72,11.5,1016.4,1021.3,1.4,2,4,1.8,0
2015-09-09 00:47:59,5,59,21.1,72,11.5,1016.4,1021.3,1.4,2,4,1.8,0
2015-09-09 00:52:59,5,59,21.1,72,11.5,1016.2,1021.1,2.7,3.7,4,1.8,0
2015-09-09 00:58:59,6,59,21.1,73,11.6,1016.2,1021.1,2.4,3.1,12,1.8,0
2015-09-09 01:03:59,5,59,21.1,73,11.7,1016.2,1021.1,2.4,3.1,2,1.8,0
2015-09-09 01:08:59,5,59,21,73,11.7,1016.1,1021,2.4,3.7,8,1.8,0
2015-09-09 01:14:59,6,59,21.1,73,11.8,1016,1020.9,2.4,3.1,4,1.8,0
2015-09-09 01:19:59,5,59,21.1,73,11.8,1016,1020.9,2.4,3.1,4,1.8,0
2015-09-09 01:24:59,5,59,21,73,11.8,1015.9,1020.8,1.7,3.1,4,1.8,0
2015-09-09 01:30:59,6,59,21,73,11.9,1015.9,1020.8,2.7,3.7,4,1.8,0
2015-09-09 01:35:59,5,59,21,73,11.9,1015.8,1020.7,2,3.4,4,1.8,0
2015-09-09 01:40:59,5,59,21,73,11.9,1015.8,1020.7,2.4,3.7,4,1.8,0
2015-09-09 01:45:59,5,59,21,73,11.9,1015.9,1020.8,2.7,4.1,0,1.8,0
2015-09-09 01:50:59,5,60,20.9,73,11.9,1015.6,1020.5,1.7,2.7,4,1.8,0
2015-09-09 01:55:59,5,60,20.9,73,11.9,1015.7,1020.6,2.4,3.1,2,1.8,0
2015-09-09 02:00:59,5,60,20.9,73,11.9,1015.7,1020.6,2,3.1,4,1.8,0
2015-09-09 02:05:59,5,60,20.9,73,11.9,1015.6,1020.5,2.4,4.1,2,1.8,0
2015-09-09 02:10:59,5,60,20.9,73,11.9,1015.5,1020.4,2,3.1,12,1.8,0
2015-09-09 02:15:59,5,60,20.9,73,11.9,1015.6,1020.5,2.4,3.1,4,1.8,0
2015-09-09 02:20:59,5,60,20.9,73,11.9,1015.4,1020.3,2,2.7,2,1.8,0
2015-09-09 02:25:59,5,60,20.9,73,11.9,1015.4,1020.3,3.1,4.1,4,1.8,0
2015-09-09 02:30:59,5,60,20.9,72,12,1015.3,1020.2,3.7,5.4,4,1.8,0
2015-09-09 02:35:59,5,60,20.8,72,12,1015.2,1020.1,3.1,5.1,13,1.8,0
2015-09-09 02:40:59,5,60,20.9,72,12,1015.3,1020.2,3.4,4.4,4,1.8,0
2015-09-09 02:45:59,5,60,20.8,73,11.9,1015.2,1020.1,2.7,3.7,4,1.8,0
2015-09-09 02:50:59,5,60,20.8,73,11.9,1015.1,1020,3.7,4.1,4,1.8,0
2015-09-09 02:55:59,5,60,20.8,73,11.9,1015.2,1020.1,3.7,5.1,2,1.8,0
2015-09-09 03:00:59,5,60,20.8,72,12.1,1015.3,1020.2,2.7,4.4,4,1.8,0
2015-09-09 03:05:59,5,60,20.8,72,12.1,1015.2,1020.1,2.4,3.7,4,1.8,0
2015-09-09 03:10:59,5,60,20.8,72,12.1,1015.3,1020.2,2.4,3.4,4,1.8,0
2015-09-09 03:15:59,5,60,20.8,72,12.2,1015.1,1020,3.1,3.7,4,1.8,0
2015-09-09 03:20:59,5,60,20.8,72,12.2,1015,1019.9,2,2.7,4,1.8,0
2015-09-09 03:25:59,5,60,20.7,72,12.2,1015.1,1020,2,3.1,4,1.8,0
2015-09-09 03:30:59,5,60,20.8,72,12.2,1015,1019.9,2.7,3.4,4,1.8,0
2015-09-09 03:35:59,5,60,20.8,72,12.1,1015.1,1020,2.4,3.4,4,1.8,0
2015-09-09 03:40:59,5,60,20.8,72,12.1,1015,1019.9,1.7,2,4,1.8,0
2015-09-09 03:45:59,5,60,20.7,72,12.1,1015,1019.9,1.4,2.4,4,1.8,0
2015-09-09 03:50:59,5,60,20.7,72,12,1015,1019.9,1.4,2,2,1.8,0
2015-09-09 03:55:59,5,60,20.7,72,12,1014.8,1019.7,2.7,4.4,2,1.8,0
2015-09-09 04:00:59,5,60,20.7,73,11.9,1014.7,1019.6,1,2,4,1.8,0
2015-09-09 04:05:59,5,60,20.7,73,11.8,1014.7,1019.6,1.4,2,2,1.8,0
2015-09-09 04:10:59,5,60,20.7,73,11.7,1014.6,1019.5,1.4,2.4,2,1.8,0
2015-09-09 04:15:59,5,60,20.6,73,11.5,1014.8,1019.7,1,2,4,1.8,0
2015-09-09 04:20:59,5,60,20.6,73,11.4,1014.7,1019.6,1.4,2.4,4,1.8,0
2015-09-09 04:25:59,5,60,20.6,73,11.2,1014.7,1019.6,2.4,3.4,4,1.8,0
2015-09-09 04:30:59,5,60,20.6,73,11.1,1014.5,1019.4,2,2.7,4,1.8,0
2015-09-09 04:35:59,5,60,20.6,73,11.1,1014.5,1019.4,1.7,2,1,1.8,0
2015-09-09 04:40:59,5,60,20.6,73,11.1,1014.5,1019.4,1.7,2.4,4,1.8,0
2015-09-09 04:45:59,5,60,20.6,73,11.2,1014.4,1019.3,1.7,3.1,12,1.8,0
2015-09-09 04:50:59,5,60,20.6,73,11.3,1014.3,1019.2,2,3.1,4,1.8,0
2015-09-09 04:55:59,5,60,20.6,73,11.4,1014.3,1019.2,2.4,3.7,2,1.8,0
2015-09-09 05:00:59,5,60,20.6,73,11.4,1014.3,1019.2,1.7,2.4,4,1.8,0
2015-09-09 05:05:59,5,60,20.6,73,11.4,1014.2,1019.1,2.7,3.7,1,1.8,0
2015-09-09 05:10:59,5,60,20.6,73,11.3,1014.4,1019.3,1.4,2,2,1.8,0
2015-09-09 05:15:59,5,60,20.6,73,11.3,1014.4,1019.3,1.7,3.1,2,1.8,0
2015-09-09 05:20:59,5,60,20.6,73,11.3,1014.3,1019.2,1.7,2.7,0,1.8,0
2015-09-09 05:25:59,5,60,20.6,73,11.2,1014,1018.9,0.7,1,4,1.8,0
2015-09-09 05:30:59,5,60,20.5,73,11.1,1014.3,1019.2,1,1.7,4,1.8,0
2015-09-09 05:35:59,5,61,20.6,73,11,1014.2,1019.1,1.4,2.4,4,1.8,0
2015-09-09 05:40:59,5,61,20.5,74,10.9,1014,1018.9,2.4,3.4,4,1.8,0
2015-09-09 05:45:59,5,61,20.5,74,10.7,1013.9,1018.8,1.7,2.4,2,1.8,0
2015-09-09 05:50:59,5,61,20.5,74,10.7,1014.1,1019,1.7,2.7,2,1.8,0
2015-09-09 05:55:59,5,61,20.5,74,10.7,1014.1,1019,1.7,2,0,1.8,0
2015-09-09 06:00:58,5,61,20.5,75,10.8,1014.2,1019.1,2,2.7,2,1.8,0
2015-09-09 06:05:58,5,61,20.5,75,10.9,1014.4,1019.3,2,3.7,2,1.8,0
2015-09-09 06:10:58,5,61,20.5,74,11,1014.4,1019.3,1.7,2.7,0,1.8,0
2015-09-09 06:15:58,5,61,20.5,74,11,1014.3,1019.2,2.4,3.4,4,1.8,0
2015-09-09 06:20:58,5,61,20.5,74,11,1014.2,1019.1,2.7,4.8,2,1.8,0
2015-09-09 06:25:58,5,61,20.4,75,10.9,1014.3,1019.2,2.7,4.4,3,1.8,0
2015-09-09 06:30:58,5,61,20.4,75,10.9,1014.4,1019.3,2.4,3.4,4,1.8,0
2015-09-09 06:35:58,5,61,20.4,75,10.9,1014.3,1019.2,2,3.4,4,1.8,0
2015-09-09 06:40:58,5,61,20.4,74,11,1014.5,1019.4,2.4,4.1,4,1.8,0
2015-09-09 06:45:58,5,61,20.4,74,11,1014.6,1019.5,2,3.4,4,1.8,0
2015-09-09 06:50:58,5,61,20.4,74,11.1,1014.6,1019.5,2.4,3.4,2,1.8,0
2015-09-09 06:55:58,5,61,20.4,74,11.1,1014.6,1019.5,2.7,3.4,4,1.8,0
2015-09-09 07:00:58,5,61,20.4,74,11.2,1014.4,1019.3,3.1,5.4,4,1.8,0
2015-09-09 07:05:58,5,61,20.4,74,11.3,1014.4,1019.3,3.4,3.7,4,1.8,0
2015-09-09 07:10:58,5,61,20.4,74,11.5,1014.5,1019.4,2,3.7,12,1.8,0
2015-09-09 07:15:58,5,61,20.4,74,11.7,1014.3,1019.2,2.7,4.1,0,1.8,0
2015-09-09 07:20:58,5,61,20.4,74,11.8,1014.4,1019.3,3.1,4.4,4,1.8,0
2015-09-09 07:25:58,5,61,20.4,73,11.9,1014.4,1019.3,2.4,4.8,4,1.8,0
2015-09-09 07:30:58,5,61,20.4,72,12,1014.3,1019.2,2.7,3.4,14,1.8,0
2015-09-09 07:35:58,5,61,20.5,72,12,1014.5,1019.4,3.4,5.1,4,1.8,0
2015-09-09 07:40:58,5,61,20.5,72,12,1014.4,1019.3,3.4,4.4,4,1.8,0
2015-09-09 07:45:58,5,61,20.5,72,12.1,1014.4,1019.3,3.7,5.4,4,1.8,0
2015-09-09 07:50:58,5,61,20.5,72,12.2,1014.4,1019.3,3.1,3.7,4,1.8,0
2015-09-09 07:55:58,5,61,20.5,72,12.3,1014.6,1019.5,2.7,3.4,2,1.8,0
2015-09-09 08:00:58,5,61,20.5,72,12.5,1014.5,1019.4,2.4,3.4,4,1.8,0
2015-09-09 08:05:58,5,61,20.5,72,12.5,1014.6,1019.5,2.4,3.7,2,1.8,0
2015-09-09 08:10:58,5,61,20.5,72,12.7,1014.5,1019.4,2,3.4,2,1.8,0
2015-09-09 08:15:58,5,61,20.5,71,12.7,1014.6,1019.5,2.4,3.1,4,1.8,0
2015-09-09 08:20:58,5,61,20.5,71,12.8,1014.7,1019.6,3.1,4.4,2,1.8,0
2015-09-09 08:25:58,5,61,20.5,71,12.9,1014.7,1019.6,2.4,4.4,2,1.8,0
2015-09-09 08:30:58,5,61,20.5,71,12.9,1014.6,1019.5,1.7,2.7,2,1.8,0
2015-09-09 08:35:58,5,61,20.6,71,12.9,1014.4,1019.3,2.4,3.7,4,1.8,0
2015-09-09 08:40:58,5,61,20.6,70,13,1014.5,1019.4,2.4,3.4,4,1.8,0
2015-09-09 08:45:58,5,61,20.6,70,13.4,1014.3,1019.2,2,2.7,2,1.8,0
2015-09-09 08:50:58,5,60,20.6,69,13.8,1014.3,1019.2,3.7,6.5,4,1.8,0
2015-09-09 08:55:58,5,60,20.6,68,13.9,1014.1,1019,3.4,5.4,4,1.8,0
2015-09-09 09:00:58,5,60,20.5,68,13.9,1014.1,1019,3.4,4.4,14,1.8,0
2015-09-09 09:05:58,5,60,20.6,68,13.8,1014.3,1019.2,3.1,4.1,2,1.8,0
2015-09-09 09:10:58,5,61,20.6,68,14,1014.1,1019,3.7,4.8,4,1.8,0
2015-09-09 09:15:58,5,61,20.6,68,13.9,1014.3,1019.2,3.7,5.1,0,1.8,0
2015-09-09 09:20:58,5,61,20.6,68,13.9,1014.4,1019.3,3.7,5.4,4,1.8,0
2015-09-09 09:25:58,5,61,20.7,67,14,1014.4,1019.3,3.1,4.1,4,1.8,0
2015-09-09 09:30:58,5,61,20.7,67,14,1014.4,1019.3,2.7,4.1,2,1.8,0
2015-09-09 09:35:58,5,61,20.7,67,14,1014.3,1019.2,3.4,4.8,2,1.8,0
2015-09-09 09:40:58,5,61,20.7,68,13.9,1014.3,1019.2,3.1,4.4,4,1.8,0
2015-09-09 09:45:58,5,61,20.7,68,13.9,1014.4,1019.3,3.4,5.4,4,1.8,0
2015-09-09 09:50:58,5,61,20.7,68,13.9,1014.3,1019.2,2.7,3.4,2,1.8,0
2015-09-09 09:55:58,5,61,20.7,67,14,1014.5,1019.4,2,3.1,4,1.8,0
2015-09-09 10:00:58,5,61,20.8,67,14.1,1014.4,1019.3,2,2.7,0,1.8,0
2015-09-09 10:05:58,5,61,20.8,67,14.1,1014.4,1019.3,3.1,3.7,4,1.8,0
2015-09-09 10:10:58,5,61,20.8,67,14,1014.4,1019.3,3.4,4.4,4,1.8,0
2015-09-09 10:15:58,5,61,20.7,67,14.1,1014.2,1019.1,1.7,2.4,4,1.8,0
2015-09-09 10:20:58,5,61,20.8,68,14.2,1014.2,1019.1,3.1,4.4,4,1.8,0
2015-09-09 10:25:58,5,61,20.8,67,14.3,1014.2,1019.1,2.7,4.4,2,1.8,0
2015-09-09 10:30:58,5,60,20.8,67,14.4,1014.1,1019,3.7,4.8,15,1.8,0
2015-09-09 10:35:58,5,60,20.8,67,14.5,1014,1018.9,3.1,4.4,4,1.8,0
2015-09-09 10:40:58,5,60,20.8,66,15,1014.1,1019,3.1,3.7,4,1.8,0
2015-09-09 10:45:58,5,60,20.8,65,15.7,1014,1018.9,4.4,6.1,4,1.8,0
2015-09-09 10:50:58,5,60,20.8,65,15.6,1014,1018.9,4.4,6.1,4,1.8,0
2015-09-09 10:55:58,5,60,20.8,64,15.4,1014,1018.9,3.1,4.8,4,1.8,0
2015-09-09 11:00:58,5,60,20.7,64,15.4,1013.9,1018.8,5.4,6.8,4,1.8,0
2015-09-09 11:05:58,5,60,20.8,64,15.6,1013.7,1018.6,6.1,7.8,14,1.8,0
2015-09-09 11:10:58,5,60,20.7,64,15.5,1013.8,1018.7,4.8,7.1,4,1.8,0
2015-09-09 11:15:58,5,60,20.7,64,15.6,1013.8,1018.7,3.7,4.8,4,1.8,0
2015-09-09 11:20:58,5,60,20.7,64,15.7,1013.7,1018.6,3.7,5.4,4,1.8,0
2015-09-09 11:25:58,5,60,20.8,64,15.6,1013.7,1018.6,4.4,5.8,12,1.8,0
2015-09-09 11:30:58,5,60,20.8,64,15.7,1013.5,1018.4,3.4,4.8,,1.8,0
2015-09-09 11:35:58,5,61,20.8,63,15.8,1013.6,1018.5,4.8,6.5,14,1.8,0
2015-09-09 11:40:58,5,61,20.8,62,16,1013.6,1018.5,5.1,8.2,4,1.8,0
2015-09-09 11:45:58,5,61,20.9,62,16.2,1013.5,1018.4,4.4,7.1,4,1.8,0
2015-09-09 11:50:58,5,61,20.9,62,16.1,1013.5,1018.4,3.4,4.8,4,1.8,0
2015-09-09 11:55:58,5,61,20.9,62,16.4,1013.5,1018.4,6.1,8.5,4,1.8,0
2015-09-09 12:00:58,5,61,20.9,60,16.4,1013.5,1018.4,5.1,6.8,4,1.8,0
2015-09-09 12:05:58,5,60,21,60,16.3,1013.4,1018.3,4.4,5.8,3,1.8,0
2015-09-09 12:10:58,5,60,21,60,16.3,1013.5,1018.4,4.4,6.5,4,1.8,0
2015-09-09 12:15:58,5,60,21,60,16.3,1013.4,1018.3,5.1,6.5,4,1.8,0
2015-09-09 12:20:58,5,60,21.1,60,16.3,1013.4,1018.3,3.7,5.8,4,1.8,0
2015-09-09 12:25:58,5,60,21.1,59,16.3,1013.4,1018.3,4.1,5.4,4,1.8,0
2015-09-09 12:30:58,5,60,21.1,59,16.1,1013.2,1018.1,4.8,6.1,4,1.8,0
2015-09-09 12:35:58,5,60,21.1,59,16.3,1013.1,1018,5.8,8.2,4,1.8,0
2015-09-09 12:40:58,5,60,21.1,58,16.3,1013.3,1018.2,4.1,7.1,4,1.8,0
2015-09-09 12:45:58,5,60,21.2,58,16.4,1013.3,1018.2,2.7,4.4,15,1.8,0
2015-09-09 12:50:58,5,60,21.2,57,16.5,1013.1,1018,4.1,5.8,0,1.8,0
2015-09-09 12:55:58,5,60,21.2,56,16.5,1013.2,1018.1,5.1,7.8,4,1.8,0
2015-09-09 13:00:58,5,60,21.2,56,16.7,1013,1017.9,5.4,8.5,4,1.8,0
2015-09-09 13:05:58,5,60,21.3,55,16.8,1013.1,1018,3.7,5.8,2,1.8,0
2015-09-09 13:10:58,5,60,21.3,55,16.9,1013,1017.9,4.8,7.1,4,1.8,0
2015-09-09 13:15:58,5,60,21.3,56,16.9,1013.1,1018,5.1,8.5,4,1.8,0
2015-09-09 13:20:58,5,60,21.3,56,16.8,1013,1017.9,5.1,7.5,4,1.8,0
2015-09-09 13:25:58,5,60,21.3,55,16.7,1013,1017.9,3.4,5.4,4,1.8,0
2015-09-09 13:30:58,5,60,21.3,56,16.7,1013,1017.9,3.7,5.8,4,1.8,0
2015-09-09 13:35:58,5,60,21.3,55,16.7,1012.9,1017.8,4.4,5.4,2,1.8,0
2015-09-09 13:40:58,5,60,21.3,56,16.6,1012.9,1017.8,3.4,4.8,4,1.8,0
2015-09-09 13:45:58,5,60,21.3,55,16.6,1012.7,1017.6,3.7,5.1,4,1.8,0
2015-09-09 13:50:58,5,60,21.3,56,16.7,1012.8,1017.7,2.7,5.4,2,1.8,0
2015-09-09 13:55:58,5,59,21.3,56,16.7,1012.7,1017.6,3.7,7.5,4,1.8,0
2015-09-09 14:00:58,5,59,21.3,56,16.8,1012.9,1017.8,3.1,5.4,4,1.8,0
2015-09-09 14:05:58,5,59,21.3,56,16.9,1012.8,1017.7,2.7,4.1,4,1.8,0
2015-09-09 14:10:58,5,58,21.3,54,17,1012.8,1017.7,4.8,6.1,2,1.8,0
2015-09-09 14:15:58,5,58,21.3,54,16.9,1012.8,1017.7,3.1,5.1,4,1.8,0
2015-09-09 14:20:58,5,57,21.3,54,16.9,1012.6,1017.5,5.4,7.5,4,1.8,0
2015-09-09 14:25:58,5,56,21.3,55,16.9,1012.7,1017.6,3.4,5.4,2,1.8,0
2015-09-09 14:30:58,5,56,21.3,53,17,1012.6,1017.5,4.1,7.5,8,1.8,0
2015-09-09 14:35:58,5,56,21.3,55,16.9,1012.6,1017.5,5.1,6.8,4,1.8,0
2015-09-09 14:40:58,5,57,21.3,55,16.7,1012.6,1017.5,3.4,4.8,12,1.8,0
2015-09-09 14:45:58,5,57,21.3,55,16.6,1012.7,1017.6,3.4,6.5,4,1.8,0
2015-09-09 14:50:58,5,57,21.3,55,16.6,1012.4,1017.3,4.4,5.4,12,1.8,0
2015-09-09 14:55:58,5,57,21.3,56,16.7,1012.4,1017.3,2,3.1,4,1.8,0
2015-09-09 15:00:58,5,58,21.3,55,16.8,1012.6,1017.5,3.1,4.8,4,1.8,0
2015-09-09 15:05:58,5,58,21.3,54,16.6,1012.6,1017.5,3.7,5.4,14,1.8,0
2015-09-09 15:10:58,5,58,21.3,55,16.6,1012.5,1017.4,3.7,5.4,2,1.8,0
2015-09-09 15:15:58,5,58,21.3,55,16.7,1012.5,1017.4,2.7,4.8,12,1.8,0
2015-09-09 15:20:58,5,59,21.3,55,16.7,1012.5,1017.4,3.7,5.8,4,1.8,0
2015-09-09 15:25:58,5,59,21.3,55,16.8,1012.5,1017.4,2.4,4.4,0,1.8,0
2015-09-09 15:30:58,5,59,21.3,55,16.8,1012.4,1017.3,2.7,3.7,4,1.8,0
2015-09-09 15:35:58,5,59,21.3,56,16.8,1012.5,1017.4,4.4,5.1,12,1.8,0
2015-09-09 15:40:58,5,59,21.3,56,16.6,1012.6,1017.5,5.4,7.1,4,1.8,0
2015-09-09 15:45:58,5,59,21.3,56,16.5,1012.3,1017.2,3.4,5.4,4,1.8,0
2015-09-09 15:50:58,5,59,21.3,56,16.4,1012.3,1017.2,3.1,4.8,4,1.8,0
2015-09-09 15:55:58,5,59,21.3,56,16.4,1012.3,1017.2,4.8,6.5,4,1.8,0
2015-09-09 16:00:58,5,59,21.3,57,16.4,1012.4,1017.3,2.7,3.4,4,1.8,0
2015-09-09 16:05:58,5,59,21.3,58,16.4,1012.5,1017.4,2.4,3.7,14,1.8,0
2015-09-09 16:10:58,5,58,21.3,57,16.5,1012.2,1017.1,3.7,6.1,2,1.8,0
2015-09-09 16:15:58,5,58,21.3,57,16.5,1012.3,1017.2,4.1,5.8,4,1.8,0
2015-09-09 16:20:58,5,57,21.3,57,16.4,1012.4,1017.3,5.8,7.1,4,1.8,0
2015-09-09 16:25:58,5,57,21.2,58,16.4,1012.2,1017.1,3.1,4.1,4,1.8,0
2015-09-09 16:30:58,5,57,21.2,57,16.4,1012.3,1017.2,5.8,7.1,4,1.8,0
2015-09-09 16:35:58,5,57,21.2,57,16.3,1012.1,1017,4.8,6.5,4,1.8,0
2015-09-09 16:40:58,5,57,21.3,57,16.3,1012.3,1017.2,4.8,6.5,4,1.8,0
2015-09-09 16:45:58,5,58,21.3,58,16.2,1012.1,1017,3.1,3.7,4,1.8,0
2015-09-09 16:50:58,5,58,21.3,57,16.2,1012,1016.9,4.4,6.1,4,1.8,0
2015-09-09 16:55:58,5,58,21.3,57,16.2,1012.2,1017.1,4.4,5.4,4,1.8,0
2015-09-09 17:00:58,5,58,21.3,58,16.1,1012,1016.9,3.7,4.4,4,1.8,0
2015-09-09 17:05:58,5,58,21.3,58,16.3,1012,1016.9,4.1,5.4,15,1.8,0
2015-09-09 17:10:58,5,59,21.3,57,16.5,1011.8,1016.7,3.4,5.8,4,1.8,0
2015-09-09 17:15:58,5,59,21.3,56,16.6,1011.7,1016.6,5.1,7.1,12,1.8,0
2015-09-09 17:20:58,5,59,21.3,56,16.5,1011.7,1016.6,3.7,4.8,14,1.8,0
2015-09-09 17:25:58,5,59,21.3,56,16.4,1011.9,1016.8,3.4,5.8,4,1.8,0
2015-09-09 17:30:58,5,59,21.3,56,16.5,1011.8,1016.7,4.4,5.4,4,1.8,0
2015-09-09 17:35:58,5,59,21.3,56,16.3,1011.7,1016.6,3.1,4.4,4,1.8,0
2015-09-09 17:40:58,5,59,21.3,56,16.3,1011.9,1016.8,4.4,5.4,4,1.8,0
2015-09-09 17:45:58,5,59,21.3,57,16.1,1012.1,1017,3.1,4.4,14,1.8,0
2015-09-09 17:50:58,5,59,21.3,57,16,1011.9,1016.8,4.4,6.5,4,1.8,0
2015-09-09 17:55:58,5,59,21.3,58,16,1012,1016.9,3.7,5.1,4,1.8,0
2015-09-09 18:00:58,5,59,21.3,59,15.9,1012.1,1017,3.4,4.8,2,1.8,0
2015-09-09 18:05:58,5,59,21.3,60,15.8,1012.1,1017,4.1,5.4,4,1.8,0
2015-09-09 18:10:58,5,59,21.3,60,15.7,1012.1,1017,3.4,4.8,4,1.8,0
2015-09-09 18:15:58,5,59,21.3,60,15.7,1012.1,1017,4.8,5.8,4,1.8,0
2015-09-09 18:20:58,5,59,21.3,60,15.7,1012,1016.9,3.7,5.4,4,1.8,0
2015-09-09 18:25:58,5,59,21.6,60,15.6,1012.2,1017.1,3.4,4.8,0,1.8,0
2015-09-09 18:30:58,5,59,21.6,61,15.5,1012.3,1017.2,3.1,4.4,4,1.8,0
2015-09-09 18:35:58,5,58,21.6,61,15.4,1012.4,1017.3,2.4,3.7,14,1.8,0
2015-09-09 18:40:58,5,58,21.3,62,15.3,1012.2,1017.1,3.1,4.4,4,1.8,0
2015-09-09 18:45:58,5,58,21.3,62,15.1,1012.1,1017,2.7,4.1,4,1.8,0
2015-09-09 18:50:58,5,58,21.3,63,15,1012.3,1017.2,3.1,4.4,13,1.8,0
2015-09-09 18:55:58,5,57,21.3,64,14.9,1012.4,1017.3,3.1,4.1,4,1.8,0
2015-09-09 19:00:58,5,57,21.3,64,14.7,1012.4,1017.3,3.1,4.1,14,1.8,0
2015-09-09 19:05:58,5,57,21.3,64,14.5,1012.3,1017.2,2.4,3.7,4,1.8,0
2015-09-09 19:10:58,5,57,21.2,64,14.3,1012.4,1017.3,1.7,2.4,4,1.8,0
2015-09-09 19:15:58,5,58,21.2,64,14,1012.5,1017.4,2.4,3.4,4,1.8,0
2015-09-09 19:20:58,5,58,21.1,66,13.8,1012.5,1017.4,2.4,4.4,4,1.8,0
2015-09-09 19:25:58,5,58,21.1,66,13.8,1012.7,1017.6,1.4,2.4,4,1.8,0
2015-09-09 19:30:58,5,58,21.1,66,13.6,1012.7,1017.6,1.4,2,4,1.8,0
2015-09-09 19:35:58,5,58,21.1,66,13.5,1012.8,1017.7,2,3.7,2,1.8,0
2015-09-09 19:40:58,5,59,21,66,13.5,1012.6,1017.5,1.7,3.1,2,1.8,0
2015-09-09 19:45:58,5,59,21,66,13.5,1012.8,1017.7,2.7,3.7,14,1.8,0
2015-09-09 19:50:58,5,60,20.9,66,13.3,1012.7,1017.6,3.1,4.1,4,1.8,0
2015-09-09 19:55:58,5,60,20.9,66,13.2,1012.7,1017.6,1.7,2.4,2,1.8,0
2015-09-09 20:00:58,5,60,20.9,66,13.1,1012.7,1017.6,1.4,2.4,4,1.8,0
2015-09-09 20:05:58,5,60,20.9,67,13,1012.7,1017.6,3.1,3.7,4,1.8,0
2015-09-09 20:10:58,5,60,20.9,67,12.9,1012.7,1017.6,2.7,3.4,4,1.8,0
2015-09-09 20:15:58,5,60,20.9,67,12.9,1012.7,1017.6,1.7,3.4,4,1.8,0
2015-09-09 20:20:58,5,60,20.9,67,12.8,1012.8,1017.7,2.4,3.1,13,1.8,0
2015-09-09 20:25:58,5,60,20.8,67,12.7,1012.8,1017.7,2,3.4,4,1.8,0
2015-09-09 20:30:58,5,60,20.8,67,12.6,1012.8,1017.7,2.4,3.4,4,1.8,0
2015-09-09 20:35:58,5,60,20.8,67,12.5,1013,1017.9,1.7,3.1,4,1.8,0
2015-09-09 20:40:58,5,60,20.8,68,12.4,1013,1017.9,2,2.4,4,1.8,0
2015-09-09 20:45:58,5,61,20.8,68,12.4,1013,1017.9,1.4,2,4,1.8,0
2015-09-09 20:50:58,5,61,20.8,68,12.3,1013.2,1018.1,1.4,1.7,4,1.8,0
2015-09-09 20:55:58,5,61,20.7,68,12.1,1013.2,1018.1,1.7,2,4,1.8,0
2015-09-09 21:00:58,5,61,20.7,68,12.1,1013.2,1018.1,1,1.7,4,1.8,0
2015-09-09 21:05:58,5,61,20.6,68,12,1013.2,1018.1,1,1.4,4,1.8,0
2015-09-09 21:10:58,5,61,20.6,69,12,1013.2,1018.1,1,1.4,12,1.8,0
2015-09-09 21:15:58,5,61,20.6,69,12.1,1013.1,1018,1,1.4,3,1.8,0
2015-09-09 21:20:58,5,61,20.6,69,12.2,1013.2,1018.1,1,1.4,0,1.8,0
2015-09-09 21:25:58,5,61,20.6,69,12.3,1013.2,1018.1,1,1.4,2,1.8,0
2015-09-09 21:30:58,5,61,20.6,69,12.3,1013,1017.9,1,1.4,2,1.8,0
2015-09-09 21:35:58,5,61,20.6,69,12.1,1013.2,1018.1,1.4,1.7,2,1.8,0
2015-09-09 21:40:58,5,61,20.6,70,11.9,1013,1017.9,1.7,2,2,1.8,0
2015-09-09 21:45:58,5,61,20.6,71,11.9,1013.1,1018,1.7,2.4,2,1.8,0
2015-09-09 21:50:58,5,61,20.6,71,11.7,1013.1,1018,1.7,2.4,1,1.8,0
2015-09-09 21:55:58,5,61,20.6,71,11.7,1013.3,1018.2,1.4,2,4,1.8,0
2015-09-09 22:00:58,5,61,20.6,71,11.7,1013.2,1018.1,1,1.7,0,1.8,0
2015-09-09 22:05:58,5,61,20.5,71,11.6,1013.1,1018,1.4,1.7,4,1.8,0
2015-09-09 22:10:58,5,61,20.5,71,11.5,1013.2,1018.1,1.4,2,2,1.8,0
2015-09-09 22:15:58,5,61,20.5,71,11.3,1013.2,1018.1,1,1.7,2,1.8,0
2015-09-09 22:20:58,5,61,20.5,71,11.2,1013.2,1018.1,1,1.7,2,1.8,0
2015-09-09 22:25:58,5,61,20.5,72,11.1,1013.1,1018,0.7,1.4,2,1.8,0
2015-09-09 22:30:58,5,61,20.5,72,11,1012.8,1017.7,1,2.7,2,1.8,0
2015-09-09 22:35:58,5,61,20.5,72,11,1012.9,1017.8,1.4,2.4,4,1.8,0
2015-09-09 22:40:58,5,61,20.5,73,10.9,1013.1,1018,2,2.7,4,1.8,0
2015-09-09 22:45:58,5,61,20.5,73,10.8,1013,1017.9,1.7,2.4,2,1.8,0
2015-09-09 22:50:58,5,61,20.5,73,10.9,1013.1,1018,2,3.4,4,1.8,0
2015-09-09 22:55:58,5,61,20.5,72,11.1,1012.9,1017.8,2,3.1,4,1.8,0
2015-09-09 23:00:58,5,61,20.5,72,11.3,1012.9,1017.8,2,3.1,4,1.8,0
2015-09-09 23:05:58,5,61,20.4,72,11.3,1013,1017.9,1.4,3.1,1,1.8,0
2015-09-09 23:10:58,5,61,20.4,72,11.3,1012.8,1017.7,1.7,2.4,2,1.8,0
2015-09-09 23:15:58,5,61,20.4,72,11.3,1012.7,1017.6,1.4,1.7,2,1.8,0
2015-09-09 23:20:58,5,61,20.4,72,11.2,1012.9,1017.8,1.4,2.4,2,1.8,0
2015-09-09 23:25:58,5,61,20.4,72,11,1012.9,1017.8,1.4,2.4,2,1.8,0
2015-09-09 23:30:58,5,61,20.4,73,10.9,1012.8,1017.7,1,1.4,2,1.8,0
2015-09-09 23:35:58,5,61,20.4,73,10.8,1012.9,1017.8,0.7,1.4,2,1.8,0
2015-09-09 23:40:58,5,61,20.4,73,10.7,1013.1,1018,0.3,0.7,0,1.8,0
2015-09-09 23:45:58,5,61,20.4,73,10.5,1013.2,1018.1,0.7,1,0,1.8,0
2015-09-09 23:50:58,5,61,20.3,73,10.1,1013,1017.9,1,1.4,2,1.8,0
2015-09-09 23:55:58,5,61,20.3,73,10,1013,1017.9,0.7,1,2,1.8,0
