2025-11-04 00:00:51,5,69,20.2,85,12.8,998.2,1003.1,4.4,5.4,8,207,0
2025-11-04 00:05:51,5,69,20.2,85,12.8,998.3,1003.2,3.4,4.8,10,207,0
2025-11-04 00:10:51,5,69,20.2,85,12.7,998.3,1003.2,2.4,3.1,10,207,0
2025-11-04 00:15:51,5,69,20.1,85,12.7,998.2,1003.1,3.1,4.1,10,207,0
2025-11-04 00:20:51,5,69,20.1,84,12.6,998.1,1003,2.4,3.4,10,207,0
2025-11-04 00:25:51,5,69,20.1,84,12.6,998.4,1003.3,3.1,4.1,10,207,0
2025-11-04 00:30:51,5,69,20.1,85,12.6,998.4,1003.3,4.1,4.8,10,207,0
2025-11-04 00:35:51,5,69,20.1,85,12.5,998.5,1003.4,2.7,3.1,10,207,0
2025-11-04 00:40:51,5,69,20.1,86,12.5,998.6,1003.5,2.7,3.4,10,207,0
2025-11-04 00:45:51,5,69,20,86,12.5,998.5,1003.4,2.7,3.7,12,207,0
2025-11-04 00:50:51,5,69,20,90,12.4,998.5,1003.4,3.1,4.4,10,207,0
2025-11-04 00:55:51,5,69,20,91,12.4,998.4,1003.3,3.4,5.1,10,207,0
2025-11-04 01:00:51,5,69,20,91,12.3,998.6,1003.5,3.4,4.4,8,207,0
2025-11-04 01:05:51,5,69,20,91,12.3,998.5,1003.4,2.4,3.1,8,207,0
2025-11-04 01:10:51,5,69,20,91,12.3,998.6,1003.5,2.7,3.4,10,207,0
2025-11-04 01:15:51,5,69,20,90,12.3,998.5,1003.4,1.7,2,10,207,0
2025-11-04 01:20:51,5,70,19.9,90,12.3,998.7,1003.6,3.7,4.8,10,207,0
2025-11-04 01:25:51,5,70,19.9,90,12.3,998.6,1003.5,4.8,6.5,10,207,0
2025-11-04 01:30:51,5,70,19.9,89,12.2,998.7,1003.6,2,2.7,10,207,0
2025-11-04 01:35:51,5,70,19.9,89,12.2,998.6,1003.5,2,2.4,10,207,0
2025-11-04 01:40:51,5,70,19.9,88,12.2,998.7,1003.6,3.1,4.1,10,207,0
2025-11-04 01:45:51,5,70,19.9,87,12.1,998.7,1003.6,3.1,3.7,10,207,0
2025-11-04 01:50:51,5,70,19.9,87,12.1,998.7,1003.6,2.7,3.4,8,207,0
2025-11-04 01:55:51,5,70,19.8,86,12.1,998.6,1003.5,2,2.4,10,207,0
2025-11-04 02:00:51,5,70,19.9,86,12.1,998.5,1003.4,3.4,4.8,10,207,0
2025-11-04 02:05:51,5,70,19.8,86,12.1,998.5,1003.4,2.7,3.7,10,207,0
2025-11-04 02:10:51,5,70,19.8,86,12.2,998.5,1003.4,3.1,4.1,8,207,0
2025-11-04 02:15:51,5,70,19.8,85,12.2,998.6,1003.5,2.7,3.7,12,207,0
2025-11-04 02:20:51,5,70,19.8,85,12.1,998.6,1003.5,2,2.7,8,207,0
2025-11-04 02:25:51,5,70,19.8,85,12.1,998.5,1003.4,2.7,3.4,11,207,0
2025-11-04 02:30:51,5,70,19.8,85,12.1,998.2,1003.1,1.7,2.4,8,207,0
2025-11-04 02:35:51,5,70,19.8,85,12.1,998.4,1003.3,2.4,3.4,8,207,0
2025-11-04 02:40:51,5,69,19.8,85,12.2,998.2,1003.1,3.1,3.7,8,207,0
2025-11-04 02:45:51,5,69,19.8,85,12.2,998.5,1003.4,2,2.7,8,207,0
2025-11-04 02:50:51,5,69,19.7,85,12.3,998.4,1003.3,1,1.7,6,207,0
2025-11-04 02:55:51,5,69,19.7,84,12.2,998.4,1003.3,0.7,1.4,10,207,0
2025-11-04 03:00:51,5,69,19.7,84,12.2,998.5,1003.4,1.7,3.1,8,207,0
2025-11-04 03:05:51,5,69,19.7,84,12.1,998.4,1003.3,1,2,10,207,0
2025-11-04 03:10:51,5,69,19.8,85,12.1,998.1,1003,0.7,1,10,207,0
2025-11-04 03:15:51,5,69,19.7,85,12.1,997.6,1002.5,0.3,1,4,207,0
2025-11-04 03:20:51,5,69,19.7,85,12.1,997.9,1002.8,1,1.4,10,207,0
2025-11-04 03:25:51,5,69,19.7,86,12,998,1002.9,0.3,1,6,207,0
2025-11-04 03:30:51,5,69,19.6,86,12,997.8,1002.7,1,1.4,6,207,0
2025-11-04 03:35:51,5,69,19.7,86,12,997.8,1002.7,1.4,2,6,207,0
2025-11-04 03:40:51,5,69,19.7,86,12,997.6,1002.5,1,2,6,207,0
2025-11-04 03:45:51,5,69,19.6,87,12,997.8,1002.7,1.4,2,6,207,0
2025-11-04 03:50:51,5,69,19.7,87,11.9,997.7,1002.6,1,1.4,4,207,0
2025-11-04 03:55:51,5,69,19.6,88,11.8,997.7,1002.6,0.3,0.7,4,207,0
2025-11-04 04:00:51,5,69,19.6,88,11.8,997.7,1002.6,0.7,1,4,207,0
2025-11-04 04:05:51,5,69,19.7,89,11.7,997.4,1002.3,2,2.7,4,207,0
2025-11-04 04:10:51,5,69,19.6,90,11.6,997.5,1002.4,1.4,2.4,7,207,0
2025-11-04 04:15:51,5,69,19.5,90,11.5,997.7,1002.6,1,1.7,4,207,0
2025-11-04 04:20:51,5,69,19.6,91,11.4,997.7,1002.6,0,0.3,10,207,0
2025-11-04 04:25:51,5,69,19.7,91,11.3,997.9,1002.8,0.3,0.7,10,207,0
2025-11-04 04:30:51,5,69,19.7,91,11.2,997.9,1002.8,0,0,10,207,0
2025-11-04 04:35:51,5,69,19.7,91,11.2,997.7,1002.6,0.3,0.7,0,207,0
2025-11-04 04:40:50,5,69,19.5,92,11.3,997.7,1002.6,0.7,1,6,207,0
2025-11-04 04:45:50,5,69,19.5,93,11.4,997.3,1002.2,1.4,1.7,6,207,0
2025-11-04 04:50:50,5,69,19.6,93,11.5,997,1001.9,2,2.7,6,207,0
2025-11-04 04:55:50,5,69,19.5,94,11.6,997.1,1002,1.4,2,6,207,0
2025-11-04 05:00:50,5,69,19.6,94,11.6,997.2,1002.1,2,2.7,6,207,0
2025-11-04 05:05:50,5,69,19.5,95,11.7,997.1,1002,1,1.7,5,207,0
2025-11-04 05:10:50,5,69,19.6,95,11.7,997,1001.9,2.7,3.7,4,207,0
2025-11-04 05:15:50,5,68,19.5,95,11.8,997,1001.9,2.4,3.1,6,207,0
2025-11-04 05:20:50,5,69,19.6,94,12,997,1001.9,1.7,2.7,4,207,0
2025-11-04 05:25:50,5,68,19.5,94,12,997.1,1002,1.7,2.7,0,207,0
2025-11-04 05:30:50,5,68,19.6,93,12,997,1001.9,1.7,3.1,1,207,0
2025-11-04 05:35:50,5,68,19.6,92,12,997.2,1002.1,2,2.7,4,207,0
2025-11-04 05:40:50,5,68,19.6,92,12,997.3,1002.2,2.4,3.4,6,207,0
2025-11-04 05:45:50,5,68,19.6,92,11.9,997.4,1002.3,2,3.1,4,207,0
2025-11-04 05:50:50,5,68,19.6,92,11.9,997.4,1002.3,1.7,2.4,8,207,0
2025-11-04 05:55:50,5,68,19.6,92,11.9,997.5,1002.4,1,1.7,2,207,0
2025-11-04 06:00:50,5,68,19.6,92,11.8,997.5,1002.4,1.7,2.4,5,207,0
2025-11-04 06:05:50,5,68,19.6,93,11.9,997.5,1002.4,1.4,1.7,6,207,0
2025-11-04 06:10:50,5,68,19.6,93,11.8,997.1,1002,1,1.7,4,207,0
2025-11-04 06:15:50,5,68,19.6,93,11.8,997,1001.9,1.7,2,4,207,0
2025-11-04 06:20:50,5,68,19.6,93,11.8,997.1,1002,1.4,2,4,207,0
2025-11-04 06:25:50,5,68,19.6,94,11.7,997.3,1002.2,1.4,2.4,6,207,0
2025-11-04 06:30:50,5,68,19.6,94,11.7,997.3,1002.2,1.4,2.4,4,207,0
2025-11-04 06:35:50,5,68,19.6,94,11.7,997.3,1002.2,1.7,2,4,207,0
2025-11-04 06:40:50,5,68,19.6,95,11.7,997.3,1002.2,1.7,2,4,207,0
2025-11-04 06:45:50,5,68,19.6,95,11.8,997.3,1002.2,0.7,1,6,207,0
2025-11-04 06:50:50,5,68,19.6,96,11.8,997.3,1002.2,0.7,1,0,207.3,0
2025-11-04 06:55:50,5,68,19.5,96,11.8,997.3,1002.2,1.4,2,6,207.3,0
2025-11-04 07:00:50,5,68,19.5,96,11.8,997.3,1002.2,1,1.7,6,207.3,0
2025-11-04 07:05:50,5,68,19.6,96,11.8,997.2,1002.1,1,1.4,4,207.3,0
2025-11-04 07:10:50,5,68,19.5,97,11.8,997.2,1002.1,1,1.7,6,207.3,0
2025-11-04 07:15:50,5,68,19.4,97,11.8,997.3,1002.2,0.7,1.4,6,207.3,0
2025-11-04 07:20:50,5,68,19.4,97,11.8,997.2,1002.1,0,0.7,6,207.3,0
2025-11-04 07:25:50,5,68,19.5,97,11.9,997.2,1002.1,1,1.4,8,207.3,0
2025-11-04 07:30:50,5,68,19.5,97,11.9,997.1,1002,0.7,1.7,12,207.3,0
2025-11-04 07:35:50,5,68,19.5,97,11.9,997.3,1002.2,1.4,1.7,2,207.3,0
2025-11-04 07:40:50,5,68,19.5,98,12,997.4,1002.3,0.3,0.7,6,207.3,0
2025-11-04 07:45:50,5,68,19.5,98,12,997.4,1002.3,0.7,1,8,207.3,0
2025-11-04 07:50:50,5,68,19.5,98,12,997.3,1002.2,0.7,1.4,8,207.3,0
2025-11-04 07:55:50,5,68,19.5,98,12,997.5,1002.4,0.3,1,8,207.3,0
2025-11-04 08:00:50,5,68,19.5,98,12,997.7,1002.6,0.7,1,10,207.3,0
2025-11-04 08:05:50,5,68,19.6,98,12.1,997.6,1002.5,1,1.4,10,207.3,0
2025-11-04 08:10:50,5,68,19.5,98,12.2,997.8,1002.7,1.4,1.7,10,207.3,0
2025-11-04 08:15:50,5,68,19.5,98,12.3,997.8,1002.7,1.4,2,10,207.3,0
2025-11-04 08:20:50,5,68,19.5,98,12.4,998,1002.9,0.3,1,10,207.3,0
2025-11-04 08:25:50,5,68,19.5,98,12.3,997.8,1002.7,1,1.4,12,207.3,0
2025-11-04 08:30:50,5,68,19.6,98,12.4,997.8,1002.7,0.7,1.4,5,207.3,0
2025-11-04 08:35:50,5,68,19.6,98,12.4,997.9,1002.8,0,0.3,9,207.3,0
2025-11-04 08:40:50,5,68,19.6,98,12.4,998,1002.9,0,0.3,8,207.3,0
2025-11-04 08:45:50,5,68,19.6,98,12.4,998,1002.9,0.3,0.7,10,207.3,0
2025-11-04 08:50:50,5,68,19.6,98,12.4,998.1,1003,0,0,10,207.3,0
2025-11-04 08:55:50,5,68,19.6,98,12.3,998,1002.9,0.3,0.7,0,207.3,0
2025-11-04 09:00:50,5,68,19.6,98,12.1,998,1002.9,0,0,12,207.3,0
2025-11-04 09:05:50,5,68,19.7,97,12.1,997.9,1002.8,0.3,0.7,5,207.3,0
2025-11-04 09:10:50,5,68,19.6,97,12.1,998,1002.9,0,0.3,8,207.3,0
2025-11-04 09:15:50,5,69,19.6,98,12.4,998.2,1003.1,0.3,0.7,4,207.3,0
2025-11-04 09:20:50,5,68,19.7,95,12.8,998,1002.9,0,0,10,207.3,0
2025-11-04 09:25:50,5,67,19.7,96,13.3,998.2,1003.1,0.7,1.4,10,207.3,0
2025-11-04 09:30:50,5,67,19.7,95,13.4,998.3,1003.2,1,1.4,10,207.3,0
2025-11-04 09:35:50,5,67,19.8,95,13.6,998.4,1003.3,1.4,1.7,10,207.3,0
2025-11-04 09:40:50,5,67,19.9,95,13.8,998.4,1003.3,1.7,2,10,207.3,0
2025-11-04 09:45:50,5,66,20,93,14,998.4,1003.3,1.7,2.4,8,207.3,0
2025-11-04 09:50:50,5,65,20.1,92,14.2,998.4,1003.3,1.4,1.7,10,207.3,0
2025-11-04 09:55:50,5,65,20.1,90,14.5,998.3,1003.2,1.7,2,8,207.3,0
2025-11-04 10:00:50,5,65,20.2,87,14.4,998.4,1003.3,1.7,2.4,10,207.3,0
2025-11-04 10:05:50,5,65,20.2,84,14.3,998.6,1003.5,2,2.7,10,207.3,0
2025-11-04 10:10:50,5,65,20.4,82,14.4,998.3,1003.2,1.7,2.4,10,207.3,0
2025-11-04 10:15:50,5,65,20.4,82,14.5,998.2,1003.1,2,2.7,10,207.3,0
2025-11-04 10:20:50,5,65,20.5,81,14.5,998.2,1003.1,2.4,3.1,10,207.3,0
2025-11-04 10:25:50,5,65,20.5,81,14.6,998,1002.9,2,2.7,10,207.3,0
2025-11-04 10:30:50,5,65,20.5,81,14.8,998,1002.9,2,2.7,10,207.3,0
2025-11-04 10:35:50,5,65,20.5,80,14.9,998,1002.9,1.4,1.7,10,207.3,0
2025-11-04 10:40:50,5,65,20.6,80,15.1,998,1002.9,1.7,2.4,8,207.3,0
2025-11-04 10:45:50,5,65,20.7,79,15.2,998.1,1003,2,3.1,10,207.3,0
2025-11-04 10:50:50,5,65,20.7,77,15.3,998.2,1003.1,2,2.4,11,207.3,0
2025-11-04 10:55:50,5,65,20.7,76,15.3,998,1002.9,2.4,3.4,8,207.3,0
2025-11-04 11:00:50,5,65,20.7,76,15.4,997.9,1002.8,2.4,3.4,10,207.3,0
2025-11-04 11:05:50,5,65,20.8,76,15.7,998.1,1003,3.1,3.4,10,207.3,0
2025-11-04 11:10:50,5,65,20.8,75,15.6,998.2,1003.1,2.4,3.4,10,207.3,0
2025-11-04 11:15:50,5,65,20.8,76,15.8,998.1,1003,3.1,4.4,10,207.3,0
2025-11-04 11:20:50,5,65,20.8,75,15.5,998.3,1003.2,3.1,3.7,12,207.3,0
2025-11-04 11:25:50,5,65,20.9,76,15.4,998.2,1003.1,1.7,2.4,8,207.3,0
2025-11-04 11:30:50,5,65,20.9,77,15.4,998.1,1003,2.4,3.1,10,207.3,0
2025-11-04 11:35:50,5,64,21,76,15.3,998,1002.9,1.7,2,10,207.3,0
2025-11-04 11:40:50,5,64,21,77,15.3,998.1,1003,2.7,3.4,10,207.3,0
2025-11-04 11:45:50,5,64,21,77,15.2,998,1002.9,2.4,3.4,10,207.3,0
2025-11-04 11:50:50,5,64,21,78,15.3,998,1002.9,1.7,2.4,8,207.3,0
2025-11-04 11:55:50,5,63,21,78,15.6,998.1,1003,2,2.7,8,207.3,0
2025-11-04 12:00:50,5,62,21,78,15.6,998,1002.9,1.7,2.4,10,207.3,0
2025-11-04 12:05:50,5,62,21,77,15.6,998,1002.9,0.7,1,8,207.3,0
2025-11-04 12:10:50,5,62,21,77,15.5,998,1002.9,2,3.1,8,207.3,0
2025-11-04 12:15:50,5,62,20.9,76,15.4,997.9,1002.8,2.4,3.4,10,207.3,0
2025-11-04 12:20:50,5,62,20.9,77,15.5,997.9,1002.8,1.7,2.4,10,207.3,0
2025-11-04 12:25:50,5,62,20.9,78,15.6,997.9,1002.8,3.4,4.4,8,207.3,0
2025-11-04 12:30:50,5,62,20.9,77,15.5,997.9,1002.8,1.7,2,10,207.3,0
2025-11-04 12:35:50,5,61,20.9,77,15.7,997.9,1002.8,2,2.7,10,207.3,0
2025-11-04 12:40:50,5,61,20.9,76,15.8,997.7,1002.6,1.4,2,10,207.3,0
2025-11-04 12:45:50,5,61,20.9,75,15.9,997.9,1002.8,2,2.4,9,207.3,0
2025-11-04 12:50:50,5,61,20.8,75,15.9,997.8,1002.7,2.4,3.1,10,207.3,0
2025-11-04 12:55:50,5,61,20.8,75,15.9,997.8,1002.7,2.4,3.4,11,207.3,0
2025-11-04 13:00:50,5,61,20.7,75,16,997.8,1002.7,1.7,2,10,207.3,0
2025-11-04 13:05:50,5,61,20.7,74,15.9,997.9,1002.8,2.7,3.4,10,207.3,0
2025-11-04 13:10:50,5,61,20.6,74,15.9,998,1002.9,2.4,3.1,10,207.3,0
2025-11-04 13:15:50,5,61,20.6,74,15.8,997.9,1002.8,2.7,3.7,8,207.3,0
2025-11-04 13:20:50,5,61,20.6,74,15.7,998,1002.9,2.7,3.7,10,207.3,0
2025-11-04 13:25:50,5,61,20.7,74,15.6,997.8,1002.7,1.7,3.1,10,207.3,0
2025-11-04 13:30:50,5,61,20.7,75,15.6,997.6,1002.5,1.4,1.7,10,207.3,0
2025-11-04 13:35:50,5,62,20.7,75,15.6,997.7,1002.6,2,2.7,10,207.3,0
2025-11-04 13:40:50,5,62,20.7,75,15.5,997.5,1002.4,2,2.4,10,207.3,0
2025-11-04 13:45:50,5,62,20.7,75,15.5,997.6,1002.5,1.7,2,10,207.3,0
2025-11-04 13:50:50,5,62,20.7,76,15.5,997.4,1002.3,1,1.7,10,207.3,0
2025-11-04 13:55:50,5,62,20.7,75,15.6,997.4,1002.3,1.4,1.7,10,207.3,0
2025-11-04 14:00:50,5,62,20.7,75,15.6,997.4,1002.3,0.7,1,12,207.3,0
2025-11-04 14:05:50,5,62,20.7,75,15.7,997.4,1002.3,0.3,1,6,207.3,0
2025-11-04 14:10:50,5,62,20.8,75,15.8,997.4,1002.3,0.3,0.7,6,207.3,0
2025-11-04 14:15:50,5,63,20.8,75,15.8,997.4,1002.3,0.7,1,10,207.3,0
2025-11-04 14:20:50,5,63,20.8,75,15.8,997.2,1002.1,0.3,1,6,207.3,0
2025-11-04 14:25:50,5,63,20.8,75,15.9,997,1001.9,1,1.7,10,207.3,0
2025-11-04 14:30:50,5,63,20.9,75,16,996.9,1001.8,1,1.4,10,207.3,0
2025-11-04 14:35:50,5,63,20.9,74,16.1,997.1,1002,0.7,1.4,2,207.3,0
2025-11-04 14:40:50,5,62,21,73,16.5,997,1001.9,0.7,1.4,8,207.3,0
2025-11-04 14:45:50,5,62,21,71,16.8,997.1,1002,1.7,2.4,10,207.3,0
2025-11-04 14:50:50,5,62,21.1,70,16.4,997,1001.9,2.7,3.4,10,207.3,0
2025-11-04 14:55:50,5,62,21.1,71,16.5,997,1001.9,1.7,2.4,10,207.3,0
2025-11-04 15:00:50,5,62,21,71,16.2,997.1,1002,1.7,2.4,8,207.3,0
2025-11-04 15:05:50,5,62,21.4,72,16.3,996.8,1001.7,1.7,2.4,10,207.3,0
2025-11-04 15:10:50,5,62,21.5,72,16.6,997,1001.9,2,2.4,10,207.3,0
2025-11-04 15:15:50,5,62,21.7,71,16.6,997.1,1002,1.4,2,10,207.3,0
2025-11-04 15:20:50,5,62,21.6,71,15.9,997.1,1002,2.7,3.4,10,207.3,0
2025-11-04 15:25:50,5,61,21.7,72,15.7,997.3,1002.2,2,2.7,6,207.3,0
2025-11-04 15:30:50,5,62,21.7,72,15.8,997.3,1002.2,2.7,3.1,10,207.3,0
2025-11-04 15:35:50,5,62,21.7,72,15.9,997.4,1002.3,1.4,1.7,10,207.3,0
2025-11-04 15:40:50,5,62,21.7,72,16.2,997.4,1002.3,1.4,1.7,10,207.3,0
2025-11-04 15:45:50,5,62,21.7,72,16,997.3,1002.2,0.7,1,10,207.3,0
2025-11-04 15:50:50,5,62,21.8,72,15.9,997.2,1002.1,1,1.4,9,207.3,0
2025-11-04 15:55:50,5,62,21.7,72,15.8,997.3,1002.2,1,1.4,10,207.3,0
2025-11-04 16:00:50,5,62,21.8,73,15.5,997.2,1002.1,0.7,0.7,10,207.3,0
2025-11-04 16:05:50,5,63,21.8,73,15.2,997.2,1002.1,0,0,8,207.3,0
2025-11-04 16:10:50,5,62,21.8,74,15,997.3,1002.2,0,0.3,10,207.3,0
2025-11-04 16:15:50,5,62,21.8,74,14.7,997.2,1002.1,0,0.3,6,207.3,0
2025-11-04 16:20:50,5,62,21.8,75,14.5,997.2,1002.1,0.3,0.3,8,207.3,0
2025-11-04 16:25:50,5,62,21.8,75,14.3,997.2,1002.1,0.3,0.7,4,207.3,0
2025-11-04 16:30:50,5,62,21.7,76,14.3,997.2,1002.1,0,0,6,207.3,0
2025-11-04 16:35:50,5,63,21.8,77,14.2,997.2,1002.1,0,0,10,207.3,0
2025-11-04 16:40:50,5,63,21.8,78,14.1,997.2,1002.1,0,0,10,207.3,0
2025-11-04 16:45:50,5,63,21.9,79,14.1,997.1,1002,0,0,4,207.3,0
2025-11-04 16:50:50,5,63,21.9,79,14,997.2,1002.1,0,0,4,207.3,0
2025-11-04 16:55:50,5,63,21.9,80,14,997.1,1002,0,0,6,207.3,0
2025-11-04 17:00:50,5,63,21.9,80,14,997.2,1002.1,0,0,6,207.3,0
2025-11-04 17:05:50,5,63,21.9,80,13.9,997.1,1002,0,0,10,207.3,0
2025-11-04 17:10:50,5,63,21.9,80,13.8,997.1,1002,0,0,4,207.3,0
2025-11-04 17:15:50,5,63,21.9,81,13.8,997,1001.9,0,0,4,207.3,0
2025-11-04 17:20:50,5,63,21.8,81,13.6,996.9,1001.8,0,0.3,2,207.3,0
2025-11-04 17:25:50,5,63,21.8,82,13.5,996.9,1001.8,0.3,0.3,6,207.3,0
2025-11-04 17:30:50,5,63,21.6,82,13.5,997.2,1002.1,0,0.3,12,207.3,0
2025-11-04 17:35:50,5,63,21.5,83,13.4,997.3,1002.2,0,0.3,2,207.3,0
2025-11-04 17:40:50,5,63,21.5,83,13.4,997,1001.9,0.3,0.7,4,207.3,0
2025-11-04 17:45:50,5,63,21.4,84,13.3,997.2,1002.1,0,0.3,6,207.3,0
2025-11-04 17:50:50,5,62,21.4,84,13.3,997.3,1002.2,0,0,12,207.3,0
2025-11-04 17:55:50,5,62,21.4,85,13.3,997.5,1002.4,0,0,6,207.3,0
2025-11-04 18:00:50,5,62,21,85,13.4,997.7,1002.6,0,0.3,6,207.3,0
2025-11-04 18:05:50,5,62,21,86,13.4,997.7,1002.6,0,0,6,207.3,0
2025-11-04 18:10:50,5,62,21,86,13.4,997.8,1002.7,0,0.3,6,207.3,0
2025-11-04 18:15:50,5,62,21.1,87,13.3,997.6,1002.5,0.3,0.7,4,207.3,0
2025-11-04 18:20:50,5,62,21.1,87,13.4,997.7,1002.6,0.3,0.7,4,207.3,0
2025-11-04 18:25:50,5,63,21,88,13.4,997.7,1002.6,0.3,0.7,6,207.3,0
2025-11-04 18:30:50,5,63,21,88,13.4,997.4,1002.3,0,0.3,0,207.3,0
2025-11-04 18:35:50,5,63,21,89,13.4,997.3,1002.2,0,0.3,4,207.3,0
2025-11-04 18:40:50,5,64,20.9,90,13.4,997.4,1002.3,0.7,1,6,207.3,0
2025-11-04 18:45:50,5,64,20.9,90,13.4,997.4,1002.3,1,1.4,4,207.3,0
2025-11-04 18:50:50,5,64,20.9,90,13.3,997.4,1002.3,1,1.4,6,207.3,0
2025-11-04 18:55:50,5,64,20.8,91,13.4,997.2,1002.1,1.4,2,4,207.3,0
2025-11-04 19:00:50,5,64,20.8,91,13.4,997.1,1002,1,1.7,4,207.3,0
2025-11-04 19:05:50,5,64,20.8,92,13.5,997.2,1002.1,1,1.7,4,207.3,0
2025-11-04 19:10:50,5,64,20.8,92,13.5,997.1,1002,1,1.4,4,207.3,0
2025-11-04 19:15:50,5,65,20.7,93,13.5,997.5,1002.4,0.7,1,6,207.3,0
2025-11-04 19:20:50,5,65,20.8,93,13.5,997.5,1002.4,1,1.4,6,207.3,0
2025-11-04 19:25:50,5,65,20.7,93,13.5,997.4,1002.3,1,1.4,6,207.3,0
2025-11-04 19:30:50,5,65,20.7,94,13.5,997.5,1002.4,1.4,1.7,6,207.3,0
2025-11-04 19:35:50,5,65,20.7,94,13.6,997.4,1002.3,1,1.4,4,207.3,0
2025-11-04 19:40:50,5,66,20.8,94,13.6,997.5,1002.4,1,1.7,6,207.3,0
2025-11-04 19:45:50,5,66,20.8,95,13.5,997.3,1002.2,0.3,0.7,6,207.3,0
2025-11-04 19:50:50,5,66,20.8,95,13.5,997.3,1002.2,0.3,0.7,4,207.3,0
2025-11-04 19:55:50,5,65,20.7,95,13.5,997.2,1002.1,0.3,1,2,207.3,0
2025-11-04 20:00:50,5,65,20.7,96,13.5,997.4,1002.3,0.3,1,0,207.3,0
2025-11-04 20:05:50,5,65,20.7,96,13.6,997.1,1002,0.7,1.4,0,207.3,0
2025-11-04 20:10:50,5,65,20.6,96,13.6,997.3,1002.2,0.7,1.4,2,207.3,0
2025-11-04 20:15:50,5,65,20.6,97,13.5,997.5,1002.4,1.4,2,4,207.3,0
2025-11-04 20:20:50,5,65,20.6,97,13.5,997.6,1002.5,0.7,1.4,4,207.3,0
2025-11-04 20:25:50,5,65,20.6,97,13.5,997.6,1002.5,1.7,2.4,5,207.3,0
2025-11-04 20:30:50,5,65,20.6,98,13.5,997.6,1002.5,1.4,1.7,4,207.3,0
2025-11-04 20:35:50,5,65,20.5,98,13.6,997.5,1002.4,1.4,2,8,207.3,0
2025-11-04 20:40:50,5,65,20.5,99,13.7,997.6,1002.5,0.7,1,6,207.3,0
2025-11-04 20:45:50,5,66,20.5,99,13.7,997.5,1002.4,1,1.7,8,207.3,0
2025-11-04 20:50:50,5,66,20.5,99,13.8,997.4,1002.3,1,1.4,0,207.3,0
2025-11-04 20:55:50,5,66,20.5,99,13.8,997.3,1002.2,1.7,2.4,0,207.3,0
2025-11-04 21:00:50,5,66,20.5,99,13.9,997.4,1002.3,2,2.7,6,207.3,0
2025-11-04 21:05:50,5,66,20.5,99,14,997.3,1002.2,2,2.7,4,207.3,0
2025-11-04 21:10:50,5,66,20.5,99,14,997.1,1002,1,1.4,4,207.3,0
2025-11-04 21:15:50,5,66,20.5,99,14.1,997.3,1002.2,1.4,2,6,207.3,0
2025-11-04 21:20:50,5,66,20.5,99,14.1,997.2,1002.1,1,1.4,6,207.3,0
2025-11-04 21:25:50,5,66,20.5,99,14.1,997.1,1002,0.3,0.7,4,207.3,0
2025-11-04 21:30:50,5,66,20.5,99,14.2,997,1001.9,1,1.4,4,207.3,0
2025-11-04 21:35:50,5,66,20.5,99,14.1,997.1,1002,0.7,1,2,207.3,0
2025-11-04 21:40:50,5,66,20.5,99,14.1,997.2,1002.1,0.7,1,2,207.3,0
2025-11-04 21:45:50,5,66,20.4,99,14.1,997.2,1002.1,0.7,1,0,207.3,0
2025-11-04 21:50:50,5,66,20.4,99,14.2,997.2,1002.1,0.7,1,5,207.3,0
2025-11-04 21:55:50,5,66,20.4,99,14.2,997,1001.9,1,1.4,5,207.3,0
2025-11-04 22:00:50,5,66,20.4,99,14.3,997,1001.9,2,2.4,4,207.3,0
2025-11-04 22:05:50,5,66,20.4,99,14.4,996.9,1001.8,1.7,2.4,4,207.3,0
2025-11-04 22:10:50,5,66,20.4,99,14.5,997.1,1002,2.4,2.7,4,207.3,0
2025-11-04 22:15:50,5,66,20.4,99,14.5,997,1001.9,1.7,2.4,4,207.3,0
2025-11-04 22:20:56,5,66,20.3,99,14.6,997,1001.9,2,2.4,6,207.3,0
2025-11-04 22:25:51,5,66,20.4,99,14.6,997.1,1002,2,2.7,4,207.3,0
2025-11-04 22:30:51,5,66,20.4,99,14.7,997,1001.9,1.7,2,4,207.3,0
2025-11-04 22:35:51,5,66,20.4,99,14.7,997,1001.9,2,2.7,4,207.3,0
2025-11-04 22:40:51,5,66,20.3,99,14.7,996.9,1001.8,2.4,3.1,6,207.3,0
2025-11-04 22:45:51,5,66,20.3,99,14.7,996.7,1001.6,2.4,3.1,6,207.3,0
2025-11-04 22:50:51,5,66,20.3,99,14.7,996.8,1001.7,2,3.1,4,207.3,0
2025-11-04 22:55:51,5,66,20.3,99,14.7,996.6,1001.5,2.4,3.1,6,207.3,0
2025-11-04 23:00:51,5,66,20.3,99,14.6,996.6,1001.5,2.4,3.7,7,207.3,0
2025-11-04 23:05:51,5,66,20.2,99,14.7,996.7,1001.6,2.4,3.1,4,207.3,0
2025-11-04 23:10:51,5,66,20.3,99,14.7,996.7,1001.6,2.7,4.1,4,207.3,0
2025-11-04 23:15:51,5,66,20.2,99,14.8,996.6,1001.5,2.7,3.1,6,207.3,0
2025-11-04 23:20:51,5,66,20.2,99,14.8,996.6,1001.5,2,2.7,7,207.3,0
2025-11-04 23:25:51,5,66,20.3,99,14.9,996.4,1001.3,3.1,3.7,4,207.3,0
2025-11-04 23:30:51,5,66,20.2,99,14.9,996.5,1001.4,2.4,3.4,4,207.6,0
2025-11-04 23:35:51,5,66,20.2,99,14.9,996.3,1001.2,2.4,3.1,4,207.6,0
2025-11-04 23:40:51,5,66,20.2,99,14.9,996.3,1001.2,1.7,2.4,6,207.6,0
2025-11-04 23:45:51,5,66,20.2,99,14.9,996.3,1001.2,2.4,3.1,5,207.6,0
2025-11-04 23:50:51,5,66,20.2,99,14.9,996.5,1001.4,3.7,4.8,4,207.6,0
2025-11-04 23:55:51,5,66,20.2,99,15,996.5,1001.4,2.7,3.4,4,207.6,0
