2025-03-25 00:01:02,5,52,19.4,92,10.8,1021.5,1026.4,2.7,3.7,12,1758.6,0
2025-03-25 00:06:02,5,52,19.4,92,10.8,1021.6,1026.5,3.4,3.7,11,1758.6,0
2025-03-25 00:11:02,5,52,19.4,92,10.8,1021.7,1026.6,2,2.7,12,1758.6,0
2025-03-25 00:16:02,5,52,19.4,92,10.9,1021.7,1026.6,4.4,6.1,12,1758.6,0
2025-03-25 00:21:02,5,52,19.4,93,10.9,1021.7,1026.6,3.1,3.7,12,1758.6,0
2025-03-25 00:26:02,5,52,19.4,93,10.9,1021.7,1026.6,2.7,3.4,12,1758.6,0
2025-03-25 00:31:02,5,52,19.3,93,10.9,1021.6,1026.5,3.1,3.7,12,1758.6,0
2025-03-25 00:36:02,5,52,19.3,93,10.9,1021.8,1026.7,3.1,3.7,12,1758.6,0
2025-03-25 00:41:02,5,52,19.3,93,11,1021.6,1026.5,2.7,4.1,14,1758.6,0
2025-03-25 00:46:02,5,52,19.3,93,11,1021.7,1026.6,2.4,3.1,10,1758.6,0
2025-03-25 00:51:02,5,51,19.3,93,11,1021.7,1026.6,2,2.7,12,1758.6,0
2025-03-25 00:56:02,5,51,19.3,94,11,1021.7,1026.6,1.7,2,12,1758.6,0
2025-03-25 01:01:02,5,51,19.3,94,11.1,1021.6,1026.5,2.7,3.4,12,1758.6,0
2025-03-25 01:06:02,5,51,19.3,94,11.2,1021.7,1026.6,2.7,3.4,13,1758.6,0
2025-03-25 01:11:02,5,51,19.3,94,11.2,1021.6,1026.5,3.7,5.1,13,1758.6,0
2025-03-25 01:16:02,5,51,19.3,94,11.2,1021.6,1026.5,3.4,4.8,12,1758.6,0
2025-03-25 01:21:02,5,51,19.3,94,11.2,1021.6,1026.5,3.1,3.4,12,1758.6,0
2025-03-25 01:26:02,5,51,19.3,95,11.2,1021.6,1026.5,2.4,2.7,10,1758.6,0
2025-03-25 01:31:02,5,51,19.3,95,11.2,1021.7,1026.6,1.7,2,12,1758.6,0
2025-03-25 01:36:02,5,51,19.3,95,11.3,1021.6,1026.5,1.4,2,12,1758.6,0
2025-03-25 01:41:02,5,51,19.2,95,11.3,1021.5,1026.4,1,1.7,12,1758.6,0
2025-03-25 01:46:01,5,51,19.2,95,11.3,1021.7,1026.6,1.4,1.7,12,1758.6,0
2025-03-25 01:51:01,5,51,19.2,95,11.3,1021.6,1026.5,2.4,3.4,12,1758.6,0
2025-03-25 01:56:01,5,51,19.2,95,11.3,1021.6,1026.5,2.4,3.1,11,1758.6,0
2025-03-25 02:01:01,5,51,19.2,96,11.5,1021.6,1026.5,1.4,1.7,11,1758.6,0
2025-03-25 02:06:01,5,51,19.2,96,11.5,1021.6,1026.5,1.7,2.4,14,1758.6,0
2025-03-25 02:11:01,5,51,19.2,96,11.5,1021.5,1026.4,1.4,1.7,10,1758.6,0
2025-03-25 02:16:01,5,51,19.2,96,11.5,1021.6,1026.5,1.4,2,12,1758.6,0
2025-03-25 02:21:01,5,51,19.2,96,11.6,1021.5,1026.4,2,2.7,12,1758.6,0
2025-03-25 02:26:01,5,51,19.2,96,11.6,1021.5,1026.4,2,2.7,12,1758.6,0
2025-03-25 02:31:01,5,51,19.2,97,11.7,1021.5,1026.4,2.7,3.4,12,1758.6,0
2025-03-25 02:36:01,5,51,19.1,97,11.7,1021.4,1026.3,1.7,2,12,1758.6,0
2025-03-25 02:41:01,5,51,19,97,11.7,1021.6,1026.5,1,1.7,12,1758.6,0
2025-03-25 02:46:01,5,51,19.2,97,11.7,1021.5,1026.4,1.7,2.4,10,1758.6,0
2025-03-25 02:51:01,5,51,19.2,97,11.7,1021.4,1026.3,2,2.7,12,1758.6,0
2025-03-25 02:56:01,5,51,19,97,11.8,1021.5,1026.4,1.4,2,12,1758.6,0
2025-03-25 03:01:01,5,51,19.1,97,11.8,1021.6,1026.5,2,3.1,12,1758.6,0
2025-03-25 03:06:01,5,51,19.1,98,11.8,1021.5,1026.4,1.4,1.7,12,1758.6,0
2025-03-25 03:11:01,5,51,19.1,98,11.8,1021.6,1026.5,1.4,1.7,12,1758.6,0
2025-03-25 03:16:01,5,51,19.1,98,11.8,1021.5,1026.4,1,1.4,12,1758.6,0
2025-03-25 03:21:01,5,51,19.1,98,11.9,1021.5,1026.4,1.7,2.4,12,1758.6,0
2025-03-25 03:26:01,5,51,19,98,11.9,1021.5,1026.4,1.4,1.7,12,1758.6,0
2025-03-25 03:31:01,5,51,19.1,98,11.9,1021.6,1026.5,1,1.4,12,1758.6,0
2025-03-25 03:36:01,5,51,19.1,98,11.9,1021.8,1026.7,1,1.7,12,1758.6,0
2025-03-25 03:41:01,5,51,19,98,11.9,1021.7,1026.6,0.7,1.7,14,1758.6,0
2025-03-25 03:46:01,5,51,19,98,11.9,1021.9,1026.8,0.7,1,12,1758.6,0
2025-03-25 03:51:01,5,51,19,98,11.9,1021.8,1026.7,1.4,1.7,12,1758.6,0
2025-03-25 03:56:01,5,51,19,98,11.9,1022,1026.9,0.7,1,12,1758.6,0
2025-03-25 04:01:01,5,51,19,98,12,1021.8,1026.7,0.7,1,12,1758.6,0
2025-03-25 04:06:01,5,51,19,98,12,1021.8,1026.7,0.7,1,13,1758.6,0
2025-03-25 04:11:01,5,51,19,99,12,1021.8,1026.7,1,1.7,12,1758.6,0
2025-03-25 04:16:01,5,51,19,99,12,1021.8,1026.7,1.4,1.7,12,1758.6,0
2025-03-25 04:21:01,5,51,19,99,12,1021.9,1026.8,1.4,1.7,12,1758.6,0
2025-03-25 04:26:03,5,51,19,99,12,1021.9,1026.8,1,1.4,12,1758.6,0
2025-03-25 04:31:01,5,51,19,99,12.1,1021.8,1026.7,0.7,1.4,12,1758.6,0
2025-03-25 04:36:01,5,51,19,99,12.1,1021.9,1026.8,1,1.4,12,1758.6,0
2025-03-25 04:41:01,5,51,19,99,12.1,1021.8,1026.7,1,1.4,12,1758.6,0
2025-03-25 04:46:01,5,51,19,99,12.1,1021.8,1026.7,0.7,1,12,1758.6,0
2025-03-25 04:51:01,5,51,19,99,12,1022,1026.9,0.7,1,14,1758.6,0
2025-03-25 04:56:01,5,51,19,99,12.1,1022.1,1027,1.4,1.7,13,1758.6,0
2025-03-25 05:01:01,5,52,18.9,99,12.1,1022,1026.9,0.7,1.4,12,1758.6,0
2025-03-25 05:06:01,5,52,18.9,99,12.1,1022.2,1027.1,0.3,0.7,12,1758.6,0
2025-03-25 05:11:01,5,52,18.9,99,12.1,1022.2,1027.1,0.3,0.7,12,1758.6,0
2025-03-25 05:16:01,5,52,18.9,99,12.1,1022.1,1027,0.7,1,12,1758.6,0
2025-03-25 05:21:01,5,52,18.9,99,12.1,1022.3,1027.2,0.3,0.7,14,1758.6,0
2025-03-25 05:26:01,5,52,18.9,99,12.1,1022.3,1027.2,1.4,1.7,14,1758.6,0
2025-03-25 05:31:01,5,52,18.9,99,12.1,1022.3,1027.2,0.7,1,12,1758.6,0
2025-03-25 05:36:01,5,52,18.9,99,12.1,1022.4,1027.3,0.3,0.7,12,1758.6,0
2025-03-25 05:41:01,5,52,18.9,99,12.1,1022.4,1027.3,0.7,1,12,1758.6,0
2025-03-25 05:46:01,5,52,18.9,99,12.1,1022.3,1027.2,0.7,1,12,1758.6,0
2025-03-25 05:51:01,5,52,18.9,99,12.1,1022.5,1027.4,1,1.4,14,1758.6,0
2025-03-25 05:56:01,5,52,18.9,99,12.1,1022.6,1027.5,1.4,1.7,14,1758.6,0
2025-03-25 06:01:01,5,52,18.9,99,12.1,1022.7,1027.6,1.7,2.4,14,1758.6,0
2025-03-25 06:06:01,5,52,18.9,99,12,1022.6,1027.5,1,1.4,0,1758.6,0
2025-03-25 06:11:01,5,52,18.8,99,12,1022.6,1027.5,1.7,2.4,0,1758.6,0
2025-03-25 06:16:01,5,52,18.8,99,11.8,1022.8,1027.7,2.7,3.4,0,1758.6,0
2025-03-25 06:21:01,5,52,18.8,99,11.7,1022.8,1027.7,2,2.4,1,1758.6,0
2025-03-25 06:26:01,5,52,18.8,99,11.6,1022.8,1027.7,1.4,2,0,1758.6,0
2025-03-25 06:31:01,5,52,18.8,99,11.5,1022.9,1027.8,1.7,2.4,2,1758.6,0
2025-03-25 06:36:01,5,52,18.8,99,11.5,1022.9,1027.8,1.4,1.7,0,1758.6,0
2025-03-25 06:41:01,5,52,18.8,99,11.5,1022.9,1027.8,1.4,1.7,2,1758.6,0
2025-03-25 06:46:01,5,52,18.8,99,11.5,1023.1,1028,1,1.7,2,1758.6,0
2025-03-25 06:51:01,5,52,18.8,99,11.4,1023.2,1028.1,1.4,1.7,0,1758.6,0
2025-03-25 06:56:01,5,52,18.8,99,11.4,1023.3,1028.2,1,1.4,14,1758.6,0
2025-03-25 07:01:01,5,52,18.8,99,11.4,1023.4,1028.3,1,1.4,0,1758.6,0
2025-03-25 07:06:01,5,52,18.8,99,11.4,1023.4,1028.3,1,1.4,14,1758.6,0
2025-03-25 07:11:01,5,52,18.7,99,11.4,1023.6,1028.5,1,1.4,14,1758.6,0
2025-03-25 07:16:01,5,52,18.8,99,11.4,1023.5,1028.4,1,1.4,0,1758.6,0
2025-03-25 07:21:01,5,52,18.7,99,11.4,1023.6,1028.5,1,1.4,0,1758.6,0
2025-03-25 07:26:01,5,52,18.8,99,11.5,1023.7,1028.6,0.7,1,14,1758.6,0
2025-03-25 07:31:01,5,52,18.7,99,11.5,1023.7,1028.6,1,1.4,0,1758.6,0
2025-03-25 07:36:01,5,52,18.8,99,11.5,1023.7,1028.6,1,1.7,0,1758.6,0
2025-03-25 07:41:01,5,52,18.8,99,11.5,1023.8,1028.7,2.4,3.1,2,1758.6,0
2025-03-25 07:46:01,5,52,18.7,99,11.5,1023.8,1028.7,1.4,1.7,2,1758.6,0
2025-03-25 07:51:01,5,52,18.7,99,11.5,1023.8,1028.7,1.7,2,0,1758.6,0
2025-03-25 07:56:01,5,52,18.7,99,11.4,1023.8,1028.7,2,2.4,2,1758.6,0
2025-03-25 08:01:01,5,52,18.7,99,11.4,1024,1028.9,2.7,3.4,2,1758.6,0
2025-03-25 08:06:01,5,52,18.8,99,11.5,1023.8,1028.7,1.7,2.4,0,1758.6,0
2025-03-25 08:11:01,5,53,18.8,99,11.5,1023.8,1028.7,1.7,2.4,0,1758.6,0
2025-03-25 08:16:01,5,52,18.7,99,11.6,1023.9,1028.8,1.4,2,2,1758.6,0
2025-03-25 08:21:01,5,52,18.8,99,11.6,1024,1028.9,1.7,2,2,1758.6,0
2025-03-25 08:26:01,5,52,18.7,99,11.6,1024.1,1029,1.4,2,0,1758.6,0
2025-03-25 08:31:01,5,53,18.8,99,11.7,1024,1028.9,1.4,1.7,14,1758.6,0
2025-03-25 08:36:01,5,52,18.8,99,11.7,1024.2,1029.1,1,1.4,1,1758.6,0
2025-03-25 08:41:01,5,53,18.8,99,11.7,1024.2,1029.1,1.4,2,0,1758.6,0
2025-03-25 08:46:01,5,53,18.8,99,12,1024.3,1029.2,0.7,1.4,14,1758.6,0
2025-03-25 08:51:01,5,53,18.8,99,11.9,1024.1,1029,1.4,1.7,0,1758.6,0
2025-03-25 08:56:01,5,53,18.8,99,11.8,1024.3,1029.2,1.4,2,0,1758.9,0
2025-03-25 09:01:01,5,53,18.9,99,11.7,1024.5,1029.4,2.4,3.4,13,1758.9,0
2025-03-25 09:06:01,5,53,18.9,99,11.4,1024.4,1029.3,2.4,3.4,2,1758.9,0
2025-03-25 09:11:01,5,53,18.9,99,11.5,1024.4,1029.3,2,2.7,2,1758.9,0
2025-03-25 09:16:01,5,53,18.9,99,11.2,1024.5,1029.4,2.4,3.1,0,1758.9,0
2025-03-25 09:21:01,5,52,19,99,10.8,1024.5,1029.4,2.7,3.7,0,1758.9,0
2025-03-25 09:26:01,5,52,19,99,10.7,1024.5,1029.4,1.7,3.4,2,1758.9,0
2025-03-25 09:31:01,5,53,19.1,98,10.5,1024.5,1029.4,1.4,2,14,1758.9,0
2025-03-25 09:36:01,5,53,19.1,98,10.6,1024.5,1029.4,1,1.7,2,1758.9,0
2025-03-25 09:41:01,5,53,19.2,97,10.3,1024.5,1029.4,1.7,2.4,2,1758.9,0
2025-03-25 09:46:01,5,53,19.2,95,10.3,1024.4,1029.3,1.7,2.4,2,1758.9,0
2025-03-25 09:51:01,5,53,19.3,93,10.5,1024.6,1029.5,1,1.7,2,1758.9,0
2025-03-25 09:56:01,5,53,19.4,91,10.5,1024.5,1029.4,1.4,2,2,1758.9,0
2025-03-25 10:01:01,5,53,19.4,87,10.3,1024.6,1029.5,1.7,3.1,4,1758.9,0
2025-03-25 10:06:01,5,53,19.5,83,10.4,1024.6,1029.5,2,2.4,2,1758.9,0
2025-03-25 10:11:01,5,53,19.5,81,10.6,1024.6,1029.5,1.4,1.7,0,1758.9,0
2025-03-25 10:16:01,5,53,19.6,79,10.6,1024.7,1029.6,1.4,1.7,2,1758.9,0
2025-03-25 10:21:01,5,53,19.6,77,10.8,1024.6,1029.5,2,2.4,0,1758.9,0
2025-03-25 10:26:01,5,53,19.7,76,11.1,1024.6,1029.5,1.7,2.4,0,1758.9,0
2025-03-25 10:31:01,5,53,19.7,75,11.4,1024.6,1029.5,1,1.4,14,1758.9,0
2025-03-25 10:36:01,5,53,19.7,75,11.8,1024.5,1029.4,0.3,0.7,0,1758.9,0
2025-03-25 10:41:01,5,53,19.7,74,11.8,1024.6,1029.5,1,1.4,2,1758.9,0
2025-03-25 10:46:01,5,53,19.8,73,11.8,1024.5,1029.4,0.3,1,14,1758.9,0
2025-03-25 10:51:01,5,52,19.7,72,12,1024.5,1029.4,1.7,2.4,0,1758.9,0
2025-03-25 10:56:01,5,52,19.8,71,11.9,1024.8,1029.7,1.4,2,1,1758.9,0
2025-03-25 11:01:01,5,52,19.8,72,12,1024.6,1029.5,0.7,1,0,1758.9,0
2025-03-25 11:06:01,5,52,19.8,72,12.1,1024.7,1029.6,0.7,1.4,14,1758.9,0
2025-03-25 11:11:01,5,52,19.8,71,12,1024.6,1029.5,0.7,1.7,0,1758.9,0
2025-03-25 11:16:01,5,52,19.9,71,12,1024.7,1029.6,1.7,2.4,14,1758.9,0
2025-03-25 11:21:01,5,52,19.9,71,11.9,1024.7,1029.6,1.4,1.7,14,1758.9,0
2025-03-25 11:26:01,5,51,20,71,11.9,1024.8,1029.7,0.7,1,12,1758.9,0
2025-03-25 11:31:01,5,51,20,71,12,1024.8,1029.7,0.7,0.7,12,1758.9,0
2025-03-25 11:36:01,5,50,20,71,12,1024.8,1029.7,1.7,2.4,12,1758.9,0
2025-03-25 11:41:01,5,50,20,70,11.9,1024.6,1029.5,1.4,1.7,14,1758.9,0
2025-03-25 11:46:01,5,50,20,70,11.9,1024.6,1029.5,1.7,2.4,14,1758.9,0
2025-03-25 11:51:01,5,50,20,70,12,1024.6,1029.5,1.4,1.7,14,1758.9,0
2025-03-25 11:56:01,5,50,20.1,70,12.1,1024.6,1029.5,1,1.4,12,1758.9,0
2025-03-25 12:01:01,5,50,20.1,64,12.5,1024.6,1029.5,0,0.3,2,1758.9,0
2025-03-25 12:06:01,5,50,20.1,62,12.6,1024.7,1029.6,0,0.3,0,1758.9,0
2025-03-25 12:11:01,5,50,20.1,62,12.6,1024.8,1029.7,1.4,1.7,14,1758.9,0
2025-03-25 12:16:01,5,50,20.1,62,12.5,1024.7,1029.6,2,2.7,14,1758.9,0
2025-03-25 12:21:01,5,50,20.1,64,12.3,1024.7,1029.6,1.4,2,14,1758.9,0
2025-03-25 12:26:01,5,50,20.2,65,12.2,1024.7,1029.6,1,1.4,0,1758.9,0
2025-03-25 12:31:01,5,50,20.2,65,12.4,1024.8,1029.7,1.4,2.7,14,1758.9,0
2025-03-25 12:36:01,5,50,20.3,64,12.3,1024.8,1029.7,1,2,13,1758.9,0
2025-03-25 12:41:01,5,50,20.3,64,12.4,1024.8,1029.7,1.7,2.4,14,1758.9,0
2025-03-25 12:46:01,5,50,20.3,65,12.4,1025,1029.9,1.7,2.7,14,1758.9,0
2025-03-25 12:51:01,5,50,20.3,64,12.3,1025.1,1030,1.7,2,13,1758.9,0
2025-03-25 12:56:01,5,50,20.4,65,12.3,1025,1029.9,1.4,2,12,1758.9,0
2025-03-25 13:01:01,5,50,20.3,65,12.4,1025,1029.9,2,2.7,12,1758.9,0
2025-03-25 13:06:01,5,50,20.3,65,12.3,1025,1029.9,2,2.7,14,1758.9,0
2025-03-25 13:11:01,5,50,20.3,65,12.2,1025,1029.9,3.4,4.4,0,1758.9,0
2025-03-25 13:16:01,5,50,20.3,65,12.1,1025.1,1030,1.7,2,14,1758.9,0
2025-03-25 13:21:01,5,50,20.3,66,12.3,1025.1,1030,1.4,2,0,1758.9,0
2025-03-25 13:26:01,5,50,20.3,65,12.4,1025.1,1030,2,3.1,14,1758.9,0
2025-03-25 13:31:01,5,50,20.2,65,12.4,1025,1029.9,2,2.4,0,1758.9,0
2025-03-25 13:36:01,5,50,20.2,61,12.5,1025.1,1030,1.7,2.4,2,1758.9,0
2025-03-25 13:41:01,5,50,20.3,61,12.6,1025.2,1030.1,2,2.4,0,1758.9,0
2025-03-25 13:46:01,5,50,20.3,60,12.6,1025,1029.9,1.4,2,0,1758.9,0
2025-03-25 13:51:01,5,50,20.3,60,12.6,1025.2,1030.1,1.7,2.4,1,1758.9,0
2025-03-25 13:56:01,5,50,20.3,60,12.8,1025.1,1030,0.7,1,14,1758.9,0
2025-03-25 14:01:01,5,51,20.3,60,13,1024.8,1029.7,0.3,1,2,1758.9,0
2025-03-25 14:06:01,5,51,20.3,58,13.2,1024.7,1029.6,0.3,1,10,1758.9,0
2025-03-25 14:11:01,5,51,20.4,59,13.5,1024.8,1029.7,1,1.4,14,1758.9,0
2025-03-25 14:16:01,5,51,20.4,59,13.4,1024.7,1029.6,1,1.7,14,1758.9,0
2025-03-25 14:21:01,5,51,20.4,58,13.2,1024.7,1029.6,1,1.4,0,1758.9,0
2025-03-25 14:26:01,5,51,20.4,59,13.1,1024.8,1029.7,0.7,1,14,1758.9,0
2025-03-25 14:31:01,5,51,20.5,59,13.5,1024.7,1029.6,1.4,2,14,1758.9,0
2025-03-25 14:36:01,5,51,20.5,57,13.4,1024.7,1029.6,0.7,1,0,1758.9,0
2025-03-25 14:41:01,5,51,20.5,56,13.3,1024.8,1029.7,0.7,1.4,13,1758.9,0
2025-03-25 14:46:01,5,51,20.5,57,13.3,1024.7,1029.6,0.7,1,12,1758.9,0
2025-03-25 14:51:01,5,51,20.6,59,13.7,1024.8,1029.7,1,1.4,0,1758.9,0
2025-03-25 14:56:01,5,51,20.7,57,13.6,1024.8,1029.7,1,2,2,1758.9,0
2025-03-25 15:01:01,5,51,20.7,58,13.5,1024.7,1029.6,0.3,0.7,0,1758.9,0
2025-03-25 15:06:01,5,51,20.7,58,13.5,1024.7,1029.6,1.4,1.7,12,1758.9,0
2025-03-25 15:11:01,5,51,20.7,57,13.4,1024.6,1029.5,0.7,1.4,0,1758.9,0
2025-03-25 15:16:01,5,51,20.7,59,14,1024.4,1029.3,0,0.7,0,1758.9,0
2025-03-25 15:21:01,5,51,20.7,58,14.4,1024.4,1029.3,0.3,0.7,15,1758.9,0
2025-03-25 15:26:01,5,51,20.8,55,14.4,1024.4,1029.3,1,1.4,1,1758.9,0
2025-03-25 15:31:01,5,51,20.8,55,14.7,1024.2,1029.1,0.7,1,12,1758.9,0
2025-03-25 15:36:01,5,51,20.8,53,14.7,1024.1,1029,1,1.4,4,1758.9,0
2025-03-25 15:41:01,5,51,20.9,53,14.4,1024,1028.9,0.7,1.4,2,1758.9,0
2025-03-25 15:46:01,5,52,20.8,53,15.2,1024,1028.9,1.4,1.7,14,1758.9,0
2025-03-25 15:51:01,5,51,21,52,15.3,1024.2,1029.1,1.4,1.7,14,1758.9,0
2025-03-25 15:56:01,5,51,21,53,16.1,1024.1,1029,0.7,1.4,2,1758.9,0
2025-03-25 16:01:01,5,51,21.1,50,16.4,1023.8,1028.7,1.4,1.7,12,1758.9,0
2025-03-25 16:06:01,5,51,21.1,50,15.6,1023.9,1028.8,1,1.7,0,1758.9,0
2025-03-25 16:11:01,5,51,21,51,15.1,1024.1,1029,2,2.7,0,1758.9,0
2025-03-25 16:16:01,5,51,21,51,14.9,1023.9,1028.8,0.7,1,0,1758.9,0
2025-03-25 16:21:01,5,51,21.4,51,14.5,1023.8,1028.7,1,1.7,2,1758.9,0
2025-03-25 16:26:01,5,51,21.4,52,14,1023.9,1028.8,0.7,1,4,1758.9,0
2025-03-25 16:31:01,5,51,21.4,54,13.8,1023.8,1028.7,0.7,1,2,1758.9,0
2025-03-25 16:36:01,5,51,21.4,54,14,1023.8,1028.7,1,1.7,2,1758.9,0
2025-03-25 16:41:01,5,51,21.4,54,14.3,1023.8,1028.7,1,1.7,0,1758.9,0
2025-03-25 16:46:01,5,51,21.5,53,15.2,1023.7,1028.6,0.3,0.7,2,1758.9,0
2025-03-25 16:51:01,5,51,21.5,52,16,1023.8,1028.7,0.3,0.7,14,1758.9,0
2025-03-25 16:56:01,5,51,21.7,50,16.1,1023.9,1028.8,0.3,1,4,1758.9,0
2025-03-25 17:01:01,5,51,21.7,50,15.5,1024,1028.9,0.3,1,3,1758.9,0
2025-03-25 17:06:01,5,51,21.7,51,15.1,1023.9,1028.8,0.7,1.4,2,1758.9,0
2025-03-25 17:11:01,5,51,21.8,51,14.9,1024,1028.9,0,0.3,12,1758.9,0
2025-03-25 17:16:01,5,51,21.8,53,14.4,1024,1028.9,1.4,1.7,12,1758.9,0
2025-03-25 17:21:01,5,51,21.8,54,13.9,1024,1028.9,0.7,1,12,1758.9,0
2025-03-25 17:26:01,5,51,21.8,56,13.7,1024,1028.9,0.3,0.7,12,1758.9,0
2025-03-25 17:31:01,5,51,21.8,56,13.7,1024,1028.9,0,0,0,1758.9,0
2025-03-25 17:36:01,5,50,21.8,56,13.5,1024.1,1029,0.7,1,12,1758.9,0
2025-03-25 17:41:01,5,50,21.8,57,13.4,1024,1028.9,1.4,1.7,14,1758.9,0
2025-03-25 17:46:01,5,50,21.7,57,13.3,1024,1028.9,0.7,1,14,1758.9,0
2025-03-25 17:51:01,5,50,21.7,58,13.2,1023.9,1028.8,0.3,0.7,13,1758.9,0
2025-03-25 17:56:01,5,50,21.7,57,13.1,1024,1028.9,0.7,1.4,14,1758.9,0
2025-03-25 18:01:01,5,50,21.5,57,13,1024.1,1029,1,1.4,14,1758.9,0
2025-03-25 18:06:01,5,50,21.5,58,13.4,1024.2,1029.1,0.3,0.7,14,1758.9,0
2025-03-25 18:11:01,5,50,21.5,57,14,1024.1,1029,0.3,0.7,14,1758.9,0
2025-03-25 18:16:01,5,50,21.4,55,13.8,1024.1,1029,0.7,1,14,1758.9,0
2025-03-25 18:21:01,5,50,21.5,55,13.5,1024,1028.9,0.3,0.7,14,1758.9,0
2025-03-25 18:26:01,5,49,21.5,56,12.9,1023.8,1028.7,0.3,0.7,14,1758.9,0
2025-03-25 18:31:01,5,49,21.5,61,12.4,1023.9,1028.8,0.3,0.7,14,1758.9,0
2025-03-25 18:36:01,5,49,21.5,61,12,1024,1028.9,0,0,14,1758.9,0
2025-03-25 18:41:01,5,49,21.4,62,11.6,1024,1028.9,0.7,0.7,12,1758.9,0
2025-03-25 18:46:01,5,49,21.4,63,11.2,1024.1,1029,0.3,0.3,12,1758.9,0
2025-03-25 18:51:01,5,49,21.3,64,10.9,1024.1,1029,0,0,12,1758.9,0
2025-03-25 18:56:01,5,49,21,65,10.6,1024.1,1029,0,0,12,1758.9,0
2025-03-25 19:01:01,5,49,21.1,65,10.3,1024,1028.9,0,0,12,1758.9,0
2025-03-25 19:06:01,5,49,21,66,10,1024.1,1029,0,0,12,1758.9,0
2025-03-25 19:11:01,5,49,21,67,9.8,1024.3,1029.2,0,0,12,1758.9,0
2025-03-25 19:16:01,5,49,21,67,9.4,1024.3,1029.2,0,0,12,1758.9,0
2025-03-25 19:21:01,5,49,21,68,9.3,1024.1,1029,0,0,12,1758.9,0
2025-03-25 19:26:01,5,50,20.9,69,9.2,1024.4,1029.3,0,0,12,1758.9,0
2025-03-25 19:31:01,5,50,20.8,70,9,1024.5,1029.4,0.3,0.7,8,1758.9,0
2025-03-25 19:36:01,5,50,20.7,70,8.8,1024.5,1029.4,0,0,8,1758.9,0
2025-03-25 19:41:01,5,50,20.7,70,8.5,1024.5,1029.4,0,0,8,1758.9,0
2025-03-25 19:46:01,5,50,20.6,71,8.4,1024.6,1029.5,0.3,0.7,8,1758.9,0
2025-03-25 19:51:01,5,50,20.7,71,8.3,1024.4,1029.3,0.3,0.7,8,1758.9,0
2025-03-25 19:56:01,5,51,20.6,72,8.4,1024.4,1029.3,0.3,0.7,8,1758.9,0
2025-03-25 20:01:01,5,51,20.6,73,8.4,1024.4,1029.3,0,0,8,1758.9,0
2025-03-25 20:06:01,5,51,20.7,73,8.3,1024.4,1029.3,0.3,0.7,7,1758.9,0
2025-03-25 20:11:01,5,51,20.7,73,8.1,1024.5,1029.4,0,0.3,6,1758.9,0
2025-03-25 20:16:01,5,51,20.7,73,7.9,1024.4,1029.3,0,0.3,10,1758.9,0
2025-03-25 20:21:01,5,51,20.7,73,7.9,1024.4,1029.3,0,0,10,1758.9,0
2025-03-25 20:26:01,5,51,20.8,73,7.9,1024.5,1029.4,0.3,0.7,8,1758.9,0
2025-03-25 20:31:01,5,51,20.8,74,8,1024.4,1029.3,0,0,8,1758.9,0
2025-03-25 20:36:01,5,51,20.9,75,8.1,1024.4,1029.3,0.3,0.7,6,1758.9,0
2025-03-25 20:41:01,5,50,21,76,8.2,1024.4,1029.3,0.3,0.7,6,1758.9,0
2025-03-25 20:46:01,5,51,20.9,76,8.2,1024.3,1029.2,1.7,2.4,6,1758.9,0
2025-03-25 20:51:01,5,50,21,76,8.1,1024.3,1029.2,0.7,1,6,1758.9,0
2025-03-25 20:56:01,5,50,21,76,8,1024.2,1029.1,0,0,11,1758.9,0
2025-03-25 21:01:01,5,50,21.1,76,8,1024.4,1029.3,0,0,6,1758.9,0
2025-03-25 21:06:01,5,50,21.1,76,8,1024.4,1029.3,0.3,0.7,12,1758.9,0
2025-03-25 21:11:01,5,50,21.1,77,8,1024.4,1029.3,0,0.3,12,1758.9,0
2025-03-25 21:16:01,5,50,21.1,77,8,1024.5,1029.4,0.3,0.7,12,1758.9,0
2025-03-25 21:21:01,5,50,21.1,78,8.1,1024.6,1029.5,0.3,0.7,12,1758.9,0
2025-03-25 21:26:01,5,50,21.1,78,8.2,1024.7,1029.6,0,0,10,1758.9,0
2025-03-25 21:31:01,5,50,21.1,78,8.3,1024.6,1029.5,0,0,10,1758.9,0
2025-03-25 21:36:01,5,50,21.1,78,8.3,1024.4,1029.3,0,0.3,12,1758.9,0
2025-03-25 21:41:01,5,49,21,79,8.4,1024.5,1029.4,0,0,8,1758.9,0
2025-03-25 21:46:01,5,49,21,79,8.6,1024.5,1029.4,0,0.3,10,1758.9,0
2025-03-25 21:51:01,5,49,21,79,8.8,1024.5,1029.4,0,0.3,10,1758.9,0
2025-03-25 21:56:01,5,49,21,79,8.9,1024.4,1029.3,0,0.3,10,1758.9,0
2025-03-25 22:01:01,5,49,21.1,79,9,1024.5,1029.4,0,0,12,1758.9,0
2025-03-25 22:06:01,5,49,21,78,8.9,1024.6,1029.5,0,0,12,1758.9,0
2025-03-25 22:11:01,5,50,20.9,77,8.8,1024.6,1029.5,0.3,0.7,12,1758.9,0
2025-03-25 22:16:01,5,50,20.9,77,8.7,1024.6,1029.5,0,0.3,12,1758.9,0
2025-03-25 22:21:01,5,50,20.9,77,8.7,1024.6,1029.5,0,0,12,1758.9,0
2025-03-25 22:26:01,5,50,20.9,77,8.6,1024.5,1029.4,0,0.3,12,1758.9,0
2025-03-25 22:31:01,5,50,20.8,76,8.4,1024.4,1029.3,0.7,1,12,1758.9,0
2025-03-25 22:36:01,5,50,20.6,76,8.1,1024.4,1029.3,0,0,12,1758.9,0
2025-03-25 22:41:01,5,50,20.7,76,7.9,1024.5,1029.4,0,0,12,1758.9,0
2025-03-25 22:46:01,5,50,20.6,76,7.7,1024.5,1029.4,0,0,12,1758.9,0
2025-03-25 22:51:01,5,50,20.6,76,7.6,1024.5,1029.4,0.7,1,6,1758.9,0
2025-03-25 22:56:01,5,50,20.5,77,7.5,1024.6,1029.5,0,0.7,12,1758.9,0
2025-03-25 23:01:01,5,50,20.5,82,7.3,1024.6,1029.5,0,0,12,1758.9,0
2025-03-25 23:06:01,5,50,20.4,83,7.2,1024.5,1029.4,0.3,0.7,8,1758.9,0
2025-03-25 23:11:01,5,50,20.4,83,7.1,1024.6,1029.5,0,0,8,1758.9,0
2025-03-25 23:16:01,5,50,20.4,84,7.2,1024.6,1029.5,0.3,0.7,8,1758.9,0
2025-03-25 23:21:01,5,50,20.3,84,7.2,1024.6,1029.5,0.3,0.7,8,1758.9,0
2025-03-25 23:26:01,5,50,20.3,85,7.3,1024.4,1029.3,0.3,0.7,6,1758.9,0
2025-03-25 23:31:01,5,50,20.3,86,7.2,1024.3,1029.2,0,0.3,6,1758.9,0
2025-03-25 23:36:01,5,50,20.2,86,7,1024.4,1029.3,0.7,1,6,1758.9,0
2025-03-25 23:41:01,5,50,20.2,86,6.8,1024.2,1029.1,0,0.3,10,1758.9,0
2025-03-25 23:46:01,5,50,20.2,86,6.5,1024.2,1029.1,0.3,0.7,8,1758.9,0
2025-03-25 23:51:01,5,50,20.1,86,6.5,1024.3,1029.2,0,0.3,10,1758.9,0
2025-03-25 23:57:01,6,50,20,87,6.5,1024.2,1029.1,0,0,10,1758.9,0
