2018-06-27 00:00:54,5,43,25.2,66,16.4,1021.1,1026,0,0,4,348.6,0
2018-06-27 00:05:54,5,43,25.2,66,16.2,1021.2,1026.1,0,0.3,4,348.6,0
2018-06-27 00:10:54,5,43,25.2,67,15.9,1021.1,1026,0.7,1.4,4,348.6,0
2018-06-27 00:15:54,5,43,25.1,67,15.7,1021.2,1026.1,0,0,4,348.6,0
2018-06-27 00:20:54,5,43,25.1,68,15.5,1021.2,1026.1,0.3,0.7,2,348.6,0
2018-06-27 00:25:54,5,43,25,69,15.5,1021.4,1026.3,0,0,0,348.6,0
2018-06-27 00:30:54,5,43,25.1,69,15.4,1021.2,1026.1,0.3,0.7,2,348.6,0
2018-06-27 00:35:54,5,43,25,70,15.3,1021.5,1026.4,0.3,0.7,10,348.6,0
2018-06-27 00:40:54,5,43,25,70,15.1,1021.4,1026.3,0.3,0.7,2,348.6,0
2018-06-27 00:45:54,5,43,25,71,15,1021.4,1026.3,0,0,0,348.6,0
2018-06-27 00:50:54,5,43,25,71,14.9,1021.5,1026.4,0.3,0.7,2,348.6,0
2018-06-27 00:55:54,5,44,24.9,72,14.9,1021.5,1026.4,0,0.7,4,348.6,0
2018-06-27 01:00:54,5,44,24.9,72,14.8,1021.6,1026.5,0,0.3,4,348.6,0
2018-06-27 01:05:54,5,44,24.9,72,14.6,1021.8,1026.7,0,0.3,10,348.6,0
2018-06-27 01:10:54,5,44,24.9,74,14.6,1021.6,1026.5,0.3,0.7,4,348.6,0
2018-06-27 01:15:54,5,44,24.9,73,15.1,1021.5,1026.4,0.3,1,4,348.6,0
2018-06-27 01:20:54,5,44,24.9,72,15.2,1021.7,1026.6,0,0.3,4,348.6,0
2018-06-27 01:25:54,5,44,24.8,71,15.1,1021.5,1026.4,0,0.3,4,348.6,0
2018-06-27 01:30:54,5,44,24.8,71,15.1,1021.5,1026.4,0,0.7,4,348.6,0
2018-06-27 01:35:54,5,44,24.8,71,15.1,1021.6,1026.5,0,0,4,348.6,0
2018-06-27 01:40:54,5,44,24.8,71,14.8,1021.7,1026.6,0,0.7,10,348.6,0
2018-06-27 01:45:54,5,44,24.7,72,14.6,1021.7,1026.6,0,0.3,10,348.6,0
2018-06-27 01:50:54,5,44,24.7,72,14.4,1021.6,1026.5,0,0.3,2,348.6,0
2018-06-27 01:55:54,5,44,24.7,72,14.2,1021.7,1026.6,0,0,2,348.6,0
2018-06-27 02:00:54,5,44,24.6,72,14,1021.6,1026.5,0,0,2,348.6,0
2018-06-27 02:05:54,5,44,24.6,73,13.8,1021.5,1026.4,0,0.7,2,348.6,0
2018-06-27 02:10:54,5,44,24.6,75,13.6,1021.6,1026.5,0.3,0.7,2,348.6,0
2018-06-27 02:15:54,5,44,24.6,75,13.5,1021.6,1026.5,0,0.3,2,348.6,0
2018-06-27 02:20:54,5,44,24.6,76,13.6,1021.6,1026.5,0.3,0.7,2,348.6,0
2018-06-27 02:25:54,5,44,24.5,76,13.7,1021.7,1026.6,0,0.3,2,348.6,0
2018-06-27 02:30:54,5,44,24.5,76,13.5,1021.7,1026.6,0,0,12,348.6,0
2018-06-27 02:35:54,5,44,24.5,76,13.3,1021.7,1026.6,0,0,2,348.6,0
2018-06-27 02:40:54,5,44,24.5,76,13.3,1021.8,1026.7,0,0.3,4,348.6,0
2018-06-27 02:45:54,5,44,24.5,76,13.2,1021.8,1026.7,0,0.3,4,348.6,0
2018-06-27 02:50:54,5,44,24.5,76,13.3,1021.7,1026.6,0,0,4,348.6,0
2018-06-27 02:55:54,5,44,24.5,76,13.4,1021.7,1026.6,0,0.3,4,348.6,0
2018-06-27 03:00:54,5,44,24.4,76,13.5,1021.8,1026.7,0,0,4,348.6,0
2018-06-27 03:05:54,5,45,24.4,76,13.6,1021.8,1026.7,0,0,4,348.6,0
2018-06-27 03:10:54,5,45,24.4,76,13.9,1021.7,1026.6,0,0,4,348.6,0
2018-06-27 03:15:54,5,45,24.4,76,13.9,1021.8,1026.7,0,0,,348.6,0
2018-06-27 03:20:54,5,45,24.4,76,13.8,1021.9,1026.8,0,0.3,10,348.6,0
2018-06-27 03:25:54,5,45,24.4,76,13.6,1021.9,1026.8,0,0.3,,348.6,0
2018-06-27 03:30:54,5,45,24.3,76,13.7,1021.9,1026.8,0,0,,348.6,0
2018-06-27 03:35:54,5,45,24.3,76,13.8,1021.9,1026.8,0,0,4,348.6,0
2018-06-27 03:40:54,5,45,24.3,76,13.9,1021.7,1026.6,0,0,4,348.6,0
2018-06-27 03:45:54,5,45,24.3,76,14,1021.7,1026.6,0,0.7,4,348.6,0
2018-06-27 03:50:54,5,45,24.3,76,14.3,1021.7,1026.6,0,0,2,348.6,0
2018-06-27 03:55:54,5,45,24.3,76,14.2,1021.8,1026.7,0,0,4,348.6,0
2018-06-27 04:00:54,5,45,24.2,75,14,1021.6,1026.5,0,0,4,348.6,0
2018-06-27 04:05:54,5,45,24.2,76,13.8,1021.7,1026.6,0,0,2,348.6,0
2018-06-27 04:10:54,5,45,24.2,76,13.8,1021.6,1026.5,0,0.3,2,348.6,0
2018-06-27 04:15:54,5,45,24.2,76,13.7,1021.6,1026.5,0,0,2,348.6,0
2018-06-27 04:20:54,5,45,24.1,77,13.8,1021.6,1026.5,0,0,2,348.6,0
2018-06-27 04:25:54,5,45,24.2,77,13.8,1021.5,1026.4,0,0.3,10,348.6,0
2018-06-27 04:30:54,5,45,24.1,77,14.1,1021.6,1026.5,0,0.7,4,348.6,0
2018-06-27 04:35:54,5,45,24.1,77,14.3,1021.7,1026.6,0,0.3,2,348.6,0
2018-06-27 04:40:54,5,45,24.2,76,14.2,1021.6,1026.5,0,0.3,2,348.6,0
2018-06-27 04:45:54,5,45,24.2,77,14.6,1021.7,1026.6,0,0.3,2,348.6,0
2018-06-27 04:50:54,5,45,24.1,76,15.1,1021.6,1026.5,0,0,2,348.6,0
2018-06-27 04:55:54,5,45,24.2,77,15.9,1021.8,1026.7,0,0,2,348.6,0
2018-06-27 05:00:54,5,45,24.2,75,16.8,1021.8,1026.7,0,0,4,348.6,0
2018-06-27 05:05:54,5,45,24.1,72,17.2,1021.8,1026.7,0,0,4,348.6,0
2018-06-27 05:10:54,5,46,24.2,71,17.7,1021.8,1026.7,0,0.7,4,348.6,0
2018-06-27 05:15:54,5,46,24.2,70,17.6,1021.8,1026.7,0.3,0.7,4,348.6,0
2018-06-27 05:20:54,5,46,24.2,68,17.6,1021.9,1026.8,0,0.3,8,348.6,0
2018-06-27 05:25:54,5,46,24.2,68,17.8,1021.8,1026.7,0.3,0.7,4,348.6,0
2018-06-27 05:30:54,5,46,24.2,68,18.2,1021.8,1026.7,0.3,1,4,348.6,0
2018-06-27 05:35:54,5,46,24.3,68,18.6,1021.8,1026.7,0.3,0.7,4,348.6,0
2018-06-27 05:40:54,5,46,24.3,67,19.3,1021.8,1026.7,0.3,0.7,4,348.6,0
2018-06-27 05:45:54,5,46,24.3,66,19.6,1021.9,1026.8,0.7,1,4,348.6,0
2018-06-27 05:50:54,5,46,24.3,65,20.2,1022,1026.9,0.7,1,0,348.6,0
2018-06-27 05:55:54,5,46,24.3,63,20.5,1022,1026.9,1,1.7,2,348.6,0
2018-06-27 06:00:54,5,47,24.4,62,20.4,1021.9,1026.8,0.7,1.4,2,348.6,0
2018-06-27 06:05:54,5,47,24.3,64,19.9,1022,1026.9,0.3,0.7,4,348.6,0
2018-06-27 06:10:54,5,47,24.3,65,19.7,1021.9,1026.8,0.7,1,0,348.6,0
2018-06-27 06:15:54,5,47,24.3,65,19.6,1022,1026.9,0.3,0.7,2,348.6,0
2018-06-27 06:20:54,5,47,24.4,65,20.7,1021.9,1026.8,0.3,0.7,4,348.6,0
2018-06-27 06:25:54,5,47,24.4,62,21.9,1022,1026.9,0,0.7,4,348.6,0
2018-06-27 06:30:54,5,47,24.4,59,22.9,1022,1026.9,0.3,0.7,2,348.6,0
2018-06-27 06:35:54,5,47,24.4,56,23.4,1022.2,1027.1,0,0.3,2,348.6,0
2018-06-27 06:40:54,5,47,24.5,53,23.8,1022.2,1027.1,0.7,1,2,348.6,0
2018-06-27 06:45:54,5,47,24.4,51,23.4,1022.2,1027.1,0.7,1.7,2,348.6,0
2018-06-27 06:50:54,5,47,24.5,53,22.5,1022.1,1027,1,1.4,2,348.6,0
2018-06-27 06:55:54,5,47,24.5,54,21.9,1022.1,1027,0.7,1.4,2,348.6,0
2018-06-27 07:00:54,5,47,24.5,53,22.4,1022.2,1027.1,1.4,2,2,348.6,0
2018-06-27 07:05:54,5,47,24.5,52,22.5,1022.1,1027,1,1.7,2,348.6,0
2018-06-27 07:10:54,5,47,24.5,52,22.4,1022.1,1027,1,1.4,2,348.6,0
2018-06-27 07:15:54,5,47,24.6,54,22.4,1022.2,1027.1,1,1.7,2,348.6,0
2018-06-27 07:20:54,5,47,24.6,53,22.3,1022,1026.9,1,1.7,2,348.6,0
2018-06-27 07:25:54,5,48,24.6,54,22,1022.1,1027,1.7,2.4,2,348.6,0
2018-06-27 07:30:54,5,48,24.6,54,22,1022.2,1027.1,1.4,1.7,2,348.6,0
2018-06-27 07:35:54,5,48,24.6,54,22.2,1022,1026.9,1,1.7,2,348.6,0
2018-06-27 07:41:54,6,49,24.6,54,22.9,1022.1,1027,1,1.7,4,348.6,0
2018-06-27 07:46:54,5,49,24.6,51,23.2,1022.1,1027,1.4,2,0,348.6,0
2018-06-27 07:51:54,5,49,24.6,52,22.7,1022.1,1027,1,1.4,0,348.6,0
2018-06-27 07:56:54,5,49,24.5,51,23,1022.3,1027.2,1.4,2.4,2,348.6,0
2018-06-27 08:01:54,5,49,24.5,50,23,1022.2,1027.1,1.4,2.4,2,348.6,0
2018-06-27 08:06:54,5,49,24.5,51,22.8,1022.2,1027.1,1,1.4,4,348.6,0
2018-06-27 08:11:54,5,49,24.5,51,22.9,1022.4,1027.3,1.4,1.7,2,348.6,0
2018-06-27 08:16:54,5,49,24.5,50,23.3,1022.3,1027.2,1.4,2,0,348.6,0
2018-06-27 08:21:54,5,49,24.5,50,23.6,1022.2,1027.1,1,1.7,2,348.6,0
2018-06-27 08:26:54,5,49,24.6,48,23.8,1022.2,1027.1,1,1.4,2,348.6,0
2018-06-27 08:31:54,5,49,24.6,48,23.9,1022.2,1027.1,1.4,2,2,348.6,0
2018-06-27 08:36:54,5,49,24.5,46,24.1,1022.1,1027,1.4,2,2,348.6,0
2018-06-27 08:41:54,5,49,24.5,48,23.7,1022.2,1027.1,1,1.4,2,348.6,0
2018-06-27 08:46:54,5,49,24.6,50,23.4,1022.1,1027,0.7,1.4,10,348.6,0
2018-06-27 08:51:54,5,49,24.6,49,23.4,1022.2,1027.1,1,2,4,348.6,0
2018-06-27 08:56:54,5,49,24.5,49,23.2,1022.1,1027,1.4,1.7,0,348.6,0
2018-06-27 09:01:54,5,49,24.6,49,23.7,1022.2,1027.1,1.7,2.4,4,348.6,0
2018-06-27 09:06:54,5,49,24.6,48,24.2,1022.2,1027.1,1,1.7,2,348.6,0
2018-06-27 09:11:54,5,49,24.6,46,24.7,1022.1,1027,1,2,2,348.6,0
2018-06-27 09:16:54,5,49,24.6,46,24.9,1022.1,1027,2,3.1,4,348.6,0
2018-06-27 09:21:54,5,49,24.6,46,24.8,1022.1,1027,1.7,2.7,2,348.6,0
2018-06-27 09:26:54,5,49,24.6,45,24.8,1022,1026.9,1.7,2.4,2,348.6,0
2018-06-27 09:31:54,5,49,24.6,46,24.8,1021.9,1026.8,2.4,3.1,2,348.6,0
2018-06-27 09:36:54,5,49,24.7,46,24.9,1022,1026.9,2.4,3.4,2,348.6,0
2018-06-27 09:41:54,5,49,24.7,45,24.9,1022.1,1027,1.7,2.4,2,348.6,0
2018-06-27 09:46:54,5,49,24.7,45,24.9,1021.8,1026.7,2,2.4,2,348.6,0
2018-06-27 09:51:54,5,49,24.7,44,25.1,1021.8,1026.7,1.7,2.7,2,348.6,0
2018-06-27 09:56:54,5,49,24.7,45,25.3,1021.9,1026.8,1.7,2.7,2,348.6,0
2018-06-27 10:01:54,5,49,24.7,43,25.5,1022.1,1027,1.7,2.4,2,348.6,0
2018-06-27 10:06:54,5,49,24.7,43,26,1021.9,1026.8,1.4,2,2,348.6,0
2018-06-27 10:11:54,5,49,24.7,42,26.2,1021.9,1026.8,1.7,2.4,2,348.6,0
2018-06-27 10:16:54,5,49,24.8,40,26.4,1022,1026.9,1.7,2.4,4,348.6,0
2018-06-27 10:21:54,5,49,24.8,42,26.6,1022,1026.9,1,1.7,2,348.6,0
2018-06-27 10:26:54,5,49,24.8,39,27,1021.8,1026.7,1.7,2.4,4,348.6,0
2018-06-27 10:31:54,5,49,24.8,41,27.2,1021.9,1026.8,1.7,2.4,2,348.6,0
2018-06-27 10:36:54,5,49,24.8,39,26.5,1021.9,1026.8,2,2.7,2,348.6,0
2018-06-27 10:41:54,5,49,24.8,42,26.3,1021.8,1026.7,1.4,2.4,2,348.6,0
2018-06-27 10:46:54,5,49,24.8,42,26.6,1021.9,1026.8,1.4,2,2,348.6,0
2018-06-27 10:51:54,5,49,24.8,42,26.7,1021.9,1026.8,2,3.1,2,348.6,0
2018-06-27 10:56:54,5,49,24.8,42,26.9,1021.8,1026.7,1.7,2.4,2,348.6,0
2018-06-27 11:01:54,5,49,24.8,42,26.9,1021.9,1026.8,2,2.7,2,348.6,0
2018-06-27 11:06:54,5,50,24.9,41,26.8,1021.6,1026.5,2,3.4,12,348.6,0
2018-06-27 11:11:54,5,49,25,41,27.4,1021.7,1026.6,2,2.7,2,348.6,0
2018-06-27 11:16:54,5,50,24.9,40,27.6,1021.6,1026.5,1.7,2.7,4,348.6,0
2018-06-27 11:21:54,5,50,24.9,41,27.9,1021.5,1026.4,2,2.7,2,348.6,0
2018-06-27 11:26:54,5,50,24.9,41,27.8,1021.8,1026.7,2,3.1,2,348.6,0
2018-06-27 11:31:54,5,49,25,40,28.1,1021.6,1026.5,1.4,2,2,348.6,0
2018-06-27 11:36:54,5,49,25,37,27.8,1021.5,1026.4,2,3.1,10,348.6,0
2018-06-27 11:41:54,5,49,25,38,28.2,1021.5,1026.4,1.7,2.4,4,348.6,0
2018-06-27 11:46:54,5,49,25,38,28.4,1021.5,1026.4,2.4,3.1,2,348.6,0
2018-06-27 11:51:54,5,49,25,37,28.5,1021.5,1026.4,1.4,2,2,348.6,0
2018-06-27 11:56:54,5,49,25,37,28.3,1021.3,1026.2,1.4,2,2,348.6,0
2018-06-27 12:01:54,5,49,25,38,28.3,1021.5,1026.4,1.7,2.7,2,348.6,0
2018-06-27 12:06:54,5,49,25,38,28.4,1021.3,1026.2,2.7,4.1,2,348.6,0
2018-06-27 12:11:54,5,50,25.1,36,28.5,1021.4,1026.3,1.4,2.4,1,348.6,0
2018-06-27 12:16:54,5,50,25.1,36,28.5,1021.4,1026.3,2,2.7,2,348.6,0
2018-06-27 12:21:54,5,50,25.1,38,28.4,1021.2,1026.1,1,2,4,348.6,0
2018-06-27 12:26:54,5,50,25.1,39,28.6,1021.3,1026.2,1,1.7,2,348.6,0
2018-06-27 12:31:54,5,50,25.1,37,29,1021.3,1026.2,2.7,4.1,2,348.6,0
2018-06-27 12:36:54,5,50,25.1,37,28.5,1021.2,1026.1,1.4,2.4,9,348.6,0
2018-06-27 12:41:54,5,50,25.2,35,29,1021.1,1026,1,1.7,2,348.6,0
2018-06-27 12:46:54,5,50,25.2,36,29.1,1021.1,1026,3.1,4.4,2,348.6,0
2018-06-27 12:51:54,5,50,25.2,36,28.6,1021.2,1026.1,2.7,3.4,2,348.6,0
2018-06-27 12:56:54,5,50,25.2,37,28.9,1021,1025.9,1.7,3.4,0,348.6,0
2018-06-27 13:01:54,5,50,25.2,37,29.4,1021.1,1026,1.7,2.4,2,348.6,0
2018-06-27 13:06:54,5,50,25.3,36,29.7,1021,1025.9,2.4,3.4,2,348.6,0
2018-06-27 13:11:54,5,50,25.3,36,29,1021,1025.9,3.1,4.1,0,348.6,0
2018-06-27 13:16:54,5,50,25.3,37,29.4,1021,1025.9,1.7,2.7,4,348.6,0
2018-06-27 13:21:54,5,50,25.3,36,29.5,1020.9,1025.8,1.4,3.1,2,348.6,0
2018-06-27 13:26:54,5,50,25.3,36,29.5,1020.9,1025.8,1.4,1.7,4,348.6,0
2018-06-27 13:31:54,5,50,25.4,35,29.6,1020.8,1025.7,1.7,2.7,2,348.6,0
2018-06-27 13:36:54,5,50,25.4,36,29.3,1020.7,1025.6,2.7,3.4,4,348.6,0
2018-06-27 13:41:54,5,50,25.4,35,29.2,1020.7,1025.6,1,2,14,348.6,0
2018-06-27 13:46:54,5,50,25.5,36,29.5,1020.6,1025.5,2,3.4,2,348.6,0
2018-06-27 13:51:54,5,50,25.5,35,29.5,1020.7,1025.6,1.7,2.7,2,348.6,0
2018-06-27 13:56:54,5,50,25.6,35,29.5,1020.5,1025.4,2.4,3.4,2,348.6,0
2018-06-27 14:01:54,5,50,25.6,36,29.2,1020.5,1025.4,2,3.4,2,348.6,0
2018-06-27 14:06:54,5,50,25.7,37,29.7,1020.4,1025.3,2.4,4.1,2,348.6,0
2018-06-27 14:11:54,5,50,25.7,34,30,1020.4,1025.3,2,3.1,2,348.6,0
2018-06-27 14:16:54,5,50,25.7,35,29.9,1020.5,1025.4,1.7,3.4,4,348.6,0
2018-06-27 14:21:54,5,50,25.8,35,29.8,1020.4,1025.3,2,2.4,15,348.6,0
2018-06-27 14:26:54,5,50,25.9,35,30.2,1020.4,1025.3,1.7,2.7,4,348.6,0
2018-06-27 14:31:54,5,50,25.9,32,30.2,1020.4,1025.3,3.1,4.4,2,348.6,0
2018-06-27 14:36:54,5,50,25.9,33,30,1020.2,1025.1,2.7,4.4,4,348.6,0
2018-06-27 14:41:54,5,49,26,32,30.1,1020.3,1025.2,2,3.1,4,348.6,0
2018-06-27 14:46:54,5,49,26.1,32,30.3,1020.3,1025.2,3.1,5.1,12,348.6,0
2018-06-27 14:51:54,5,49,26.1,33,30,1020.3,1025.2,3.1,4.1,4,348.6,0
2018-06-27 14:56:54,5,49,26.2,33,30.5,1020.3,1025.2,3.1,4.1,4,348.6,0
2018-06-27 15:01:54,5,49,26.2,33,30.2,1020.2,1025.1,2.7,4.1,4,348.6,0
2018-06-27 15:06:54,5,49,26.2,31,30.4,1020.1,1025,2,3.1,2,348.6,0
2018-06-27 15:11:54,5,49,26.2,33,30.3,1020,1024.9,2.4,3.4,2,348.6,0
2018-06-27 15:16:54,5,49,26.2,33,30.3,1019.9,1024.8,1,2,2,348.6,0
2018-06-27 15:21:54,5,49,26.2,30,30.8,1020.1,1025,1.7,2.7,0,348.6,0
2018-06-27 15:26:54,5,49,26.6,30,31.1,1020,1024.9,1.4,2.4,4,348.6,0
2018-06-27 15:31:54,5,49,26.6,30,30.8,1020,1024.9,1.4,1.7,2,348.6,0
2018-06-27 15:36:54,5,49,26.6,31,30.6,1020,1024.9,3.4,4.8,11,348.6,0
2018-06-27 15:41:54,5,49,26.7,31,30.5,1019.9,1024.8,2.4,4.1,2,348.6,0
2018-06-27 15:46:54,5,49,26.8,31,30.4,1019.8,1024.7,1.4,2,2,348.6,0
2018-06-27 15:51:54,5,49,26.8,31,30.6,1019.8,1024.7,2.4,3.4,2,348.6,0
2018-06-27 15:56:54,5,48,27,30,30.4,1019.9,1024.8,3.4,4.8,2,348.6,0
2018-06-27 16:01:54,5,48,27.1,32,30.2,1019.8,1024.7,2.7,4.1,2,348.6,0
2018-06-27 16:06:54,5,48,27.1,31,30.2,1019.6,1024.5,4.1,5.1,2,348.6,0
2018-06-27 16:11:54,5,48,27.2,31,30.1,1019.7,1024.6,3.4,3.7,4,348.6,0
2018-06-27 16:16:54,5,48,27.2,32,30.3,1019.4,1024.3,2,3.1,4,348.6,0
2018-06-27 16:21:54,5,48,27.4,31,30.5,1019.7,1024.6,2.4,3.4,2,348.6,0
2018-06-27 16:26:54,5,48,27.4,31,30.5,1019.5,1024.4,2,3.4,2,348.6,0
2018-06-27 16:31:54,5,48,27.4,30,30.8,1019.3,1024.2,1.4,2.4,2,348.6,0
2018-06-27 16:36:54,5,49,27.5,31,30.6,1019.4,1024.3,3.7,5.1,2,348.6,0
2018-06-27 16:41:54,5,49,27.6,30,30.2,1019.3,1024.2,2.4,3.1,2,348.6,0
2018-06-27 16:46:54,5,48,27.6,33,30.4,1019.4,1024.3,2.7,4.8,2,348.6,0
2018-06-27 16:51:54,5,48,27.7,32,30.2,1019.4,1024.3,2,3.7,4,348.6,0
2018-06-27 16:56:54,5,48,27.8,31,30.2,1019.4,1024.3,2,3.4,2,348.6,0
2018-06-27 17:01:54,5,47,27.8,30,30.8,1019.3,1024.2,1,1.7,0,348.6,0
2018-06-27 17:06:54,5,46,27.9,29,31,1019.5,1024.4,2.4,4.4,2,348.6,0
2018-06-27 17:11:54,5,45,27.9,29,30.8,1019.4,1024.3,2.4,3.7,0,348.6,0
2018-06-27 17:16:54,5,45,28,29,30.8,1019.3,1024.2,1.7,2.7,0,348.6,0
2018-06-27 17:21:54,5,44,28.1,29,30.8,1019.4,1024.3,2.4,3.4,0,348.6,0
2018-06-27 17:26:54,5,44,28.1,30,30.6,1019.4,1024.3,1.7,2.7,2,348.6,0
2018-06-27 17:31:54,5,43,28.2,28,30.3,1019.5,1024.4,2.4,3.1,2,348.6,0
2018-06-27 17:36:54,5,43,28.2,29,30.5,1019.4,1024.3,1.7,2.4,2,348.6,0
2018-06-27 17:41:54,5,43,28.2,30,30.4,1019.3,1024.2,2.4,4.1,2,348.6,0
2018-06-27 17:46:54,5,43,28.2,31,30.1,1019.4,1024.3,1.7,2,2,348.6,0
2018-06-27 17:51:54,5,43,28.3,30,30.1,1019.5,1024.4,1.4,2.4,2,348.6,0
2018-06-27 17:56:54,5,43,28.3,29,30,1019.4,1024.3,2.4,3.4,2,348.6,0
2018-06-27 18:01:54,5,43,28.3,32,29.9,1019.5,1024.4,2.7,3.4,2,348.6,0
2018-06-27 18:06:54,5,43,28.4,32,29.8,1019.3,1024.2,2.4,3.4,2,348.6,0
2018-06-27 18:11:54,5,43,28.4,32,29.6,1019.5,1024.4,2,3.1,1,348.6,0
2018-06-27 18:16:54,5,43,28.4,34,29.8,1019.5,1024.4,1.4,2,2,348.6,0
2018-06-27 18:21:54,5,42,28.5,34,29.4,1019.6,1024.5,2.4,3.7,2,348.6,0
2018-06-27 18:26:54,5,42,28.5,34,29.2,1019.6,1024.5,3.1,4.1,2,348.6,0
2018-06-27 18:31:54,5,42,28.6,35,29,1019.6,1024.5,2.4,2.7,2,348.6,0
2018-06-27 18:36:54,5,42,28.6,36,28.7,1019.5,1024.4,1.4,2,2,348.6,0
2018-06-27 18:41:54,5,42,28.8,37,28.2,1019.5,1024.4,2,2.7,2,348.6,0
2018-06-27 18:46:54,5,43,28.8,38,28.2,1019.5,1024.4,2,3.4,2,348.6,0
2018-06-27 18:51:54,5,43,28.8,37,28.2,1019.4,1024.3,1,2,2,348.6,0
2018-06-27 18:56:54,5,41,29,36,27.9,1019.5,1024.4,1.7,2.4,2,348.6,0
2018-06-27 19:01:54,5,41,29,37,27.9,1019.7,1024.6,1,2,0,348.6,0
2018-06-27 19:06:54,5,41,29,36,27.8,1019.6,1024.5,1.4,2,2,348.6,0
2018-06-27 19:11:54,5,41,29.1,38,28,1019.7,1024.6,1.4,2.4,4,348.6,0
2018-06-27 19:16:54,5,41,29.1,37,27.8,1019.7,1024.6,1,1.7,2,348.6,0
2018-06-27 19:21:54,5,41,29.1,37,27.8,1019.7,1024.6,1.4,2,2,348.6,0
2018-06-27 19:26:54,5,41,29.1,38,27.6,1019.8,1024.7,1,1.7,2,348.6,0
2018-06-27 19:31:54,5,41,29,39,27.4,1019.7,1024.6,1.4,2.4,2,348.6,0
2018-06-27 19:36:54,5,42,28.9,39,27.2,1019.8,1024.7,1.7,2,4,348.6,0
2018-06-27 19:41:54,5,41,29,41,27,1020,1024.9,1,1.7,2,348.6,0
2018-06-27 19:46:54,5,42,28.9,42,26.8,1019.8,1024.7,1,2,2,348.6,0
2018-06-27 19:51:54,5,42,28.8,42,26.7,1019.9,1024.8,1,1.4,2,348.6,0
2018-06-27 19:56:54,5,42,28.7,42,26.5,1020,1024.9,1,1.7,2,348.6,0
2018-06-27 20:01:54,5,42,28.6,42,26.3,1020.2,1025.1,1.4,2,2,348.6,0
2018-06-27 20:06:54,5,42,28.6,42,26.2,1020.3,1025.2,2,2.7,2,348.6,0
2018-06-27 20:11:54,5,42,28.5,41,26,1020.3,1025.2,1.4,2.4,2,348.6,0
2018-06-27 20:16:54,5,42,28.5,43,25.9,1020.3,1025.2,1.4,2,0,348.6,0
2018-06-27 20:21:54,5,42,28.4,43,25.6,1020.3,1025.2,1,1.4,2,348.6,0
2018-06-27 20:26:54,5,42,28.3,43,25.2,1020.3,1025.2,1.4,2.7,2,348.6,0
2018-06-27 20:31:54,5,41,28.2,44,24.9,1020.3,1025.2,1.7,2.7,2,348.6,0
2018-06-27 20:36:54,5,41,28.2,44,24.8,1020.7,1025.6,1.4,2,2,348.6,0
2018-06-27 20:42:54,6,41,28.1,44,24.4,1020.7,1025.6,1.4,2,1,348.6,0
2018-06-27 20:47:54,5,40,28.1,45,24.1,1020.6,1025.5,1,1.7,4,348.6,0
2018-06-27 20:52:54,5,39,27.9,46,23.7,1020.7,1025.6,1,1.7,2,348.6,0
2018-06-27 20:57:54,5,38,27.8,47,23.2,1020.7,1025.6,1,1.7,4,348.6,0
2018-06-27 21:02:54,5,38,27.7,48,22.6,1020.8,1025.7,1.4,2,4,348.6,0
2018-06-27 21:07:54,5,39,27.6,50,22.1,1020.8,1025.7,1,1.4,4,348.6,0
2018-06-27 21:12:54,5,39,27.5,52,21.7,1021.1,1026,0.7,1,4,348.6,0
2018-06-27 21:17:54,5,39,27.3,52,21.4,1021.1,1026,0.3,1,2,348.6,0
2018-06-27 21:22:54,5,39,27.2,52,21.2,1021,1025.9,1,1.4,4,348.6,0
2018-06-27 21:27:54,5,39,27.1,53,21.1,1021.1,1026,1,1.4,4,348.6,0
2018-06-27 21:32:54,5,39,27,53,21,1021.2,1026.1,0.7,1.4,4,348.6,0
2018-06-27 21:37:54,5,40,26.8,53,21,1021.2,1026.1,0.7,2,4,348.6,0
2018-06-27 21:42:54,5,40,26.7,54,20.9,1021.2,1026.1,1.4,1.7,4,348.6,0
2018-06-27 21:47:54,5,40,26.6,54,20.8,1021.4,1026.3,1,1.7,4,348.6,0
2018-06-27 21:52:54,5,40,26.6,54,20.6,1021.3,1026.2,1,1.4,4,348.6,0
2018-06-27 21:57:54,5,40,26.2,54,20.4,1021.4,1026.3,1.4,1.7,4,348.6,0
2018-06-27 22:02:54,5,40,26.3,54,20.4,1021.4,1026.3,1.4,1.7,4,348.6,0
2018-06-27 22:07:54,5,40,26.2,54,20.3,1021.4,1026.3,1,1.7,4,348.6,0
2018-06-27 22:12:54,5,40,26.2,54,20.2,1021.4,1026.3,1.4,2,4,348.6,0
2018-06-27 22:17:54,5,40,26.1,55,19.8,1021.5,1026.4,1.4,1.7,12,348.6,0
2018-06-27 22:22:54,5,40,26,55,19.7,1021.6,1026.5,1.4,2,4,348.6,0
2018-06-27 22:27:54,5,40,26,55,19.7,1021.5,1026.4,1,1.7,4,348.6,0
2018-06-27 22:32:54,5,40,26,55,19.5,1021.8,1026.7,1.4,2,4,348.6,0
2018-06-27 22:37:54,5,40,26,54,19.6,1021.8,1026.7,1.4,2,4,348.6,0
2018-06-27 22:42:54,5,40,26,54,19.6,1021.7,1026.6,1.4,2,2,348.6,0
2018-06-27 22:47:54,5,40,26,54,19.5,1021.6,1026.5,1.4,2.7,4,348.6,0
2018-06-27 22:52:54,5,40,26,54,19.5,1021.8,1026.7,1.7,3.4,2,348.6,0
2018-06-27 22:57:54,5,40,26,54,19.3,1021.9,1026.8,1.4,2.4,4,348.6,0
2018-06-27 23:02:54,5,40,26,53,19.1,1021.8,1026.7,0.7,1.4,4,348.6,0
2018-06-27 23:07:54,5,40,25.9,53,19,1021.8,1026.7,1.7,2,4,348.6,0
2018-06-27 23:12:54,5,40,25.9,53,19,1021.7,1026.6,0.7,1.4,4,348.6,0
2018-06-27 23:17:54,5,41,25.9,53,18.8,1021.8,1026.7,0.7,1.4,14,348.6,0
2018-06-27 23:22:54,5,41,25.9,53,18.6,1021.8,1026.7,1,1.7,4,348.6,0
2018-06-27 23:27:54,5,41,25.9,52,18.6,1021.9,1026.8,1.4,2,2,348.6,0
2018-06-27 23:32:54,5,41,25.9,52,18.4,1021.9,1026.8,1.4,1.7,4,348.6,0
2018-06-27 23:37:54,5,40,25.9,52,18.3,1021.9,1026.8,1,1.4,2,348.6,0
2018-06-27 23:42:54,5,40,25.9,52,18.1,1021.9,1026.8,1,1.4,4,348.6,0
2018-06-27 23:47:54,5,40,25.9,52,17.8,1022,1026.9,1,1.4,4,348.6,0
2018-06-27 23:52:54,5,40,25.9,52,17.6,1021.8,1026.7,1,1.4,4,348.6,0
2018-06-27 23:57:54,5,40,25.9,52,17.4,1022,1026.9,0.7,1,2,348.6,0
