2015-03-13 00:04:54,5,58,18.5,69,0.6,1017.5,1022.4,0,0.7,8,169.5,0
2015-03-13 00:09:54,5,58,18.5,70,0.6,1017.7,1022.6,0.3,0.7,10,169.5,0
2015-03-13 00:14:54,5,58,18.5,70,0.7,1017.7,1022.6,0.7,1,10,169.5,0
2015-03-13 00:19:54,5,58,18.5,70,0.7,1017.8,1022.7,0.3,1,10,169.5,0
2015-03-13 00:24:54,5,58,18.5,70,0.8,1017.9,1022.8,0.7,1,10,169.5,0
2015-03-13 00:29:54,5,58,18.5,71,0.9,1017.8,1022.7,0.3,1,10,169.5,0
2015-03-13 00:34:54,5,58,18.5,71,0.9,1018,1022.9,0.3,0.7,10,169.5,0
2015-03-13 00:39:54,5,58,18.5,71,0.9,1018.1,1023,0.3,0.7,10,169.5,0
2015-03-13 00:44:54,5,58,18.5,70,1,1018,1022.9,0.3,0.7,10,169.5,0
2015-03-13 00:49:54,5,58,18.5,71,1,1018.2,1023.1,0.3,0.7,10,169.5,0
2015-03-13 00:54:54,5,58,18.5,71,1.1,1018.2,1023.1,0.7,1,10,169.5,0
2015-03-13 00:59:54,5,58,18.5,71,1.1,1018.2,1023.1,0.7,1,10,169.5,0
2015-03-13 01:04:54,5,58,18.5,71,1.1,1018.4,1023.3,0.3,0.7,10,169.5,0
2015-03-13 01:09:54,5,58,18.5,71,1,1018.4,1023.3,0.3,1,12,169.5,0
2015-03-13 01:14:54,5,57,18.5,71,1,1018.6,1023.5,0.3,1,10,169.5,0
2015-03-13 01:19:54,5,57,18.4,71,1,1018.6,1023.5,0.7,1.4,10,169.5,0
2015-03-13 01:24:54,5,57,18.5,72,0.9,1018.6,1023.5,0.7,1,10,169.5,0
2015-03-13 01:29:54,5,57,18.5,72,0.9,1018.6,1023.5,1,1.7,10,169.5,0
2015-03-13 01:34:54,5,57,18.5,72,1,1018.7,1023.6,1,1.4,10,169.5,0
2015-03-13 01:39:54,5,57,18.5,73,0.9,1018.7,1023.6,1,1.7,10,169.5,0
2015-03-13 01:44:54,5,57,18.5,73,0.9,1018.8,1023.7,1,1.7,10,169.5,0
2015-03-13 01:49:54,5,57,18.5,72,1,1018.8,1023.7,0.3,1,8,169.5,0
2015-03-13 01:54:54,5,57,18.5,72,0.9,1019.1,1024,1,1.7,10,169.5,0
2015-03-13 01:59:54,5,57,18.5,72,1,1019.2,1024.1,0.3,1,10,169.5,0
2015-03-13 02:04:54,5,57,18.5,72,0.9,1019.1,1024,0.7,1,10,169.5,0
2015-03-13 02:09:54,5,57,18.5,72,0.8,1019.1,1024,0.7,1,10,169.5,0
2015-03-13 02:14:54,5,57,18.5,72,0.7,1019.1,1024,1,1.7,10,169.5,0
2015-03-13 02:19:54,5,57,18.4,72,0.6,1019.3,1024.2,0.3,0.7,9,169.5,0
2015-03-13 02:24:54,5,57,18.4,72,0.6,1019.2,1024.1,0.3,0.7,10,169.5,0
2015-03-13 02:29:54,5,57,18.4,72,0.5,1019.3,1024.2,0.7,1.4,10,169.5,0
2015-03-13 02:34:54,5,57,18.4,72,0.6,1019.4,1024.3,0.7,1.4,10,169.5,0
2015-03-13 02:39:54,5,57,18.4,73,0.7,1019.4,1024.3,0.7,1,10,169.5,0
2015-03-13 02:44:54,5,57,18.4,73,0.7,1019.6,1024.5,0.7,1,12,169.5,0
2015-03-13 02:49:54,5,57,18.4,73,0.7,1019.8,1024.7,0.3,0.7,10,169.5,0
2015-03-13 02:54:54,5,57,18.4,73,0.7,1019.6,1024.5,0.7,1.4,8,169.5,0
2015-03-13 02:59:54,5,56,18.4,73,0.6,1019.7,1024.6,0.7,1,10,169.5,0
2015-03-13 03:04:54,5,56,18.4,73,0.5,1019.8,1024.7,0.3,0.7,10,169.5,0
2015-03-13 03:09:54,5,56,18.4,73,0.4,1019.7,1024.6,0.7,1,10,169.5,0
2015-03-13 03:14:54,5,56,18.4,73,0.4,1019.7,1024.6,0.7,1,10,169.5,0
2015-03-13 03:19:54,5,56,18.3,73,0.3,1019.8,1024.7,0.3,0.7,10,169.5,0
2015-03-13 03:24:54,5,56,18.3,73,0.2,1020,1024.9,0.7,1,10,169.5,0
2015-03-13 03:29:54,5,56,18.3,73,0.2,1020,1024.9,0.3,0.7,8,169.5,0
2015-03-13 03:34:54,5,56,18.3,73,0.1,1020.1,1025,0.3,0.7,9,169.5,0
2015-03-13 03:39:54,5,56,18.3,73,0,1020.3,1025.2,0.7,1,8,169.5,0
2015-03-13 03:44:54,5,56,18.3,74,-0.1,1020.3,1025.2,0.7,0.7,8,169.5,0
2015-03-13 03:49:54,5,56,18.3,74,-0.2,1020.4,1025.3,0.3,0.7,8,169.5,0
2015-03-13 03:54:54,5,56,18.3,74,-0.2,1020.4,1025.3,0.7,1,8,169.5,0
2015-03-13 03:59:54,5,56,18.3,74,-0.3,1020.4,1025.3,0,0.3,8,169.5,0
2015-03-13 04:04:54,5,56,18.3,74,-0.3,1020.6,1025.5,0,0.3,8,169.5,0
2015-03-13 04:09:54,5,56,18.3,74,-0.2,1020.6,1025.5,0,0.3,10,169.5,0
2015-03-13 04:14:54,5,56,18.3,74,-0.3,1020.7,1025.6,0.3,0.7,8,169.5,0
2015-03-13 04:19:54,5,56,18.3,74,-0.2,1020.6,1025.5,0.3,0.7,10,169.5,0
2015-03-13 04:24:54,5,56,18.2,74,-0.2,1020.9,1025.8,0,0.3,10,169.5,0
2015-03-13 04:29:54,5,56,18.2,74,-0.3,1020.9,1025.8,0,0.3,2,169.5,0
2015-03-13 04:34:54,5,56,18.2,74,-0.4,1021.1,1026,0,0.3,6,169.5,0
2015-03-13 04:39:54,5,56,18.2,74,-0.5,1021,1025.9,0,0.3,8,169.5,0
2015-03-13 04:44:54,5,56,18.2,74,-0.6,1021.1,1026,0,0.3,6,169.5,0
2015-03-13 04:49:54,5,56,18.2,74,-0.6,1021.1,1026,0,0,4,169.5,0
2015-03-13 04:54:54,5,56,18.2,74,-0.6,1021.2,1026.1,0,0.3,4,169.5,0
2015-03-13 04:59:54,5,56,18.2,74,-0.6,1021.4,1026.3,0.3,0.3,4,169.5,0
2015-03-13 05:04:54,5,56,18.2,74,-0.6,1021.3,1026.2,0,0,4,169.5,0
2015-03-13 05:09:54,5,56,18.2,75,-0.6,1021.5,1026.4,0,0.3,8,169.5,0
2015-03-13 05:14:54,5,56,18.2,75,-0.6,1021.6,1026.5,0,0,2,169.5,0
2015-03-13 05:19:54,5,55,18.1,75,-0.6,1021.7,1026.6,0.3,0.7,4,169.5,0
2015-03-13 05:24:54,5,55,18.1,75,-0.5,1021.6,1026.5,0.3,0.7,2,169.5,0
2015-03-13 05:29:54,5,55,18.1,75,-0.8,1021.7,1026.6,0,0.3,2,169.5,0
2015-03-13 05:34:54,5,55,18.1,76,-1.1,1021.8,1026.7,0,0.3,8,169.5,0
2015-03-13 05:39:54,5,55,18.1,75,-1,1022,1026.9,0,0.3,4,169.5,0
2015-03-13 05:44:54,5,55,18.1,75,-0.9,1021.9,1026.8,0,0.3,4,169.5,0
2015-03-13 05:49:54,5,55,18.1,75,-0.7,1021.8,1026.7,0,0.7,2,169.5,0
2015-03-13 05:54:54,5,55,18.1,75,-0.8,1022,1026.9,0,0,10,169.5,0
2015-03-13 05:59:54,5,55,18.1,75,-1,1022.2,1027.1,0,0.3,10,169.5,0
2015-03-13 06:04:54,5,55,18.1,76,-1.1,1022.1,1027,0,0.3,4,169.5,0
2015-03-13 06:09:54,5,55,18.1,75,-1,1022,1026.9,0,0.3,4,169.5,0
2015-03-13 06:14:54,5,55,18.1,75,-0.9,1021.9,1026.8,0.3,0.7,4,169.5,0
2015-03-13 06:19:54,5,55,18.1,75,-0.8,1022.1,1027,0,0,2,169.5,0
2015-03-13 06:24:54,5,55,18.1,75,-0.8,1022.1,1027,0,0,2,169.5,0
2015-03-13 06:29:54,5,55,18.1,75,-0.7,1022.4,1027.3,0,0.3,8,169.5,0
2015-03-13 06:34:54,5,55,18.1,75,-0.7,1022.5,1027.4,0,0.3,6,169.5,0
2015-03-13 06:39:54,5,55,18,75,-0.9,1022.4,1027.3,0,0.3,8,169.5,0
2015-03-13 06:44:54,5,55,18,75,-1,1022.4,1027.3,0.3,0.7,10,169.5,0
2015-03-13 06:49:54,5,55,18,76,-1.3,1022.5,1027.4,0,0.7,8,169.5,0
2015-03-13 06:54:54,5,55,18,76,-1.3,1022.7,1027.6,0,0.7,10,169.5,0
2015-03-13 06:59:54,5,55,18,76,-1.4,1022.6,1027.5,0,0.3,10,169.5,0
2015-03-13 07:04:54,5,55,18,76,-1.5,1022.8,1027.7,0,0.3,10,169.5,0
2015-03-13 07:09:54,5,55,18,76,-1.4,1022.9,1027.8,0.3,0.7,10,169.5,0
2015-03-13 07:14:54,5,55,18,76,-1.3,1023,1027.9,0.3,1,9,169.5,0
2015-03-13 07:19:54,5,55,18,76,-1.2,1022.9,1027.8,1,1.4,10,169.5,0
2015-03-13 07:24:54,5,55,18,75,-1,1023,1027.9,0,0.3,10,169.5,0
2015-03-13 07:30:54,6,55,18,75,-0.6,1023.2,1028.1,0.3,1,8,169.5,0
2015-03-13 07:35:54,5,55,18,75,-0.3,1023.2,1028.1,0.3,1,8,169.5,0
2015-03-13 07:40:54,5,55,18,74,0.1,1023.3,1028.2,0,0,10,169.5,0
2015-03-13 07:46:54,6,55,18,73,1,1023.7,1028.6,0.3,0.7,10,169.5,0
2015-03-13 07:51:54,5,55,18,73,1.1,1023.4,1028.3,0,0.3,10,169.5,0
2015-03-13 07:56:54,5,55,18,73,1.9,1023.5,1028.4,0,0,2,169.5,0
2015-03-13 08:02:54,6,55,18,77,3.2,1023.5,1028.4,0,0,4,169.5,0
2015-03-13 08:07:54,5,55,18,77,3.5,1023.4,1028.3,0,0,4,169.5,0
2015-03-13 08:12:54,5,55,18,76,4.5,1023.6,1028.5,0,0.3,4,169.5,0
2015-03-13 08:18:54,6,55,18,76,4.8,1023.6,1028.5,0.7,1,4,169.5,0
2015-03-13 08:23:54,5,55,18,74,3.8,1023.6,1028.5,0.7,1,4,169.5,0
2015-03-13 08:28:54,5,55,18,71,3.3,1023.5,1028.4,0.7,1,4,169.5,0
2015-03-13 08:34:54,6,54,18,71,3.4,1023.5,1028.4,0.3,0.7,6,169.5,0
2015-03-13 08:39:54,5,51,18,71,4.1,1023.7,1028.6,0,0.3,4,169.5,0
2015-03-13 08:44:54,5,48,17.9,71,4.5,1023.7,1028.6,0.3,0.7,10,169.5,0
2015-03-13 08:50:54,6,49,17.8,70,4.9,1023.9,1028.8,0,0.3,6,169.5,0
2015-03-13 08:55:54,5,50,17.8,69,5.3,1023.8,1028.7,0,0.3,10,169.5,0
2015-03-13 09:00:54,5,50,17.8,69,5.4,1023.8,1028.7,0.3,0.7,10,169.5,0
2015-03-13 09:06:54,6,50,17.8,68,5.4,1023.8,1028.7,0.3,0.7,10,169.5,0
2015-03-13 09:11:54,5,51,17.8,68,5.5,1024,1028.9,0.7,1,8,169.5,0
2015-03-13 09:16:54,5,51,17.8,68,5.5,1024.2,1029.1,0.3,0.7,8,169.5,0
2015-03-13 09:22:54,6,52,17.9,67,5.4,1024.3,1029.2,0.7,1,6,169.5,0
2015-03-13 09:27:54,5,52,17.8,67,5.5,1024.4,1029.3,0.7,1.4,10,169.5,0
2015-03-13 09:32:54,5,53,17.9,66,5.4,1024.3,1029.2,0.7,1.4,10,169.5,0
2015-03-13 09:38:54,6,53,17.9,66,5.5,1024.3,1029.2,1,1.7,10,169.5,0
2015-03-13 09:43:54,5,54,17.9,65,5.6,1024.5,1029.4,1.4,2,10,169.5,0
2015-03-13 09:48:54,5,54,18,65,5.5,1024.4,1029.3,0.3,1,10,169.5,0
2015-03-13 09:54:54,6,54,18,64,6,1024.4,1029.3,0.3,0.7,10,169.5,0
2015-03-13 09:59:54,5,55,18,65,6.6,1024.2,1029.1,0.3,1,9,169.5,0
2015-03-13 10:04:54,5,55,18,63,6.8,1024.6,1029.5,0.7,1.7,12,169.5,0
2015-03-13 10:10:54,6,55,18.1,61,6.6,1024.7,1029.6,0.7,1.4,10,169.5,0
2015-03-13 10:15:54,5,55,18.1,60,6.5,1024.7,1029.6,0.7,1.7,14,169.5,0
2015-03-13 10:20:54,5,55,18.1,62,6.7,1024.8,1029.7,0.3,0.7,12,169.5,0
2015-03-13 10:26:54,6,56,18.1,59,7.1,1024.8,1029.7,0.3,1,10,169.5,0
2015-03-13 10:31:54,5,56,18.2,59,7.3,1024.9,1029.8,0.7,1,12,169.5,0
2015-03-13 10:36:54,5,56,18.2,58,7.5,1024.9,1029.8,0.3,0.7,10,169.5,0
2015-03-13 10:42:54,6,56,18.2,56,7.7,1025,1029.9,0.3,1,14,169.5,0
2015-03-13 10:47:54,5,56,18.2,56,8.1,1025,1029.9,0,0.3,10,169.5,0
2015-03-13 10:52:54,5,56,18.3,56,9.5,1025,1029.9,0.7,1,14,169.5,0
2015-03-13 10:58:54,6,57,18.3,54,9.4,1025.3,1030.2,0.3,1,0,169.5,0
2015-03-13 11:03:54,5,57,18.3,53,9.7,1025.1,1030,0.7,1.4,0,169.5,0
2015-03-13 11:08:54,5,57,18.3,52,10.2,1025.1,1030,0,0.7,14,169.5,0
2015-03-13 11:14:54,6,57,18.4,48,10,1025,1029.9,0.3,1,0,169.5,0
2015-03-13 11:19:54,5,57,18.4,50,10.4,1025,1029.9,1,1.4,0,169.5,0
2015-03-13 11:24:54,5,57,18.4,47,10.8,1025,1029.9,0.3,0.7,0,169.5,0
2015-03-13 11:30:54,6,57,18.4,44,10.3,1025,1029.9,1.7,2.4,2,169.5,0
2015-03-13 11:35:54,5,57,18.5,45,9.7,1024.9,1029.8,0.3,0.7,2,169.5,0
2015-03-13 11:40:54,5,57,18.5,47,9.6,1025,1029.9,1,1.7,0,169.5,0
2015-03-13 11:46:54,6,57,18.5,44,10.4,1025,1029.9,0.3,0.7,6,169.5,0
2015-03-13 11:51:54,5,57,18.5,45,10.9,1025,1029.9,0.7,1.4,12,169.5,0
2015-03-13 11:56:54,5,57,18.5,45,10.7,1025,1029.9,1.7,2.7,0,169.5,0
2015-03-13 12:02:54,6,58,18.5,44,10.8,1024.9,1029.8,1,1.7,0,169.5,0
2015-03-13 12:07:54,5,51,18.5,43,11.3,1024.9,1029.8,0.3,1,2,169.5,0
2015-03-13 12:12:54,5,46,18.5,39,11.4,1025,1029.9,0.3,0.7,2,169.5,0
2015-03-13 12:18:54,6,38,18.4,43,10.5,1024.9,1029.8,1.7,2.4,0,169.5,0
2015-03-13 12:23:54,5,37,18.2,44,9.9,1025.1,1030,1,1.4,2,169.5,0
2015-03-13 12:28:54,5,36,18.1,45,10,1025,1029.9,0.7,1,0,169.5,0
2015-03-13 12:34:54,6,35,18,45,9.1,1025.2,1030.1,0,0.3,12,169.5,0
2015-03-13 12:39:54,5,32,17.8,46,8.4,1025.2,1030.1,0.7,1,12,169.5,0
2015-03-13 12:44:54,5,37,17.6,46,7.8,1025.3,1030.2,0,0.3,0,169.8,0
2015-03-13 12:50:54,6,41,17.6,46,7.9,1025.2,1030.1,0.3,0.7,12,169.8,0
2015-03-13 12:55:54,5,44,17.8,45,7.8,1025.4,1030.3,0,0,12,169.8,0
2015-03-13 13:00:54,5,45,17.8,45,8.9,1025.2,1030.1,0.3,1,4,169.8,0
2015-03-13 13:06:54,6,47,17.9,40,9.7,1025.3,1030.2,0.3,1,4,169.8,0
2015-03-13 13:11:54,5,48,17.9,39,10.2,1025.2,1030.1,0.3,1,2,169.8,0
2015-03-13 13:16:54,5,47,18,38,10.7,1025.1,1030,0,0.7,2,169.8,0
2015-03-13 13:22:54,6,48,18.1,40,11.1,1025,1029.9,1.4,2,4,169.8,0
2015-03-13 13:27:54,5,48,18.1,40,10.7,1025.1,1030,0.7,1.4,10,169.8,0
2015-03-13 13:32:54,5,39,18.1,38,10.8,1025,1029.9,0.3,1,0,169.8,0
2015-03-13 13:38:54,6,35,18,40,10.5,1024.8,1029.7,0.3,0.7,0,169.8,0
2015-03-13 13:43:54,5,35,17.9,42,10.2,1024.8,1029.7,1,1.7,10,169.8,0
2015-03-13 13:48:54,5,33,17.8,43,10.3,1024.9,1029.8,0.3,0.7,2,169.8,0
2015-03-13 13:54:54,6,33,17.6,40,10.6,1024.9,1029.8,0.7,1,12,169.8,0
2015-03-13 13:59:54,5,33,17.6,41,10.7,1024.8,1029.7,0.7,1.7,8,169.8,0
2015-03-13 14:04:54,5,34,17.5,41,10.6,1024.8,1029.7,0.7,1,10,169.8,0
2015-03-13 14:10:54,6,33,17.5,43,10.5,1024.9,1029.8,1.7,3.1,14,169.8,0
2015-03-13 14:15:54,5,32,17.5,44,9.7,1024.9,1029.8,1.4,1.7,8,169.8,0
2015-03-13 14:20:54,5,33,17.5,43,10,1024.8,1029.7,2.4,3.1,14,169.8,0
2015-03-13 14:26:54,6,33,17.5,44,9.6,1024.9,1029.8,2,3.1,10,169.8,0
2015-03-13 14:31:54,5,33,17.5,44,9.8,1024.8,1029.7,0.7,1.4,10,169.8,0
2015-03-13 14:36:54,5,32,17.5,43,10,1024.8,1029.7,1.7,3.4,10,169.8,0
2015-03-13 14:42:54,6,31,17.5,39,10.1,1024.8,1029.7,0.3,1.4,12,169.8,0
2015-03-13 14:47:54,5,30,17.5,40,10.2,1024.7,1029.6,1.4,1.7,10,169.8,0
2015-03-13 14:52:54,5,30,17.6,36,10.3,1024.9,1029.8,1.7,2.4,10,169.8,0
2015-03-13 14:58:54,6,29,17.6,37,10.3,1024.9,1029.8,0.7,1.4,10,169.8,0
2015-03-13 15:03:54,5,30,17.7,39,10.5,1024.9,1029.8,0.7,1,8,169.8,0
2015-03-13 15:08:54,5,30,17.8,38,10.7,1024.8,1029.7,0.7,1.7,8,169.8,0
2015-03-13 15:14:54,6,29,17.8,40,10.6,1024.8,1029.7,1,1.4,10,169.8,0
2015-03-13 15:19:54,5,30,17.9,38,10.8,1024.7,1029.6,0,0.7,12,169.8,0
2015-03-13 15:24:54,5,30,17.9,38,10.9,1024.7,1029.6,0.3,0.7,12,169.8,0
2015-03-13 15:30:54,6,36,18.1,38,11,1024.8,1029.7,0.7,1.4,15,169.8,0
2015-03-13 15:35:54,5,33,18.3,36,11.9,1024.8,1029.7,0.3,1,13,169.8,0
2015-03-13 15:40:54,5,32,18.3,37,11.4,1024.7,1029.6,1.4,2,14,169.8,0
2015-03-13 15:46:54,6,32,18.4,38,10.5,1024.8,1029.7,0,0.3,12,169.8,0
2015-03-13 15:51:54,5,29,18.4,39,11.6,1024.7,1029.6,1,1.7,12,169.8,0
2015-03-13 15:56:54,5,30,18.4,34,11.1,1024.7,1029.6,0.7,1.4,10,169.8,0
2015-03-13 16:02:54,6,28,18.5,38,10.9,1024.9,1029.8,0.7,1,12,169.8,0
2015-03-13 16:07:54,5,28,18.5,35,11.2,1024.8,1029.7,0,0.7,4,169.8,0
2015-03-13 16:12:54,5,28,18.6,36,11.7,1024.8,1029.7,1,1.4,12,169.8,0
2015-03-13 16:18:54,6,28,18.5,39,10.1,1025,1029.9,1.4,2,14,169.8,0
2015-03-13 16:23:54,5,28,18.5,40,10.1,1025,1029.9,1,1.7,0,169.8,0
2015-03-13 16:28:54,5,28,18.5,37,10.2,1024.8,1029.7,1,1.7,0,169.8,0
2015-03-13 16:34:54,6,28,18.5,43,9.8,1025,1029.9,0.3,0.3,0,169.8,0
2015-03-13 16:39:54,5,28,18.5,38,10.4,1025,1029.9,0.7,1,12,169.8,0
2015-03-13 16:44:54,5,27,18.4,37,10.6,1025,1029.9,0.7,1,14,169.8,0
2015-03-13 16:50:54,6,27,18.3,36,11.7,1025.1,1030,0.3,0.7,0,169.8,0
2015-03-13 16:55:54,5,26,18.3,34,12.9,1025,1029.9,0,0.3,0,169.8,0
2015-03-13 17:00:54,5,27,18.2,30,13,1025,1029.9,0.3,0.7,0,169.8,0
2015-03-13 17:06:54,6,25,18.1,31,12.9,1025.1,1030,0,0.3,0,169.8,0
2015-03-13 17:11:54,5,25,18.1,31,12.6,1025,1029.9,0.3,0.7,4,169.8,0
2015-03-13 17:16:54,5,29,18.1,33,11.7,1025.2,1030.1,0.3,0.7,14,169.8,0
2015-03-13 17:22:54,6,33,18.1,35,10.1,1025.2,1030.1,0.3,0.7,14,169.8,0
2015-03-13 17:27:54,5,34,18.2,38,9.6,1025.3,1030.2,0.3,0.7,14,169.8,0
2015-03-13 17:32:54,5,34,18.3,39,9.3,1025.2,1030.1,0,0.3,8,169.8,0
2015-03-13 17:38:54,6,35,18.3,38,9.2,1025.4,1030.3,0.3,0.7,14,169.8,0
2015-03-13 17:43:54,5,36,18.4,40,8.9,1025.4,1030.3,0,0,12,169.8,0
2015-03-13 17:48:54,5,36,18.5,41,8.8,1025.3,1030.2,0.3,0.7,12,169.8,0
2015-03-13 17:54:54,6,37,18.5,41,8.6,1025.4,1030.3,0.3,0.7,12,169.8,0
2015-03-13 17:59:54,5,37,18.6,41,8.6,1025.3,1030.2,0.3,0.7,12,169.8,0
2015-03-13 18:04:54,5,37,18.6,42,8.6,1025.4,1030.3,0,0.7,12,169.8,0
2015-03-13 18:10:54,6,37,18.6,43,8.4,1025.2,1030.1,0,0.3,14,169.8,0
2015-03-13 18:15:54,5,37,18.7,43,8.2,1025.4,1030.3,0,0.3,14,169.8,0
2015-03-13 18:20:54,5,37,18.7,43,7.9,1025.6,1030.5,0.3,1,0,169.8,0
2015-03-13 18:26:54,6,38,18.7,48,6.9,1025.6,1030.5,0.3,0.7,2,169.8,0
2015-03-13 18:31:54,5,38,18.7,49,6.5,1025.7,1030.6,0,0,2,169.8,0
2015-03-13 18:36:54,5,34,18.6,49,6.2,1025.8,1030.7,0,0,2,169.8,0
2015-03-13 18:41:54,5,38,18.6,52,5.9,1025.7,1030.6,0,0,2,169.8,0
2015-03-13 18:46:54,5,39,18.6,51,5.7,1025.8,1030.7,0,0,2,169.8,0
2015-03-13 18:51:54,5,40,18.6,52,5.5,1025.8,1030.7,0,0,2,169.8,0
2015-03-13 18:56:54,5,40,18.5,52,5.3,1025.9,1030.8,0,0,2,169.8,0
2015-03-13 19:01:54,5,41,18.5,53,5.1,1026,1030.9,0,0,10,169.8,0
2015-03-13 19:06:54,5,41,18.5,53,5.2,1025.9,1030.8,0,0,10,169.8,0
2015-03-13 19:11:54,5,42,18.4,53,5,1025.9,1030.8,0,0,10,169.8,0
2015-03-13 19:16:54,5,42,18.4,54,4.9,1025.8,1030.7,0,0,10,169.8,0
2015-03-13 19:21:54,5,42,18.3,55,4.5,1026,1030.9,0,0,14,169.8,0
2015-03-13 19:26:54,5,42,18.3,57,4.2,1025.9,1030.8,0.7,1.4,10,169.8,0
2015-03-13 19:31:54,5,42,18.3,60,3.8,1026.1,1031,0,0.3,10,169.8,0
2015-03-13 19:36:54,5,42,18.2,61,3.6,1026,1030.9,0.3,0.7,10,169.8,0
2015-03-13 19:41:54,5,42,18.2,61,3.8,1026.1,1031,0,0,8,169.8,0
2015-03-13 19:46:54,5,42,18.2,61,3.7,1026,1030.9,0,0,2,169.8,0
2015-03-13 19:51:54,5,42,18.2,60,3.5,1026.1,1031,0,0.3,4,169.8,0
2015-03-13 19:56:54,5,42,18.1,60,3.2,1026.1,1031,0,0.3,8,169.8,0
2015-03-13 20:01:54,5,42,18.1,61,3,1026.3,1031.2,0,0.3,8,169.8,0
2015-03-13 20:06:54,5,42,18.1,58,2.9,1026.4,1031.3,0.3,0.7,8,169.8,0
2015-03-13 20:11:54,5,42,18.1,59,2.9,1026.3,1031.2,0,0.3,8,169.8,0
2015-03-13 20:16:54,5,42,18,59,2.8,1026.3,1031.2,0.7,1,4,169.8,0
2015-03-13 20:21:54,5,41,17.9,60,2.7,1026.3,1031.2,0,0.3,4,169.8,0
2015-03-13 20:26:54,5,42,18,60,2.6,1026.5,1031.4,0,0,4,169.8,0
2015-03-13 20:31:54,5,42,18,60,2.5,1026.3,1031.2,0,0.3,4,169.8,0
2015-03-13 20:36:54,5,41,17.9,60,2.4,1026.4,1031.3,0,0.3,4,169.8,0
2015-03-13 20:41:54,5,42,17.9,60,2.2,1026.6,1031.5,0,0,4,169.8,0
2015-03-13 20:46:54,5,42,17.9,59,2,1026.7,1031.6,0,0.3,4,169.8,0
2015-03-13 20:51:54,5,42,17.9,60,1.8,1026.5,1031.4,0,0,0,169.8,0
2015-03-13 20:56:54,5,42,17.9,61,1.7,1026.6,1031.5,0,0.3,8,169.8,0
2015-03-13 21:01:53,5,42,17.8,62,1.8,1026.7,1031.6,0,0.3,8,169.8,0
2015-03-13 21:06:53,5,42,17.8,62,1.7,1026.5,1031.4,0,0.3,8,169.8,0
2015-03-13 21:11:53,5,42,17.8,62,1.6,1026.6,1031.5,0.3,0.7,8,169.8,0
2015-03-13 21:16:53,5,42,17.8,62,1.6,1026.6,1031.5,0.3,0.7,10,169.8,0
2015-03-13 21:21:53,5,43,17.8,63,1.6,1026.8,1031.7,0,0.3,8,169.8,0
2015-03-13 21:26:53,5,43,17.8,63,1.6,1026.7,1031.6,0,0.3,4,169.8,0
2015-03-13 21:31:53,5,43,17.8,64,1.7,1026.7,1031.6,0.3,0.7,4,169.8,0
2015-03-13 21:36:53,5,43,17.7,65,1.8,1026.7,1031.6,0,0.3,4,169.8,0
2015-03-13 21:41:53,5,43,17.7,66,1.8,1026.6,1031.5,0.3,0.7,6,169.8,0
2015-03-13 21:46:53,5,43,17.7,66,1.9,1026.5,1031.4,0.3,0.7,4,169.8,0
2015-03-13 21:51:53,5,43,17.7,66,1.8,1026.5,1031.4,0.3,0.7,4,169.8,0
2015-03-13 21:56:53,5,44,17.6,66,1.7,1026.5,1031.4,0,0.7,4,169.8,0
2015-03-13 22:01:53,5,44,17.6,66,1.7,1026.5,1031.4,0,0.3,4,169.8,0
2015-03-13 22:06:53,5,44,17.6,66,1.6,1026.4,1031.3,0,0.3,4,169.8,0
2015-03-13 22:11:53,5,44,17.6,66,1.5,1026.5,1031.4,0,0.3,4,169.8,0
2015-03-13 22:16:53,5,44,17.6,65,1.5,1026.5,1031.4,0,0.3,8,169.8,0
2015-03-13 22:21:53,5,44,17.6,65,1.3,1026.6,1031.5,0,0,8,169.8,0
2015-03-13 22:26:53,5,44,17.6,65,1,1026.3,1031.2,0,0.3,8,169.8,0
2015-03-13 22:31:53,5,44,17.5,67,0.9,1026.6,1031.5,0,0.3,4,169.8,0
2015-03-13 22:36:53,5,44,17.5,67,0.9,1026.4,1031.3,0,0.3,2,169.8,0
2015-03-13 22:41:53,5,44,17.5,67,0.7,1026.5,1031.4,0,0.3,4,169.8,0
2015-03-13 22:46:53,5,44,17.5,67,0.6,1026.5,1031.4,0,0,8,169.8,0
2015-03-13 22:51:53,5,44,17.5,67,0.4,1026.5,1031.4,0,0.7,8,169.8,0
2015-03-13 22:56:53,5,44,17.5,67,0.4,1026.5,1031.4,0,0.3,8,169.8,0
2015-03-13 23:01:53,5,44,17.5,67,0.2,1026.5,1031.4,0.3,0.7,8,169.8,0
2015-03-13 23:06:53,5,44,17.5,67,0,1026.5,1031.4,0,0,10,169.8,0
2015-03-13 23:11:53,5,44,17.5,69,-0.1,1026.5,1031.4,0,0,8,169.8,0
2015-03-13 23:16:53,5,44,17.5,69,-0.2,1026.5,1031.4,0,0.3,10,169.8,0
2015-03-13 23:21:53,5,44,17.5,68,0,1026.4,1031.3,0,0.3,4,169.8,0
2015-03-13 23:26:53,5,44,17.5,69,-0.2,1026.5,1031.4,0,0,4,169.8,0
2015-03-13 23:31:53,5,44,17.5,69,-0.3,1026.7,1031.6,0,0,4,169.8,0
2015-03-13 23:36:53,5,44,17.5,70,-0.3,1026.7,1031.6,0,0,4,169.8,0
2015-03-13 23:41:53,5,44,17.5,69,-0.5,1026.7,1031.6,0,0.3,8,169.8,0
2015-03-13 23:46:53,5,44,17.5,69,-0.7,1026.7,1031.6,0,0.3,8,169.8,0
2015-03-13 23:51:53,5,44,17.5,70,-0.7,1026.9,1031.8,0,0.3,10,169.8,0
2015-03-13 23:56:53,5,44,17.2,70,-0.7,1026.9,1031.8,0,0.3,10,169.8,0
