2017-08-08 00:03:05,5,59,21.5,82,11.3,1012.7,1017.6,0,0.3,8,931.5,0
2017-08-08 00:08:05,5,59,21.5,82,11.2,1012.7,1017.6,0,0.3,8,931.5,0
2017-08-08 00:13:05,5,59,21.5,82,11.2,1012.7,1017.6,0,0.3,8,931.5,0
2017-08-08 00:18:05,5,59,21.5,82,11.2,1012.6,1017.5,0,0.3,8,931.5,0
2017-08-08 00:23:05,5,58,21.2,82,11.2,1012.7,1017.6,0,0.3,8,931.5,0
2017-08-08 00:28:05,5,58,21.2,82,11.2,1012.5,1017.4,0,0.3,8,931.5,0
2017-08-08 00:33:05,5,58,21.3,82,11.1,1012.5,1017.4,0,0.3,8,931.5,0
2017-08-08 00:38:05,5,58,21.3,82,11.1,1012.6,1017.5,0,0.3,8,931.5,0
2017-08-08 00:43:05,5,58,21.2,82,11,1012.6,1017.5,0,0.3,8,931.5,0
2017-08-08 00:48:05,5,58,21.3,82,11,1012.5,1017.4,0,0.3,8,931.5,0
2017-08-08 00:53:05,5,58,21.3,82,11,1012.5,1017.4,0,0,8,931.5,0
2017-08-08 00:58:05,5,58,21.3,83,10.9,1012.5,1017.4,0,0,8,931.5,0
2017-08-08 01:03:05,5,58,21.2,83,10.9,1012.4,1017.3,0,0,10,931.5,0
2017-08-08 01:08:05,5,58,21.3,83,10.9,1012.4,1017.3,0,0,10,931.5,0
2017-08-08 01:13:05,5,58,21.2,83,10.9,1012.2,1017.1,0,0,10,931.5,0
2017-08-08 01:18:05,5,58,21.3,83,10.9,1012.4,1017.3,0,0.3,10,931.5,0
2017-08-08 01:23:05,5,58,21.2,83,10.9,1012.3,1017.2,0,0,8,931.5,0
2017-08-08 01:28:05,5,58,21.2,83,10.9,1012.3,1017.2,0,0.3,10,931.5,0
2017-08-08 01:33:05,5,58,21.2,83,10.9,1012.2,1017.1,0,0,,931.5,0
2017-08-08 01:38:05,5,58,21.2,83,10.9,1012.3,1017.2,0,0,,931.5,0
2017-08-08 01:43:05,5,58,21.2,83,10.8,1012.1,1017,0,0,,931.5,0
2017-08-08 01:48:05,5,58,21.2,83,10.8,1012.2,1017.1,0,0,,931.5,0
2017-08-08 01:53:05,5,58,21.2,83,10.7,1012.2,1017.1,0,0,,931.5,0
2017-08-08 01:58:05,5,58,21.2,83,10.7,1012.1,1017,0,0,,931.5,0
2017-08-08 02:03:05,5,58,21.2,83,10.7,1012.2,1017.1,0,0.3,,931.5,0
2017-08-08 02:08:05,5,58,21.2,83,10.7,1012.1,1017,0,0,,931.5,0
2017-08-08 02:13:05,5,58,21.2,83,10.7,1011.9,1016.8,0,0,,931.5,0
2017-08-08 02:18:05,5,58,21.2,83,10.6,1012,1016.9,0,0,,931.5,0
2017-08-08 02:23:05,5,58,21.1,83,10.7,1012.1,1017,0.3,1,12,931.5,0
2017-08-08 02:28:05,5,58,21.1,83,10.7,1011.9,1016.8,0.7,1,12,931.5,0
2017-08-08 02:33:05,5,58,21.1,83,10.8,1011.9,1016.8,0,0.3,12,931.5,0
2017-08-08 02:38:05,5,58,21.1,83,10.8,1012.1,1017,0,0,10,931.5,0
2017-08-08 02:43:05,5,58,21.1,83,10.8,1012,1016.9,0,0.3,10,931.5,0
2017-08-08 02:48:05,5,58,21.1,83,10.8,1012,1016.9,0,0,10,931.5,0
2017-08-08 02:53:05,5,58,21.1,83,10.8,1012,1016.9,0,0,10,931.5,0
2017-08-08 02:58:05,5,57,21.1,83,10.8,1011.9,1016.8,0,0,10,931.5,0
2017-08-08 03:03:05,5,58,21.1,83,10.7,1011.9,1016.8,0,0,8,931.5,0
2017-08-08 03:08:05,5,58,21.1,83,10.7,1011.8,1016.7,0,0,8,931.5,0
2017-08-08 03:13:05,5,57,21,83,10.6,1011.7,1016.6,0,0,8,931.5,0
2017-08-08 03:18:05,5,57,21,83,10.5,1012,1016.9,0,0,8,931.5,0
2017-08-08 03:23:05,5,57,21,83,10.5,1011.8,1016.7,0,0,,931.5,0
2017-08-08 03:28:05,5,57,21,83,10.5,1011.7,1016.6,0,0,,931.5,0
2017-08-08 03:33:05,5,57,21,83,10.4,1011.6,1016.5,0,0,,931.5,0
2017-08-08 03:38:05,5,57,21,83,10.4,1011.6,1016.5,0,0,,931.5,0
2017-08-08 03:43:05,5,57,21,83,10.4,1011.6,1016.5,0,0,,931.5,0
2017-08-08 03:48:05,5,57,21,83,10.3,1011.8,1016.7,0,0,,931.5,0
2017-08-08 03:53:05,5,57,21,83,10.3,1011.6,1016.5,0,0,,931.5,0
2017-08-08 03:58:05,5,57,21,83,10.3,1011.5,1016.4,0,0,,931.5,0
2017-08-08 04:03:05,5,58,20.9,83,10.3,1011.6,1016.5,0,0,,931.5,0
2017-08-08 04:08:05,5,58,20.9,83,10.2,1011.6,1016.5,0,0,,931.5,0
2017-08-08 04:13:05,5,58,20.9,83,10.1,1011.5,1016.4,0,0,,931.5,0
2017-08-08 04:18:05,5,58,20.9,83,10,1011.3,1016.2,0,0,,931.5,0
2017-08-08 04:23:05,5,58,20.9,83,10,1011.6,1016.5,0,0,,931.5,0
2017-08-08 04:28:05,5,58,20.9,84,9.9,1011.5,1016.4,0,0,,931.5,0
2017-08-08 04:33:05,5,58,20.9,84,9.9,1011.5,1016.4,0,0,8,931.5,0
2017-08-08 04:38:05,5,58,20.9,83,10,1011.5,1016.4,0,0,,931.5,0
2017-08-08 04:43:05,5,58,20.9,84,10,1011.3,1016.2,0,0,2,931.5,0
2017-08-08 04:48:05,5,58,20.9,84,10,1011.4,1016.3,0,0,2,931.5,0
2017-08-08 04:53:05,5,58,20.9,85,9.9,1011.3,1016.2,0,0,2,931.5,0
2017-08-08 04:58:05,5,58,20.9,85,9.9,1011.3,1016.2,0,0,2,931.5,0
2017-08-08 05:03:05,5,58,20.8,85,9.9,1011.3,1016.2,0,0,2,931.5,0
2017-08-08 05:08:05,5,58,20.9,85,9.9,1011.3,1016.2,0,0,2,931.5,0
2017-08-08 05:13:05,5,58,20.8,84,10,1011.3,1016.2,0,0,2,931.5,0
2017-08-08 05:18:05,5,58,20.8,84,10,1011.5,1016.4,0,0,8,931.5,0
2017-08-08 05:23:05,5,58,20.9,84,10,1011.6,1016.5,0,0,8,931.5,0
2017-08-08 05:28:05,5,58,20.8,84,10.1,1011.5,1016.4,0,0,10,931.5,0
2017-08-08 05:33:05,5,58,20.8,84,10.2,1011.5,1016.4,0,0,8,931.5,0
2017-08-08 05:38:05,5,58,20.8,84,10.2,1011.6,1016.5,0,0,8,931.5,0
2017-08-08 05:43:05,5,58,20.8,84,10.2,1011.6,1016.5,0,0,8,931.5,0
2017-08-08 05:48:05,5,58,20.8,84,10.3,1011.7,1016.6,0,0,8,931.5,0
2017-08-08 05:53:05,5,58,20.8,84,10.3,1011.6,1016.5,0,0,10,931.5,0
2017-08-08 05:58:05,5,58,20.8,84,10.4,1011.7,1016.6,0,0,10,931.5,0
2017-08-08 06:03:05,5,58,20.8,84,10.5,1011.7,1016.6,0,0,10,931.5,0
2017-08-08 06:08:05,5,58,20.8,84,10.6,1011.7,1016.6,0,0,12,931.5,0
2017-08-08 06:13:05,5,58,20.8,84,10.7,1011.8,1016.7,0,0,12,931.5,0
2017-08-08 06:18:05,5,58,20.8,84,10.9,1011.7,1016.6,0,0,,931.5,0
2017-08-08 06:23:05,5,58,20.8,83,11,1011.8,1016.7,0,0,10,931.5,0
2017-08-08 06:28:05,5,58,20.8,83,11.1,1011.8,1016.7,0,0,10,931.5,0
2017-08-08 06:33:05,5,58,20.8,83,11.3,1011.6,1016.5,0,0,8,931.5,0
2017-08-08 06:38:05,5,59,20.8,83,11.4,1011.6,1016.5,0,0,8,931.5,0
2017-08-08 06:43:05,5,59,20.8,83,11.6,1011.6,1016.5,0,0,8,931.5,0
2017-08-08 06:48:05,5,59,20.8,83,11.7,1011.6,1016.5,0,0,,931.5,0
2017-08-08 06:53:05,5,59,20.8,83,11.9,1011.6,1016.5,0,0,10,931.5,0
2017-08-08 06:58:05,5,59,20.8,83,11.9,1011.6,1016.5,0,0,8,931.5,0
2017-08-08 07:03:05,5,59,20.8,82,12,1011.5,1016.4,0,0,8,931.5,0
2017-08-08 07:08:05,5,59,20.8,82,12.2,1011.7,1016.6,0,0,10,931.5,0
2017-08-08 07:13:05,5,59,20.8,82,12.3,1011.4,1016.3,0,0,10,931.5,0
2017-08-08 07:18:05,5,57,20.8,81,12.3,1011.5,1016.4,0,0,10,931.5,0
2017-08-08 07:23:05,5,58,20.8,81,12.6,1011.5,1016.4,0,0,10,931.5,0
2017-08-08 07:28:05,5,58,20.8,81,12.7,1011.4,1016.3,0,0,12,931.5,0
2017-08-08 07:33:05,5,56,20.8,81,12.8,1011.3,1016.2,0,0,8,931.5,0
2017-08-08 07:38:05,5,57,20.8,81,12.8,1011.4,1016.3,0,0,12,931.5,0
2017-08-08 07:43:05,5,57,20.8,80,12.5,1011.5,1016.4,0.3,0.7,12,931.5,0
2017-08-08 07:48:05,5,58,20.8,80,12.5,1011.5,1016.4,1.4,1.7,12,931.5,0
2017-08-08 07:53:05,5,58,20.8,79,12.3,1011.5,1016.4,0.3,0.7,12,931.5,0
2017-08-08 07:58:05,5,58,20.8,78,12.4,1011.5,1016.4,0.3,0.7,12,931.5,0
2017-08-08 08:03:05,5,58,20.8,77,12.4,1011.5,1016.4,1.4,2,12,931.5,0
2017-08-08 08:08:05,5,58,20.8,77,12.6,1011.5,1016.4,1,1.7,12,931.5,0
2017-08-08 08:13:05,5,58,20.9,76,13,1011.6,1016.5,0.3,1,12,931.5,0
2017-08-08 08:18:05,5,58,20.9,76,13.3,1011.5,1016.4,0.3,0.7,12,931.5,0
2017-08-08 08:23:05,5,58,20.9,75,14.3,1011.5,1016.4,0.3,1.4,12,931.5,0
2017-08-08 08:28:05,5,58,20.9,73,15,1011.6,1016.5,1.7,2.4,12,931.5,0
2017-08-08 08:33:05,5,58,20.9,69,14.7,1011.6,1016.5,1,2.4,8,931.5,0
2017-08-08 08:38:05,5,57,21,67,14.3,1011.4,1016.3,2.7,4.1,12,931.5,0
2017-08-08 08:43:05,5,57,21,67,14.1,1011.3,1016.2,0.3,1,14,931.5,0
2017-08-08 08:48:05,5,57,21,68,14.3,1011.6,1016.5,0.7,1.7,12,931.5,0
2017-08-08 08:53:05,5,57,21,68,14.3,1011.4,1016.3,1.7,2.7,12,931.5,0
2017-08-08 08:58:05,5,57,21,67,14.1,1011.4,1016.3,0.7,2,14,931.5,0
2017-08-08 09:03:05,5,57,21,68,13.9,1011.4,1016.3,2,2.7,12,931.5,0
2017-08-08 09:08:05,5,57,21.1,67,13.6,1011.5,1016.4,1.4,2.4,12,931.5,0
2017-08-08 09:13:05,5,57,21.1,67,13.5,1011.4,1016.3,1.4,2.7,10,931.5,0
2017-08-08 09:18:05,5,56,21.1,67,13.8,1011.3,1016.2,1.4,2.4,10,931.5,0
2017-08-08 09:23:05,5,56,21.1,65,14.1,1011.3,1016.2,2,2.7,8,931.5,0
2017-08-08 09:28:05,5,56,21.1,64,14.3,1011.4,1016.3,1.7,2.4,12,931.5,0
2017-08-08 09:33:05,5,56,21.1,64,14.8,1011.2,1016.1,1,2.4,14,931.5,0
2017-08-08 09:38:05,5,56,21.2,60,15.1,1011.3,1016.2,2.4,3.4,10,931.5,0
2017-08-08 09:43:05,5,56,21.2,61,15.4,1011.3,1016.2,2,3.4,12,931.5,0
2017-08-08 09:48:05,5,56,21.2,58,15.5,1011.4,1016.3,2,3.4,10,931.5,0
2017-08-08 09:53:05,5,56,21.2,55,15.1,1011.2,1016.1,0.3,1,14,931.5,0
2017-08-08 09:58:05,5,55,21.2,56,15.1,1011.1,1016,0.7,1.4,14,931.5,0
2017-08-08 10:03:05,5,55,21.2,58,15.3,1011.2,1016.1,1.7,3.4,12,931.5,0
2017-08-08 10:08:05,5,55,21.2,55,15.8,1011.2,1016.1,2.4,4.1,10,931.5,0
2017-08-08 10:13:05,5,55,21.2,55,15.4,1011.3,1016.2,2.7,4.1,12,931.5,0
2017-08-08 10:18:05,5,55,21.2,57,14.9,1011.4,1016.3,1,1.7,14,931.5,0
2017-08-08 10:23:05,5,55,21.2,58,15.6,1011.4,1016.3,1,2.4,0,931.5,0
2017-08-08 10:28:05,5,55,21.2,54,15.5,1011.4,1016.3,0.7,1.4,12,931.5,0
2017-08-08 10:33:05,5,55,21.2,55,15.9,1011.4,1016.3,0.3,0.7,12,931.5,0
2017-08-08 10:38:05,5,55,21.2,53,16.7,1011.3,1016.2,0.3,1,14,931.5,0
2017-08-08 10:43:05,5,55,21.3,53,16.6,1011.4,1016.3,0.7,1,14,931.5,0
2017-08-08 10:48:05,5,55,21.2,52,16.4,1011.4,1016.3,0.7,1,14,931.5,0
2017-08-08 10:53:05,5,55,21.2,53,16.2,1011.3,1016.2,1.4,3.4,12,931.5,0
2017-08-08 10:58:05,5,55,21.2,54,17,1011.3,1016.2,1,2,8,931.5,0
2017-08-08 11:03:05,5,56,21.5,49,18.3,1011.2,1016.1,1.7,3.4,14,931.5,0
2017-08-08 11:08:05,5,56,21.5,49,18.8,1011.3,1016.2,1.4,2.4,13,931.5,0
2017-08-08 11:13:05,5,56,21.5,47,18.4,1011.3,1016.2,0.7,1.4,14,931.5,0
2017-08-08 11:18:05,5,56,21.5,47,18.3,1011.3,1016.2,0.7,1,12,931.5,0
2017-08-08 11:23:05,5,56,21.5,45,18.4,1011.3,1016.2,1,1.7,0,931.5,0
2017-08-08 11:28:05,5,56,21.5,47,18.3,1011.3,1016.2,2.7,3.4,12,931.5,0
2017-08-08 11:33:05,5,55,21.5,48,18.2,1011.3,1016.2,0.7,1.4,14,931.5,0
2017-08-08 11:38:05,5,56,21.6,46,19.6,1011.3,1016.2,0.7,1,0,931.5,0
2017-08-08 11:43:05,5,57,21.6,45,19.9,1011.4,1016.3,1,3.4,10,931.5,0
2017-08-08 11:48:05,5,57,21.7,46,18.9,1011.4,1016.3,0.3,1,0,931.5,0
2017-08-08 11:53:05,5,57,21.7,46,18.2,1011.4,1016.3,0.7,1,14,931.5,0
2017-08-08 11:58:05,5,57,21.7,47,18.1,1011.4,1016.3,0.3,1,14,931.5,0
2017-08-08 12:03:05,5,57,21.7,50,18.3,1011.4,1016.3,0.3,1,0,931.5,0
2017-08-08 12:08:05,5,57,21.7,47,18.6,1011.4,1016.3,0.7,1.7,12,931.5,0
2017-08-08 12:13:05,5,57,21.7,48,17.4,1011.3,1016.2,2.7,4.1,12,931.5,0
2017-08-08 12:18:05,5,56,21.7,53,15.8,1011.3,1016.2,3.1,4.4,13,931.5,0
2017-08-08 12:23:05,5,57,21.7,54,15.8,1011.5,1016.4,1,1.7,12,931.5,0
2017-08-08 12:28:05,5,57,21.8,53,16.3,1011.6,1016.5,1,2.7,14,931.5,0
2017-08-08 12:33:05,5,56,21.8,52,16.4,1011.5,1016.4,0.3,1,14,931.5,0
2017-08-08 12:38:05,5,57,21.8,53,16.9,1011.5,1016.4,0.3,0.7,14,931.5,0
2017-08-08 12:43:05,5,57,21.8,51,17,1011.6,1016.5,1.7,2.4,13,931.5,0
2017-08-08 12:48:05,5,57,21.8,54,16.4,1011.7,1016.6,0.7,1.4,14,931.5,0
2017-08-08 12:53:05,5,57,21.8,55,15.8,1011.6,1016.5,1.4,1.7,14,931.5,0
2017-08-08 12:58:05,5,58,21.9,58,15.7,1011.6,1016.5,1,1.7,14,931.5,0
2017-08-08 13:03:05,5,58,21.9,55,17.5,1011.6,1016.5,0.7,1.7,14,931.5,0
2017-08-08 13:08:05,5,58,21.9,50,18.7,1011.6,1016.5,0.7,1,0,931.5,0
2017-08-08 13:13:05,5,58,21.9,47,18.5,1011.7,1016.6,2.4,3.1,2,931.5,0
2017-08-08 13:18:05,5,57,22,55,16.4,1011.9,1016.8,2.7,3.4,14,931.5,0
2017-08-08 13:23:05,5,57,22,60,15.2,1011.8,1016.7,2,3.4,0,931.5,0
2017-08-08 13:28:05,5,57,22,63,15,1011.8,1016.7,0,0.3,14,931.5,0
2017-08-08 13:33:05,5,57,22,63,15.3,1011.8,1016.7,0,0.3,14,931.5,0
2017-08-08 13:38:05,5,57,22,63,15.7,1011.7,1016.6,0,0.3,12,931.5,0
2017-08-08 13:43:05,5,57,22,62,16.9,1011.7,1016.6,0.3,1,13,931.5,0
2017-08-08 13:48:05,5,57,22,54,17.5,1011.6,1016.5,0.7,1.7,12,931.5,0
2017-08-08 13:53:05,5,57,22.1,53,18.5,1011.6,1016.5,0.7,1.4,10,931.5,0
2017-08-08 13:58:05,5,57,22.1,48,18.7,1011.6,1016.5,0.7,1.7,14,931.5,0
2017-08-08 14:03:05,5,57,22.1,49,18.2,1011.8,1016.7,2.7,3.4,0,931.5,0
2017-08-08 14:08:05,5,57,22.1,52,16.9,1011.6,1016.5,0.3,0.7,14,931.5,0
2017-08-08 14:13:05,5,57,22.1,53,16.8,1011.7,1016.6,1,1.4,14,931.5,0
2017-08-08 14:18:05,5,57,22.1,52,16.6,1011.8,1016.7,1,1.7,12,931.5,0
2017-08-08 14:23:05,5,57,22.1,53,16.4,1011.7,1016.6,0.7,1.7,0,931.5,0
2017-08-08 14:28:05,5,57,22.1,52,17.3,1011.8,1016.7,0.7,1,14,931.5,0
2017-08-08 14:33:05,5,57,22.2,53,16.9,1012,1016.9,0.3,1,14,931.5,0
2017-08-08 14:38:05,5,57,22.2,55,16.6,1011.9,1016.8,0.7,1,0,931.5,0
2017-08-08 14:43:05,5,57,22.2,55,16.4,1012,1016.9,0.3,0.7,0,931.5,0
2017-08-08 14:48:05,5,56,22.2,56,17.2,1011.8,1016.7,1.4,2.4,14,931.5,0
2017-08-08 14:53:05,5,56,22.3,54,18.3,1011.9,1016.8,1,1.4,14,931.5,0
2017-08-08 14:58:05,5,57,22.4,50,18.5,1012.2,1017.1,0.7,1.7,14,931.5,0
2017-08-08 15:03:05,5,57,22.4,51,17.4,1012.1,1017,0.3,0.7,14,931.5,0
2017-08-08 15:08:05,5,56,22.5,53,17.2,1012.2,1017.1,0.7,1,14,931.5,0
2017-08-08 15:13:05,5,56,22.5,53,17.3,1012.3,1017.2,0.3,1,14,931.5,0
2017-08-08 15:18:05,5,56,22.5,54,17.2,1012.5,1017.4,1,2,14,931.5,0
2017-08-08 15:23:05,5,56,22.5,58,16.3,1012.5,1017.4,1,1.4,14,931.8,0
2017-08-08 15:28:05,5,56,22.5,60,15.4,1012.3,1017.2,0,0,14,931.8,0
2017-08-08 15:33:05,5,57,22.5,63,15.1,1012.2,1017.1,0,0.3,14,931.8,0
2017-08-08 15:38:05,5,57,22.5,64,15.8,1012.3,1017.2,0,0.3,14,931.8,0
2017-08-08 15:43:05,5,57,22.5,63,16.2,1012.4,1017.3,0.3,1,14,931.8,0
2017-08-08 15:48:05,5,57,22.5,62,16.3,1012.5,1017.4,0.7,1.4,14,931.8,0
2017-08-08 15:53:05,5,57,22.4,62,15.6,1012.8,1017.7,0.7,1.7,14,932.1,0
2017-08-08 15:58:05,5,56,22.4,64,14.7,1012.7,1017.6,0.7,1.4,12,932.1,0
2017-08-08 16:03:05,5,57,22.4,65,14.2,1012.6,1017.5,0.3,0.7,14,932.1,0
2017-08-08 16:08:05,5,56,22.4,66,14.1,1012.7,1017.6,0,0.3,14,932.1,0
2017-08-08 16:13:05,5,56,22.4,67,14.4,1012.7,1017.6,0,0.3,14,932.1,0
2017-08-08 16:18:05,5,56,22.4,68,15.1,1012.6,1017.5,0,0.7,14,932.1,0
2017-08-08 16:23:05,5,54,22.3,67,15.4,1012.7,1017.6,0,0.3,14,932.1,0
2017-08-08 16:28:05,5,56,22.3,67,15.8,1012.5,1017.4,1.4,2,14,932.1,0
2017-08-08 16:33:05,5,55,22.4,64,16.7,1012.6,1017.5,0.7,1,14,932.1,0
2017-08-08 16:38:05,5,55,22.4,63,16.5,1012.6,1017.5,0.3,0.7,14,932.1,0
2017-08-08 16:43:05,5,55,22.4,63,16.5,1012.7,1017.6,0,0.7,0,932.1,0
2017-08-08 16:48:05,5,55,22.4,63,16.8,1012.5,1017.4,0.3,1,14,932.1,0
2017-08-08 16:53:05,5,56,22.5,62,18,1012.6,1017.5,0,0.7,10,932.1,0
2017-08-08 16:58:05,5,56,22.7,57,18.7,1012.7,1017.6,0.3,1,14,932.1,0
2017-08-08 17:03:05,5,56,22.8,55,18.9,1012.7,1017.6,0.7,1,14,932.1,0
2017-08-08 17:08:05,5,55,23.1,52,19.5,1012.8,1017.7,0.7,1.4,15,932.1,0
2017-08-08 17:13:05,5,54,23.3,52,19.9,1012.7,1017.6,1,1.4,14,932.1,0
2017-08-08 17:18:05,5,54,23.5,50,20.3,1012.7,1017.6,1.7,2.4,14,932.1,0
2017-08-08 17:23:05,5,54,23.6,49,20.2,1012.7,1017.6,0.3,1.4,14,932.1,0
2017-08-08 17:28:05,5,53,23.9,48,20.6,1012.7,1017.6,0.7,1,10,932.1,0
2017-08-08 17:33:05,5,52,24,46,20.4,1012.6,1017.5,0.3,1,12,932.1,0
2017-08-08 17:38:05,5,51,24.2,50,18.9,1012.7,1017.6,1.7,3.1,12,932.1,0
2017-08-08 17:43:05,5,51,24.3,53,17.9,1012.7,1017.6,1.7,3.1,12,932.1,0
2017-08-08 17:48:05,5,51,24.5,54,17.4,1012.9,1017.8,1.7,3.7,12,932.1,0
2017-08-08 17:53:05,5,51,24.5,55,17.3,1012.5,1017.4,1.4,2.7,14,932.1,0
2017-08-08 17:58:05,5,50,24.9,56,17.3,1012.3,1017.2,0.3,1,14,932.1,0
2017-08-08 18:03:05,5,47,25.7,55,18,1012.5,1017.4,1,1.7,14,932.1,0
2017-08-08 18:08:05,5,43,27,52,18.1,1012.6,1017.5,1.4,3.1,14,932.1,0
2017-08-08 18:13:05,5,42,28.4,53,18,1012.7,1017.6,0.7,1.4,14,932.1,0
2017-08-08 18:18:05,5,40,29.5,54,18,1012.9,1017.8,0.3,1,0,932.1,0
2017-08-08 18:23:05,5,38,29.8,54,17.5,1012.8,1017.7,1,1.4,0,932.1,0
2017-08-08 18:28:05,5,37,29.1,55,16.7,1013.1,1018,0.7,1.4,14,932.1,0
2017-08-08 18:33:05,5,38,28.2,55,16.1,1013,1017.9,0.3,1,14,932.1,0
2017-08-08 18:38:05,5,38,27.4,58,15.8,1013.3,1018.2,0.3,1,0,932.1,0
2017-08-08 18:43:05,5,39,26.7,58,15.7,1013.2,1018.1,0.7,1.7,12,932.1,0
2017-08-08 18:48:05,5,39,26.2,59,15.6,1013.3,1018.2,1,1.7,12,932.1,0
2017-08-08 18:53:05,5,39,26.2,59,15.5,1013.3,1018.2,0.3,1,0,932.1,0
2017-08-08 18:58:05,5,39,26.2,60,15.5,1013.2,1018.1,1.7,2.4,0,932.1,0
2017-08-08 19:03:05,5,39,26.6,60,15.5,1013.7,1018.6,0.3,1.7,12,932.1,0
2017-08-08 19:08:05,5,39,26.2,60,15.6,1013.8,1018.7,0.3,0.7,12,932.1,0
2017-08-08 19:13:05,5,40,26.1,60,15.6,1013.6,1018.5,0.3,0.7,12,932.1,0
2017-08-08 19:18:05,5,42,25.8,61,15.8,1014.1,1019,0.3,1,14,932.1,0
2017-08-08 19:23:05,5,42,25.6,59,15.5,1014.2,1019.1,0.7,1.4,12,932.1,0
2017-08-08 19:28:05,5,43,25.4,59,15,1014.1,1019,1,1.7,14,932.1,0
2017-08-08 19:33:05,5,43,25.3,61,14.7,1014.3,1019.2,1,1.4,14,932.1,0
2017-08-08 19:38:05,5,44,25.1,62,14.6,1014.6,1019.5,0.7,1.4,12,932.1,0
2017-08-08 19:43:05,5,44,25,62,14.4,1014.5,1019.4,0.7,1,14,932.1,0
2017-08-08 19:48:05,5,44,25,62,14.2,1014.6,1019.5,0.7,1.4,12,932.1,0
2017-08-08 19:53:05,5,46,24.9,62,14,1014.8,1019.7,0.7,1,12,932.1,0
2017-08-08 19:58:05,5,46,24.8,64,13.7,1015,1019.9,0.3,1,14,932.1,0
2017-08-08 20:03:05,5,47,24.7,65,13.6,1015.1,1020,0.3,1,14,932.1,0
2017-08-08 20:08:05,5,47,24.7,65,13.5,1015.1,1020,0.7,1.4,14,932.1,0
2017-08-08 20:13:05,5,47,24.7,65,13.3,1015,1019.9,0.3,1,14,932.1,0
2017-08-08 20:18:05,5,47,24.7,65,13,1015.2,1020.1,0.3,0.7,10,932.1,0
2017-08-08 20:23:05,5,47,24.6,65,12.8,1015.3,1020.2,0.3,0.3,12,932.1,0
2017-08-08 20:28:05,5,47,24.6,66,12.6,1015.3,1020.2,0.3,0.7,14,932.1,0
2017-08-08 20:33:05,5,47,24.5,66,12.4,1015.4,1020.3,0.3,0.7,14,932.1,0
2017-08-08 20:38:05,5,47,24.4,66,12.2,1015.4,1020.3,0.3,1,12,932.1,0
2017-08-08 20:43:05,5,47,24.4,67,12,1015.6,1020.5,0.7,1,14,932.1,0
2017-08-08 20:48:05,5,46,24.4,68,11.8,1015.8,1020.7,1,1.4,12,932.1,0
2017-08-08 20:53:05,5,45,24.3,69,11.7,1015.8,1020.7,0.7,1,14,932.1,0
2017-08-08 20:58:05,5,44,24.3,70,11.7,1015.9,1020.8,1,2,12,932.1,0
2017-08-08 21:03:05,5,44,24.1,70,11.6,1016,1020.9,0.3,0.7,14,932.1,0
2017-08-08 21:08:05,5,44,24.1,70,11.5,1016,1020.9,0,0.3,14,932.1,0
2017-08-08 21:13:05,5,43,24.1,71,11.4,1016.1,1021,0.3,0.7,12,932.1,0
2017-08-08 21:18:05,5,42,24,71,11.1,1016.2,1021.1,0,0.7,12,932.1,0
2017-08-08 21:23:05,5,42,24,71,11,1016.1,1021,0,0.3,12,932.1,0
2017-08-08 21:28:05,5,43,23.8,73,10.8,1016.2,1021.1,1,2.4,14,932.1,0
2017-08-08 21:33:05,5,43,23.9,73,10.9,1016.4,1021.3,1.4,2.4,12,932.1,0
2017-08-08 21:38:05,5,44,23.6,74,10.9,1016.5,1021.4,1.4,2,14,932.1,0
2017-08-08 21:43:05,5,45,23.5,74,10.9,1016.6,1021.5,1.4,2.4,12,932.1,0
2017-08-08 21:48:05,5,46,23.3,73,11,1016.6,1021.5,0.7,1.4,14,932.1,0
2017-08-08 21:53:05,5,46,23.1,73,11,1016.5,1021.4,0.7,1.4,14,932.1,0
2017-08-08 21:58:05,5,46,23,75,10.9,1016.6,1021.5,1,2,12,932.1,0
2017-08-08 22:03:05,5,48,22.9,75,10.9,1016.7,1021.6,1,1.4,14,932.1,0
2017-08-08 22:08:05,5,48,22.8,75,10.9,1016.7,1021.6,0.7,1.4,12,932.1,0
2017-08-08 22:13:05,5,48,22.7,75,10.8,1016.8,1021.7,0.3,0.7,14,932.1,0
2017-08-08 22:18:05,5,48,22.6,75,10.6,1016.8,1021.7,1.7,2,12,932.1,0
2017-08-08 22:23:05,5,48,22.5,75,10.5,1016.9,1021.8,1,1.7,14,932.1,0
2017-08-08 22:28:05,5,49,22.4,75,10.3,1017,1021.9,1,1.4,12,932.1,0
2017-08-08 22:33:05,5,49,22.4,75,10.3,1017.1,1022,1.4,1.7,12,932.1,0
2017-08-08 22:38:05,5,49,22.3,76,10.2,1017.1,1022,1.4,2,12,932.1,0
2017-08-08 22:43:05,5,49,22.2,76,10.1,1017.1,1022,1,1.7,12,932.1,0
2017-08-08 22:48:05,5,49,22.2,76,10,1017.1,1022,0.7,1.4,12,932.1,0
2017-08-08 22:53:05,5,49,22.2,76,10,1017.4,1022.3,1,1.4,12,932.1,0
2017-08-08 22:58:05,5,49,22.1,77,9.9,1017.3,1022.2,1,2,10,932.1,0
2017-08-08 23:03:05,5,49,22.1,78,9.8,1017.4,1022.3,1.7,2.4,12,932.1,0
2017-08-08 23:08:05,5,49,22,78,9.7,1017.4,1022.3,0.7,1.4,12,932.1,0
2017-08-08 23:13:05,5,49,22,78,9.6,1017.5,1022.4,0.7,1.4,12,932.1,0
2017-08-08 23:18:05,5,50,21.9,78,9.6,1017.6,1022.5,0.7,1.7,12,932.1,0
2017-08-08 23:23:05,5,50,21.9,79,9.5,1017.6,1022.5,0.3,0.7,10,932.1,0
2017-08-08 23:28:05,5,50,21.9,79,9.3,1017.6,1022.5,0.3,1,10,932.1,0
2017-08-08 23:33:05,5,50,21.8,79,9.3,1017.6,1022.5,0.7,1,12,932.1,0
2017-08-08 23:38:05,5,50,21.7,79,9.2,1017.6,1022.5,0.7,1,10,932.1,0
2017-08-08 23:43:05,5,50,21.7,79,9.1,1017.8,1022.7,0.3,1,10,932.1,0
2017-08-08 23:48:05,5,50,21.6,81,8.9,1017.8,1022.7,0.7,1.4,12,932.1,0
2017-08-08 23:53:05,5,50,21.6,81,8.9,1017.8,1022.7,0.7,1.4,8,932.1,0
2017-08-08 23:58:05,5,50,21.6,81,8.9,1017.7,1022.6,0.7,1,12,932.1,0
