2017-08-22 00:03:02,5,70,21.6,79,16.6,1012,1016.9,0.7,1,4,978.6,0
2017-08-22 00:08:02,5,70,21.6,79,16.6,1011.8,1016.7,0.7,1.4,8,978.6,0
2017-08-22 00:13:02,5,70,21.5,79,16.6,1011.9,1016.8,0.7,1.4,10,978.6,0
2017-08-22 00:18:02,5,70,21.5,78,16.5,1011.8,1016.7,0.7,1,8,978.6,0
2017-08-22 00:23:02,5,70,21.5,78,16.5,1011.9,1016.8,0.7,1.4,8,978.6,0
2017-08-22 00:28:02,5,70,21.5,78,16.5,1011.8,1016.7,1,1.7,4,978.6,0
2017-08-22 00:33:02,5,70,21.5,78,16.5,1011.8,1016.7,0.7,1,8,978.6,0
2017-08-22 00:38:02,5,70,21.5,77,16.4,1011.9,1016.8,0.3,0.7,2,978.6,0
2017-08-22 00:43:02,5,70,21.2,77,16.4,1011.8,1016.7,0,0.7,8,978.6,0
2017-08-22 00:48:02,5,70,21.2,77,16.3,1011.9,1016.8,0.3,0.7,0,978.6,0
2017-08-22 00:53:02,5,70,21.2,77,16.2,1011.8,1016.7,0,0,2,978.6,0
2017-08-22 00:58:02,5,70,21.2,77,16,1011.7,1016.6,0,0,,978.6,0
2017-08-22 01:03:02,5,70,21.3,78,15.9,1011.6,1016.5,0.3,0.7,12,978.6,0
2017-08-22 01:08:02,5,70,21.2,78,16,1011.6,1016.5,0.3,0.7,8,978.6,0
2017-08-22 01:13:02,5,70,21.3,78,16.1,1011.6,1016.5,0.3,1,10,978.6,0
2017-08-22 01:18:02,5,70,21.2,78,16.1,1011.7,1016.6,0.7,1,14,978.6,0
2017-08-22 01:23:02,5,70,21.2,78,16.2,1011.6,1016.5,1,2.7,4,978.6,0
2017-08-22 01:28:02,5,70,21.2,78,16.3,1011.5,1016.4,1.4,2,12,978.6,0
2017-08-22 01:33:02,5,70,21.2,78,16.5,1011.5,1016.4,1.4,2,2,978.6,0
2017-08-22 01:38:02,5,70,21.2,77,16.5,1011.5,1016.4,1.7,2,2,978.6,0
2017-08-22 01:43:02,5,70,21.2,77,16.5,1011.6,1016.5,1.7,2.4,2,978.6,0
2017-08-22 01:48:02,5,70,21.2,77,16.5,1011.6,1016.5,1.4,2,0,978.6,0
2017-08-22 01:53:02,5,70,21.2,77,16.5,1011.4,1016.3,1,2.4,2,978.6,0
2017-08-22 01:58:02,5,70,21.2,78,16.5,1011.4,1016.3,0.3,1,4,978.6,0
2017-08-22 02:03:02,5,70,21.2,78,16.5,1011.3,1016.2,1,2,4,978.6,0
2017-08-22 02:08:02,5,70,21.2,78,16.4,1011.3,1016.2,1,1.4,2,978.6,0
2017-08-22 02:13:02,5,70,21.2,78,16.3,1011.3,1016.2,2.4,3.7,2,978.6,0
2017-08-22 02:18:02,5,70,21.2,79,16.4,1011.3,1016.2,2.4,3.7,2,978.6,0
2017-08-22 02:23:02,5,70,21.1,79,16.4,1011.3,1016.2,1.7,2.7,2,978.6,0
2017-08-22 02:28:02,5,70,21.1,79,16.4,1011.5,1016.4,0.7,2,0,978.6,0
2017-08-22 02:33:02,5,70,21.1,79,16.4,1011.3,1016.2,2.4,3.4,2,978.6,0
2017-08-22 02:38:02,5,70,21.1,79,16.3,1011.3,1016.2,0.7,1.7,14,978.6,0
2017-08-22 02:43:02,5,70,21.1,79,16.3,1011.3,1016.2,0.7,1.7,2,978.6,0
2017-08-22 02:48:02,5,70,21.1,79,16.2,1011.4,1016.3,1,1.4,2,978.6,0
2017-08-22 02:53:02,5,70,21.1,80,16.1,1011.4,1016.3,1,2,14,978.6,0
2017-08-22 02:58:02,5,70,21.1,80,16,1011.2,1016.1,1.7,3.4,2,978.6,0
2017-08-22 03:03:02,5,70,21.1,80,16,1011.2,1016.1,2,3.7,11,978.6,0
2017-08-22 03:08:02,5,70,21.1,81,15.9,1011.1,1016,2,2.7,2,978.6,0
2017-08-22 03:13:02,5,70,21.1,82,15.8,1011.1,1016,2,3.7,4,978.6,0
2017-08-22 03:18:02,5,70,21.1,82,15.8,1011.1,1016,1,1.7,2,978.6,0
2017-08-22 03:23:02,5,70,21,82,15.8,1011,1015.9,1.7,2,0,978.6,0
2017-08-22 03:28:02,5,70,21,82,15.8,1011,1015.9,0.7,1.4,3,978.6,0
2017-08-22 03:33:02,5,70,21.1,83,15.7,1010.9,1015.8,0.7,1.4,8,978.6,0
2017-08-22 03:38:02,5,70,21,83,15.6,1011,1015.9,1.4,1.7,4,978.6,0
2017-08-22 03:43:02,5,70,21,83,15.6,1011,1015.9,2,2.4,0,978.6,0
2017-08-22 03:48:02,5,70,21,83,15.6,1010.8,1015.7,2.4,3.4,2,978.6,0
2017-08-22 03:53:02,5,70,21,83,15.6,1010.8,1015.7,2,3.1,2,978.6,0
2017-08-22 03:58:02,5,70,21,83,15.6,1010.9,1015.8,2.7,3.4,2,978.6,0
2017-08-22 04:03:02,5,70,21,83,15.6,1010.9,1015.8,2.7,3.7,2,978.6,0
2017-08-22 04:08:02,5,70,21,83,15.6,1010.8,1015.7,2.4,3.1,12,978.6,0
2017-08-22 04:13:02,5,70,21,83,15.6,1010.7,1015.6,3.1,4.1,4,978.6,0
2017-08-22 04:18:02,5,70,21,83,15.7,1010.7,1015.6,3.4,4.1,2,978.6,0
2017-08-22 04:23:02,5,70,21,83,15.7,1010.7,1015.6,2.7,4.1,2,978.6,0
2017-08-22 04:28:02,5,70,21,83,15.6,1010.6,1015.5,3.4,4.8,2,978.6,0
2017-08-22 04:33:02,5,71,20.9,83,15.6,1010.4,1015.3,4.1,5.1,2,978.6,0
2017-08-22 04:38:02,5,71,20.9,83,15.6,1010.5,1015.4,3.4,4.4,2,978.6,0
2017-08-22 04:43:02,5,71,20.9,83,15.6,1010.5,1015.4,2.4,3.1,4,978.6,0
2017-08-22 04:48:02,5,71,20.9,83,15.6,1010.6,1015.5,2.4,3.1,4,978.6,0
2017-08-22 04:53:02,5,71,20.9,83,15.6,1010.6,1015.5,2.7,4.1,1,978.6,0
2017-08-22 04:58:02,5,71,20.9,83,15.7,1010.6,1015.5,2,2.7,2,978.6,0
2017-08-22 05:03:02,5,71,20.9,83,15.7,1010.5,1015.4,2,3.1,4,978.6,0
2017-08-22 05:08:02,5,71,20.9,83,15.7,1010.5,1015.4,2.4,3.1,14,978.6,0
2017-08-22 05:13:02,5,71,20.9,83,15.8,1010.5,1015.4,2.7,3.4,2,978.6,0
2017-08-22 05:18:02,5,71,20.9,83,15.8,1010.4,1015.3,3.1,3.7,2,978.6,0
2017-08-22 05:23:02,5,70,20.9,83,15.8,1010.4,1015.3,3.4,4.8,2,978.6,0
2017-08-22 05:28:02,5,70,20.9,83,15.8,1010.4,1015.3,2.7,4.4,4,978.6,0
2017-08-22 05:33:02,5,70,20.9,83,15.8,1010.4,1015.3,3.4,4.1,2,978.6,0
2017-08-22 05:38:02,5,70,20.9,83,15.8,1010.5,1015.4,3.4,4.4,2,978.6,0
2017-08-22 05:43:02,5,70,20.9,83,15.8,1010.5,1015.4,2.7,4.1,4,978.6,0
2017-08-22 05:48:02,5,70,20.9,83,15.8,1010.3,1015.2,3.1,4.1,2,978.6,0
2017-08-22 05:53:02,5,70,20.9,83,15.8,1010.3,1015.2,3.7,4.4,4,978.6,0
2017-08-22 05:58:02,5,70,20.9,83,15.8,1010.3,1015.2,2.7,4.4,2,978.6,0
2017-08-22 06:03:02,5,70,20.9,83,15.8,1010.3,1015.2,3.7,4.8,2,978.6,0
2017-08-22 06:08:02,5,70,20.9,83,15.9,1010.4,1015.3,1.7,2.4,0,978.6,0
2017-08-22 06:13:02,5,70,20.9,83,15.9,1010.4,1015.3,1.7,3.1,2,978.6,0
2017-08-22 06:18:02,5,70,20.9,82,16,1010.3,1015.2,2,2.7,2,978.6,0
2017-08-22 06:23:02,5,70,20.9,82,16,1010.2,1015.1,2.4,3.4,4,978.6,0
2017-08-22 06:28:02,5,70,20.9,82,16,1010.3,1015.2,3.7,5.1,4,978.6,0
2017-08-22 06:33:02,5,70,20.9,82,16,1010.3,1015.2,3.7,4.8,4,978.6,0
2017-08-22 06:38:02,5,70,20.9,81,16,1010.4,1015.3,2.7,4.4,2,978.6,0
2017-08-22 06:43:02,5,70,20.9,80,16.1,1010.4,1015.3,2.4,3.4,2,978.6,0
2017-08-22 06:48:02,5,70,20.9,80,16.1,1010.4,1015.3,2.7,4.8,2,978.6,0
2017-08-22 06:53:02,5,70,20.9,79,16.2,1010.5,1015.4,2.7,3.7,2,978.6,0
2017-08-22 06:58:02,5,70,20.9,78,16.2,1010.5,1015.4,3.4,4.8,2,978.6,0
2017-08-22 07:03:02,5,70,20.9,78,16.2,1010.5,1015.4,2.7,4.1,0,978.6,0
2017-08-22 07:08:02,5,70,20.9,77,16.3,1010.4,1015.3,3.1,4.1,2,978.6,0
2017-08-22 07:13:02,5,70,20.9,77,16.3,1010.4,1015.3,2.4,3.4,2,978.6,0
2017-08-22 07:18:02,5,71,20.9,77,16.4,1010.4,1015.3,2.4,2.7,2,978.6,0
2017-08-22 07:23:02,5,71,20.9,77,16.5,1010.4,1015.3,2,2.7,0,978.6,0
2017-08-22 07:28:02,5,71,20.9,77,16.7,1010.5,1015.4,1.4,2,2,978.6,0
2017-08-22 07:33:02,5,70,20.9,76,16.8,1010.5,1015.4,1.4,2,2,978.6,0
2017-08-22 07:38:02,5,70,20.9,75,17,1010.7,1015.6,1.7,2.7,2,978.6,0
2017-08-22 07:43:02,5,71,20.9,75,16.8,1010.5,1015.4,2,3.1,2,978.6,0
2017-08-22 07:48:02,5,71,20.9,75,16.8,1010.4,1015.3,1.4,2,2,978.6,0
2017-08-22 07:53:02,5,71,20.9,76,16.8,1010.5,1015.4,1.7,2.4,6,978.6,0
2017-08-22 07:58:02,5,70,21,76,16.8,1010.5,1015.4,2.4,3.4,0,978.6,0
2017-08-22 08:03:02,5,70,21,75,16.8,1010.1,1015,1.7,2.4,2,978.6,0
2017-08-22 08:08:02,5,70,21,75,16.8,1010.4,1015.3,2.7,3.7,2,978.6,0
2017-08-22 08:13:02,5,70,21,75,16.8,1010.4,1015.3,1.7,2.4,2,978.6,0
2017-08-22 08:18:02,5,70,21,75,16.8,1010.2,1015.1,1,1.7,4,978.6,0
2017-08-22 08:23:02,5,70,21,74,17,1010.5,1015.4,1.4,2,2,978.6,0
2017-08-22 08:28:02,5,70,21,73,17,1010.4,1015.3,2,2.7,2,978.6,0
2017-08-22 08:33:02,5,70,21,73,17,1010.3,1015.2,1.7,2.7,4,978.6,0
2017-08-22 08:38:02,5,69,21,75,16.8,1010.2,1015.1,2.4,3.4,4,978.6,0
2017-08-22 08:43:02,5,69,21,75,16.8,1010.1,1015,1.7,2.7,2,978.6,0
2017-08-22 08:48:02,5,69,21,75,16.8,1010,1014.9,1,2,2,978.6,0
2017-08-22 08:53:02,5,69,21,75,16.8,1010,1014.9,1.4,2.7,2,978.6,0
2017-08-22 08:58:02,5,69,21,73,17,1009.9,1014.8,1.7,2.7,2,978.6,0
2017-08-22 09:03:02,5,69,21,73,17,1010,1014.9,1,2.4,2,978.6,0
2017-08-22 09:08:02,5,69,21,74,16.8,1009.8,1014.7,2,2.7,2,978.6,0
2017-08-22 09:13:02,5,69,21,75,16.8,1010.1,1015,1.7,2.4,2,978.6,0
2017-08-22 09:18:02,5,69,21,75,16.8,1010.1,1015,1,1.7,2,978.6,0
2017-08-22 09:23:02,5,69,21,75,16.8,1010.1,1015,2.4,3.1,2,978.6,0
2017-08-22 09:28:02,5,69,21,75,16.6,1009.9,1014.8,1,1.7,2,978.6,0
2017-08-22 09:33:02,5,69,21,75,16.5,1009.7,1014.6,1,1.7,14,979.2,0
2017-08-22 09:38:02,5,69,21,76,16.3,1009.8,1014.7,1.4,2,2,979.5,0
2017-08-22 09:43:02,5,69,21,77,16.2,1009.8,1014.7,1.7,2.7,2,979.5,0
2017-08-22 09:48:02,5,69,21,78,16.1,1009.8,1014.7,2.4,3.1,0,979.5,0
2017-08-22 09:53:02,5,69,21,78,16.1,1009.7,1014.6,2.7,4.1,2,979.5,0
2017-08-22 09:58:02,5,69,21,80,15.9,1009.8,1014.7,3.4,4.4,2,979.5,0
2017-08-22 10:03:02,5,69,21,80,15.8,1009.7,1014.6,2.4,3.1,4,980.1,0
2017-08-22 10:08:02,5,69,21,81,15.7,1009.8,1014.7,2,3.1,2,980.4,0
2017-08-22 10:13:02,5,69,21,81,15.5,1009.7,1014.6,1.7,2.4,2,980.7,0
2017-08-22 10:18:02,5,69,21,81,15.1,1009.7,1014.6,0.7,1.7,10,981.3,0
2017-08-22 10:23:02,5,69,21,82,14.9,1009.6,1014.5,1,2.4,9,981.9,0
2017-08-22 10:28:02,5,69,21,81,14.6,1009.3,1014.2,3.1,4.4,2,982.2,0
2017-08-22 10:33:02,5,69,21,81,14.6,1009.2,1014.1,2,3.1,2,982.5,0
2017-08-22 10:38:02,5,69,21,81,14.6,1009.2,1014.1,1.7,2.4,2,982.5,0
2017-08-22 10:43:02,5,69,21,81,14.7,1009.3,1014.2,1.7,3.1,0,982.5,0
2017-08-22 10:48:02,5,69,21,82,14.7,1009.2,1014.1,1.4,2,2,982.5,0
2017-08-22 10:53:02,5,69,21,82,14.9,1009.3,1014.2,3.1,4.8,4,982.5,0
2017-08-22 10:58:02,5,69,21,82,15.1,1009.3,1014.2,3.1,3.7,2,982.5,0
2017-08-22 11:03:02,5,69,21,82,15.3,1008.9,1013.8,2.7,3.7,2,982.5,0
2017-08-22 11:08:02,5,69,21,83,15.4,1009.1,1014,2.7,4.8,2,982.5,0
2017-08-22 11:13:02,5,69,21,83,15.5,1009,1013.9,3.4,4.4,2,982.5,0
2017-08-22 11:18:02,5,69,21,83,15.7,1009.1,1014,3.7,4.8,3,982.5,0
2017-08-22 11:23:02,5,69,21,83,15.7,1009,1013.9,3.1,4.1,2,982.5,0
2017-08-22 11:28:02,5,69,21,83,15.8,1009,1013.9,3.1,3.7,2,982.5,0
2017-08-22 11:33:02,5,69,21,83,15.8,1009,1013.9,3.1,4.8,2,982.5,0
2017-08-22 11:38:02,5,69,21,82,16,1008.8,1013.7,2.7,4.1,2,982.5,0
2017-08-22 11:43:02,5,69,21,82,16.2,1008.6,1013.5,3.1,4.4,2,982.5,0
2017-08-22 11:48:02,5,69,21,82,16.4,1008.8,1013.7,2.7,4.8,2,982.5,0
2017-08-22 11:53:02,5,69,21,82,16.4,1008.8,1013.7,3.4,4.8,4,982.8,0
2017-08-22 11:58:02,5,69,21,82,16.7,1008.8,1013.7,3.1,3.7,4,982.8,0
2017-08-22 12:03:02,5,69,21,81,16.7,1008.8,1013.7,2.7,4.8,4,982.8,0
2017-08-22 12:08:02,5,69,21.1,80,16.8,1008.7,1013.6,3.1,5.1,2,982.8,0
2017-08-22 12:13:02,5,69,21.1,80,16.8,1008.8,1013.7,2.7,3.7,2,982.8,0
2017-08-22 12:18:02,5,69,21.1,79,16.8,1008.8,1013.7,2.7,4.1,2,982.8,0
2017-08-22 12:23:02,5,69,21.1,79,16.8,1008.5,1013.4,2.7,3.7,2,982.8,0
2017-08-22 12:28:02,5,69,21.1,79,16.8,1008.5,1013.4,3.7,5.4,2,982.8,0
2017-08-22 12:33:02,5,69,21.1,78,17,1008.4,1013.3,2.7,3.7,2,982.8,0
2017-08-22 12:38:02,5,69,21.1,78,17.2,1008.5,1013.4,2.7,3.7,3,982.8,0
2017-08-22 12:43:02,5,69,21.1,78,17.4,1008.4,1013.3,2.4,4.8,4,982.8,0
2017-08-22 12:48:02,5,69,21.2,77,17.6,1008.4,1013.3,2,3.1,2,982.8,0
2017-08-22 12:53:02,5,69,21.2,76,17.8,1008.2,1013.1,3.1,4.4,2,982.8,0
2017-08-22 12:58:02,5,69,21.2,76,17.9,1008.1,1013,2.7,3.7,2,982.8,0
2017-08-22 13:03:02,5,69,21.2,76,18.1,1008.2,1013.1,3.1,4.8,2,982.8,0
2017-08-22 13:08:02,5,69,21.2,75,18.3,1008.1,1013,3.1,4.1,2,982.8,0
2017-08-22 13:13:02,5,69,21.2,75,18.1,1008.2,1013.1,2,2.7,4,982.8,0
2017-08-22 13:18:02,5,69,21.2,74,17.9,1008.1,1013,3.4,4.8,2,982.8,0
2017-08-22 13:23:02,5,69,21.2,75,17.7,1008,1012.9,2.7,3.7,3,982.8,0
2017-08-22 13:28:02,5,69,21.2,76,17.6,1008.1,1013,2.4,3.7,2,982.8,0
2017-08-22 13:33:02,5,69,21.2,76,17.5,1008.2,1013.1,2,3.7,2,982.8,0
2017-08-22 13:38:02,5,69,21.2,76,17.4,1008,1012.9,1.7,2.7,2,982.8,0
2017-08-22 13:43:02,5,69,21.2,77,17.3,1008,1012.9,1.7,2.4,2,982.8,0
2017-08-22 13:48:02,5,69,21.2,77,17.3,1007.9,1012.8,1.7,2.4,2,982.8,0
2017-08-22 13:53:02,5,69,21.2,77,17.3,1007.9,1012.8,1,1.7,10,982.8,0
2017-08-22 13:58:02,5,69,21.2,77,17.4,1007.8,1012.7,1.4,2,4,982.8,0
2017-08-22 14:03:02,5,69,21.2,77,17.4,1007.8,1012.7,1.7,2,0,982.8,0
2017-08-22 14:08:02,5,69,21.2,77,17.4,1007.8,1012.7,0.7,1.4,14,982.8,0
2017-08-22 14:13:02,5,69,21.2,77,17.5,1007.6,1012.5,0,0.7,8,982.8,0
2017-08-22 14:18:02,5,69,21.2,77,17.4,1007.8,1012.7,0.7,1.4,2,982.8,0
2017-08-22 14:23:02,5,69,21.2,77,17.4,1007.6,1012.5,2,2.7,2,982.8,0
2017-08-22 14:28:02,5,69,21.2,77,17.3,1007.6,1012.5,1.4,2.4,2,982.8,0
2017-08-22 14:33:02,5,69,21.2,77,17.3,1007.5,1012.4,1.4,2,2,982.8,0
2017-08-22 14:38:02,5,69,21.2,78,17.2,1007.6,1012.5,0.7,2,4,982.8,0
2017-08-22 14:43:02,5,69,21.2,78,17.2,1007.4,1012.3,1.4,2.4,4,982.8,0
2017-08-22 14:48:02,5,69,21.1,79,17.2,1007.3,1012.2,1,1.4,2,982.8,0
2017-08-22 14:53:02,5,69,21.1,79,17.1,1007.2,1012.1,1,1.4,2,982.8,0
2017-08-22 14:58:02,5,69,21.1,79,17.2,1007.2,1012.1,1,1.4,2,982.8,0
2017-08-22 15:03:02,5,69,21.1,80,17.2,1007,1011.9,0,0.7,8,982.8,0
2017-08-22 15:08:02,5,69,21.1,80,17.2,1007,1011.9,0,0.3,8,982.8,0
2017-08-22 15:13:02,5,69,21.1,80,17.2,1006.9,1011.8,0,0.3,8,982.8,0
2017-08-22 15:18:02,5,69,21.1,80,17.2,1006.9,1011.8,0,0.3,8,982.8,0
2017-08-22 15:23:02,5,69,21.1,80,17.2,1006.8,1011.7,0,0,10,983.1,0
2017-08-22 15:28:02,5,69,21.1,80,17.2,1006.8,1011.7,0,0.3,2,983.1,0
2017-08-22 15:33:02,5,69,21.1,80,17.2,1006.7,1011.6,0.3,0.7,8,983.1,0
2017-08-22 15:38:02,5,69,21.1,80,17.2,1006.6,1011.5,0,0.3,8,983.1,0
2017-08-22 15:43:02,5,69,21.1,81,17.2,1006.5,1011.4,0.3,0.7,10,983.1,0
2017-08-22 15:48:02,5,69,21,81,17.1,1006.6,1011.5,0.3,0.7,4,983.1,0
2017-08-22 15:53:02,5,69,21.1,81,17,1006.6,1011.5,0,0.3,10,983.1,0
2017-08-22 15:58:02,5,69,21,81,17,1006.4,1011.3,0.3,0.7,2,983.1,0
2017-08-22 16:03:02,5,69,21,81,17,1006.4,1011.3,1,1.4,4,983.1,0
2017-08-22 16:08:02,5,69,21.1,82,16.9,1006.3,1011.2,0.7,1,2,983.1,0
2017-08-22 16:13:02,5,69,21.1,82,16.9,1006.1,1011,0.7,1,2,983.1,0
2017-08-22 16:18:02,5,69,21,82,16.9,1006.1,1011,0.3,1,2,983.4,0
2017-08-22 16:23:02,5,69,21,82,16.9,1006.3,1011.2,0.3,0.7,10,983.4,0
2017-08-22 16:28:02,5,69,21,82,16.9,1006.5,1011.4,0,0.7,8,983.4,0
2017-08-22 16:33:02,5,69,21,82,16.9,1006.3,1011.2,0.3,0.7,4,983.4,0
2017-08-22 16:38:02,5,69,21,82,16.9,1006.2,1011.1,0.3,0.7,8,983.4,0
2017-08-22 16:43:02,5,69,21,82,16.9,1006.2,1011.1,0,0.3,8,983.4,0
2017-08-22 16:48:02,5,71,21,81,17,1005.9,1010.8,0.7,1.4,2,983.4,0
2017-08-22 16:53:02,5,71,21,81,17.2,1005.8,1010.7,0,0.3,2,983.4,0
2017-08-22 16:58:02,5,70,21,81,17.3,1005.7,1010.6,0.7,1,14,983.4,0
2017-08-22 17:03:02,5,70,21,81,17.2,1005.5,1010.4,0.3,1,4,983.4,0
2017-08-22 17:08:02,5,71,21,81,17.2,1005.5,1010.4,0.7,1,0,983.4,0
2017-08-22 17:13:02,5,71,21,81,17,1005.3,1010.2,0.7,1,2,983.4,0
2017-08-22 17:18:02,5,71,21,81,17.1,1005.3,1010.2,0,0,8,983.4,0
2017-08-22 17:23:02,5,71,21,81,17.1,1005.3,1010.2,1,1.4,2,983.4,0
2017-08-22 17:28:02,5,71,21,81,17,1005.2,1010.1,0,0.3,10,983.4,0
2017-08-22 17:33:02,5,71,21,81,17,1005.3,1010.2,0,0.7,8,983.4,0
2017-08-22 17:38:02,5,71,21,81,17,1005.3,1010.2,0.3,0.7,8,983.4,0
2017-08-22 17:43:02,5,71,21,81,17,1005.2,1010.1,0.3,0.7,8,983.4,0
2017-08-22 17:48:02,5,70,21,82,16.9,1005.2,1010.1,0,0.3,8,983.4,0
2017-08-22 17:53:02,5,71,21,82,16.9,1005.2,1010.1,0,0.3,8,983.4,0
2017-08-22 17:58:02,5,71,21,82,16.9,1005.3,1010.2,0,0,10,983.4,0
2017-08-22 18:03:02,5,71,21,82,16.9,1005.4,1010.3,0,0.7,9,983.4,0
2017-08-22 18:08:02,5,71,21,82,16.8,1005.5,1010.4,0.3,0.7,10,983.4,0
2017-08-22 18:13:02,5,71,21,82,16.6,1005.5,1010.4,2,2.7,12,983.4,0
2017-08-22 18:18:02,5,71,21,83,15.9,1005.6,1010.5,1.7,2.7,10,983.7,0
2017-08-22 18:23:02,5,70,21,83,15.5,1005.6,1010.5,1.7,2.4,14,983.7,0
2017-08-22 18:28:02,5,70,21,83,15.3,1005.5,1010.4,1.4,1.7,14,984.3,0
2017-08-22 18:33:02,5,70,21,83,15.1,1005.6,1010.5,1,1.7,12,984.3,0
2017-08-22 18:38:02,5,70,21,84,14.9,1005.7,1010.6,0.3,1,10,984.3,0
2017-08-22 18:43:02,5,70,21,84,14.9,1005.6,1010.5,0.7,1.4,12,984.3,0
2017-08-22 18:48:02,5,70,21,84,14.9,1005.6,1010.5,0.7,1.4,10,984.3,0
2017-08-22 18:53:02,5,70,21,84,14.9,1005.9,1010.8,0.3,0.7,10,984.3,0
2017-08-22 18:58:02,5,70,21,84,14.9,1005.8,1010.7,0,0.3,10,984.3,0
2017-08-22 19:03:02,5,70,21,84,14.9,1005.7,1010.6,0.3,0.7,10,984.3,0
2017-08-22 19:08:02,5,70,21,84,14.9,1005.8,1010.7,0.3,0.7,10,984.3,0
2017-08-22 19:13:02,5,70,21,84,14.9,1005.7,1010.6,0,0.3,8,984.3,0
2017-08-22 19:18:02,5,70,21,84,14.9,1005.9,1010.8,0,0.3,8,984.3,0
2017-08-22 19:23:02,5,70,21,84,14.9,1005.9,1010.8,0,0.3,8,984.3,0
2017-08-22 19:28:02,5,71,21,84,14.9,1005.8,1010.7,0,0.3,8,984.3,0
2017-08-22 19:33:02,5,71,21,84,14.9,1005.8,1010.7,0,0.3,10,984.3,0
2017-08-22 19:38:02,5,71,21,84,14.9,1005.7,1010.6,0.3,0.7,10,984.3,0
2017-08-22 19:43:02,5,71,21.1,84,14.8,1005.9,1010.8,0.3,0.7,10,984.3,0
2017-08-22 19:48:02,5,72,21.1,84,14.6,1005.8,1010.7,0.3,1,8,984.3,0
2017-08-22 19:53:02,5,72,21.1,84,14.4,1006.1,1011,0,0.3,2,984.3,0
2017-08-22 19:58:02,5,72,21.2,84,14.2,1005.9,1010.8,0.7,1,10,984.3,0
2017-08-22 20:03:02,5,71,21.2,84,14.1,1006,1010.9,0.3,0.7,10,984.3,0
2017-08-22 20:08:02,5,71,21.5,84,14,1006.1,1011,0.3,0.7,10,984.3,0
2017-08-22 20:13:02,5,70,21.5,85,13.9,1006,1010.9,1,1.7,10,984.3,0
2017-08-22 20:18:02,5,70,21.6,85,13.8,1006.2,1011.1,0.3,1,8,984.3,0
2017-08-22 20:23:02,5,70,21.9,85,13.8,1006,1010.9,0.7,1,8,984.3,0
2017-08-22 20:28:02,5,68,22,85,13.8,1006,1010.9,0.7,1.4,8,984.3,0
2017-08-22 20:33:02,5,68,22.1,84,13.8,1005.9,1010.8,0.3,0.7,8,984.3,0
2017-08-22 20:38:02,5,67,22.2,84,13.8,1006.1,1011,0.3,0.7,10,984.3,0
2017-08-22 20:43:02,5,67,22.3,84,13.8,1006.1,1011,0,0.3,8,984.3,0
2017-08-22 20:48:02,5,66,22.4,84,13.7,1006.1,1011,0.3,1,8,984.3,0
2017-08-22 20:53:02,5,66,22.4,83,13.7,1006.1,1011,0.7,1,10,984.3,0
2017-08-22 20:58:02,5,65,22.5,83,13.7,1006.3,1011.2,0.3,0.7,9,984.3,0
2017-08-22 21:03:02,5,65,22.6,83,13.6,1006.1,1011,0.7,1.4,8,984.3,0
2017-08-22 21:08:02,5,65,22.7,83,13.6,1006,1010.9,0.3,0.7,8,984.3,0
2017-08-22 21:13:02,5,65,22.7,82,13.3,1006.1,1011,0,0.7,10,984.3,0
2017-08-22 21:18:02,5,65,22.8,82,13.2,1006.1,1011,0,0.3,8,984.3,0
2017-08-22 21:23:02,5,65,22.9,82,13.1,1006.2,1011.1,0,0.3,8,984.3,0
2017-08-22 21:28:02,5,65,22.9,82,12.9,1006.3,1011.2,0.3,0.7,,984.3,0
2017-08-22 21:33:02,5,65,22.9,82,12.8,1006.2,1011.1,0,0.3,8,984.3,0
2017-08-22 21:38:02,5,65,22.9,82,12.6,1006.2,1011.1,0,0,,984.3,0
2017-08-22 21:43:02,5,65,23,82,12.4,1006.2,1011.1,0,0,0,984.3,0
2017-08-22 21:48:02,5,65,23,82,12.1,1006.2,1011.1,0,0,0,984.3,0
2017-08-22 21:53:02,5,65,23,83,11.9,1006.3,1011.2,0,0,10,984.3,0
2017-08-22 21:58:02,5,65,23,83,11.8,1006.2,1011.1,0,0.3,8,984.3,0
2017-08-22 22:03:02,5,65,23,83,11.8,1006.1,1011,0,0.3,2,984.3,0
2017-08-22 22:08:02,5,65,23,83,11.7,1006.1,1011,0,0,4,984.3,0
2017-08-22 22:13:02,5,64,22.9,83,11.6,1006.1,1011,0,0,2,984.3,0
2017-08-22 22:18:02,5,65,22.7,83,11.5,1006,1010.9,0,0.7,2,984.3,0
2017-08-22 22:23:02,5,65,22.6,83,11.7,1006.1,1011,0.3,0.7,12,984.3,0
2017-08-22 22:28:02,5,66,22.4,83,11.7,1006.1,1011,0.7,1,,984.3,0
2017-08-22 22:33:02,5,67,22.3,83,11.7,1006.1,1011,0.3,0.7,4,984.3,0
2017-08-22 22:38:02,5,67,22.1,83,11.6,1006,1010.9,0,0.3,2,984.3,0
2017-08-22 22:43:02,5,67,22,83,11.5,1006.1,1011,0.3,0.7,8,984.3,0
2017-08-22 22:48:02,5,68,22,84,11.6,1006.1,1011,0.3,0.7,8,984.3,0
2017-08-22 22:53:02,5,69,21.9,84,11.6,1006.1,1011,0.3,1,8,984.3,0
2017-08-22 22:58:02,5,69,21.7,84,11.5,1006,1010.9,0.3,1,8,984.3,0
2017-08-22 23:03:02,5,69,21.6,84,11.4,1006,1010.9,0.3,0.7,8,984.3,0
2017-08-22 23:08:02,5,69,21.6,84,11.4,1006.1,1011,0.3,0.7,8,984.3,0
2017-08-22 23:13:02,5,69,21.5,84,11.4,1005.9,1010.8,0.3,0.7,8,984.3,0
2017-08-22 23:18:02,5,69,21.5,84,11.4,1006.3,1011.2,0.3,0.7,8,984.3,0
2017-08-22 23:23:02,5,69,21.5,84,11.4,1006,1010.9,0,0.3,8,984.3,0
2017-08-22 23:28:02,5,69,21.2,84,11.4,1006,1010.9,0,0.3,2,984.3,0
2017-08-22 23:33:02,5,69,21.2,84,11.2,1006.1,1011,0,0,2,984.3,0
2017-08-22 23:38:02,5,69,21.2,84,11.2,1006,1010.9,0,0.3,2,984.3,0
2017-08-22 23:43:02,5,70,21.2,84,11.2,1006.1,1011,0.3,0.7,4,984.3,0
2017-08-22 23:48:02,5,70,21.2,84,11.3,1006,1010.9,0,0.3,2,984.3,0
2017-08-22 23:53:02,5,70,21.2,84,11.3,1006.1,1011,0,0.3,2,984.3,0
2017-08-22 23:58:02,5,70,21.2,84,11.3,1006.2,1011.1,0.3,0.7,8,984.3,0
