2024-04-13 00:04:23,5,66,20.2,93,10.4,1019,1023.9,0,0,,564.6,0
2024-04-13 00:09:23,5,66,20.2,93,10.4,1019,1023.9,0,0,15,564.6,0
2024-04-13 00:14:23,5,66,20.2,93,10.4,1018.9,1023.8,0,0,15,564.6,0
2024-04-13 00:19:23,5,66,20.1,93,10.4,1018.9,1023.8,0,0,,564.6,0
2024-04-13 00:24:23,5,66,20.1,93,10.4,1018.9,1023.8,0,0,,564.6,0
2024-04-13 00:29:23,5,66,20.1,93,10.5,1019.1,1024,0,0,15,564.6,0
2024-04-13 00:34:23,5,66,20.1,93,10.5,1018.9,1023.8,0,0,10,564.6,0
2024-04-13 00:39:23,5,66,20.1,93,10.5,1018.8,1023.7,0,0,10,564.6,0
2024-04-13 00:44:23,5,66,20.1,93,10.6,1018.8,1023.7,0,0,13,564.6,0
2024-04-13 00:49:23,5,66,20.1,93,10.6,1018.7,1023.6,0,0,15,564.6,0
2024-04-13 00:54:23,5,66,20.1,93,10.6,1018.7,1023.6,0,0,10,564.6,0
2024-04-13 00:59:23,5,66,20.1,93,10.7,1018.4,1023.3,0,0,15,564.6,0
2024-04-13 01:04:23,5,66,20.1,93,10.7,1018.6,1023.5,0,0,15,564.6,0
2024-04-13 01:09:23,5,66,20.1,93,10.7,1018.4,1023.3,0,0,15,564.6,0
2024-04-13 01:14:23,5,66,20,93,10.8,1018.2,1023.1,0,0,15,564.6,0
2024-04-13 01:19:23,5,66,20,93,10.7,1018.1,1023,0,0,15,564.6,0
2024-04-13 01:24:23,5,66,20,93,10.7,1018,1022.9,0,0,15,564.6,0
2024-04-13 01:29:23,5,66,20,93,10.7,1018,1022.9,0,0,15,564.6,0
2024-04-13 01:34:23,5,66,20,93,10.7,1017.7,1022.6,0,0,15,564.6,0
2024-04-13 01:39:23,5,66,20,93,10.8,1017.8,1022.7,0,0,15,564.6,0
2024-04-13 01:44:23,5,67,19.9,93,10.9,1017.7,1022.6,0,0,15,564.6,0
2024-04-13 01:49:23,5,66,20,93,10.9,1017.6,1022.5,0,0,15,564.6,0
2024-04-13 01:54:23,5,65,20,93,10.9,1017.6,1022.5,0,0,15,564.6,0
2024-04-13 01:59:23,5,65,20,93,10.9,1017.3,1022.2,0,0,15,564.6,0
2024-04-13 02:04:23,5,65,20,93,10.9,1017.3,1022.2,0,0,15,564.6,0
2024-04-13 02:09:23,5,65,20,93,10.9,1017.2,1022.1,0,0,15,564.6,0
2024-04-13 02:14:23,5,65,20,93,10.8,1017.3,1022.2,0,0,2,564.6,0
2024-04-13 02:19:23,5,65,20,92,10.9,1017.2,1022.1,0,0,14,564.6,0
2024-04-13 02:24:23,5,65,20,92,10.9,1017.3,1022.2,0,0,11,564.6,0
2024-04-13 02:29:23,5,65,20,92,10.9,1017.2,1022.1,0,0,15,564.6,0
2024-04-13 02:34:23,5,65,20,92,11,1017.2,1022.1,0,0,11,564.6,0
2024-04-13 02:39:23,5,65,20,92,11.1,1017.2,1022.1,0,0,15,564.6,0
2024-04-13 02:44:23,5,65,20,92,11.2,1017.1,1022,0,0,15,564.6,0
2024-04-13 02:49:23,5,65,20,91,11.2,1017.1,1022,0,0,15,564.6,0
2024-04-13 02:54:23,5,66,19.9,91,11.3,1016.9,1021.8,0,0,15,564.6,0
2024-04-13 02:59:23,5,66,19.9,91,11.3,1016.9,1021.8,0,0,15,564.6,0
2024-04-13 03:04:23,5,66,19.9,91,11.3,1017,1021.9,0,0,15,564.6,0
2024-04-13 03:09:23,5,66,19.9,90,11.4,1017,1021.9,0,0,15,564.6,0
2024-04-13 03:14:23,5,66,19.9,90,11.5,1016.7,1021.6,0,0,11,564.6,0
2024-04-13 03:19:23,5,66,19.9,90,11.5,1016.5,1021.4,0,0,15,564.6,0
2024-04-13 03:24:23,5,66,19.8,89,11.6,1016.6,1021.5,0,0,15,564.6,0
2024-04-13 03:29:23,5,66,19.9,89,11.5,1016.6,1021.5,0,0,0,564.6,0
2024-04-13 03:34:23,5,66,19.9,89,11.4,1016.6,1021.5,0,0,15,564.6,0
2024-04-13 03:39:23,5,66,19.9,89,11.4,1016.5,1021.4,0,0,14,564.6,0
2024-04-13 03:44:23,5,66,19.8,89,11.5,1016.5,1021.4,0,0,0,564.6,0
2024-04-13 03:49:23,5,66,19.8,88,11.6,1016.5,1021.4,0,0,1,564.6,0
2024-04-13 03:54:23,5,66,19.9,88,11.6,1016.6,1021.5,0,0,15,564.6,0
2024-04-13 03:59:23,5,66,19.9,88,11.6,1016.5,1021.4,0,0,15,564.6,0
2024-04-13 04:04:23,5,66,19.9,88,11.6,1016.5,1021.4,0,0,15,564.6,0
2024-04-13 04:09:23,5,66,19.8,87,11.7,1016.4,1021.3,0,0,15,564.6,0
2024-04-13 04:14:23,5,66,19.9,87,11.6,1016.3,1021.2,0,0,14,564.6,0
2024-04-13 04:19:23,5,66,19.9,87,11.6,1016.4,1021.3,0,0,15,564.6,0
2024-04-13 04:24:23,5,66,19.9,87,11.7,1016.5,1021.4,0,0,14,564.6,0
2024-04-13 04:29:23,5,66,19.9,87,11.7,1016.4,1021.3,0,0,15,564.6,0
2024-04-13 04:34:23,5,66,19.8,87,11.7,1016.6,1021.5,0,0,10,564.6,0
2024-04-13 04:39:23,5,66,19.8,87,11.7,1016.3,1021.2,0,0,15,564.6,0
2024-04-13 04:44:23,5,66,19.8,87,11.7,1016.4,1021.3,0,0,15,564.6,0
2024-04-13 04:49:23,5,66,19.8,87,11.6,1016.3,1021.2,0,0,15,564.6,0
2024-04-13 04:54:23,5,66,19.8,87,11.6,1016.2,1021.1,0,0,15,564.6,0
2024-04-13 04:59:23,5,66,19.8,87,11.5,1016,1020.9,0,0,15,564.6,0
2024-04-13 05:04:23,5,66,19.8,88,11.5,1016,1020.9,0,0,15,564.6,0
2024-04-13 05:09:23,5,66,19.8,88,11.5,1016,1020.9,0,0,15,564.6,0
2024-04-13 05:14:23,5,66,19.8,88,11.4,1015.8,1020.7,0,0,15,564.6,0
2024-04-13 05:19:23,5,66,19.8,88,11.4,1015.9,1020.8,0,0,15,564.6,0
2024-04-13 05:24:23,5,66,19.8,87,11.4,1015.8,1020.7,0,0,,564.6,0
2024-04-13 05:29:23,5,66,19.8,87,11.3,1015.8,1020.7,0,0,15,564.6,0
2024-04-13 05:34:23,5,66,19.8,87,11.2,1015.8,1020.7,0,0,15,564.6,0
2024-04-13 05:39:23,5,66,19.7,87,11.2,1015.7,1020.6,0,0,15,564.6,0
2024-04-13 05:44:23,5,66,19.8,87,11.2,1015.6,1020.5,0,0,,564.6,0
2024-04-13 05:49:23,5,66,19.8,87,11.1,1015.5,1020.4,0,0,15,564.6,0
2024-04-13 05:54:23,5,65,19.8,87,11.1,1015.4,1020.3,0,0,15,564.6,0
2024-04-13 05:59:23,5,65,19.8,87,11.2,1015.4,1020.3,0,0,0,564.6,0
2024-04-13 06:04:23,5,65,19.7,87,11.2,1015.4,1020.3,0,0,,564.6,0
2024-04-13 06:09:23,5,65,19.7,87,11.2,1015.4,1020.3,0,0,13,564.6,0
2024-04-13 06:14:23,5,65,19.7,87,11.3,1015.4,1020.3,0,0,0,564.6,0
2024-04-13 06:19:23,5,65,19.7,87,11.3,1015.5,1020.4,0,0,0,564.6,0
2024-04-13 06:24:23,5,65,19.7,86,11.4,1015.4,1020.3,0,0,,564.6,0
2024-04-13 06:29:23,5,65,19.7,86,11.4,1015.3,1020.2,0,0,,564.6,0
2024-04-13 06:34:23,5,65,19.7,85,11.3,1015.4,1020.3,0,0,15,564.6,0
2024-04-13 06:39:23,5,65,19.7,85,11.3,1015.5,1020.4,0,0,15,564.6,0
2024-04-13 06:44:23,5,65,19.7,84,11.3,1015.5,1020.4,0,0,,564.6,0
2024-04-13 06:49:23,5,65,19.7,84,11.3,1015.6,1020.5,0,0,,564.6,0
2024-04-13 06:54:23,5,65,19.7,84,11.3,1015.4,1020.3,0,0,15,564.6,0
2024-04-13 06:59:23,5,65,19.7,83,11.4,1015.5,1020.4,0,0,,564.6,0
2024-04-13 07:04:23,5,65,19.7,83,11.4,1015.3,1020.2,0,0,,564.6,0
2024-04-13 07:09:23,5,65,19.8,83,11.5,1015.2,1020.1,0,0,15,564.6,0
2024-04-13 07:14:23,5,65,19.8,82,11.7,1015.4,1020.3,0,0,,564.6,0
2024-04-13 07:19:23,5,65,19.7,82,11.7,1015.4,1020.3,0,0,,564.6,0
2024-04-13 07:24:23,5,65,19.7,81,11.7,1015.3,1020.2,0,0,15,564.6,0
2024-04-13 07:29:23,5,65,19.7,81,11.7,1015.3,1020.2,0,0,15,564.6,0
2024-04-13 07:34:23,5,65,19.8,81,11.6,1015.3,1020.2,0,0,,564.6,0
2024-04-13 07:39:23,5,65,19.8,81,11.7,1015.2,1020.1,0,0,,564.6,0
2024-04-13 07:44:23,5,65,19.8,81,11.8,1015.1,1020,0,0,15,564.6,0
2024-04-13 07:49:23,5,65,19.8,80,11.8,1015,1019.9,2.4,3.7,15,564.6,0
2024-04-13 07:54:23,5,65,19.9,80,12.1,1015,1019.9,4.4,5.4,15,564.6,0
2024-04-13 07:59:23,5,65,19.9,78,12.1,1015,1019.9,4.4,6.1,15,564.6,0
2024-04-13 08:04:23,5,65,19.9,78,12,1014.9,1019.8,6.1,8.5,15,564.6,0
2024-04-13 08:09:23,5,65,19.9,77,12.1,1014.9,1019.8,3.7,4.4,,564.6,0
2024-04-13 08:14:23,5,64,20,77,12.1,1014.9,1019.8,6.1,8.5,14,564.6,0
2024-04-13 08:19:23,5,64,20,77,12.3,1015.1,1020,5.8,7.1,1,564.6,0
2024-04-13 08:24:23,5,64,20,77,12.4,1015,1019.9,4.8,6.1,,564.6,0
2024-04-13 08:29:23,5,64,20,76,12.3,1014.8,1019.7,5.8,7.1,12,564.6,0
2024-04-13 08:34:23,5,64,20.1,76,12.1,1014.8,1019.7,3.7,4.8,15,564.6,0
2024-04-13 08:39:23,5,64,20.1,76,12.1,1014.9,1019.8,4.1,5.1,,564.6,0
2024-04-13 08:44:23,5,64,20.1,77,11.8,1015,1019.9,4.4,5.8,15,564.6,0
2024-04-13 08:49:23,5,64,20.1,78,11.5,1015,1019.9,4.8,7.1,15,564.6,0
2024-04-13 08:54:23,5,64,20.1,81,11.1,1014.9,1019.8,5.8,7.8,,564.9,0
2024-04-13 08:59:23,5,64,20.1,82,11,1015.2,1020.1,5.1,6.8,0,564.9,0
2024-04-13 09:04:23,5,64,20.2,83,10.9,1015,1019.9,4.4,5.4,,564.9,0
2024-04-13 09:09:23,5,64,20.2,84,10.8,1015.3,1020.2,2.7,4.1,15,564.9,0
2024-04-13 09:14:23,5,64,20.1,85,10.7,1015.5,1020.4,0,0.3,15,564.9,0
2024-04-13 09:19:23,5,64,20.1,86,10.5,1015.6,1020.5,0,0,,564.9,0
2024-04-13 09:24:23,5,64,20.2,87,10.6,1015.8,1020.7,0,0,14,564.9,0
2024-04-13 09:29:23,5,64,20.2,87,10.6,1015.7,1020.6,0,0,15,565.2,0
2024-04-13 09:34:23,5,64,20.2,87,10.4,1015.9,1020.8,0,0,,565.2,0
2024-04-13 09:39:23,5,64,20.2,85,10,1016.2,1021.1,2.7,3.1,14,565.2,0
2024-04-13 09:44:23,5,63,20.1,84,10,1015.9,1020.8,3.4,4.4,,565.2,0
2024-04-13 09:49:23,5,63,20.1,84,10.2,1016.1,1021,3.7,4.4,,565.2,0
2024-04-13 09:54:23,5,63,20.2,83,10.4,1016.1,1021,3.4,4.4,15,565.2,0
2024-04-13 09:59:23,5,63,20.2,82,10.2,1016.2,1021.1,4.1,5.4,,565.2,0
2024-04-13 10:04:23,5,63,20.2,82,10.2,1016.1,1021,4.1,5.1,15,565.2,0
2024-04-13 10:09:23,5,63,20.2,81,10.2,1016.2,1021.1,3.4,5.1,,565.2,0
2024-04-13 10:14:23,5,63,20.2,81,10.4,1016.1,1021,3.1,4.8,,565.2,0
2024-04-13 10:19:23,5,63,20.2,80,10.3,1016.2,1021.1,4.8,5.8,15,565.2,0
2024-04-13 10:24:23,5,63,20.2,79,10.1,1016.5,1021.4,4.4,5.8,,565.2,0
2024-04-13 10:29:23,5,63,20.2,78,10.2,1016.6,1021.5,5.8,6.8,,565.2,0
2024-04-13 10:34:23,5,63,20.2,76,10.4,1016.3,1021.2,5.4,6.5,,565.2,0
2024-04-13 10:39:23,5,63,20.3,75,10.5,1016.6,1021.5,6.5,8.8,15,565.2,0
2024-04-13 10:44:23,5,64,20.3,73,10.4,1016.6,1021.5,5.4,8.2,,565.2,0
2024-04-13 10:49:23,5,64,20.3,73,10.6,1016.5,1021.4,5.4,6.5,14,565.2,0
2024-04-13 10:54:23,5,63,20.3,72,10.9,1016.6,1021.5,6.5,8.2,15,565.2,0
2024-04-13 10:59:23,5,63,20.3,71,10.9,1016.7,1021.6,4.8,6.5,15,565.2,0
2024-04-13 11:04:23,5,63,20.3,70,10.8,1016.8,1021.7,5.8,7.8,,565.2,0
2024-04-13 11:09:23,5,63,20.4,67,10.9,1016.9,1021.8,5.8,6.8,,565.2,0
2024-04-13 11:14:23,5,63,20.4,64,11.2,1016.9,1021.8,6.5,7.8,15,565.2,0
2024-04-13 11:19:23,5,63,20.4,64,11.4,1017,1021.9,6.1,8.8,1,565.2,0
2024-04-13 11:24:23,5,63,20.4,63,11.5,1017.1,1022,3.7,5.4,15,565.2,0
2024-04-13 11:29:23,5,63,20.4,64,11.9,1017.2,1022.1,5.4,8.5,1,565.2,0
2024-04-13 11:34:23,5,63,20.4,62,11.3,1017.1,1022,5.4,6.5,,565.2,0
2024-04-13 11:39:23,5,63,20.4,63,11.6,1017.2,1022.1,6.8,8.2,1,565.2,0
2024-04-13 11:44:23,5,63,20.4,64,12,1017.1,1022,5.1,6.8,,565.2,0
2024-04-13 11:49:23,5,62,20.4,63,11.9,1017.3,1022.2,5.8,8.2,,565.2,0
2024-04-13 11:54:23,5,62,20.5,63,11.7,1017.2,1022.1,5.8,7.8,,565.2,0
2024-04-13 11:59:23,5,62,20.5,60,11.4,1017.4,1022.3,5.8,7.5,,565.2,0
2024-04-13 12:04:23,5,62,20.5,60,11.6,1017.3,1022.2,5.1,7.1,14,565.2,0
2024-04-13 12:09:23,5,62,20.5,60,11.8,1017.4,1022.3,5.1,6.5,15,565.2,0
2024-04-13 12:14:23,5,62,20.5,60,11.8,1017.5,1022.4,5.1,7.8,8,565.2,0
2024-04-13 12:19:23,5,62,20.5,58,11.5,1017.4,1022.3,7.1,9.2,15,565.2,0
2024-04-13 12:24:23,5,62,20.6,60,11.7,1017.6,1022.5,5.4,6.8,15,565.2,0
2024-04-13 12:29:23,5,62,20.5,60,11.7,1017.7,1022.6,6.8,8.5,15,565.2,0
2024-04-13 12:34:23,5,61,20.6,59,11.8,1017.7,1022.6,4.8,6.8,,565.2,0
2024-04-13 12:39:23,5,60,20.6,60,11.9,1017.6,1022.5,4.8,5.8,15,565.2,0
2024-04-13 12:44:23,5,60,20.6,60,11.9,1017.6,1022.5,5.1,6.5,8,565.2,0
2024-04-13 12:49:23,5,60,20.6,61,12.2,1017.9,1022.8,3.7,5.1,8,565.2,0
2024-04-13 12:54:23,5,59,20.6,60,12.3,1018,1022.9,5.1,7.1,,565.2,0
2024-04-13 12:59:23,5,58,20.6,56,11.7,1017.9,1022.8,5.1,7.5,10,565.2,0
2024-04-13 13:04:23,5,59,20.6,58,11.9,1017.9,1022.8,7.1,9.2,,565.2,0
2024-04-13 13:09:23,5,59,20.6,56,11.6,1017.8,1022.7,5.4,7.1,10,565.2,0
2024-04-13 13:14:23,5,59,20.7,60,11.8,1017.9,1022.8,6.1,8.2,10,565.2,0
2024-04-13 13:19:23,5,59,20.7,58,11.9,1017.8,1022.7,5.1,7.1,14,565.2,0
2024-04-13 13:24:23,5,59,20.6,59,12,1018,1022.9,5.1,6.8,,565.2,0
2024-04-13 13:29:23,5,59,20.7,57,11.9,1018,1022.9,4.4,5.8,10,565.2,0
2024-04-13 13:34:23,5,59,20.7,56,11.6,1018.2,1023.1,4.4,6.1,,565.2,0
2024-04-13 13:39:23,5,59,20.7,55,11.6,1018,1022.9,7.1,9.5,10,565.2,0
2024-04-13 13:44:23,5,58,20.8,55,11.5,1018.1,1023,6.8,8.2,,565.2,0
2024-04-13 13:49:23,5,58,20.8,54,11.5,1018.1,1023,5.8,7.1,,565.2,0
2024-04-13 13:54:23,5,58,20.9,54,11.6,1018.3,1023.2,5.8,7.5,10,565.2,0
2024-04-13 13:59:23,5,57,20.9,52,11.7,1018.2,1023.1,5.4,7.1,,565.2,0
2024-04-13 14:04:23,5,57,20.9,54,11.6,1018.2,1023.1,6.1,7.1,14,565.2,0
2024-04-13 14:09:23,5,56,21,55,11.4,1018.3,1023.2,3.7,6.1,10,565.2,0
2024-04-13 14:14:23,5,56,21.1,60,11.1,1018.4,1023.3,3.4,4.1,10,565.2,0
2024-04-13 14:19:23,5,56,21,60,10.8,1018.4,1023.3,4.4,5.8,,565.2,0
2024-04-13 14:24:23,5,55,21.1,58,11.1,1018.4,1023.3,7.1,8.5,14,565.2,0
2024-04-13 14:29:23,5,55,21.1,55,11.3,1018.3,1023.2,6.1,7.5,,565.2,0
2024-04-13 14:34:23,5,53,21.1,57,11.7,1018.3,1023.2,4.8,6.5,10,565.2,0
2024-04-13 14:39:23,5,51,21,56,11.7,1018.2,1023.1,4.8,6.1,10,565.2,0
2024-04-13 14:44:23,5,51,21.1,57,11.7,1018.4,1023.3,5.1,6.5,10,565.2,0
2024-04-13 14:49:23,5,51,21.1,59,11.3,1018.5,1023.4,6.1,7.8,,565.2,0
2024-04-13 14:54:23,5,51,21.1,59,10.9,1018.6,1023.5,5.8,7.5,10,565.2,0
2024-04-13 14:59:23,5,51,21.1,60,10.4,1018.7,1023.6,4.4,5.4,,565.2,0
2024-04-13 15:04:23,5,51,21.1,62,10.3,1018.6,1023.5,4.8,5.4,15,565.2,0
2024-04-13 15:09:23,5,51,21.1,63,10.3,1018.6,1023.5,5.8,7.1,,565.2,0
2024-04-13 15:14:23,5,51,21.1,55,10.6,1018.4,1023.3,4.4,5.8,,565.2,0
2024-04-13 15:19:23,5,51,21.1,55,11.1,1018.6,1023.5,6.1,8.2,10,565.2,0
2024-04-13 15:24:23,5,52,21.1,53,11.1,1018.5,1023.4,7.8,9.5,,565.2,0
2024-04-13 15:29:28,5,52,21.1,55,11,1018.5,1023.4,5.8,8.5,,565.2,0
2024-04-13 15:34:23,5,52,21.4,57,11.5,1018.5,1023.4,5.8,7.5,,565.2,0
2024-04-13 15:39:23,5,52,21.4,57,11.6,1018.4,1023.3,5.8,7.8,10,565.2,0
2024-04-13 15:44:23,5,53,21.5,56,11.3,1018.4,1023.3,5.8,6.5,10,565.2,0
2024-04-13 15:49:23,5,53,21.7,59,11.4,1018.6,1023.5,3.7,4.4,,565.2,0
2024-04-13 15:54:23,5,53,21.8,58,11.3,1018.6,1023.5,5.1,6.1,,565.2,0
2024-04-13 15:59:23,5,52,21.9,58,11.4,1018.6,1023.5,5.1,7.1,14,565.2,0
2024-04-13 16:04:23,5,51,21.9,59,11.3,1018.3,1023.2,5.1,6.5,,565.2,0
2024-04-13 16:09:23,5,50,22,59,11.2,1018.7,1023.6,3.7,4.4,,565.2,0
2024-04-13 16:14:23,5,50,22.1,60,11.5,1018.8,1023.7,5.1,7.1,,565.2,0
2024-04-13 16:19:23,5,50,22.1,59,11.5,1018.6,1023.5,4.8,6.5,,565.2,0
2024-04-13 16:24:23,5,50,22.1,58,11.3,1018.7,1023.6,4.8,5.8,14,565.2,0
2024-04-13 16:29:23,5,50,22.3,57,11.3,1018.8,1023.7,5.8,7.5,,565.2,0
2024-04-13 16:34:23,5,50,22.4,57,11.3,1018.7,1023.6,5.1,6.1,10,565.2,0
2024-04-13 16:39:23,5,50,22.4,58,11.2,1018.6,1023.5,5.4,6.8,10,565.2,0
2024-04-13 16:44:23,5,49,22.5,60,11.1,1018.8,1023.7,4.1,5.1,10,565.2,0
2024-04-13 16:49:23,5,49,22.5,60,11,1018.8,1023.7,4.1,5.1,10,565.2,0
2024-04-13 16:54:23,5,49,22.6,60,11.4,1018.7,1023.6,5.4,6.5,,565.2,0
2024-04-13 16:59:23,5,49,22.7,57,11.3,1018.5,1023.4,4.8,6.1,8,565.2,0
2024-04-13 17:04:23,5,49,22.8,55,11.2,1018.5,1023.4,4.8,7.1,10,565.2,0
2024-04-13 17:09:23,5,50,22.9,54,10.9,1019.1,1024,5.4,7.5,,565.2,0
2024-04-13 17:14:23,5,50,23.1,56,10.6,1019.1,1024,4.1,5.4,,565.2,0
2024-04-13 17:19:23,5,50,23.1,57,10.6,1019.1,1024,5.8,6.5,,565.2,0
2024-04-13 17:24:23,5,50,23,58,10.4,1019.1,1024,3.4,5.4,10,565.2,0
2024-04-13 17:29:23,5,50,23.1,60,10.6,1018.6,1023.5,4.4,5.1,10,565.2,0
2024-04-13 17:34:23,5,50,23.5,60,10.7,1019,1023.9,5.8,8.5,10,565.2,0
2024-04-13 17:39:23,5,49,23.6,60,10.4,1019.2,1024.1,5.1,6.5,,565.2,0
2024-04-13 17:44:23,5,49,23.7,60,10.4,1019.1,1024,4.4,5.8,14,565.2,0
2024-04-13 17:49:23,5,48,23.6,60,10,1018.7,1023.6,4.1,5.1,,565.2,0
2024-04-13 17:54:23,5,48,23.6,61,10.1,1019.1,1024,4.1,5.1,10,565.2,0
2024-04-13 17:59:23,5,48,23.6,61,9.8,1019.3,1024.2,4.8,5.8,10,565.2,0
2024-04-13 18:04:23,5,48,23.5,61,9.6,1019.3,1024.2,2.4,4.4,8,565.2,0
2024-04-13 18:09:23,5,48,23.3,62,9.5,1019.2,1024.1,4.1,5.4,10,565.2,0
2024-04-13 18:14:23,5,47,23.1,61,9,1019.4,1024.3,4.1,5.4,10,565.2,0
2024-04-13 18:19:23,5,47,23,62,8.8,1019.5,1024.4,3.4,5.1,10,565.2,0
2024-04-13 18:24:23,5,48,22.8,65,8.8,1019.1,1024,3.4,4.4,,565.2,0
2024-04-13 18:29:23,5,48,22.9,67,8.9,1018.8,1023.7,4.1,5.4,,565.2,0
2024-04-13 18:34:23,5,48,23.1,69,9,1019.3,1024.2,3.1,3.4,,565.2,0
2024-04-13 18:39:23,5,48,23.2,70,9,1019.4,1024.3,2.7,3.7,,565.2,0
2024-04-13 18:44:23,5,47,23.1,69,9,1019.5,1024.4,3.4,4.4,,565.2,0
2024-04-13 18:49:23,5,47,23.1,68,8.9,1019.7,1024.6,2.4,3.4,15,565.2,0
2024-04-13 18:54:23,5,48,22.9,66,8.9,1019.8,1024.7,3.1,4.4,,565.2,0
2024-04-13 18:59:23,5,49,22.7,65,8.8,1019.9,1024.8,3.1,4.4,,565.2,0
2024-04-13 19:04:23,5,49,22.6,65,8.8,1019.8,1024.7,4.8,6.5,,565.2,0
2024-04-13 19:09:23,5,49,22.4,64,8.7,1020,1024.9,3.4,4.8,15,565.2,0
2024-04-13 19:14:23,5,49,22.3,65,8.7,1020,1024.9,2.7,3.1,,565.2,0
2024-04-13 19:19:23,5,49,22.1,65,8.8,1020,1024.9,3.4,4.4,15,565.2,0
2024-04-13 19:24:23,5,50,22.1,66,8.8,1020.2,1025.1,3.1,4.8,15,565.2,0
2024-04-13 19:29:23,5,50,22,67,8.7,1020.2,1025.1,2.7,3.4,15,565.2,0
2024-04-13 19:34:23,5,52,21.9,67,8.7,1020.2,1025.1,3.1,3.7,,565.2,0
2024-04-13 19:39:23,5,52,21.8,68,8.6,1020.2,1025.1,3.1,3.4,14,565.2,0
2024-04-13 19:44:23,5,53,21.7,68,8.5,1020.4,1025.3,3.7,4.8,14,565.2,0
2024-04-13 19:49:23,5,53,21.6,69,8.3,1020.5,1025.4,3.1,3.7,,565.2,0
2024-04-13 19:54:23,5,53,21.5,69,8.2,1020.5,1025.4,2.4,3.1,,565.2,0
2024-04-13 19:59:23,5,53,21.4,69,8.1,1020.6,1025.5,1.7,2.4,,565.2,0
2024-04-13 20:04:23,5,54,21.4,70,8,1020.8,1025.7,2.4,3.4,14,565.2,0
2024-04-13 20:09:23,5,54,21.4,70,7.9,1020.8,1025.7,1.7,2,,565.2,0
2024-04-13 20:14:23,5,54,21.4,70,7.9,1020.9,1025.8,1.7,2,,565.2,0
2024-04-13 20:19:23,5,54,21.1,70,7.7,1020.9,1025.8,1.4,1.7,,565.2,0
2024-04-13 20:24:23,5,54,21.1,70,7.5,1020.9,1025.8,1,1.7,,565.2,0
2024-04-13 20:29:23,5,54,21.1,74,7.4,1020.9,1025.8,1,1.4,,565.2,0
2024-04-13 20:34:23,5,54,21.1,74,7.2,1021,1025.9,1.4,1.7,15,565.2,0
2024-04-13 20:39:23,5,54,21.1,75,7.1,1020.9,1025.8,1.7,2,15,565.2,0
2024-04-13 20:44:23,5,55,21,76,7.1,1021.1,1026,2.4,3.7,,565.2,0
2024-04-13 20:49:23,5,55,21,72,7.6,1021.1,1026,3.7,4.4,8,565.2,0
2024-04-13 20:54:23,5,55,21,73,7.7,1021,1025.9,3.1,3.7,15,565.2,0
2024-04-13 20:59:23,5,55,21,72,7.7,1021,1025.9,2,2.7,15,565.2,0
2024-04-13 21:04:23,5,56,20.9,72,7.6,1021.1,1026,2.4,3.4,,565.2,0
2024-04-13 21:09:23,5,56,20.9,71,7.6,1021.2,1026.1,2,2.7,,565.2,0
2024-04-13 21:14:23,5,56,20.9,71,7.5,1021.3,1026.2,1,1.7,15,565.2,0
2024-04-13 21:19:23,5,56,20.9,76,7.4,1021.4,1026.3,1.7,1.7,8,565.2,0
2024-04-13 21:24:23,5,56,20.8,76,7.4,1021.4,1026.3,1.7,2.4,8,565.2,0
2024-04-13 21:29:23,5,57,20.9,71,7.5,1021.4,1026.3,1.7,2.4,8,565.2,0
2024-04-13 21:34:23,5,57,20.8,71,7.6,1021.6,1026.5,2,2,8,565.2,0
2024-04-13 21:39:23,5,57,20.8,77,7.4,1021.6,1026.5,1,1.4,8,565.2,0
2024-04-13 21:44:23,5,57,20.7,77,7.3,1021.7,1026.6,1,1.7,8,565.2,0
2024-04-13 21:49:23,5,57,20.7,77,7.2,1021.5,1026.4,1.4,2,8,565.2,0
2024-04-13 21:54:23,5,57,20.7,77,7.1,1021.9,1026.8,1.4,2,8,565.2,0
2024-04-13 21:59:23,5,57,20.7,77,7,1021.9,1026.8,1.4,1.7,8,565.2,0
2024-04-13 22:04:23,5,57,20.7,78,7,1021.7,1026.6,1.7,2,8,565.2,0
2024-04-13 22:09:23,5,57,20.7,78,7,1021.9,1026.8,1.4,2.4,8,565.2,0
2024-04-13 22:14:23,5,57,20.5,79,7,1021.8,1026.7,1.4,1.7,8,565.2,0
2024-04-13 22:19:23,5,57,20.5,80,7.1,1021.8,1026.7,1.4,2,8,565.2,0
2024-04-13 22:24:23,5,57,20.6,80,7.1,1021.8,1026.7,1.7,2,8,565.2,0
2024-04-13 22:29:23,5,58,20.6,80,7.2,1021.9,1026.8,1.4,1.7,8,565.2,0
2024-04-13 22:34:23,5,58,20.6,80,7.1,1021.9,1026.8,1.4,2.4,8,565.2,0
2024-04-13 22:39:23,5,58,20.6,80,7,1021.8,1026.7,2,2.4,8,565.2,0
2024-04-13 22:44:23,5,58,20.5,80,6.9,1021.9,1026.8,1.4,2,,565.2,0
2024-04-13 22:49:23,5,58,20.5,80,6.9,1021.9,1026.8,1.4,1.7,,565.2,0
2024-04-13 22:54:23,5,58,20.5,81,6.9,1022,1026.9,2,2.4,,565.2,0
2024-04-13 22:59:23,5,58,20.5,81,6.9,1021.9,1026.8,1.7,2.4,14,565.2,0
2024-04-13 23:04:23,5,58,20.5,81,7,1022.1,1027,1.7,2.4,14,565.2,0
2024-04-13 23:09:23,5,58,20.5,81,7,1022,1026.9,1.7,2,14,565.2,0
2024-04-13 23:14:23,5,58,20.4,81,7.1,1022.1,1027,1.7,2,14,565.2,0
2024-04-13 23:19:23,5,58,20.4,81,7.1,1022.1,1027,1.4,1.7,14,565.2,0
2024-04-13 23:24:23,5,58,20.4,81,7,1022,1026.9,1,1.7,14,565.2,0
2024-04-13 23:29:23,5,58,20.4,81,6.9,1022.1,1027,1,1.4,14,565.2,0
2024-04-13 23:34:23,5,58,20.4,81,6.7,1022,1026.9,1,1.4,14,565.2,0
2024-04-13 23:39:23,5,58,20.4,81,6.6,1022.1,1027,1,1.7,14,565.2,0
2024-04-13 23:44:23,5,58,20.3,81,6.4,1022,1026.9,1,1.7,14,565.2,0
2024-04-13 23:49:23,5,59,20.3,81,6.3,1022.1,1027,1.4,1.7,14,565.2,0
2024-04-13 23:54:23,5,59,20.3,81,6.1,1022,1026.9,1.4,2,14,565.2,0
2024-04-13 23:59:23,5,59,20.3,81,5.9,1022,1026.9,1.4,2,14,565.2,0
