2024-04-19 00:02:21,5,54,19.4,89,9.8,1021.8,1026.7,3.1,3.7,1,568.2,0
2024-04-19 00:07:21,5,54,19.4,89,9.8,1021.7,1026.6,2.4,3.4,1,568.2,0
2024-04-19 00:12:21,5,54,19.4,89,9.8,1021.6,1026.5,2,3.1,1,568.2,0
2024-04-19 00:17:21,5,54,19.4,89,9.7,1021.5,1026.4,1.4,2,1,568.2,0
2024-04-19 00:22:21,5,54,19.4,89,9.7,1021.7,1026.6,1.4,2,1,568.2,0
2024-04-19 00:27:21,5,54,19.3,89,9.6,1021.7,1026.6,1.4,2,1,568.2,0
2024-04-19 00:32:21,5,54,19.3,89,9.6,1021.7,1026.6,1,1.7,,568.2,0
2024-04-19 00:37:21,5,54,19.3,89,9.6,1021.6,1026.5,0,1.4,1,568.2,0
2024-04-19 00:42:21,5,54,19.3,89,9.6,1021.8,1026.7,0,0.7,1,568.2,0
2024-04-19 00:47:21,5,54,19.3,89,9.6,1021.8,1026.7,0,0.3,1,568.2,0
2024-04-19 00:52:21,5,54,19.3,89,9.6,1021.9,1026.8,0,0,1,568.2,0
2024-04-19 00:57:21,5,54,19.3,89,9.6,1021.9,1026.8,0,0,1,568.2,0
2024-04-19 01:02:21,5,54,19.3,89,9.6,1021.9,1026.8,0,0,1,568.2,0
2024-04-19 01:07:21,5,54,19.3,89,9.6,1021.9,1026.8,0,0.3,1,568.2,0
2024-04-19 01:12:21,5,54,19.2,89,9.6,1021.9,1026.8,0,0.3,1,568.2,0
2024-04-19 01:17:21,5,54,19.2,88,9.5,1022.1,1027,0,0.3,1,568.2,0
2024-04-19 01:22:21,5,54,19.2,88,9.5,1022,1026.9,0,0.3,1,568.2,0
2024-04-19 01:27:21,5,54,19.2,88,9.5,1021.8,1026.7,0,0,1,568.2,0
2024-04-19 01:32:21,5,54,19.2,88,9.5,1021.9,1026.8,0,0,1,568.2,0
2024-04-19 01:37:21,5,54,19.2,88,9.4,1021.9,1026.8,0,0,1,568.2,0
2024-04-19 01:42:21,5,54,19.2,88,9.4,1021.9,1026.8,0,0,1,568.2,0
2024-04-19 01:47:21,5,54,19.2,88,9.5,1021.7,1026.6,0,0,1,568.2,0
2024-04-19 01:52:21,5,54,19.2,88,9.5,1021.8,1026.7,0,0,1,568.2,0
2024-04-19 01:57:21,5,54,19.2,88,9.5,1021.7,1026.6,0,0,1,568.2,0
2024-04-19 02:02:21,5,54,19.2,88,9.4,1021.6,1026.5,0,0,1,568.2,0
2024-04-19 02:07:21,5,54,19.2,88,9.4,1021.4,1026.3,0,0,1,568.2,0
2024-04-19 02:12:21,5,54,19.2,88,9.3,1021.3,1026.2,0,0,1,568.2,0
2024-04-19 02:17:21,5,54,19.2,88,9.3,1021.4,1026.3,0,0,1,568.2,0
2024-04-19 02:22:21,5,54,19.2,89,9.3,1021.6,1026.5,0,0,15,568.2,0
2024-04-19 02:27:21,5,54,19.1,89,9.3,1021.6,1026.5,0,0,15,568.2,0
2024-04-19 02:32:21,5,54,19.2,89,9.3,1021.7,1026.6,0,0,15,568.2,0
2024-04-19 02:37:21,5,54,19.1,89,9.3,1021.6,1026.5,0,0,15,568.2,0
2024-04-19 02:42:21,5,54,19.1,89,9.2,1021.7,1026.6,0,0,,568.2,0
2024-04-19 02:47:21,5,54,19.1,89,9.2,1021.8,1026.7,0,0,14,568.2,0
2024-04-19 02:52:21,5,54,19.2,89,9.2,1021.7,1026.6,0,0,14,568.2,0
2024-04-19 02:57:21,5,54,19.1,89,9.2,1021.4,1026.3,0,0,14,568.2,0
2024-04-19 03:02:21,5,54,19.1,90,9.2,1021.5,1026.4,0,0,,568.2,0
2024-04-19 03:07:21,5,54,19.1,90,9.3,1021.4,1026.3,0,0,,568.2,0
2024-04-19 03:12:21,5,54,19.1,90,9.3,1021.6,1026.5,0,0,15,568.2,0
2024-04-19 03:17:21,5,54,19.1,90,9.3,1021.5,1026.4,0,0,,568.2,0
2024-04-19 03:22:21,5,54,19.1,90,9.3,1021.5,1026.4,0,0,,568.2,0
2024-04-19 03:27:21,5,54,19.1,90,9.3,1021.5,1026.4,0,0,,568.2,0
2024-04-19 03:32:21,5,54,19.1,90,9.3,1021.6,1026.5,0,0,,568.2,0
2024-04-19 03:37:21,5,54,19.1,90,9.3,1021.4,1026.3,0,0,,568.2,0
2024-04-19 03:42:21,5,54,19.1,90,9.3,1021.3,1026.2,0,0,,568.2,0
2024-04-19 03:47:21,5,54,19.1,90,9.3,1021.5,1026.4,0,0,,568.2,0
2024-04-19 03:52:21,5,54,19.1,90,9.3,1021.4,1026.3,0,0,,568.2,0
2024-04-19 03:57:21,5,54,19.1,90,9.3,1021.4,1026.3,0,0,,568.2,0
2024-04-19 04:02:21,5,54,19.1,90,9.3,1021.3,1026.2,0,0,15,568.2,0
2024-04-19 04:07:21,5,54,19.1,90,9.3,1021.3,1026.2,0,0,,568.2,0
2024-04-19 04:12:21,5,54,19,90,9.3,1021.3,1026.2,0,0,,568.2,0
2024-04-19 04:17:21,5,54,19.1,90,9.3,1021.3,1026.2,0,0,15,568.2,0
2024-04-19 04:22:21,5,54,19,90,9.3,1021.3,1026.2,0,0,,568.2,0
2024-04-19 04:27:21,5,54,19,90,9.3,1021.3,1026.2,0,0,,568.2,0
2024-04-19 04:32:21,5,54,19,90,9.3,1021.3,1026.2,0,0,,568.2,0
2024-04-19 04:37:21,5,54,19,90,9.3,1021.4,1026.3,0,0,,568.2,0
2024-04-19 04:42:21,5,54,19,90,9.4,1021.2,1026.1,0,0,,568.2,0
2024-04-19 04:47:21,5,54,19,90,9.4,1021.3,1026.2,0,0,15,568.2,0
2024-04-19 04:52:21,5,54,19,90,9.4,1021.4,1026.3,0,0,15,568.2,0
2024-04-19 04:57:21,5,54,19,90,9.4,1021.3,1026.2,0,0,15,568.2,0
2024-04-19 05:02:21,5,54,19,90,9.4,1021.4,1026.3,0,0,15,568.2,0
2024-04-19 05:07:21,5,54,19,90,9.4,1021.4,1026.3,0,0,15,568.2,0
2024-04-19 05:12:21,5,54,19,90,9.4,1021.4,1026.3,0,0,15,568.2,0
2024-04-19 05:17:21,5,54,19,90,9.5,1021.4,1026.3,0,0,15,568.2,0
2024-04-19 05:22:21,5,54,19,90,9.5,1021.4,1026.3,0,0,15,568.2,0
2024-04-19 05:27:21,5,55,19,90,9.5,1021.4,1026.3,0,0,1,568.2,0
2024-04-19 05:32:21,5,55,19,90,9.5,1021.4,1026.3,0,0,15,568.2,0
2024-04-19 05:37:21,5,55,19,90,9.5,1021.4,1026.3,0,0,15,568.2,0
2024-04-19 05:42:21,5,55,19,90,9.5,1021.4,1026.3,0,0,15,568.2,0
2024-04-19 05:47:21,5,56,18.9,90,9.6,1021.4,1026.3,0,0,15,568.2,0
2024-04-19 05:52:21,5,56,18.9,90,9.6,1021.5,1026.4,0,0,15,568.2,0
2024-04-19 05:57:21,5,56,18.9,90,9.6,1021.5,1026.4,0,0,,568.2,0
2024-04-19 06:02:21,5,56,18.9,90,9.6,1021.5,1026.4,0,0,15,568.2,0
2024-04-19 06:07:21,5,56,18.9,90,9.6,1021.5,1026.4,0,0,15,568.2,0
2024-04-19 06:12:21,5,56,18.9,90,9.7,1021.6,1026.5,0,0,15,568.2,0
2024-04-19 06:17:21,5,56,18.9,91,9.7,1021.6,1026.5,0,0,15,568.2,0
2024-04-19 06:22:21,5,56,18.9,91,9.8,1021.7,1026.6,0,0,15,568.2,0
2024-04-19 06:27:21,5,56,18.9,91,9.8,1021.7,1026.6,0,0,15,568.2,0
2024-04-19 06:32:21,5,56,18.9,91,9.9,1021.6,1026.5,0,0,15,568.2,0
2024-04-19 06:37:21,5,56,18.9,91,9.9,1021.7,1026.6,0,0,1,568.2,0
2024-04-19 06:42:21,5,56,18.9,91,10,1021.9,1026.8,0,0,1,568.2,0
2024-04-19 06:47:21,5,56,18.9,91,10,1021.9,1026.8,0,0,1,568.2,0
2024-04-19 06:52:21,5,56,18.9,91,10,1022,1026.9,0,0,1,568.2,0
2024-04-19 06:57:21,5,56,18.9,91,10.1,1022,1026.9,0,0,1,568.2,0
2024-04-19 07:02:21,5,56,18.9,91,10.1,1022,1026.9,0,0,1,568.2,0
2024-04-19 07:07:21,5,55,19,91,10.1,1022.1,1027,0,0,1,568.2,0
2024-04-19 07:12:21,5,55,19,91,10.1,1022,1026.9,0,0,1,568.2,0
2024-04-19 07:17:21,5,55,19,91,10.2,1022,1026.9,0,0,1,568.2,0
2024-04-19 07:22:21,5,55,19,91,10.4,1022.1,1027,0,0,1,568.2,0
2024-04-19 07:27:21,5,55,19,91,10.4,1022.2,1027.1,0,0,1,568.2,0
2024-04-19 07:32:21,5,55,19,90,10.3,1022.1,1027,0,0,1,568.2,0
2024-04-19 07:37:21,5,55,19,90,10.4,1022.1,1027,0,0,1,568.2,0
2024-04-19 07:42:21,5,55,19,90,10.4,1022.2,1027.1,0,0,1,568.2,0
2024-04-19 07:47:21,5,55,19.1,90,10.4,1022.2,1027.1,0,0,15,568.2,0
2024-04-19 07:52:21,5,55,19.1,90,10.6,1022.2,1027.1,0,0,15,568.2,0
2024-04-19 07:57:21,5,55,19.1,90,10.8,1022,1026.9,0,0,15,568.2,0
2024-04-19 08:02:21,5,56,19.1,89,11,1022.3,1027.2,0,0,15,568.2,0
2024-04-19 08:07:21,5,56,19.1,88,11,1022.1,1027,0,0,15,568.2,0
2024-04-19 08:12:21,5,56,19.2,87,11,1022.2,1027.1,0,0,15,568.2,0
2024-04-19 08:17:21,5,56,19.2,86,11.1,1022.3,1027.2,0,0,15,568.2,0
2024-04-19 08:22:21,5,57,19.2,85,11.1,1022.3,1027.2,1.4,1.7,14,568.2,0
2024-04-19 08:27:21,5,57,19.2,84,11.1,1022.4,1027.3,1.4,2,,568.2,0
2024-04-19 08:32:21,5,58,19.3,84,11.1,1022.3,1027.2,1.7,2.4,,568.2,0
2024-04-19 08:37:21,5,58,19.4,83,11,1022.4,1027.3,2,2.7,15,568.2,0
2024-04-19 08:42:21,5,59,19.4,83,10.9,1022.4,1027.3,2.4,2.7,15,568.2,0
2024-04-19 08:47:21,5,59,19.5,83,10.9,1022.4,1027.3,1.7,2.4,15,568.2,0
2024-04-19 08:52:21,5,60,19.6,83,11,1022.3,1027.2,2.4,3.4,15,568.2,0
2024-04-19 08:57:21,5,60,19.7,82,11.3,1022.2,1027.1,2.7,4.4,,568.2,0
2024-04-19 09:02:21,5,60,19.8,81,11.6,1022.3,1027.2,1.7,2.4,,568.2,0
2024-04-19 09:07:21,5,60,19.8,81,11.8,1022.3,1027.2,2.4,2.7,,568.2,0
2024-04-19 09:12:21,5,59,19.8,80,11.9,1022.3,1027.2,2.7,3.7,,568.2,0
2024-04-19 09:17:21,5,58,20,80,11.9,1022.5,1027.4,2.4,3.1,,568.2,0
2024-04-19 09:22:21,5,58,20,79,11.8,1022.6,1027.5,2.4,3.1,15,568.2,0
2024-04-19 09:27:21,5,58,20.1,79,11.8,1022.4,1027.3,2.7,3.4,15,568.2,0
2024-04-19 09:32:21,5,58,20.1,79,11.9,1022.5,1027.4,2.7,3.4,15,568.2,0
2024-04-19 09:37:21,5,58,20.2,79,12.3,1022.5,1027.4,2.4,3.1,15,568.2,0
2024-04-19 09:42:21,5,58,20.2,78,12.3,1022.5,1027.4,2,2.7,15,568.2,0
2024-04-19 09:47:21,5,57,20.2,77,12.2,1022.4,1027.3,1.4,2,15,568.2,0
2024-04-19 09:52:21,5,57,20.3,77,12.3,1022.5,1027.4,3.4,4.4,14,568.2,0
2024-04-19 09:57:21,5,57,20.3,73,12.5,1022.5,1027.4,2,2.4,,568.2,0
2024-04-19 10:02:21,5,57,20.3,73,12.8,1022.5,1027.4,1.7,2.7,1,568.2,0
2024-04-19 10:07:21,5,57,20.3,72,12.9,1022.4,1027.3,1.7,2.7,,568.2,0
2024-04-19 10:12:21,5,57,20.4,71,13,1022.6,1027.5,2.4,3.7,,568.2,0
2024-04-19 10:17:21,5,57,20.4,71,12.9,1022.4,1027.3,2.4,2.7,15,568.2,0
2024-04-19 10:22:21,5,57,20.4,70,12.8,1022.6,1027.5,2,2.7,,568.2,0
2024-04-19 10:27:21,5,57,20.4,71,12.8,1022.6,1027.5,2,2.4,14,568.2,0
2024-04-19 10:32:21,5,56,20.4,71,12.7,1022.6,1027.5,1,1.7,14,568.2,0
2024-04-19 10:37:21,5,56,20.3,72,12.7,1022.8,1027.7,1.4,2,14,568.2,0
2024-04-19 10:42:21,5,56,20.3,72,12.7,1022.7,1027.6,2.7,3.7,14,568.2,0
2024-04-19 10:47:21,5,56,20.3,71,12.7,1022.6,1027.5,2.7,4.4,14,568.2,0
2024-04-19 10:52:21,5,56,20.3,71,12.9,1022.6,1027.5,3.1,3.7,,568.2,0
2024-04-19 10:57:21,5,56,20.3,71,13.1,1022.6,1027.5,2.7,3.7,15,568.2,0
2024-04-19 11:02:21,5,56,20.3,70,13,1022.7,1027.6,2.4,3.4,15,568.2,0
2024-04-19 11:07:21,5,56,20.3,70,12.9,1022.6,1027.5,4.1,5.8,15,568.2,0
2024-04-19 11:12:21,5,56,20.3,70,12.9,1022.7,1027.6,2,3.1,15,568.2,0
2024-04-19 11:17:21,5,56,20.3,70,12.7,1023,1027.9,3.1,3.7,15,568.2,0
2024-04-19 11:22:21,5,56,20.3,72,12.7,1023,1027.9,1.4,2,15,568.2,0
2024-04-19 11:27:21,5,56,20.3,73,12.7,1023,1027.9,2,3.1,15,568.2,0
2024-04-19 11:32:21,5,56,20.3,73,12.9,1023,1027.9,2,3.1,,568.2,0
2024-04-19 11:37:21,5,56,20.4,74,12.8,1023,1027.9,2.4,3.4,,568.2,0
2024-04-19 11:42:21,5,56,20.4,74,13,1022.9,1027.8,2,3.4,,568.2,0
2024-04-19 11:47:21,5,56,20.4,73,13.3,1022.9,1027.8,1.4,2,14,568.2,0
2024-04-19 11:52:21,5,56,20.5,72,13.3,1023.1,1028,1,2,14,568.2,0
2024-04-19 11:57:21,5,56,20.5,72,12.6,1023,1027.9,2.7,3.4,14,568.2,0
2024-04-19 12:02:21,5,56,20.5,76,12.2,1022.9,1027.8,2.4,3.1,14,568.2,0
2024-04-19 12:07:21,5,56,20.5,79,12.1,1023.1,1028,3.1,4.1,,568.2,0
2024-04-19 12:12:21,5,56,20.5,80,12.2,1023,1027.9,2.4,2.7,14,568.2,0
2024-04-19 12:17:21,5,56,20.5,81,12.2,1023,1027.9,3.4,4.8,14,568.2,0
2024-04-19 12:22:21,5,56,20.5,82,12.4,1023.1,1028,2,3.1,14,568.2,0
2024-04-19 12:27:21,5,56,20.5,81,12.6,1023.1,1028,2,2.7,,568.2,0
2024-04-19 12:32:21,5,56,20.6,81,12.7,1023.1,1028,2,3.1,15,568.2,0
2024-04-19 12:37:21,5,56,20.6,80,12.9,1023.1,1028,2.4,3.1,15,568.2,0
2024-04-19 12:42:21,5,56,20.5,80,13.1,1023.1,1028,2.7,3.1,1,568.2,0
2024-04-19 12:47:21,5,56,20.5,78,13.3,1023,1027.9,2.4,3.7,15,568.2,0
2024-04-19 12:52:21,5,56,20.5,76,13.4,1023,1027.9,2,3.1,15,568.2,0
2024-04-19 12:57:21,5,57,20.4,74,13.5,1023,1027.9,2.4,4.1,,568.2,0
2024-04-19 13:02:21,5,57,20.5,72,13.4,1022.9,1027.8,4.1,6.1,,568.2,0
2024-04-19 13:07:21,5,57,20.6,72,13.6,1022.8,1027.7,1.7,2.4,,568.2,0
2024-04-19 13:12:21,5,57,20.5,72,13.8,1022.9,1027.8,2.4,3.4,,568.2,0
2024-04-19 13:17:21,5,57,20.5,71,13.7,1022.9,1027.8,2,3.4,,568.2,0
2024-04-19 13:22:21,5,57,20.6,70,14.1,1023,1027.9,3.4,4.8,,568.2,0
2024-04-19 13:27:21,5,57,20.7,70,14.5,1022.9,1027.8,2.7,3.7,,568.2,0
2024-04-19 13:32:21,5,57,20.7,67,15.2,1022.8,1027.7,1.4,2.4,,568.2,0
2024-04-19 13:37:21,5,57,20.7,64,15.6,1022.9,1027.8,2.7,4.8,,568.2,0
2024-04-19 13:42:21,5,57,20.8,64,14.9,1022.9,1027.8,2,3.1,2,568.2,0
2024-04-19 13:47:21,5,57,20.8,65,14.6,1023.1,1028,5.4,6.5,2,568.2,0
2024-04-19 13:52:21,5,57,20.8,69,12.8,1023.1,1028,6.5,7.5,0,568.2,0
2024-04-19 13:57:21,5,56,20.9,76,11.9,1023.2,1028.1,4.4,6.5,2,568.2,0
2024-04-19 14:02:21,5,56,20.9,79,11.8,1023.3,1028.2,3.1,3.7,0,568.2,0
2024-04-19 14:07:21,5,56,20.9,80,12,1023.2,1028.1,1.4,2,0,568.2,0
2024-04-19 14:12:21,5,55,21,81,12.2,1023,1027.9,2,3.1,7,568.2,0
2024-04-19 14:17:21,5,56,20.9,79,12.8,1023.2,1028.1,1.4,2,2,568.2,0
2024-04-19 14:22:21,5,55,21,80,14.1,1023.2,1028.1,2,2.7,14,568.2,0
2024-04-19 14:27:21,5,55,21,72,13.4,1023.4,1028.3,5.4,6.8,14,568.2,0
2024-04-19 14:32:21,5,55,21,72,12.5,1023.4,1028.3,3.7,5.1,14,568.2,0
2024-04-19 14:37:21,5,55,21.1,77,12.4,1023.3,1028.2,3.4,4.4,0,568.2,0
2024-04-19 14:42:21,5,55,21.1,75,12.7,1023.4,1028.3,2,3.4,0,568.2,0
2024-04-19 14:47:21,5,55,21.1,74,12.9,1023.3,1028.2,2.4,3.4,14,568.2,0
2024-04-19 14:52:21,5,54,21.1,73,13.2,1023.2,1028.1,1.4,2.4,,568.2,0
2024-04-19 14:57:21,5,54,21.1,72,13.6,1023.2,1028.1,1.4,2,0,568.2,0
2024-04-19 15:02:21,5,54,21.1,71,14.2,1023.1,1028,2,3.1,,568.2,0
2024-04-19 15:07:21,5,54,21.1,70,14.5,1023.2,1028.1,1.7,2.4,0,568.2,0
2024-04-19 15:12:21,5,54,21.1,63,13.9,1023.4,1028.3,4.8,6.5,0,568.2,0
2024-04-19 15:17:21,5,54,21.1,62,13.5,1023.2,1028.1,4.4,5.4,0,568.2,0
2024-04-19 15:22:21,5,54,21.1,61,13.1,1023.3,1028.2,5.1,6.1,2,568.2,0
2024-04-19 15:27:21,5,54,21.1,62,13.1,1023.3,1028.2,2.7,3.7,0,568.2,0
2024-04-19 15:32:21,5,54,21.1,64,13.4,1023.2,1028.1,1.4,2,0,568.2,0
2024-04-19 15:37:21,5,54,21.1,63,13.9,1023.2,1028.1,2,2.7,,568.2,0
2024-04-19 15:42:21,5,54,21.1,62,14.3,1023.2,1028.1,2.7,3.7,2,568.2,0
2024-04-19 15:47:21,5,53,21.1,61,15,1023.2,1028.1,5.4,7.5,,568.2,0
2024-04-19 15:52:21,5,53,21.1,60,14,1023.2,1028.1,4.8,5.8,,568.2,0
2024-04-19 15:57:21,5,52,21.1,61,14,1023.1,1028,4.1,5.1,0,568.2,0
2024-04-19 16:02:23,5,52,21.1,60,14.1,1023.3,1028.2,3.4,4.4,2,568.2,0
2024-04-19 16:07:21,5,52,21.1,60,13.9,1023.5,1028.4,5.4,6.1,14,568.2,0
2024-04-19 16:12:21,5,52,21.1,60,13.6,1023.5,1028.4,4.8,6.5,0,568.2,0
2024-04-19 16:17:21,5,52,21.1,60,13.7,1023.4,1028.3,2.4,3.7,10,568.2,0
2024-04-19 16:22:21,5,52,21.1,60,13.9,1023.4,1028.3,2,3.1,14,568.2,0
2024-04-19 16:27:21,5,52,21.1,61,14,1023.5,1028.4,3.4,4.4,10,568.2,0
2024-04-19 16:32:21,5,52,21.1,59,14.5,1023.7,1028.6,2.7,3.7,,568.2,0
2024-04-19 16:37:21,5,52,21.1,56,14.4,1023.6,1028.5,4.1,5.4,,568.2,0
2024-04-19 16:42:21,5,52,21.1,56,14.3,1023.5,1028.4,2,2.7,,568.2,0
2024-04-19 16:47:21,5,52,21.1,55,13.7,1023.8,1028.7,3.7,6.1,,568.2,0
2024-04-19 16:52:21,5,52,21.1,56,13.6,1023.6,1028.5,3.4,4.4,,568.2,0
2024-04-19 16:57:21,5,52,21.1,54,14.1,1023.6,1028.5,6.5,7.8,,568.2,0
2024-04-19 17:02:21,5,51,21.1,53,14,1023.6,1028.5,4.8,6.8,,568.2,0
2024-04-19 17:07:21,5,51,21,53,13.7,1023.1,1028,6.5,8.5,14,568.2,0
2024-04-19 17:12:21,5,52,21.7,52,13.6,1023,1027.9,4.8,5.4,14,568.2,0
2024-04-19 17:17:21,5,51,23.5,53,13.7,1022.9,1027.8,5.4,7.1,14,568.2,0
2024-04-19 17:22:21,5,45,25.4,53,13.7,1022.8,1027.7,4.8,6.1,14,568.2,0
2024-04-19 17:27:21,5,41,27.1,53,13.9,1022.8,1027.7,4.8,5.8,,568.2,0
2024-04-19 17:32:21,5,41,28.4,54,14.2,1022.8,1027.7,3.1,4.8,10,568.2,0
2024-04-19 17:37:21,5,37,29.8,54,14.3,1022.9,1027.8,2.4,3.4,14,568.2,0
2024-04-19 17:42:21,5,34,30.1,53,14.3,1022.9,1027.8,2,3.1,14,568.2,0
2024-04-19 17:47:21,5,35,29.6,53,14.3,1022.8,1027.7,1.4,2.4,,568.2,0
2024-04-19 17:52:21,5,36,28.8,52,14.2,1023,1027.9,1.7,2.7,,568.2,0
2024-04-19 17:57:21,5,36,28,52,13.7,1022.9,1027.8,2,3.4,,568.2,0
2024-04-19 18:02:21,5,37,27.8,54,13.1,1023,1027.9,2,3.1,10,568.2,0
2024-04-19 18:07:21,5,37,27.8,56,12.9,1023.1,1028,2.7,3.7,10,568.2,0
2024-04-19 18:12:21,5,36,27.5,57,12.7,1023.1,1028,3.4,4.4,10,568.2,0
2024-04-19 18:17:21,5,36,27.1,58,12.6,1023.2,1028.1,2.4,3.7,,568.2,0
2024-04-19 18:22:21,5,36,27,58,12.5,1023.2,1028.1,1.4,1.7,0,568.2,0
2024-04-19 18:27:21,5,36,26.9,61,12.4,1023.1,1028,1.7,2.4,0,568.2,0
2024-04-19 18:32:21,5,35,26.6,62,12.2,1023.2,1028.1,1,1.7,14,568.2,0
2024-04-19 18:37:21,5,36,26.1,62,12.1,1023.2,1028.1,1.7,2.4,,568.2,0
2024-04-19 18:42:21,5,36,25.8,62,12,1023.7,1028.6,2.4,4.1,,568.2,0
2024-04-19 18:47:21,5,37,25.3,62,11.8,1023.9,1028.8,1.4,2.4,,568.2,0
2024-04-19 18:52:21,5,38,24.8,63,11.7,1023.9,1028.8,1.4,2,,568.2,0
2024-04-19 18:57:21,5,39,24.1,63,11.5,1024,1028.9,2,2.7,10,568.2,0
2024-04-19 19:02:21,5,41,23.5,63,11.3,1024.4,1029.3,1,1.7,,568.2,0
2024-04-19 19:07:21,5,42,23.2,63,11.1,1024.4,1029.3,1,1.4,,568.2,0
2024-04-19 19:12:21,5,41,22.9,64,10.9,1024.3,1029.2,1.4,2.4,,568.2,0
2024-04-19 19:17:21,5,41,22.5,64,10.6,1024.5,1029.4,0.7,1.4,14,568.2,0
2024-04-19 19:22:21,5,42,22.3,65,10.4,1024.5,1029.4,1,1.4,0,568.2,0
2024-04-19 19:27:21,5,42,22.1,65,10.2,1024.6,1029.5,0.7,1,0,568.2,0
2024-04-19 19:32:21,5,44,21.9,66,9.9,1024.8,1029.7,0.7,1,0,568.2,0
2024-04-19 19:37:21,5,44,21.7,66,9.6,1024.8,1029.7,0.3,0.7,0,568.2,0
2024-04-19 19:42:21,5,45,21.5,66,9.3,1024.9,1029.8,0,0,0,568.2,0
2024-04-19 19:47:21,5,45,21.4,67,9,1025.1,1030,0.3,0.7,0,568.2,0
2024-04-19 19:52:21,5,46,21.1,68,9,1025.1,1030,0.7,1,0,568.2,0
2024-04-19 19:57:21,5,46,21.1,69,8.9,1025,1029.9,0,0.3,0,568.2,0
2024-04-19 20:02:21,5,46,21.1,69,8.7,1025,1029.9,0,0.3,0,568.2,0
2024-04-19 20:07:21,5,47,21,70,8.4,1025.2,1030.1,0.7,1,0,568.2,0
2024-04-19 20:12:21,5,48,20.9,70,8.3,1025.3,1030.2,0.7,1,0,568.2,0
2024-04-19 20:17:21,5,49,20.8,70,8.1,1025.5,1030.4,0.7,1,0,568.2,0
2024-04-19 20:22:21,5,49,20.8,71,7.9,1025.4,1030.3,0.7,1,0,568.2,0
2024-04-19 20:27:21,5,48,20.7,71,7.7,1025.4,1030.3,1,1.4,0,568.2,0
2024-04-19 20:32:21,5,48,20.5,72,7.6,1025.8,1030.7,1,1.4,0,568.2,0
2024-04-19 20:37:21,5,48,20.5,72,7.5,1025.6,1030.5,0.3,0.3,0,568.2,0
2024-04-19 20:42:21,5,48,20.4,78,7.4,1025.8,1030.7,0,0,0,568.2,0
2024-04-19 20:47:21,5,48,20.4,78,7.2,1025.8,1030.7,0,0.3,0,568.2,0
2024-04-19 20:52:21,5,48,20.3,79,7.2,1025.9,1030.8,0.3,0.7,0,568.2,0
2024-04-19 20:57:21,5,49,20.3,80,7.1,1025.7,1030.6,0,0,0,568.2,0
2024-04-19 21:02:21,5,49,20.3,80,7,1025.8,1030.7,0,0,0,568.2,0
2024-04-19 21:07:21,5,50,20.2,80,6.9,1025.8,1030.7,0.3,0.3,0,568.2,0
2024-04-19 21:12:21,5,50,20.2,80,6.9,1025.9,1030.8,0,0.3,0,568.2,0
2024-04-19 21:17:21,5,50,20.1,80,7,1026,1030.9,0.7,1,0,568.2,0
2024-04-19 21:22:21,5,50,20.1,80,6.9,1026,1030.9,1,1.4,2,568.2,0
2024-04-19 21:27:21,5,50,20,80,6.9,1026.1,1031,0.7,1.4,2,568.2,0
2024-04-19 21:32:21,5,50,20,80,6.8,1026,1030.9,0.7,1,0,568.2,0
2024-04-19 21:37:21,5,50,20,80,6.7,1026.1,1031,0.3,0.7,0,568.2,0
2024-04-19 21:42:21,5,50,20,80,6.7,1026.2,1031.1,0.7,1,0,568.2,0
2024-04-19 21:47:21,5,50,20,80,6.6,1026.3,1031.2,0.3,0.7,0,568.2,0
2024-04-19 21:52:21,5,51,19.9,80,6.5,1026.4,1031.3,0,0,0,568.2,0
2024-04-19 21:57:21,5,51,20,80,6.3,1026.5,1031.4,0,0,0,568.2,0
2024-04-19 22:02:21,5,52,19.9,80,6.2,1026.5,1031.4,0.3,0.7,0,568.2,0
2024-04-19 22:07:21,5,52,19.9,80,6.1,1026.6,1031.5,0,0.3,0,568.2,0
2024-04-19 22:12:21,5,52,19.9,81,6,1026.6,1031.5,0.3,0.7,0,568.2,0
2024-04-19 22:17:21,5,52,19.9,81,5.9,1026.6,1031.5,0.7,0.7,0,568.2,0
2024-04-19 22:22:21,5,52,19.9,81,5.8,1026.8,1031.7,0.3,0.7,0,568.2,0
2024-04-19 22:27:21,5,52,19.9,81,5.8,1026.8,1031.7,0.3,0.7,0,568.2,0
2024-04-19 22:32:21,5,52,19.8,82,5.8,1026.8,1031.7,0,0.3,0,568.2,0
2024-04-19 22:37:21,5,52,19.8,82,5.7,1026.8,1031.7,0,0.3,2,568.2,0
2024-04-19 22:42:21,5,52,19.8,82,5.7,1026.7,1031.6,0.7,1,2,568.2,0
2024-04-19 22:47:21,5,52,19.8,82,5.8,1026.8,1031.7,1.7,2,2,568.2,0
2024-04-19 22:52:21,5,52,19.7,82,5.8,1026.8,1031.7,1,1.4,2,568.2,0
2024-04-19 22:57:21,5,52,19.7,82,5.9,1026.8,1031.7,0.7,1,2,568.2,0
2024-04-19 23:02:21,5,52,19.7,82,5.8,1027,1031.9,0,0.3,2,568.2,0
2024-04-19 23:07:21,5,52,19.7,82,5.9,1026.9,1031.8,0.3,0.3,2,568.2,0
2024-04-19 23:12:21,5,52,19.6,82,5.7,1027,1031.9,0,0,2,568.2,0
2024-04-19 23:17:21,5,53,19.6,82,5.5,1026.9,1031.8,0,0,2,568.2,0
2024-04-19 23:22:21,5,53,19.6,82,5.4,1027,1031.9,0,0,2,568.2,0
2024-04-19 23:27:21,5,53,19.6,82,5.4,1027.1,1032,0,0,2,568.2,0
2024-04-19 23:32:21,5,53,19.6,82,5.3,1026.9,1031.8,0,0,2,568.2,0
2024-04-19 23:37:21,5,53,19.5,82,5.3,1027.1,1032,0,0,2,568.2,0
2024-04-19 23:42:21,5,53,19.5,82,5.2,1027,1031.9,0,0,2,568.2,0
2024-04-19 23:47:21,5,53,19.5,82,5,1026.8,1031.7,0,0,2,568.2,0
2024-04-19 23:52:21,5,53,19.5,82,5.1,1026.9,1031.8,0,0,2,568.2,0
2024-04-19 23:57:21,5,53,19.5,82,5.2,1026.9,1031.8,0,0,2,568.2,0
