2024-04-25 00:02:21,5,41,20.1,81,6.1,1012.1,1017,0.3,0.7,0,568.2,0
2024-04-25 00:07:21,5,41,20.1,81,6.3,1012.3,1017.2,0.3,0.7,0,568.2,0
2024-04-25 00:12:21,5,41,20.1,81,6.3,1012.2,1017.1,0.3,0.7,0,568.2,0
2024-04-25 00:17:21,5,41,20.1,81,6.4,1012.2,1017.1,0.7,1,0,568.2,0
2024-04-25 00:22:21,5,40,20,81,6.5,1012,1016.9,0,0.3,0,568.2,0
2024-04-25 00:27:21,5,40,20,80,6.5,1012,1016.9,0.7,1.4,0,568.2,0
2024-04-25 00:32:21,5,40,20,80,6.5,1011.9,1016.8,0,0.3,0,568.2,0
2024-04-25 00:37:21,5,40,20,80,6.5,1012,1016.9,0.7,1,0,568.2,0
2024-04-25 00:42:21,5,40,20,80,6.5,1011.9,1016.8,0.3,0.7,0,568.2,0
2024-04-25 00:47:21,5,41,19.9,80,6.6,1011.7,1016.6,0.7,1.4,0,568.2,0
2024-04-25 00:52:21,5,41,19.9,80,6.6,1011.8,1016.7,0.7,1,0,568.2,0
2024-04-25 00:57:21,5,41,19.9,79,6.5,1011.7,1016.6,0.7,1,0,568.2,0
2024-04-25 01:02:21,5,41,19.7,79,6.5,1011.6,1016.5,0.3,1,0,568.2,0
2024-04-25 01:07:21,5,41,19.8,79,6.6,1011.4,1016.3,0,0,0,568.2,0
2024-04-25 01:12:21,5,41,19.7,79,6.6,1011.4,1016.3,0,0,0,568.2,0
2024-04-25 01:17:21,5,41,19.8,79,6.6,1011.3,1016.2,0,0,0,568.2,0
2024-04-25 01:22:21,5,41,19.8,79,6.6,1011.3,1016.2,0,0,0,568.2,0
2024-04-25 01:27:21,5,41,19.8,79,6.6,1011.1,1016,0.3,0.3,0,568.2,0
2024-04-25 01:32:21,5,41,19.8,79,6.6,1010.9,1015.8,0.3,0.7,0,568.2,0
2024-04-25 01:37:21,5,41,19.7,79,6.6,1010.9,1015.8,0,0,0,568.2,0
2024-04-25 01:42:21,5,41,19.7,79,6.6,1010.8,1015.7,0,0,0,568.2,0
2024-04-25 01:47:21,5,41,19.7,79,6.6,1010.8,1015.7,0,0,0,568.2,0
2024-04-25 01:52:21,5,41,19.7,79,6.6,1010.8,1015.7,0,0.3,0,568.2,0
2024-04-25 01:57:21,5,41,19.7,79,6.7,1010.7,1015.6,0,0,0,568.2,0
2024-04-25 02:02:21,5,41,19.6,79,6.7,1010.7,1015.6,0.3,0.7,0,568.2,0
2024-04-25 02:07:21,5,41,19.6,79,6.7,1010.6,1015.5,0.3,0.7,0,568.2,0
2024-04-25 02:12:21,5,41,19.6,80,6.7,1010.4,1015.3,0.3,0.7,0,568.2,0
2024-04-25 02:17:21,5,41,19.6,80,6.7,1010.5,1015.4,0.3,0.7,0,568.2,0
2024-04-25 02:22:21,5,41,19.6,80,6.7,1010.3,1015.2,0.3,0.7,0,568.2,0
2024-04-25 02:27:21,5,41,19.6,80,6.6,1010.2,1015.1,0.3,0.7,0,568.2,0
2024-04-25 02:32:21,5,41,19.6,80,6.6,1010,1014.9,0.3,0.7,0,568.2,0
2024-04-25 02:37:21,5,41,19.5,80,6.6,1010,1014.9,1,1.4,0,568.2,0
2024-04-25 02:42:21,5,41,19.5,80,6.6,1010,1014.9,0.7,1,0,568.2,0
2024-04-25 02:47:21,5,41,19.5,80,6.6,1009.8,1014.7,0.7,1,0,568.2,0
2024-04-25 02:52:21,5,41,19.5,81,6.6,1009.8,1014.7,0.7,1,0,568.2,0
2024-04-25 02:57:21,5,41,19.4,81,6.6,1009.8,1014.7,1.4,1.7,0,568.2,0
2024-04-25 03:02:21,5,41,19.4,81,6.6,1009.8,1014.7,0.7,1,0,568.2,0
2024-04-25 03:07:21,5,41,19.4,81,6.6,1009.6,1014.5,1,1.4,0,568.2,0
2024-04-25 03:12:21,5,41,19.4,81,6.6,1009.7,1014.6,1,1.4,0,568.2,0
2024-04-25 03:17:21,5,41,19.4,81,6.6,1009.5,1014.4,0.7,1,0,568.2,0
2024-04-25 03:22:21,5,41,19.3,81,6.6,1009.5,1014.4,0.7,1,0,568.2,0
2024-04-25 03:27:21,5,41,19.3,81,6.6,1009.2,1014.1,1.4,1.7,0,568.2,0
2024-04-25 03:32:21,5,41,19.3,82,6.6,1009.2,1014.1,1,1.4,0,568.2,0
2024-04-25 03:37:21,5,41,19.3,82,6.6,1009,1013.9,1.4,1.7,0,568.2,0
2024-04-25 03:42:21,5,41,19.3,82,6.5,1009,1013.9,1,1.4,0,568.2,0
2024-04-25 03:47:21,5,41,19.2,82,6.5,1008.9,1013.8,1.4,2,0,568.2,0
2024-04-25 03:52:21,5,41,19.2,82,6.5,1008.9,1013.8,0.7,1,10,568.2,0
2024-04-25 03:57:21,5,41,19.2,82,6.5,1008.8,1013.7,0.7,1,10,568.2,0
2024-04-25 04:02:21,5,41,19.2,82,6.4,1008.8,1013.7,1,1.4,,568.2,0
2024-04-25 04:07:21,5,41,19.2,82,6.4,1008.7,1013.6,1,1.4,10,568.2,0
2024-04-25 04:12:21,5,41,19.1,82,6.4,1008.7,1013.6,1,1.4,10,568.2,0
2024-04-25 04:17:21,5,41,19.1,83,6.4,1008.6,1013.5,0.7,1.4,10,568.2,0
2024-04-25 04:22:21,5,41,19.2,83,6.4,1008.4,1013.3,0.7,1,10,568.2,0
2024-04-25 04:27:21,5,41,19.1,83,6.4,1008.4,1013.3,0.7,1.4,10,568.2,0
2024-04-25 04:32:21,5,41,19.1,83,6.4,1008.4,1013.3,1,1.4,10,568.2,0
2024-04-25 04:37:21,5,41,19.1,83,6.5,1008.3,1013.2,0.7,1.4,10,568.2,0
2024-04-25 04:42:21,5,41,19.1,83,6.6,1008.3,1013.2,0.7,1,10,568.2,0
2024-04-25 04:47:21,5,41,19.1,83,6.6,1008.2,1013.1,0.7,1,10,568.2,0
2024-04-25 04:52:21,5,41,19,83,6.7,1008.3,1013.2,1,1.4,10,568.2,0
2024-04-25 04:57:21,5,41,19,83,6.7,1008.2,1013.1,0.7,1,10,568.2,0
2024-04-25 05:02:21,5,41,19,82,6.6,1008.1,1013,1,1.4,,568.2,0
2024-04-25 05:07:21,5,41,19,82,6.6,1008.1,1013,0.3,1,,568.2,0
2024-04-25 05:12:21,5,41,19,82,6.5,1008,1012.9,0.7,1,10,568.2,0
2024-04-25 05:17:21,5,42,18.9,82,6.5,1008.1,1013,0.3,0.7,10,568.2,0
2024-04-25 05:22:21,5,42,18.9,82,6.5,1007.9,1012.8,0.3,0.7,10,568.2,0
2024-04-25 05:27:21,5,42,18.9,82,6.5,1008.1,1013,0.7,1,10,568.2,0
2024-04-25 05:32:21,5,42,18.9,82,6.6,1007.9,1012.8,1,1.4,10,568.2,0
2024-04-25 05:37:21,5,42,18.9,82,6.6,1007.8,1012.7,1,1.4,10,568.2,0
2024-04-25 05:42:21,5,42,18.9,82,6.6,1007.8,1012.7,0.7,1,8,568.2,0
2024-04-25 05:47:21,5,42,18.9,82,6.6,1007.8,1012.7,0.7,1,8,568.2,0
2024-04-25 05:52:21,5,42,18.9,82,6.6,1007.7,1012.6,1,1.4,8,568.2,0
2024-04-25 05:57:21,5,42,18.9,82,6.6,1007.7,1012.6,0.7,1,8,568.2,0
2024-04-25 06:02:21,5,42,18.9,82,6.7,1007.8,1012.7,0.7,1,8,568.2,0
2024-04-25 06:07:21,5,42,18.9,82,6.7,1007.7,1012.6,1,1.4,8,568.2,0
2024-04-25 06:12:21,5,42,18.9,82,6.8,1007.7,1012.6,0.7,1,8,568.2,0
2024-04-25 06:17:21,5,42,18.8,82,6.8,1007.5,1012.4,0.7,1,8,568.2,0
2024-04-25 06:22:21,5,42,18.8,82,6.9,1007.7,1012.6,0.3,0.7,8,568.2,0
2024-04-25 06:27:21,5,42,18.8,82,6.9,1007.6,1012.5,0.3,0.7,8,568.2,0
2024-04-25 06:32:21,5,42,18.8,83,7,1007.5,1012.4,0.3,0.7,8,568.2,0
2024-04-25 06:37:21,5,42,18.8,83,7.2,1007.4,1012.3,0.3,0.7,8,568.2,0
2024-04-25 06:42:21,5,42,18.8,83,7.4,1007.3,1012.2,0.3,0.7,8,568.2,0
2024-04-25 06:47:21,5,42,18.8,78,7.7,1007.2,1012.1,0.7,1.4,,568.2,0
2024-04-25 06:52:21,5,42,18.9,78,7.8,1007.1,1012,0.7,1,,568.2,0
2024-04-25 06:57:21,5,42,18.9,78,8,1007,1011.9,0.3,0.7,,568.2,0
2024-04-25 07:02:21,5,42,18.9,77,8.1,1007.1,1012,1,1.4,,568.2,0
2024-04-25 07:07:21,5,42,18.9,77,8.1,1007,1011.9,0.7,1,,568.2,0
2024-04-25 07:12:21,5,42,18.9,77,8.2,1006.8,1011.7,0.3,0.7,,568.2,0
2024-04-25 07:17:21,5,42,18.9,76,8.3,1006.8,1011.7,0.7,1.4,,568.2,0
2024-04-25 07:22:21,5,42,18.9,76,8.6,1006.8,1011.7,0,0.3,,568.2,0
2024-04-25 07:27:21,5,42,18.9,76,8.9,1006.7,1011.6,0.7,1,14,568.2,0
2024-04-25 07:32:21,5,41,19,75,9,1006.7,1011.6,0.3,0.7,14,568.2,0
2024-04-25 07:37:21,5,42,18.9,75,9.1,1006.7,1011.6,0,0.3,14,568.2,0
2024-04-25 07:42:21,5,42,19,74,9.1,1006.7,1011.6,0.7,1,14,568.2,0
2024-04-25 07:47:21,5,42,19,73,9.2,1006.6,1011.5,0.7,1,14,568.2,0
2024-04-25 07:52:21,5,42,19,73,9.2,1006.6,1011.5,0.7,1,14,568.2,0
2024-04-25 07:57:21,5,42,19,73,9.3,1006.5,1011.4,0.7,1,14,568.2,0
2024-04-25 08:02:21,5,42,19,73,9.4,1006.4,1011.3,0.3,0.7,14,568.2,0
2024-04-25 08:07:21,5,42,19,72,9.4,1006.4,1011.3,0.7,1,14,568.2,0
2024-04-25 08:12:21,5,43,19.1,72,9.5,1006.3,1011.2,0.3,1,14,568.2,0
2024-04-25 08:17:21,5,43,19.1,72,9.6,1006.4,1011.3,0,0.3,14,568.2,0
2024-04-25 08:22:21,5,43,19.1,72,9.7,1006.3,1011.2,0,0.3,14,568.2,0
2024-04-25 08:27:21,5,44,19.2,72,9.7,1006.3,1011.2,0.3,0.7,14,568.2,0
2024-04-25 08:32:21,5,45,19.2,71,9.4,1005.9,1010.8,0.3,0.7,14,568.2,0
2024-04-25 08:37:21,5,46,19.3,71,9.3,1006.1,1011,0.3,0.7,14,568.2,0
2024-04-25 08:42:21,5,46,19.3,71,9.2,1006.2,1011.1,0.7,1,14,568.2,0
2024-04-25 08:47:21,5,47,19.4,72,9.3,1006,1010.9,0.7,1,14,568.2,0
2024-04-25 08:52:21,5,48,19.5,72,9.3,1005.9,1010.8,0.7,1,14,568.2,0
2024-04-25 08:57:21,5,48,19.5,72,9.3,1005.8,1010.7,0.7,1,14,568.2,0
2024-04-25 09:02:21,5,48,19.6,72,9.3,1005.8,1010.7,0.7,1.4,14,568.2,0
2024-04-25 09:07:21,5,48,19.7,72,9.3,1005.7,1010.6,0.7,0.7,14,568.2,0
2024-04-25 09:12:21,5,48,19.8,73,9.4,1005.5,1010.4,0.7,1,,568.2,0
2024-04-25 09:17:21,5,48,19.9,73,9.6,1005.6,1010.5,1,1.4,,568.2,0
2024-04-25 09:22:21,5,48,19.9,73,9.6,1005.5,1010.4,0.7,1.4,,568.2,0
2024-04-25 09:27:21,5,47,20,73,9.7,1005.3,1010.2,0.3,0.7,,568.2,0
2024-04-25 09:32:21,5,48,20,72,9.8,1005.5,1010.4,1,1.4,,568.2,0
2024-04-25 09:37:21,5,48,20.1,72,9.8,1005.3,1010.2,0.7,1,,568.2,0
2024-04-25 09:42:21,5,48,20.1,71,9.9,1005.1,1010,1.4,1.7,,568.2,0
2024-04-25 09:47:21,5,48,20.1,71,9.8,1005.2,1010.1,1.4,2,,568.2,0
2024-04-25 09:52:21,5,48,20.2,71,9.9,1005.1,1010,0.7,1,,568.2,0
2024-04-25 09:57:21,5,48,20.2,71,10.1,1004.9,1009.8,0,0.3,,568.2,0
2024-04-25 10:02:21,5,48,20.3,71,10.5,1004.9,1009.8,1.4,1.7,14,568.2,0
2024-04-25 10:07:21,5,47,20.3,71,10.6,1004.8,1009.7,0.7,1.4,14,568.2,0
2024-04-25 10:12:21,5,48,20.3,70,10.8,1004.8,1009.7,0.7,0.7,14,568.2,0
2024-04-25 10:17:21,5,48,20.4,69,10.8,1004.7,1009.6,1,1.4,14,568.2,0
2024-04-25 10:22:21,5,48,20.4,70,11,1004.7,1009.6,1,1.4,14,568.2,0
2024-04-25 10:27:21,5,48,20.4,68,10.9,1004.6,1009.5,0.7,1,14,568.2,0
2024-04-25 10:32:21,5,48,20.5,68,10.8,1004.5,1009.4,0.7,1.4,14,568.2,0
2024-04-25 10:37:21,5,48,20.5,68,10.8,1004.5,1009.4,0.7,1.4,,568.2,0
2024-04-25 10:42:21,5,48,20.5,68,11,1004.4,1009.3,1.4,1.7,,568.2,0
2024-04-25 10:47:21,5,47,20.5,68,11,1004.4,1009.3,0.7,1,,568.2,0
2024-04-25 10:52:21,5,48,20.6,67,11.2,1004.4,1009.3,0.7,1.4,,568.2,0
2024-04-25 10:57:21,5,48,20.6,66,11.6,1004.2,1009.1,1.4,1.7,10,568.2,0
2024-04-25 11:02:21,5,47,20.7,66,11.7,1004.3,1009.2,0.7,1,10,568.2,0
2024-04-25 11:07:21,5,48,20.7,65,11.8,1004.2,1009.1,1.7,2,8,568.2,0
2024-04-25 11:12:21,5,47,20.7,64,11.4,1004,1008.9,1,1.4,8,568.2,0
2024-04-25 11:17:21,5,47,20.8,65,11.3,1004,1008.9,0.7,1,8,568.2,0
2024-04-25 11:22:21,5,47,20.8,66,11.7,1004.1,1009,0.7,1,8,568.2,0
2024-04-25 11:27:21,5,47,20.8,66,12,1003.9,1008.8,0.7,1,8,568.2,0
2024-04-25 11:32:21,5,47,20.9,65,12.1,1003.9,1008.8,1,1.4,8,568.2,0
2024-04-25 11:37:21,5,47,20.9,63,12.2,1003.9,1008.8,0.7,1,8,568.2,0
2024-04-25 11:42:21,5,47,20.9,63,12,1003.8,1008.7,1,1.4,8,568.2,0
2024-04-25 11:47:21,5,47,20.9,64,11.6,1003.9,1008.8,1,1.7,8,568.2,0
2024-04-25 11:52:21,5,47,20.9,66,11.3,1003.7,1008.6,1.4,1.7,8,568.2,0
2024-04-25 11:57:21,5,46,21,67,11.2,1003.8,1008.7,0.3,0.7,8,568.2,0
2024-04-25 12:02:21,5,46,21,68,11.4,1003.6,1008.5,1,1.4,8,568.2,0
2024-04-25 12:07:21,5,46,21,68,11.3,1003.7,1008.6,0.7,1,8,568.2,0
2024-04-25 12:12:21,5,47,20.9,67,11.4,1003.5,1008.4,0.3,0.7,8,568.2,0
2024-04-25 12:17:21,5,47,20.9,66,11.4,1003.6,1008.5,0.3,1,8,568.2,0
2024-04-25 12:22:21,5,46,20.8,66,11.4,1003.5,1008.4,0.7,1,8,568.2,0
2024-04-25 12:27:21,5,46,20.8,66,11.6,1003.5,1008.4,0.3,0.7,10,568.2,0
2024-04-25 12:32:21,5,46,20.8,66,11.6,1003.3,1008.2,0.7,1,10,568.2,0
2024-04-25 12:37:21,5,46,20.8,65,11.5,1003.3,1008.2,0.3,0.7,,568.2,0
2024-04-25 12:42:21,5,46,20.7,66,11.6,1003.4,1008.3,0.7,1,14,568.2,0
2024-04-25 12:47:21,5,46,20.7,66,11.6,1003.2,1008.1,1,1.4,14,568.2,0
2024-04-25 12:52:21,5,47,20.7,65,11.6,1003.2,1008.1,0.7,1,14,568.2,0
2024-04-25 12:57:21,5,47,20.7,66,11.9,1003,1007.9,1,1.7,14,568.2,0
2024-04-25 13:02:21,5,47,20.7,66,12.2,1003.1,1008,0,0.3,0,568.2,0
2024-04-25 13:07:21,5,47,20.6,65,12.3,1003.1,1008,1,1.4,14,568.2,0
2024-04-25 13:12:21,5,47,20.6,64,12.3,1003.1,1008,0.3,0.7,0,568.2,0
2024-04-25 13:17:21,5,47,20.6,61,12.6,1003,1007.9,0.7,1,0,568.2,0
2024-04-25 13:22:21,5,48,20.6,60,12.5,1003,1007.9,0.7,1,0,568.2,0
2024-04-25 13:27:21,5,48,20.7,62,12.2,1002.9,1007.8,0,0.3,0,568.2,0
2024-04-25 13:32:21,5,48,20.7,62,11.9,1002.9,1007.8,0.3,0.7,0,568.2,0
2024-04-25 13:37:21,5,49,20.7,64,11.5,1003,1007.9,2,3.4,0,568.2,0
2024-04-25 13:42:21,5,49,20.7,69,10.7,1002.8,1007.7,1.7,2.4,14,568.2,0
2024-04-25 13:47:21,5,49,20.7,71,10.7,1002.8,1007.7,1,1.4,14,568.2,0
2024-04-25 13:52:21,5,49,20.8,72,10.7,1002.9,1007.8,1,1.4,14,568.2,0
2024-04-25 13:57:21,5,49,20.9,73,10.6,1002.7,1007.6,1,1.7,14,568.2,0
2024-04-25 14:02:21,5,49,20.9,74,10.6,1002.6,1007.5,0.7,1.4,14,568.2,0
2024-04-25 14:07:21,5,49,20.9,74,10.7,1002.7,1007.6,0.7,1,14,568.2,0
2024-04-25 14:12:21,5,50,20.9,75,10.9,1002.5,1007.4,0.7,1.4,14,568.2,0
2024-04-25 14:17:21,5,49,21,75,11.3,1002.6,1007.5,0.3,1,14,568.2,0
2024-04-25 14:22:21,5,49,21,74,11.6,1002.5,1007.4,0,0.3,,568.2,0
2024-04-25 14:27:21,5,49,21,73,11.9,1002.5,1007.4,0.7,1.4,14,568.2,0
2024-04-25 14:32:21,5,49,21,72,12.2,1002.4,1007.3,0.3,0.7,14,568.2,0
2024-04-25 14:37:21,5,49,21,71,12.4,1002.3,1007.2,0.3,1,,568.2,0
2024-04-25 14:42:21,5,49,21,70,12.2,1002.2,1007.1,1,1.4,,568.2,0
2024-04-25 14:47:21,5,49,21,70,12,1002.2,1007.1,0.7,1,,568.2,0
2024-04-25 14:52:21,5,49,21,70,11.8,1002.3,1007.2,1,1.4,,568.2,0
2024-04-25 14:57:21,5,49,21.1,70,11.7,1002,1006.9,1.4,1.7,14,568.2,0
2024-04-25 15:02:21,5,49,21.1,70,11.7,1002,1006.9,0.7,1.4,14,568.2,0
2024-04-25 15:07:21,5,49,21.1,70,11.7,1002.1,1007,0.3,0.7,14,568.2,0
2024-04-25 15:12:21,5,49,21.1,71,11.9,1002,1006.9,1.7,2,14,568.2,0
2024-04-25 15:17:21,5,49,21,71,11.9,1002,1006.9,1,1.4,14,568.2,0
2024-04-25 15:22:21,5,49,21.1,71,11.8,1001.9,1006.8,1.4,2,14,568.2,0
2024-04-25 15:27:21,5,49,21.1,72,11.8,1001.8,1006.7,1,1.4,14,568.2,0
2024-04-25 15:32:21,5,49,21.1,72,11.8,1001.7,1006.6,1.4,2,14,568.2,0
2024-04-25 15:37:21,5,49,21.1,71,11.7,1001.7,1006.6,1,1.4,14,568.2,0
2024-04-25 15:42:21,5,49,21.4,71,11.7,1001.8,1006.7,1.4,1.7,14,568.2,0
2024-04-25 15:47:21,5,49,21.4,72,11.7,1001.6,1006.5,2.4,2.7,14,568.2,0
2024-04-25 15:52:21,5,49,21.4,72,11.7,1001.5,1006.4,1,1.4,14,568.2,0
2024-04-25 15:57:21,5,49,21.4,72,11.7,1001.5,1006.4,1.4,1.7,14,568.2,0
2024-04-25 16:02:21,5,49,21.4,73,11.9,1001.5,1006.4,1.4,2,14,568.2,0
2024-04-25 16:07:21,5,49,21.4,73,11.7,1001.5,1006.4,1,1.4,14,568.2,0
2024-04-25 16:12:21,5,49,21.4,73,11.5,1001.6,1006.5,0.7,1.4,0,568.2,0
2024-04-25 16:17:21,5,48,21.4,73,10.8,1001.4,1006.3,1.7,2,14,568.2,0
2024-04-25 16:22:21,5,49,21.4,74,10,1001.5,1006.4,2,2.4,14,568.8,0
2024-04-25 16:27:21,5,49,21.4,76,9.6,1001.6,1006.5,1.7,2.4,14,569.1,0
2024-04-25 16:32:25,5,49,21.4,78,9.4,1001.7,1006.6,1.7,2.4,15,569.4,0
2024-04-25 16:37:21,5,49,21.4,80,9.3,1001.5,1006.4,1,1.4,0,569.7,0
2024-04-25 16:42:21,5,49,21.4,81,9.2,1001.5,1006.4,0.3,1,0,569.7,0
2024-04-25 16:47:21,5,49,21.4,81,9.2,1001.6,1006.5,0.7,1,0,570,0
2024-04-25 16:52:21,5,49,21.4,82,9.2,1001.6,1006.5,0.3,0.7,0,570,0
2024-04-25 16:57:21,5,49,21.4,83,9.3,1001.5,1006.4,0.3,0.7,0,570.3,0
2024-04-25 17:02:21,5,49,21.4,83,9.4,1001.6,1006.5,0.7,1,0,570.3,0
2024-04-25 17:07:21,5,49,21.4,83,9.4,1001.6,1006.5,0.7,1,0,570.3,0
2024-04-25 17:12:21,5,49,21.4,84,9.5,1001.6,1006.5,0.7,1,0,570.3,0
2024-04-25 17:17:21,5,49,21.4,84,9.4,1001.4,1006.3,0.7,1,0,570.6,0
2024-04-25 17:22:21,5,49,21.4,84,9.5,1001.4,1006.3,0.7,1,0,570.6,0
2024-04-25 17:27:21,5,49,21.4,84,9.5,1001.4,1006.3,0.3,0.7,0,570.6,0
2024-04-25 17:32:21,5,49,21.4,84,9.6,1001.5,1006.4,0.3,0.7,0,570.6,0
2024-04-25 17:37:21,5,49,21.4,83,9.5,1001.5,1006.4,0.3,0.7,0,570.6,0
2024-04-25 17:42:21,5,48,21.4,83,9.6,1001.5,1006.4,1,1.7,0,570.6,0
2024-04-25 17:47:21,5,48,21.4,83,9.6,1001.5,1006.4,0.7,1,0,570.6,0
2024-04-25 17:52:21,5,48,21.1,82,9.7,1001.5,1006.4,0.3,1,0,570.6,0
2024-04-25 17:57:21,5,47,21.1,82,9.7,1001.5,1006.4,1.4,2,0,570.6,0
2024-04-25 18:02:21,5,47,21.1,82,9.6,1001.4,1006.3,2.4,2.7,0,570.6,0
2024-04-25 18:07:21,5,47,21.1,82,9.6,1001.4,1006.3,2,2.7,0,570.6,0
2024-04-25 18:12:21,5,47,21,82,9.4,1001.4,1006.3,2.4,3.1,0,570.6,0
2024-04-25 18:17:21,5,47,21,82,9.2,1001.3,1006.2,2.4,3.1,0,570.6,0
2024-04-25 18:22:21,5,48,20.9,81,9.1,1001.4,1006.3,2,2.7,15,570.6,0
2024-04-25 18:27:21,5,48,20.9,81,9,1001.4,1006.3,1.7,2.4,0,570.6,0
2024-04-25 18:32:21,5,48,20.8,82,8.9,1001.4,1006.3,2.7,3.4,0,570.6,0
2024-04-25 18:37:21,5,48,20.7,82,8.8,1001.5,1006.4,2.4,2.7,0,570.9,0
2024-04-25 18:42:21,5,49,20.7,82,8.7,1001.4,1006.3,1.7,2,14,570.9,0
2024-04-25 18:47:21,5,49,20.6,82,8.7,1001.4,1006.3,1,1.4,14,570.9,0
2024-04-25 18:52:21,5,49,20.6,83,8.7,1001.3,1006.2,1,1.7,14,570.9,0
2024-04-25 18:57:21,5,49,20.6,83,8.7,1001.4,1006.3,1.4,1.7,14,570.9,0
2024-04-25 19:02:21,5,50,20.4,84,8.6,1001.5,1006.4,1,1.4,14,571.2,0
2024-04-25 19:07:21,5,50,20.5,84,8.6,1001.4,1006.3,1,1.4,14,571.2,0
2024-04-25 19:12:21,5,50,20.5,84,8.6,1001.4,1006.3,0,0.3,14,571.2,0
2024-04-25 19:17:21,5,50,20.4,85,8.6,1001.4,1006.3,0,0,14,571.2,0
2024-04-25 19:22:21,5,50,20.4,85,8.7,1001.4,1006.3,0.3,0.3,14,571.2,0
2024-04-25 19:27:21,5,50,20.4,85,8.7,1001.5,1006.4,0,0.3,14,571.2,0
2024-04-25 19:32:21,5,50,20.3,85,8.7,1001.5,1006.4,0,0,14,571.2,0
2024-04-25 19:37:21,5,50,20.3,85,8.6,1001.4,1006.3,0,0,14,571.2,0
2024-04-25 19:42:21,5,50,20.3,85,8.6,1001.4,1006.3,0,0,14,571.5,0
2024-04-25 19:47:21,5,50,20.2,85,8.6,1001.3,1006.2,0,0,14,571.5,0
2024-04-25 19:52:21,5,50,20.2,85,8.6,1001.5,1006.4,0.7,1,,571.5,0
2024-04-25 19:57:21,5,50,20.2,85,8.6,1001.5,1006.4,0.7,1,,571.5,0
2024-04-25 20:02:21,5,50,20.2,85,8.6,1001.4,1006.3,0.7,1,,571.5,0
2024-04-25 20:07:21,5,51,20.1,86,8.6,1001.3,1006.2,0,0.3,,571.5,0
2024-04-25 20:12:21,5,51,20.1,86,8.6,1001.5,1006.4,0.3,0.7,15,571.5,0
2024-04-25 20:17:21,5,51,20.1,86,8.6,1001.6,1006.5,0,0,15,571.5,0
2024-04-25 20:22:21,5,51,20.1,86,8.5,1001.5,1006.4,0,0,15,571.5,0
2024-04-25 20:27:21,5,51,20.1,86,8.5,1001.6,1006.5,0,0,15,571.5,0
2024-04-25 20:32:21,5,51,20.1,86,8.5,1001.6,1006.5,0,0,15,571.5,0
2024-04-25 20:37:21,5,51,20.1,86,8.5,1001.5,1006.4,0.3,0.7,15,571.5,0
2024-04-25 20:42:21,5,51,20.1,86,8.5,1001.5,1006.4,0.3,0.7,15,571.5,0
2024-04-25 20:47:21,5,51,20,87,8.5,1001.5,1006.4,0.3,0.7,15,571.5,0
2024-04-25 20:52:21,5,51,20,87,8.4,1001.5,1006.4,0.7,1,,571.5,0
2024-04-25 20:57:21,5,51,20,87,8.4,1001.6,1006.5,0.3,0.7,15,571.5,0
2024-04-25 21:02:21,5,51,20,87,8.4,1001.5,1006.4,0,0.3,,571.5,0
2024-04-25 21:07:21,5,51,20,87,8.4,1001.6,1006.5,0,0.3,,571.5,0
2024-04-25 21:12:21,5,51,20,87,8.4,1001.5,1006.4,0.3,1,,571.5,0
2024-04-25 21:17:21,5,51,20,87,8.3,1001.5,1006.4,0.7,1,,571.5,0
2024-04-25 21:22:21,5,51,20,87,8.2,1001.6,1006.5,1.4,1.7,,571.5,0
2024-04-25 21:27:21,5,51,20,87,8.2,1001.7,1006.6,3.1,4.1,,571.5,0
2024-04-25 21:32:21,5,52,19.9,87,8.2,1001.7,1006.6,2,2.4,1,571.5,0
2024-04-25 21:37:21,5,52,19.9,87,8,1001.8,1006.7,1.4,1.7,1,571.5,0
2024-04-25 21:42:21,5,52,19.9,87,8,1001.7,1006.6,1,1.7,1,571.5,0
2024-04-25 21:47:21,5,52,19.9,87,7.9,1001.7,1006.6,1.4,1.7,1,571.5,0
2024-04-25 21:52:21,5,52,19.9,87,7.8,1001.8,1006.7,1,1.7,1,571.5,0
2024-04-25 21:57:21,5,52,19.9,87,7.8,1001.8,1006.7,1,1.4,1,571.5,0
2024-04-25 22:02:21,5,52,19.9,87,7.8,1001.7,1006.6,0.7,1.4,1,571.5,0
2024-04-25 22:07:21,5,52,19.8,87,7.7,1001.8,1006.7,0.7,1,1,571.5,0
2024-04-25 22:12:21,5,52,19.8,87,7.7,1001.7,1006.6,0.3,0.7,1,571.5,0
2024-04-25 22:17:21,5,52,19.7,87,7.7,1001.8,1006.7,0.7,1,1,571.5,0
2024-04-25 22:22:21,5,52,19.7,87,7.7,1001.9,1006.8,0.7,1,1,571.5,0
2024-04-25 22:27:21,5,52,19.7,87,7.6,1001.8,1006.7,0.3,0.7,1,571.5,0
2024-04-25 22:32:21,5,51,19.7,87,7.6,1001.8,1006.7,0.3,0.7,1,571.5,0
2024-04-25 22:37:21,5,51,19.7,86,7.5,1002,1006.9,0.3,1,1,571.5,0
2024-04-25 22:42:21,5,51,19.7,86,7.5,1001.9,1006.8,1,1.4,1,571.5,0
2024-04-25 22:47:21,5,51,19.7,86,7.5,1001.9,1006.8,1,1.7,1,571.5,0
2024-04-25 22:52:21,5,51,19.6,87,7.6,1002,1006.9,1,1.4,1,571.5,0
2024-04-25 22:57:21,5,51,19.6,87,7.7,1002.1,1007,1.7,2.7,1,571.5,0
2024-04-25 23:02:21,5,51,19.6,87,7.7,1002.1,1007,2,2.4,1,571.5,0
2024-04-25 23:07:21,5,51,19.4,87,7.6,1002.2,1007.1,2.4,3.1,1,571.5,0
2024-04-25 23:12:21,5,51,19.5,91,7.4,1002.2,1007.1,1.7,2.4,1,571.5,0
2024-04-25 23:17:21,5,51,19.6,91,7.3,1002,1006.9,2,2.7,1,571.5,0
2024-04-25 23:22:21,5,50,19.5,90,7.2,1002.1,1007,1.7,2,1,571.5,0
2024-04-25 23:27:21,5,50,19.5,90,7.1,1002.1,1007,1,1.4,1,571.5,0
2024-04-25 23:32:21,5,50,19.5,89,7.1,1001.9,1006.8,0.7,1,1,571.5,0
2024-04-25 23:37:21,5,50,19.4,89,7,1002.2,1007.1,0.7,1.4,1,571.5,0
2024-04-25 23:42:21,5,50,19.4,88,6.8,1002,1006.9,1,1.4,1,571.5,0
2024-04-25 23:47:21,5,49,19.4,88,6.6,1002.2,1007.1,0.7,1.4,1,571.5,0
2024-04-25 23:52:21,5,49,19.4,88,6.4,1002.1,1007,0.3,0.7,1,571.5,0
2024-04-25 23:57:21,5,49,19.3,87,6.2,1002.2,1007.1,0.3,0.7,1,571.5,0
