2024-04-30 00:03:19,5,53,19.1,84,8.1,1001.6,1006.5,1,1.7,,579,0
2024-04-30 00:09:19,6,53,19.1,85,8.3,1001.6,1006.5,1.7,2,,579,0
2024-04-30 00:14:19,5,53,19.2,85,8.3,1001.5,1006.4,1.4,2.4,,579,0
2024-04-30 00:19:19,5,53,19.1,85,8.3,1001.5,1006.4,1,1.7,,579,0
2024-04-30 00:25:19,6,53,19.1,85,8.2,1001.6,1006.5,1.7,2.4,,579,0
2024-04-30 00:30:19,5,53,19.1,85,8.2,1001.6,1006.5,2,3.4,,579,0
2024-04-30 00:35:19,5,53,19.1,85,8.2,1001.5,1006.4,2.7,3.4,,579,0
2024-04-30 00:41:19,6,53,19.1,84,8.1,1001.4,1006.3,1.7,2.4,,579,0
2024-04-30 00:46:19,5,53,19.1,84,8.1,1001.4,1006.3,1.7,2.7,,579,0
2024-04-30 00:51:19,5,53,19.1,84,8,1001.4,1006.3,1.7,2.4,,579,0
2024-04-30 00:57:19,6,53,19,84,8,1001.3,1006.2,1.4,1.7,7,579,0
2024-04-30 01:02:19,5,53,19.1,84,7.9,1001.2,1006.1,1,1.4,7,579,0
2024-04-30 01:07:19,5,53,19,83,7.8,1001.2,1006.1,0.7,1,2,579,0
2024-04-30 01:13:19,6,53,19,83,7.6,1001.2,1006.1,0.7,1,2,579,0
2024-04-30 01:18:19,5,53,19,83,7.5,1001.2,1006.1,0.3,0.7,2,579,0
2024-04-30 01:23:19,5,53,19,89,7.4,1001.2,1006.1,1.4,1.7,2,579,0
2024-04-30 01:29:19,6,53,19,89,7.3,1001.2,1006.1,1.4,1.7,2,579,0
2024-04-30 01:34:19,5,53,19,89,7.2,1001,1005.9,0.7,1.4,7,579,0
2024-04-30 01:39:19,5,53,19,90,7.2,1001,1005.9,0.7,1.4,,579,0
2024-04-30 01:45:19,6,53,19,90,7.2,1000.8,1005.7,1,1.4,,579,0
2024-04-30 01:50:19,5,53,19,90,7.1,1000.6,1005.5,0.7,1.4,,579,0
2024-04-30 01:55:19,5,53,19,90,7,1000.7,1005.6,0.7,1.4,,579,0
2024-04-30 02:01:19,6,53,19,90,7,1000.7,1005.6,1.4,2,,579,0
2024-04-30 02:06:19,5,54,18.9,90,6.9,1000.6,1005.5,1.7,2,,579,0
2024-04-30 02:11:19,5,54,18.9,91,6.9,1000.5,1005.4,1,1.7,,579,0
2024-04-30 02:17:19,6,54,18.8,91,6.8,1000.5,1005.4,1,1.4,7,579,0
2024-04-30 02:22:19,5,54,18.8,91,6.7,1000.6,1005.5,1,1.4,7,579,0
2024-04-30 02:27:19,5,54,18.8,91,6.4,1000.5,1005.4,1,1.4,7,579,0
2024-04-30 02:33:19,6,54,18.8,91,6.3,1000.4,1005.3,0.7,1,7,579,0
2024-04-30 02:38:19,5,54,18.8,91,6.4,1000.5,1005.4,1,1.7,7,579,0
2024-04-30 02:43:19,5,54,18.8,91,6.4,1000.2,1005.1,1,1.4,7,579,0
2024-04-30 02:49:19,6,54,18.7,91,6.5,1000.2,1005.1,0.7,1,,579,0
2024-04-30 02:54:19,5,54,18.7,91,6.5,1000.1,1005,1,1.4,,579,0
2024-04-30 02:59:19,5,54,18.7,92,6.5,1000.1,1005,1.4,1.4,,579,0
2024-04-30 03:05:19,6,54,18.7,92,6.6,1000.1,1005,1.4,2,,579,0
2024-04-30 03:10:19,5,54,18.7,92,6.7,1000,1004.9,1,1.4,,579,0
2024-04-30 03:15:19,5,54,18.7,92,6.7,999.7,1004.6,0.7,1,,579,0
2024-04-30 03:21:19,6,54,18.7,92,6.6,999.7,1004.6,1,1.4,,579,0
2024-04-30 03:26:19,5,54,18.7,92,6.6,999.7,1004.6,1,1.7,,579,0
2024-04-30 03:31:19,5,54,18.7,93,6.6,999.8,1004.7,1,1.4,,579,0
2024-04-30 03:37:19,6,54,18.7,93,6.6,999.6,1004.5,0.7,1,,579,0
2024-04-30 03:42:19,5,54,18.7,93,6.6,999.5,1004.4,0.7,1,,579,0
2024-04-30 03:47:19,5,54,18.7,93,6.6,999.6,1004.5,0.7,1,,579,0
2024-04-30 03:53:19,6,54,18.7,93,6.5,999.8,1004.7,1,1.7,,579,0
2024-04-30 03:58:19,5,54,18.7,94,6.5,999.7,1004.6,0.7,1,,579,0
2024-04-30 04:03:19,5,54,18.7,94,6.6,999.8,1004.7,0,0.3,,579,0
2024-04-30 04:09:19,6,54,18.7,94,6.7,999.8,1004.7,0,0.3,,579,0
2024-04-30 04:14:19,5,54,18.6,94,6.8,999.6,1004.5,0.3,0.7,,579,0
2024-04-30 04:19:19,5,54,18.6,94,7,999.7,1004.6,0.3,0.7,,579,0
2024-04-30 04:25:19,6,54,18.6,95,7,999.5,1004.4,0.7,1,,579,0
2024-04-30 04:30:19,5,54,18.6,95,7.1,999.6,1004.5,0.7,0.7,7,579,0
2024-04-30 04:35:19,5,54,18.6,95,7.1,999.5,1004.4,0.7,1,7,579,0
2024-04-30 04:41:19,6,54,18.6,95,7.1,999.6,1004.5,0.3,0.7,7,579,0
2024-04-30 04:46:19,5,54,18.6,95,7.1,999.6,1004.5,0,0,7,579,0
2024-04-30 04:51:19,5,54,18.6,95,7.1,999.4,1004.3,0.3,0.7,7,579,0
2024-04-30 04:57:19,6,54,18.6,95,7.2,999.4,1004.3,0.3,0.3,7,579,0
2024-04-30 05:02:19,5,54,18.6,95,7.2,999.4,1004.3,0.3,0.3,7,579,0
2024-04-30 05:07:19,5,54,18.6,95,7.2,999.4,1004.3,0.7,0.7,7,579,0
2024-04-30 05:12:19,5,54,18.6,95,7.2,999.4,1004.3,1,1.4,7,579,0
2024-04-30 05:17:19,5,54,18.6,95,7.2,999.5,1004.4,1.4,1.7,7,579,0
2024-04-30 05:22:19,5,54,18.6,96,7.3,999.5,1004.4,0.7,1.4,7,579,0
2024-04-30 05:27:19,5,54,18.6,96,7.4,999.5,1004.4,1,1.7,7,579,0
2024-04-30 05:32:19,5,54,18.5,96,7.4,999.5,1004.4,1,1.4,7,579,0
2024-04-30 05:37:19,5,54,18.5,96,7.4,999.4,1004.3,1,1.4,7,579,0
2024-04-30 05:42:19,5,54,18.5,96,7.4,999.3,1004.2,1,1.4,2,579,0
2024-04-30 05:47:19,5,54,18.5,96,7.4,999.5,1004.4,1,1.4,7,579,0
2024-04-30 05:53:19,6,54,18.5,92,7.5,999.4,1004.3,1.7,2.4,1,579,0
2024-04-30 05:58:19,5,54,18.5,92,7.6,999.2,1004.1,1.4,2,1,579,0
2024-04-30 06:03:19,5,54,18.5,92,7.6,999.4,1004.3,0.7,1,1,579,0
2024-04-30 06:09:19,6,54,18.5,92,7.6,999.4,1004.3,1,1.4,1,579,0
2024-04-30 06:14:19,5,54,18.5,92,7.7,999.4,1004.3,0.7,1,1,579,0
2024-04-30 06:19:19,5,54,18.5,92,7.8,999.4,1004.3,0,0.7,1,579,0
2024-04-30 06:24:19,5,54,18.5,93,8.1,999.3,1004.2,0.3,0.7,1,579,0
2024-04-30 06:29:19,5,54,18.5,93,8.2,999.2,1004.1,0.3,0.7,1,579,0
2024-04-30 06:34:19,5,54,18.5,93,8.2,999.4,1004.3,0,0,1,579,0
2024-04-30 06:39:19,5,54,18.5,93,8.2,999.4,1004.3,0,0.3,1,579,0
2024-04-30 06:45:19,6,54,18.5,93,8.3,999.5,1004.4,0,0.3,1,579,0
2024-04-30 06:50:19,5,54,18.5,93,8.3,999.4,1004.3,0,0.3,1,579,0
2024-04-30 06:55:19,5,54,18.5,93,8.3,999.3,1004.2,0,0.3,1,579,0
2024-04-30 07:00:19,5,54,18.5,93,8.3,999.2,1004.1,0,0.3,1,579,0
2024-04-30 07:05:19,5,54,18.5,93,8.3,999.2,1004.1,0,0,,579,0
2024-04-30 07:10:19,5,54,18.5,93,8.4,999.2,1004.1,0,0,,579,0
2024-04-30 07:15:19,5,54,18.5,93,8.5,999.2,1004.1,0,0,,579,0
2024-04-30 07:20:19,5,54,18.5,93,8.6,999.2,1004.1,0,0.3,14,579,0
2024-04-30 07:25:19,5,54,18.6,93,9,999.4,1004.3,0,0,1,579,0
2024-04-30 07:30:19,5,54,18.6,93,9,999.3,1004.2,0,0,1,579,0
2024-04-30 07:35:19,5,54,18.6,92,9,999.4,1004.3,0,0,1,579,0
2024-04-30 07:40:19,5,54,18.6,92,9,999.3,1004.2,0,0,,579,0
2024-04-30 07:45:19,5,54,18.6,91,9,999.4,1004.3,0,0,14,579,0
2024-04-30 07:50:19,5,54,18.6,90,9.1,999.2,1004.1,0,1,14,579,0
2024-04-30 07:55:19,5,54,18.6,90,9.3,999,1003.9,0.3,1,14,579,0
2024-04-30 08:00:19,5,55,18.7,87,9.6,999.3,1004.2,1,1.7,,579,0
2024-04-30 08:05:19,5,54,18.7,86,10,999.4,1004.3,1,2,,579,0
2024-04-30 08:10:19,5,54,18.7,83,10.1,999.4,1004.3,2.4,3.1,,579,0
2024-04-30 08:15:19,5,54,18.7,80,9.8,999.5,1004.4,2.4,2.7,,579,0
2024-04-30 08:20:19,5,54,18.7,78,9.9,999.4,1004.3,1.4,2,,579,0
2024-04-30 08:25:19,5,54,18.7,77,10.2,999.4,1004.3,2.4,3.1,,579,0
2024-04-30 08:30:19,5,54,18.8,76,10,999.6,1004.5,2,2.4,7,579,0
2024-04-30 08:35:19,5,55,18.8,76,10.1,999.5,1004.4,1.7,2.4,,579,0
2024-04-30 08:40:19,5,55,18.9,75,10,999.4,1004.3,1.4,1.7,,579,0
2024-04-30 08:45:19,5,54,19,75,9.8,999.5,1004.4,1.7,2.7,,579,0
2024-04-30 08:50:19,5,54,19.1,75,9.8,999.4,1004.3,1.7,2,,579,0
2024-04-30 08:55:19,5,54,19.1,75,9.9,999.5,1004.4,1.7,2.4,,579,0
2024-04-30 09:00:19,5,55,19.2,75,9.8,999.4,1004.3,2,2.4,,579,0
2024-04-30 09:05:19,5,55,19.2,75,9.8,999.1,1004,1.4,1.7,,579,0
2024-04-30 09:10:19,5,55,19.3,76,10,999.3,1004.2,1.7,2.4,,579,0
2024-04-30 09:15:19,5,55,19.3,76,10.3,999.2,1004.1,1.7,2.4,,579,0
2024-04-30 09:20:19,5,55,19.4,74,10.5,999.2,1004.1,2,3.1,,579,0
2024-04-30 09:25:19,5,55,19.5,74,10.8,999.2,1004.1,1.4,2,,579,0
2024-04-30 09:30:19,5,55,19.6,73,10.7,999,1003.9,2,2.4,,579,0
2024-04-30 09:35:19,5,55,19.6,73,10.4,998.9,1003.8,2,2.7,,579,0
2024-04-30 09:40:19,5,55,19.7,73,10.4,999,1003.9,1.7,2.4,,579,0
2024-04-30 09:45:19,5,55,19.7,73,10.3,999,1003.9,2,2.7,,579,0
2024-04-30 09:50:19,5,55,19.8,72,10.4,999,1003.9,1.7,2.7,,579,0
2024-04-30 09:55:19,5,55,19.8,72,10.4,998.9,1003.8,2.4,3.1,,579,0
2024-04-30 10:00:19,5,55,19.9,72,10.4,998.9,1003.8,2,2.7,,579,0
2024-04-30 10:05:19,5,54,20,72,10.6,998.8,1003.7,1.4,1.7,,579,0
2024-04-30 10:10:19,5,54,20,72,10.7,998.9,1003.8,1.7,2.4,,579,0
2024-04-30 10:15:19,5,54,20.1,72,10.7,998.6,1003.5,1.7,2.4,,579,0
2024-04-30 10:20:19,5,54,20.1,71,10.7,998.6,1003.5,2.4,3.1,2,579,0
2024-04-30 10:25:19,5,54,20.1,72,10.7,998.6,1003.5,2.4,3.4,2,579,0
2024-04-30 10:30:19,5,54,20.1,72,10.5,998.5,1003.4,2,2.7,2,579,0
2024-04-30 10:35:19,5,53,20.1,72,10.5,998.6,1003.5,2,3.1,2,579,0
2024-04-30 10:40:19,5,53,20.1,72,10.6,998.3,1003.2,2.4,3.7,2,579,0
2024-04-30 10:45:19,5,53,20.2,72,10.6,998.4,1003.3,2,3.1,7,579,0
2024-04-30 10:50:19,5,53,20.2,72,10.6,998.5,1003.4,2,2.7,0,579,0
2024-04-30 10:55:19,5,53,20.2,72,10.5,998.5,1003.4,1.4,2,7,579,0
2024-04-30 11:00:19,5,53,20.2,72,10.5,998.3,1003.2,2,2.4,2,579,0
2024-04-30 11:05:19,5,53,20.2,72,10.6,998.2,1003.1,1.7,2.7,2,579,0
2024-04-30 11:10:19,5,53,20.2,72,10.6,998.2,1003.1,2.4,3.4,2,579,0
2024-04-30 11:15:19,5,53,20.2,73,10.7,998.2,1003.1,2.4,3.1,7,579,0
2024-04-30 11:20:19,5,53,20.2,74,11.1,998.1,1003,1.7,2.4,7,579,0
2024-04-30 11:25:19,5,53,20.2,74,10.9,998,1002.9,2.4,3.4,2,579,0
2024-04-30 11:30:19,5,53,20.2,74,11,998.1,1003,3.1,4.4,2,579,0
2024-04-30 11:35:19,5,53,20.2,74,10.8,998.1,1003,2,3.4,2,579,0
2024-04-30 11:40:19,5,53,20.2,74,10.7,997.8,1002.7,3.1,3.7,2,579,0
2024-04-30 11:45:19,5,53,20.2,75,10.7,997.8,1002.7,2.4,3.1,2,579,0
2024-04-30 11:50:19,5,53,20.2,75,10.7,997.7,1002.6,2.4,3.1,7,579,0
2024-04-30 11:55:19,5,52,20.1,76,10.6,997.6,1002.5,2.7,4.4,2,579,0
2024-04-30 12:00:19,5,52,20.2,77,10.4,997.6,1002.5,1.7,2,7,579.3,0
2024-04-30 12:05:19,5,52,20.1,79,10.1,997.7,1002.6,2,2.7,7,579.3,0
2024-04-30 12:10:19,5,52,20.1,80,10.1,997.6,1002.5,2.4,3.7,7,579.3,0
2024-04-30 12:15:19,5,52,20.1,81,10,997.6,1002.5,2.7,3.4,7,579.3,0
2024-04-30 12:20:19,5,52,20.1,82,9.9,997.5,1002.4,2.4,3.7,7,579.3,0
2024-04-30 12:25:19,5,52,20.1,83,10,997.6,1002.5,2,3.1,7,579.6,0
2024-04-30 12:30:19,5,52,20.1,84,10,997.5,1002.4,2.4,2.7,7,579.6,0
2024-04-30 12:35:19,5,53,20,84,9.9,997.5,1002.4,2.4,3.4,7,579.6,0
2024-04-30 12:40:19,5,53,20,84,9.9,997.4,1002.3,1.7,2.4,7,579.6,0
2024-04-30 12:45:19,5,53,20,84,9.9,997.5,1002.4,1.7,2.4,7,579.9,0
2024-04-30 12:50:19,5,54,19.9,84,10,997.5,1002.4,1.7,2.4,7,580.2,0
2024-04-30 12:55:19,5,53,20,85,10.2,997.4,1002.3,2.4,3.1,7,580.5,0
2024-04-30 13:00:19,5,53,20,86,10.3,997.2,1002.1,1.7,2.7,7,580.8,0
2024-04-30 13:05:19,5,53,20,86,10.3,997.3,1002.2,1.7,2.4,7,580.8,0
2024-04-30 13:10:19,5,53,20,86,10.1,997.3,1002.2,2,3.1,7,581.1,0
2024-04-30 13:15:19,5,53,20,85,9.9,997.5,1002.4,4.8,5.8,7,582,0
2024-04-30 13:20:19,5,53,19.9,82,8.5,997.7,1002.6,0.7,1,,582.9,0
2024-04-30 13:25:19,5,53,19.9,82,8.5,997.7,1002.6,0.3,1,,583.2,0
2024-04-30 13:30:19,5,55,19.8,82,8.7,997.8,1002.7,0,0,,583.2,0
2024-04-30 13:35:19,5,55,19.8,83,9,997.7,1002.6,0,0,,583.2,0
2024-04-30 13:40:19,5,56,19.8,83,9.2,997.8,1002.7,0.7,1,,583.2,0
2024-04-30 13:45:19,5,56,19.8,83,9.5,997.8,1002.7,1.4,2,7,583.2,0
2024-04-30 13:50:19,5,56,19.9,83,9.7,997.9,1002.8,0.7,1,7,583.2,0
2024-04-30 13:55:19,5,57,19.9,83,10.6,998,1002.9,0.7,1,,583.2,0
2024-04-30 14:00:19,5,56,20,81,10.9,997.9,1002.8,0,0.3,7,583.2,0
2024-04-30 14:05:19,5,56,20,80,11.5,997.8,1002.7,0.7,1,,583.2,0
2024-04-30 14:10:19,5,55,20,78,11.6,997.8,1002.7,0.7,1,7,583.2,0
2024-04-30 14:15:19,5,55,20.1,77,11.8,997.8,1002.7,0.3,0.7,7,583.2,0
2024-04-30 14:20:19,5,56,20.1,75,11.7,997.8,1002.7,0.7,1,,583.2,0
2024-04-30 14:25:19,5,55,20.1,74,11.5,997.7,1002.6,0.3,0.7,2,583.2,0
2024-04-30 14:30:19,5,55,20.2,74,11.6,997.6,1002.5,0.3,0.7,2,583.2,0
2024-04-30 14:35:19,5,55,20.2,74,11.8,997.6,1002.5,0.7,1,2,583.2,0
2024-04-30 14:40:19,5,56,20.2,74,12.2,997.5,1002.4,0.7,1.4,2,583.2,0
2024-04-30 14:45:19,5,56,20.3,73,12.3,997.6,1002.5,1,1.4,0,583.2,0
2024-04-30 14:50:19,5,56,20.3,73,12.2,997.5,1002.4,0.7,1.4,0,583.2,0
2024-04-30 14:55:19,5,56,20.3,73,12,997.8,1002.7,2,3.1,0,583.2,0
2024-04-30 15:00:19,5,56,20.3,71,10.4,998,1002.9,3.7,4.8,0,583.2,0
2024-04-30 15:05:19,5,55,20.3,70,9,998,1002.9,1.4,2,0,583.5,0
2024-04-30 15:10:19,5,55,20.3,72,8.8,998,1002.9,1.4,2,0,583.8,0
2024-04-30 15:15:19,5,55,20.3,74,8.8,998,1002.9,1.4,2,14,583.8,0
2024-04-30 15:20:19,5,55,20.4,75,8.9,998,1002.9,2,2.7,14,583.8,0
2024-04-30 15:25:19,5,55,20.4,76,8.8,998,1002.9,1,1.7,0,584.1,0
2024-04-30 15:30:19,5,55,20.4,77,8.9,998,1002.9,1,1.7,0,584.1,0
2024-04-30 15:35:19,5,55,20.4,79,9.4,997.9,1002.8,0.7,1,0,584.1,0
2024-04-30 15:40:19,5,55,20.4,81,11,997.9,1002.8,1,1.7,0,584.1,0
2024-04-30 15:45:19,5,56,20.4,81,11.6,998,1002.9,1,1.7,2,584.1,0
2024-04-30 15:50:19,5,56,20.4,80,12.2,998.2,1003.1,1.4,1.7,2,584.1,0
2024-04-30 15:55:19,5,57,20.5,75,12.3,998.1,1003,1.7,2.4,2,584.1,0
2024-04-30 16:00:19,5,57,20.6,72,11.9,998.1,1003,1.7,2.4,7,584.1,0
2024-04-30 16:05:19,5,58,20.7,71,11.7,997.9,1002.8,1.7,2.4,7,584.1,0
2024-04-30 16:10:19,5,59,20.7,72,11.9,998,1002.9,1.7,2,7,584.1,0
2024-04-30 16:15:19,5,59,20.7,71,12,998,1002.9,1.7,2,7,584.1,0
2024-04-30 16:20:19,5,59,20.8,70,11,997.9,1002.8,2,2.7,7,584.1,0
2024-04-30 16:25:19,5,59,20.8,71,10.2,997.9,1002.8,2.7,3.4,,584.1,0
2024-04-30 16:30:19,5,59,20.8,72,9.9,998.2,1003.1,0.7,1,1,584.1,0
2024-04-30 16:35:19,5,58,20.8,73,9.7,998.2,1003.1,3.1,4.1,,585.6,0
2024-04-30 16:40:19,5,58,20.8,75,9.3,998.2,1003.1,2,2.4,,586.2,0
2024-04-30 16:45:19,5,58,20.7,76,9.2,998,1002.9,1,1.4,7,586.2,0
2024-04-30 16:50:19,5,58,20.7,78,9.9,998,1002.9,1,1.4,2,586.2,0
2024-04-30 16:55:19,5,58,20.7,79,10.1,998.1,1003,0.7,1,2,586.2,0
2024-04-30 17:00:19,5,58,20.7,80,10.8,998.3,1003.2,0.7,1,2,586.2,0
2024-04-30 17:05:19,5,58,20.8,79,10.6,998.4,1003.3,0.7,1.4,0,586.2,0
2024-04-30 17:10:19,5,58,20.7,79,10.5,998.5,1003.4,1,1.7,0,586.2,0
2024-04-30 17:15:19,5,58,20.8,78,10.2,998.4,1003.3,1.4,2.4,7,586.2,0
2024-04-30 17:20:19,5,58,20.7,77,10,998.5,1003.4,1.4,1.7,7,586.2,0
2024-04-30 17:25:19,5,58,20.6,76,9.9,998.6,1003.5,1,1.4,7,586.2,0
2024-04-30 17:30:19,5,57,20.5,76,9.8,998.7,1003.6,0.7,1,7,586.2,0
2024-04-30 17:35:19,5,57,20.5,77,9.7,998.8,1003.7,1.7,2.4,,586.2,0
2024-04-30 17:40:19,5,57,20.4,77,9.4,998.6,1003.5,1,2,,586.2,0
2024-04-30 17:45:19,5,57,20.4,77,9.3,998.8,1003.7,1,2,,586.2,0
2024-04-30 17:50:19,5,57,20.4,77,9.4,997.9,1002.8,1.4,2,,586.2,0
2024-04-30 17:55:19,5,58,20.5,77,9.5,998.8,1003.7,1.4,1.7,,586.2,0
2024-04-30 18:00:19,5,57,20.5,77,9.6,998.9,1003.8,1,1.4,,586.2,0
2024-04-30 18:05:19,5,57,20.5,77,9.6,998.9,1003.8,1,1.4,,586.2,0
2024-04-30 18:10:19,5,57,20.4,77,9.6,999,1003.9,1,1.7,,586.2,0
2024-04-30 18:15:19,5,57,20.4,77,9.5,999,1003.9,1.7,2,,586.2,0
2024-04-30 18:20:19,5,57,20.3,76,9.5,999,1003.9,1.7,2,,586.2,0
2024-04-30 18:25:19,5,57,20.2,76,9.5,999.2,1004.1,1.4,1.7,,586.2,0
2024-04-30 18:30:19,5,56,20.2,76,9.5,999.1,1004,1,1.7,,586.2,0
2024-04-30 18:35:19,5,56,20.1,76,9.4,999.2,1004.1,0.7,1,,586.2,0
2024-04-30 18:40:19,5,56,20.1,76,9.4,999.3,1004.2,0.7,1.4,,586.2,0
2024-04-30 18:45:19,5,56,20,76,9.3,999.2,1004.1,1,2,,586.2,0
2024-04-30 18:50:19,5,56,20,76,9.1,999.5,1004.4,1.7,2.4,,586.2,0
2024-04-30 18:55:19,5,56,20,76,8.9,999.4,1004.3,1,1.7,,586.2,0
2024-04-30 19:00:19,5,57,19.9,76,8.8,999.5,1004.4,0.3,0.7,,586.2,0
2024-04-30 19:05:19,5,57,19.9,76,8.7,999.5,1004.4,0.3,0.7,,586.2,0
2024-04-30 19:10:19,5,57,19.9,77,8.6,999.6,1004.5,0.3,0.7,,586.2,0
2024-04-30 19:15:19,5,57,19.9,77,8.5,999.4,1004.3,0.3,0.7,,586.2,0
2024-04-30 19:20:19,5,56,19.8,77,8.4,999.5,1004.4,0,0.3,,586.2,0
2024-04-30 19:25:19,5,56,19.8,77,8.2,999.6,1004.5,0.3,0.7,,586.2,0
2024-04-30 19:30:19,5,56,19.7,77,8.1,999.7,1004.6,0.3,0.7,,586.2,0
2024-04-30 19:35:19,5,57,19.7,78,8,999.6,1004.5,0.3,0.7,,586.2,0
2024-04-30 19:40:19,5,57,19.7,78,8,999.8,1004.7,0.3,0.7,,586.2,0
2024-04-30 19:45:19,5,57,19.6,79,8,999.9,1004.8,1.4,2.4,,586.2,0
2024-04-30 19:50:19,5,57,19.6,80,8.3,999.8,1004.7,2,2.7,,586.2,0
2024-04-30 19:55:19,5,57,19.5,80,8.6,999.9,1004.8,1.7,2.7,,586.2,0
2024-04-30 20:00:19,5,57,19.5,79,8.7,1000,1004.9,2.7,3.4,1,586.2,0
2024-04-30 20:05:19,5,57,19.4,77,8.7,1000.2,1005.1,2,2.4,1,586.2,0
2024-04-30 20:10:19,5,57,19.4,75,8.5,1000.2,1005.1,1.7,2.4,1,586.2,0
2024-04-30 20:15:19,5,57,19.4,75,8.4,1000.3,1005.2,2.4,2.7,,586.2,0
2024-04-30 20:20:19,5,57,19.3,74,8.4,1000.5,1005.4,1.4,2.4,7,586.2,0
2024-04-30 20:25:19,5,58,19.3,74,8.4,1000.4,1005.3,4.4,5.8,7,586.2,0
2024-04-30 20:30:19,5,58,19.3,74,8.4,1000.6,1005.5,2.4,3.4,7,586.2,0
2024-04-30 20:35:19,5,58,19.2,74,8.3,1000.6,1005.5,2.7,4.1,7,586.2,0
2024-04-30 20:40:19,5,58,19.2,75,8.3,1000.8,1005.7,1.7,2.7,7,586.2,0
2024-04-30 20:45:19,5,58,19.2,75,8.3,1000.7,1005.6,1.7,2.4,,586.2,0
2024-04-30 20:50:19,5,58,19.2,75,8.4,1000.9,1005.8,1.4,2,,586.2,0
2024-04-30 20:55:19,5,58,19.1,75,8.4,1001.1,1006,1.4,2.4,1,586.2,0
2024-04-30 21:00:19,5,58,19.1,75,8.5,1001,1005.9,2,3.1,,586.2,0
2024-04-30 21:05:19,5,59,19.1,75,8.5,1001.1,1006,1.7,3.1,1,586.2,0
2024-04-30 21:10:19,5,59,19,75,8.4,1001,1005.9,1.4,2.4,1,586.2,0
2024-04-30 21:15:19,5,59,19,75,8.3,1001.1,1006,1.4,2.4,1,586.2,0
2024-04-30 21:20:19,5,59,19,75,8.2,1001.1,1006,2.4,4.1,14,586.2,0
2024-04-30 21:25:19,5,59,19,76,8.2,1001.2,1006.1,2,3.1,0,586.2,0
2024-04-30 21:30:19,5,59,19,76,8.3,1001.2,1006.1,2.4,4.1,14,586.2,0
2024-04-30 21:35:19,5,59,19,76,8.3,1001.3,1006.2,3.4,5.1,7,586.2,0
2024-04-30 21:40:19,5,59,19,75,8.3,1001.4,1006.3,2.4,3.4,7,586.2,0
2024-04-30 21:45:19,5,60,18.9,75,8.3,1001.5,1006.4,2,3.7,,586.2,0
2024-04-30 21:50:19,5,60,18.9,75,8.4,1001.5,1006.4,1.7,2.7,,586.2,0
2024-04-30 21:55:19,5,60,18.9,74,8.3,1001.5,1006.4,2.4,3.4,7,586.2,0
2024-04-30 22:00:19,5,60,18.9,74,8.3,1001.5,1006.4,2.7,4.8,1,586.2,0
2024-04-30 22:05:19,5,60,18.9,74,8.3,1001.6,1006.5,2,3.7,1,586.2,0
2024-04-30 22:10:19,5,60,18.9,74,8.2,1001.4,1006.3,2,3.4,,586.2,0
2024-04-30 22:15:19,5,60,18.9,73,8.2,1001.5,1006.4,3.4,4.4,1,586.2,0
2024-04-30 22:20:19,5,60,18.9,73,8.2,1001.4,1006.3,4.1,5.8,7,586.2,0
2024-04-30 22:25:19,5,60,18.9,73,8.2,1001.5,1006.4,3.4,4.8,7,586.2,0
2024-04-30 22:30:19,5,60,18.9,73,8.2,1001.6,1006.5,3.1,4.4,,586.2,0
2024-04-30 22:35:19,5,60,18.9,73,8.1,1001.7,1006.6,3.7,4.8,,586.2,0
2024-04-30 22:40:19,5,60,18.9,73,8.1,1001.6,1006.5,3.7,4.8,15,586.2,0
2024-04-30 22:45:19,5,60,18.9,73,8.1,1001.7,1006.6,3.1,5.1,1,586.2,0
2024-04-30 22:50:19,5,60,18.8,73,8,1001.9,1006.8,2.4,3.4,1,586.2,0
2024-04-30 22:55:19,5,60,18.8,73,7.9,1001.7,1006.6,2,2.7,,586.2,0
2024-04-30 23:00:19,5,60,18.8,74,7.9,1001.9,1006.8,1.7,2.4,,586.2,0
2024-04-30 23:05:19,5,60,18.8,74,8,1001.9,1006.8,2,3.4,1,586.2,0
2024-04-30 23:10:19,5,60,18.8,74,8,1002.1,1007,1.7,2.7,1,586.2,0
2024-04-30 23:15:19,5,60,18.8,73,7.9,1002,1006.9,1.7,2.7,1,586.2,0
2024-04-30 23:20:19,5,60,18.8,73,7.9,1002.1,1007,2,3.1,1,586.2,0
2024-04-30 23:25:19,5,60,18.7,73,7.9,1002.1,1007,2.7,3.1,1,586.2,0
2024-04-30 23:30:19,5,60,18.7,73,8,1002.1,1007,2.7,3.4,1,586.2,0
2024-04-30 23:35:19,5,60,18.7,73,8,1002.2,1007.1,1.7,2.4,1,586.2,0
2024-04-30 23:40:19,5,60,18.7,73,7.9,1002.3,1007.2,2.7,3.4,1,586.2,0
2024-04-30 23:45:19,5,60,18.7,73,7.9,1002.2,1007.1,2.7,3.7,1,586.2,0
2024-04-30 23:50:19,5,60,18.7,73,7.9,1002,1006.9,3.1,3.4,1,586.2,0
2024-04-30 23:55:19,5,60,18.7,73,7.8,1002.2,1007.1,3.1,4.1,1,586.2,0
