2014-06-10 00:03:37,5,66,20.4,84,11,1003.7,1008.6,1,1.4,6,387.9,0
2014-06-10 00:08:37,5,66,20.3,84,11,1003.9,1008.8,1,1.7,4,387.9,0
2014-06-10 00:13:37,5,66,20.3,84,11,1003.8,1008.7,1.7,2.4,2,387.9,0
2014-06-10 00:18:37,5,66,20.3,84,11,1003.7,1008.6,1,1.7,6,387.9,0
2014-06-10 00:23:37,5,66,20.3,84,11,1003.6,1008.5,1.4,1.7,4,387.9,0
2014-06-10 00:28:37,5,66,20.3,84,11,1003.6,1008.5,1.4,1.7,4,387.9,0
2014-06-10 00:33:37,5,66,20.3,85,10.9,1003.6,1008.5,1,1.4,4,387.9,0
2014-06-10 00:38:37,5,66,20.3,85,10.9,1003.4,1008.3,1,1.7,4,387.9,0
2014-06-10 00:43:37,5,66,20.3,85,10.9,1003.5,1008.4,1.4,2,4,387.9,0
2014-06-10 00:48:37,5,66,20.3,85,10.9,1003.7,1008.6,1,1.7,4,387.9,0
2014-06-10 00:53:37,5,66,20.3,85,10.8,1003.5,1008.4,1.4,1.7,4,387.9,0
2014-06-10 00:58:37,5,66,20.3,85,10.8,1003.5,1008.4,1.7,2.4,4,387.9,0
2014-06-10 01:03:37,5,66,20.3,85,10.8,1003.5,1008.4,1.4,2,4,387.9,0
2014-06-10 01:08:37,5,66,20.2,85,10.8,1003.5,1008.4,1.4,1.7,4,387.9,0
2014-06-10 01:13:37,5,66,20.2,85,10.8,1003.3,1008.2,2,2.7,4,388.2,0
2014-06-10 01:18:37,5,66,20.2,85,10.8,1003.5,1008.4,2,2.7,4,388.2,0
2014-06-10 01:23:37,5,66,20.2,85,10.8,1003.3,1008.2,1.7,2.7,3,388.2,0
2014-06-10 01:28:37,5,66,20.2,85,10.8,1003.4,1008.3,1.7,2.7,4,388.2,0
2014-06-10 01:33:37,5,66,20.2,85,10.8,1003.4,1008.3,1.7,2.4,4,388.2,0
2014-06-10 01:38:37,5,66,20.1,86,10.8,1003.4,1008.3,2,2.4,3,388.2,0
2014-06-10 01:43:37,5,66,20.1,86,10.8,1003.4,1008.3,2,3.7,4,388.2,0
2014-06-10 01:48:37,5,66,20.2,86,10.8,1003.2,1008.1,2.4,3.7,4,388.2,0
2014-06-10 01:53:37,5,66,20.1,85,10.8,1003.2,1008.1,2.4,3.1,4,388.2,0
2014-06-10 01:58:37,5,66,20.2,85,10.8,1003.2,1008.1,2,2.7,4,388.2,0
2014-06-10 02:03:37,5,66,20.1,85,10.8,1003.3,1008.2,2.4,3.4,4,388.2,0
2014-06-10 02:08:37,5,66,20.1,85,10.8,1003.1,1008,2,3.1,6,388.2,0
2014-06-10 02:13:37,5,66,20.1,85,10.8,1003,1007.9,1.7,2.7,4,388.2,0
2014-06-10 02:18:37,5,66,20.1,85,10.8,1003.1,1008,1.7,2,6,388.2,0
2014-06-10 02:23:37,5,66,20.1,85,10.8,1003.1,1008,1.7,2.4,4,388.2,0
2014-06-10 02:28:37,5,66,20.1,85,10.8,1003.1,1008,0.7,1.4,2,388.2,0
2014-06-10 02:33:37,5,66,20.1,85,10.8,1003,1007.9,1.7,2,4,388.2,0
2014-06-10 02:38:37,5,66,20.1,85,10.8,1003,1007.9,1.7,2.4,5,388.2,0
2014-06-10 02:43:37,5,66,20.1,85,10.8,1003,1007.9,1.4,2,2,388.2,0
2014-06-10 02:48:37,5,66,20.1,85,10.8,1003,1007.9,1.4,2.4,3,388.2,0
2014-06-10 02:53:37,5,66,20,85,10.8,1002.8,1007.7,1.7,2.7,4,388.2,0
2014-06-10 02:58:37,5,66,20,85,10.8,1002.8,1007.7,0.7,1.4,0,388.2,0
2014-06-10 03:03:37,5,66,20,86,10.7,1002.9,1007.8,0.7,1.7,4,388.2,0
2014-06-10 03:08:37,5,66,20,86,10.7,1002.8,1007.7,0.7,1.4,0,388.2,0
2014-06-10 03:13:37,5,66,20,86,10.7,1002.8,1007.7,1.4,2.4,0,388.2,0
2014-06-10 03:18:37,5,66,20,86,10.7,1002.8,1007.7,1,1.7,4,388.2,0
2014-06-10 03:23:37,5,66,20,86,10.7,1002.9,1007.8,0.7,1,4,388.2,0
2014-06-10 03:28:37,5,66,20,86,10.6,1002.9,1007.8,1,1.4,4,388.2,0
2014-06-10 03:33:37,5,66,20,86,10.6,1003,1007.9,1,2,4,388.2,0
2014-06-10 03:38:37,5,66,20,86,10.7,1002.8,1007.7,0.7,1,2,388.2,0
2014-06-10 03:43:37,5,67,19.9,86,10.7,1002.8,1007.7,1,1.4,0,388.2,0
2014-06-10 03:48:37,5,67,19.9,86,10.6,1002.8,1007.7,1,1.4,1,388.2,0
2014-06-10 03:53:37,5,66,20,86,10.6,1002.8,1007.7,1,1.7,2,388.2,0
2014-06-10 03:58:37,5,66,20,86,10.6,1002.8,1007.7,1,1.7,2,388.2,0
2014-06-10 04:03:37,5,66,20,86,10.6,1003.1,1008,1.7,2.4,4,388.2,0
2014-06-10 04:08:37,5,67,19.9,86,10.6,1002.9,1007.8,1.4,2,4,388.2,0
2014-06-10 04:13:37,5,66,20,86,10.5,1002.8,1007.7,0.7,1.7,2,388.2,0
2014-06-10 04:18:37,5,67,19.9,86,10.5,1002.9,1007.8,1.7,2.4,4,388.2,0
2014-06-10 04:23:37,5,67,19.9,86,10.5,1003,1007.9,1.7,2,2,388.2,0
2014-06-10 04:28:37,5,67,19.9,86,10.5,1002.9,1007.8,1.7,2.7,4,388.2,0
2014-06-10 04:33:37,5,67,19.9,86,10.6,1002.8,1007.7,1.4,2.7,4,388.2,0
2014-06-10 04:38:37,5,67,19.9,87,10.6,1002.8,1007.7,1.7,2.4,6,388.2,0
2014-06-10 04:43:37,5,67,19.9,87,10.6,1002.9,1007.8,2,2.7,4,388.2,0
2014-06-10 04:48:37,5,67,19.9,87,10.6,1002.9,1007.8,1.4,2.4,4,388.2,0
2014-06-10 04:53:37,5,67,19.9,87,10.7,1002.9,1007.8,2,2.7,3,388.2,0
2014-06-10 04:58:37,5,67,19.9,87,10.7,1003,1007.9,1.4,2.4,0,388.2,0
2014-06-10 05:03:37,5,67,19.9,87,10.8,1002.9,1007.8,2.4,2.7,4,388.2,0
2014-06-10 05:08:37,5,67,19.9,87,10.8,1003,1007.9,2,3.1,4,388.2,0
2014-06-10 05:13:37,5,67,19.9,87,10.9,1002.9,1007.8,1.7,2.7,4,388.2,0
2014-06-10 05:18:37,5,67,19.9,87,10.9,1003,1007.9,1.7,2.7,4,388.2,0
2014-06-10 05:23:37,5,67,19.9,86,11,1003.2,1008.1,1.7,2.7,6,388.2,0
2014-06-10 05:28:37,5,67,19.9,86,11,1003.3,1008.2,1.7,2.4,4,388.2,0
2014-06-10 05:33:37,5,67,19.9,86,11,1003.2,1008.1,1.7,2.4,4,388.2,0
2014-06-10 05:38:37,5,67,19.9,86,11.1,1003.2,1008.1,2,3.4,4,388.2,0
2014-06-10 05:43:37,5,67,19.9,86,11.1,1003.3,1008.2,1.4,2,6,388.2,0
2014-06-10 05:48:37,5,67,19.9,86,11.1,1003.4,1008.3,2,2.7,4,388.2,0
2014-06-10 05:53:37,5,67,19.9,86,11.1,1003.2,1008.1,2,3.1,6,388.2,0
2014-06-10 05:58:37,5,67,19.9,86,11.2,1003.4,1008.3,1.7,2.7,4,388.2,0
2014-06-10 06:03:37,5,67,19.9,86,11.2,1003.3,1008.2,2.4,3.4,4,388.2,0
2014-06-10 06:08:37,5,67,19.9,86,11.2,1003.2,1008.1,3.1,4.4,3,388.2,0
2014-06-10 06:13:37,5,67,19.9,86,11.3,1003.3,1008.2,2.4,3.4,4,388.2,0
2014-06-10 06:18:37,5,67,19.9,86,11.4,1003.3,1008.2,2.7,3.4,4,388.2,0
2014-06-10 06:23:37,5,67,19.9,86,11.4,1003.2,1008.1,3.4,4.8,4,388.2,0
2014-06-10 06:28:37,5,67,19.9,85,11.5,1003.3,1008.2,2.4,3.4,0,388.2,0
2014-06-10 06:33:37,5,67,19.9,85,11.7,1003.4,1008.3,2.7,3.4,4,388.2,0
2014-06-10 06:38:37,5,67,19.9,84,12.2,1003.3,1008.2,2,3.4,6,388.2,0
2014-06-10 06:43:37,5,67,19.9,84,12.5,1003.5,1008.4,1.4,2.7,4,388.2,0
2014-06-10 06:48:37,5,66,20,83,12.9,1003.5,1008.4,1.4,2.7,4,388.2,0
2014-06-10 06:53:37,5,66,20,82,13.2,1003.5,1008.4,2,3.4,4,388.2,0
2014-06-10 06:58:37,5,66,20,80,13.5,1003.6,1008.5,1.4,2.4,3,388.2,0
2014-06-10 07:03:37,5,66,20,78,13.7,1003.4,1008.3,2,3.1,4,388.2,0
2014-06-10 07:08:37,5,66,20,78,13.5,1003.5,1008.4,1,2,2,388.2,0
2014-06-10 07:13:37,5,66,20,78,13.2,1003.5,1008.4,1,1.4,2,388.2,0
2014-06-10 07:18:37,5,66,20,78,13,1003.5,1008.4,0,0.7,12,388.2,0
2014-06-10 07:23:37,5,66,20.1,78,13,1003.6,1008.5,1.4,1.7,4,388.2,0
2014-06-10 07:28:37,5,66,20.1,79,13,1003.5,1008.4,0,0.3,2,388.2,0
2014-06-10 07:33:37,5,66,20.1,79,13,1003.6,1008.5,1,1.7,15,388.2,0
2014-06-10 07:38:37,5,66,20.1,79,13.2,1003.4,1008.3,0.7,1.4,4,388.2,0
2014-06-10 07:43:37,5,66,20.1,79,13.5,1003.7,1008.6,0.3,1.4,2,388.2,0
2014-06-10 07:48:37,5,66,20.1,77,13.6,1003.6,1008.5,1.7,2.4,4,388.2,0
2014-06-10 07:53:37,5,66,20.1,77,13.5,1003.6,1008.5,1,2,6,388.2,0
2014-06-10 07:58:37,5,66,20.1,76,13.6,1003.8,1008.7,0.3,1,8,388.2,0
2014-06-10 08:03:37,5,66,20.1,77,13.6,1003.9,1008.8,1,1.7,4,388.2,0
2014-06-10 08:08:37,5,66,20.1,77,13.6,1003.8,1008.7,1,2,4,388.2,0
2014-06-10 08:13:37,5,66,20.1,77,13.7,1003.8,1008.7,1.7,2.4,2,388.2,0
2014-06-10 08:18:37,5,66,20.1,76,14.3,1003.8,1008.7,1.4,1.7,10,388.2,0
2014-06-10 08:23:37,5,66,20.1,75,14.6,1003.8,1008.7,0.7,2,4,388.2,0
2014-06-10 08:28:37,5,66,20.2,74,14.5,1003.9,1008.8,2,2.7,2,388.2,0
2014-06-10 08:33:37,5,66,20.2,74,14.1,1003.8,1008.7,1.4,1.7,6,388.2,0
2014-06-10 08:38:37,5,66,20.2,74,14.2,1003.6,1008.5,0.7,1.7,0,388.2,0
2014-06-10 08:43:37,5,66,20.3,74,14.9,1003.9,1008.8,1.4,2,8,388.2,0
2014-06-10 08:48:37,5,66,20.3,72,15.6,1003.7,1008.6,1.7,2.7,14,388.2,0
2014-06-10 08:53:37,5,66,20.3,69,15.6,1003.8,1008.7,1.7,3.7,2,388.2,0
2014-06-10 08:58:37,5,66,20.3,69,15.2,1003.8,1008.7,2,3.1,4,388.2,0
2014-06-10 09:03:37,5,66,20.4,70,15.1,1003.9,1008.8,0.3,0.7,15,388.2,0
2014-06-10 09:08:37,5,66,20.4,69,15.5,1003.9,1008.8,0.7,2,4,388.2,0
2014-06-10 09:13:37,5,66,20.4,68,15.9,1003.9,1008.8,1,2,10,388.2,0
2014-06-10 09:18:37,5,66,20.4,66,16.3,1003.7,1008.6,0.3,0.7,8,388.2,0
2014-06-10 09:23:37,5,66,20.4,63,16.4,1003.8,1008.7,2.7,3.7,4,388.2,0
2014-06-10 09:28:37,5,66,20.5,65,16.4,1003.9,1008.8,1.7,2.7,10,388.2,0
2014-06-10 09:33:37,5,66,20.5,64,16.5,1004,1008.9,1.4,2.4,14,388.2,0
2014-06-10 09:38:37,5,66,20.6,63,16.6,1004,1008.9,2,2.4,14,388.2,0
2014-06-10 09:43:37,5,65,20.6,63,16.2,1003.9,1008.8,1,2,12,388.2,0
2014-06-10 09:48:37,5,65,20.6,64,16.2,1004,1008.9,0.7,2.4,10,388.2,0
2014-06-10 09:53:37,5,65,20.7,64,16.3,1004,1008.9,0.7,1.4,14,388.2,0
2014-06-10 09:58:37,5,65,20.7,63,16.2,1004,1008.9,1.4,2,10,388.2,0
2014-06-10 10:03:37,5,65,20.6,64,15.9,1004,1008.9,0.7,1.4,2,388.2,0
2014-06-10 10:08:37,5,65,20.7,64,16.1,1004,1008.9,1.4,2,4,388.2,0
2014-06-10 10:13:37,5,65,20.7,63,16.3,1004,1008.9,0.7,1.4,10,388.2,0
2014-06-10 10:18:37,5,65,20.7,63,16.4,1004,1008.9,1.4,2,4,388.2,0
2014-06-10 10:23:37,5,66,20.7,63,16.1,1004,1008.9,1.7,2.7,3,388.2,0
2014-06-10 10:28:37,5,66,20.7,64,16.4,1003.8,1008.7,0.3,1.4,0,388.2,0
2014-06-10 10:33:37,5,66,20.8,61,17.2,1003.8,1008.7,0.3,0.7,2,388.2,0
2014-06-10 10:38:37,5,66,20.8,59,18.1,1003.7,1008.6,1,1.7,8,388.2,0
2014-06-10 10:43:37,5,66,20.8,58,18.6,1003.7,1008.6,1.4,1.7,10,388.2,0
2014-06-10 10:48:37,5,66,20.8,58,18.6,1003.6,1008.5,0.3,1,4,388.2,0
2014-06-10 10:53:37,5,66,20.8,55,19.4,1003.5,1008.4,1.4,2.4,10,388.2,0
2014-06-10 10:58:37,5,66,20.9,57,18.9,1003.6,1008.5,1.7,3.1,14,388.2,0
2014-06-10 11:03:37,5,66,20.9,58,18.4,1003.7,1008.6,1,2.4,0,388.2,0
2014-06-10 11:08:37,5,66,20.9,58,17.9,1003.7,1008.6,1.4,2,8,388.2,0
2014-06-10 11:13:37,5,66,20.9,61,17.3,1003.7,1008.6,0.7,1.7,6,388.2,0
2014-06-10 11:18:37,5,66,20.9,61,17.1,1003.7,1008.6,1.7,2.4,8,388.2,0
2014-06-10 11:23:37,5,66,20.9,61,16.9,1003.8,1008.7,0.7,1.4,2,388.2,0
2014-06-10 11:28:37,5,66,20.9,62,16.5,1004,1008.9,1.4,2.4,8,388.2,0
2014-06-10 11:33:37,5,66,20.9,64,16.2,1003.9,1008.8,1,1.7,2,388.2,0
2014-06-10 11:38:37,5,65,21,66,16.2,1003.6,1008.5,1,1.7,8,388.2,0
2014-06-10 11:43:37,5,65,21,64,16.8,1003.7,1008.6,0.3,1,6,388.2,0
2014-06-10 11:48:37,5,65,21,60,18.4,1003.5,1008.4,1,2.4,6,388.2,0
2014-06-10 11:53:37,5,65,21.1,57,18.7,1003.6,1008.5,2,3.1,8,388.2,0
2014-06-10 11:58:37,5,65,21.1,58,18.6,1003.6,1008.5,0.7,1.7,10,388.2,0
2014-06-10 12:03:37,5,65,21.1,59,18.4,1003.6,1008.5,1.7,3.1,11,388.2,0
2014-06-10 12:08:37,5,65,21.1,60,17.8,1003.8,1008.7,1.7,2,8,388.2,0
2014-06-10 12:13:37,5,65,21.1,61,17.5,1003.8,1008.7,1.7,2.4,10,388.2,0
2014-06-10 12:18:37,5,65,21.1,64,17,1003.8,1008.7,2,3.1,8,388.2,0
2014-06-10 12:23:37,5,65,21.1,64,17.1,1003.8,1008.7,1,1.4,8,388.2,0
2014-06-10 12:28:37,5,65,21.2,63,17.3,1003.8,1008.7,1.4,2,8,388.2,0
2014-06-10 12:33:37,5,65,21.2,64,17.6,1003.8,1008.7,1,1.7,10,388.2,0
2014-06-10 12:38:37,5,65,21.2,64,17.4,1003.8,1008.7,0.7,2,8,388.2,0
2014-06-10 12:43:37,5,65,21.2,63,17.1,1003.9,1008.8,1,1.4,10,388.2,0
2014-06-10 12:48:37,5,65,21.2,65,16.9,1003.8,1008.7,0.7,1.4,10,388.2,0
2014-06-10 12:53:37,5,65,21.2,65,17.1,1004,1008.9,0.7,1,8,388.2,0
2014-06-10 12:58:37,5,65,21.2,66,16.9,1004.1,1009,1,1.7,8,388.2,0
2014-06-10 13:03:37,5,65,21.2,63,16,1004.2,1009.1,0.7,1.4,10,388.2,0
2014-06-10 13:08:37,5,65,21.2,64,15.3,1004.2,1009.1,0.7,1.4,14,388.2,0
2014-06-10 13:13:37,5,65,21.2,66,14.8,1004.1,1009,0.7,1,14,388.2,0
2014-06-10 13:18:37,5,65,21.2,67,15.3,1004.1,1009,0,0.3,0,388.2,0
2014-06-10 13:23:37,5,65,21.2,67,16.6,1004,1008.9,0,0.3,0,388.2,0
2014-06-10 13:28:37,5,65,21.3,65,18.8,1004,1008.9,1.4,2,14,388.2,0
2014-06-10 13:33:37,5,65,21.3,55,19.2,1004,1008.9,0.7,1.7,0,388.2,0
2014-06-10 13:38:37,5,65,21.3,58,19.2,1004,1008.9,2,3.7,1,388.2,0
2014-06-10 13:43:37,5,65,21.4,59,17.7,1004.1,1009,1.7,2.4,0,388.2,0
2014-06-10 13:48:37,5,65,21.4,62,16.8,1004,1008.9,3.4,4.1,0,388.2,0
2014-06-10 13:53:37,5,65,21.4,63,16.1,1004.1,1009,2.4,3.4,0,388.2,0
2014-06-10 13:58:37,5,65,21.4,66,15.9,1004.1,1009,2,2.7,0,388.2,0
2014-06-10 14:03:37,5,65,21.3,66,15.8,1004,1008.9,1.7,2.4,2,388.2,0
2014-06-10 14:08:37,5,65,21.3,67,15.8,1004.2,1009.1,1.7,2.4,2,388.2,0
2014-06-10 14:13:37,5,65,21.3,66,15.7,1004.1,1009,1.7,2.7,0,388.2,0
2014-06-10 14:18:37,5,65,21.3,66,15.6,1004.2,1009.1,1,2,15,388.2,0
2014-06-10 14:23:37,5,65,21.3,67,15.7,1004.2,1009.1,1.4,1.7,0,388.2,0
2014-06-10 14:28:37,5,65,21.3,67,15.7,1004.3,1009.2,1,2,14,388.2,0
2014-06-10 14:33:37,5,65,21.3,69,15.5,1004.3,1009.2,1.4,2.7,0,388.2,0
2014-06-10 14:38:37,5,65,21.3,70,15.2,1004.4,1009.3,0.3,1,0,388.5,0
2014-06-10 14:43:37,5,65,21.2,71,15.1,1004.3,1009.2,1.4,2.4,14,388.5,0
2014-06-10 14:48:37,5,65,21.3,73,14.9,1004.4,1009.3,1,2,14,388.5,0
2014-06-10 14:53:37,5,65,21.2,73,14.9,1004.3,1009.2,0,0.3,0,388.5,0
2014-06-10 14:58:37,5,65,21.2,73,14.9,1004.3,1009.2,0,0.7,0,388.5,0
2014-06-10 15:03:37,5,65,21.2,72,15.2,1004.2,1009.1,0,0.3,0,388.5,0
2014-06-10 15:08:37,5,65,21.2,72,15.3,1004.4,1009.3,0,0.3,0,388.5,0
2014-06-10 15:13:37,5,65,21.2,72,15.2,1004.5,1009.4,0,0.3,0,388.8,0
2014-06-10 15:18:37,5,65,21.2,74,14.8,1004.5,1009.4,0.7,1.4,14,389.4,0
2014-06-10 15:23:37,5,65,21.2,77,13.8,1004.6,1009.5,1.4,2.7,0,390.3,0
2014-06-10 15:28:37,5,65,21.2,77,13.2,1004.4,1009.3,0.3,0.7,14,390.6,0
2014-06-10 15:33:37,5,65,21.1,77,13,1005,1009.9,0.7,1.4,14,390.9,0
2014-06-10 15:38:37,5,65,21.1,78,12.8,1005.1,1010,1,2,12,392.1,0
2014-06-10 15:43:37,5,65,21.1,78,12.2,1005.2,1010.1,0,0.7,12,393.9,0
2014-06-10 15:48:37,5,65,21.1,79,11.6,1005.2,1010.1,2,3.1,10,394.5,0
2014-06-10 15:53:37,5,65,21.1,79,11.1,1005.2,1010.1,0.3,1,14,395.7,0
2014-06-10 15:58:37,5,65,21.1,82,10.9,1005.1,1010,1,1.7,8,396.9,0
2014-06-10 16:03:37,5,65,21,82,10.6,1005.3,1010.2,0.7,1,10,397.2,0
2014-06-10 16:08:37,5,65,21,83,10.7,1005.3,1010.2,0.3,0.7,0,398.1,0
2014-06-10 16:13:37,5,66,20.9,83,10.8,1005.2,1010.1,0,0.3,10,398.7,0
2014-06-10 16:18:37,5,66,20.9,83,11.2,1005.1,1010,0.3,1.4,4,400.2,0
2014-06-10 16:23:37,5,66,20.9,83,11.6,1005.2,1010.1,0.3,1,4,400.5,0
2014-06-10 16:28:37,5,66,20.9,83,11.7,1005.3,1010.2,0,0,4,400.5,0
2014-06-10 16:33:37,5,65,21,83,12.1,1005.4,1010.3,0,0,0,400.5,0
2014-06-10 16:38:37,5,65,21,83,12.6,1005.4,1010.3,0,0,2,400.5,0
2014-06-10 16:43:37,5,66,20.9,83,13,1005.6,1010.5,0,0.3,2,400.5,0
2014-06-10 16:48:37,5,65,21,84,13.4,1005.6,1010.5,0.7,1,4,400.5,0
2014-06-10 16:53:37,5,65,21,84,13.4,1005.6,1010.5,0.3,1,0,400.5,0
2014-06-10 16:58:37,5,66,20.9,84,13.6,1005.7,1010.6,0,0.3,4,400.5,0
2014-06-10 17:03:37,5,65,21,84,13.7,1005.7,1010.6,0.3,1,4,400.5,0
2014-06-10 17:08:37,5,65,21,83,13.6,1005.6,1010.5,0,0.7,4,400.5,0
2014-06-10 17:13:37,5,66,20.9,84,13.9,1005.6,1010.5,0,0.3,10,400.5,0
2014-06-10 17:18:37,5,65,21,82,14,1005.8,1010.7,0.3,0.7,10,400.5,0
2014-06-10 17:23:37,5,65,21,83,13.9,1005.6,1010.5,0,0.3,10,400.5,0
2014-06-10 17:28:37,5,65,21,82,14,1005.6,1010.5,0,0,14,400.5,0
2014-06-10 17:33:37,5,64,21,82,14.1,1005.7,1010.6,0,0,10,400.5,0
2014-06-10 17:38:37,5,65,21,82,14.7,1005.8,1010.7,0,0,14,400.5,0
2014-06-10 17:43:37,5,65,21,82,14.8,1006,1010.9,0,0.3,8,400.5,0
2014-06-10 17:48:37,5,65,21.1,80,14.7,1006.1,1011,0,0.7,8,400.5,0
2014-06-10 17:53:37,5,65,21.1,80,14.7,1006.1,1011,0,0.7,8,400.5,0
2014-06-10 17:58:37,5,65,21.1,80,14.7,1006.2,1011.1,0,0.3,8,400.5,0
2014-06-10 18:03:37,5,65,21.1,80,14.7,1006.2,1011.1,0,0,10,400.5,0
2014-06-10 18:08:37,5,66,21.2,80,14.8,1006.2,1011.1,0,0.3,12,400.5,0
2014-06-10 18:13:37,5,65,21.2,80,15.7,1006.1,1011,0,0.3,0,400.5,0
2014-06-10 18:18:37,5,65,21.3,76,17,1006.2,1011.1,0,0.7,10,400.5,0
2014-06-10 18:23:37,5,65,21.4,74,17.9,1006.1,1011,0.3,0.7,9,400.5,0
2014-06-10 18:28:37,5,65,21.5,71,18.5,1006.2,1011.1,0.7,1.4,12,400.5,0
2014-06-10 18:33:37,5,65,21.5,68,18.2,1006.1,1011,0.3,0.7,10,400.5,0
2014-06-10 18:38:37,5,65,21.8,67,18.5,1006.2,1011.1,1.4,2,12,400.5,0
2014-06-10 18:43:37,5,65,21.8,65,17.7,1006.4,1011.3,1,1.4,10,400.5,0
2014-06-10 18:48:37,5,65,21.9,66,17.5,1006.5,1011.4,0.3,1,1,400.5,0
2014-06-10 18:53:37,5,64,22.1,66,17.7,1006.4,1011.3,0.7,1,10,400.5,0
2014-06-10 18:58:37,5,63,22.2,66,17.7,1006.4,1011.3,0.7,1,12,400.5,0
2014-06-10 19:03:37,5,63,22.3,64,17.5,1006.5,1011.4,0.7,1,6,400.5,0
2014-06-10 19:08:37,5,63,22.4,64,17.8,1006.6,1011.5,0.7,1,8,400.5,0
2014-06-10 19:13:37,5,63,22.4,65,18.3,1006.7,1011.6,0.3,0.7,10,400.5,0
2014-06-10 19:18:37,5,63,22.4,63,17.9,1006.7,1011.6,0.7,1.4,10,400.5,0
2014-06-10 19:23:37,5,63,22.3,63,17.8,1006.8,1011.7,0,0.7,0,400.5,0
2014-06-10 19:28:37,5,63,22.3,63,17.9,1007,1011.9,0.3,0.7,12,400.5,0
2014-06-10 19:33:37,5,63,22.3,63,17.9,1007,1011.9,0.3,0.7,10,400.5,0
2014-06-10 19:38:37,5,63,22.3,62,17.4,1007.2,1012.1,0.7,1.4,10,400.5,0
2014-06-10 19:43:37,5,63,22.2,62,17,1007.3,1012.2,0.3,0.7,10,400.5,0
2014-06-10 19:48:37,5,63,22.2,64,16.8,1007.2,1012.1,0.7,1,12,400.5,0
2014-06-10 19:53:37,5,63,22.1,64,16.6,1007.4,1012.3,0.7,1,10,400.5,0
2014-06-10 19:58:37,5,63,22,64,16,1007.4,1012.3,0.7,1.4,10,400.5,0
2014-06-10 20:03:37,5,63,21.9,65,15.7,1007.5,1012.4,0.3,0.7,12,400.5,0
2014-06-10 20:08:37,5,63,21.9,66,15.7,1007.6,1012.5,0.3,0.7,12,400.5,0
2014-06-10 20:13:37,5,63,21.9,66,15.7,1007.8,1012.7,0,0,12,400.5,0
2014-06-10 20:18:37,5,63,21.8,66,15.7,1007.8,1012.7,0,0.3,8,400.5,0
2014-06-10 20:23:37,5,64,21.8,66,15.2,1007.8,1012.7,0,0.7,8,400.5,0
2014-06-10 20:28:37,5,64,21.8,67,14.3,1007.9,1012.8,0.3,1,8,400.5,0
2014-06-10 20:33:37,5,65,21.8,70,13.6,1008.1,1013,0,0.3,8,400.5,0
2014-06-10 20:38:37,5,65,21.5,71,13.1,1008.1,1013,0.3,1,8,400.5,0
2014-06-10 20:43:37,5,65,21.5,73,12.7,1008.2,1013.1,0,0.3,10,400.5,0
2014-06-10 20:48:37,5,65,21.5,73,12.5,1008.3,1013.2,0.3,1,8,400.5,0
2014-06-10 20:53:37,5,65,21.5,74,12.3,1008.5,1013.4,0.3,0.7,8,400.5,0
2014-06-10 20:58:37,5,65,21.5,75,12,1008.4,1013.3,0.7,1,10,400.5,0
2014-06-10 21:03:37,5,66,21.5,77,11.8,1008.8,1013.7,0.7,1,7,400.5,0
2014-06-10 21:08:37,5,66,21.5,77,11.7,1008.7,1013.6,0.7,1,6,400.5,0
2014-06-10 21:13:37,5,66,21.4,78,11.5,1008.8,1013.7,0.3,0.7,6,400.5,0
2014-06-10 21:18:37,5,66,21.4,78,11.4,1008.8,1013.7,0.7,1,12,400.5,0
2014-06-10 21:23:37,5,66,21.3,78,11.3,1009.1,1014,0,0.7,0,400.5,0
2014-06-10 21:28:37,5,66,21.3,78,11.3,1009,1013.9,0.3,0.7,8,400.5,0
2014-06-10 21:33:37,5,67,21.2,79,11.3,1009.1,1014,0.3,0.7,10,400.5,0
2014-06-10 21:38:37,5,67,21.2,79,11.3,1009.2,1014.1,1,1.4,8,400.5,0
2014-06-10 21:43:37,5,67,21.2,80,11.2,1009.2,1014.1,0.7,1.4,10,400.5,0
2014-06-10 21:48:37,5,67,21.1,80,11.2,1009.3,1014.2,1,1.7,8,400.5,0
2014-06-10 21:53:37,5,67,21.1,80,11.2,1009.3,1014.2,0.7,1,8,400.5,0
2014-06-10 21:58:37,5,67,21.1,81,11.1,1009.4,1014.3,0.7,1,10,400.5,0
2014-06-10 22:03:37,5,66,21,81,11,1009.4,1014.3,0.7,1,10,400.5,0
2014-06-10 22:08:37,5,67,21,82,10.9,1009.5,1014.4,0.3,0.7,10,400.5,0
2014-06-10 22:13:37,5,67,21,82,10.8,1009.5,1014.4,0.3,0.7,8,400.5,0
2014-06-10 22:18:37,5,68,20.9,83,10.8,1009.4,1014.3,0.3,1,9,400.5,0
2014-06-10 22:23:37,5,68,20.9,83,10.7,1009.5,1014.4,0.3,1,6,400.5,0
2014-06-10 22:28:37,5,68,20.9,83,10.7,1009.7,1014.6,0.7,1,10,400.5,0
2014-06-10 22:33:37,5,68,20.9,83,10.7,1009.7,1014.6,0.3,1,10,400.5,0
2014-06-10 22:38:37,5,68,20.8,83,10.7,1009.7,1014.6,0.3,0.7,8,400.5,0
2014-06-10 22:43:37,5,68,20.8,83,10.6,1009.8,1014.7,0.3,0.7,10,400.5,0
2014-06-10 22:48:37,5,68,20.8,83,10.6,1009.8,1014.7,0.7,1,10,400.5,0
2014-06-10 22:53:37,5,69,20.8,83,10.6,1009.9,1014.8,0.7,1,8,400.5,0
2014-06-10 22:58:37,5,69,20.8,83,10.5,1010.1,1015,1,1.7,8,400.5,0
2014-06-10 23:03:37,5,69,20.8,84,10.5,1010.3,1015.2,0.7,1,10,400.5,0
2014-06-10 23:08:37,5,69,20.8,84,10.5,1010.2,1015.1,0.3,1,10,400.5,0
2014-06-10 23:13:37,5,69,20.7,84,10.4,1010.3,1015.2,0.3,0.7,8,400.5,0
2014-06-10 23:18:37,5,69,20.7,84,10.5,1010.5,1015.4,0.3,1,8,400.5,0
2014-06-10 23:23:37,5,69,20.6,84,10.5,1010.6,1015.5,0.3,0.7,11,400.5,0
2014-06-10 23:28:37,5,69,20.6,84,10.4,1010.6,1015.5,0.3,0.7,8,400.5,0
2014-06-10 23:33:37,5,69,20.6,84,10.4,1010.9,1015.8,0.7,1,9,400.5,0
2014-06-10 23:38:37,5,69,20.6,84,10.3,1010.7,1015.6,0.3,1,10,400.5,0
2014-06-10 23:43:37,5,69,20.6,84,10.3,1010.9,1015.8,0,0.3,12,400.5,0
2014-06-10 23:48:37,5,69,20.5,84,10.2,1010.9,1015.8,0.3,0.7,10,400.5,0
2014-06-10 23:53:37,5,69,20.5,84,10.3,1011,1015.9,0,0.3,10,400.5,0
2014-06-10 23:58:37,5,69,20.5,84,10.3,1011.1,1016,0.3,0.7,8,400.5,0
