2014-06-13 00:03:37,5,63,21.5,80,11.6,1020.1,1025,0,0,10,400.8,0
2014-06-13 00:08:37,5,63,21.5,80,11.8,1020.1,1025,0.3,0.7,10,400.8,0
2014-06-13 00:13:37,5,63,21.5,80,12,1020,1024.9,0,0.3,8,400.8,0
2014-06-13 00:18:37,5,63,21.5,80,12.2,1020,1024.9,0.3,0.7,10,400.8,0
2014-06-13 00:23:37,5,63,21.5,80,12.3,1019.9,1024.8,0,0.3,10,400.8,0
2014-06-13 00:28:37,5,63,21.5,80,12.4,1019.8,1024.7,0,0.3,4,400.8,0
2014-06-13 00:33:37,5,63,21.5,80,12.4,1020,1024.9,0,0.3,8,400.8,0
2014-06-13 00:38:37,5,63,21.5,80,12.4,1019.9,1024.8,0.7,1,2,400.8,0
2014-06-13 00:43:37,5,63,21.5,80,12.4,1020,1024.9,0.3,1,0,400.8,0
2014-06-13 00:48:37,5,63,21.5,80,12.5,1020,1024.9,0,0,12,400.8,0
2014-06-13 00:53:37,5,63,21.5,80,12.5,1019.8,1024.7,0,0,2,400.8,0
2014-06-13 00:58:37,5,63,21.5,80,12.7,1019.9,1024.8,0,0,2,400.8,0
2014-06-13 01:03:37,5,63,21.4,80,12.7,1020,1024.9,0,0,12,400.8,0
2014-06-13 01:08:37,5,63,21.4,80,12.7,1019.8,1024.7,0,0,12,400.8,0
2014-06-13 01:13:37,5,63,21.4,80,12.8,1019.9,1024.8,0.3,1,14,400.8,0
2014-06-13 01:18:37,5,63,21.4,81,12.8,1019.9,1024.8,0,0.3,14,400.8,0
2014-06-13 01:23:37,5,63,21.4,81,12.8,1019.8,1024.7,0,0.3,2,400.8,0
2014-06-13 01:28:37,5,63,21.4,81,12.7,1019.9,1024.8,0,0.3,2,400.8,0
2014-06-13 01:33:37,5,63,21.4,80,12.7,1019.9,1024.8,0,0,2,400.8,0
2014-06-13 01:38:37,5,63,21.4,80,12.6,1019.9,1024.8,0,0.3,2,400.8,0
2014-06-13 01:43:37,5,63,21.4,80,12.5,1019.9,1024.8,0,0,2,400.8,0
2014-06-13 01:48:37,5,63,21.4,81,12.6,1019.9,1024.8,0,0.3,4,400.8,0
2014-06-13 01:53:37,5,64,21.3,81,12.6,1019.8,1024.7,0,0.7,4,400.8,0
2014-06-13 01:58:37,5,64,21.4,81,12.6,1019.9,1024.8,0,0.3,4,400.8,0
2014-06-13 02:03:37,5,64,21.3,81,12.5,1019.8,1024.7,0.3,0.7,6,400.8,0
2014-06-13 02:08:37,5,64,21.3,81,12.5,1019.8,1024.7,0.7,1,4,400.8,0
2014-06-13 02:13:37,5,64,21.3,81,12.3,1019.9,1024.8,0,0,4,400.8,0
2014-06-13 02:18:37,5,64,21.3,81,12.3,1019.7,1024.6,0,0,4,400.8,0
2014-06-13 02:23:37,5,64,21.3,81,12.4,1019.7,1024.6,0,0,0,400.8,0
2014-06-13 02:28:37,5,64,21.3,81,12.5,1019.9,1024.8,0,0,0,400.8,0
2014-06-13 02:33:37,5,64,21.3,81,12.5,1019.7,1024.6,0,0,14,400.8,0
2014-06-13 02:38:37,5,64,21.3,81,12.5,1019.6,1024.5,0,0,0,400.8,0
2014-06-13 02:43:37,5,64,21.3,81,12.6,1019.6,1024.5,0,0,2,400.8,0
2014-06-13 02:48:37,5,64,21.3,81,12.7,1019.6,1024.5,0,0.3,4,400.8,0
2014-06-13 02:53:37,5,64,21.2,81,12.7,1019.6,1024.5,0.3,0.7,4,400.8,0
2014-06-13 02:58:37,5,64,21.2,81,12.7,1019.6,1024.5,0,0,4,400.8,0
2014-06-13 03:03:37,5,64,21.3,81,12.7,1019.6,1024.5,0,0,0,400.8,0
2014-06-13 03:08:37,5,64,21.2,81,12.7,1019.6,1024.5,0,0,6,400.8,0
2014-06-13 03:13:37,5,64,21.2,81,12.7,1019.7,1024.6,0,0,8,400.8,0
2014-06-13 03:18:37,5,64,21.2,81,12.7,1019.6,1024.5,0,0.3,4,400.8,0
2014-06-13 03:23:37,5,64,21.2,81,12.7,1019.6,1024.5,0.3,0.7,4,400.8,0
2014-06-13 03:28:37,5,64,21.2,81,12.7,1019.4,1024.3,0.3,1,4,400.8,0
2014-06-13 03:33:37,5,64,21.2,81,12.7,1019.5,1024.4,0,0.7,4,400.8,0
2014-06-13 03:38:37,5,64,21.2,81,12.6,1019.5,1024.4,0,0.3,4,400.8,0
2014-06-13 03:43:37,5,64,21.2,81,12.6,1019.4,1024.3,0,0,4,400.8,0
2014-06-13 03:48:37,5,64,21.2,81,12.7,1019.4,1024.3,0,0,4,400.8,0
2014-06-13 03:53:37,5,64,21.2,81,12.7,1019.3,1024.2,0,0.7,4,400.8,0
2014-06-13 03:58:37,5,64,21.2,81,12.7,1019.3,1024.2,0,0.3,4,400.8,0
2014-06-13 04:03:37,5,64,21.2,81,12.8,1019.4,1024.3,0,0,4,400.8,0
2014-06-13 04:08:37,5,64,21.2,81,12.8,1019.4,1024.3,0,0.3,4,400.8,0
2014-06-13 04:13:37,5,64,21.2,81,12.8,1019.3,1024.2,0,0.3,4,400.8,0
2014-06-13 04:18:37,5,64,21.2,81,12.8,1019.2,1024.1,0,0.3,4,400.8,0
2014-06-13 04:23:37,5,64,21.2,81,12.9,1019.3,1024.2,0,0,4,400.8,0
2014-06-13 04:28:37,5,64,21.2,81,12.9,1019.2,1024.1,0,0.3,4,400.8,0
2014-06-13 04:33:37,5,64,21.1,81,13,1019.3,1024.2,0,0,4,400.8,0
2014-06-13 04:38:37,5,64,21.1,81,13,1019.1,1024,0.3,0.7,4,400.8,0
2014-06-13 04:43:37,5,64,21.1,81,13.1,1019.2,1024.1,0,0.3,4,400.8,0
2014-06-13 04:48:37,5,64,21.2,81,13.1,1019.2,1024.1,0,0.3,8,400.8,0
2014-06-13 04:53:37,5,64,21.1,81,13.1,1019.3,1024.2,0,0.3,4,400.8,0
2014-06-13 04:58:37,5,64,21.1,81,13.2,1019.4,1024.3,0,0,8,400.8,0
2014-06-13 05:03:37,5,64,21.1,81,13.2,1019.5,1024.4,0,0,8,400.8,0
2014-06-13 05:08:37,5,64,21.1,81,13.3,1019.4,1024.3,0,0,14,400.8,0
2014-06-13 05:13:37,5,64,21.1,80,13.3,1019.3,1024.2,0,0.3,2,400.8,0
2014-06-13 05:18:37,5,64,21.1,80,13.3,1019.5,1024.4,0,0,14,400.8,0
2014-06-13 05:23:37,5,64,21.1,80,13.5,1019.5,1024.4,0,0,14,400.8,0
2014-06-13 05:28:37,5,64,21.1,80,13.6,1019.4,1024.3,0,0,2,400.8,0
2014-06-13 05:33:37,5,64,21.1,80,13.7,1019.3,1024.2,0,0,2,400.8,0
2014-06-13 05:38:37,5,64,21.1,80,13.8,1019.4,1024.3,0,0,2,400.8,0
2014-06-13 05:43:37,5,64,21.1,80,13.9,1019.3,1024.2,0,0,12,400.8,0
2014-06-13 05:48:37,5,64,21.1,80,13.7,1019.5,1024.4,0,0,12,400.8,0
2014-06-13 05:53:37,5,64,21.1,79,13.6,1019.5,1024.4,0.3,0.7,8,400.8,0
2014-06-13 05:58:37,5,64,21.1,79,13.5,1019.6,1024.5,0.3,0.7,10,400.8,0
2014-06-13 06:03:37,5,64,21.1,78,13.4,1019.4,1024.3,0,0.3,10,400.8,0
2014-06-13 06:08:37,5,64,21.1,78,13.4,1019.4,1024.3,0.3,0.7,8,400.8,0
2014-06-13 06:13:37,5,64,21.1,78,13.5,1019.5,1024.4,0,0.3,8,400.8,0
2014-06-13 06:18:37,5,64,21.1,78,13.7,1019.5,1024.4,0.3,0.7,8,400.8,0
2014-06-13 06:23:37,5,64,21.1,78,13.8,1019.6,1024.5,0.7,1,10,400.8,0
2014-06-13 06:28:37,5,64,21.1,78,13.9,1019.6,1024.5,0.7,1.4,8,400.8,0
2014-06-13 06:33:37,5,64,21.1,77,14,1019.6,1024.5,0.7,1.4,10,400.8,0
2014-06-13 06:38:37,5,64,21.1,76,14,1019.5,1024.4,0.7,1,10,400.8,0
2014-06-13 06:43:37,5,64,21.1,75,14,1019.6,1024.5,0.3,1,8,400.8,0
2014-06-13 06:48:37,5,64,21.1,74,14,1019.6,1024.5,0.7,1,10,400.8,0
2014-06-13 06:53:37,5,64,21.1,74,14,1019.6,1024.5,0.3,1.4,12,400.8,0
2014-06-13 06:58:37,5,64,21.1,74,13.9,1019.7,1024.6,1,1.4,10,400.8,0
2014-06-13 07:03:37,5,64,21.1,73,14,1019.6,1024.5,0.3,1,8,400.8,0
2014-06-13 07:08:37,5,64,21.1,73,14.1,1019.6,1024.5,0.7,1.7,10,400.8,0
2014-06-13 07:13:37,5,64,21.1,73,14.4,1019.6,1024.5,0.3,1,8,400.8,0
2014-06-13 07:18:37,5,64,21.1,72,14.7,1019.8,1024.7,0.3,0.7,6,400.8,0
2014-06-13 07:23:37,5,64,21.2,71,14.8,1019.9,1024.8,0.7,1,10,400.8,0
2014-06-13 07:28:37,5,64,21.2,70,14.6,1019.9,1024.8,0.3,1,10,400.8,0
2014-06-13 07:33:37,5,64,21.2,70,14.5,1019.7,1024.6,0.3,0.7,10,400.8,0
2014-06-13 07:38:37,5,64,21.2,70,14.5,1019.9,1024.8,0.3,1.4,6,400.8,0
2014-06-13 07:43:37,5,64,21.2,70,14.6,1019.8,1024.7,1,1.4,6,400.8,0
2014-06-13 07:48:37,5,64,21.2,70,14.7,1019.9,1024.8,1,1.4,10,400.8,0
2014-06-13 07:53:37,5,64,21.2,70,14.7,1020,1024.9,0.7,1,12,400.8,0
2014-06-13 07:58:37,5,64,21.2,70,14.5,1020.1,1025,1,2,10,401.1,0
2014-06-13 08:03:37,5,64,21.2,71,14,1020.1,1025,0,0.7,12,401.1,0
2014-06-13 08:08:37,5,64,21.3,74,13.8,1020,1024.9,0,0.7,10,401.1,0
2014-06-13 08:13:37,5,64,21.3,75,13.9,1020,1024.9,0,0.7,10,401.1,0
2014-06-13 08:18:37,5,64,21.3,74,14.1,1020.1,1025,0,0.7,10,401.1,0
2014-06-13 08:23:37,5,64,21.3,75,14,1020,1024.9,1,1.7,12,401.1,0
2014-06-13 08:28:37,5,64,21.4,76,13.8,1020.2,1025.1,0.3,1,8,401.1,0
2014-06-13 08:33:37,5,64,21.4,76,13.8,1020,1024.9,0.3,0.7,6,401.1,0
2014-06-13 08:38:37,5,63,21.4,75,14,1020.1,1025,0,0.3,5,401.1,0
2014-06-13 08:43:37,5,63,21.4,75,14.1,1020,1024.9,2,2.7,10,401.1,0
2014-06-13 08:48:37,5,63,21.4,75,14.1,1019.9,1024.8,1,1.7,10,401.1,0
2014-06-13 08:53:37,5,63,21.4,75,14.1,1020,1024.9,0.3,0.7,10,401.1,0
2014-06-13 08:58:37,5,63,21.4,75,14.3,1020,1024.9,1,1.7,8,401.1,0
2014-06-13 09:03:37,5,63,21.4,75,14.1,1020,1024.9,1,1.4,10,401.1,0
2014-06-13 09:08:37,5,63,21.4,75,14,1020,1024.9,0.7,1,6,401.1,0
2014-06-13 09:13:37,5,63,21.5,75,14,1020.1,1025,0.7,1.4,8,401.1,0
2014-06-13 09:18:37,5,63,21.5,76,13.9,1020.1,1025,1,1.7,10,401.1,0
2014-06-13 09:23:37,5,63,21.5,76,13.8,1020,1024.9,0.3,0.7,10,401.1,0
2014-06-13 09:28:37,5,63,21.5,76,14,1020.1,1025,0.3,0.7,14,401.1,0
2014-06-13 09:33:37,5,63,21.5,76,14.5,1020.2,1025.1,0.3,1,2,401.1,0
2014-06-13 09:38:37,5,63,21.5,75,15,1020.2,1025.1,0.3,1,10,401.1,0
2014-06-13 09:43:37,5,63,21.5,74,15,1020.2,1025.1,0.7,1,10,401.1,0
2014-06-13 09:48:37,5,63,21.5,75,15.3,1020.2,1025.1,1,2.4,8,401.1,0
2014-06-13 09:53:37,5,63,21.5,74,15.3,1020.2,1025.1,1,1.7,6,401.1,0
2014-06-13 09:58:37,5,63,21.5,75,15.2,1020.4,1025.3,1,1.7,10,401.1,0
2014-06-13 10:03:37,5,63,21.5,75,15.1,1020.2,1025.1,0.3,1,10,401.1,0
2014-06-13 10:08:37,5,63,21.5,75,15.2,1020.2,1025.1,0.7,1,8,401.1,0
2014-06-13 10:13:37,5,63,21.5,75,15.3,1020.2,1025.1,1.7,2.4,10,401.1,0
2014-06-13 10:18:37,5,63,21.5,75,15.3,1020.2,1025.1,0.7,1,14,401.1,0
2014-06-13 10:23:37,5,63,21.5,75,15.3,1020.3,1025.2,0.7,1.4,12,401.1,0
2014-06-13 10:28:37,5,63,21.5,75,15.3,1020.2,1025.1,0.3,0.7,10,401.1,0
2014-06-13 10:33:37,5,63,21.5,76,15.3,1020.3,1025.2,0.7,1,10,401.1,0
2014-06-13 10:38:37,5,63,21.5,76,15.4,1020.3,1025.2,1,2.4,8,401.1,0
2014-06-13 10:43:37,5,63,21.5,76,15.3,1020.2,1025.1,1,1.7,14,401.1,0
2014-06-13 10:48:37,5,63,21.5,76,15.3,1020.3,1025.2,0.3,0.7,12,401.1,0
2014-06-13 10:53:37,5,63,21.5,77,15.4,1020.2,1025.1,0.7,1.4,8,401.1,0
2014-06-13 10:58:37,5,63,21.5,77,15.6,1020.3,1025.2,1,2,12,401.1,0
2014-06-13 11:03:37,5,63,21.5,77,15.6,1020.4,1025.3,0.3,1,8,401.1,0
2014-06-13 11:08:37,5,63,21.5,77,15.6,1020.3,1025.2,0.7,1,3,401.1,0
2014-06-13 11:13:37,5,63,21.5,77,15.6,1020.3,1025.2,1,2,8,401.1,0
2014-06-13 11:18:37,5,63,21.5,77,15.5,1020.3,1025.2,0.7,1.4,10,401.1,0
2014-06-13 11:23:37,5,63,21.5,77,15.4,1020.3,1025.2,0.7,1.4,12,401.1,0
2014-06-13 11:28:37,5,63,21.5,77,15.4,1020.3,1025.2,0.3,1,8,401.1,0
2014-06-13 11:33:37,5,63,21.5,77,15.5,1020.4,1025.3,0.3,1,12,401.1,0
2014-06-13 11:38:37,5,63,21.5,77,15.4,1020.5,1025.4,0.3,1,10,401.1,0
2014-06-13 11:43:37,5,63,21.5,77,15.4,1020.5,1025.4,0.3,1,11,401.1,0
2014-06-13 11:48:37,5,63,21.5,77,15.5,1020.4,1025.3,0.7,1,10,401.1,0
2014-06-13 11:53:37,5,63,21.5,77,15.4,1020.4,1025.3,0.7,1,12,401.1,0
2014-06-13 11:58:37,5,64,21.5,77,15.4,1020.3,1025.2,1,1.4,10,401.1,0
2014-06-13 12:03:37,5,64,21.5,78,15.4,1020.4,1025.3,0.7,2,10,401.1,0
2014-06-13 12:08:37,5,64,21.5,78,15.4,1020.5,1025.4,0.3,1,12,401.1,0
2014-06-13 12:13:37,5,64,21.5,78,15.4,1020.5,1025.4,0.3,0.3,10,401.1,0
2014-06-13 12:18:37,5,64,21.5,78,15.4,1020.5,1025.4,0.7,1,12,401.1,0
2014-06-13 12:23:37,5,64,21.5,78,15.4,1020.4,1025.3,2,2.4,14,401.1,0
2014-06-13 12:28:37,5,64,21.5,78,15.1,1020.4,1025.3,0.3,0.7,10,401.1,0
2014-06-13 12:33:37,5,64,21.5,78,15.2,1020.4,1025.3,0.7,2,14,401.1,0
2014-06-13 12:38:37,5,64,21.5,78,15.2,1020.4,1025.3,1.4,1.7,12,401.1,0
2014-06-13 12:43:37,5,64,21.5,78,15.1,1020.3,1025.2,0.7,1.4,10,401.1,0
2014-06-13 12:48:37,5,64,21.5,78,15.1,1020.5,1025.4,1,1.7,13,401.1,0
2014-06-13 12:53:37,5,64,21.5,79,15,1020.3,1025.2,1,1.7,12,401.1,0
2014-06-13 12:58:37,5,64,21.5,79,15.2,1020.3,1025.2,2,2.7,10,401.1,0
2014-06-13 13:03:37,5,64,21.5,79,15.3,1020.3,1025.2,1,1.7,10,401.1,0
2014-06-13 13:08:37,5,64,21.5,79,15.5,1020.3,1025.2,1.4,2.4,10,401.1,0
2014-06-13 13:13:37,5,64,21.5,79,15.5,1020.5,1025.4,1,1.7,6,401.1,0
2014-06-13 13:18:37,5,64,21.5,78,15.4,1020.2,1025.1,1.4,2.7,10,401.1,0
2014-06-13 13:23:37,5,64,21.5,78,15.4,1020.3,1025.2,1,2.7,14,401.1,0
2014-06-13 13:28:37,5,64,21.5,78,15.3,1020.3,1025.2,1,1.7,10,401.1,0
2014-06-13 13:33:37,5,64,21.5,79,15.2,1020.3,1025.2,1.7,2.4,12,401.1,0
2014-06-13 13:38:37,5,64,21.5,79,15.3,1020.3,1025.2,1,2,14,401.1,0
2014-06-13 13:43:37,5,64,21.5,79,15.4,1020.2,1025.1,1,1.4,10,401.1,0
2014-06-13 13:48:37,5,64,21.5,80,15.6,1020.2,1025.1,1,2.7,12,401.1,0
2014-06-13 13:53:37,5,64,21.5,80,15.9,1020.2,1025.1,1,1.7,8,401.1,0
2014-06-13 13:58:37,5,64,21.5,79,15.9,1020.3,1025.2,1,2,14,401.1,0
2014-06-13 14:03:37,5,64,21.5,78,15.9,1020.1,1025,0.7,1.7,10,401.1,0
2014-06-13 14:08:37,5,64,21.5,78,15.9,1020.2,1025.1,0.7,1.4,10,401.1,0
2014-06-13 14:13:37,5,64,21.5,78,15.9,1020.1,1025,1,1.4,9,401.1,0
2014-06-13 14:18:37,5,64,21.5,77,16.1,1020,1024.9,1,1.7,12,401.1,0
2014-06-13 14:23:37,5,64,21.5,77,16.3,1020.1,1025,1,1.7,12,401.1,0
2014-06-13 14:28:37,5,64,21.5,77,16.4,1020,1024.9,1,1.4,14,401.1,0
2014-06-13 14:33:37,5,64,21.5,76,16.5,1020.1,1025,1,2,10,401.1,0
2014-06-13 14:38:37,5,64,21.5,76,16.4,1020.2,1025.1,2,2.7,12,401.1,0
2014-06-13 14:43:37,5,64,21.5,76,16.2,1020.1,1025,1,1.4,10,401.1,0
2014-06-13 14:48:37,5,64,21.5,76,16.4,1020,1024.9,0.7,1.4,12,401.1,0
2014-06-13 14:53:37,5,64,21.5,76,16.9,1020.1,1025,0.7,2,12,401.1,0
2014-06-13 14:58:37,5,64,21.5,74,16.9,1020.2,1025.1,0.7,1.4,12,401.1,0
2014-06-13 15:03:37,5,64,21.5,73,17,1019.9,1024.8,1.7,2.7,10,401.1,0
2014-06-13 15:08:37,5,64,21.8,73,17.2,1020,1024.9,2.7,3.7,10,401.1,0
2014-06-13 15:13:37,5,64,21.8,73,17.6,1019.9,1024.8,1.4,1.7,10,401.1,0
2014-06-13 15:18:37,5,64,21.8,72,17.8,1019.9,1024.8,1.7,2,12,401.1,0
2014-06-13 15:23:37,5,64,21.8,72,17.9,1019.9,1024.8,1.4,2,10,401.1,0
2014-06-13 15:28:37,5,65,21.8,72,18.3,1019.9,1024.8,0.7,1.4,6,401.1,0
2014-06-13 15:33:37,5,65,21.8,71,18.9,1020.1,1025,1,1.7,12,401.1,0
2014-06-13 15:38:37,5,65,21.9,70,18.6,1019.9,1024.8,1,1.4,10,401.4,0
2014-06-13 15:43:37,5,65,21.9,70,18.5,1019.9,1024.8,1,1.4,12,401.4,0
2014-06-13 15:48:37,5,65,21.9,69,18.3,1019.8,1024.7,1,2,12,401.4,0
2014-06-13 15:53:37,5,64,22,70,18.3,1019.8,1024.7,1,2,8,401.4,0
2014-06-13 15:58:37,5,64,22,70,17.9,1020,1024.9,1.7,2,14,401.4,0
2014-06-13 16:03:37,5,64,22,70,18.2,1019.9,1024.8,2.4,4.4,14,401.4,0
2014-06-13 16:08:37,5,64,22.1,71,17.8,1019.8,1024.7,0.7,1.4,12,401.4,0
2014-06-13 16:13:37,5,64,22.1,70,18.1,1019.7,1024.6,1.4,2,12,401.4,0
2014-06-13 16:18:37,5,64,22.2,70,18.3,1019.8,1024.7,2.7,3.4,14,401.4,0
2014-06-13 16:23:37,5,64,22.2,70,18.2,1019.6,1024.5,2,3.1,10,401.4,0
2014-06-13 16:28:37,5,64,22.2,70,18.7,1019.7,1024.6,1,1.7,14,401.4,0
2014-06-13 16:33:37,5,64,22.3,68,19,1019.7,1024.6,1,1.4,8,401.4,0
2014-06-13 16:38:37,5,64,22.3,67,19.2,1019.4,1024.3,0.7,1.4,14,401.4,0
2014-06-13 16:43:37,5,64,22.4,68,19.8,1019.5,1024.4,0.7,1.4,6,401.4,0
2014-06-13 16:48:37,5,64,22.5,67,19.3,1019.6,1024.5,0.7,1.4,12,401.4,0
2014-06-13 16:53:37,5,64,22.5,67,19,1019.6,1024.5,1,1.7,12,401.4,0
2014-06-13 16:58:37,5,64,22.5,68,18.6,1019.6,1024.5,0.7,1.4,10,401.4,0
2014-06-13 17:03:37,5,64,22.6,69,18.6,1019.6,1024.5,1.4,2,14,401.4,0
2014-06-13 17:08:37,5,64,22.6,69,18.7,1019.7,1024.6,0.7,1.7,10,401.4,0
2014-06-13 17:13:37,5,64,22.6,69,19.2,1019.7,1024.6,0.7,1.7,10,401.4,0
2014-06-13 17:18:37,5,64,22.6,67,19.6,1019.7,1024.6,0.3,0.7,10,401.4,0
2014-06-13 17:23:37,5,64,22.7,67,19.1,1019.8,1024.7,0.7,1,8,401.4,0
2014-06-13 17:28:37,5,64,22.7,68,19.4,1019.8,1024.7,1.4,2,10,401.4,0
2014-06-13 17:33:37,5,64,22.8,67,19.2,1019.7,1024.6,1.4,2,12,401.4,0
2014-06-13 17:38:37,5,64,22.8,68,18.7,1019.7,1024.6,0.7,1.4,8,401.4,0
2014-06-13 17:43:37,5,64,22.8,69,18.6,1019.7,1024.6,1,2,10,401.4,0
2014-06-13 17:48:37,5,64,22.8,68,19,1019.7,1024.6,1,1.4,8,401.4,0
2014-06-13 17:53:37,5,63,22.9,67,19.6,1019.5,1024.4,1.4,3.4,14,401.4,0
2014-06-13 17:58:37,5,63,22.9,66,19.7,1019.5,1024.4,1.4,2.7,14,401.4,0
2014-06-13 18:03:37,5,64,23,66,19.2,1019.8,1024.7,1.4,2.7,12,401.4,0
2014-06-13 18:08:37,5,63,23.1,67,18.3,1019.7,1024.6,2.7,3.7,8,401.4,0
2014-06-13 18:13:37,5,62,23.1,68,18.1,1019.7,1024.6,1.4,2.7,13,401.4,0
2014-06-13 18:18:37,5,62,23.2,68,18.4,1019.8,1024.7,1.4,2,10,401.4,0
2014-06-13 18:23:37,5,62,23.3,69,17.9,1019.8,1024.7,1,1.7,10,401.4,0
2014-06-13 18:28:37,5,62,23.3,70,17.8,1019.9,1024.8,1.4,1.7,10,401.4,0
2014-06-13 18:33:37,5,63,23.3,70,17.4,1020,1024.9,0.7,1,12,401.4,0
2014-06-13 18:38:37,5,63,23.2,71,17.1,1020,1024.9,0.7,1,12,401.4,0
2014-06-13 18:43:37,5,63,23.2,72,16.9,1020.1,1025,1.7,2.4,8,401.4,0
2014-06-13 18:48:37,5,63,23.1,72,16.6,1020.1,1025,1,1.4,12,401.4,0
2014-06-13 18:53:37,5,63,23.1,73,16.5,1020.1,1025,0.7,1.7,8,401.4,0
2014-06-13 18:58:37,5,63,23,73,16.4,1020.1,1025,1,1.7,10,401.4,0
2014-06-13 19:03:37,5,63,22.9,74,16.3,1020.1,1025,1,1.7,12,401.4,0
2014-06-13 19:08:37,5,63,22.9,74,16.2,1020.1,1025,0.7,1.7,12,401.4,0
2014-06-13 19:13:37,5,63,22.9,74,16.2,1020.1,1025,0.7,1.4,8,401.4,0
2014-06-13 19:18:37,5,62,22.8,74,16.2,1020.1,1025,0.3,0.7,10,401.4,0
2014-06-13 19:23:37,5,61,22.8,75,16.3,1020.2,1025.1,0.7,1,10,401.4,0
2014-06-13 19:28:37,5,62,22.7,75,16.2,1020.2,1025.1,1,1.4,10,401.4,0
2014-06-13 19:33:37,5,63,22.7,75,16.2,1020.2,1025.1,0.7,1.4,10,401.4,0
2014-06-13 19:38:37,5,63,22.6,75,16.1,1020.2,1025.1,1,1.7,11,401.4,0
2014-06-13 19:43:37,5,63,22.6,75,16.1,1020.4,1025.3,0.7,1.4,12,401.4,0
2014-06-13 19:48:37,5,64,22.6,75,16.4,1020.3,1025.2,0.3,1,14,401.4,0
2014-06-13 19:53:37,5,64,22.6,75,16.4,1020.4,1025.3,0.3,1,6,401.4,0
2014-06-13 19:58:37,5,64,22.5,75,16.6,1020.4,1025.3,0.3,1,12,401.4,0
2014-06-13 20:03:37,5,64,22.5,75,16.6,1020.5,1025.4,0.7,1.4,12,401.4,0
2014-06-13 20:08:37,5,64,22.5,75,16.3,1020.3,1025.2,0.7,1,12,401.4,0
2014-06-13 20:13:37,5,64,22.5,76,15.9,1020.5,1025.4,0.7,1,10,401.4,0
2014-06-13 20:18:37,5,64,22.4,77,15.8,1020.7,1025.6,0.7,1.4,10,401.4,0
2014-06-13 20:23:37,5,64,22.4,77,15.7,1020.6,1025.5,0.3,0.7,11,401.4,0
2014-06-13 20:28:37,5,64,22.4,77,15.5,1020.7,1025.6,0.3,0.7,10,401.4,0
2014-06-13 20:33:37,5,64,22.4,77,15.4,1020.7,1025.6,0.3,0.7,10,401.4,0
2014-06-13 20:38:37,5,64,22.4,78,15.3,1020.7,1025.6,0.7,1,12,401.4,0
2014-06-13 20:43:37,5,65,22.3,78,15.3,1020.9,1025.8,0.3,0.7,10,401.4,0
2014-06-13 20:48:37,5,65,22.3,78,15.2,1020.7,1025.6,0,0.7,12,401.4,0
2014-06-13 20:53:37,5,65,22.3,78,15.2,1020.9,1025.8,0.3,0.7,10,401.4,0
2014-06-13 20:58:37,5,65,22.3,78,15.2,1020.9,1025.8,0.7,1,10,401.4,0
2014-06-13 21:03:37,5,66,22.3,79,15.2,1021,1025.9,0.3,0.7,10,401.4,0
2014-06-13 21:08:37,5,66,22.3,79,15.2,1021,1025.9,0.3,0.7,10,401.4,0
2014-06-13 21:13:37,5,67,22.3,79,15.2,1021,1025.9,0.3,1,6,401.4,0
2014-06-13 21:18:37,5,68,22.2,79,15.2,1021.1,1026,0.7,1,9,401.4,0
2014-06-13 21:23:37,5,68,22.2,79,15.2,1021.1,1026,0.7,1,12,401.4,0
2014-06-13 21:28:37,5,68,22.2,80,15.1,1021.3,1026.2,0.3,0.7,10,401.4,0
2014-06-13 21:33:37,5,68,22.2,80,15.1,1021.1,1026,0.7,0.7,10,401.4,0
2014-06-13 21:38:37,5,68,22.2,80,15.1,1021.2,1026.1,0,0.3,10,401.4,0
2014-06-13 21:43:37,5,68,22.2,80,15,1021.2,1026.1,0.3,0.7,12,401.4,0
2014-06-13 21:48:37,5,68,22.2,81,14.9,1021.4,1026.3,0.3,0.7,10,401.4,0
2014-06-13 21:53:37,5,68,22.1,81,14.8,1021.3,1026.2,0,0,14,401.4,0
2014-06-13 21:58:37,5,68,22.1,81,14.8,1021.3,1026.2,0,0,14,401.4,0
2014-06-13 22:03:37,5,68,22.1,81,14.7,1021.3,1026.2,0.3,0.7,10,401.4,0
2014-06-13 22:08:37,5,68,22.1,82,14.5,1021.3,1026.2,0,0.3,10,401.4,0
2014-06-13 22:13:37,5,68,22.1,82,14.4,1021.3,1026.2,0,0.3,10,401.4,0
2014-06-13 22:18:37,5,68,22,82,14.3,1021.3,1026.2,0.3,0.7,10,401.4,0
2014-06-13 22:23:37,5,69,21.9,82,14.1,1021.4,1026.3,0.7,1.4,14,401.4,0
2014-06-13 22:28:37,5,68,22,82,14.1,1021.3,1026.2,0,0.3,6,401.4,0
2014-06-13 22:33:37,5,68,22,83,13.9,1021.2,1026.1,0,0,10,401.4,0
2014-06-13 22:38:37,5,68,22,83,13.8,1021.4,1026.3,0,0.7,12,401.4,0
2014-06-13 22:43:37,5,68,22,83,13.7,1021.5,1026.4,1,1.4,14,401.4,0
2014-06-13 22:48:37,5,69,21.9,83,13.6,1021.3,1026.2,0.7,0.7,10,401.4,0
2014-06-13 22:53:37,5,69,21.9,83,13.6,1021.4,1026.3,0,0.3,12,401.4,0
2014-06-13 22:58:37,5,69,21.9,83,13.5,1021.5,1026.4,0.3,0.7,0,401.4,0
2014-06-13 23:03:37,5,69,21.9,83,13.5,1021.4,1026.3,0,0.3,14,401.4,0
2014-06-13 23:08:37,5,69,21.9,83,13.5,1021.4,1026.3,0.7,1,14,401.4,0
2014-06-13 23:13:37,5,69,21.9,84,13.5,1021.4,1026.3,0.7,1.4,12,401.4,0
2014-06-13 23:18:37,5,69,21.9,84,13.5,1021.4,1026.3,0.7,1,14,401.4,0
2014-06-13 23:23:37,5,69,21.9,84,13.4,1021.3,1026.2,0.7,1,14,401.4,0
2014-06-13 23:28:37,5,69,21.8,84,13.4,1021.4,1026.3,1,1.4,14,401.4,0
2014-06-13 23:33:37,5,69,21.8,84,13.3,1021.4,1026.3,0.7,1,14,401.4,0
2014-06-13 23:38:37,5,69,21.8,84,13.1,1021.4,1026.3,0,0.3,0,401.4,0
2014-06-13 23:43:37,5,69,21.8,83,12.9,1021.4,1026.3,0,0.3,0,401.4,0
2014-06-13 23:48:37,5,69,21.8,83,12.8,1021.4,1026.3,0,0.3,14,401.4,0
2014-06-13 23:53:37,5,69,21.8,83,12.7,1021.3,1026.2,0.7,1,14,401.4,0
2014-06-13 23:58:37,5,69,21.8,83,12.6,1021.5,1026.4,1,1.4,14,401.4,0
