2017-05-04 00:04:27,5,42,21.5,60,8.7,1022.5,1027.4,4.1,7.1,0,706.8,0
2017-05-04 00:09:27,5,42,21.5,60,8.5,1022.7,1027.6,3.4,4.8,0,706.8,0
2017-05-04 00:14:27,5,42,21.3,60,8.5,1022.7,1027.6,3.1,3.7,0,706.8,0
2017-05-04 00:19:27,5,42,21.3,60,8.3,1022.7,1027.6,2,2.7,0,706.8,0
2017-05-04 00:24:27,5,42,21.3,60,8.1,1022.7,1027.6,2.7,3.4,13,706.8,0
2017-05-04 00:29:27,5,42,21.3,61,8.1,1022.7,1027.6,3.1,3.7,15,706.8,0
2017-05-04 00:34:27,5,42,21.3,60,8.2,1022.5,1027.4,2.7,3.7,14,706.8,0
2017-05-04 00:39:27,5,42,21.3,60,8.1,1022.7,1027.6,2.7,3.4,0,706.8,0
2017-05-04 00:44:27,5,42,21.3,61,8,1022.7,1027.6,3.4,4.1,0,706.8,0
2017-05-04 00:49:27,5,42,21.3,61,7.9,1022.8,1027.7,3.7,4.4,14,706.8,0
2017-05-04 00:54:27,5,42,21.3,61,8,1022.7,1027.6,3.7,4.8,0,706.8,0
2017-05-04 00:59:27,5,42,21.2,61,8.1,1022.7,1027.6,2.7,3.7,0,706.8,0
2017-05-04 01:04:27,5,42,21.2,61,8.1,1022.8,1027.7,4.1,4.8,0,706.8,0
2017-05-04 01:09:27,5,42,21.2,61,8.1,1022.6,1027.5,3.4,4.1,0,706.8,0
2017-05-04 01:14:27,5,42,21.2,61,7.9,1022.7,1027.6,3.4,4.8,0,706.8,0
2017-05-04 01:19:27,5,42,21.1,61,7.8,1022.7,1027.6,3.1,3.7,0,706.8,0
2017-05-04 01:24:27,5,42,21.1,62,7.6,1022.7,1027.6,2.7,3.4,0,706.8,0
2017-05-04 01:29:27,5,42,21.1,62,7.3,1022.6,1027.5,3.1,4.8,0,706.8,0
2017-05-04 01:34:27,5,42,21.1,62,7.1,1022.6,1027.5,3.4,4.1,2,706.8,0
2017-05-04 01:39:27,5,42,21,64,6.9,1022.5,1027.4,3.1,4.1,0,706.8,0
2017-05-04 01:44:27,5,42,21,65,6.9,1022.5,1027.4,3.4,4.4,0,706.8,0
2017-05-04 01:49:27,5,42,21,65,6.9,1022.6,1027.5,2.4,3.1,14,706.8,0
2017-05-04 01:54:27,5,42,21,64,7.1,1022.6,1027.5,3.4,4.1,1,706.8,0
2017-05-04 01:59:27,5,42,21,64,7.1,1022.5,1027.4,2.4,3.7,2,706.8,0
2017-05-04 02:04:27,5,43,20.9,64,7.1,1022.5,1027.4,3.4,4.8,0,706.8,0
2017-05-04 02:09:27,5,43,20.9,64,7.1,1022.7,1027.6,2.7,3.4,0,706.8,0
2017-05-04 02:14:27,5,43,20.9,65,6.9,1022.5,1027.4,2.4,3.1,0,706.8,0
2017-05-04 02:19:27,5,43,20.8,66,6.8,1022.5,1027.4,2,2.7,0,706.8,0
2017-05-04 02:24:27,5,43,20.8,66,6.6,1022.3,1027.2,2.7,3.4,0,706.8,0
2017-05-04 02:29:27,5,43,20.8,67,6.5,1022.4,1027.3,2.7,4.8,0,706.8,0
2017-05-04 02:34:27,5,43,20.8,67,6.4,1022.4,1027.3,2.4,3.1,0,706.8,0
2017-05-04 02:39:27,5,43,20.8,67,6.3,1022.3,1027.2,2,3.1,0,706.8,0
2017-05-04 02:44:27,5,43,20.8,68,6.3,1022.4,1027.3,1.7,2,2,706.8,0
2017-05-04 02:49:27,5,43,20.8,68,6.3,1022.3,1027.2,1.7,2.4,14,706.8,0
2017-05-04 02:54:27,5,43,20.7,68,6.2,1022.3,1027.2,2,3.4,0,706.8,0
2017-05-04 02:59:27,5,43,20.7,68,6.2,1022.4,1027.3,2,3.1,0,706.8,0
2017-05-04 03:04:27,5,43,20.7,68,6.3,1022.3,1027.2,3.1,4.4,0,706.8,0
2017-05-04 03:09:27,5,43,20.7,68,6.4,1022.2,1027.1,3.1,4.1,0,706.8,0
2017-05-04 03:14:27,5,43,20.7,68,6.5,1022.2,1027.1,2.7,4.4,14,706.8,0
2017-05-04 03:19:27,5,44,20.7,67,6.6,1022.1,1027,2.7,3.7,0,706.8,0
2017-05-04 03:24:27,5,44,20.6,67,6.7,1022.2,1027.1,3.4,4.4,0,706.8,0
2017-05-04 03:29:27,5,44,20.6,67,6.7,1022.3,1027.2,3.1,3.7,13,706.8,0
2017-05-04 03:34:27,5,44,20.6,66,6.6,1022.3,1027.2,3.7,5.4,2,706.8,0
2017-05-04 03:39:27,5,44,20.6,66,6.7,1022.3,1027.2,3.4,4.4,0,706.8,0
2017-05-04 03:44:27,5,44,20.6,66,6.5,1022.3,1027.2,3.1,4.8,0,706.8,0
2017-05-04 03:49:27,5,44,20.6,67,6.3,1022.3,1027.2,2.4,3.4,0,706.8,0
2017-05-04 03:54:27,5,44,20.6,67,6.3,1022.4,1027.3,3.1,4.4,2,706.8,0
2017-05-04 03:59:27,5,43,20.5,68,6.4,1022.2,1027.1,3.7,4.4,0,706.8,0
2017-05-04 04:04:27,5,43,20.5,68,6.3,1022.2,1027.1,3.7,4.4,10,706.8,0
2017-05-04 04:09:27,5,43,20.5,68,6.3,1022.4,1027.3,3.7,5.1,0,706.8,0
2017-05-04 04:14:27,5,43,20.5,68,6.4,1022.3,1027.2,2.7,4.1,0,706.8,0
2017-05-04 04:19:27,5,43,20.4,68,6.4,1022.5,1027.4,2.4,2.7,0,706.8,0
2017-05-04 04:24:27,5,44,20.5,68,6.4,1022.4,1027.3,2.7,4.1,0,706.8,0
2017-05-04 04:29:27,5,44,20.4,68,6.4,1022.4,1027.3,2.7,4.1,0,706.8,0
2017-05-04 04:34:27,5,44,20.4,68,6.3,1022.3,1027.2,1.7,2.7,0,706.8,0
2017-05-04 04:39:27,5,44,20.4,68,6.3,1022.3,1027.2,2.4,3.4,2,706.8,0
2017-05-04 04:44:27,5,44,20.4,68,6.1,1022.3,1027.2,2,2.7,0,706.8,0
2017-05-04 04:49:27,5,44,20.4,69,6.2,1022.2,1027.1,2.7,4.1,0,706.8,0
2017-05-04 04:54:27,5,44,20.4,69,6.2,1022.2,1027.1,2.4,3.1,0,706.8,0
2017-05-04 04:59:27,5,44,20.4,69,6,1022.4,1027.3,2.4,2.7,0,706.8,0
2017-05-04 05:04:27,5,44,20.4,70,5.8,1022.4,1027.3,1,1.7,0,706.8,0
2017-05-04 05:09:27,5,44,20.4,71,5.7,1022.3,1027.2,1.7,2,0,706.8,0
2017-05-04 05:14:27,5,44,20.3,71,5.7,1022.4,1027.3,2,3.1,0,706.8,0
2017-05-04 05:19:27,5,44,20.3,72,5.8,1022.2,1027.1,2.4,3.4,0,706.8,0
2017-05-04 05:24:27,5,44,20.3,71,6.1,1022.3,1027.2,2.4,3.1,0,706.8,0
2017-05-04 05:29:27,5,44,20.3,71,6.4,1022.3,1027.2,3.4,4.4,0,706.8,0
2017-05-04 05:34:27,5,44,20.3,69,6.6,1022.2,1027.1,4.4,5.8,0,706.8,0
2017-05-04 05:39:27,5,44,20.3,69,6.8,1022.1,1027,4.1,5.4,0,706.8,0
2017-05-04 05:44:27,5,44,20.3,69,6.9,1022.1,1027,2.7,3.7,14,706.8,0
2017-05-04 05:49:27,5,44,20.3,68,7,1022.1,1027,3.7,6.5,0,706.8,0
2017-05-04 05:54:27,5,44,20.3,68,7.1,1022.1,1027,3.4,4.4,0,706.8,0
2017-05-04 05:59:27,5,44,20.3,67,7.1,1022.1,1027,3.4,4.8,0,706.8,0
2017-05-04 06:04:27,5,44,20.3,68,7.1,1022,1026.9,4.1,5.4,0,706.8,0
2017-05-04 06:09:27,5,44,20.3,68,7.1,1022,1026.9,3.4,4.4,0,706.8,0
2017-05-04 06:14:27,5,44,20.3,68,7,1022.1,1027,3.4,5.4,1,706.8,0
2017-05-04 06:19:27,5,44,20.3,68,7,1022.2,1027.1,3.7,5.1,0,706.8,0
2017-05-04 06:24:27,5,44,20.3,68,7.1,1022.1,1027,3.4,4.1,0,706.8,0
2017-05-04 06:29:27,5,44,20.3,68,7.3,1021.9,1026.8,4.8,5.4,0,706.8,0
2017-05-04 06:34:27,5,44,20.3,67,7.6,1022.1,1027,4.8,7.5,4,706.8,0
2017-05-04 06:39:27,5,44,20.3,66,7.8,1022.2,1027.1,4.1,5.4,2,706.8,0
2017-05-04 06:44:27,5,44,20.3,66,8,1022.1,1027,5.4,7.5,0,706.8,0
2017-05-04 06:49:27,5,44,20.3,66,8.2,1022.1,1027,5.4,6.5,0,706.8,0
2017-05-04 06:54:27,5,45,20.3,65,8.4,1022.1,1027,3.4,4.1,0,706.8,0
2017-05-04 06:59:27,5,45,20.3,65,8.4,1022.2,1027.1,5.8,8.5,0,706.8,0
2017-05-04 07:04:27,5,45,20.3,65,8.3,1022.1,1027,5.4,8.2,14,706.8,0
2017-05-04 07:09:27,5,45,20.3,65,8.3,1022.1,1027,3.7,7.1,14,706.8,0
2017-05-04 07:14:27,5,45,20.4,65,8.4,1022.2,1027.1,4.1,5.4,0,706.8,0
2017-05-04 07:19:27,5,45,20.4,65,8.5,1022.2,1027.1,5.4,7.1,0,706.8,0
2017-05-04 07:24:27,5,46,20.3,65,8.4,1022.1,1027,3.1,4.1,0,706.8,0
2017-05-04 07:29:27,5,43,20.3,65,8.4,1022.1,1027,3.7,4.8,2,706.8,0
2017-05-04 07:34:27,5,44,20.3,65,8.4,1022.3,1027.2,3.4,4.8,0,706.8,0
2017-05-04 07:39:27,5,45,20.3,65,8.5,1022.2,1027.1,3.7,4.8,0,706.8,0
2017-05-04 07:44:27,5,45,20.3,65,8.5,1022.3,1027.2,4.1,5.8,0,706.8,0
2017-05-04 07:49:27,5,45,20.3,65,8.7,1022.4,1027.3,3.7,5.1,13,706.8,0
2017-05-04 07:54:27,5,45,20.3,65,8.8,1022.3,1027.2,5.1,7.5,0,706.8,0
2017-05-04 07:59:27,5,45,20.3,64,8.9,1022.4,1027.3,3.4,5.4,0,706.8,0
2017-05-04 08:04:27,5,45,20.4,63,9.1,1022.2,1027.1,4.8,6.1,2,706.8,0
2017-05-04 08:09:27,5,45,20.3,63,9.1,1022.3,1027.2,5.4,7.5,0,706.8,0
2017-05-04 08:14:27,5,45,20.4,62,9.3,1022.2,1027.1,4.8,7.1,2,706.8,0
2017-05-04 08:19:27,5,45,20.4,62,9.4,1022.3,1027.2,4.8,6.5,0,706.8,0
2017-05-04 08:24:27,5,45,20.4,62,9.5,1022.2,1027.1,4.8,6.5,0,706.8,0
2017-05-04 08:29:27,5,45,20.4,62,9.7,1022.2,1027.1,5.1,7.1,0,706.8,0
2017-05-04 08:34:27,5,45,20.4,61,9.9,1022.3,1027.2,4.4,5.8,0,706.8,0
2017-05-04 08:39:27,5,45,20.5,60,9.9,1022,1026.9,5.1,6.5,0,706.8,0
2017-05-04 08:44:27,5,45,20.5,59,10.1,1022.1,1027,5.1,6.1,1,706.8,0
2017-05-04 08:49:27,5,45,20.5,57,10,1022.2,1027.1,6.8,10.2,0,706.8,0
2017-05-04 08:54:27,5,45,20.5,59,10.3,1022,1026.9,5.4,7.5,0,706.8,0
2017-05-04 08:59:27,5,45,20.5,57,11,1021.9,1026.8,6.5,7.8,0,706.8,0
2017-05-04 09:04:27,5,45,20.5,56,10.6,1021.9,1026.8,4.4,6.8,0,706.8,0
2017-05-04 09:09:27,5,45,20.5,56,11.2,1022,1026.9,7.1,11.2,14,706.8,0
2017-05-04 09:14:27,5,45,20.6,55,11.5,1021.9,1026.8,5.8,7.1,0,706.8,0
2017-05-04 09:19:27,5,45,20.6,55,11.4,1022,1026.9,5.4,6.8,13,706.8,0
2017-05-04 09:24:27,5,45,20.6,54,11.6,1021.8,1026.7,5.4,7.5,0,706.8,0
2017-05-04 09:29:27,5,45,20.6,54,11.2,1021.8,1026.7,5.8,8.2,0,706.8,0
2017-05-04 09:34:27,5,45,20.6,56,11.3,1022,1026.9,5.1,7.1,0,706.8,0
2017-05-04 09:39:27,5,46,20.7,55,11.6,1022,1026.9,4.8,6.5,13,706.8,0
2017-05-04 09:44:27,5,46,20.7,56,11.2,1022,1026.9,6.8,9.5,0,706.8,0
2017-05-04 09:49:27,5,46,20.7,57,11.2,1022,1026.9,4.8,6.1,2,706.8,0
2017-05-04 09:54:27,5,46,20.7,56,12.1,1021.8,1026.7,3.7,5.4,13,706.8,0
2017-05-04 09:59:27,5,46,20.7,53,12.6,1021.8,1026.7,5.4,6.1,0,706.8,0
2017-05-04 10:04:27,5,46,20.7,54,12.3,1021.7,1026.6,6.5,8.5,14,706.8,0
2017-05-04 10:09:27,5,46,20.7,55,12.2,1021.7,1026.6,5.8,9.9,0,706.8,0
2017-05-04 10:14:27,5,46,20.8,54,12.3,1021.8,1026.7,7.5,9.2,0,706.8,0
2017-05-04 10:19:27,5,46,20.8,54,12.1,1021.7,1026.6,6.5,11.2,2,706.8,0
2017-05-04 10:24:27,5,46,20.8,54,12.1,1021.8,1026.7,6.8,9.2,0,706.8,0
2017-05-04 10:29:27,5,46,20.8,55,12.2,1021.8,1026.7,5.4,7.1,15,706.8,0
2017-05-04 10:34:27,5,46,20.8,54,12.1,1021.8,1026.7,5.1,7.1,4,706.8,0
2017-05-04 10:39:27,5,46,20.8,54,12.1,1021.8,1026.7,6.5,8.5,0,706.8,0
2017-05-04 10:44:27,5,46,20.8,55,12.2,1021.8,1026.7,6.1,9.9,0,706.8,0
2017-05-04 10:49:27,5,46,20.8,54,12.3,1021.6,1026.5,6.5,8.8,0,706.8,0
2017-05-04 10:54:27,5,46,20.9,55,12.9,1021.5,1026.4,7.1,11.2,0,706.8,0
2017-05-04 10:59:27,5,46,20.9,52,13.9,1021.5,1026.4,6.1,8.5,13,706.8,0
2017-05-04 11:04:27,5,46,20.9,50,14.1,1021.6,1026.5,6.1,8.5,0,706.8,0
2017-05-04 11:09:27,5,46,21,48,14,1021.4,1026.3,4.4,7.8,2,706.8,0
2017-05-04 11:14:27,5,46,21,50,14.2,1021.3,1026.2,5.4,6.5,2,706.8,0
2017-05-04 11:19:27,5,46,21,48,14.6,1021.1,1026,4.4,8.2,0,706.8,0
2017-05-04 11:24:27,5,46,21,47,14.7,1021.2,1026.1,4.8,8.2,0,706.8,0
2017-05-04 11:29:27,5,46,21,46,14.7,1021.3,1026.2,3.7,4.8,15,706.8,0
2017-05-04 11:34:27,5,46,21.1,45,14.4,1021.2,1026.1,7.1,10.2,2,706.8,0
2017-05-04 11:39:27,5,46,21,46,14.7,1021.3,1026.2,5.1,7.5,0,706.8,0
2017-05-04 11:44:27,5,46,21.1,45,14.7,1021,1025.9,6.5,9.5,0,706.8,0
2017-05-04 11:49:27,5,46,21,47,14.7,1021,1025.9,6.8,10.2,0,706.8,0
2017-05-04 11:54:27,5,46,21.1,44,14.1,1021.1,1026,5.8,7.1,10,706.8,0
2017-05-04 11:59:27,5,46,21.1,46,13.9,1021,1025.9,6.5,9.9,11,706.8,0
2017-05-04 12:04:27,5,46,21.1,44,13.7,1021,1025.9,5.8,7.8,0,706.8,0
2017-05-04 12:09:27,5,46,21.1,43,14,1020.9,1025.8,4.4,6.5,0,706.8,0
2017-05-04 12:14:27,5,46,21.1,39,14.9,1020.9,1025.8,4.8,7.1,0,706.8,0
2017-05-04 12:19:27,5,47,21.1,37,14.8,1021,1025.9,3.4,5.1,0,706.8,0
2017-05-04 12:24:27,5,47,21.1,36,15,1020.8,1025.7,5.8,8.2,0,706.8,0
2017-05-04 12:29:27,5,47,21.1,37,15.3,1020.7,1025.6,6.8,8.8,15,706.8,0
2017-05-04 12:34:27,5,47,21.1,37,15.3,1020.7,1025.6,8.2,10.9,0,706.8,0
2017-05-04 12:39:27,5,47,21.1,36,15.3,1020.6,1025.5,6.1,8.5,14,706.8,0
2017-05-04 12:44:27,5,47,21.2,36,15.4,1020.5,1025.4,7.1,11.2,0,706.8,0
2017-05-04 12:49:27,5,47,21.2,35,15.2,1020.6,1025.5,5.8,8.5,0,706.8,0
2017-05-04 12:54:27,5,47,21.2,35,15.3,1020.7,1025.6,5.8,8.5,0,706.8,0
2017-05-04 12:59:27,5,47,21.2,35,15.4,1020.3,1025.2,6.8,7.8,2,706.8,0
2017-05-04 13:04:27,5,47,21.2,36,15.5,1020.5,1025.4,6.8,8.8,0,706.8,0
2017-05-04 13:09:27,5,47,21.2,37,15.7,1020.4,1025.3,5.1,6.5,4,706.8,0
2017-05-04 13:14:27,5,47,21.2,37,15.9,1020.3,1025.2,4.4,7.1,2,706.8,0
2017-05-04 13:19:27,5,47,21.2,36,15.7,1020.4,1025.3,6.1,8.8,13,706.8,0
2017-05-04 13:24:27,5,47,21.2,38,15.9,1020.3,1025.2,4.8,6.8,2,706.8,0
2017-05-04 13:29:27,5,47,21.2,37,15.8,1020.3,1025.2,6.1,7.5,0,706.8,0
2017-05-04 13:34:27,5,47,21.2,39,15.9,1020.1,1025,6.1,9.2,0,706.8,0
2017-05-04 13:39:27,5,47,21.2,37,16.1,1020,1024.9,4.4,7.1,0,706.8,0
2017-05-04 13:44:27,5,47,21.2,37,16.3,1020.2,1025.1,7.5,9.9,0,706.8,0
2017-05-04 13:49:27,5,47,21.5,37,15.8,1020.2,1025.1,7.8,10.5,0,706.8,0
2017-05-04 13:54:27,5,47,21.5,36,15.8,1020,1024.9,7.5,10.9,0,706.8,0
2017-05-04 13:59:27,5,47,21.5,36,15.7,1019.8,1024.7,4.4,7.5,2,706.8,0
2017-05-04 14:04:27,5,47,21.5,37,15.8,1019.9,1024.8,3.4,4.4,2,706.8,0
2017-05-04 14:09:27,5,48,21.6,36,16,1020,1024.9,6.5,8.8,0,706.8,0
2017-05-04 14:14:27,5,48,21.6,38,15.9,1019.9,1024.8,8.8,12.6,0,706.8,0
2017-05-04 14:19:27,5,48,21.7,37,16.2,1019.9,1024.8,8.2,12.2,13,706.8,0
2017-05-04 14:24:27,5,48,21.7,37,15.7,1019.9,1024.8,6.8,10.5,0,706.8,0
2017-05-04 14:29:27,5,48,21.9,40,15.3,1019.9,1024.8,7.1,10.5,0,706.8,0
2017-05-04 14:34:27,5,48,21.9,38,15.4,1019.8,1024.7,6.8,9.5,2,706.8,0
2017-05-04 14:39:27,5,48,21.9,39,15.9,1019.8,1024.7,4.4,6.8,0,706.8,0
2017-05-04 14:44:27,5,47,22,38,15.7,1020,1024.9,6.1,8.5,0,706.8,0
2017-05-04 14:49:27,5,47,22,40,15.2,1019.9,1024.8,6.5,8.5,0,706.8,0
2017-05-04 14:54:27,5,47,22,42,15,1019.7,1024.6,4.4,7.1,4,706.8,0
2017-05-04 14:59:27,5,47,22,41,15.1,1019.7,1024.6,3.7,5.1,2,706.8,0
2017-05-04 15:04:27,5,47,22,42,15,1019.7,1024.6,5.1,8.5,0,706.8,0
2017-05-04 15:09:27,5,47,22,43,15.6,1019.6,1024.5,5.8,9.2,0,706.8,0
2017-05-04 15:14:27,5,47,22.1,40,15.9,1019.8,1024.7,5.4,8.5,14,706.8,0
2017-05-04 15:19:27,5,47,22.1,41,15.2,1019.7,1024.6,4.8,6.8,13,706.8,0
2017-05-04 15:24:27,5,47,22.1,42,15,1019.8,1024.7,4.8,6.8,0,706.8,0
2017-05-04 15:29:27,5,47,22.1,44,14.8,1019.6,1024.5,4.4,6.5,2,706.8,0
2017-05-04 15:34:27,5,47,22.1,44,14.8,1019.7,1024.6,4.8,7.5,14,706.8,0
2017-05-04 15:39:27,5,47,22.1,43,14.7,1019.6,1024.5,6.8,9.9,8,706.8,0
2017-05-04 15:44:27,5,47,22.1,44,14.7,1019.8,1024.7,5.8,8.5,2,706.8,0
2017-05-04 15:49:27,5,47,22,43,14.7,1019.7,1024.6,4.8,7.8,2,706.8,0
2017-05-04 15:54:27,5,47,22,43,14.5,1019.8,1024.7,4.1,6.5,13,706.8,0
2017-05-04 15:59:27,5,47,22,44,14.5,1019.7,1024.6,4.4,7.5,14,706.8,0
2017-05-04 16:04:27,5,47,22,43,14.8,1019.6,1024.5,5.1,7.8,2,706.8,0
2017-05-04 16:09:27,5,46,22,43,14.7,1019.7,1024.6,5.8,8.5,13,706.8,0
2017-05-04 16:14:27,5,40,22,42,14.8,1019.6,1024.5,3.4,5.4,0,706.8,0
2017-05-04 16:19:27,5,43,21.9,42,14.7,1019.6,1024.5,3.7,6.1,0,706.8,0
2017-05-04 16:24:27,5,43,21.9,42,14.7,1019.6,1024.5,3.7,5.1,4,706.8,0
2017-05-04 16:29:27,5,43,21.9,42,14.8,1019.6,1024.5,5.1,7.1,3,706.8,0
2017-05-04 16:34:27,5,42,21.9,42,14.6,1019.6,1024.5,3.7,4.8,4,706.8,0
2017-05-04 16:39:27,5,41,21.8,42,14.7,1019.6,1024.5,5.4,7.8,14,706.8,0
2017-05-04 16:44:27,5,41,21.7,42,14.7,1019.6,1024.5,4.1,5.8,0,706.8,0
2017-05-04 16:49:27,5,40,21.7,43,14.7,1019.5,1024.4,5.1,7.5,0,706.8,0
2017-05-04 16:54:27,5,41,21.6,43,14.7,1019.4,1024.3,5.4,7.8,0,706.8,0
2017-05-04 16:59:27,5,41,21.6,44,14.7,1019.6,1024.5,2.4,4.8,2,706.8,0
2017-05-04 17:04:27,5,40,21.5,42,14.7,1019.6,1024.5,6.5,8.5,2,706.8,0
2017-05-04 17:09:27,5,40,21.5,42,14.7,1019.5,1024.4,5.1,7.8,0,706.8,0
2017-05-04 17:14:27,5,40,21.5,41,14.6,1019.5,1024.4,4.4,6.1,0,706.8,0
2017-05-04 17:19:27,5,40,21.5,41,14.6,1019.5,1024.4,4.8,7.1,4,706.8,0
2017-05-04 17:24:27,5,39,21.3,41,14.5,1019.5,1024.4,4.8,6.5,0,706.8,0
2017-05-04 17:29:27,5,39,21.3,41,14.5,1019.4,1024.3,3.1,4.4,4,706.8,0
2017-05-04 17:34:27,5,39,21.2,41,14.5,1019.4,1024.3,5.4,6.5,13,706.8,0
2017-05-04 17:39:27,5,39,-40,39,14.5,1019.5,1024.4,3.1,5.1,2,706.8,0
2017-05-04 17:44:27,5,39,21.3,39,14.5,1018.6,1023.5,3.7,6.8,0,706.8,0
2017-05-04 17:49:27,5,39,21.6,38,14.8,1018.7,1023.6,3.1,4.4,4,706.8,0
2017-05-04 17:54:27,5,38,22.9,36,15,1018.7,1023.6,2.7,4.4,2,706.8,0
2017-05-04 17:59:27,5,36,24.3,36,15.1,1018.5,1023.4,3.7,5.4,0,706.8,0
2017-05-04 18:04:27,5,34,25.5,35,15.1,1018.6,1023.5,4.8,7.5,13,706.8,0
2017-05-04 18:09:27,5,33,26.2,36,14.9,1018.6,1023.5,5.1,6.8,2,706.8,0
2017-05-04 18:14:27,5,25,27.3,37,14.7,1018.4,1023.3,4.8,8.5,0,706.8,0
2017-05-04 18:19:27,5,26,27.8,38,14.6,1018.7,1023.6,2.4,3.7,0,706.8,0
2017-05-04 18:24:27,5,27,27.6,41,14.6,1018.7,1023.6,1.7,2.4,4,706.8,0
2017-05-04 18:29:27,5,27,26.8,42,14.5,1018.8,1023.7,3.1,4.8,0,706.8,0
2017-05-04 18:34:27,5,27,26.2,42,14.4,1018.6,1023.5,4.1,5.1,2,706.8,0
2017-05-04 18:39:27,5,28,25.7,43,14.3,1018.7,1023.6,2,2.7,0,706.8,0
2017-05-04 18:44:27,5,30,25.4,41,14.2,1018.7,1023.6,3.4,5.4,0,706.8,0
2017-05-04 18:49:27,5,31,25.5,44,14.1,1018.5,1023.4,2.7,4.4,0,706.8,0
2017-05-04 18:54:27,5,31,25.6,43,14,1018.8,1023.7,2.7,4.1,11,706.8,0
2017-05-04 18:59:27,5,32,25.5,42,14,1018.7,1023.6,3.7,6.5,0,706.8,0
2017-05-04 19:04:27,5,32,25.3,42,13.9,1018.8,1023.7,3.7,5.8,2,706.8,0
2017-05-04 19:09:27,5,32,25.1,40,14,1018.8,1023.7,6.1,7.5,0,706.8,0
2017-05-04 19:14:27,5,34,24.8,42,13.9,1019.3,1024.2,2.7,4.4,0,706.8,0
2017-05-04 19:19:27,5,35,24.5,43,13.6,1019.3,1024.2,5.4,7.8,0,706.8,0
2017-05-04 19:24:27,5,36,24.2,45,13.4,1019.2,1024.1,3.7,4.8,0,706.8,0
2017-05-04 19:29:27,5,39,23.9,45,13.3,1019.4,1024.3,3.7,4.8,0,706.8,0
2017-05-04 19:34:27,5,40,23.7,45,13.2,1019.5,1024.4,4.1,5.4,0,706.8,0
2017-05-04 19:39:27,5,41,23.5,45,13,1019.4,1024.3,4.1,7.1,14,706.8,0
2017-05-04 19:44:27,5,41,23.4,44,12.9,1019.5,1024.4,2.7,4.4,4,706.8,0
2017-05-04 19:49:27,5,42,23.3,44,12.8,1019.6,1024.5,5.8,8.8,0,706.8,0
2017-05-04 19:54:27,5,42,23.2,44,12.8,1019.6,1024.5,2.4,3.4,0,706.8,0
2017-05-04 19:59:27,5,42,23.2,44,12.6,1019.6,1024.5,4.8,6.1,0,706.8,0
2017-05-04 20:04:27,5,42,23.2,44,12.5,1019.7,1024.6,3.1,4.4,0,706.8,0
2017-05-04 20:09:27,5,42,23.1,45,12.3,1019.7,1024.6,3.7,4.8,0,706.8,0
2017-05-04 20:14:27,5,42,23.2,45,12.2,1019.7,1024.6,5.1,6.1,0,706.8,0
2017-05-04 20:19:27,5,42,23.2,46,12,1019.7,1024.6,4.1,6.1,2,706.8,0
2017-05-04 20:24:27,5,42,23.3,46,12,1019.8,1024.7,3.1,4.1,2,706.8,0
2017-05-04 20:29:27,5,42,23.3,48,11.9,1020,1024.9,3.7,4.8,0,706.8,0
2017-05-04 20:34:27,5,42,23.3,48,11.7,1019.7,1024.6,3.4,4.8,0,706.8,0
2017-05-04 20:39:27,5,42,23.3,49,11.5,1020,1024.9,3.7,5.1,0,706.8,0
2017-05-04 20:44:27,5,42,23.3,50,11.4,1019.8,1024.7,3.4,4.4,0,706.8,0
2017-05-04 20:49:27,5,42,23.3,50,11.3,1019.9,1024.8,4.1,5.1,0,706.8,0
2017-05-04 20:54:27,5,42,23.3,50,11.2,1019.9,1024.8,5.1,6.8,0,706.8,0
2017-05-04 20:59:27,5,42,23.3,50,11.2,1020,1024.9,3.7,4.1,0,706.8,0
2017-05-04 21:04:27,5,42,23.3,51,11,1019.9,1024.8,3.1,4.4,0,706.8,0
2017-05-04 21:09:27,5,42,23.3,52,10.9,1020,1024.9,3.7,5.8,0,706.8,0
2017-05-04 21:14:27,5,42,23.3,52,10.9,1020,1024.9,4.8,8.2,10,706.8,0
2017-05-04 21:19:27,5,42,23.3,52,10.9,1020,1024.9,4.4,6.8,0,706.8,0
2017-05-04 21:24:27,5,42,23.2,51,10.9,1020.1,1025,4.4,5.8,0,706.8,0
2017-05-04 21:29:27,5,42,23.1,51,10.9,1019.9,1024.8,3.7,5.8,0,706.8,0
2017-05-04 21:34:27,5,41,22.9,51,10.7,1020.1,1025,3.7,6.1,2,706.8,0
2017-05-04 21:39:27,5,41,22.7,51,10.6,1020.2,1025.1,3.4,4.8,0,706.8,0
2017-05-04 21:44:27,5,42,22.6,51,10.6,1020.3,1025.2,3.1,4.1,0,706.8,0
2017-05-04 21:49:27,5,42,22.4,51,10.5,1020.3,1025.2,3.1,4.8,2,706.8,0
2017-05-04 21:54:27,5,42,22.3,51,10.3,1020.3,1025.2,3.7,5.4,2,706.8,0
2017-05-04 21:59:27,5,42,22.2,51,10.2,1020.4,1025.3,3.4,4.8,0,706.8,0
2017-05-04 22:04:27,5,42,22.1,52,10.1,1020.3,1025.2,3.7,5.1,0,706.8,0
2017-05-04 22:09:27,5,43,22,54,9.9,1020.4,1025.3,3.1,4.1,0,706.8,0
2017-05-04 22:14:27,5,44,21.9,55,9.6,1020.4,1025.3,3.4,5.4,0,706.8,0
2017-05-04 22:19:27,5,44,21.9,56,9.3,1020.3,1025.2,3.1,3.7,2,706.8,0
2017-05-04 22:24:27,5,44,21.7,57,9.1,1020.3,1025.2,2.4,3.4,0,706.8,0
2017-05-04 22:29:27,5,45,21.6,58,9.1,1020.3,1025.2,3.7,5.1,0,706.8,0
2017-05-04 22:34:27,5,45,21.5,58,9.1,1020.4,1025.3,4.1,6.5,0,706.8,0
2017-05-04 22:39:27,5,45,21.5,59,9.1,1020.3,1025.2,4.1,6.1,0,706.8,0
2017-05-04 22:44:27,5,45,21.5,59,9,1020.4,1025.3,3.7,5.4,0,706.8,0
2017-05-04 22:49:27,5,45,21.3,59,9,1020.3,1025.2,4.8,5.4,0,706.8,0
2017-05-04 22:54:27,5,45,21.3,60,9,1020.5,1025.4,2.7,4.1,1,706.8,0
2017-05-04 22:59:27,5,45,21.3,61,8.9,1020.4,1025.3,4.1,5.1,0,706.8,0
2017-05-04 23:04:27,5,45,21.3,61,8.8,1020.2,1025.1,4.1,5.1,0,706.8,0
2017-05-04 23:09:27,5,45,21.3,62,8.7,1020.3,1025.2,5.4,7.1,0,706.8,0
2017-05-04 23:14:27,5,45,21.2,62,8.6,1020.2,1025.1,3.4,4.1,0,706.8,0
2017-05-04 23:19:27,5,46,21.2,62,8.5,1020.3,1025.2,3.7,5.1,0,706.8,0
2017-05-04 23:24:27,5,46,21.2,62,8.5,1020.3,1025.2,4.8,6.5,0,706.8,0
2017-05-04 23:29:27,5,46,21.2,62,8.6,1020.3,1025.2,4.8,7.5,0,706.8,0
2017-05-04 23:34:27,5,45,21.2,62,8.5,1020.3,1025.2,5.1,7.5,2,706.8,0
2017-05-04 23:39:27,5,45,21.1,62,8.5,1020.2,1025.1,4.1,6.5,0,706.8,0
2017-05-04 23:44:27,5,45,21.1,62,8.4,1020.3,1025.2,4.1,5.4,14,706.8,0
2017-05-04 23:49:27,5,45,21.1,62,8.2,1020.4,1025.3,4.4,5.8,14,706.8,0
2017-05-04 23:54:27,5,45,21,63,8.2,1020.3,1025.2,3.7,5.4,0,706.8,0
2017-05-04 23:59:27,5,45,21,63,8.1,1020.2,1025.1,4.8,6.5,0,706.8,0
