2017-05-28 00:02:22,5,60,21,80,10.2,1014.3,1019.2,0.3,1.4,10,742.2,0
2017-05-28 00:07:22,5,60,21,81,10.1,1014.3,1019.2,0,0,8,742.2,0
2017-05-28 00:12:22,5,60,21,81,10,1014.2,1019.1,0,0.3,10,742.2,0
2017-05-28 00:17:22,5,61,20.9,82,9.9,1014.3,1019.2,0,0.3,8,742.2,0
2017-05-28 00:22:22,5,61,20.9,82,9.8,1014.4,1019.3,0,0,8,742.2,0
2017-05-28 00:27:22,5,61,20.9,82,9.7,1014.4,1019.3,0.3,0.7,8,742.2,0
2017-05-28 00:32:22,5,61,20.9,83,9.7,1014.6,1019.5,0,0.3,8,742.2,0
2017-05-28 00:37:22,5,61,20.9,83,9.6,1014.5,1019.4,0.3,0.7,2,742.2,0
2017-05-28 00:42:22,5,61,20.9,83,9.6,1014.5,1019.4,0,0,2,742.2,0
2017-05-28 00:47:22,5,61,20.9,83,9.6,1014.4,1019.3,0,0,2,742.2,0
2017-05-28 00:52:22,5,61,20.9,83,9.7,1014.4,1019.3,0,0,2,742.2,0
2017-05-28 00:57:22,5,61,20.8,83,9.7,1014.4,1019.3,0,0,2,742.2,0
2017-05-28 01:02:22,5,61,20.8,84,9.7,1014.3,1019.2,0,0,12,742.2,0
2017-05-28 01:07:22,5,61,20.8,84,9.8,1014.5,1019.4,0,0,4,742.2,0
2017-05-28 01:12:22,5,61,20.8,84,9.9,1014.2,1019.1,0,0,4,742.2,0
2017-05-28 01:17:22,5,61,20.8,84,9.9,1014.3,1019.2,0,0,4,742.2,0
2017-05-28 01:22:22,5,61,20.8,84,9.9,1014.3,1019.2,0,0.3,4,742.2,0
2017-05-28 01:27:22,5,61,20.7,84,9.8,1014.1,1019,0,0,2,742.2,0
2017-05-28 01:32:22,5,61,20.8,84,9.8,1014.5,1019.4,0,0,2,742.2,0
2017-05-28 01:37:22,5,61,20.8,84,9.7,1014.5,1019.4,0,0,8,742.2,0
2017-05-28 01:42:22,5,61,20.7,84,9.7,1014.6,1019.5,0,0,8,742.2,0
2017-05-28 01:47:22,5,61,20.8,84,9.7,1014.6,1019.5,0,0.3,,742.2,0
2017-05-28 01:52:22,5,61,20.8,84,9.8,1014.6,1019.5,0,0.3,10,742.2,0
2017-05-28 01:57:22,5,61,20.8,84,9.8,1014.6,1019.5,0,0,10,742.2,0
2017-05-28 02:02:22,5,61,20.7,84,9.8,1014.6,1019.5,0,0,8,742.2,0
2017-05-28 02:07:22,5,61,20.7,84,9.8,1014.7,1019.6,0,0,10,742.2,0
2017-05-28 02:12:22,5,61,20.7,84,9.8,1014.6,1019.5,0,0.3,8,742.2,0
2017-05-28 02:17:22,5,61,20.7,84,9.8,1014.5,1019.4,0,0.3,10,742.2,0
2017-05-28 02:22:22,5,61,20.7,84,9.8,1014.6,1019.5,0,0,10,742.2,0
2017-05-28 02:27:22,5,61,20.7,84,9.8,1014.6,1019.5,0,0,10,742.2,0
2017-05-28 02:32:22,5,61,20.7,84,9.8,1014.7,1019.6,0,0.3,10,742.2,0
2017-05-28 02:37:22,5,61,20.7,85,9.9,1014.7,1019.6,0,0,10,742.2,0
2017-05-28 02:42:22,5,61,20.7,85,9.9,1014.7,1019.6,0,0,8,742.2,0
2017-05-28 02:47:22,5,61,20.7,85,9.9,1014.8,1019.7,0,0,8,742.2,0
2017-05-28 02:52:22,5,61,20.7,85,9.8,1014.8,1019.7,0,0,2,742.2,0
2017-05-28 02:57:22,5,61,20.6,85,9.9,1014.9,1019.8,0,0,2,742.2,0
2017-05-28 03:02:22,5,61,20.6,85,9.9,1015,1019.9,0,0,10,742.2,0
2017-05-28 03:07:22,5,61,20.6,84,10,1014.8,1019.7,0,0,2,742.2,0
2017-05-28 03:12:22,5,61,20.6,84,10,1015.1,1020,0,0,9,742.2,0
2017-05-28 03:17:22,5,61,20.6,84,10,1014.9,1019.8,0,0,10,742.2,0
2017-05-28 03:22:22,5,61,20.6,84,10,1014.8,1019.7,0,0,10,742.2,0
2017-05-28 03:27:22,5,61,20.6,84,10,1014.9,1019.8,0,0,10,742.2,0
2017-05-28 03:32:22,5,61,20.6,84,10.1,1014.8,1019.7,0,0,10,742.2,0
2017-05-28 03:37:22,5,61,20.6,84,10,1014.8,1019.7,0,0,10,742.2,0
2017-05-28 03:42:22,5,61,20.5,84,10,1014.7,1019.6,0,0,10,742.2,0
2017-05-28 03:47:22,5,61,20.6,84,10,1014.6,1019.5,0,0,10,742.2,0
2017-05-28 03:52:22,5,61,20.6,84,10.1,1014.7,1019.6,0,0,10,742.2,0
2017-05-28 03:57:22,5,61,20.6,84,10,1014.7,1019.6,0,0,10,742.2,0
2017-05-28 04:02:22,5,61,20.6,84,10,1014.7,1019.6,0,0,10,742.2,0
2017-05-28 04:07:22,5,61,20.5,84,10,1014.6,1019.5,0,0,10,742.2,0
2017-05-28 04:12:22,5,61,20.5,84,10,1014.7,1019.6,0,0,10,742.2,0
2017-05-28 04:17:22,5,61,20.6,84,10,1014.7,1019.6,0,0,10,742.2,0
2017-05-28 04:22:22,5,61,20.5,84,10,1014.7,1019.6,0,0,10,742.2,0
2017-05-28 04:27:22,5,61,20.5,84,10,1014.6,1019.5,0,0,10,742.2,0
2017-05-28 04:32:22,5,61,20.5,85,9.9,1014.5,1019.4,0,0,10,742.2,0
2017-05-28 04:37:22,5,61,20.5,85,9.9,1014.7,1019.6,0,0,10,742.2,0
2017-05-28 04:42:22,5,61,20.5,85,9.9,1014.6,1019.5,0,0,10,742.2,0
2017-05-28 04:47:22,5,61,20.5,85,9.9,1014.6,1019.5,0,0,10,742.2,0
2017-05-28 04:52:22,5,60,20.5,85,9.9,1014.7,1019.6,0,0,10,742.2,0
2017-05-28 04:57:22,5,61,20.5,84,10,1014.9,1019.8,0,0.3,10,742.2,0
2017-05-28 05:02:22,5,61,20.5,85,9.9,1014.8,1019.7,0.7,1,2,742.2,0
2017-05-28 05:07:22,5,61,20.5,84,10,1014.9,1019.8,0.7,1,2,742.2,0
2017-05-28 05:12:22,5,61,20.5,84,10,1014.8,1019.7,0.7,1,2,742.2,0
2017-05-28 05:17:22,5,61,20.5,84,10.1,1015,1019.9,0.7,1,2,742.2,0
2017-05-28 05:22:22,5,61,20.5,84,10.1,1015,1019.9,1,1.4,2,742.2,0
2017-05-28 05:27:22,5,61,20.5,84,10.2,1015,1019.9,0.3,0.7,2,742.2,0
2017-05-28 05:32:22,5,61,20.5,84,10.3,1015,1019.9,0.3,0.7,0,742.2,0
2017-05-28 05:37:22,5,61,20.5,85,10.4,1014.8,1019.7,0.3,0.7,0,742.2,0
2017-05-28 05:42:22,5,61,20.5,85,10.5,1014.8,1019.7,0.3,0.7,0,742.2,0
2017-05-28 05:47:22,5,60,20.5,85,10.8,1014.9,1019.8,0.3,0.7,0,742.2,0
2017-05-28 05:52:22,5,60,20.5,85,10.9,1015.1,1020,0.7,1.4,2,742.2,0
2017-05-28 05:57:22,5,61,20.5,85,10.8,1015.2,1020.1,1,1.7,2,742.2,0
2017-05-28 06:02:22,5,61,20.5,85,10.8,1015.3,1020.2,1,1.4,12,742.2,0
2017-05-28 06:07:22,5,60,20.5,85,10.9,1015.3,1020.2,0.7,1.4,2,742.2,0
2017-05-28 06:12:22,5,60,20.5,83,11.1,1015.3,1020.2,0.7,1,4,742.2,0
2017-05-28 06:17:22,5,60,20.5,83,11.3,1015.3,1020.2,0.3,0.7,0,742.2,0
2017-05-28 06:22:22,5,60,20.5,83,11.4,1015.3,1020.2,0.7,1,0,742.2,0
2017-05-28 06:27:22,5,60,20.6,83,11.5,1015.3,1020.2,0.7,1,2,742.2,0
2017-05-28 06:32:22,5,60,20.6,83,11.6,1015.2,1020.1,1,1.4,0,742.2,0
2017-05-28 06:37:22,5,60,20.6,82,11.6,1015.2,1020.1,1,1.4,4,742.2,0
2017-05-28 06:42:22,5,60,20.6,81,11.6,1015.2,1020.1,1.4,1.7,0,742.2,0
2017-05-28 06:47:22,5,60,20.6,79,11.7,1015.2,1020.1,0.7,1.4,2,742.2,0
2017-05-28 06:52:22,5,60,20.6,78,11.8,1015.3,1020.2,1.4,2,0,742.2,0
2017-05-28 06:57:22,5,60,20.6,77,11.9,1015,1019.9,1.4,1.7,0,742.2,0
2017-05-28 07:02:22,5,60,20.6,76,12.2,1015.2,1020.1,1,1.4,0,742.2,0
2017-05-28 07:07:22,5,60,20.6,74,12.6,1015.1,1020,1,1.7,2,742.2,0
2017-05-28 07:12:22,5,60,20.6,72,12.8,1015.3,1020.2,1.4,1.7,2,742.2,0
2017-05-28 07:17:22,5,60,20.6,72,12.6,1015.4,1020.3,1.4,2,0,742.2,0
2017-05-28 07:22:22,5,60,20.7,72,12.9,1015.4,1020.3,1.4,2,0,742.2,0
2017-05-28 07:27:22,5,60,20.7,71,13.5,1015.4,1020.3,0.3,0.7,0,742.2,0
2017-05-28 07:32:22,5,60,20.7,69,14.2,1015.4,1020.3,1,1.4,2,742.2,0
2017-05-28 07:37:22,5,60,20.7,66,14.4,1015.5,1020.4,1.7,2.4,2,742.2,0
2017-05-28 07:42:22,5,60,20.7,62,14.4,1015.4,1020.3,1.7,2.7,0,742.2,0
2017-05-28 07:47:22,5,60,20.8,60,14.5,1015.4,1020.3,0.3,1,2,742.2,0
2017-05-28 07:52:22,5,60,20.8,58,14.5,1015.6,1020.5,1,1.4,0,742.2,0
2017-05-28 07:57:22,5,60,20.8,59,14.7,1015.7,1020.6,0.3,1,2,742.2,0
2017-05-28 08:02:22,5,60,20.8,59,14.8,1015.6,1020.5,1.4,2,0,742.2,0
2017-05-28 08:07:22,5,60,20.8,59,14.7,1015.6,1020.5,1,1.4,0,742.2,0
2017-05-28 08:12:22,5,60,20.8,59,15,1015.5,1020.4,0.7,1,4,742.2,0
2017-05-28 08:17:22,5,60,20.8,57,15.1,1015.5,1020.4,1.4,1.7,0,742.2,0
2017-05-28 08:22:22,5,60,20.8,58,14.8,1015.4,1020.3,2,2.7,0,742.2,0
2017-05-28 08:27:22,5,60,20.8,58,14.5,1015.5,1020.4,0.7,1,0,742.2,0
2017-05-28 08:32:22,5,60,20.9,59,14.6,1015.5,1020.4,1.4,1.7,14,742.2,0
2017-05-28 08:37:22,5,60,20.9,60,14.7,1015.5,1020.4,1.4,1.7,0,742.2,0
2017-05-28 08:42:22,5,60,20.9,58,14.7,1015.6,1020.5,2,2.7,0,742.2,0
2017-05-28 08:47:22,5,60,20.9,57,14.4,1015.4,1020.3,1.7,2.4,0,742.2,0
2017-05-28 08:52:22,5,60,20.9,58,14.3,1015.6,1020.5,0.7,1,0,742.2,0
2017-05-28 08:57:22,5,60,20.9,57,14.6,1015.6,1020.5,1.7,2.7,0,742.2,0
2017-05-28 09:02:22,5,60,20.9,56,14.4,1015.5,1020.4,1.4,1.7,0,742.2,0
2017-05-28 09:07:22,5,59,21,58,14.9,1015.6,1020.5,0.3,0.7,14,742.2,0
2017-05-28 09:12:22,5,59,21,57,15.3,1015.7,1020.6,0,0.7,14,742.2,0
2017-05-28 09:17:22,5,59,21,55,15.3,1015.7,1020.6,1.4,2,0,742.2,0
2017-05-28 09:22:22,5,59,21,54,15.3,1015.7,1020.6,1.4,1.7,0,742.2,0
2017-05-28 09:27:22,5,59,21,55,15.5,1015.7,1020.6,1.4,2.4,0,742.2,0
2017-05-28 09:32:22,5,59,21,54,15.6,1015.4,1020.3,2.4,2.7,0,742.2,0
2017-05-28 09:37:22,5,59,21,54,15.5,1015.4,1020.3,1.7,2.7,2,742.2,0
2017-05-28 09:42:22,5,59,21.1,57,15.7,1015.5,1020.4,2.4,4.4,12,742.2,0
2017-05-28 09:47:22,5,59,21.1,54,16.1,1015.4,1020.3,0.7,1,14,742.2,0
2017-05-28 09:52:22,5,59,21.1,53,17.4,1015.4,1020.3,1,1.4,14,742.2,0
2017-05-28 09:57:22,5,59,21.1,46,17.7,1015.6,1020.5,2.7,3.4,0,742.2,0
2017-05-28 10:02:22,5,59,21.2,50,16.7,1015.6,1020.5,1.4,1.7,1,742.2,0
2017-05-28 10:07:22,5,59,21.2,52,16.4,1015.5,1020.4,1,1.7,14,742.2,0
2017-05-28 10:12:22,5,59,21.2,54,16.8,1015.3,1020.2,0.3,0.7,14,742.2,0
2017-05-28 10:17:22,5,59,21.2,52,17.7,1015.3,1020.2,0.3,1,14,742.2,0
2017-05-28 10:22:22,5,59,21.2,50,18.3,1015.3,1020.2,0.3,0.7,14,742.2,0
2017-05-28 10:27:22,5,59,21.2,48,17.6,1015.3,1020.2,0.7,1.4,14,742.2,0
2017-05-28 10:32:22,5,59,21.2,51,17.6,1015.6,1020.5,1.7,3.1,14,742.2,0
2017-05-28 10:37:22,5,59,21.2,51,17.2,1015.5,1020.4,0.7,1.4,10,742.2,0
2017-05-28 10:42:22,5,59,21.2,51,17.6,1015.5,1020.4,2.4,3.1,0,742.2,0
2017-05-28 10:47:22,5,59,21.2,46,17.6,1015.5,1020.4,1.4,2,14,742.2,0
2017-05-28 10:52:22,5,59,21.2,50,17.7,1015.4,1020.3,1.4,1.7,0,742.2,0
2017-05-28 10:57:22,5,59,21.2,49,17.1,1015.3,1020.2,2,2.7,0,742.2,0
2017-05-28 11:02:22,5,59,21.2,51,16.4,1015.3,1020.2,2.4,3.1,0,742.2,0
2017-05-28 11:07:22,5,59,21.2,52,16.8,1015.4,1020.3,2.4,3.1,0,742.2,0
2017-05-28 11:12:22,5,59,21.2,51,17.8,1015.4,1020.3,1.7,2,0,742.2,0
2017-05-28 11:17:22,5,59,21.2,50,18.1,1015.4,1020.3,0.3,1,0,742.2,0
2017-05-28 11:22:22,5,59,21.2,45,18.5,1015.3,1020.2,1.4,2,2,742.2,0
2017-05-28 11:27:22,5,59,21.2,48,18.1,1015.2,1020.1,2.4,3.4,14,742.2,0
2017-05-28 11:32:22,5,59,21.5,47,18.6,1015,1019.9,0.7,1,14,742.2,0
2017-05-28 11:37:22,5,59,21.5,47,19.1,1015.1,1020,1.4,2,0,742.2,0
2017-05-28 11:42:22,5,59,21.5,48,18.4,1015.1,1020,0.3,0.7,14,742.2,0
2017-05-28 11:47:22,5,59,21.5,49,18.3,1015,1019.9,1,1.4,0,742.2,0
2017-05-28 11:52:22,5,59,21.5,46,19.1,1015,1019.9,1,2,4,742.2,0
2017-05-28 11:57:22,5,59,21.5,46,18.8,1015,1019.9,2.7,4.4,0,742.2,0
2017-05-28 12:02:22,5,59,21.5,49,18,1015,1019.9,1.4,2.4,14,742.2,0
2017-05-28 12:07:22,5,59,21.5,51,17.6,1014.9,1019.8,3.4,4.4,0,742.2,0
2017-05-28 12:12:22,5,59,21.5,51,17.1,1015,1019.9,0.3,1,8,742.2,0
2017-05-28 12:17:22,5,59,21.5,48,17.9,1015.1,1020,1.4,2,0,742.2,0
2017-05-28 12:22:22,5,59,21.6,51,17.7,1015.1,1020,3.1,4.4,0,742.2,0
2017-05-28 12:27:22,5,59,21.6,51,17.9,1015.1,1020,1.4,3.1,14,742.2,0
2017-05-28 12:32:22,5,59,21.6,48,18.4,1014.8,1019.7,3.1,3.7,0,742.2,0
2017-05-28 12:37:22,5,59,21.6,49,18.4,1014.7,1019.6,3.1,3.7,0,742.2,0
2017-05-28 12:42:22,5,59,21.7,51,18.7,1014.6,1019.5,1.4,2.4,2,742.2,0
2017-05-28 12:47:22,5,59,21.7,48,18.9,1014.6,1019.5,2.7,3.4,2,742.2,0
2017-05-28 12:52:22,5,59,21.7,49,19.3,1014.5,1019.4,0.7,1.7,14,742.2,0
2017-05-28 12:57:22,5,59,21.8,44,20.1,1014.5,1019.4,3.4,4.8,0,742.2,0
2017-05-28 13:02:22,5,59,21.9,45,19.5,1014.6,1019.5,2.7,3.7,0,742.2,0
2017-05-28 13:07:22,5,59,21.9,46,19,1014.6,1019.5,2.7,3.1,0,742.2,0
2017-05-28 13:12:22,5,59,21.9,46,20,1014.4,1019.3,2,2.4,0,742.2,0
2017-05-28 13:17:22,5,58,22,44,20,1014.4,1019.3,0.7,1.7,0,742.2,0
2017-05-28 13:22:22,5,59,21.9,46,19.1,1014.4,1019.3,3.1,4.1,11,742.2,0
2017-05-28 13:27:22,5,58,22,49,18.3,1014.2,1019.1,1.4,3.7,1,742.2,0
2017-05-28 13:32:22,5,58,22,48,18.7,1014.2,1019.1,2,3.4,12,742.2,0
2017-05-28 13:37:22,5,58,22.1,48,19,1014.2,1019.1,5.1,6.5,0,742.2,0
2017-05-28 13:42:22,5,58,22.1,49,18,1014,1018.9,2,3.1,0,742.2,0
2017-05-28 13:47:22,5,58,22.1,49,18,1013.9,1018.8,2.7,3.7,14,742.2,0
2017-05-28 13:52:21,5,58,22.1,48,19,1014,1018.9,0.3,1.4,0,742.2,0
2017-05-28 13:57:21,5,58,22.2,48,19.3,1014,1018.9,1.7,2.7,2,742.2,0
2017-05-28 14:02:21,5,58,22.2,48,18.6,1014,1018.9,2,2.7,2,742.2,0
2017-05-28 14:07:21,5,58,22.1,48,18.8,1014,1018.9,2.4,3.7,2,742.2,0
2017-05-28 14:12:21,5,58,22.2,47,19.1,1014.1,1019,2,2.7,2,742.2,0
2017-05-28 14:17:21,5,58,22.3,49,18.7,1014,1018.9,1.7,2.7,2,742.2,0
2017-05-28 14:22:21,5,58,22.3,46,19.1,1013.7,1018.6,1.4,2,0,742.2,0
2017-05-28 14:27:21,5,58,22.4,45,19.3,1013.5,1018.4,0.7,1.4,2,742.2,0
2017-05-28 14:32:21,5,58,22.5,46,19.5,1013.7,1018.6,2.7,3.7,2,742.2,0
2017-05-28 14:37:21,5,58,22.5,46,19.9,1013.7,1018.6,2,2.7,0,742.2,0
2017-05-28 14:42:21,5,58,22.6,46,19.3,1013.9,1018.8,3.1,4.1,0,742.2,0
2017-05-28 14:47:21,5,58,22.7,47,19.5,1013.7,1018.6,3.1,3.7,2,742.2,0
2017-05-28 14:52:21,5,58,22.6,47,19.7,1013.6,1018.5,2,2.7,0,742.2,0
2017-05-28 14:57:21,5,58,22.7,47,20,1013.5,1018.4,3.1,4.1,2,742.2,0
2017-05-28 15:02:21,5,58,22.8,46,19.6,1013.5,1018.4,1.4,2.7,4,742.2,0
2017-05-28 15:07:21,5,58,22.8,47,19,1013.5,1018.4,2,2.7,14,742.2,0
2017-05-28 15:12:21,5,58,22.9,46,19.1,1013.6,1018.5,1.4,2,2,742.2,0
2017-05-28 15:17:21,5,58,22.9,47,19.1,1013.7,1018.6,0.7,1,12,742.2,0
2017-05-28 15:22:21,5,58,22.9,48,18.5,1013.4,1018.3,1.7,3.1,4,742.2,0
2017-05-28 15:27:21,5,58,22.9,49,18.3,1013.4,1018.3,2.4,3.4,2,742.2,0
2017-05-28 15:32:21,5,58,22.9,49,18,1013.4,1018.3,2.4,3.1,2,742.2,0
2017-05-28 15:37:21,5,58,22.9,52,17.9,1013.3,1018.2,2,3.4,2,742.2,0
2017-05-28 15:42:21,5,58,23,49,18.2,1013.3,1018.2,1,1.7,4,742.2,0
2017-05-28 15:47:21,5,58,23,50,18.4,1013.4,1018.3,2.4,3.4,0,742.2,0
2017-05-28 15:52:21,5,58,23,50,18.5,1013.3,1018.2,2.4,3.1,2,742.2,0
2017-05-28 15:57:21,5,58,23,49,18.5,1013.2,1018.1,2.4,3.1,0,742.2,0
2017-05-28 16:02:21,5,58,23,48,18.5,1013.1,1018,2.7,3.4,2,742.2,0
2017-05-28 16:07:21,5,58,23,50,18.4,1013.1,1018,1.4,2.4,2,742.2,0
2017-05-28 16:12:21,5,58,23,50,18.2,1013,1017.9,1,1.4,0,742.2,0
2017-05-28 16:17:21,5,58,23,49,18.4,1013,1017.9,0.3,1,0,742.2,0
2017-05-28 16:22:21,5,58,23,49,18.8,1013,1017.9,1.7,2.4,0,742.2,0
2017-05-28 16:27:21,5,58,23,50,18.6,1012.8,1017.7,1.4,2.7,0,742.2,0
2017-05-28 16:32:21,5,58,23,50,17.9,1012.9,1017.8,2.4,3.7,0,742.2,0
2017-05-28 16:37:21,5,58,23,52,17.7,1012.8,1017.7,2.7,3.4,2,742.2,0
2017-05-28 16:42:21,5,58,23,52,17.4,1013,1017.9,1,1.7,0,742.2,0
2017-05-28 16:47:21,5,58,22.9,52,17.5,1012.7,1017.6,1,2,0,742.2,0
2017-05-28 16:52:21,5,58,22.9,52,17.5,1012.6,1017.5,1.7,2,2,742.2,0
2017-05-28 16:57:21,5,58,22.9,52,17.5,1012.5,1017.4,1.7,3.1,2,742.2,0
2017-05-28 17:02:21,5,58,22.9,54,17.4,1012.5,1017.4,2,2.7,13,742.2,0
2017-05-28 17:07:21,5,58,22.8,53,17.2,1012.5,1017.4,2.4,2.7,0,742.2,0
2017-05-28 17:12:21,5,58,22.8,55,17.4,1012.4,1017.3,2.7,3.1,0,742.2,0
2017-05-28 17:17:21,5,58,22.7,54,17.4,1012.3,1017.2,2.4,2.7,0,742.2,0
2017-05-28 17:22:21,5,58,22.7,54,17.1,1012.2,1017.1,2,2.7,2,742.2,0
2017-05-28 17:27:21,5,58,22.7,54,17,1012.3,1017.2,1.7,2,4,742.2,0
2017-05-28 17:32:21,5,58,22.7,54,17,1012.3,1017.2,1.4,2,0,742.2,0
2017-05-28 17:37:21,5,58,22.7,55,16.9,1012.4,1017.3,1.4,2,1,742.2,0
2017-05-28 17:42:21,5,58,22.7,55,16.8,1012.4,1017.3,1.4,2,0,742.2,0
2017-05-28 17:47:21,5,58,22.6,56,16.8,1012.4,1017.3,1,2,0,742.2,0
2017-05-28 17:52:21,5,58,22.6,56,16.8,1012.4,1017.3,1.7,2.4,0,742.2,0
2017-05-28 17:57:21,5,58,22.6,56,16.7,1012.4,1017.3,0.7,1.4,0,742.2,0
2017-05-28 18:02:21,5,58,22.5,56,16.7,1012.4,1017.3,0.7,1.4,2,742.2,0
2017-05-28 18:07:21,5,58,22.5,56,16.7,1012.4,1017.3,1.7,2.4,0,742.2,0
2017-05-28 18:12:21,5,58,22.5,57,16.6,1012.5,1017.4,1,1.7,2,742.2,0
2017-05-28 18:17:21,5,58,22.5,57,16.6,1012.5,1017.4,0.7,1,0,742.2,0
2017-05-28 18:22:21,5,58,22.4,58,16.5,1012.6,1017.5,0.7,1,0,742.2,0
2017-05-28 18:27:21,5,57,22.4,58,16.6,1012.4,1017.3,0.3,1,0,742.2,0
2017-05-28 18:32:21,5,52,22.3,58,16.6,1012.4,1017.3,0.7,1.4,2,742.2,0
2017-05-28 18:37:21,5,51,22.2,59,16.6,1012.5,1017.4,1,1.4,0,742.2,0
2017-05-28 18:42:21,5,51,22.1,59,16.5,1012.5,1017.4,0.3,1,0,742.2,0
2017-05-28 18:47:21,5,50,22,60,16.5,1012.4,1017.3,1.4,1.7,0,742.2,0
2017-05-28 18:52:21,5,50,22,61,16.3,1012.5,1017.4,1.4,2,0,742.2,0
2017-05-28 18:57:21,5,51,21.9,62,16.1,1012.6,1017.5,1.4,1.7,0,742.2,0
2017-05-28 19:02:21,5,51,21.7,62,16,1012.4,1017.3,1,1.7,0,742.2,0
2017-05-28 19:07:21,5,51,21.6,63,15.8,1012.4,1017.3,1,1.7,0,742.2,0
2017-05-28 19:12:21,5,51,21.5,63,15.7,1012.5,1017.4,1.4,1.7,14,742.2,0
2017-05-28 19:17:21,5,52,21.5,64,15.6,1012.5,1017.4,1,1.4,0,742.2,0
2017-05-28 19:22:21,5,52,21.2,64,15.5,1012.5,1017.4,1,1.7,0,742.2,0
2017-05-28 19:27:21,5,53,21.2,64,15.4,1012.5,1017.4,0.7,1.4,0,742.2,0
2017-05-28 19:32:21,5,55,21.2,65,15.3,1012.5,1017.4,1,1.4,0,742.2,0
2017-05-28 19:37:21,5,55,21.2,65,15.2,1012.6,1017.5,0.7,1,0,742.2,0
2017-05-28 19:42:21,5,54,21.2,65,15.2,1012.5,1017.4,0.7,1,0,742.2,0
2017-05-28 19:47:21,5,53,21.2,66,15.1,1012.4,1017.3,1,1.7,0,742.2,0
2017-05-28 19:52:21,5,53,21.2,66,15,1012.6,1017.5,1,1.7,0,742.2,0
2017-05-28 19:57:21,5,53,21.2,67,14.9,1012.5,1017.4,1,1.4,0,742.2,0
2017-05-28 20:02:21,5,53,21.1,67,14.9,1012.5,1017.4,1,1.4,2,742.2,0
2017-05-28 20:07:21,5,53,21.1,67,14.8,1012.5,1017.4,1,1.7,0,742.2,0
2017-05-28 20:12:21,5,53,21,67,14.8,1012.5,1017.4,1,1.7,0,742.2,0
2017-05-28 20:17:21,5,54,21,67,14.7,1012.6,1017.5,0.7,1,0,742.2,0
2017-05-28 20:22:21,5,56,20.9,68,14.6,1012.4,1017.3,0.7,1.4,0,742.2,0
2017-05-28 20:27:21,5,56,21,68,14.5,1012.6,1017.5,0.3,1,0,742.2,0
2017-05-28 20:32:21,5,56,21.1,68,14.5,1012.6,1017.5,0.3,0.7,14,742.2,0
2017-05-28 20:37:21,5,56,21.1,68,14.4,1012.7,1017.6,0.7,1,0,742.2,0
2017-05-28 20:42:21,5,57,21,68,14.3,1012.6,1017.5,0.3,0.7,0,742.2,0
2017-05-28 20:47:21,5,57,21,69,14.2,1012.8,1017.7,0.7,1.4,0,742.2,0
2017-05-28 20:52:21,5,57,21,69,14.2,1012.6,1017.5,0.7,1,0,742.2,0
2017-05-28 20:57:21,5,57,21.1,69,14.1,1012.6,1017.5,0.7,1.4,2,742.2,0
2017-05-28 21:02:21,5,57,21.1,70,14,1012.5,1017.4,1,1.4,0,742.2,0
2017-05-28 21:07:21,5,58,21.1,72,13.9,1012.6,1017.5,2,2.7,0,742.2,0
2017-05-28 21:12:21,5,58,21.1,73,13.8,1012.7,1017.6,1,2,2,742.2,0
2017-05-28 21:17:21,5,58,21.1,74,13.7,1012.6,1017.5,1.4,2,0,742.2,0
2017-05-28 21:22:21,5,59,21.1,75,13.7,1012.5,1017.4,1.4,2,0,742.2,0
2017-05-28 21:27:21,5,59,21.2,75,13.5,1012.6,1017.5,1,2,4,742.2,0
2017-05-28 21:32:21,5,59,21.2,75,13.5,1012.6,1017.5,1,1.4,0,742.5,0
2017-05-28 21:37:21,5,59,21.2,75,13.5,1012.4,1017.3,1,1.4,2,742.5,0
2017-05-28 21:42:21,5,59,21.2,76,13.4,1012.5,1017.4,1,1.7,2,742.5,0
2017-05-28 21:47:21,5,59,21.2,76,13.3,1012.4,1017.3,1.4,2.4,15,742.5,0
2017-05-28 21:52:21,5,59,21.2,77,13.2,1012.4,1017.3,0.7,1.7,14,742.5,0
2017-05-28 21:57:21,5,59,21.2,77,13.2,1012.2,1017.1,1,1.4,14,742.5,0
2017-05-28 22:02:21,5,59,21.2,77,13.1,1012.3,1017.2,1.4,1.7,0,742.5,0
2017-05-28 22:07:21,5,59,21.2,78,13,1012.2,1017.1,0.7,1,0,742.5,0
2017-05-28 22:12:21,5,59,21.2,78,13,1012.1,1017,0.7,1,15,742.5,0
2017-05-28 22:17:21,5,59,21.2,79,12.9,1011.9,1016.8,1,1.7,14,742.5,0
2017-05-28 22:22:21,5,59,21.2,79,12.9,1012,1016.9,1.7,2,0,742.5,0
2017-05-28 22:27:21,5,59,21.2,79,12.9,1012,1016.9,1,1.7,0,742.5,0
2017-05-28 22:32:21,5,59,21.2,80,12.8,1012,1016.9,1,1.4,2,742.5,0
2017-05-28 22:37:21,5,59,21.2,80,12.7,1011.8,1016.7,1.4,1.7,0,742.5,0
2017-05-28 22:42:21,5,60,21.2,80,12.7,1011.9,1016.8,0.7,1,0,742.5,0
2017-05-28 22:47:21,5,60,21.2,81,12.7,1011.7,1016.6,0.3,0.7,2,742.5,0
2017-05-28 22:52:21,5,60,21.2,81,12.7,1011.8,1016.7,0.3,1,2,742.5,0
2017-05-28 22:57:21,5,60,21.2,81,12.6,1011.6,1016.5,0.7,1,0,742.5,0
2017-05-28 23:02:21,5,60,21.2,81,12.5,1011.7,1016.6,0.3,0.7,2,742.5,0
2017-05-28 23:07:21,5,60,21.2,81,12.5,1011.6,1016.5,0.3,1.7,2,742.5,0
2017-05-28 23:12:21,5,60,21.2,81,12.5,1011.6,1016.5,0.3,0.7,2,742.5,0
2017-05-28 23:17:21,5,60,21.2,81,12.5,1011.4,1016.3,0.7,1,4,742.5,0
2017-05-28 23:22:21,5,60,21.2,81,12.5,1011.2,1016.1,0.7,1,0,742.5,0
2017-05-28 23:27:21,5,60,21.2,81,12.4,1011.1,1016,0.3,0.7,0,742.5,0
2017-05-28 23:32:21,5,60,21.2,81,12.4,1011.2,1016.1,0.3,1,0,742.5,0
2017-05-28 23:37:21,5,60,21.2,81,12.4,1011.1,1016,0.7,1,0,742.5,0
2017-05-28 23:42:21,5,60,21.2,81,12.3,1011,1015.9,1,1.4,0,742.5,0
2017-05-28 23:47:21,5,60,21.2,81,12.3,1010.9,1015.8,0.7,1,0,742.5,0
2017-05-28 23:52:21,5,60,21.2,81,12.3,1010.9,1015.8,0.7,1,0,742.5,0
2017-05-28 23:57:21,5,60,21.2,81,12.2,1010.9,1015.8,1,1.7,0,742.5,0
