2021-01-13 00:01:29,5,60,20.1,99,10.2,1015.2,1020.1,0,0,10,1206,0
2021-01-13 00:06:29,5,60,20.1,99,10.2,1015.2,1020.1,0,0,14,1206,0
2021-01-13 00:11:29,5,60,20.1,99,10.2,1015.1,1020,0,0,8,1206,0
2021-01-13 00:16:29,5,60,20.1,99,10.2,1015.1,1020,0,0,11,1206,0
2021-01-13 00:21:29,5,60,20.1,99,10.2,1015.1,1020,0,0,10,1206,0
2021-01-13 00:26:29,5,60,20.1,99,10.2,1014.9,1019.8,0,0,14,1206.3,0
2021-01-13 00:31:29,5,60,20,99,10.2,1015.1,1020,0,0,10,1206.3,0
2021-01-13 00:36:29,5,60,20.1,99,10.2,1014.9,1019.8,0,0,10,1206.3,0
2021-01-13 00:41:29,5,60,20.1,99,10.2,1015,1019.9,0,0,10,1206.6,0
2021-01-13 00:46:29,5,60,20.1,99,10.2,1014.8,1019.7,0,0,10,1206.6,0
2021-01-13 00:51:29,5,60,20,99,10.2,1014.8,1019.7,0,0,10,1206.6,0
2021-01-13 00:56:29,5,60,20,99,10.2,1014.7,1019.6,0,0,9,1206.6,0
2021-01-13 01:01:29,5,60,20,99,10.2,1014.6,1019.5,0,0,14,1206.6,0
2021-01-13 01:06:29,5,60,20,99,10.2,1014.6,1019.5,0,0,14,1206.9,0
2021-01-13 01:11:29,5,60,20,99,10.2,1014.7,1019.6,0,0,8,1206.9,0
2021-01-13 01:16:29,5,60,20,99,10.2,1014.5,1019.4,0,0,8,1206.9,0
2021-01-13 01:21:29,5,60,20,99,10.2,1014.6,1019.5,0,0,10,1206.9,0
2021-01-13 01:26:29,5,60,20,99,10.2,1014.5,1019.4,0,0,8,1206.9,0
2021-01-13 01:31:29,5,60,20,99,10.2,1014.5,1019.4,0,0,13,1207.2,0
2021-01-13 01:36:29,5,60,20,99,10.2,1014.6,1019.5,0,0,14,1207.2,0
2021-01-13 01:41:29,5,60,20,99,10.3,1014.5,1019.4,0,0,10,1207.2,0
2021-01-13 01:46:29,5,61,19.9,99,10.3,1014.5,1019.4,0,0,10,1207.5,0
2021-01-13 01:51:29,5,61,19.9,99,10.3,1014.5,1019.4,0,0,10,1207.5,0
2021-01-13 01:56:29,5,61,19.9,99,10.3,1014.5,1019.4,0,0,10,1207.8,0
2021-01-13 02:01:29,5,61,19.9,99,10.3,1014.5,1019.4,0,0,10,1208.1,0
2021-01-13 02:06:29,5,61,19.9,99,10.3,1014.5,1019.4,0,0,12,1208.4,0
2021-01-13 02:11:29,5,60,19.9,99,10.3,1014.5,1019.4,0,0,14,1208.7,0
2021-01-13 02:16:29,5,60,19.9,99,10.3,1014.6,1019.5,0,0,8,1208.7,0
2021-01-13 02:21:29,5,60,19.9,99,10.4,1014.5,1019.4,0,0,10,1209,0
2021-01-13 02:26:29,5,60,19.9,99,10.4,1014.5,1019.4,0,0,10,1209.3,0
2021-01-13 02:31:29,5,60,19.9,99,10.4,1014.6,1019.5,0,0,10,1209.6,0
2021-01-13 02:36:29,5,60,19.9,99,10.4,1014.5,1019.4,0,0,,1209.6,0
2021-01-13 02:41:29,5,60,19.8,99,10.4,1014.7,1019.6,0,0,10,1209.9,0
2021-01-13 02:46:29,5,60,19.8,99,10.4,1014.6,1019.5,0,0,8,1209.9,0
2021-01-13 02:51:29,5,60,19.8,99,10.4,1014.7,1019.6,0,0,13,1210.2,0
2021-01-13 02:56:29,5,60,19.8,99,10.4,1014.6,1019.5,0,0,13,1210.2,0
2021-01-13 03:01:29,5,60,19.8,99,10.3,1014.6,1019.5,0,0,14,1210.5,0
2021-01-13 03:06:29,5,60,19.8,99,10.3,1014.7,1019.6,0,0,8,1210.5,0
2021-01-13 03:11:29,5,60,19.8,99,10.3,1014.6,1019.5,0,0,10,1210.8,0
2021-01-13 03:16:29,5,60,19.8,99,10.3,1014.6,1019.5,0,0,10,1210.8,0
2021-01-13 03:21:29,5,60,19.8,99,10.3,1014.6,1019.5,0,0,13,1210.8,0
2021-01-13 03:26:29,5,60,19.8,99,10.2,1014.5,1019.4,0,0,14,1211.1,0
2021-01-13 03:31:29,5,60,19.8,99,10.3,1014.6,1019.5,0,0,10,1211.1,0
2021-01-13 03:36:29,5,60,19.8,99,10.2,1014.6,1019.5,0,0,12,1211.1,0
2021-01-13 03:41:29,5,60,19.8,99,10.2,1014.6,1019.5,0,0,12,1211.1,0
2021-01-13 03:46:29,5,60,19.8,99,10.2,1014.5,1019.4,0,0,14,1211.1,0
2021-01-13 03:51:29,5,59,19.7,99,10.2,1014.7,1019.6,0,0,10,1211.1,0
2021-01-13 03:56:29,5,59,19.7,99,10.2,1014.5,1019.4,0,0,11,1211.1,0
2021-01-13 04:01:29,5,59,19.7,99,10.2,1014.5,1019.4,0,0,14,1211.4,0
2021-01-13 04:06:29,5,59,19.7,99,10.2,1014.5,1019.4,0,0,14,1211.4,0
2021-01-13 04:11:29,5,59,19.7,99,10.2,1014.7,1019.6,0,0,10,1211.4,0
2021-01-13 04:16:29,5,59,19.7,99,10.2,1014.5,1019.4,0,0,10,1211.4,0
2021-01-13 04:21:29,5,59,19.7,99,10.2,1014.4,1019.3,0,0,14,1211.4,0
2021-01-13 04:26:29,5,59,19.7,99,10.2,1014.4,1019.3,0,0,10,1211.4,0
2021-01-13 04:31:29,5,59,19.7,99,10.2,1014.3,1019.2,0,0,14,1211.4,0
2021-01-13 04:36:29,5,59,19.7,99,10.2,1014.5,1019.4,0,0,10,1211.4,0
2021-01-13 04:41:29,5,59,19.7,99,10.2,1014.5,1019.4,0,0,12,1211.4,0
2021-01-13 04:46:29,5,59,19.7,99,10.2,1014.5,1019.4,0,0,14,1211.4,0
2021-01-13 04:51:29,5,59,19.7,99,10.2,1014.5,1019.4,0,0,12,1211.4,0
2021-01-13 04:56:29,5,59,19.7,99,10.2,1014.6,1019.5,0,0,14,1211.4,0
2021-01-13 05:01:29,5,59,19.6,99,10.2,1014.7,1019.6,0,0,14,1211.4,0
2021-01-13 05:06:29,5,59,19.7,99,10.1,1014.6,1019.5,0,0,12,1211.4,0
2021-01-13 05:11:29,5,59,19.6,99,10.1,1014.6,1019.5,0,0,14,1211.4,0
2021-01-13 05:16:29,5,59,19.6,99,10.1,1014.6,1019.5,0,0,14,1211.4,0
2021-01-13 05:21:29,5,59,19.6,99,10.1,1014.5,1019.4,0,0,8,1211.4,0
2021-01-13 05:26:29,5,59,19.6,99,10.1,1014.4,1019.3,0,0,8,1211.4,0
2021-01-13 05:31:29,5,59,19.6,99,10.1,1014.5,1019.4,0,0,14,1211.4,0
2021-01-13 05:36:29,5,59,19.6,99,10.1,1014.5,1019.4,0,0,14,1211.4,0
2021-01-13 05:41:29,5,59,19.6,99,10.1,1014.6,1019.5,0,0,10,1211.4,0
2021-01-13 05:46:29,5,59,19.6,99,10,1014.6,1019.5,0,0,10,1211.4,0
2021-01-13 05:51:29,5,59,19.6,99,10,1014.6,1019.5,0,0,11,1211.4,0
2021-01-13 05:56:29,5,59,19.6,99,10,1014.7,1019.6,0,0,10,1211.4,0
2021-01-13 06:01:29,5,59,19.6,99,10,1014.8,1019.7,0,0,14,1211.4,0
2021-01-13 06:06:29,5,59,19.6,99,10,1014.7,1019.6,0,0,10,1211.4,0
2021-01-13 06:11:29,5,58,19.6,99,9.9,1014.8,1019.7,0,0,10,1211.4,0
2021-01-13 06:16:29,5,58,19.6,99,9.9,1014.9,1019.8,0,0,10,1211.4,0
2021-01-13 06:21:29,5,58,19.6,99,9.9,1014.7,1019.6,0,0,14,1211.4,0
2021-01-13 06:26:29,5,58,19.6,99,9.9,1014.5,1019.4,0,0,10,1211.4,0
2021-01-13 06:31:29,5,58,19.5,99,9.9,1014.6,1019.5,0,0,10,1211.4,0
2021-01-13 06:36:29,5,58,19.5,99,9.9,1014.7,1019.6,0,0,12,1211.4,0
2021-01-13 06:41:29,5,58,19.5,99,9.8,1014.7,1019.6,0,0,0,1211.4,0
2021-01-13 06:46:29,5,58,19.5,99,9.8,1014.7,1019.6,0,0,9,1211.4,0
2021-01-13 06:51:29,5,58,19.5,99,9.8,1014.7,1019.6,0,0,10,1211.4,0
2021-01-13 06:56:29,5,58,19.5,99,9.8,1014.6,1019.5,0,0,11,1211.4,0
2021-01-13 07:01:29,5,58,19.5,99,9.8,1014.7,1019.6,0,0,14,1211.4,0
2021-01-13 07:06:29,5,58,19.5,99,9.8,1014.6,1019.5,0,0,14,1211.4,0
2021-01-13 07:11:29,5,58,19.5,99,9.8,1014.7,1019.6,0,0,14,1211.4,0
2021-01-13 07:16:29,5,58,19.5,99,9.8,1014.7,1019.6,0,0,10,1211.4,0
2021-01-13 07:21:29,5,58,19.5,99,9.8,1014.7,1019.6,0,0,10,1211.4,0
2021-01-13 07:26:29,5,58,19.5,99,9.8,1015,1019.9,0,0,14,1211.4,0
2021-01-13 07:31:29,5,58,19.5,99,9.8,1014.7,1019.6,0,0,10,1211.4,0
2021-01-13 07:36:29,5,58,19.5,99,9.8,1014.8,1019.7,0,0,14,1211.4,0
2021-01-13 07:41:29,5,58,19.5,99,9.8,1014.7,1019.6,0,0,8,1211.4,0
2021-01-13 07:46:29,5,58,19.5,99,9.8,1014.9,1019.8,0,0,10,1211.4,0
2021-01-13 07:51:29,5,58,19.5,99,9.8,1014.8,1019.7,0,0,8,1211.4,0
2021-01-13 07:56:29,5,58,19.5,99,9.8,1014.8,1019.7,0,0,8,1211.4,0
2021-01-13 08:01:29,5,58,19.5,99,9.8,1014.8,1019.7,0,0,10,1211.4,0
2021-01-13 08:06:29,5,58,19.5,99,9.8,1014.8,1019.7,0,0,10,1211.4,0
2021-01-13 08:11:29,5,58,19.5,99,9.9,1014.9,1019.8,0,0,14,1211.4,0
2021-01-13 08:16:29,5,58,19.5,99,9.9,1014.7,1019.6,0,0,10,1211.4,0
2021-01-13 08:21:29,5,58,19.5,99,9.9,1014.8,1019.7,0,0,10,1211.4,0
2021-01-13 08:26:29,5,58,19.5,99,9.9,1014.9,1019.8,0,0,14,1211.4,0
2021-01-13 08:31:29,5,58,19.4,99,9.9,1014.8,1019.7,0,0,8,1211.4,0
2021-01-13 08:36:29,5,58,19.4,99,9.9,1014.9,1019.8,0,0,10,1211.4,0
2021-01-13 08:41:29,5,58,19.4,99,10,1014.9,1019.8,0,0,10,1211.4,0
2021-01-13 08:46:29,5,58,19.5,99,10,1014.8,1019.7,0,0,10,1211.4,0
2021-01-13 08:51:29,5,58,19.5,99,10,1014.9,1019.8,0,0,10,1211.4,0
2021-01-13 08:56:29,5,58,19.4,99,10,1014.9,1019.8,0,0,8,1211.4,0
2021-01-13 09:01:29,5,58,19.5,99,10,1015,1019.9,0,0,10,1211.4,0
2021-01-13 09:06:29,5,58,19.4,99,10,1014.9,1019.8,0,0,14,1211.4,0
2021-01-13 09:11:29,5,58,19.4,99,10.1,1015,1019.9,0,0,10,1211.4,0
2021-01-13 09:16:29,5,58,19.4,99,10.1,1014.9,1019.8,0,0,12,1211.4,0
2021-01-13 09:21:29,5,58,19.4,99,10.1,1014.8,1019.7,0,0,14,1211.4,0
2021-01-13 09:26:29,5,59,19.4,99,10.2,1015.4,1020.3,0,0,10,1211.4,0
2021-01-13 09:31:29,5,59,19.5,99,10.2,1015,1019.9,0,0,14,1211.4,0
2021-01-13 09:36:29,5,60,19.6,99,10.2,1015,1019.9,0,0,10,1211.4,0
2021-01-13 09:41:29,5,60,19.6,99,10.2,1014.9,1019.8,0,0,10,1211.4,0
2021-01-13 09:46:29,5,61,19.6,99,10.3,1014.8,1019.7,0,0,10,1211.4,0
2021-01-13 09:51:29,5,61,19.7,99,10.3,1015,1019.9,0,0,8,1211.4,0
2021-01-13 09:56:29,5,61,19.7,99,10.3,1015,1019.9,0,0,10,1211.4,0
2021-01-13 10:01:29,5,61,19.8,99,10.3,1015.1,1020,0,0,10,1211.4,0
2021-01-13 10:06:29,5,61,19.9,99,10.3,1015.1,1020,0,0,10,1211.4,0
2021-01-13 10:11:31,5,61,19.9,99,10.4,1015.1,1020,0,0,11,1211.4,0
2021-01-13 10:16:29,5,60,20,99,10.4,1015,1019.9,0,0,10,1211.4,0
2021-01-13 10:21:29,5,60,20,99,10.4,1014.9,1019.8,0,0,10,1211.4,0
2021-01-13 10:26:29,5,60,20,99,10.4,1015,1019.9,0,0,10,1211.4,0
2021-01-13 10:31:29,5,60,20.1,99,10.5,1014.9,1019.8,0,0,10,1211.4,0
2021-01-13 10:36:29,5,60,20.2,99,10.5,1015.1,1020,0,0,8,1211.4,0
2021-01-13 10:41:29,5,60,20.3,99,10.5,1015,1019.9,0,0,14,1211.4,0
2021-01-13 10:46:29,5,60,20.3,99,10.5,1015,1019.9,0,0,10,1211.4,0
2021-01-13 10:51:29,5,61,20.5,99,10.5,1015,1019.9,0,0,11,1211.4,0
2021-01-13 10:56:29,5,60,20.6,99,10.5,1014.9,1019.8,0,0,8,1211.4,0
2021-01-13 11:01:29,5,60,20.7,99,10.5,1014.9,1019.8,0,0,12,1211.4,0
2021-01-13 11:06:29,5,60,20.8,99,10.5,1015,1019.9,0,0,10,1211.4,0
2021-01-13 11:11:29,5,60,20.9,99,10.5,1014.8,1019.7,0,0,8,1211.4,0
2021-01-13 11:16:29,5,60,20.9,99,10.6,1014.8,1019.7,0,0,14,1211.4,0
2021-01-13 11:21:29,5,59,21,99,10.6,1014.7,1019.6,0,0,10,1211.4,0
2021-01-13 11:26:29,5,58,21.1,99,10.6,1014.6,1019.5,0,0,10,1211.4,0
2021-01-13 11:31:29,5,58,21.1,99,10.6,1014.8,1019.7,0,0,10,1211.4,0
2021-01-13 11:36:29,5,58,21.1,99,10.6,1014.6,1019.5,0,0,10,1211.4,0
2021-01-13 11:41:29,5,58,21.1,99,10.6,1014.7,1019.6,0,0,8,1211.4,0
2021-01-13 11:46:29,5,58,21.1,99,10.7,1014.6,1019.5,0,0,10,1211.7,0
2021-01-13 11:51:29,5,58,21.1,99,10.7,1014.5,1019.4,0,0,8,1211.7,0
2021-01-13 11:56:29,5,57,21.2,99,10.7,1014.6,1019.5,0,0,8,1211.7,0
2021-01-13 12:01:29,5,57,21.1,,,1014.5,1019.4,,,,1211.7,64
2021-01-13 12:06:29,5,57,21.1,,,1014.4,1019.3,,,,1211.7,64
2021-01-13 12:11:29,5,56,21,,,1014.2,1019.1,,,,1211.7,64
2021-01-13 12:16:29,5,57,20.9,,,1014.3,1019.2,,,,1211.7,64
2021-01-13 12:21:29,5,58,20.9,,,1014.2,1019.1,,,,1211.7,64
2021-01-13 12:26:29,5,58,20.8,,,1014,1018.9,,,,1211.7,64
2021-01-13 12:31:29,5,58,20.8,,,1014,1018.9,,,,1211.7,64
2021-01-13 12:36:29,5,58,20.7,,,1013.9,1018.8,,,,1211.7,64
2021-01-13 12:41:29,5,58,20.7,,,1013.9,1018.8,,,,1211.7,64
2021-01-13 12:46:29,5,58,20.7,,,1013.9,1018.8,,,,1211.7,64
2021-01-13 12:51:29,5,58,20.7,,,1013.9,1018.8,,,,1211.7,64
2021-01-13 12:56:29,5,58,20.7,,,1013.9,1018.8,,,,1211.7,64
2021-01-13 13:01:29,5,58,20.6,,,1013.8,1018.7,,,,1211.7,64
2021-01-13 13:06:29,5,58,20.6,,,1013.6,1018.5,,,,1211.7,64
2021-01-13 13:11:29,5,58,20.6,,,1013.6,1018.5,,,,1211.7,64
2021-01-13 13:16:29,5,58,20.6,,,1013.5,1018.4,,,,1211.7,64
2021-01-13 13:21:29,5,58,20.5,,,1013.6,1018.5,,,,1211.7,64
2021-01-13 13:26:29,5,58,20.5,,,1013.5,1018.4,,,,1211.7,64
2021-01-13 13:31:29,5,58,20.5,,,1013.5,1018.4,,,,1211.7,64
2021-01-13 13:36:29,5,58,20.4,,,1013.3,1018.2,,,,1211.7,64
2021-01-13 13:41:29,5,58,20.4,,,1013.5,1018.4,,,,1211.7,64
2021-01-13 13:46:29,5,59,20.4,,,1013.4,1018.3,,,,1211.7,64
2021-01-13 13:51:29,5,59,20.4,,,1013.2,1018.1,,,,1211.7,64
2021-01-13 13:56:29,5,60,20.4,,,1013.1,1018,,,,1211.7,64
2021-01-13 14:01:29,5,60,20.5,,,1013.1,1018,,,,1211.7,64
2021-01-13 14:06:29,5,60,20.5,,,1013.1,1018,,,,1211.7,64
2021-01-13 14:11:29,5,60,20.5,,,1012.9,1017.8,,,,1211.7,64
2021-01-13 14:16:29,5,60,20.5,,,1012.9,1017.8,,,,1211.7,64
2021-01-13 14:21:29,5,60,20.5,,,1013,1017.9,,,,1211.7,64
2021-01-13 14:26:29,5,60,20.6,,,1012.9,1017.8,,,,1211.7,64
2021-01-13 14:31:29,5,60,20.6,,,1012.8,1017.7,,,,1211.7,64
2021-01-13 14:36:29,5,60,20.6,,,1012.8,1017.7,,,,1211.7,64
2021-01-13 14:41:29,5,60,20.6,,,1012.7,1017.6,,,,1211.7,64
2021-01-13 14:46:29,5,60,20.6,,,1012.6,1017.5,,,,1211.7,64
2021-01-13 14:51:29,5,60,20.6,,,1012.7,1017.6,,,,1211.7,64
2021-01-13 14:56:29,5,60,20.6,,,1012.7,1017.6,,,,1211.7,64
2021-01-13 15:01:29,5,60,20.6,,,1012.6,1017.5,,,,1211.7,64
2021-01-13 15:06:29,5,60,20.6,,,1012.6,1017.5,,,,1211.7,64
2021-01-13 15:11:29,5,60,20.7,,,1012.6,1017.5,,,,1211.7,64
2021-01-13 15:16:29,5,60,20.7,,,1012.6,1017.5,,,,1211.7,64
2021-01-13 15:21:29,5,60,20.7,,,1012.6,1017.5,,,,1211.7,64
2021-01-13 15:26:29,5,60,20.7,,,1012.5,1017.4,,,,1211.7,64
2021-01-13 15:31:29,5,60,20.7,,,1012.5,1017.4,,,,1211.7,64
2021-01-13 15:36:29,5,60,20.7,,,1012.4,1017.3,,,,1211.7,64
2021-01-13 15:41:29,5,60,20.7,,,1012.3,1017.2,,,,1211.7,64
2021-01-13 15:46:29,5,60,20.7,,,1012.4,1017.3,,,,1211.7,64
2021-01-13 15:51:29,5,60,20.7,,,1012.3,1017.2,,,,1211.7,64
2021-01-13 15:56:29,5,60,20.7,,,1012.4,1017.3,,,,1211.7,64
2021-01-13 16:01:29,5,60,20.7,,,1012.4,1017.3,,,,1211.7,64
2021-01-13 16:06:29,5,60,20.7,,,1012.4,1017.3,,,,1211.7,64
2021-01-13 16:11:29,5,60,20.7,,,1012.3,1017.2,,,,1211.7,64
2021-01-13 16:16:29,5,60,20.7,,,1012.3,1017.2,,,,1211.7,64
2021-01-13 16:21:29,5,60,20.7,,,1012.3,1017.2,,,,1211.7,64
2021-01-13 16:26:29,5,60,20.7,,,1012.3,1017.2,,,,1211.7,64
2021-01-13 16:31:29,5,60,20.7,,,1012.3,1017.2,,,,1211.7,64
2021-01-13 16:36:29,5,60,20.7,,,1012.3,1017.2,,,,1211.7,64
2021-01-13 16:41:29,5,60,20.7,,,1012.3,1017.2,,,,1211.7,64
2021-01-13 16:46:29,5,60,20.7,,,1012.3,1017.2,,,,1211.7,64
2021-01-13 16:51:29,5,60,20.7,,,1012.2,1017.1,,,,1211.7,64
2021-01-13 16:56:29,5,60,20.7,,,1012.2,1017.1,,,,1211.7,64
2021-01-13 17:01:29,5,60,20.6,,,1012.2,1017.1,,,,1211.7,64
2021-01-13 17:06:29,5,60,20.6,,,1012.2,1017.1,,,,1211.7,64
2021-01-13 17:11:29,5,60,20.6,,,1012.3,1017.2,,,,1211.7,64
2021-01-13 17:16:29,5,60,20.6,,,1012.2,1017.1,,,,1211.7,64
2021-01-13 17:21:29,5,60,20.5,,,1012.1,1017,,,,1211.7,64
2021-01-13 17:26:29,5,59,20.5,,,1012.2,1017.1,,,,1211.7,64
2021-01-13 17:31:29,5,59,20.5,,,1012.1,1017,,,,1211.7,64
2021-01-13 17:36:29,5,59,20.4,,,1012.1,1017,,,,1211.7,64
2021-01-13 17:41:29,5,59,20.3,,,1012,1016.9,,,,1211.7,64
2021-01-13 17:46:29,5,59,20.3,,,1012,1016.9,,,,1211.7,64
2021-01-13 17:51:29,5,59,20.3,,,1012,1016.9,,,,1211.7,64
2021-01-13 17:56:29,5,60,20.3,,,1012,1016.9,,,,1211.7,64
2021-01-13 18:01:29,5,60,20.2,,,1011.9,1016.8,,,,1211.7,64
2021-01-13 18:06:29,5,60,20.2,,,1012,1016.9,,,,1211.7,64
2021-01-13 18:11:29,5,60,20.2,,,1012,1016.9,,,,1211.7,64
2021-01-13 18:16:29,5,60,20.2,,,1011.9,1016.8,,,,1211.7,64
2021-01-13 18:21:29,5,60,20.1,,,1011.9,1016.8,,,,1211.7,64
2021-01-13 18:26:29,5,60,20,,,1011.9,1016.8,,,,1211.7,64
2021-01-13 18:31:29,5,60,20,,,1011.8,1016.7,,,,1211.7,64
2021-01-13 18:36:29,5,61,20,,,1011.9,1016.8,,,,1211.7,64
2021-01-13 18:41:29,5,61,20,,,1011.9,1016.8,,,,1211.7,64
2021-01-13 18:46:29,5,62,20,,,1011.7,1016.6,,,,1211.7,64
2021-01-13 18:51:29,5,62,20,,,1011.8,1016.7,,,,1211.7,64
2021-01-13 18:56:29,5,62,20,,,1011.8,1016.7,,,,1211.7,64
2021-01-13 19:01:29,5,64,19.9,,,1011.8,1016.7,,,,1211.7,64
2021-01-13 19:06:29,5,64,19.9,,,1011.8,1016.7,,,,1211.7,64
2021-01-13 19:11:29,5,65,19.9,,,1011.9,1016.8,,,,1211.7,64
2021-01-13 19:16:29,5,66,19.9,,,1011.9,1016.8,,,,1211.7,64
2021-01-13 19:21:29,5,67,19.9,,,1011.9,1016.8,,,,1211.7,64
2021-01-13 19:26:29,5,67,19.9,,,1012,1016.9,,,,1211.7,64
2021-01-13 19:31:29,5,67,19.9,,,1011.9,1016.8,,,,1211.7,64
2021-01-13 19:36:29,5,67,19.9,,,1011.7,1016.6,,,,1211.7,64
2021-01-13 19:41:29,5,67,19.9,,,1011.9,1016.8,,,,1211.7,64
2021-01-13 19:46:29,5,67,19.9,,,1011.9,1016.8,,,,1211.7,64
2021-01-13 19:51:29,5,67,19.9,,,1011.9,1016.8,,,,1211.7,64
2021-01-13 19:56:29,5,67,19.9,,,1011.8,1016.7,,,,1211.7,64
2021-01-13 20:01:29,5,68,19.9,,,1012,1016.9,,,,1211.7,64
2021-01-13 20:06:29,5,68,19.9,,,1011.9,1016.8,,,,1211.7,64
2021-01-13 20:11:29,5,67,20,,,1011.8,1016.7,,,,1211.7,64
2021-01-13 20:16:29,5,67,20,,,1011.9,1016.8,,,,1211.7,64
2021-01-13 20:21:29,5,68,20.1,,,1011.9,1016.8,,,,1211.7,64
2021-01-13 20:26:29,5,68,20.1,,,1012,1016.9,,,,1211.7,64
2021-01-13 20:31:29,5,68,20.2,,,1011.9,1016.8,,,,1211.7,64
2021-01-13 20:36:29,5,68,20.3,,,1012,1016.9,,,,1211.7,64
2021-01-13 20:41:29,5,68,20.4,,,1012,1016.9,,,,1211.7,64
2021-01-13 20:46:29,5,67,20.5,,,1012,1016.9,,,,1211.7,64
2021-01-13 20:51:29,5,67,20.6,,,1012.2,1017.1,,,,1211.7,64
2021-01-13 20:56:29,5,67,20.6,,,1012.1,1017,,,,1211.7,64
2021-01-13 21:01:29,5,67,20.7,,,1012.3,1017.2,,,,1211.7,64
2021-01-13 21:06:29,5,66,20.7,,,1012.2,1017.1,,,,1211.7,64
2021-01-13 21:11:29,5,66,20.8,,,1012.4,1017.3,,,,1211.7,64
2021-01-13 21:16:29,5,66,20.9,,,1012.3,1017.2,,,,1211.7,64
2021-01-13 21:21:29,5,65,21,,,1012.5,1017.4,,,,1211.7,64
2021-01-13 21:26:29,5,65,21,,,1012.6,1017.5,,,,1211.7,64
2021-01-13 21:31:29,5,64,21.1,,,1012.6,1017.5,,,,1211.7,64
2021-01-13 21:36:29,5,64,21.1,,,1012.6,1017.5,,,,1211.7,64
2021-01-13 21:41:29,5,64,21.1,,,1012.6,1017.5,,,,1211.7,64
2021-01-13 21:46:29,5,64,21.1,,,1012.6,1017.5,,,,1211.7,64
2021-01-13 21:51:29,5,64,21.1,,,1012.5,1017.4,,,,1211.7,64
2021-01-13 21:56:29,5,63,21.4,,,1012.5,1017.4,,,,1211.7,64
2021-01-13 22:01:29,5,63,21.4,,,1012.6,1017.5,,,,1211.7,64
2021-01-13 22:06:29,5,63,21.4,,,1012.6,1017.5,,,,1211.7,64
2021-01-13 22:11:29,5,63,21.5,,,1012.8,1017.7,,,,1211.7,64
2021-01-13 22:16:29,5,63,21.4,,,1012.6,1017.5,,,,1211.7,64
2021-01-13 22:21:29,5,63,21.5,,,1012.8,1017.7,,,,1211.7,64
2021-01-13 22:26:29,5,63,21.6,,,1012.8,1017.7,,,,1211.7,64
2021-01-13 22:31:29,5,63,21.7,,,1012.7,1017.6,,,,1211.7,64
2021-01-13 22:36:29,5,62,21.7,,,1012.7,1017.6,,,,1211.7,64
2021-01-13 22:41:29,5,62,21.6,,,1012.8,1017.7,,,,1211.7,64
2021-01-13 22:46:29,5,62,21.5,,,1012.8,1017.7,,,,1211.7,64
2021-01-13 22:51:29,5,62,21.5,,,1012.8,1017.7,,,,1211.7,64
2021-01-13 22:56:29,5,62,21.4,,,1012.9,1017.8,,,,1211.7,64
2021-01-13 23:01:29,5,62,21.4,,,1012.9,1017.8,,,,1211.7,64
2021-01-13 23:06:29,5,61,21.4,,,1012.9,1017.8,,,,1211.7,64
2021-01-13 23:11:29,5,61,21.2,,,1012.9,1017.8,,,,1211.7,64
2021-01-13 23:16:29,5,61,21.2,,,1013.2,1018.1,,,,1211.7,64
2021-01-13 23:21:29,5,61,21.1,,,1013.3,1018.2,,,,1211.7,64
2021-01-13 23:26:29,5,61,21.1,,,1013.4,1018.3,,,,1211.7,64
2021-01-13 23:31:29,5,61,21.1,,,1013.6,1018.5,,,,1211.7,64
2021-01-13 23:36:29,5,61,21.1,,,1013.5,1018.4,,,,1211.7,64
2021-01-13 23:41:29,5,61,21,,,1013.4,1018.3,,,,1211.7,64
2021-01-13 23:46:29,5,61,21,,,1013.5,1018.4,,,,1211.7,64
2021-01-13 23:51:29,5,61,21,,,1013.6,1018.5,,,,1211.7,64
2021-01-13 23:56:29,5,62,20.9,,,1013.6,1018.5,,,,1211.7,64
