2015-08-22 00:02:24,5,66,21.7,73,12.8,1007.5,1012.4,1,1.7,8,484.2,0
2015-08-22 00:07:24,5,66,21.7,73,12.9,1007.4,1012.3,2,2.7,8,484.2,0
2015-08-22 00:12:24,5,66,21.7,73,13,1007.6,1012.5,1.7,3.1,8,484.2,0
2015-08-22 00:17:24,5,66,21.7,73,13.1,1007.3,1012.2,1,1.7,8,484.2,0
2015-08-22 00:22:24,5,66,21.7,73,13.1,1007.4,1012.3,1,1.7,8,484.2,0
2015-08-22 00:27:24,5,66,21.7,73,13.1,1007.4,1012.3,1,2,10,484.2,0
2015-08-22 00:32:24,5,66,21.7,72,13,1007.4,1012.3,0.7,1.4,8,484.2,0
2015-08-22 00:37:24,5,66,21.7,73,12.9,1007.4,1012.3,0.7,1.4,8,484.2,0
2015-08-22 00:42:24,5,66,21.7,73,12.8,1007.4,1012.3,0.7,1.4,14,484.2,0
2015-08-22 00:47:24,5,66,21.7,73,12.8,1007.3,1012.2,0.7,1.4,12,484.2,0
2015-08-22 00:52:24,5,66,21.7,73,12.8,1007.4,1012.3,1,1.4,10,484.2,0
2015-08-22 00:57:24,5,66,21.7,73,12.7,1007.4,1012.3,0.7,1.7,8,484.2,0
2015-08-22 01:02:24,5,66,21.7,73,12.6,1007.3,1012.2,0.7,1.7,10,484.2,0
2015-08-22 01:07:24,5,66,21.4,73,12.6,1007.5,1012.4,1.4,2.4,8,484.2,0
2015-08-22 01:12:24,5,66,21.4,73,12.6,1007.4,1012.3,1,2,8,484.2,0
2015-08-22 01:17:24,5,66,21.4,73,12.5,1007.5,1012.4,0.7,1.7,10,484.2,0
2015-08-22 01:22:24,5,66,21.4,73,12.5,1007.3,1012.2,1,2,10,484.2,0
2015-08-22 01:27:24,5,66,21.4,73,12.4,1007.3,1012.2,1,1.4,8,484.2,0
2015-08-22 01:32:24,5,66,21.4,73,12.4,1007.3,1012.2,0.7,1,8,484.2,0
2015-08-22 01:37:24,5,66,21.4,73,12.3,1007.3,1012.2,0.3,1,8,484.2,0
2015-08-22 01:42:24,5,66,21.4,73,12.2,1007.4,1012.3,0.3,0.7,8,484.2,0
2015-08-22 01:47:24,5,66,21.4,73,12.1,1007.3,1012.2,0,0.3,8,484.2,0
2015-08-22 01:52:24,5,66,21.4,73,12,1007.6,1012.5,0,0.3,8,484.2,0
2015-08-22 01:57:24,5,65,21.4,73,12,1007.4,1012.3,0,0.7,9,484.2,0
2015-08-22 02:02:24,5,65,21.4,73,12,1007.6,1012.5,0.3,0.7,4,484.2,0
2015-08-22 02:07:24,5,65,21.4,74,11.9,1007.4,1012.3,0,0.3,8,484.2,0
2015-08-22 02:12:24,5,65,21.4,74,11.8,1007.4,1012.3,0,0.7,2,484.2,0
2015-08-22 02:17:24,5,65,21.4,74,11.7,1007.3,1012.2,0.3,0.7,2,484.2,0
2015-08-22 02:22:24,5,65,21.4,74,11.6,1007.4,1012.3,0,0.3,10,484.2,0
2015-08-22 02:27:24,5,65,21.4,74,11.5,1007.4,1012.3,0.3,1,9,484.2,0
2015-08-22 02:32:24,5,65,21.4,74,11.6,1007.3,1012.2,0.3,0.7,8,484.2,0
2015-08-22 02:37:24,5,65,21.4,74,11.6,1007.4,1012.3,0.3,0.7,8,484.2,0
2015-08-22 02:42:24,5,65,21.4,74,11.5,1007.5,1012.4,0.3,0.7,8,484.2,0
2015-08-22 02:47:24,5,65,21.4,74,11.5,1007.4,1012.3,0,0.7,8,484.2,0
2015-08-22 02:52:24,5,65,21.4,74,11.4,1007.4,1012.3,0,0.3,,484.2,0
2015-08-22 02:57:24,5,65,21.3,74,11.3,1007.3,1012.2,0.7,1.4,2,484.2,0
2015-08-22 03:02:24,5,65,21.3,74,11.2,1007.3,1012.2,0.7,1,2,484.2,0
2015-08-22 03:07:24,5,65,21.3,74,11,1007.4,1012.3,0.3,0.7,3,484.2,0
2015-08-22 03:12:24,5,65,21.3,75,10.9,1007.3,1012.2,0,0.3,14,484.2,0
2015-08-22 03:17:24,5,65,21.3,75,10.9,1007.4,1012.3,0.3,1,2,484.2,0
2015-08-22 03:22:24,5,65,21.3,74,11,1007.4,1012.3,0.3,0.7,8,484.2,0
2015-08-22 03:27:24,5,65,21.3,74,11.1,1007.5,1012.4,0,0.3,8,484.2,0
2015-08-22 03:32:24,5,65,21.3,74,11.1,1007.4,1012.3,0.3,0.7,10,484.2,0
2015-08-22 03:37:24,5,64,21.3,74,11.1,1007.3,1012.2,0.3,0.7,10,484.2,0
2015-08-22 03:42:24,5,64,21.3,74,11,1007.3,1012.2,0,0,8,484.2,0
2015-08-22 03:47:24,5,64,21.3,74,11,1007.2,1012.1,0,0.7,4,484.2,0
2015-08-22 03:52:24,5,64,21.2,74,11,1007.1,1012,0,0.7,2,484.2,0
2015-08-22 03:57:24,5,64,21.2,75,10.9,1007.2,1012.1,0,0.3,2,484.2,0
2015-08-22 04:02:24,5,64,21.2,75,10.8,1007.3,1012.2,0.3,0.7,3,484.2,0
2015-08-22 04:07:24,5,64,21.2,75,10.8,1007.2,1012.1,1,1.4,4,484.2,0
2015-08-22 04:12:24,5,64,21.2,75,10.8,1007.2,1012.1,0.7,1.4,4,484.2,0
2015-08-22 04:17:24,5,64,21.2,75,10.8,1007.1,1012,0.7,1.4,2,484.2,0
2015-08-22 04:22:24,5,64,21.2,75,10.8,1007,1011.9,0,0.3,4,484.2,0
2015-08-22 04:27:24,5,64,21.2,75,10.8,1007.2,1012.1,0,0.3,10,484.2,0
2015-08-22 04:32:24,5,64,21.1,76,10.8,1006.8,1011.7,0.3,1,2,484.2,0
2015-08-22 04:37:24,5,64,21.2,76,10.7,1007,1011.9,0,0.3,2,484.2,0
2015-08-22 04:42:24,5,64,21.2,76,10.6,1007.1,1012,0,0.7,4,484.2,0
2015-08-22 04:47:24,5,64,21.1,76,10.6,1007.1,1012,0.3,0.7,0,484.2,0
2015-08-22 04:52:24,5,64,21.1,76,10.6,1007,1011.9,0.3,0.7,2,484.2,0
2015-08-22 04:57:24,5,64,21.1,76,10.6,1007,1011.9,0.3,1,2,484.2,0
2015-08-22 05:02:24,5,64,21.1,76,10.6,1006.9,1011.8,0.3,1,4,484.2,0
2015-08-22 05:07:24,5,64,21.1,76,10.7,1007.1,1012,1,1.4,4,484.2,0
2015-08-22 05:12:24,5,64,21.1,76,10.7,1007.2,1012.1,0.3,0.7,0,484.2,0
2015-08-22 05:17:24,5,64,21.1,76,10.8,1007.1,1012,0.3,1,3,484.2,0
2015-08-22 05:22:24,5,64,21.1,76,10.8,1007.1,1012,0,0.3,2,484.2,0
2015-08-22 05:27:24,5,64,21.1,76,10.8,1007.2,1012.1,0.3,0.7,4,484.2,0
2015-08-22 05:32:24,5,64,21.1,76,10.7,1007,1011.9,0.7,1.4,2,484.2,0
2015-08-22 05:37:24,5,64,21.1,76,10.8,1007,1011.9,1,1.7,4,484.2,0
2015-08-22 05:42:24,5,64,21.1,76,10.8,1007.1,1012,0.3,0.7,2,484.2,0
2015-08-22 05:47:24,5,64,21.1,76,10.8,1007.1,1012,1.4,2,2,484.2,0
2015-08-22 05:52:24,5,64,21.1,76,10.8,1007,1011.9,0.3,1,4,484.2,0
2015-08-22 05:57:24,5,64,21,76,10.9,1007,1011.9,0.3,1,0,484.2,0
2015-08-22 06:02:24,5,64,21,75,11,1007.1,1012,0.3,1,10,484.2,0
2015-08-22 06:07:24,5,64,21,75,11.2,1007,1011.9,0,0.3,8,484.2,0
2015-08-22 06:12:24,5,64,21,75,11.2,1007.1,1012,0.3,0.7,8,484.2,0
2015-08-22 06:17:24,5,64,21,75,11.3,1006.9,1011.8,0,1,4,484.2,0
2015-08-22 06:22:24,5,64,21,75,11.4,1007,1011.9,0.3,0.7,8,484.2,0
2015-08-22 06:27:24,5,64,21,75,11.5,1007.1,1012,0.3,0.7,2,484.2,0
2015-08-22 06:32:24,5,64,21,75,11.6,1007,1011.9,0.3,0.7,12,484.2,0
2015-08-22 06:37:24,5,64,21,75,11.8,1007.1,1012,0.3,0.7,2,484.2,0
2015-08-22 06:42:24,5,64,21,75,11.9,1007.1,1012,1,1.7,4,484.2,0
2015-08-22 06:47:24,5,64,21,74,12,1007.2,1012.1,1,1.7,2,484.2,0
2015-08-22 06:52:24,5,64,21.1,74,12.2,1007.2,1012.1,2,3.1,4,484.2,0
2015-08-22 06:57:24,5,64,21.1,74,12.6,1007.2,1012.1,0.7,1.7,4,484.2,0
2015-08-22 07:02:24,5,64,21.1,74,13,1007.2,1012.1,1.4,2,2,484.2,0
2015-08-22 07:07:24,5,64,21.1,73,13.4,1007.1,1012,0.7,1.7,10,484.2,0
2015-08-22 07:12:24,5,64,21.1,72,14.1,1007.1,1012,1,1.4,0,484.2,0
2015-08-22 07:17:24,5,63,21.1,70,14.6,1007.2,1012.1,0.7,1,8,484.2,0
2015-08-22 07:22:24,5,63,21.1,69,14.7,1007.3,1012.2,0.3,1.4,8,484.2,0
2015-08-22 07:27:24,5,63,21.1,69,14.5,1007.2,1012.1,0.7,1.4,12,484.2,0
2015-08-22 07:32:24,5,63,21.2,69,14.1,1007.2,1012.1,0.7,1.4,8,484.2,0
2015-08-22 07:37:24,5,63,21.2,70,13.9,1007.1,1012,0.3,1,12,484.2,0
2015-08-22 07:42:24,5,63,21.2,69,14,1007.2,1012.1,0.3,1,14,484.2,0
2015-08-22 07:47:24,5,63,21.2,69,14.2,1007.2,1012.1,0,0.7,10,484.2,0
2015-08-22 07:52:24,5,63,21.2,69,14.5,1007.1,1012,0.7,1.4,8,484.2,0
2015-08-22 07:57:24,5,63,21.3,67,15,1007.1,1012,1.4,2.4,10,484.2,0
2015-08-22 08:02:24,5,63,21.3,66,15,1007.2,1012.1,0.3,1.4,8,484.2,0
2015-08-22 08:07:24,5,63,21.3,66,14.8,1006.9,1011.8,0.7,1,8,484.2,0
2015-08-22 08:12:24,5,63,21.3,66,14.9,1007,1011.9,0.7,1.7,10,484.2,0
2015-08-22 08:17:24,5,63,21.3,65,15,1006.9,1011.8,0.7,1,8,484.2,0
2015-08-22 08:22:24,5,63,21.3,65,15.1,1006.8,1011.7,1,1.7,8,484.2,0
2015-08-22 08:27:24,5,63,21.3,65,15.1,1006.9,1011.8,1,1.7,8,484.2,0
2015-08-22 08:32:24,5,63,21.3,65,15.2,1006.9,1011.8,0.7,1.7,9,484.2,0
2015-08-22 08:37:24,5,63,21.3,65,15.5,1006.9,1011.8,0.7,1,8,484.2,0
2015-08-22 08:42:24,5,63,21.3,64,15.8,1007,1011.9,0.7,1.4,10,484.2,0
2015-08-22 08:47:24,5,63,21.3,63,16,1007.2,1012.1,0.7,1.4,8,484.2,0
2015-08-22 08:52:24,5,63,21.3,62,16,1007.2,1012.1,0.7,1.4,8,484.2,0
2015-08-22 08:57:24,5,63,21.3,62,16.1,1007.4,1012.3,1.7,2.4,8,484.2,0
2015-08-22 09:02:24,5,63,21.3,62,16.1,1007.3,1012.2,1.4,2.4,10,484.2,0
2015-08-22 09:07:24,5,63,21.3,62,16.1,1007.2,1012.1,0.3,1,4,484.2,0
2015-08-22 09:12:24,5,63,21.3,61,16.3,1007.3,1012.2,1.4,2,4,484.2,0
2015-08-22 09:17:24,5,63,21.4,61,16.3,1007.1,1012,0.3,1,10,484.2,0
2015-08-22 09:22:24,5,63,21.4,60,17.1,1007.1,1012,1,2,8,484.2,0
2015-08-22 09:27:24,5,63,21.4,58,16.9,1007.1,1012,0.7,1.7,12,484.2,0
2015-08-22 09:32:24,5,63,21.4,59,16.7,1007,1011.9,2,2.7,10,484.2,0
2015-08-22 09:37:24,5,63,21.4,60,16.2,1007.1,1012,0.7,1.4,10,484.2,0
2015-08-22 09:42:24,5,63,21.4,61,16.2,1007.1,1012,1,1.4,8,484.2,0
2015-08-22 09:47:24,5,63,21.4,60,16.1,1007.1,1012,0.7,1.4,4,484.2,0
2015-08-22 09:52:24,5,63,21.4,60,16.1,1007,1011.9,1,1.7,8,484.2,0
2015-08-22 09:57:24,5,63,21.4,59,16.4,1006.9,1011.8,1,1.4,8,484.2,0
2015-08-22 10:02:24,5,63,21.7,60,16.8,1006.8,1011.7,1.7,2.7,8,484.2,0
2015-08-22 10:07:24,5,63,21.7,58,16.8,1006.8,1011.7,1.7,2.7,8,484.2,0
2015-08-22 10:12:24,5,63,21.6,59,16.9,1006.9,1011.8,0.7,1.4,8,484.2,0
2015-08-22 10:17:24,5,64,21.7,56,17,1007.1,1012,1.4,2.7,8,484.2,0
2015-08-22 10:22:24,5,64,21.7,57,17,1006.9,1011.8,0.3,0.7,8,484.2,0
2015-08-22 10:27:24,5,64,21.7,56,17.6,1006.8,1011.7,1.7,3.1,4,484.2,0
2015-08-22 10:32:24,5,64,21.7,56,18,1007,1011.9,2,2.7,14,484.2,0
2015-08-22 10:37:24,5,64,21.7,55,17.6,1006.8,1011.7,2.7,3.7,2,484.2,0
2015-08-22 10:42:24,5,64,21.7,56,17.4,1006.6,1011.5,1.7,2.7,14,484.2,0
2015-08-22 10:47:24,5,64,21.7,56,17.6,1006.5,1011.4,1.7,3.1,4,484.2,0
2015-08-22 10:52:24,5,64,21.7,56,18.2,1006.5,1011.4,1,1.7,0,484.2,0
2015-08-22 10:57:24,5,64,21.8,54,19.2,1006.5,1011.4,2,2.4,4,484.2,0
2015-08-22 11:02:24,5,64,21.8,52,18.9,1006.5,1011.4,2,2.7,2,484.2,0
2015-08-22 11:07:24,5,60,21.7,54,17.6,1006.4,1011.3,1.7,2.7,2,484.2,0
2015-08-22 11:12:24,5,57,21.7,55,17.2,1006.4,1011.3,1.4,2.4,4,484.2,0
2015-08-22 11:17:24,5,56,21.7,56,17,1006.6,1011.5,0,0.7,12,484.2,0
2015-08-22 11:22:24,5,57,21.7,56,17,1006.5,1011.4,0.7,1.4,10,484.2,0
2015-08-22 11:27:24,5,57,21.3,57,17,1006.5,1011.4,1.7,2.7,4,484.2,0
2015-08-22 11:32:24,5,56,21.3,57,17.2,1006.2,1011.1,1,1.4,2,484.2,0
2015-08-22 11:37:24,5,56,21.4,56,17.5,1006.4,1011.3,0.3,1,10,484.2,0
2015-08-22 11:42:24,5,56,21.4,56,17.8,1006.3,1011.2,1,1.4,12,484.2,0
2015-08-22 11:47:24,5,57,21.3,56,17.6,1006.2,1011.1,0,0.3,14,484.2,0
2015-08-22 11:52:24,5,57,21.4,56,17.8,1006.2,1011.1,0.7,0.7,8,484.2,0
2015-08-22 11:57:24,5,57,21.3,56,18.1,1006.2,1011.1,1,1.4,12,484.2,0
2015-08-22 12:02:24,5,57,21.3,56,17.6,1006.1,1011,1.4,1.7,14,484.2,0
2015-08-22 12:07:24,5,55,21.3,55,17,1006.1,1011,1,1,0,484.2,0
2015-08-22 12:12:24,5,55,21.3,58,16.8,1005.9,1010.8,0.7,1.4,12,484.2,0
2015-08-22 12:17:24,5,56,21.2,58,17,1005.9,1010.8,0.3,0.7,0,484.2,0
2015-08-22 12:22:24,5,57,21.2,58,17.5,1006.1,1011,0.7,1,12,484.2,0
2015-08-22 12:27:24,5,58,21.3,57,17.6,1006,1010.9,0.3,0.7,14,484.2,0
2015-08-22 12:32:24,5,58,21.3,57,17.8,1006.1,1011,0,0.7,14,484.2,0
2015-08-22 12:37:24,5,59,21.3,57,18.1,1005.9,1010.8,0.3,0.7,0,484.2,0
2015-08-22 12:42:24,5,59,21.3,56,18.5,1005.9,1010.8,0.3,0.7,12,484.2,0
2015-08-22 12:47:24,5,59,21.3,56,18.1,1005.9,1010.8,0,0.7,14,484.2,0
2015-08-22 12:52:24,5,59,21.3,56,18.3,1005.7,1010.6,0,0.3,2,484.2,0
2015-08-22 12:57:24,5,60,21.4,55,19.3,1005.7,1010.6,0.3,0.7,2,484.2,0
2015-08-22 13:02:24,5,60,21.4,48,20.1,1005.6,1010.5,1.7,2.7,4,484.2,0
2015-08-22 13:07:24,5,60,21.4,50,19.2,1005.6,1010.5,0.3,1,0,484.2,0
2015-08-22 13:12:24,5,61,21.3,52,19.2,1005.5,1010.4,1,1.4,2,484.2,0
2015-08-22 13:17:24,5,61,21.4,51,18.7,1005.5,1010.4,1,1.7,4,484.2,0
2015-08-22 13:22:24,5,61,21.4,53,18.3,1005.6,1010.5,1,1.7,11,484.2,0
2015-08-22 13:27:24,5,61,21.6,53,18.2,1005.6,1010.5,0.7,1.7,2,484.2,0
2015-08-22 13:32:24,5,62,21.6,53,17.9,1005.4,1010.3,2.4,3.4,4,484.2,0
2015-08-22 13:37:24,5,63,21.6,54,17.5,1005.5,1010.4,2.7,4.1,4,484.2,0
2015-08-22 13:42:24,5,67,21.7,54,17.1,1005.5,1010.4,2.4,3.7,2,484.2,0
2015-08-22 13:47:24,5,68,21.7,55,17.1,1005.4,1010.3,2,3.4,4,484.2,0
2015-08-22 13:52:24,5,70,21.6,56,17,1005.4,1010.3,1.7,2.4,2,484.2,0
2015-08-22 13:57:24,5,70,21.7,58,16.9,1005.3,1010.2,1.4,2.4,4,484.2,0
2015-08-22 14:02:24,5,70,21.6,58,16.9,1005.4,1010.3,0.3,1,4,484.2,0
2015-08-22 14:07:24,5,67,21.7,58,17,1005.4,1010.3,0.7,1,2,484.2,0
2015-08-22 14:12:24,5,65,21.7,58,17,1005.3,1010.2,1,2,14,484.2,0
2015-08-22 14:17:24,5,63,21.7,61,16.5,1005.4,1010.3,0,0,14,484.2,0
2015-08-22 14:22:24,5,62,21.7,61,16.5,1005.4,1010.3,1,1.7,2,484.8,0
2015-08-22 14:27:24,5,63,21.7,62,16.3,1005.3,1010.2,1,1.4,2,485.7,0
2015-08-22 14:32:24,5,62,21.6,62,16.2,1005.2,1010.1,0,0,0,486,0
2015-08-22 14:37:24,5,63,21.6,63,16.8,1005.3,1010.2,0,0,12,486.3,0
2015-08-22 14:42:24,5,63,21.7,62,17.4,1005.2,1010.1,0,0,12,486.3,0
2015-08-22 14:47:24,5,63,21.7,62,17.5,1005.1,1010,0,0.3,12,486.3,0
2015-08-22 14:52:24,5,63,21.6,61,17.3,1005.1,1010,0.3,0.7,12,486.3,0
2015-08-22 14:57:24,5,63,21.7,62,17.1,1005.1,1010,0,0.3,14,486.3,0
2015-08-22 15:02:24,5,63,21.7,62,17.4,1004.9,1009.8,0.3,0.7,14,486.3,0
2015-08-22 15:07:24,5,63,21.8,62,17.6,1005,1009.9,0,0.3,12,486.3,0
2015-08-22 15:12:24,5,63,21.8,61,18,1004.9,1009.8,0,0.3,12,486.3,0
2015-08-22 15:17:24,5,62,21.7,61,18.7,1004.6,1009.5,0,0,12,486.3,0
2015-08-22 15:22:24,5,61,21.8,57,19.9,1004.7,1009.6,0.7,1.4,0,486.3,0
2015-08-22 15:27:24,5,61,22,55,20.4,1004.4,1009.3,0,0.7,12,486.3,0
2015-08-22 15:32:24,5,61,22,55,21,1004.4,1009.3,0,0.3,0,486.3,0
2015-08-22 15:37:24,5,61,22.2,52,21.3,1004.5,1009.4,0.7,1,12,486.3,0
2015-08-22 15:42:24,5,61,22.3,53,20.8,1004.5,1009.4,0,0.7,14,486.3,0
2015-08-22 15:47:24,5,62,22.4,53,20.6,1004.4,1009.3,0,0.3,14,486.3,0
2015-08-22 15:52:24,5,62,22.5,53,20.2,1004.5,1009.4,0.3,0.7,12,486.3,0
2015-08-22 15:57:24,5,62,22.5,54,19,1004.3,1009.2,0.3,1,12,486.3,0
2015-08-22 16:02:24,5,62,22.4,56,18.3,1004.4,1009.3,0,0.3,8,486.3,0
2015-08-22 16:07:24,5,62,22.4,58,18,1004.3,1009.2,0.3,1,2,486.6,0
2015-08-22 16:12:24,5,63,22.4,61,17.2,1004.4,1009.3,0.3,1,4,487.8,0
2015-08-22 16:17:24,5,63,22.3,62,16.3,1004.4,1009.3,0.7,1.4,10,489,0
2015-08-22 16:22:24,5,63,22.3,64,15.3,1004.3,1009.2,1.4,2.4,14,489.9,0
2015-08-22 16:27:24,5,63,22.3,66,14.4,1004.4,1009.3,0.7,1.4,10,489.9,0
2015-08-22 16:32:24,5,64,22.3,67,14,1004.3,1009.2,0,0.7,10,489.9,0
2015-08-22 16:37:24,5,64,22.2,69,13.8,1004.3,1009.2,0.3,0.7,8,489.9,0
2015-08-22 16:42:24,5,64,22.2,70,13.8,1004.3,1009.2,0.3,0.7,10,489.9,0
2015-08-22 16:47:24,5,65,22.2,70,13.7,1004.3,1009.2,0.3,1,8,489.9,0
2015-08-22 16:52:24,5,65,22.2,71,13.7,1004.6,1009.5,0.7,1,8,489.9,0
2015-08-22 16:57:24,5,65,22.2,71,13.6,1004.5,1009.4,0.3,0.7,8,489.9,0
2015-08-22 17:02:24,5,65,22.2,71,13.5,1004.3,1009.2,0.7,1.4,10,490.2,0
2015-08-22 17:07:24,5,65,22.1,72,13.4,1004.3,1009.2,0.3,1,10,490.8,0
2015-08-22 17:12:24,5,65,22.1,72,13.4,1004.4,1009.3,0.3,1,10,490.8,0
2015-08-22 17:17:24,5,65,22.1,72,13.4,1004.4,1009.3,0,0.3,8,490.8,0
2015-08-22 17:22:24,5,65,22,73,13.4,1004.5,1009.4,0.3,0.7,8,490.8,0
2015-08-22 17:27:24,5,65,22,73,13.4,1004.5,1009.4,0.3,0.7,8,490.8,0
2015-08-22 17:32:24,5,65,22,73,13.4,1004.4,1009.3,0.3,0.7,14,491.1,0
2015-08-22 17:37:24,5,65,22,73,13.4,1004.4,1009.3,0.3,0.7,10,491.1,0
2015-08-22 17:42:24,5,66,21.9,73,13.4,1004.3,1009.2,0.3,0.7,12,491.1,0
2015-08-22 17:47:24,5,66,21.8,73,13.3,1004.2,1009.1,0.3,0.7,12,491.1,0
2015-08-22 17:52:24,5,66,21.8,73,13.3,1004.1,1009,0,0.7,10,491.1,0
2015-08-22 17:57:24,5,66,21.8,73,13.4,1003.9,1008.8,0,0.7,14,491.1,0
2015-08-22 18:02:24,5,67,21.8,74,13.4,1003.8,1008.7,0.3,0.7,14,491.1,0
2015-08-22 18:07:24,5,67,21.8,74,13.6,1003.9,1008.8,0,0.3,14,491.1,0
2015-08-22 18:12:24,5,67,21.8,74,13.6,1003.9,1008.8,0,0.3,14,491.1,0
2015-08-22 18:17:24,5,65,21.8,74,13.7,1003.9,1008.8,0,0.7,14,491.1,0
2015-08-22 18:22:24,5,65,21.7,74,13.7,1003.7,1008.6,0.3,0.7,14,491.1,0
2015-08-22 18:27:24,5,65,21.7,74,13.6,1003.8,1008.7,0.3,0.7,14,491.1,0
2015-08-22 18:32:24,5,65,21.7,74,13.6,1003.6,1008.5,0.7,1,14,491.1,0
2015-08-22 18:37:24,5,66,21.7,74,13.4,1003.8,1008.7,0.3,0.7,15,491.1,0
2015-08-22 18:42:24,5,66,21.7,74,13.4,1003.7,1008.6,0.3,0.3,14,491.1,0
2015-08-22 18:47:24,5,65,21.7,75,13.4,1003.6,1008.5,0.3,0.7,14,491.1,0
2015-08-22 18:52:24,5,65,21.7,75,13.4,1003.6,1008.5,0.3,0.7,14,491.1,0
2015-08-22 18:57:24,5,67,21.7,75,13.4,1003.5,1008.4,0,0.3,14,491.1,0
2015-08-22 19:02:24,5,67,21.7,75,13.4,1003.6,1008.5,0,0.3,14,491.1,0
2015-08-22 19:07:24,5,68,21.7,75,13.4,1003.5,1008.4,0.3,0.7,12,491.1,0
2015-08-22 19:12:24,5,68,21.7,75,13.3,1003.5,1008.4,0,0.3,0,491.1,0
2015-08-22 19:17:24,5,69,21.7,75,13.3,1003.5,1008.4,0.3,0.7,0,491.1,0
2015-08-22 19:22:24,5,70,21.6,75,13.2,1003.4,1008.3,0,0,0,491.1,0
2015-08-22 19:27:24,5,70,21.7,75,13.2,1003.2,1008.1,0,0.3,14,491.1,0
2015-08-22 19:32:24,5,70,21.7,75,13.3,1003.4,1008.3,0,0.3,14,491.1,0
2015-08-22 19:37:24,5,70,21.6,75,13.3,1003.3,1008.2,0,0,14,491.1,0
2015-08-22 19:42:24,5,70,21.6,75,13.2,1003.4,1008.3,0,0.3,14,491.1,0
2015-08-22 19:47:24,5,70,21.6,75,13.2,1003.3,1008.2,0,0.7,13,491.1,0
2015-08-22 19:52:24,5,70,21.6,75,13.1,1003.4,1008.3,0,0,13,491.1,0
2015-08-22 19:57:24,5,70,21.7,75,13.1,1003.4,1008.3,0,0.3,13,491.1,0
2015-08-22 20:02:24,5,70,21.7,75,13.1,1003.4,1008.3,0,0,13,491.1,0
2015-08-22 20:07:24,5,70,21.6,75,13,1003.3,1008.2,0,0,13,491.1,0
2015-08-22 20:12:24,5,69,21.7,75,13,1003.3,1008.2,0,0,13,491.1,0
2015-08-22 20:17:24,5,69,21.7,75,13,1003.3,1008.2,0,0,13,491.1,0
2015-08-22 20:22:24,5,68,21.7,75,13,1003.2,1008.1,0,0,13,491.1,0
2015-08-22 20:27:24,5,68,21.7,75,13,1003.4,1008.3,0,0,13,491.1,0
2015-08-22 20:32:24,5,68,21.7,75,13,1003.4,1008.3,0,0,13,491.1,0
2015-08-22 20:37:24,5,69,21.7,75,13,1003.3,1008.2,0,0,13,491.1,0
2015-08-22 20:42:24,5,69,21.6,75,13,1003.1,1008,0,0.3,12,491.1,0
2015-08-22 20:47:24,5,69,21.7,75,13,1003.2,1008.1,0,0.3,12,491.1,0
2015-08-22 20:52:24,5,69,21.7,75,13,1003.2,1008.1,0,0.3,11,491.1,0
2015-08-22 20:57:24,5,69,21.6,75,13,1002.9,1007.8,0,0.3,10,491.1,0
2015-08-22 21:02:24,5,69,21.3,74,12.9,1002.9,1007.8,0,0.3,10,491.1,0
2015-08-22 21:07:24,5,69,21.4,74,12.9,1002.8,1007.7,0,0.7,12,491.1,0
2015-08-22 21:12:24,5,69,21.3,74,12.9,1002.8,1007.7,0,0.3,12,491.1,0
2015-08-22 21:17:24,5,69,21.3,74,12.9,1002.8,1007.7,0.3,0.7,10,491.4,0
2015-08-22 21:22:24,5,69,21.3,74,12.9,1002.8,1007.7,0.3,0.7,10,491.4,0
2015-08-22 21:27:24,5,69,21.3,74,12.9,1002.6,1007.5,0.3,0.7,12,491.4,0
2015-08-22 21:32:24,5,69,21.3,74,12.9,1002.6,1007.5,0.7,1.4,12,491.7,0
2015-08-22 21:37:24,5,69,21.3,74,12.9,1002.5,1007.4,0.3,0.7,10,491.7,0
2015-08-22 21:42:24,5,69,21.4,74,12.9,1002.5,1007.4,0.3,1,10,492,0
2015-08-22 21:47:24,5,69,21.3,74,12.9,1002.4,1007.3,0.3,0.7,12,492,0
2015-08-22 21:52:24,5,69,21.3,75,12.9,1002.4,1007.3,0,0.7,14,492,0
2015-08-22 21:57:24,5,69,21.3,75,12.9,1002.3,1007.2,1.4,1.7,12,492,0
2015-08-22 22:02:24,5,69,21.4,75,12.9,1002.3,1007.2,0.3,0.7,12,492,0
2015-08-22 22:07:24,5,69,21.3,75,12.8,1002.3,1007.2,0.3,0.7,8,492,0
2015-08-22 22:12:24,5,69,21.3,75,12.8,1002,1006.9,1,1.4,12,492,0
2015-08-22 22:17:24,5,69,21.4,75,12.8,1002.1,1007,1,1.4,12,492,0
2015-08-22 22:22:24,5,69,21.3,75,12.8,1002,1006.9,1.4,2,14,492,0
2015-08-22 22:27:24,5,69,21.3,75,12.8,1001.9,1006.8,1.4,1.7,12,492,0
2015-08-22 22:32:24,5,69,21.3,75,12.8,1001.9,1006.8,1.4,2,12,492,0
2015-08-22 22:37:24,5,69,21.3,75,12.8,1001.8,1006.7,1,1.4,12,492,0
2015-08-22 22:42:24,5,69,21.3,75,12.8,1001.7,1006.6,0,0,12,492.3,0
2015-08-22 22:47:24,5,69,21.3,75,12.8,1001.8,1006.7,0.3,0.7,2,492.3,0
2015-08-22 22:52:24,5,69,21.3,75,12.8,1001.7,1006.6,0,0,0,492.3,0
2015-08-22 22:57:24,5,69,21.3,75,12.8,1001.7,1006.6,0.3,0.7,8,492.3,0
2015-08-22 23:02:24,5,69,21.3,75,12.8,1001.7,1006.6,0,0.3,10,492.3,0
2015-08-22 23:07:24,5,69,21.3,75,12.8,1001.5,1006.4,0.3,0.7,10,492.3,0
2015-08-22 23:12:24,5,69,21.3,75,12.8,1001.4,1006.3,0.7,1.4,10,492.3,0
2015-08-22 23:17:24,5,69,21.3,75,12.7,1001.4,1006.3,0.7,1.4,12,492.3,0
2015-08-22 23:22:24,5,69,21.3,75,12.7,1001.1,1006,0.7,1,12,492.3,0
2015-08-22 23:27:24,5,69,21.3,75,12.7,1001.2,1006.1,1,1.7,12,492.3,0
2015-08-22 23:32:24,5,69,21.3,75,12.6,1001.1,1006,0.3,0.7,10,492.3,0
2015-08-22 23:37:24,5,69,21.3,75,12.6,1000.8,1005.7,0.3,1,10,492.3,0
2015-08-22 23:42:24,5,69,21.3,75,12.6,1000.7,1005.6,1,1.4,12,492.3,0
2015-08-22 23:47:24,5,69,21.3,75,12.6,1000.6,1005.5,1,2,12,492.3,0
2015-08-22 23:52:24,5,69,21.3,75,12.6,1000.7,1005.6,2,2.7,12,492.3,0
2015-08-22 23:57:24,5,69,21.3,75,12.6,1000.5,1005.4,1.4,2,12,492.3,0
