2015-08-29 00:02:23,5,67,20.9,72,12.6,1007.2,1012.1,2,2.7,8,513.9,0
2015-08-29 00:07:23,5,67,20.8,72,12.7,1007.2,1012.1,1.4,1.7,10,513.9,0
2015-08-29 00:12:23,5,67,20.9,72,12.7,1007.1,1012,1.7,2,8,513.9,0
2015-08-29 00:17:23,5,67,20.8,72,12.7,1007.2,1012.1,1.4,1.7,8,513.9,0
2015-08-29 00:22:23,5,67,20.9,72,12.8,1007.3,1012.2,1.4,2.4,14,513.9,0
2015-08-29 00:27:23,5,67,20.9,72,12.8,1007,1011.9,2,3.4,8,513.9,0
2015-08-29 00:32:23,5,67,20.9,72,12.8,1007.3,1012.2,1.7,2.7,10,513.9,0
2015-08-29 00:37:23,5,67,20.9,72,12.9,1007.3,1012.2,2,3.4,8,513.9,0
2015-08-29 00:42:23,5,67,20.8,72,12.9,1007.6,1012.5,1.4,2.7,8,513.9,0
2015-08-29 00:47:23,5,67,20.8,72,12.8,1007.4,1012.3,2.4,3.4,10,514.2,0
2015-08-29 00:52:23,5,67,20.8,72,12.6,1007.3,1012.2,1.7,3.1,8,514.2,0
2015-08-29 00:57:23,5,67,20.8,72,12.4,1007.4,1012.3,1.7,3.1,8,514.2,0
2015-08-29 01:02:23,5,67,20.8,73,12.2,1007.4,1012.3,1.7,2.7,8,514.2,0
2015-08-29 01:07:23,5,67,20.8,73,12.1,1007.4,1012.3,1.7,2.4,8,514.2,0
2015-08-29 01:12:23,5,67,20.8,73,12.2,1007.3,1012.2,2,2.7,8,514.2,0
2015-08-29 01:17:23,5,68,20.8,73,12.3,1007.4,1012.3,1,1.7,8,514.2,0
2015-08-29 01:22:23,5,68,20.8,73,12.4,1007.5,1012.4,1.4,2,8,514.2,0
2015-08-29 01:27:23,5,68,20.8,73,12.4,1007.6,1012.5,1.7,2.4,8,514.2,0
2015-08-29 01:32:23,5,68,20.7,73,12.4,1007.4,1012.3,1.7,2.7,9,514.2,0
2015-08-29 01:37:23,5,68,20.7,73,12.4,1007.3,1012.2,1,1.7,12,514.2,0
2015-08-29 01:42:23,5,68,20.7,73,12.4,1007.4,1012.3,1.4,2,8,514.2,0
2015-08-29 01:47:23,5,68,20.7,73,12.4,1007.4,1012.3,1.7,2.4,8,514.2,0
2015-08-29 01:52:23,5,68,20.6,73,12.4,1007.3,1012.2,1.4,1.7,8,514.2,0
2015-08-29 01:57:23,5,68,20.6,73,12.4,1007.5,1012.4,1,1.7,10,514.2,0
2015-08-29 02:02:23,5,68,20.7,73,12.4,1007.4,1012.3,1.7,2.7,8,514.2,0
2015-08-29 02:07:23,5,68,20.7,73,12.4,1007.4,1012.3,1,2,8,514.2,0
2015-08-29 02:12:23,5,68,20.7,73,12.4,1007.4,1012.3,2,3.4,10,514.2,0
2015-08-29 02:17:23,5,68,20.6,73,12.4,1007.4,1012.3,1.7,2.4,8,514.2,0
2015-08-29 02:22:23,5,68,20.6,73,12.4,1007.3,1012.2,1.7,2.7,10,514.2,0
2015-08-29 02:27:23,5,68,20.6,73,12.4,1007.4,1012.3,1.7,2.7,10,514.2,0
2015-08-29 02:32:23,5,68,20.6,73,12.4,1007.4,1012.3,1.7,2.4,10,514.2,0
2015-08-29 02:37:23,5,68,20.6,73,12.4,1007.4,1012.3,2.4,3.7,8,514.5,0
2015-08-29 02:42:23,5,67,20.6,73,12.4,1007.4,1012.3,1,1.7,10,514.5,0
2015-08-29 02:47:23,5,67,20.6,73,12.4,1007.3,1012.2,1.4,2,8,514.5,0
2015-08-29 02:52:23,5,67,20.6,73,12.3,1007.3,1012.2,1.4,2.4,10,514.5,0
2015-08-29 02:57:23,5,67,20.6,73,12.3,1007.5,1012.4,1.7,2.4,8,514.5,0
2015-08-29 03:02:23,5,67,20.6,73,12.3,1007.4,1012.3,1.7,2.7,8,514.5,0
2015-08-29 03:07:23,5,67,20.6,73,12.2,1007.4,1012.3,1.7,2.4,8,514.5,0
2015-08-29 03:12:23,5,67,20.6,73,12.2,1007.6,1012.5,1.7,3.1,8,514.5,0
2015-08-29 03:17:23,5,67,20.6,73,12.2,1007.5,1012.4,1.4,2,8,514.5,0
2015-08-29 03:22:23,5,67,20.6,73,12.2,1007.4,1012.3,2.4,4.1,10,514.5,0
2015-08-29 03:27:23,5,67,20.5,73,12.3,1007.5,1012.4,1.7,2.7,10,514.5,0
2015-08-29 03:32:23,5,67,20.5,73,12.3,1007.6,1012.5,1.4,2.4,8,514.5,0
2015-08-29 03:37:23,5,67,20.5,73,12.2,1007.2,1012.1,1,1.7,10,514.5,0
2015-08-29 03:42:23,5,67,20.5,73,12.2,1007.3,1012.2,1.4,1.7,8,514.5,0
2015-08-29 03:47:23,5,67,20.5,73,12.1,1007.2,1012.1,1.4,2.7,10,514.5,0
2015-08-29 03:52:23,5,67,20.5,73,12.1,1007.4,1012.3,1,1.7,8,514.5,0
2015-08-29 03:57:23,5,67,20.5,73,12,1007.3,1012.2,1.4,2,10,514.5,0
2015-08-29 04:02:23,5,67,20.5,73,12,1007.4,1012.3,1.7,2.4,10,514.5,0
2015-08-29 04:07:23,5,67,20.5,73,12,1007.2,1012.1,1.7,3.1,8,514.5,0
2015-08-29 04:12:23,5,67,20.5,73,12,1007.4,1012.3,1.7,2.7,8,514.5,0
2015-08-29 04:17:23,5,67,20.5,73,12,1007.5,1012.4,1.7,2.4,12,514.5,0
2015-08-29 04:22:23,5,67,20.5,73,12.1,1007.4,1012.3,1,1.4,8,514.5,0
2015-08-29 04:27:23,5,67,20.5,73,12.2,1007.5,1012.4,1.7,2.4,12,514.5,0
2015-08-29 04:32:23,5,67,20.5,73,12.3,1007.5,1012.4,2,2.4,10,514.5,0
2015-08-29 04:37:23,5,67,20.5,73,12.4,1007.5,1012.4,1.4,2.4,8,514.5,0
2015-08-29 04:42:23,5,67,20.4,73,12.5,1007.7,1012.6,1.7,3.1,8,514.5,0
2015-08-29 04:47:23,5,67,20.4,73,12.5,1007.7,1012.6,1,1.4,8,514.5,0
2015-08-29 04:52:23,5,67,20.5,73,12.4,1007.7,1012.6,0.7,1.4,8,514.5,0
2015-08-29 04:57:23,5,67,20.5,73,12.4,1007.7,1012.6,1,1.7,8,514.5,0
2015-08-29 05:02:23,5,67,20.5,73,12.3,1007.8,1012.7,0.7,1,9,514.5,0
2015-08-29 05:07:23,5,67,20.5,73,12.3,1007.9,1012.8,0.7,1.4,8,514.5,0
2015-08-29 05:12:23,5,67,20.4,73,12.2,1007.8,1012.7,1.7,2.4,12,514.5,0
2015-08-29 05:17:23,5,67,20.4,73,12.1,1007.8,1012.7,2,3.1,8,514.5,0
2015-08-29 05:22:23,5,67,20.4,73,12,1007.8,1012.7,2,3.4,8,514.5,0
2015-08-29 05:27:23,5,67,20.4,73,12,1007.9,1012.8,1.4,2.4,12,514.5,0
2015-08-29 05:32:23,5,67,20.4,73,12,1007.7,1012.6,1.7,2.4,8,514.5,0
2015-08-29 05:37:23,5,66,20.4,74,11.9,1007.9,1012.8,1,1.7,8,514.5,0
2015-08-29 05:42:23,5,66,20.4,74,11.8,1007.8,1012.7,1.4,2.4,2,514.5,0
2015-08-29 05:47:23,5,66,20.4,74,11.8,1008,1012.9,0.3,1,12,514.5,0
2015-08-29 05:52:23,5,66,20.4,74,11.8,1007.9,1012.8,0,0.7,8,514.5,0
2015-08-29 05:57:23,5,66,20.4,74,11.8,1008.2,1013.1,0.3,0.7,8,514.5,0
2015-08-29 06:02:22,5,66,20.4,74,11.7,1008.1,1013,0,0.3,8,514.5,0
2015-08-29 06:07:22,5,66,20.4,74,11.7,1008.1,1013,0.3,1,4,514.5,0
2015-08-29 06:12:22,5,66,20.4,74,11.8,1008.1,1013,0.7,1.7,8,514.5,0
2015-08-29 06:17:22,5,66,20.4,75,11.8,1008.2,1013.1,0.3,1,8,514.5,0
2015-08-29 06:22:22,5,66,20.4,74,12,1008.3,1013.2,1,1.7,8,514.5,0
2015-08-29 06:27:22,5,66,20.4,74,12,1008.3,1013.2,0.7,1.4,10,514.5,0
2015-08-29 06:32:22,5,66,20.4,74,12,1008.4,1013.3,0.3,0.7,8,514.5,0
2015-08-29 06:37:22,5,66,20.4,74,12.1,1008.4,1013.3,0,0.7,8,514.5,0
2015-08-29 06:42:22,5,66,20.4,74,12.3,1008.5,1013.4,0,0.3,8,514.5,0
2015-08-29 06:47:22,5,66,20.4,74,12.6,1008.4,1013.3,0,0.3,10,514.5,0
2015-08-29 06:52:22,5,66,20.4,74,12.6,1008.6,1013.5,0,0.3,8,514.5,0
2015-08-29 06:57:22,5,66,20.4,73,12.6,1008.7,1013.6,0.3,0.7,8,514.5,0
2015-08-29 07:02:22,5,66,20.4,73,12.6,1008.6,1013.5,0,0.7,9,514.5,0
2015-08-29 07:07:22,5,66,20.4,73,12.6,1008.5,1013.4,0.3,0.7,8,514.5,0
2015-08-29 07:12:22,5,66,20.4,73,12.6,1008.7,1013.6,0.3,1,10,514.5,0
2015-08-29 07:17:22,5,66,20.3,73,12.6,1008.7,1013.6,0.3,0.3,8,514.5,0
2015-08-29 07:22:22,5,66,20.3,73,12.6,1008.6,1013.5,0.3,0.7,8,514.5,0
2015-08-29 07:27:22,5,66,20.3,73,12.6,1008.8,1013.7,0.3,0.7,0,514.5,0
2015-08-29 07:32:22,5,66,20.3,73,12.6,1008.7,1013.6,0.7,1.4,9,514.5,0
2015-08-29 07:37:22,5,66,20.3,73,12.7,1008.8,1013.7,1,1.4,8,514.5,0
2015-08-29 07:42:22,5,66,20.3,73,12.7,1008.8,1013.7,0.7,1.4,8,514.5,0
2015-08-29 07:47:22,5,66,20.3,73,12.7,1009,1013.9,0.3,1,12,514.5,0
2015-08-29 07:52:22,5,66,20.3,73,12.7,1009,1013.9,0.7,1.4,10,514.5,0
2015-08-29 07:57:22,5,66,20.3,73,12.7,1009.1,1014,1,1.4,10,514.8,0
2015-08-29 08:02:22,5,66,20.3,74,12.7,1009.1,1014,0.7,1.4,10,514.8,0
2015-08-29 08:07:22,5,66,20.4,74,12.7,1009.2,1014.1,0.7,1.4,8,514.8,0
2015-08-29 08:12:22,5,66,20.4,74,12.7,1009.2,1014.1,0.7,1,8,514.8,0
2015-08-29 08:17:22,5,66,20.4,74,12.7,1009.2,1014.1,1.4,2,8,514.8,0
2015-08-29 08:22:22,5,66,20.4,74,12.6,1009.3,1014.2,0.7,1.4,0,514.8,0
2015-08-29 08:27:22,5,66,20.4,74,12.6,1009.2,1014.1,0.3,0.7,8,515.1,0
2015-08-29 08:32:22,5,66,20.4,74,12.7,1009.4,1014.3,0.3,1,10,515.1,0
2015-08-29 08:37:22,5,66,20.4,74,12.7,1009.3,1014.2,1,2,10,515.1,0
2015-08-29 08:42:22,5,66,20.4,74,12.7,1009.3,1014.2,1.7,2.7,9,515.1,0
2015-08-29 08:47:22,5,66,20.4,74,12.6,1009.2,1014.1,1.4,1.7,8,515.1,0
2015-08-29 08:52:22,5,66,20.4,74,12.4,1009.2,1014.1,0.7,1,8,515.1,0
2015-08-29 08:57:22,5,66,20.5,74,12.5,1009.1,1014,1.4,2.4,8,515.1,0
2015-08-29 09:02:22,5,66,20.4,74,12.7,1009.3,1014.2,0.3,1,8,515.1,0
2015-08-29 09:07:22,5,66,20.5,75,13,1009.3,1014.2,1,1.7,8,515.1,0
2015-08-29 09:12:22,5,66,20.5,75,13,1009.3,1014.2,1.4,2,8,515.1,0
2015-08-29 09:17:22,5,66,20.5,75,13.2,1009.4,1014.3,0.3,1,12,515.1,0
2015-08-29 09:22:22,5,66,20.5,75,13.3,1009.5,1014.4,0.7,1.7,8,515.1,0
2015-08-29 09:27:22,5,66,20.5,74,13.3,1009.4,1014.3,0.7,1.4,8,515.1,0
2015-08-29 09:32:22,5,66,20.5,74,13.3,1009.4,1014.3,1,1.7,10,515.1,0
2015-08-29 09:37:22,5,66,20.5,73,13.4,1009.4,1014.3,0.7,1.4,10,515.1,0
2015-08-29 09:42:22,5,66,20.5,73,13.4,1009.5,1014.4,0.7,1,8,515.1,0
2015-08-29 09:47:22,5,66,20.5,73,13.7,1009.4,1014.3,1.4,2.7,8,515.4,0
2015-08-29 09:52:22,5,66,20.6,73,13.8,1009.5,1014.4,1,1.7,10,515.4,0
2015-08-29 09:57:22,5,66,20.6,72,13.9,1009.4,1014.3,1.4,2,8,515.4,0
2015-08-29 10:02:22,5,66,20.6,71,14.5,1009.6,1014.5,1,1.7,8,515.4,0
2015-08-29 10:07:22,5,66,20.6,71,14.9,1009.5,1014.4,1.4,2,2,515.4,0
2015-08-29 10:12:22,5,66,20.6,69,15.3,1009.5,1014.4,1,1.7,8,515.4,0
2015-08-29 10:17:22,5,66,20.7,68,15.6,1009.6,1014.5,1.7,3.1,12,515.4,0
2015-08-29 10:22:22,5,66,20.7,67,15.3,1009.5,1014.4,1.4,2.4,8,515.4,0
2015-08-29 10:27:22,5,66,20.7,67,15,1009.7,1014.6,1,2.4,8,515.4,0
2015-08-29 10:32:22,5,66,20.8,68,14.8,1009.6,1014.5,1,1.4,10,515.4,0
2015-08-29 10:37:22,5,66,20.8,68,14.8,1009.7,1014.6,2,3.1,8,515.4,0
2015-08-29 10:42:22,5,66,20.8,68,14.7,1009.5,1014.4,1.4,2.4,8,515.4,0
2015-08-29 10:47:22,5,66,20.8,68,14.8,1009.5,1014.4,1.7,2.7,10,515.4,0
2015-08-29 10:52:22,5,66,20.8,68,14.9,1009.6,1014.5,1.4,2.7,10,515.4,0
2015-08-29 10:57:22,5,66,20.8,67,15.1,1009.6,1014.5,0.7,1.4,10,515.4,0
2015-08-29 11:02:22,5,65,20.8,67,15.3,1009.7,1014.6,2,3.7,14,515.4,0
2015-08-29 11:07:22,5,64,20.7,68,14.9,1009.6,1014.5,1.7,2.7,8,515.4,0
2015-08-29 11:12:22,5,64,20.7,68,14.8,1009.5,1014.4,1,2.4,10,515.4,0
2015-08-29 11:17:22,5,64,20.7,68,15.6,1009.5,1014.4,1,2.4,8,515.4,0
2015-08-29 11:22:22,5,65,20.6,65,16.3,1009.7,1014.6,1.7,3.1,14,515.4,0
2015-08-29 11:27:22,5,65,20.6,64,16.4,1009.7,1014.6,2,3.1,10,515.4,0
2015-08-29 11:32:22,5,65,20.6,64,16.7,1009.6,1014.5,2,3.4,8,515.4,0
2015-08-29 11:37:22,5,65,20.6,63,16.3,1009.7,1014.6,0.7,1.4,8,515.4,0
2015-08-29 11:42:22,5,64,20.6,63,16.6,1009.7,1014.6,1.7,2.7,8,515.4,0
2015-08-29 11:47:22,5,64,20.6,62,16.3,1009.9,1014.8,1,2,10,515.4,0
2015-08-29 11:52:22,5,63,20.7,62,16.3,1009.8,1014.7,1.4,2.4,10,515.4,0
2015-08-29 11:57:22,5,63,20.7,62,16.7,1009.7,1014.6,2,2.7,10,515.4,0
2015-08-29 12:02:22,5,63,20.7,61,16.8,1009.7,1014.6,1.7,2.7,10,515.4,0
2015-08-29 12:07:22,5,63,20.7,60,16.3,1009.8,1014.7,1.4,2.4,12,515.4,0
2015-08-29 12:12:22,5,62,20.7,62,16.7,1009.7,1014.6,1.4,2,9,515.4,0
2015-08-29 12:17:22,5,62,20.8,59,17.2,1009.6,1014.5,2.4,3.1,10,515.4,0
2015-08-29 12:22:22,5,62,20.8,56,17.4,1009.4,1014.3,1.4,3.1,12,515.4,0
2015-08-29 12:27:22,5,63,20.8,55,17.5,1009.6,1014.5,1.7,3.1,8,515.4,0
2015-08-29 12:32:22,5,63,20.9,56,17.9,1009.6,1014.5,2.4,3.1,14,515.4,0
2015-08-29 12:37:22,5,63,20.9,54,17.7,1009.6,1014.5,1.4,2,10,515.4,0
2015-08-29 12:42:22,5,62,21,54,17.6,1009.6,1014.5,2,2.7,10,515.4,0
2015-08-29 12:47:22,5,62,21,57,18,1009.9,1014.8,1,2.4,10,515.4,0
2015-08-29 12:52:22,5,62,21,55,17.8,1009.9,1014.8,2,3.7,14,515.4,0
2015-08-29 12:57:22,5,62,21.1,57,16.8,1010,1014.9,1,1.7,12,515.4,0
2015-08-29 13:02:22,5,63,21.1,59,16.6,1010,1014.9,1,1.7,10,515.4,0
2015-08-29 13:07:22,5,64,21.1,59,16.4,1009.9,1014.8,1.4,2.4,10,515.4,0
2015-08-29 13:12:22,5,64,21.1,61,16.2,1009.8,1014.7,2,3.4,12,515.4,0
2015-08-29 13:17:22,5,64,21.1,62,16,1010,1014.9,2,3.1,12,515.4,0
2015-08-29 13:22:22,5,63,21.2,63,15.7,1010.1,1015,2,3.1,12,515.4,0
2015-08-29 13:27:22,5,64,21.2,64,15.6,1010,1014.9,1.4,2,10,515.4,0
2015-08-29 13:32:22,5,64,21.2,63,16,1010.1,1015,2.4,2.7,12,515.4,0
2015-08-29 13:37:22,5,64,21.2,63,15.9,1010.2,1015.1,1,2,10,515.4,0
2015-08-29 13:42:22,5,63,21.2,64,15.9,1010,1014.9,1.4,2,10,515.4,0
2015-08-29 13:47:22,5,63,21.2,63,16,1010.1,1015,2,3.1,8,515.4,0
2015-08-29 13:52:22,5,64,21.3,63,15.9,1010.2,1015.1,2.4,3.1,10,515.4,0
2015-08-29 13:57:22,5,64,21.3,63,15.9,1010.2,1015.1,1.7,2.7,12,515.4,0
2015-08-29 14:02:22,5,64,21.3,63,16.4,1010.2,1015.1,2,3.1,12,515.4,0
2015-08-29 14:07:22,5,63,21.3,62,16.5,1010.1,1015,1.7,2.7,10,515.4,0
2015-08-29 14:12:22,5,62,21.3,61,16.3,1010.2,1015.1,1,1.7,10,515.4,0
2015-08-29 14:17:22,5,62,21.3,62,16.4,1010.2,1015.1,1,1.7,8,515.4,0
2015-08-29 14:22:22,5,60,21.3,60,16.6,1010.1,1015,1.4,2.4,10,515.4,0
2015-08-29 14:27:22,5,60,21.3,60,16.3,1010.2,1015.1,1.7,2.4,8,515.4,0
2015-08-29 14:32:22,5,60,21.3,61,16,1010.2,1015.1,1,1.7,14,515.4,0
2015-08-29 14:37:22,5,60,21.3,62,16,1010.1,1015,1,1.7,4,515.4,0
2015-08-29 14:42:22,5,60,21.3,62,16.8,1010.2,1015.1,2,3.1,10,515.4,0
2015-08-29 14:47:22,5,60,21.3,59,16.7,1010.2,1015.1,1.4,2,10,515.4,0
2015-08-29 14:52:22,5,60,21.3,61,16.6,1010.2,1015.1,1.7,3.1,10,515.4,0
2015-08-29 14:57:22,5,59,21.3,59,16.4,1010.2,1015.1,1.7,2.7,12,515.4,0
2015-08-29 15:02:22,5,59,21.2,60,16.3,1010.3,1015.2,1,1.7,10,515.4,0
2015-08-29 15:07:22,5,59,21.2,60,16.3,1010.2,1015.1,1.7,3.1,10,515.4,0
2015-08-29 15:12:22,5,59,21.2,60,16.4,1010.2,1015.1,1.7,2.4,10,515.4,0
2015-08-29 15:17:22,5,59,21.2,59,16.7,1010.2,1015.1,1.4,2.4,10,515.4,0
2015-08-29 15:22:22,5,59,21.3,59,16.5,1010.3,1015.2,1.4,1.7,10,515.4,0
2015-08-29 15:27:22,5,59,21.3,59,16.5,1010.4,1015.3,1,1.7,10,515.4,0
2015-08-29 15:32:22,5,59,21.3,59,16.3,1010.3,1015.2,0.7,1.4,10,515.4,0
2015-08-29 15:37:22,5,59,21.3,59,16.2,1010.3,1015.2,0.7,1.7,10,515.4,0
2015-08-29 15:42:22,5,59,21.3,60,16.3,1010.3,1015.2,0.7,1.4,10,515.4,0
2015-08-29 15:47:22,5,59,21.3,61,16.4,1010.1,1015,1,1.7,10,515.4,0
2015-08-29 15:52:22,5,59,21.3,59,16.4,1010.3,1015.2,1.4,2,10,515.4,0
2015-08-29 15:57:22,5,59,21.3,59,16.6,1010.1,1015,1,1.7,10,515.4,0
2015-08-29 18:58:00,5,59,23.2,60,14,1011,1015.9,0.3,0.7,10,0.9,0
2015-08-29 19:03:00,5,52,22.9,62,13.5,1011.1,1016,0.3,0.7,12,0.9,0
2015-08-29 19:08:00,5,50,22.6,63,13.2,1011.1,1016,0.3,0.7,12,0.9,0
2015-08-29 19:13:00,5,50,22.4,63,12.9,1011.2,1016.1,0,0.7,12,0.9,0
2015-08-29 19:18:00,5,50,22.2,63,12.6,1011.2,1016.1,0.3,0.7,12,0.9,0
2015-08-29 19:23:00,5,50,22,63,12.4,1011.3,1016.2,0.3,0.7,12,0.9,0
2015-08-29 19:28:00,5,52,21.8,63,12.2,1011.6,1016.5,0,0.3,12,0.9,0
2015-08-29 19:33:00,5,53,21.8,64,12,1011.5,1016.4,0,0.3,10,0.9,0
2015-08-29 19:38:00,5,54,21.7,66,11.9,1011.6,1016.5,0,0.3,8,0.9,0
2015-08-29 19:43:00,5,55,21.6,66,11.7,1011.6,1016.5,0,0.3,10,0.9,0
2015-08-29 19:48:00,5,56,21.7,66,11.5,1011.6,1016.5,0,0.3,8,0.9,0
2015-08-29 19:53:00,5,57,21.7,67,11.3,1011.7,1016.6,0,0.3,10,0.9,0
2015-08-29 19:58:00,5,58,21.6,67,11.2,1011.7,1016.6,0,0.3,,0.9,0
2015-08-29 20:03:00,5,59,21.6,67,11,1011.8,1016.7,0,0.3,4,0.9,0
2015-08-29 20:08:00,5,59,21.6,68,10.9,1011.9,1016.8,0,0.3,4,0.9,0
2015-08-29 20:13:00,5,60,21.7,69,10.8,1011.9,1016.8,0,0.3,10,0.9,0
2015-08-29 20:18:00,5,61,21.6,69,10.7,1011.8,1016.7,0.3,0.7,8,0.9,0
2015-08-29 20:23:00,5,61,21.6,70,10.7,1012,1016.9,0,0.3,12,0.9,0
2015-08-29 20:28:00,5,62,21.6,70,10.6,1012.1,1017,0,0.3,8,0.9,0
2015-08-29 20:33:00,5,63,21.6,70,10.6,1012.2,1017.1,0,0.3,10,0.9,0
2015-08-29 20:38:00,5,64,21.7,70,10.5,1012.1,1017,0,0.3,4,0.9,0
2015-08-29 20:43:00,5,65,21.7,70,10.4,1012.4,1017.3,0.3,0.7,10,0.9,0
2015-08-29 20:48:00,5,65,21.7,70,10.5,1012.3,1017.2,0.7,1.4,10,0.9,0
2015-08-29 20:53:00,5,65,21.7,70,10.8,1012.3,1017.2,0.7,1,10,0.9,0
2015-08-29 20:58:00,5,66,21.7,70,11,1012.3,1017.2,0.7,1,8,0.9,0
2015-08-29 21:03:00,5,66,21.7,70,11.1,1012.5,1017.4,0,0.3,4,0.9,0
2015-08-29 21:08:00,5,66,21.7,70,11.2,1012.5,1017.4,0.3,0.7,8,0.9,0
2015-08-29 21:13:00,5,66,21.7,70,11.2,1012.5,1017.4,0,0,8,0.9,0
2015-08-29 21:18:00,5,66,21.7,70,11.3,1012.6,1017.5,0,0.7,10,0.9,0
2015-08-29 21:23:00,5,66,21.7,70,11.3,1012.6,1017.5,0.3,0.7,10,0.9,0
2015-08-29 21:28:00,5,66,21.7,70,11.3,1012.6,1017.5,0.3,0.7,10,0.9,0
2015-08-29 21:33:00,5,66,21.7,71,11.3,1012.6,1017.5,0.3,0.7,10,0.9,0
2015-08-29 21:38:00,5,66,21.7,71,11.3,1012.4,1017.3,0.3,0.7,10,0.9,0
2015-08-29 21:43:00,5,66,21.7,71,11.3,1012.5,1017.4,0.7,1,10,0.9,0
2015-08-29 21:48:00,5,65,21.7,71,11.3,1012.5,1017.4,0.7,1,8,0.9,0
2015-08-29 21:53:00,5,65,21.7,71,11.2,1012.4,1017.3,0.7,1,10,0.9,0
2015-08-29 21:58:00,5,65,21.7,71,11.2,1012.6,1017.5,0.7,1.4,10,0.9,0
2015-08-29 22:03:00,5,65,21.7,71,11.2,1012.6,1017.5,0.3,1,10,0.9,0
2015-08-29 22:08:00,5,65,21.7,71,11.2,1012.7,1017.6,0.7,1,8,0.9,0
2015-08-29 22:13:00,5,65,21.6,71,11.2,1012.7,1017.6,0,0.7,4,0.9,0
2015-08-29 22:18:00,5,65,21.7,72,11.3,1012.8,1017.7,0.3,0.7,10,0.9,0
2015-08-29 22:23:00,5,65,21.7,72,11.3,1012.8,1017.7,0.3,0.7,10,0.9,0
2015-08-29 22:28:00,5,65,21.7,72,11.3,1012.7,1017.6,0,0.3,8,0.9,0
2015-08-29 22:33:00,5,65,21.7,72,11.4,1012.7,1017.6,0.3,0.7,8,0.9,0
2015-08-29 22:38:00,5,65,21.7,72,11.4,1012.7,1017.6,0,0.7,4,0.9,0
2015-08-29 22:43:00,5,65,21.7,72,11.4,1012.7,1017.6,0.3,1,4,0.9,0
2015-08-29 22:48:00,5,65,21.7,72,11.4,1012.6,1017.5,0,0.3,4,0.9,0
2015-08-29 22:53:00,5,65,21.7,72,11.4,1012.7,1017.6,0,0.7,10,0.9,0
2015-08-29 22:58:00,5,65,21.7,72,11.5,1012.7,1017.6,0,0.3,10,0.9,0
2015-08-29 23:03:00,5,65,21.7,72,11.5,1012.6,1017.5,0,0.3,14,0.9,0
2015-08-29 23:08:00,5,65,21.7,72,11.6,1012.7,1017.6,0,0,2,0.9,0
2015-08-29 23:13:00,5,65,21.7,72,11.7,1012.4,1017.3,0.3,0.7,10,0.9,0
2015-08-29 23:18:00,5,65,21.6,72,11.8,1012.5,1017.4,0.3,1,14,0.9,0
2015-08-29 23:23:00,5,65,21.7,72,11.9,1012.5,1017.4,0.3,0.7,8,0.9,0
2015-08-29 23:28:00,5,65,21.7,72,11.9,1012.5,1017.4,0.3,0.7,10,0.9,0
2015-08-29 23:33:00,5,65,21.7,72,11.9,1012.6,1017.5,0.7,1.4,10,0.9,0
2015-08-29 23:38:00,5,65,21.7,71,12,1012.7,1017.6,1,1.4,8,0.9,0
2015-08-29 23:43:00,5,65,21.6,71,12,1012.7,1017.6,0.3,1,8,0.9,0
2015-08-29 23:48:00,5,65,21.7,72,11.9,1012.7,1017.6,0,0.7,8,0.9,0
2015-08-29 23:53:00,5,65,21.7,72,11.9,1012.7,1017.6,0.7,1,8,0.9,0
2015-08-29 23:58:00,5,65,21.7,72,11.9,1012.8,1017.7,0.7,1,10,0.9,0
