2015-08-10 00:04:27,5,65,20.9,74,13.6,1006.9,1011.8,1,1.7,8,476.4,0
2015-08-10 00:09:27,5,65,20.9,74,13.6,1007,1011.9,0.7,1.4,8,476.4,0
2015-08-10 00:14:27,5,65,20.9,74,13.6,1006.9,1011.8,0.7,1.4,8,476.4,0
2015-08-10 00:19:27,5,64,20.9,74,13.6,1006.7,1011.6,1,1.7,8,476.4,0
2015-08-10 00:24:27,5,64,20.9,74,13.6,1006.7,1011.6,1,2,8,476.4,0
2015-08-10 00:29:27,5,64,20.9,74,13.5,1006.7,1011.6,1.4,2,8,476.4,0
2015-08-10 00:34:27,5,64,20.9,74,13.5,1006.7,1011.6,1,1.4,8,476.4,0
2015-08-10 00:39:27,5,64,20.9,74,13.4,1006.5,1011.4,1.4,2,8,476.4,0
2015-08-10 00:44:27,5,64,20.9,74,13.3,1006.6,1011.5,0.7,1,8,476.4,0
2015-08-10 00:49:27,5,64,20.9,74,13.3,1006.6,1011.5,0.7,1.4,8,476.4,0
2015-08-10 00:54:27,5,64,20.9,74,13.2,1006.4,1011.3,1,1.4,8,476.4,0
2015-08-10 00:59:27,5,64,20.9,74,13.2,1006.5,1011.4,0.7,1.4,8,476.4,0
2015-08-10 01:04:27,5,64,20.9,74,13.3,1006.5,1011.4,1,1.4,8,476.4,0
2015-08-10 01:09:27,5,64,20.9,74,13.3,1006.3,1011.2,1,1.4,8,476.4,0
2015-08-10 01:14:27,5,64,20.9,75,13.3,1006.1,1011,0.3,1,8,476.4,0
2015-08-10 01:19:27,5,64,20.8,75,13.3,1006.3,1011.2,0.7,1,8,476.4,0
2015-08-10 01:24:27,5,64,20.8,75,13.3,1006.3,1011.2,0.7,1,8,476.4,0
2015-08-10 01:29:27,5,64,20.8,75,13.3,1006.1,1011,1,1.4,8,476.4,0
2015-08-10 01:34:27,5,64,20.8,75,13.4,1006,1010.9,0.7,1,8,476.4,0
2015-08-10 01:39:27,5,64,20.8,75,13.4,1005.9,1010.8,1.7,2,8,476.4,0
2015-08-10 01:44:27,5,64,20.8,75,13.5,1005.9,1010.8,1.4,2.7,8,476.4,0
2015-08-10 01:49:27,5,64,20.8,75,13.6,1005.9,1010.8,1,1.7,8,476.4,0
2015-08-10 01:54:27,5,64,20.8,75,13.7,1005.8,1010.7,1.4,2.7,10,476.4,0
2015-08-10 01:59:27,5,64,20.8,75,13.7,1005.9,1010.8,1.7,2.4,12,476.4,0
2015-08-10 02:04:27,5,64,20.8,75,13.8,1005.8,1010.7,2,3.4,8,476.4,0
2015-08-10 02:09:27,5,64,20.8,75,13.8,1005.6,1010.5,0.7,1,8,476.4,0
2015-08-10 02:14:27,5,64,20.8,75,13.8,1005.6,1010.5,0.7,1,8,476.4,0
2015-08-10 02:19:27,5,64,20.8,75,13.8,1005.4,1010.3,1.4,1.7,8,476.4,0
2015-08-10 02:24:27,5,64,20.8,75,13.8,1005.4,1010.3,1,1.4,8,476.4,0
2015-08-10 02:29:27,5,64,20.8,75,13.8,1005.4,1010.3,0.7,1.7,12,476.4,0
2015-08-10 02:34:27,5,64,20.8,75,13.8,1005.4,1010.3,1.4,2.4,8,476.4,0
2015-08-10 02:39:27,5,64,20.8,75,13.8,1005.3,1010.2,1.4,2.4,8,476.4,0
2015-08-10 02:44:27,5,64,20.8,75,13.8,1005.3,1010.2,1,1.7,8,476.4,0
2015-08-10 02:49:27,5,64,20.8,75,13.8,1005.2,1010.1,1,1.7,8,476.4,0
2015-08-10 02:54:27,5,64,20.8,74,14,1005.2,1010.1,1,1.4,8,476.4,0
2015-08-10 02:59:27,5,64,20.8,75,13.8,1005.2,1010.1,0.7,1.7,10,476.4,0
2015-08-10 03:04:27,5,64,20.8,75,13.8,1005,1009.9,0.7,1.7,9,476.4,0
2015-08-10 03:09:27,5,64,20.8,75,13.8,1005.1,1010,0.7,1,10,476.4,0
2015-08-10 03:14:27,5,64,20.8,75,13.8,1005,1009.9,1,1.7,10,476.4,0
2015-08-10 03:19:27,5,64,20.7,75,13.8,1005,1009.9,1,2,8,476.4,0
2015-08-10 03:24:27,5,64,20.7,75,13.8,1005.1,1010,1.4,2,8,476.4,0
2015-08-10 03:29:27,5,64,20.7,75,13.7,1005,1009.9,1,1.7,8,476.4,0
2015-08-10 03:34:27,5,64,20.7,75,13.7,1004.9,1009.8,1,1.7,8,476.4,0
2015-08-10 03:39:27,5,64,20.7,75,13.8,1004.9,1009.8,2,3.4,8,476.4,0
2015-08-10 03:44:27,5,64,20.7,75,13.8,1004.9,1009.8,1,2,8,476.4,0
2015-08-10 03:49:27,5,64,20.7,75,13.8,1005,1009.9,1.7,2,8,476.4,0
2015-08-10 03:54:27,5,64,20.7,75,13.8,1004.9,1009.8,1.7,3.1,8,476.4,0
2015-08-10 03:59:27,5,64,20.7,75,13.8,1005,1009.9,1.4,2,8,476.4,0
2015-08-10 04:04:27,5,64,20.7,75,13.8,1005,1009.9,1,2,8,476.4,0
2015-08-10 04:09:27,5,64,20.7,75,13.6,1005,1009.9,1,2,8,476.4,0
2015-08-10 04:14:27,5,64,20.7,75,13.5,1004.9,1009.8,1.7,2.4,10,476.4,0
2015-08-10 04:19:27,5,64,20.7,75,13.4,1004.9,1009.8,1,1.7,8,476.4,0
2015-08-10 04:24:27,5,64,20.7,75,13.4,1005,1009.9,0.7,1.4,8,476.4,0
2015-08-10 04:29:27,5,64,20.7,75,13.4,1004.9,1009.8,0.3,1,8,476.4,0
2015-08-10 04:34:27,5,64,20.7,75,13.3,1004.9,1009.8,1,1.4,14,476.4,0
2015-08-10 04:39:27,5,64,20.7,75,13.2,1005,1009.9,1,1.7,8,476.4,0
2015-08-10 04:44:27,5,64,20.7,75,13.1,1004.8,1009.7,1,2.4,14,476.4,0
2015-08-10 04:49:27,5,64,20.7,75,13,1004.8,1009.7,1,2,8,476.4,0
2015-08-10 04:54:27,5,64,20.7,74,12.9,1004.8,1009.7,0.3,1,12,476.4,0
2015-08-10 04:59:27,5,64,20.7,74,12.9,1004.9,1009.8,0.3,0.7,10,476.4,0
2015-08-10 05:04:27,5,64,20.7,74,12.9,1004.8,1009.7,0.7,2,8,476.7,0
2015-08-10 05:09:27,5,64,20.7,74,12.8,1004.9,1009.8,1,1.4,10,476.7,0
2015-08-10 05:14:27,5,64,20.7,74,12.7,1004.7,1009.6,0.7,1.7,14,476.7,0
2015-08-10 05:19:27,5,64,20.7,74,12.7,1005,1009.9,0.7,1,12,476.7,0
2015-08-10 05:24:27,5,64,20.7,74,12.6,1004.9,1009.8,0.7,1.4,8,476.7,0
2015-08-10 05:29:27,5,64,20.7,74,12.6,1004.8,1009.7,0.7,1.4,10,476.7,0
2015-08-10 05:34:27,5,64,20.7,74,12.6,1004.9,1009.8,0,0.3,8,476.7,0
2015-08-10 05:39:27,5,64,20.6,74,12.5,1005,1009.9,1.4,2,10,476.7,0
2015-08-10 05:44:27,5,64,20.7,74,12.5,1004.8,1009.7,0.3,1,8,476.7,0
2015-08-10 05:49:27,5,64,20.6,74,12.5,1004.9,1009.8,1.4,2,12,476.7,0
2015-08-10 05:54:27,5,64,20.6,74,12.5,1004.9,1009.8,1,1.7,8,476.7,0
2015-08-10 05:59:27,5,64,20.6,74,12.5,1004.8,1009.7,0.7,1.4,8,476.7,0
2015-08-10 06:04:27,5,64,20.7,74,12.5,1004.7,1009.6,1.4,1.7,8,476.7,0
2015-08-10 06:09:27,5,64,20.7,74,12.6,1004.7,1009.6,1,1.4,8,476.7,0
2015-08-10 06:14:27,5,64,20.7,75,12.6,1004.8,1009.7,2,2.7,8,476.7,0
2015-08-10 06:19:27,5,64,20.7,75,12.8,1004.8,1009.7,1.7,2.4,12,476.7,0
2015-08-10 06:24:27,5,64,20.7,74,12.8,1004.8,1009.7,1.4,1.7,10,476.7,0
2015-08-10 06:29:27,5,64,20.7,74,12.7,1004.8,1009.7,0.7,1.4,9,476.7,0
2015-08-10 06:34:27,5,64,20.7,74,12.7,1004.8,1009.7,1,1.7,8,476.7,0
2015-08-10 06:39:27,5,64,20.7,74,12.7,1004.8,1009.7,0.7,1.4,8,476.7,0
2015-08-10 06:44:27,5,64,20.7,74,12.7,1004.8,1009.7,1,1.7,8,476.7,0
2015-08-10 06:49:27,5,64,20.7,74,12.7,1004.7,1009.6,0.7,1.4,8,477,0
2015-08-10 06:54:27,5,64,20.7,75,12.7,1004.7,1009.6,1.7,2.7,8,477,0
2015-08-10 06:59:27,5,64,20.7,75,12.7,1004.7,1009.6,1.4,3.1,8,477,0
2015-08-10 07:04:27,5,64,20.7,75,12.9,1004.7,1009.6,1.4,2,8,477,0
2015-08-10 07:09:27,5,64,20.7,75,13,1004.9,1009.8,1.4,2.4,8,477,0
2015-08-10 07:14:27,5,64,20.7,75,13,1004.8,1009.7,1.7,2.7,8,477,0
2015-08-10 07:19:27,5,64,20.7,75,13,1004.9,1009.8,2,3.1,8,477,0
2015-08-10 07:24:27,5,64,20.7,75,13.3,1004.8,1009.7,1.7,2.7,8,477,0
2015-08-10 07:29:27,5,64,20.8,75,13.3,1004.8,1009.7,2,3.1,10,477,0
2015-08-10 07:34:27,5,64,20.8,75,13.3,1004.9,1009.8,1.7,2.7,8,477,0
2015-08-10 07:39:27,5,64,20.8,74,13.2,1004.9,1009.8,1.7,3.1,15,477,0
2015-08-10 07:44:27,5,64,20.8,74,13,1005,1009.9,1,2.4,8,477,0
2015-08-10 07:49:27,5,64,20.8,74,13,1005.1,1010,1.7,2.7,10,477,0
2015-08-10 07:54:27,5,64,20.8,74,13,1005.2,1010.1,1,1.4,8,477,0
2015-08-10 07:59:27,5,64,20.8,74,13,1005.2,1010.1,1.7,2.7,10,477,0
2015-08-10 08:04:27,5,64,20.8,73,12.2,1005.4,1010.3,1.7,2.4,10,477.3,0
2015-08-10 08:09:27,5,64,20.7,74,11.8,1005.4,1010.3,1.7,2,10,477.6,0
2015-08-10 08:14:27,5,64,20.7,74,11.7,1005.4,1010.3,1,1.7,10,477.6,0
2015-08-10 08:19:27,5,64,20.7,74,11.7,1005.3,1010.2,0.3,0.7,10,477.6,0
2015-08-10 08:24:27,5,64,20.7,74,12,1005.3,1010.2,0.3,1,8,477.6,0
2015-08-10 08:29:27,5,64,20.7,74,12.7,1005.4,1010.3,1,1.7,8,477.6,0
2015-08-10 08:34:27,5,64,20.8,75,13.5,1005.3,1010.2,1.4,2,10,477.6,0
2015-08-10 08:39:27,5,64,20.8,74,14,1005.3,1010.2,1,1.7,10,477.6,0
2015-08-10 08:44:27,5,64,20.8,73,14.4,1005.4,1010.3,1.4,2,15,477.6,0
2015-08-10 08:49:27,5,64,20.8,73,14,1005.2,1010.1,1,1.7,12,477.6,0
2015-08-10 08:54:27,5,64,20.8,73,14,1005.2,1010.1,1,1.4,9,477.6,0
2015-08-10 08:59:27,5,64,20.9,73,14.4,1005.2,1010.1,1.7,3.7,8,477.6,0
2015-08-10 09:04:27,5,64,20.9,71,15,1005.1,1010,2.4,4.1,10,477.6,0
2015-08-10 09:09:27,5,64,20.9,70,15.1,1005.3,1010.2,1.7,2.4,10,477.6,0
2015-08-10 09:14:27,5,63,21,69,15,1005.2,1010.1,1.7,2.4,8,477.6,0
2015-08-10 09:19:27,5,63,21,70,14.8,1005.6,1010.5,3.4,4.4,9,477.6,0
2015-08-10 09:24:27,5,63,21,68,14,1005.5,1010.4,2,4.8,10,477.6,0
2015-08-10 09:29:27,5,63,21,69,13.8,1005.5,1010.4,2.4,3.1,10,477.6,0
2015-08-10 09:34:27,5,63,21,69,13.8,1005.5,1010.4,1.7,2.7,8,477.6,0
2015-08-10 09:39:27,5,63,21,69,14.2,1005.4,1010.3,1.4,2.4,10,477.6,0
2015-08-10 09:44:27,5,63,21,69,14.7,1005.4,1010.3,1.4,2.4,12,477.6,0
2015-08-10 09:49:27,5,63,21,67,15.2,1005.3,1010.2,2.4,4.4,10,477.6,0
2015-08-10 09:54:27,5,63,21.1,67,15.7,1005.5,1010.4,2.7,3.4,12,477.6,0
2015-08-10 09:59:27,5,63,21.1,64,15.4,1005.7,1010.6,3.4,5.8,10,477.6,0
2015-08-10 10:04:27,5,63,21.1,68,14.7,1005.8,1010.7,2,2.7,8,477.6,0
2015-08-10 10:09:27,5,63,21.1,67,15,1005.7,1010.6,1.7,2.7,10,477.6,0
2015-08-10 10:14:27,5,63,21.1,67,14.6,1005.9,1010.8,2.4,3.4,10,477.6,0
2015-08-10 10:19:27,5,63,21.1,68,14.3,1005.8,1010.7,1.7,2.4,4,477.6,0
2015-08-10 10:24:27,5,63,21.2,68,14.6,1005.6,1010.5,2,3.1,10,477.6,0
2015-08-10 10:29:27,5,63,21.1,67,14.6,1005.7,1010.6,1.4,2.7,12,477.6,0
2015-08-10 10:34:27,5,63,21.2,67,14.8,1005.7,1010.6,3.1,4.4,10,477.6,0
2015-08-10 10:39:27,5,63,21.2,66,14.7,1005.9,1010.8,3.4,5.1,10,477.6,0
2015-08-10 10:44:27,5,63,21.2,67,14.5,1005.9,1010.8,3.1,4.4,8,477.6,0
2015-08-10 10:49:27,5,63,21.2,68,13.8,1006.2,1011.1,2,3.1,8,477.6,0
2015-08-10 10:54:27,5,63,21.2,68,14.3,1006.1,1011,1.7,3.4,10,477.6,0
2015-08-10 10:59:27,5,63,21.2,67,15,1006.2,1011.1,2.4,3.7,10,477.6,0
2015-08-10 11:04:27,5,63,21.3,66,14.5,1006.4,1011.3,3.4,4.8,10,477.9,0
2015-08-10 11:09:27,5,63,21.3,69,13.8,1006.5,1011.4,2,3.7,10,477.9,0
2015-08-10 11:14:27,5,63,21.3,70,13.8,1006.3,1011.2,2,3.1,10,477.9,0
2015-08-10 11:19:27,5,63,21.3,70,14.7,1006.4,1011.3,3.4,4.1,10,477.9,0
2015-08-10 11:24:27,5,63,21.3,66,15.3,1006.3,1011.2,2.7,3.7,10,477.9,0
2015-08-10 11:29:27,5,63,21.3,65,15.2,1006.5,1011.4,2,3.1,10,477.9,0
2015-08-10 11:34:27,5,63,21.3,66,14.5,1006.7,1011.6,2.7,3.4,10,477.9,0
2015-08-10 11:39:27,5,63,21.3,68,14.9,1006.8,1011.7,5.1,6.5,10,477.9,0
2015-08-10 11:44:27,5,62,21.4,67,13.8,1006.6,1011.5,3.1,3.7,14,477.9,0
2015-08-10 11:49:27,5,62,21.4,69,13.4,1006.7,1011.6,3.1,3.7,10,477.9,0
2015-08-10 11:54:27,5,62,21.3,71,13.8,1006.8,1011.7,2,3.1,10,477.9,0
2015-08-10 11:59:27,5,62,21.3,70,14.1,1006.8,1011.7,3.4,5.1,10,477.9,0
2015-08-10 12:04:27,5,61,21.3,69,14.3,1007.1,1012,1.7,3.1,10,477.9,0
2015-08-10 12:09:27,5,61,21.3,68,14,1007,1011.9,2,3.1,8,477.9,0
2015-08-10 12:14:27,5,61,21.3,68,14.1,1007,1011.9,2.4,3.1,10,477.9,0
2015-08-10 12:19:27,5,61,21.3,67,14.6,1007.1,1012,2.7,4.1,10,477.9,0
2015-08-10 12:24:27,5,61,21.4,66,14.9,1007.1,1012,2.4,3.7,10,477.9,0
2015-08-10 12:29:27,5,60,21.3,66,14.9,1007.2,1012.1,2.7,4.1,8,477.9,0
2015-08-10 12:34:27,5,60,21.3,65,14.5,1007.1,1012,2.4,4.1,10,477.9,0
2015-08-10 12:39:27,5,60,21.3,66,14.3,1007.2,1012.1,2.4,3.7,10,477.9,0
2015-08-10 12:44:27,5,60,21.3,66,14.1,1007.4,1012.3,2,3.4,14,477.9,0
2015-08-10 12:49:27,5,60,21.3,67,14.6,1007.4,1012.3,2.7,3.7,10,477.9,0
2015-08-10 12:54:27,5,60,21.3,67,14.6,1007.3,1012.2,1.7,2.4,12,478.2,0
2015-08-10 12:59:27,5,60,21.4,68,13.8,1007.2,1012.1,2.7,3.7,8,478.2,0
2015-08-10 13:04:27,5,60,21.4,68,14.3,1007.2,1012.1,2,3.1,9,478.2,0
2015-08-10 13:09:27,5,60,21.4,67,14.6,1007.3,1012.2,1.7,2.7,10,478.2,0
2015-08-10 13:14:27,5,60,21.4,67,14.8,1007.6,1012.5,2.7,4.4,8,478.2,0
2015-08-10 13:19:27,5,60,21.4,68,13.8,1007.8,1012.7,2.4,5.1,10,478.5,0
2015-08-10 13:24:27,5,60,21.4,69,13.3,1007.6,1012.5,2.4,3.4,12,478.5,0
2015-08-10 13:29:27,5,60,21.4,70,13.3,1007.7,1012.6,1.7,2.7,8,478.5,0
2015-08-10 13:34:27,5,60,21.4,69,14,1007.6,1012.5,2,3.4,8,478.5,0
2015-08-10 13:39:27,5,60,21.4,68,14,1007.6,1012.5,3.7,4.4,10,478.5,0
2015-08-10 13:44:27,5,62,21.7,67,14.3,1007.6,1012.5,1.7,3.1,8,478.5,0
2015-08-10 13:49:27,5,66,21.7,65,15,1007.7,1012.6,2.7,3.7,10,478.5,0
2015-08-10 13:54:27,5,67,21.7,63,15.1,1007.9,1012.8,3.1,4.8,10,478.5,0
2015-08-10 13:59:27,5,68,21.7,63,15.2,1007.6,1012.5,2.7,4.1,10,478.5,0
2015-08-10 14:04:27,5,68,21.8,63,15.1,1008.1,1013,3.1,5.1,10,478.5,0
2015-08-10 14:09:27,5,66,21.8,63,15,1007.9,1012.8,2,3.1,10,478.5,0
2015-08-10 14:14:27,5,65,21.8,62,15.3,1008,1012.9,3.1,4.8,12,478.5,0
2015-08-10 14:19:27,5,64,21.9,62,15.3,1008,1012.9,2.7,4.4,10,478.5,0
2015-08-10 14:24:27,5,63,22,61,15,1008,1012.9,2.4,4.1,14,478.5,0
2015-08-10 14:29:27,5,62,22.1,60,15.3,1008,1012.9,2,2.7,10,478.5,0
2015-08-10 14:34:27,5,62,22.1,59,15.6,1008,1012.9,1.7,3.1,12,478.5,0
2015-08-10 14:39:27,5,63,22.1,59,16,1008,1012.9,1.7,2.7,10,478.5,0
2015-08-10 14:44:27,5,63,22.2,57,16.1,1008.3,1013.2,2,2.7,10,478.5,0
2015-08-10 14:49:27,5,63,22.3,58,16,1008.6,1013.5,3.4,4.8,8,478.5,0
2015-08-10 14:54:27,5,61,22.3,58,16,1008.4,1013.3,1.7,2.7,10,478.5,0
2015-08-10 14:59:27,5,60,22.4,58,15.7,1008.2,1013.1,2.7,4.1,8,478.5,0
2015-08-10 15:04:27,5,59,22.4,60,15.5,1008.2,1013.1,2.4,3.4,10,478.5,0
2015-08-10 15:09:27,5,59,22.5,58,16.1,1008.3,1013.2,2.4,4.1,10,478.5,0
2015-08-10 15:14:27,5,59,22.5,57,16.2,1008.3,1013.2,2.7,3.7,8,478.5,0
2015-08-10 15:19:27,5,59,22.6,58,16.3,1008.3,1013.2,1.7,3.1,10,478.5,0
2015-08-10 15:24:27,5,58,22.8,57,16.2,1008.2,1013.1,1.4,2,12,478.5,0
2015-08-10 15:29:27,5,57,22.8,56,16.1,1008.5,1013.4,1.7,2.7,12,478.5,0
2015-08-10 15:34:27,5,56,22.9,58,16.3,1008.5,1013.4,4.1,7.5,12,478.5,0
2015-08-10 15:39:27,5,56,22.9,58,15.6,1008.6,1013.5,2,3.4,10,478.5,0
2015-08-10 15:44:27,5,55,22.9,60,15.2,1008.7,1013.6,1.7,3.7,10,478.5,0
2015-08-10 15:49:27,5,55,22.9,61,14.9,1008.7,1013.6,2.7,3.7,10,478.5,0
2015-08-10 15:54:27,5,54,22.8,63,14.5,1008.8,1013.7,1.7,3.4,8,478.5,0
2015-08-10 15:59:27,5,54,22.8,64,14.6,1008.8,1013.7,1.7,3.4,10,478.5,0
2015-08-10 16:04:27,5,54,22.8,63,14.9,1008.7,1013.6,1.7,3.7,10,478.5,0
2015-08-10 16:09:27,5,55,22.6,60,15,1008.6,1013.5,2.7,3.7,10,478.5,0
2015-08-10 16:14:27,5,54,22.7,62,14.9,1008.6,1013.5,1.4,1.7,10,478.5,0
2015-08-10 16:19:27,5,54,22.7,61,15.2,1008.5,1013.4,2,3.4,12,478.5,0
2015-08-10 16:24:27,5,54,22.7,62,15.7,1008.6,1013.5,2,3.1,8,478.5,0
2015-08-10 16:29:27,5,55,22.8,58,16.1,1008.6,1013.5,3.1,3.7,12,478.5,0
2015-08-10 16:34:27,5,55,22.9,57,16,1008.6,1013.5,3.1,4.4,10,478.5,0
2015-08-10 16:39:27,5,54,23,59,15.5,1008.7,1013.6,3.1,4.4,10,478.5,0
2015-08-10 16:44:27,5,54,23.2,60,15.5,1008.5,1013.4,3.1,4.4,10,478.5,0
2015-08-10 16:49:27,5,53,23.3,59,15.7,1008.6,1013.5,2.7,4.1,12,478.5,0
2015-08-10 16:54:27,5,53,23.4,59,15.3,1008.7,1013.6,1.7,3.1,12,478.5,0
2015-08-10 16:59:27,5,52,23.4,62,15.1,1008.7,1013.6,2.7,3.4,14,478.5,0
2015-08-10 17:04:27,5,52,23.4,61,14.9,1008.6,1013.5,2,3.1,10,478.5,0
2015-08-10 17:09:27,5,52,23.5,60,15,1008.6,1013.5,3.1,3.7,15,478.5,0
2015-08-10 17:14:27,5,52,23.5,59,15.1,1008.8,1013.7,2,2.4,10,478.5,0
2015-08-10 17:19:27,5,51,23.4,61,14.8,1009,1013.9,2.4,3.4,10,478.5,0
2015-08-10 17:24:27,5,51,23.3,63,14.4,1008.9,1013.8,1.4,2.4,8,478.5,0
2015-08-10 17:29:27,5,51,23.2,63,14.4,1008.8,1013.7,2,3.4,12,478.5,0
2015-08-10 17:34:27,5,51,23.2,63,14.4,1008.9,1013.8,1.4,2,12,478.5,0
2015-08-10 17:39:27,5,51,23.1,64,14.3,1008.9,1013.8,3.1,4.8,10,478.5,0
2015-08-10 17:44:27,5,51,22.9,64,14.2,1008.9,1013.8,1.7,2.4,8,478.5,0
2015-08-10 17:49:27,5,52,22.9,64,14.2,1008.9,1013.8,2,3.1,9,478.5,0
2015-08-10 17:54:27,5,53,22.9,64,14,1009,1013.9,1.4,2.4,8,478.5,0
2015-08-10 17:59:27,5,53,22.9,65,13.8,1009,1013.9,1,2,14,478.5,0
2015-08-10 18:04:27,5,54,22.8,66,13.7,1009.1,1014,1.4,2.4,10,478.5,0
2015-08-10 18:09:27,5,54,22.8,66,13.7,1009.3,1014.2,1.4,2.4,10,478.5,0
2015-08-10 18:14:27,5,55,22.8,66,13.7,1009.3,1014.2,1.7,2.4,14,478.5,0
2015-08-10 18:19:27,5,55,22.7,67,13.7,1009.3,1014.2,2,3.4,10,478.5,0
2015-08-10 18:24:27,5,56,22.6,66,13.7,1009.3,1014.2,2,3.1,10,478.5,0
2015-08-10 18:29:27,5,55,22.6,66,13.7,1009.2,1014.1,1.4,2,8,478.5,0
2015-08-10 18:34:27,5,55,22.5,66,13.8,1009.4,1014.3,1.7,2.7,8,478.5,0
2015-08-10 18:39:27,5,55,22.5,66,13.6,1009.3,1014.2,1.4,3.4,8,478.5,0
2015-08-10 18:44:27,5,54,22.4,66,13.6,1009.5,1014.4,1.7,3.1,10,478.5,0
2015-08-10 18:49:27,5,55,22.3,67,13.5,1009.4,1014.3,1.4,2.4,8,478.5,0
2015-08-10 18:54:27,5,56,22.3,67,13.4,1009.5,1014.4,2,3.4,12,478.5,0
2015-08-10 18:59:27,5,56,22.4,68,13.2,1009.4,1014.3,1.4,2,8,478.5,0
2015-08-10 19:04:27,5,56,22.6,69,13.1,1009.6,1014.5,1.4,2.4,8,478.5,0
2015-08-10 19:09:27,5,56,22.6,71,12.9,1009.5,1014.4,1,1.7,8,478.5,0
2015-08-10 19:14:27,5,57,22.6,71,12.7,1009.7,1014.6,0.7,1.4,8,478.5,0
2015-08-10 19:19:27,5,57,22.6,71,12.6,1009.8,1014.7,0.7,1.4,10,478.5,0
2015-08-10 19:24:27,5,57,22.6,72,12.6,1009.8,1014.7,0.7,1.4,8,478.5,0
2015-08-10 19:29:27,5,58,22.7,72,12.6,1009.9,1014.8,0.7,1,10,478.5,0
2015-08-10 19:34:27,5,58,22.7,72,12.5,1009.7,1014.6,1,1.7,10,478.5,0
2015-08-10 19:39:27,5,58,22.8,72,12.5,1009.8,1014.7,1,1.7,10,478.5,0
2015-08-10 19:44:27,5,58,22.8,72,12.5,1009.9,1014.8,1.4,2.4,10,478.5,0
2015-08-10 19:49:27,5,58,22.8,72,12.6,1009.8,1014.7,1.4,2,12,478.5,0
2015-08-10 19:54:27,5,58,22.9,72,12.5,1009.9,1014.8,0.7,1,8,478.5,0
2015-08-10 19:59:27,5,58,22.9,72,12.5,1009.9,1014.8,1,1.7,10,478.5,0
2015-08-10 20:04:27,5,58,22.9,73,12.5,1010.2,1015.1,1.4,2.4,10,478.5,0
2015-08-10 20:09:27,5,57,23,73,12.5,1010,1014.9,0.7,1.7,10,478.5,0
2015-08-10 20:14:27,5,57,23,73,12.5,1010.1,1015,1.4,2.4,10,478.5,0
2015-08-10 20:19:27,5,58,22.9,73,12.4,1010.3,1015.2,0.7,1.4,12,478.8,0
2015-08-10 20:24:27,5,58,22.7,73,12.4,1010.4,1015.3,0.7,1.7,10,478.8,0
2015-08-10 20:29:27,5,58,22.6,73,12.4,1010.5,1015.4,0.7,1.7,10,478.8,0
2015-08-10 20:34:27,5,59,22.4,73,12.4,1010.5,1015.4,0.3,0.7,8,478.8,0
2015-08-10 20:39:27,5,59,22.4,73,12.3,1010.5,1015.4,0.7,1,10,478.8,0
2015-08-10 20:44:27,5,59,22.3,73,12.3,1010.5,1015.4,0.3,0.7,12,478.8,0
2015-08-10 20:49:27,5,59,22.2,73,12.3,1010.7,1015.6,0.7,1.4,12,478.8,0
2015-08-10 20:54:27,5,59,22.2,74,12.3,1010.7,1015.6,0.7,1.4,10,478.8,0
2015-08-10 20:59:27,5,59,22.1,74,12.4,1010.8,1015.7,1,1.7,10,478.8,0
2015-08-10 21:04:27,5,60,22.1,74,12.4,1010.9,1015.8,1,1.7,10,478.8,0
2015-08-10 21:09:27,5,60,22,74,12.4,1010.9,1015.8,1,2,10,478.8,0
2015-08-10 21:14:27,5,60,22,74,12.3,1010.9,1015.8,0.3,1,9,478.8,0
2015-08-10 21:19:27,5,61,21.9,74,12.3,1011,1015.9,1,1.7,9,478.8,0
2015-08-10 21:24:27,5,61,21.8,74,12.3,1011.1,1016,0.3,1,12,478.8,0
2015-08-10 21:29:27,5,61,21.7,74,12.3,1011.1,1016,0.7,1.4,10,478.8,0
2015-08-10 21:34:27,5,61,21.7,74,12.3,1011.2,1016.1,0.7,1,10,478.8,0
2015-08-10 21:39:27,5,61,21.6,74,12.3,1011.3,1016.2,0.3,1,10,478.8,0
2015-08-10 21:44:27,5,61,21.6,74,12.2,1011.5,1016.4,0.7,1.4,10,478.8,0
2015-08-10 21:49:27,5,61,21.6,74,12.2,1011.5,1016.4,0.7,1.4,8,478.8,0
2015-08-10 21:54:27,5,61,21.6,74,12.1,1011.4,1016.3,0.3,0.7,8,478.8,0
2015-08-10 21:59:27,5,61,21.6,74,12.1,1011.6,1016.5,0.3,0.7,10,478.8,0
2015-08-10 22:04:27,5,61,21.6,74,12,1011.6,1016.5,0.3,0.7,10,478.8,0
2015-08-10 22:09:27,5,61,21.6,74,12,1011.7,1016.6,0.3,1,10,478.8,0
2015-08-10 22:14:27,5,62,21.7,74,12,1011.7,1016.6,0.7,1,10,478.8,0
2015-08-10 22:19:27,5,62,21.4,75,11.9,1011.6,1016.5,0.3,0.7,10,478.8,0
2015-08-10 22:24:27,5,62,21.4,75,11.9,1011.8,1016.7,0.3,0.7,10,478.8,0
2015-08-10 22:29:27,5,62,21.4,75,11.9,1011.9,1016.8,0.3,0.7,12,478.8,0
2015-08-10 22:34:27,5,62,21.4,75,11.9,1011.8,1016.7,0.3,0.7,8,478.8,0
2015-08-10 22:39:27,5,62,21.4,75,11.9,1011.9,1016.8,0.3,1,10,478.8,0
2015-08-10 22:44:27,5,62,21.4,75,11.9,1012,1016.9,0.7,1,10,478.8,0
2015-08-10 22:49:27,5,62,21.4,75,11.9,1012,1016.9,0.3,1,10,478.8,0
2015-08-10 22:54:27,5,62,21.4,75,11.9,1012,1016.9,0.7,1.4,10,478.8,0
2015-08-10 22:59:27,5,62,21.4,74,12,1012.1,1017,0.7,1,10,478.8,0
2015-08-10 23:04:27,5,62,21.4,74,12,1012.2,1017.1,0.3,1,8,478.8,0
2015-08-10 23:09:27,5,62,21.4,75,12,1012.1,1017,0.3,0.7,8,478.8,0
2015-08-10 23:14:27,5,62,21.4,75,12,1012,1016.9,0.3,0.7,0,478.8,0
2015-08-10 23:19:27,5,62,21.4,75,12,1012.1,1017,0.7,1.4,10,478.8,0
2015-08-10 23:24:27,5,62,21.4,75,12,1012.1,1017,0.3,1,10,478.8,0
2015-08-10 23:29:27,5,62,21.4,75,12,1012.2,1017.1,0.7,1.4,10,478.8,0
2015-08-10 23:34:27,5,62,21.3,75,12,1012.4,1017.3,0.3,0.7,10,478.8,0
2015-08-10 23:39:27,5,62,21.3,75,12,1012.3,1017.2,0.3,1,10,478.8,0
2015-08-10 23:44:27,5,62,21.3,75,12,1012.2,1017.1,0.3,0.7,10,478.8,0
2015-08-10 23:49:27,5,62,21.3,75,12,1012.3,1017.2,0.3,0.7,12,478.8,0
2015-08-10 23:54:27,5,62,21.3,75,12,1012.4,1017.3,0.7,1,10,478.8,0
2015-08-10 23:59:27,5,62,21.2,75,12,1012.5,1017.4,0.7,1,10,478.8,0
