2024-01-25 00:02:42,5,59,18.8,80,8.3,1019.5,1024.4,3.7,4.4,4,400.5,0
2024-01-25 00:07:42,5,59,18.8,80,8.1,1019.2,1024.1,3.4,4.1,4,400.5,0
2024-01-25 00:12:42,5,59,18.8,80,8,1019.3,1024.2,2.7,3.4,4,400.5,0
2024-01-25 00:17:42,5,59,18.8,80,7.9,1019.2,1024.1,3.4,4.4,4,400.5,0
2024-01-25 00:22:42,5,59,18.8,80,7.8,1019.1,1024,3.1,3.7,4,400.5,0
2024-01-25 00:27:42,5,59,18.7,80,7.8,1019,1023.9,3.4,4.1,4,400.5,0
2024-01-25 00:32:42,5,59,18.8,81,7.7,1019,1023.9,4.1,4.8,4,400.5,0
2024-01-25 00:37:42,5,59,18.7,81,7.7,1018.9,1023.8,2.7,4.1,4,400.5,0
2024-01-25 00:42:42,5,59,18.7,81,7.6,1018.5,1023.4,3.4,4.1,,400.5,0
2024-01-25 00:47:42,5,59,18.7,82,7.6,1018.5,1023.4,3.1,4.1,2,400.5,0
2024-01-25 00:52:42,5,59,18.7,82,7.6,1018,1022.9,3.4,4.4,4,400.5,0
2024-01-25 00:57:42,5,59,18.7,83,7.6,1017.9,1022.8,3.4,4.4,,400.8,0
2024-01-25 01:02:42,5,59,18.6,83,7.6,1017.8,1022.7,2.4,3.1,8,400.8,0
2024-01-25 01:07:42,5,59,18.6,84,7.7,1017.5,1022.4,2.7,3.1,1,400.8,0
2024-01-25 01:12:42,5,59,18.6,84,7.8,1017.5,1022.4,3.1,3.7,4,400.8,0
2024-01-25 01:17:42,5,59,18.6,85,7.8,1017.3,1022.2,4.8,5.8,4,400.8,0
2024-01-25 01:22:42,5,59,18.6,85,7.9,1017.3,1022.2,4.4,5.8,,400.8,0
2024-01-25 01:27:42,5,59,18.6,86,8,1017,1021.9,3.4,4.4,1,400.8,0
2024-01-25 01:32:42,5,59,18.6,86,8,1016.9,1021.8,3.1,4.1,8,400.8,0
2024-01-25 01:37:42,5,59,18.6,87,8.2,1016.7,1021.6,4.4,5.4,8,400.8,0
2024-01-25 01:42:42,5,59,18.6,88,8.3,1016.6,1021.5,3.4,4.4,8,400.8,0
2024-01-25 01:47:42,5,59,18.5,89,8.5,1016.6,1021.5,3.7,4.4,8,400.8,0
2024-01-25 01:52:42,5,59,18.5,89,8.6,1016.6,1021.5,2,3.1,,400.8,0
2024-01-25 01:57:42,5,59,18.5,89,8.6,1016.5,1021.4,0.3,1.7,,400.8,0
2024-01-25 02:02:42,5,59,18.5,90,8.7,1016.4,1021.3,0.3,1.4,1,400.8,0
2024-01-25 02:07:42,5,59,18.5,90,8.9,1016.1,1021,0,0,2,400.8,0
2024-01-25 02:12:42,5,59,18.5,90,9,1016.2,1021.1,0,0,0,400.8,0
2024-01-25 02:17:42,5,59,18.5,90,9.2,1015.9,1020.8,0,0,,400.8,0
2024-01-25 02:22:42,5,59,18.5,90,9.3,1015.9,1020.8,0,0,10,400.8,0
2024-01-25 02:27:42,5,59,18.5,90,9.4,1015.7,1020.6,0,0,10,400.8,0
2024-01-25 02:32:42,5,59,18.5,90,9.5,1015.8,1020.7,0,0,2,400.8,0
2024-01-25 02:37:42,5,59,18.5,90,9.4,1015.4,1020.3,0,0,8,400.8,0
2024-01-25 02:42:42,5,59,18.5,89,9.4,1015.6,1020.5,0,0,13,400.8,0
2024-01-25 02:47:42,5,59,18.5,89,9.6,1015.6,1020.5,0,0,2,400.8,0
2024-01-25 02:52:42,5,59,18.5,89,9.6,1015.5,1020.4,0,0,1,400.8,0
2024-01-25 02:57:42,5,59,18.5,89,9.7,1015.5,1020.4,0,0,7,400.8,0
2024-01-25 03:02:42,5,59,18.4,88,9.7,1015.5,1020.4,0,0,8,400.8,0
2024-01-25 03:07:42,5,59,18.5,88,9.7,1015.3,1020.2,0,0,10,400.8,0
2024-01-25 03:12:42,5,59,18.5,88,9.6,1015.2,1020.1,0,0,10,400.8,0
2024-01-25 03:17:42,5,59,18.5,88,9.8,1015.1,1020,0,0,7,400.8,0
2024-01-25 03:22:42,5,59,18.5,88,9.8,1015.1,1020,0,0,1,400.8,0
2024-01-25 03:27:42,5,59,18.5,88,9.9,1014.9,1019.8,0,0,13,400.8,0
2024-01-25 03:32:42,5,59,18.5,88,10,1014.7,1019.6,0,0,1,400.8,0
2024-01-25 03:37:42,5,59,18.4,88,10.1,1014.6,1019.5,0,0,10,400.8,0
2024-01-25 03:42:42,5,59,18.4,88,10.2,1014.6,1019.5,0,0,10,400.8,0
2024-01-25 03:47:41,5,59,18.4,89,10.4,1014.6,1019.5,0,0,13,400.8,0
2024-01-25 03:52:41,5,59,18.4,89,10.6,1014.6,1019.5,0,0,8,400.8,0
2024-01-25 03:57:41,5,59,18.4,89,10.7,1014.6,1019.5,0,0,8,400.8,0
2024-01-25 04:02:41,5,59,18.4,88,10.8,1014.5,1019.4,0,0,10,400.8,0
2024-01-25 04:07:41,5,59,18.4,88,10.8,1014.4,1019.3,0,0,10,400.8,0
2024-01-25 04:12:41,5,59,18.4,87,10.8,1014.1,1019,0,0,10,400.8,0
2024-01-25 04:17:41,5,59,18.4,87,10.8,1014.1,1019,0,0,13,400.8,0
2024-01-25 04:22:41,5,59,18.4,87,10.9,1014,1018.9,0,0,10,400.8,0
2024-01-25 04:27:41,5,59,18.4,87,10.9,1014,1018.9,0,0,10,400.8,0
2024-01-25 04:32:41,5,59,18.4,86,10.9,1014,1018.9,0,0,10,400.8,0
2024-01-25 04:37:41,5,59,18.4,86,10.9,1013.8,1018.7,0,0,2,400.8,0
2024-01-25 04:42:41,5,59,18.4,86,11,1013.8,1018.7,0,0,10,400.8,0
2024-01-25 04:47:41,5,59,18.4,86,11,1013.9,1018.8,0,0,10,400.8,0
2024-01-25 04:52:41,5,59,18.4,86,11,1013.5,1018.4,0,0,10,400.8,0
2024-01-25 04:57:41,5,59,18.4,86,11.1,1013.7,1018.6,0,0,2,400.8,0
2024-01-25 05:02:41,5,59,18.3,86,11.1,1013.4,1018.3,0,0,2,400.8,0
2024-01-25 05:07:41,5,59,18.3,86,11.2,1013.6,1018.5,0,0,12,400.8,0
2024-01-25 05:12:41,5,59,18.3,86,11.3,1013.4,1018.3,0,0,2,400.8,0
2024-01-25 05:17:41,5,59,18.3,86,11.3,1013.4,1018.3,0,0,8,400.8,0
2024-01-25 05:22:41,5,59,18.3,86,11.4,1013.3,1018.2,0,0,13,400.8,0
2024-01-25 05:27:41,5,59,18.3,86,11.4,1013.2,1018.1,0,0,13,400.8,0
2024-01-25 05:32:41,5,59,18.3,86,11.4,1013.2,1018.1,0,0.3,10,400.8,0
2024-01-25 05:37:41,5,59,18.3,86,11.5,1013.1,1018,0,0,10,400.8,0
2024-01-25 05:42:41,5,59,18.3,86,11.5,1013,1017.9,0,0,8,400.8,0
2024-01-25 05:47:41,5,59,18.2,86,11.6,1013,1017.9,0,0,9,400.8,0
2024-01-25 05:52:41,5,59,18.3,86,11.7,1012.8,1017.7,0,0,2,400.8,0
2024-01-25 05:57:41,5,59,18.3,86,11.8,1012.7,1017.6,0,0,8,400.8,0
2024-01-25 06:02:41,5,59,18.2,85,11.9,1012.8,1017.7,0,0,8,400.8,0
2024-01-25 06:07:41,5,59,18.3,85,12,1012.7,1017.6,0.3,1.4,8,400.8,0
2024-01-25 06:12:41,5,59,18.3,85,12,1012.7,1017.6,1,2.7,10,401.1,0
2024-01-25 06:17:41,5,59,18.2,84,11.9,1012.8,1017.7,2.7,3.7,10,401.1,0
2024-01-25 06:22:41,5,59,18.3,85,11.9,1012.6,1017.5,2.7,3.7,10,401.1,0
2024-01-25 06:27:41,5,59,18.3,85,11.9,1012.6,1017.5,3.1,3.7,14,401.1,0
2024-01-25 06:32:41,5,59,18.2,85,11.8,1012.4,1017.3,3.1,3.4,10,401.1,0
2024-01-25 06:37:41,5,59,18.3,85,11.8,1012.5,1017.4,2.7,3.1,10,401.1,0
2024-01-25 06:42:41,5,59,18.3,85,11.7,1012.4,1017.3,2,3.1,2,401.1,0
2024-01-25 06:47:41,5,59,18.3,85,11.7,1012.4,1017.3,2.4,2.7,8,401.1,0
2024-01-25 06:52:41,5,59,18.3,85,11.6,1012.4,1017.3,1.4,2,8,401.1,0
2024-01-25 06:57:41,5,59,18.3,86,11.6,1012.3,1017.2,1.4,2,8,401.1,0
2024-01-25 07:02:41,5,59,18.3,86,11.6,1012.3,1017.2,1,1.4,8,401.1,0
2024-01-25 07:07:41,5,59,18.3,86,11.7,1012.3,1017.2,0,0.7,10,401.1,0
2024-01-25 07:12:41,5,59,18.3,87,11.7,1012.3,1017.2,0,0,8,401.1,0
2024-01-25 07:17:41,5,59,18.4,87,11.7,1012.2,1017.1,0,0,10,401.1,0
2024-01-25 07:22:41,5,59,18.4,87,11.7,1012.1,1017,0,0,13,401.1,0
2024-01-25 07:27:41,5,59,18.4,87,11.7,1012.3,1017.2,0,0,13,401.1,0
2024-01-25 07:32:41,5,59,18.4,88,11.7,1012.1,1017,0,0,0,401.1,0
2024-01-25 07:37:41,5,59,18.4,88,11.7,1012.1,1017,0,0,10,401.1,0
2024-01-25 07:42:41,5,59,18.4,88,11.8,1012,1016.9,0,0,10,401.1,0
2024-01-25 07:47:41,5,59,18.4,88,11.8,1012.1,1017,0,0,13,401.1,0
2024-01-25 07:52:41,5,59,18.4,88,11.8,1012.1,1017,0,0,13,401.1,0
2024-01-25 07:57:41,5,59,18.4,89,11.9,1012.2,1017.1,0,0,10,401.1,0
2024-01-25 08:02:41,5,59,18.4,89,11.9,1012,1016.9,0,0,10,401.1,0
2024-01-25 08:07:41,5,59,18.4,89,11.9,1012,1016.9,0,0,10,401.1,0
2024-01-25 08:12:41,5,59,18.4,89,11.9,1012,1016.9,0,0,10,401.1,0
2024-01-25 08:17:41,5,59,18.4,90,12,1012,1016.9,0,0,10,401.1,0
2024-01-25 08:22:41,5,59,18.4,90,12,1012,1016.9,0,0,13,401.1,0
2024-01-25 08:27:41,5,59,18.4,90,12.1,1012,1016.9,0,0,8,401.1,0
2024-01-25 08:32:41,5,59,18.4,90,12.1,1012,1016.9,0,0,8,401.1,0
2024-01-25 08:37:43,5,59,18.4,90,12.1,1011.8,1016.7,0,0,7,401.1,0
2024-01-25 08:42:41,5,59,18.4,90,12.1,1012,1016.9,0,0,10,401.1,0
2024-01-25 08:47:41,5,59,18.4,90,12.1,1012,1016.9,0,0,7,401.1,0
2024-01-25 08:52:41,5,60,18.4,90,12.1,1011.9,1016.8,0,0,2,401.1,0
2024-01-25 08:57:41,5,60,18.5,90,12.2,1011.9,1016.8,0,0,8,401.1,0
2024-01-25 09:02:41,5,61,18.5,91,12.2,1011.8,1016.7,0,0,10,401.1,0
2024-01-25 09:07:41,5,61,18.5,91,12.2,1011.7,1016.6,0,0,10,401.1,0
2024-01-25 09:12:41,5,62,18.5,91,12.2,1011.9,1016.8,0,0,10,401.1,0
2024-01-25 09:17:41,5,62,18.5,91,12.2,1011.9,1016.8,0,0,10,401.1,0
2024-01-25 09:22:41,5,62,18.6,91,12.2,1011.9,1016.8,0,0,8,401.1,0
2024-01-25 09:27:41,5,62,18.6,91,12.3,1011.9,1016.8,0,0,10,401.1,0
2024-01-25 09:32:41,5,62,18.6,91,12.3,1012,1016.9,0,0,8,401.1,0
2024-01-25 09:37:41,5,62,18.7,91,12.3,1012,1016.9,0,0,10,401.1,0
2024-01-25 09:42:41,5,63,18.7,91,12.3,1012.2,1017.1,0,0,8,401.1,0
2024-01-25 09:47:41,5,63,18.8,91,12.3,1012,1016.9,0,0,8,401.1,0
2024-01-25 09:52:41,5,64,18.8,91,12.3,1012,1016.9,0,0,10,401.1,0
2024-01-25 09:57:41,5,65,18.8,91,12.3,1012,1016.9,0,0,10,401.1,0
2024-01-25 10:02:41,5,65,18.8,91,12.3,1011.9,1016.8,0,0,10,401.1,0
2024-01-25 10:07:41,5,66,18.9,91,12.3,1012,1016.9,0,0,8,401.1,0
2024-01-25 10:12:41,5,66,18.9,91,12.4,1011.9,1016.8,0,0,8,401.1,0
2024-01-25 10:17:41,5,66,18.9,91,12.4,1011.9,1016.8,0,0,10,401.1,0
2024-01-25 10:22:41,5,66,18.9,91,12.4,1011.9,1016.8,0,0,8,401.1,0
2024-01-25 10:27:41,5,66,18.9,91,12.4,1011.8,1016.7,0,0,8,401.1,0
2024-01-25 10:32:41,5,66,18.9,91,12.4,1011.7,1016.6,0,0,8,401.1,0
2024-01-25 10:37:41,5,66,19,91,12.4,1011.7,1016.6,0,0,10,401.1,0
2024-01-25 10:42:41,5,65,19,88,12.5,1011.8,1016.7,0,0,10,401.1,0
2024-01-25 10:47:41,5,65,19.1,88,12.6,1011.8,1016.7,0,0,11,401.1,0
2024-01-25 10:52:41,5,65,19.1,88,12.6,1011.9,1016.8,0,0,2,401.1,0
2024-01-25 10:57:41,5,65,19.1,87,12.7,1011.6,1016.5,0,0,10,401.1,0
2024-01-25 11:02:41,5,65,19.1,87,12.7,1011.7,1016.6,0,0,2,401.1,0
2024-01-25 11:07:41,5,65,19.1,87,12.9,1011.6,1016.5,0,0,10,401.1,0
2024-01-25 11:12:41,5,65,19.2,87,13.1,1011.6,1016.5,0,0,10,401.1,0
2024-01-25 11:17:41,5,65,19.2,86,13.3,1011.5,1016.4,0,0,10,401.1,0
2024-01-25 11:22:41,5,65,19.2,85,13.4,1011.4,1016.3,0,0,10,401.1,0
2024-01-25 11:27:41,5,65,19.3,84,13.3,1011.6,1016.5,0,0,7,401.1,0
2024-01-25 11:32:41,5,65,19.3,83,13.2,1011.4,1016.3,0,0,7,401.1,0
2024-01-25 11:37:41,5,65,19.3,83,13.3,1011.5,1016.4,0,0,8,401.1,0
2024-01-25 11:42:41,5,65,19.4,83,13.3,1011.4,1016.3,0,0,10,401.1,0
2024-01-25 11:47:41,5,65,19.4,83,13.2,1011.4,1016.3,0,0,10,401.1,0
2024-01-25 11:52:41,5,65,19.4,84,13.2,1011.2,1016.1,0,0,10,401.1,0
2024-01-25 11:57:41,5,65,19.4,84,13.2,1011.2,1016.1,0,0,10,401.1,0
2024-01-25 12:02:41,5,64,19.4,84,13.2,1011.1,1016,0,0,10,401.1,0
2024-01-25 12:07:41,5,64,19.4,84,13.1,1011.1,1016,0,0,8,401.1,0
2024-01-25 12:12:41,5,64,19.4,84,13.2,1010.9,1015.8,0,0,8,401.1,0
2024-01-25 12:17:41,5,64,19.5,85,13.3,1010.8,1015.7,0,0,10,401.1,0
2024-01-25 12:22:41,5,64,19.5,85,13.3,1010.8,1015.7,0,0,10,401.1,0
2024-01-25 12:27:41,5,64,19.5,84,13.2,1010.7,1015.6,0,0,10,401.1,0
2024-01-25 12:32:41,5,64,19.4,84,13.3,1010.4,1015.3,0,0,0,401.1,0
2024-01-25 12:37:41,5,64,19.5,84,13.2,1010.5,1015.4,0,0,10,401.1,0
2024-01-25 12:42:41,5,64,19.5,84,13.3,1010.5,1015.4,0,0,8,401.1,0
2024-01-25 12:47:41,5,64,19.5,84,13.3,1010.4,1015.3,0,0,10,401.1,0
2024-01-25 12:52:41,5,64,19.5,84,13.3,1010.3,1015.2,0,0,10,401.1,0
2024-01-25 12:57:41,5,64,19.6,83,13.2,1010.1,1015,0,0,10,401.1,0
2024-01-25 13:02:41,5,64,19.6,83,13.1,1010.2,1015.1,0,0,13,401.1,0
2024-01-25 13:07:41,5,64,19.6,84,13.2,1010,1014.9,0,0,13,401.1,0
2024-01-25 13:12:41,5,64,19.6,84,13.2,1010,1014.9,0,0,10,401.1,0
2024-01-25 13:17:41,5,65,19.6,84,13.2,1009.9,1014.8,0,0,10,401.1,0
2024-01-25 13:22:41,5,65,19.6,84,13.1,1009.9,1014.8,0,0,15,401.1,0
2024-01-25 13:27:41,5,65,19.6,84,13.1,1009.9,1014.8,0,0,8,401.1,0
2024-01-25 13:32:41,5,65,19.7,84,13,1009.9,1014.8,0,0,10,401.1,0
2024-01-25 13:37:41,5,65,19.6,84,13,1009.6,1014.5,0,0,10,401.1,0
2024-01-25 13:42:41,5,65,19.7,85,13.1,1009.7,1014.6,0,0,10,401.1,0
2024-01-25 13:47:41,5,64,19.7,85,13.1,1009.5,1014.4,0,0,10,401.1,0
2024-01-25 13:52:41,5,64,19.6,84,13.2,1009.2,1014.1,0,0,10,401.1,0
2024-01-25 13:57:41,5,64,19.7,83,13.1,1009.3,1014.2,0,0,8,401.1,0
2024-01-25 14:02:41,5,64,19.6,83,13.2,1009.2,1014.1,0,0,10,401.1,0
2024-01-25 14:07:41,5,64,19.6,82,13.4,1008.9,1013.8,0,0,10,401.1,0
2024-01-25 14:12:41,5,64,19.6,81,13.4,1008.9,1013.8,1.4,3.4,13,401.1,0
2024-01-25 14:17:41,5,64,19.7,80,13.3,1008.9,1013.8,6.8,9.2,10,401.1,0
2024-01-25 14:22:41,5,64,19.7,80,13.2,1008.8,1013.7,5.4,7.1,10,401.1,0
2024-01-25 14:27:41,5,64,19.7,80,13.2,1008.7,1013.6,4.8,5.4,10,401.1,0
2024-01-25 14:32:41,5,64,19.7,80,13.2,1008.8,1013.7,5.4,6.8,,401.1,0
2024-01-25 14:37:41,5,64,19.7,80,13.3,1008.5,1013.4,4.4,6.1,10,401.1,0
2024-01-25 14:42:41,5,64,19.7,80,13.2,1008.6,1013.5,4.8,6.1,10,401.1,0
2024-01-25 14:47:41,5,64,19.7,80,13.2,1008.5,1013.4,3.4,4.1,,401.1,0
2024-01-25 14:52:41,5,64,19.7,81,13,1008.2,1013.1,5.4,6.8,14,401.1,0
2024-01-25 14:57:41,5,64,19.7,81,12.9,1008.3,1013.2,4.8,6.5,10,401.1,0
2024-01-25 15:02:41,5,64,19.7,82,12.8,1008.2,1013.1,3.7,4.8,10,401.1,0
2024-01-25 15:07:41,5,64,19.7,82,12.7,1008,1012.9,0,1,10,401.1,0
2024-01-25 15:12:41,5,64,19.7,83,12.7,1008,1012.9,0,0.3,10,401.1,0
2024-01-25 15:17:41,5,64,19.7,83,12.7,1008,1012.9,0,0,8,401.1,0
2024-01-25 15:22:41,5,64,19.6,84,12.7,1007.8,1012.7,0,0,8,401.1,0
2024-01-25 15:27:41,5,64,19.6,84,12.7,1007.8,1012.7,0,0,10,401.1,0
2024-01-25 15:32:41,5,64,19.6,84,12.7,1007.7,1012.6,0,0,10,401.1,0
2024-01-25 15:37:41,5,64,19.7,84,12.8,1007.7,1012.6,0,0,10,401.1,0
2024-01-25 15:42:41,5,64,19.7,84,12.8,1007.7,1012.6,0,0,10,401.1,0
2024-01-25 15:47:41,5,65,19.7,84,12.8,1007.5,1012.4,0,0,10,401.1,0
2024-01-25 15:52:41,5,65,19.7,84,12.8,1007.6,1012.5,0,0,0,401.1,0
2024-01-25 15:57:41,5,66,19.8,84,12.9,1007.5,1012.4,0,0,13,401.1,0
2024-01-25 16:02:41,5,66,19.8,83,12.9,1007.5,1012.4,0,0,8,401.1,0
2024-01-25 16:07:41,5,66,19.8,83,12.9,1007.4,1012.3,0,0,10,401.4,0
2024-01-25 16:12:41,5,66,19.9,83,12.8,1007.3,1012.2,0,0,10,401.4,0
2024-01-25 16:17:41,5,66,19.9,83,12.8,1007.4,1012.3,0,0,10,401.4,0
2024-01-25 16:22:41,5,65,20,83,12.7,1007.2,1012.1,0,0,10,401.4,0
2024-01-25 16:27:41,5,65,20.1,83,12.7,1007.3,1012.2,0,0,13,401.4,0
2024-01-25 16:32:41,5,65,20.1,83,12.7,1007.3,1012.2,0,0,13,401.4,0
2024-01-25 16:37:41,5,64,20.1,83,12.6,1007.2,1012.1,0,0,14,401.4,0
2024-01-25 16:42:41,5,64,20.1,83,12.6,1007.1,1012,0,0,13,401.4,0
2024-01-25 16:47:41,5,64,20.2,82,12.5,1007,1011.9,0,0,10,401.4,0
2024-01-25 16:52:41,5,64,20.2,84,12.4,1007.2,1012.1,0,0,10,401.4,0
2024-01-25 16:57:41,5,64,20.2,83,12.4,1007.1,1012,0,0.7,10,401.4,0
2024-01-25 17:02:41,5,64,20.2,82,12.3,1007.1,1012,1,3.4,10,401.4,0
2024-01-25 17:07:41,5,64,20.2,82,12.3,1007,1011.9,4.4,5.4,10,401.4,0
2024-01-25 17:12:41,5,64,20.2,82,12.2,1006.8,1011.7,6.5,8.8,8,401.4,0
2024-01-25 17:17:41,5,63,20.2,81,12.2,1006.9,1011.8,8.5,10.5,10,401.4,0
2024-01-25 17:22:41,5,63,20.1,81,12.1,1006.8,1011.7,6.5,9.9,10,401.4,0
2024-01-25 17:27:41,5,63,20.1,80,12.1,1006.7,1011.6,5.8,7.5,,401.4,0
2024-01-25 17:32:41,5,63,20,80,12,1006.7,1011.6,6.5,9.5,8,401.4,0
2024-01-25 17:37:41,5,63,20,79,11.9,1006.5,1011.4,8.8,11.2,10,401.4,0
2024-01-25 17:42:41,5,63,19.9,78,12,1006.4,1011.3,7.8,9.2,,401.4,0
2024-01-25 17:47:41,5,63,19.9,77,12,1006.5,1011.4,6.1,7.8,10,401.4,0
2024-01-25 17:52:41,5,63,19.9,77,11.9,1006.5,1011.4,5.1,7.1,10,401.4,0
2024-01-25 17:57:41,5,63,19.9,77,11.9,1006.4,1011.3,6.5,9.2,10,401.4,0
2024-01-25 18:02:41,5,63,19.8,78,11.8,1006.4,1011.3,6.1,7.1,10,401.4,0
2024-01-25 18:07:41,5,63,19.8,78,11.9,1006.4,1011.3,7.8,9.9,10,401.4,0
2024-01-25 18:12:41,5,63,19.7,77,11.8,1006.3,1011.2,6.1,7.8,10,401.4,0
2024-01-25 18:17:41,5,63,19.7,77,11.8,1006.3,1011.2,5.4,6.1,10,401.4,0
2024-01-25 18:22:41,5,63,19.7,77,11.7,1006.3,1011.2,4.8,6.5,10,401.4,0
2024-01-25 18:27:41,5,63,19.7,77,11.7,1006.4,1011.3,5.8,7.8,10,401.4,0
2024-01-25 18:32:41,5,63,19.7,77,11.7,1006.3,1011.2,6.1,7.1,,401.4,0
2024-01-25 18:37:41,5,63,19.6,77,11.7,1006.2,1011.1,5.8,7.8,10,401.4,0
2024-01-25 18:42:41,5,63,19.6,76,11.7,1006,1010.9,5.4,7.1,8,401.4,0
2024-01-25 18:47:41,5,63,19.6,76,11.6,1006,1010.9,5.1,7.5,8,401.4,0
2024-01-25 18:52:41,5,63,19.6,76,11.6,1005.9,1010.8,5.1,6.1,10,401.4,0
2024-01-25 18:57:41,5,64,19.6,76,11.5,1005.9,1010.8,4.4,6.1,10,401.4,0
2024-01-25 19:02:41,5,64,19.6,76,11.4,1005.9,1010.8,3.7,5.4,8,401.4,0
2024-01-25 19:07:41,5,65,19.6,76,11.4,1005.7,1010.6,5.4,7.1,8,401.4,0
2024-01-25 19:12:41,5,65,19.5,75,11.5,1005.7,1010.6,6.1,7.1,8,401.4,0
2024-01-25 19:17:41,5,66,19.5,74,11.4,1005.7,1010.6,5.4,7.1,8,401.4,0
2024-01-25 19:22:41,5,66,19.5,74,11.4,1005.6,1010.5,4.4,5.1,10,401.4,0
2024-01-25 19:27:41,5,66,19.5,74,11.4,1005.5,1010.4,5.1,6.5,10,401.4,0
2024-01-25 19:32:41,5,66,19.5,74,11.4,1005.5,1010.4,5.1,6.1,8,401.4,0
2024-01-25 19:37:41,5,66,19.5,74,11.3,1005.5,1010.4,6.8,8.5,10,401.4,0
2024-01-25 19:42:41,5,66,19.5,74,11.3,1005.2,1010.1,4.8,5.8,10,401.4,0
2024-01-25 19:47:41,5,66,19.5,74,11.3,1005.1,1010,4.8,5.8,10,401.4,0
2024-01-25 19:52:41,5,66,19.5,74,11.4,1005.2,1010.1,5.4,7.1,10,401.4,0
2024-01-25 19:57:41,5,66,19.5,74,11.5,1005,1009.9,5.1,6.5,10,401.4,0
2024-01-25 20:02:41,5,66,19.6,74,11.5,1004.9,1009.8,5.1,6.5,8,401.4,0
2024-01-25 20:07:41,5,66,19.6,74,11.6,1004.6,1009.5,6.5,7.5,10,401.4,0
2024-01-25 20:12:41,5,66,19.6,73,11.7,1004.4,1009.3,7.1,9.2,10,401.4,0
2024-01-25 20:17:41,5,66,19.6,73,11.7,1004.2,1009.1,9.5,11.6,,401.4,0
2024-01-25 20:22:41,5,66,19.6,73,11.7,1004.3,1009.2,5.8,6.8,,401.4,0
2024-01-25 20:27:41,5,66,19.6,73,11.8,1004.2,1009.1,6.8,8.8,10,401.4,0
2024-01-25 20:32:41,5,66,19.6,73,11.8,1004.2,1009.1,5.4,6.8,8,401.4,0
2024-01-25 20:37:41,5,66,19.6,73,11.6,1004.4,1009.3,6.5,7.5,,401.4,0
2024-01-25 20:42:41,5,65,19.7,75,11.4,1004.2,1009.1,6.1,7.1,8,401.4,0
2024-01-25 20:47:41,5,65,19.7,77,11.2,1004,1008.9,7.5,9.5,8,401.7,0
2024-01-25 20:52:41,5,65,19.7,78,11.2,1003.7,1008.6,5.4,6.5,10,401.7,0
2024-01-25 20:57:41,5,65,19.7,79,11.1,1003.7,1008.6,5.4,7.5,8,401.7,0
2024-01-25 21:02:41,5,65,19.7,80,11.1,1003.5,1008.4,4.4,5.8,14,401.7,0
2024-01-25 21:07:41,5,65,19.7,80,11.2,1003.4,1008.3,5.8,7.5,10,401.7,0
2024-01-25 21:12:41,5,65,19.7,80,11.2,1003.2,1008.1,5.8,7.5,8,401.7,0
2024-01-25 21:17:41,5,65,19.7,81,10.8,1005,1009.9,6.8,8.5,,402.3,0
2024-01-25 21:22:41,5,65,19.7,78,8.6,1005.1,1010,3.7,5.1,,402.9,0
2024-01-25 21:27:41,5,65,19.7,80,8.2,1005.3,1010.2,3.1,4.1,14,403.2,0
2024-01-25 21:32:41,5,65,19.7,81,8,1005.3,1010.2,3.4,4.4,,403.2,0
2024-01-25 21:37:41,5,65,19.7,82,8,1005.4,1010.3,2.7,3.7,10,403.2,0
2024-01-25 21:42:41,5,66,19.8,82,8,1005.5,1010.4,2.7,3.1,10,403.2,0
2024-01-25 21:47:41,5,66,19.8,83,7.9,1005.3,1010.2,4.1,5.1,8,403.2,0
2024-01-25 21:52:41,5,66,19.8,83,7.9,1005.6,1010.5,3.7,5.1,8,403.2,0
2024-01-25 21:57:41,5,66,19.8,84,7.9,1005.8,1010.7,2.7,3.4,8,403.2,0
2024-01-25 22:02:41,5,66,19.9,84,7.9,1005.8,1010.7,4.1,4.8,8,403.2,0
2024-01-25 22:07:41,5,66,19.8,84,7.9,1006.1,1011,2.7,3.4,10,403.2,0
2024-01-25 22:12:41,5,66,19.7,85,7.9,1006.1,1011,3.1,4.4,10,403.2,0
2024-01-25 22:17:41,5,66,19.8,85,8,1006.1,1011,3.4,3.7,8,403.2,0
2024-01-25 22:22:41,5,66,19.7,85,8,1006.3,1011.2,2.7,3.7,8,403.2,0
2024-01-25 22:27:41,5,66,19.9,86,8,1006.3,1011.2,1,2.7,,403.2,0
2024-01-25 22:32:41,5,65,19.9,86,8.1,1006.6,1011.5,2,3.1,10,403.2,0
2024-01-25 22:37:41,5,65,19.9,85,8.2,1006.7,1011.6,3.4,4.1,14,403.2,0
2024-01-25 22:42:41,5,65,19.9,85,8.2,1006.8,1011.7,4.1,4.8,8,403.2,0
2024-01-25 22:47:41,5,65,19.9,84,8.2,1007,1011.9,4.1,5.1,8,403.2,0
2024-01-25 22:52:41,5,64,20,83,7.6,1007.7,1012.6,10.2,14.3,,403.5,0
2024-01-25 22:57:41,5,65,20.1,86,6.7,1008.1,1013,3.4,4.8,10,403.5,0
2024-01-25 23:02:41,5,65,20.1,85,6.4,1008.3,1013.2,4.8,5.8,,403.8,0
2024-01-25 23:07:41,5,64,20.2,85,6.4,1008.1,1013,4.1,6.1,8,403.8,0
2024-01-25 23:12:41,5,64,20.2,85,6.4,1008.2,1013.1,4.1,5.1,8,403.8,0
2024-01-25 23:17:41,5,64,20.3,86,6.4,1008.2,1013.1,3.4,4.4,10,403.8,0
2024-01-25 23:22:41,5,64,20.4,86,6.5,1008.1,1013,4.8,5.4,14,403.8,0
2024-01-25 23:27:41,5,64,20.4,86,6.6,1008.3,1013.2,3.7,5.4,,403.8,0
2024-01-25 23:32:41,5,64,20.4,86,6.8,1008.4,1013.3,3.7,4.4,,403.8,0
2024-01-25 23:37:41,5,63,20.4,86,6.9,1008.6,1013.5,4.4,6.1,,403.8,0
2024-01-25 23:42:41,5,63,20.5,85,6.4,1009.3,1014.2,7.1,12.2,,404.4,0
2024-01-25 23:47:41,5,63,20.5,83,5.8,1009.3,1014.2,3.4,4.8,10,404.4,0
2024-01-25 23:52:41,5,63,20.4,83,5.7,1009.6,1014.5,5.4,7.1,,404.4,0
2024-01-25 23:57:41,5,62,20.4,83,5.7,1009.7,1014.6,5.1,6.5,10,404.4,0
