2017-01-10 00:02:49,5,61,19.2,72,6.3,1009.2,1014.1,2.7,4.4,12,514.5,0
2017-01-10 00:07:49,5,60,19.2,72,6.3,1009.6,1014.5,2.4,4.8,14,514.5,0
2017-01-10 00:12:49,5,60,19.1,72,6.4,1009.7,1014.6,2.7,4.1,12,514.5,0
2017-01-10 00:17:49,5,60,19.1,72,6.4,1009.4,1014.3,3.7,4.8,12,514.5,0
2017-01-10 00:22:49,5,60,19.1,72,6.6,1009.6,1014.5,3.1,4.4,10,514.5,0
2017-01-10 00:27:49,5,60,19.1,72,6.6,1009.7,1014.6,1.7,3.4,14,514.5,0
2017-01-10 00:32:49,5,60,19.1,72,6.6,1009.4,1014.3,2,2.7,10,514.5,0
2017-01-10 00:37:49,5,60,19.1,72,6.5,1009.3,1014.2,2.4,4.1,12,514.5,0
2017-01-10 00:42:49,5,59,19,72,6.4,1009.4,1014.3,2.4,3.7,10,514.5,0
2017-01-10 00:47:49,5,59,19,73,6.4,1009.4,1014.3,2.4,4.1,12,514.5,0
2017-01-10 00:52:49,5,59,19,73,6.4,1009.2,1014.1,2.4,4.1,12,514.5,0
2017-01-10 00:57:49,5,59,19,72,6.4,1009.2,1014.1,2.4,3.4,0,514.5,0
2017-01-10 01:02:49,5,59,19,72,6.3,1009.3,1014.2,2,3.1,10,514.5,0
2017-01-10 01:07:49,5,59,19,72,6.2,1009.1,1014,2,3.1,10,514.5,0
2017-01-10 01:12:49,5,60,18.9,72,6.2,1009.2,1014.1,1.4,2,12,514.5,0
2017-01-10 01:17:49,5,59,19,72,6,1009,1013.9,1.7,3.4,12,514.5,0
2017-01-10 01:22:49,5,60,18.9,72,6,1009.1,1014,2.4,3.4,10,514.5,0
2017-01-10 01:27:49,5,60,18.9,72,6,1009.4,1014.3,2.4,3.4,10,514.5,0
2017-01-10 01:32:49,5,59,18.9,72,6.2,1009.2,1014.1,2.4,3.4,14,514.5,0
2017-01-10 01:37:49,5,59,18.9,72,6.4,1009.2,1014.1,2.4,3.4,14,514.5,0
2017-01-10 01:42:49,5,59,18.9,72,6.6,1009,1013.9,4.1,5.8,14,514.5,0
2017-01-10 01:47:49,5,59,18.8,70,6.8,1009,1013.9,2,3.4,10,514.5,0
2017-01-10 01:52:49,5,59,18.8,69,6.9,1009.2,1014.1,3.4,5.1,12,514.5,0
2017-01-10 01:57:49,5,59,18.8,69,6.9,1009.5,1014.4,2.4,4.1,14,514.5,0
2017-01-10 02:02:49,5,59,18.8,69,6.8,1009.3,1014.2,2,2.7,8,514.5,0
2017-01-10 02:07:49,5,59,18.8,69,6.8,1009.5,1014.4,2.7,4.4,14,514.5,0
2017-01-10 02:12:49,5,59,18.8,69,6.9,1009.3,1014.2,3.4,5.1,12,514.5,0
2017-01-10 02:17:49,5,59,18.8,70,6.8,1009,1013.9,3.7,6.1,10,514.5,0
2017-01-10 02:22:49,5,59,18.8,70,6.8,1009.3,1014.2,2,2.7,12,514.5,0
2017-01-10 02:27:49,5,59,18.8,70,6.7,1009.4,1014.3,2.4,3.4,10,514.5,0
2017-01-10 02:32:49,5,59,18.8,71,6.7,1009.6,1014.5,2.4,2.7,10,514.5,0
2017-01-10 02:37:49,5,58,18.7,71,6.7,1009.5,1014.4,2,3.1,14,514.5,0
2017-01-10 02:42:49,5,58,18.7,72,6.6,1009.5,1014.4,1.7,2,10,514.5,0
2017-01-10 02:47:49,5,58,18.7,72,6.6,1009.7,1014.6,1.4,2,12,514.5,0
2017-01-10 02:52:49,5,58,18.7,72,6.6,1009.8,1014.7,1.7,2.4,10,514.5,0
2017-01-10 02:57:49,5,58,18.7,72,6.6,1009.5,1014.4,1.7,2.4,10,514.5,0
2017-01-10 03:02:49,5,58,18.7,72,6.6,1009.6,1014.5,1.7,2.7,10,514.5,0
2017-01-10 03:07:49,5,58,18.6,72,6.6,1009.7,1014.6,1.4,2.4,13,514.5,0
2017-01-10 03:12:49,5,58,18.7,72,6.6,1009.7,1014.6,2,3.1,12,514.5,0
2017-01-10 03:17:49,5,58,18.6,73,6.7,1009.8,1014.7,1.4,2.7,14,514.5,0
2017-01-10 03:22:49,5,58,18.6,73,6.7,1009.7,1014.6,2,2.7,14,514.5,0
2017-01-10 03:27:49,5,58,18.6,73,6.7,1009.8,1014.7,3.4,6.1,10,514.5,0
2017-01-10 03:32:49,5,58,18.6,73,6.8,1009.8,1014.7,2,2.7,12,514.5,0
2017-01-10 03:37:49,5,58,18.6,73,6.8,1009.6,1014.5,2.4,3.4,10,514.5,0
2017-01-10 03:42:49,5,58,18.6,74,6.8,1009.7,1014.6,2,3.7,12,514.5,0
2017-01-10 03:47:49,5,58,18.6,74,6.7,1009.7,1014.6,1.4,2,12,514.5,0
2017-01-10 03:52:49,5,58,18.6,74,6.7,1009.6,1014.5,2.4,3.4,14,514.5,0
2017-01-10 03:57:49,5,58,18.6,75,6.7,1009.7,1014.6,2,2.7,12,514.5,0
2017-01-10 04:02:49,5,58,18.5,75,6.7,1009.5,1014.4,2,3.7,12,514.5,0
2017-01-10 04:07:49,5,58,18.5,75,6.7,1009.6,1014.5,2,2.7,14,514.5,0
2017-01-10 04:12:49,5,58,18.5,75,6.6,1009.3,1014.2,2.4,3.4,10,514.5,0
2017-01-10 04:17:49,5,58,18.5,76,6.6,1009.3,1014.2,2.4,4.1,10,514.5,0
2017-01-10 04:22:49,5,58,18.5,76,6.6,1009.2,1014.1,2.7,3.1,14,514.5,0
2017-01-10 04:27:49,5,58,18.5,76,6.6,1009.4,1014.3,2.7,3.4,12,514.5,0
2017-01-10 04:32:49,5,58,18.5,77,6.6,1009.4,1014.3,2.7,3.4,12,514.5,0
2017-01-10 04:37:49,5,58,18.5,77,6.6,1009.5,1014.4,2.4,3.1,14,514.5,0
2017-01-10 04:42:49,5,58,18.5,77,6.5,1009.4,1014.3,1.7,2.4,10,514.5,0
2017-01-10 04:47:49,5,58,18.4,78,6.5,1009.5,1014.4,1.7,2.7,12,514.5,0
2017-01-10 04:52:49,5,58,18.5,78,6.5,1009.2,1014.1,2,2.7,10,514.5,0
2017-01-10 04:57:49,5,58,18.5,78,6.5,1009.6,1014.5,2,2.7,12,514.5,0
2017-01-10 05:02:49,5,58,18.5,78,6.6,1009.6,1014.5,2.4,3.7,14,514.5,0
2017-01-10 05:07:49,5,58,18.4,78,6.7,1009.2,1014.1,2.7,4.1,10,514.5,0
2017-01-10 05:12:49,5,58,18.4,78,6.7,1009.3,1014.2,2,3.4,12,514.5,0
2017-01-10 05:17:49,5,58,18.4,79,6.8,1009.4,1014.3,1.7,2.7,12,514.5,0
2017-01-10 05:22:49,5,58,18.4,79,6.9,1009.5,1014.4,2.4,3.4,10,514.5,0
2017-01-10 05:27:49,5,58,18.4,78,7,1009.4,1014.3,3.4,4.8,12,514.5,0
2017-01-10 05:32:49,5,58,18.4,78,7.1,1009.6,1014.5,3.4,4.4,10,514.5,0
2017-01-10 05:37:49,5,58,18.4,78,7.1,1009.7,1014.6,2.7,3.7,12,514.5,0
2017-01-10 05:42:49,5,58,18.4,78,7.2,1009.7,1014.6,2.7,3.4,12,514.5,0
2017-01-10 05:47:49,5,58,18.4,78,7.2,1009.7,1014.6,3.1,4.8,10,514.5,0
2017-01-10 05:52:49,5,58,18.4,77,7.3,1009.9,1014.8,3.4,5.4,10,514.5,0
2017-01-10 05:57:49,5,58,18.4,77,7.4,1009.7,1014.6,3.1,5.1,8,514.5,0
2017-01-10 06:02:49,5,58,18.3,77,7.4,1009.6,1014.5,2.4,4.1,10,514.5,0
2017-01-10 06:07:49,5,58,18.3,77,7.4,1009.6,1014.5,3.1,4.4,14,514.5,0
2017-01-10 06:12:49,5,58,18.3,77,7.4,1009.6,1014.5,2,3.7,10,514.5,0
2017-01-10 06:17:49,5,58,18.3,77,7.3,1009.6,1014.5,3.1,3.7,10,514.5,0
2017-01-10 06:22:49,5,58,18.3,77,7.3,1009.6,1014.5,2.4,3.4,14,514.5,0
2017-01-10 06:27:49,5,58,18.3,77,7.4,1009.8,1014.7,2,2.4,10,514.5,0
2017-01-10 06:32:49,5,58,18.3,77,7.4,1009.8,1014.7,2,3.4,8,514.5,0
2017-01-10 06:37:49,5,58,18.3,77,7.3,1010,1014.9,3.4,4.4,10,514.5,0
2017-01-10 06:42:49,5,58,18.3,77,7.4,1010.1,1015,2.4,3.7,10,514.5,0
2017-01-10 06:47:49,5,58,18.3,77,7.4,1010,1014.9,3.1,4.4,12,514.5,0
2017-01-10 06:52:49,5,58,18.3,77,7.5,1009.8,1014.7,2,2.7,10,514.5,0
2017-01-10 06:57:49,5,58,18.3,78,7.5,1010,1014.9,2,3.1,12,514.5,0
2017-01-10 07:02:49,5,58,18.3,78,7.6,1010,1014.9,3.1,4.4,10,514.5,0
2017-01-10 07:07:49,5,58,18.3,78,7.7,1010,1014.9,2.4,3.1,8,514.5,0
2017-01-10 07:12:49,5,58,18.3,78,7.7,1009.8,1014.7,2,2.4,12,514.5,0
2017-01-10 07:17:49,5,58,18.3,78,7.7,1009.8,1014.7,2.4,3.7,12,514.5,0
2017-01-10 07:22:49,5,58,18.3,78,7.8,1009.6,1014.5,3.4,4.8,12,514.5,0
2017-01-10 07:27:49,5,58,18.3,78,7.8,1009.6,1014.5,2,3.4,8,514.5,0
2017-01-10 07:32:49,5,58,18.3,78,7.9,1009.4,1014.3,2,3.1,12,514.5,0
2017-01-10 07:37:49,5,58,18.3,78,7.9,1009.3,1014.2,3.1,4.1,14,514.5,0
2017-01-10 07:42:49,5,58,18.3,79,7.9,1009.5,1014.4,5.1,5.8,10,514.5,0
2017-01-10 07:47:49,5,59,18.3,79,7.9,1009.4,1014.3,3.1,4.1,12,514.5,0
2017-01-10 07:52:49,5,59,18.3,78,8,1009.3,1014.2,2.7,3.7,10,514.5,0
2017-01-10 07:57:49,5,59,18.3,78,8.1,1009.4,1014.3,2.7,4.1,14,514.5,0
2017-01-10 08:02:49,5,60,18.3,78,8.1,1009.2,1014.1,3.1,4.4,10,514.5,0
2017-01-10 08:07:49,5,60,18.3,78,8.2,1009.4,1014.3,2.4,3.1,10,514.5,0
2017-01-10 08:12:49,5,59,18.3,79,8.2,1009.6,1014.5,3.1,4.4,10,514.5,0
2017-01-10 08:17:49,5,59,18.3,79,8.3,1009.7,1014.6,3.7,5.1,10,514.5,0
2017-01-10 08:22:49,5,60,18.3,79,8.4,1009.5,1014.4,3.1,5.1,8,514.5,0
2017-01-10 08:27:49,5,60,18.3,79,8.4,1009.1,1014,3.4,5.4,8,514.5,0
2017-01-10 08:32:49,5,60,18.3,79,8.4,1009.1,1014,2.4,3.7,10,514.5,0
2017-01-10 08:37:49,5,60,18.3,79,8.5,1009.2,1014.1,3.1,4.8,10,514.5,0
2017-01-10 08:42:49,5,60,18.2,79,8.5,1009,1013.9,3.1,4.8,12,514.5,0
2017-01-10 08:47:49,5,60,18.2,79,8.5,1009.3,1014.2,3.1,4.1,14,514.5,0
2017-01-10 08:52:49,5,60,18.2,79,8.5,1009.2,1014.1,2.7,3.4,10,514.5,0
2017-01-10 08:57:49,5,60,18.2,79,8.6,1009.4,1014.3,3.1,3.7,10,514.5,0
2017-01-10 09:02:49,5,60,18.2,80,8.6,1009.5,1014.4,3.1,5.4,10,514.5,0
2017-01-10 09:07:49,5,60,18.3,80,8.7,1009.2,1014.1,2.4,3.7,12,514.5,0
2017-01-10 09:12:49,5,59,18.2,80,8.7,1009.3,1014.2,3.1,3.7,10,514.5,0
2017-01-10 09:17:49,5,59,18.2,80,8.8,1009.2,1014.1,2.4,3.1,10,514.5,0
2017-01-10 09:22:49,5,59,18.3,80,8.8,1009.2,1014.1,2.4,3.4,10,514.5,0
2017-01-10 09:27:49,5,59,18.3,80,8.9,1009.3,1014.2,2,2.4,14,514.5,0
2017-01-10 09:32:49,5,59,18.3,79,9,1009.1,1014,2.7,3.4,10,514.5,0
2017-01-10 09:37:49,5,59,18.3,79,9.1,1009,1013.9,2.7,3.4,10,514.5,0
2017-01-10 09:42:49,5,59,18.3,79,9.2,1009,1013.9,4.1,5.8,10,514.5,0
2017-01-10 09:47:49,5,59,18.2,79,9.3,1008.9,1013.8,3.7,5.8,12,514.5,0
2017-01-10 09:52:49,5,59,18.2,79,9.4,1008.7,1013.6,5.1,7.8,10,514.5,0
2017-01-10 09:57:49,5,59,18.2,79,9.5,1008.7,1013.6,4.1,5.8,12,514.5,0
2017-01-10 10:02:49,5,59,18.2,79,9.6,1008.8,1013.7,4.8,7.1,10,514.5,0
2017-01-10 10:07:49,5,59,18.3,79,9.7,1008.8,1013.7,4.4,6.1,10,514.5,0
2017-01-10 10:12:49,5,59,18.2,79,9.7,1008.7,1013.6,4.1,5.4,9,514.5,0
2017-01-10 10:17:49,5,59,18.2,79,9.7,1008.5,1013.4,3.7,5.8,10,514.5,0
2017-01-10 10:22:49,5,59,18.2,79,9.8,1008.8,1013.7,5.8,7.5,10,514.5,0
2017-01-10 10:27:49,5,59,18.2,79,9.8,1008.9,1013.8,5.1,7.1,14,514.5,0
2017-01-10 10:32:49,5,59,18.2,79,9.9,1008.9,1013.8,4.4,5.8,10,514.5,0
2017-01-10 10:37:49,5,59,18.3,79,9.9,1008.8,1013.7,3.7,5.8,10,514.5,0
2017-01-10 10:42:49,5,59,18.2,78,10,1009,1013.9,4.4,6.8,10,514.5,0
2017-01-10 10:47:49,5,60,18.3,78,10.1,1008.9,1013.8,5.1,7.1,12,514.5,0
2017-01-10 10:52:49,5,60,18.2,78,10.1,1008.9,1013.8,5.1,6.1,12,514.5,0
2017-01-10 10:57:49,5,60,18.3,77,10.2,1009.1,1014,3.7,5.4,10,514.5,0
2017-01-10 11:02:49,5,60,18.2,77,10.2,1009.2,1014.1,3.1,4.4,12,514.5,0
2017-01-10 11:07:49,5,60,18.2,77,10.1,1009.2,1014.1,4.1,5.1,10,514.5,0
2017-01-10 11:12:49,5,59,18.3,77,10.1,1009.1,1014,3.1,4.4,10,514.5,0
2017-01-10 11:17:49,5,59,18.3,77,10.1,1009.1,1014,3.1,4.1,12,514.5,0
2017-01-10 11:22:49,5,59,18.2,77,10.1,1009.3,1014.2,3.7,4.8,,514.5,0
2017-01-10 11:27:49,5,59,18.3,76,10.1,1009.4,1014.3,3.7,5.4,13,514.5,0
2017-01-10 11:32:49,5,59,18.2,76,10.1,1009.2,1014.1,3.7,5.1,12,514.5,0
2017-01-10 11:37:49,5,59,18.3,76,10.1,1009.1,1014,3.7,6.1,8,514.5,0
2017-01-10 11:42:49,5,59,18.2,76,10.1,1009,1013.9,4.8,6.8,12,514.5,0
2017-01-10 11:47:49,5,59,18.3,76,10.1,1009.1,1014,3.7,5.4,14,514.5,0
2017-01-10 11:52:49,5,59,18.3,76,10.1,1009.2,1014.1,3.7,4.8,12,514.5,0
2017-01-10 11:57:49,5,59,18.3,76,10.1,1008.9,1013.8,4.1,7.8,14,514.5,0
2017-01-10 12:02:49,5,59,18.3,76,10.1,1009,1013.9,4.8,7.5,14,514.5,0
2017-01-10 12:07:49,5,59,18.3,75,10,1009,1013.9,4.1,6.8,10,514.5,0
2017-01-10 12:12:49,5,59,18.2,75,10,1008.6,1013.5,2.7,4.4,14,514.5,0
2017-01-10 12:17:49,5,59,18.3,75,10,1008.7,1013.6,4.4,7.5,14,514.5,0
2017-01-10 12:22:49,5,59,18.3,75,10,1008.8,1013.7,3.4,5.1,12,514.5,0
2017-01-10 12:27:49,5,59,18.3,75,10,1008.8,1013.7,4.1,5.1,10,514.5,0
2017-01-10 12:32:49,5,59,18.3,75,10,1008.9,1013.8,3.7,4.4,12,514.5,0
2017-01-10 12:37:49,5,59,18.3,75,10,1008.8,1013.7,3.7,5.1,12,514.5,0
2017-01-10 12:42:49,5,59,18.3,75,10,1009,1013.9,3.1,4.4,12,514.5,0
2017-01-10 12:47:49,5,59,18.3,75,10,1009.1,1014,3.1,4.1,13,514.5,0
2017-01-10 12:52:49,5,59,18.4,74,10.1,1008.9,1013.8,3.4,5.1,10,514.5,0
2017-01-10 12:57:49,5,59,18.4,74,10.1,1008.9,1013.8,2.7,3.7,12,514.5,0
2017-01-10 13:02:49,5,59,18.4,74,10.1,1009,1013.9,1.7,2.7,12,514.5,0
2017-01-10 13:07:49,5,60,18.4,74,10.2,1008.8,1013.7,3.1,4.8,8,514.5,0
2017-01-10 13:12:49,5,60,18.4,74,10.3,1009.1,1014,3.1,6.1,14,514.5,0
2017-01-10 13:17:49,5,60,18.4,74,10.3,1009.1,1014,2,2.7,14,514.5,0
2017-01-10 13:22:49,5,60,18.4,74,10.3,1009,1013.9,3.1,4.1,12,514.5,0
2017-01-10 13:27:49,5,60,18.4,73,10.3,1009.1,1014,2.7,4.1,12,514.5,0
2017-01-10 13:32:49,5,60,18.4,73,10.4,1009.2,1014.1,3.1,5.8,10,514.5,0
2017-01-10 13:37:49,5,60,18.4,73,10.4,1009.1,1014,4.4,6.1,12,514.5,0
2017-01-10 13:42:49,5,60,18.4,73,10.3,1009.1,1014,2.4,3.7,10,514.5,0
2017-01-10 13:47:49,5,60,18.4,73,10.3,1009.2,1014.1,5.1,6.8,14,514.5,0
2017-01-10 13:52:49,5,60,18.5,73,10.3,1009.1,1014,2.7,3.7,0,514.5,0
2017-01-10 13:57:49,5,60,18.5,73,10.3,1009.2,1014.1,3.4,4.8,10,514.5,0
2017-01-10 14:02:49,5,60,18.5,73,10.3,1009.3,1014.2,5.4,6.8,0,514.5,0
2017-01-10 14:07:49,5,59,18.5,73,10.4,1009.1,1014,3.7,4.8,12,514.5,0
2017-01-10 14:12:49,5,59,18.6,73,10.4,1009,1013.9,3.4,5.4,10,514.5,0
2017-01-10 14:17:49,5,59,18.6,73,10.3,1009.1,1014,3.7,6.8,10,514.5,0
2017-01-10 14:22:49,5,59,18.6,73,10.3,1009.1,1014,3.7,4.8,12,514.5,0
2017-01-10 14:27:49,5,59,18.6,73,10.4,1009.1,1014,3.1,5.4,12,514.5,0
2017-01-10 14:32:49,5,59,18.7,73,10.5,1009.1,1014,4.1,6.1,10,514.5,0
2017-01-10 14:37:49,5,59,18.7,73,10.6,1008.9,1013.8,4.4,7.8,12,514.5,0
2017-01-10 14:42:49,5,59,18.7,73,10.4,1008.9,1013.8,4.4,5.4,10,514.5,0
2017-01-10 14:47:49,5,59,18.7,73,10.3,1008.9,1013.8,3.7,5.1,10,514.5,0
2017-01-10 14:52:49,5,59,18.7,73,10.3,1008.8,1013.7,3.4,5.8,0,514.5,0
2017-01-10 14:57:49,5,59,18.7,73,10.3,1009,1013.9,4.4,6.8,8,514.5,0
2017-01-10 15:02:49,5,59,18.7,73,10.2,1008.9,1013.8,4.1,5.4,12,514.5,0
2017-01-10 15:07:49,5,59,18.7,73,10.1,1009,1013.9,3.7,4.4,11,514.5,0
2017-01-10 15:12:49,5,59,18.7,73,10,1009.2,1014.1,3.4,4.8,14,514.5,0
2017-01-10 15:17:49,5,59,18.7,73,10,1009.4,1014.3,3.1,3.7,12,514.5,0
2017-01-10 15:22:49,5,59,18.7,73,10,1009.5,1014.4,3.4,5.4,10,514.5,0
2017-01-10 15:27:49,5,59,18.7,73,10.1,1009.5,1014.4,3.4,4.4,12,514.5,0
2017-01-10 15:32:49,5,59,18.8,73,10,1009.4,1014.3,3.1,4.8,14,514.5,0
2017-01-10 15:37:49,5,59,18.7,73,10,1009.6,1014.5,2.4,4.4,12,514.5,0
2017-01-10 15:42:49,5,59,18.7,73,10,1009.6,1014.5,3.4,4.8,12,514.5,0
2017-01-10 15:47:49,5,59,18.8,73,10,1009.5,1014.4,4.1,5.1,12,514.5,0
2017-01-10 15:52:49,5,59,18.7,75,9.9,1009.4,1014.3,3.7,4.1,14,514.5,0
2017-01-10 15:57:49,5,59,18.7,75,9.8,1009.5,1014.4,2,3.1,10,514.5,0
2017-01-10 16:02:49,5,59,18.7,75,9.7,1009.5,1014.4,2.7,3.7,14,514.5,0
2017-01-10 16:07:49,5,59,18.7,75,9.7,1009.3,1014.2,2.4,3.1,13,514.5,0
2017-01-10 16:12:49,5,59,18.7,75,9.7,1009.5,1014.4,3.1,4.1,12,514.5,0
2017-01-10 16:17:49,5,59,18.7,75,9.6,1009.6,1014.5,2,2.7,0,514.5,0
2017-01-10 16:22:49,5,59,18.7,75,9.5,1009.8,1014.7,2.7,4.4,10,514.5,0
2017-01-10 16:27:49,5,59,18.7,75,9.5,1009.7,1014.6,3.1,3.7,12,514.5,0
2017-01-10 16:32:49,5,58,18.6,75,9.4,1009.5,1014.4,2.7,3.4,10,514.5,0
2017-01-10 16:37:49,5,58,18.6,75,9.4,1009.5,1014.4,3.4,5.1,10,514.5,0
2017-01-10 16:42:49,5,58,18.5,75,9.5,1009.7,1014.6,4.1,5.4,10,514.5,0
2017-01-10 16:47:49,5,58,18.5,75,9.5,1009.8,1014.7,2.7,3.7,12,514.5,0
2017-01-10 16:52:49,5,58,18.5,75,9.5,1009.8,1014.7,2.7,3.7,8,514.5,0
2017-01-10 16:57:49,5,58,18.5,75,9.5,1009.8,1014.7,2.7,3.7,12,514.5,0
2017-01-10 17:02:49,5,58,18.5,75,9.5,1009.7,1014.6,2,2.7,12,514.5,0
2017-01-10 17:07:49,5,58,18.4,75,9.5,1009.8,1014.7,2.4,3.1,12,514.5,0
2017-01-10 17:12:49,5,58,18.4,75,9.6,1009.7,1014.6,2,3.4,10,514.5,0
2017-01-10 17:17:49,5,58,18.4,75,9.7,1009.8,1014.7,3.4,4.4,10,514.5,0
2017-01-10 17:22:49,5,58,18.3,76,9.7,1009.8,1014.7,2.4,3.1,14,514.5,0
2017-01-10 17:27:49,5,58,18.3,76,9.9,1009.8,1014.7,2,3.1,12,514.5,0
2017-01-10 17:32:49,5,58,18.2,75,10,1009.8,1014.7,2.7,4.1,10,514.5,0
2017-01-10 17:37:49,5,58,18.2,75,10.1,1009.8,1014.7,2.7,4.1,9,514.5,0
2017-01-10 17:42:49,5,59,18.2,76,10.1,1010,1014.9,3.1,4.8,10,514.5,0
2017-01-10 17:47:49,5,59,18.2,76,10.1,1010,1014.9,2.4,3.4,10,514.5,0
2017-01-10 17:52:49,5,59,18.2,76,10.1,1010.1,1015,2.7,4.1,10,514.5,0
2017-01-10 17:57:49,5,59,18.1,76,10.1,1010.1,1015,3.4,4.4,10,514.5,0
2017-01-10 18:02:48,5,59,18.1,77,10.2,1009.8,1014.7,3.4,4.4,10,514.5,0
2017-01-10 18:07:48,5,59,18.1,77,10.2,1009.8,1014.7,1.7,2.4,10,514.5,0
2017-01-10 18:12:48,5,59,18.1,77,10.2,1009.7,1014.6,2,3.4,12,514.5,0
2017-01-10 18:17:48,5,59,18.1,77,10.2,1009.8,1014.7,3.7,4.8,10,514.5,0
2017-01-10 18:22:48,5,59,18.1,77,10.3,1009.5,1014.4,2.7,4.4,12,514.5,0
2017-01-10 18:27:48,5,60,18.1,77,10.3,1009.4,1014.3,3.1,4.1,0,514.5,0
2017-01-10 18:32:48,5,60,18.1,77,10.3,1009.4,1014.3,3.7,5.1,10,514.5,0
2017-01-10 18:37:48,5,60,18.1,78,10.4,1009.1,1014,3.1,5.1,12,514.5,0
2017-01-10 18:42:48,5,60,18.1,78,10.4,1009,1013.9,3.1,4.1,10,514.5,0
2017-01-10 18:47:48,5,60,18.1,78,10.4,1008.8,1013.7,3.4,5.1,10,514.5,0
2017-01-10 18:52:48,5,60,18.1,78,10.4,1008.8,1013.7,3.4,4.8,10,514.5,0
2017-01-10 18:57:48,5,61,18.1,78,10.4,1008.9,1013.8,3.7,5.8,10,514.5,0
2017-01-10 19:02:48,5,61,18.1,78,10.4,1008.9,1013.8,4.1,6.5,10,514.5,0
2017-01-10 19:07:48,5,61,18.1,78,10.5,1008.9,1013.8,3.1,3.7,10,514.5,0
2017-01-10 19:12:48,5,61,18.1,78,10.5,1009,1013.9,3.4,4.8,12,514.5,0
2017-01-10 19:17:48,5,62,18.2,78,10.5,1008.9,1013.8,4.1,5.1,14,514.5,0
2017-01-10 19:22:48,5,62,18.2,79,10.6,1008.8,1013.7,3.4,4.8,14,514.5,0
2017-01-10 19:27:48,5,62,18.2,79,10.6,1008.9,1013.8,4.4,6.1,14,514.5,0
2017-01-10 19:32:48,5,62,18.1,79,10.6,1009,1013.9,3.7,5.8,12,514.5,0
2017-01-10 19:37:48,5,62,18.2,79,10.6,1009.3,1014.2,5.8,7.8,14,514.5,0
2017-01-10 19:42:48,5,62,18.2,79,10.6,1009.1,1014,5.4,7.1,10,514.5,0
2017-01-10 19:47:48,5,62,18.2,79,10.6,1009.1,1014,4.4,6.5,12,514.5,0
2017-01-10 19:52:48,5,62,18.2,79,10.6,1008.9,1013.8,4.8,6.8,12,514.5,0
2017-01-10 19:57:48,5,62,18.2,79,10.5,1009.1,1014,3.4,4.4,10,514.5,0
2017-01-10 20:02:48,5,62,18.2,79,10.5,1008.9,1013.8,4.4,6.1,10,514.5,0
2017-01-10 20:07:48,5,62,18.2,79,10.4,1008.7,1013.6,5.1,7.8,14,514.5,0
2017-01-10 20:12:48,5,62,18.3,79,10.4,1008.9,1013.8,3.7,5.4,10,514.5,0
2017-01-10 20:17:48,5,62,18.3,79,10.4,1009,1013.9,3.7,5.1,14,514.5,0
2017-01-10 20:22:48,5,62,18.3,79,10.3,1008.8,1013.7,4.4,5.4,12,514.5,0
2017-01-10 20:27:48,5,63,18.3,79,10.3,1008.8,1013.7,4.8,6.5,12,514.5,0
2017-01-10 20:32:48,5,63,18.3,79,10.3,1008.7,1013.6,5.1,6.1,10,514.5,0
2017-01-10 20:37:48,5,63,18.4,79,10.2,1008.3,1013.2,4.4,5.8,12,514.5,0
2017-01-10 20:42:48,5,63,18.4,79,10.2,1008.3,1013.2,4.8,7.1,12,514.5,0
2017-01-10 20:47:48,5,63,18.4,79,10.1,1008.2,1013.1,5.8,7.5,10,514.5,0
2017-01-10 20:52:48,5,63,18.4,79,10.1,1008.4,1013.3,4.4,6.1,12,514.5,0
2017-01-10 20:57:48,5,63,18.4,78,10.1,1008.3,1013.2,4.4,6.1,12,514.5,0
2017-01-10 21:02:48,5,63,18.4,78,10.2,1008.4,1013.3,4.8,6.1,12,514.5,0
2017-01-10 21:07:48,5,63,18.4,78,10.2,1008.4,1013.3,5.4,6.5,14,514.5,0
2017-01-10 21:12:48,5,63,18.4,78,10.2,1008.3,1013.2,6.1,8.2,10,514.5,0
2017-01-10 21:17:48,5,63,18.4,78,10.2,1008.4,1013.3,4.8,6.5,14,514.5,0
2017-01-10 21:22:48,5,63,18.4,78,10.2,1008.5,1013.4,3.7,5.8,12,514.5,0
2017-01-10 21:27:48,5,63,18.4,78,10.2,1008.2,1013.1,2.7,4.4,12,514.5,0
2017-01-10 21:32:48,5,63,18.4,78,10.2,1008.2,1013.1,6.8,8.8,12,514.5,0
2017-01-10 21:37:48,5,63,18.4,78,10.2,1008.2,1013.1,4.1,5.1,0,514.5,0
2017-01-10 21:42:48,5,63,18.4,78,10.2,1008,1012.9,4.8,7.5,14,514.5,0
2017-01-10 21:47:48,5,63,18.4,78,10.2,1008,1012.9,3.7,5.4,10,514.5,0
2017-01-10 21:52:48,5,63,18.4,78,10.2,1008.1,1013,4.4,6.5,10,514.5,0
2017-01-10 21:57:48,5,63,18.4,78,10.2,1008,1012.9,4.1,5.8,12,514.5,0
2017-01-10 22:02:48,5,63,18.4,78,10.2,1007.7,1012.6,4.4,6.1,10,514.5,0
2017-01-10 22:07:48,5,62,18.4,77,10.2,1007.8,1012.7,4.4,5.4,10,514.5,0
2017-01-10 22:12:48,5,62,18.4,77,10.3,1008.4,1013.3,3.1,4.8,12,514.5,0
2017-01-10 22:17:48,5,62,18.4,77,10.3,1008.3,1013.2,2,2.7,10,514.5,0
2017-01-10 22:22:48,5,62,18.4,77,10.3,1008.1,1013,2,3.1,10,514.5,0
2017-01-10 22:27:48,5,62,18.4,77,10.3,1008.1,1013,3.4,5.1,10,514.5,0
2017-01-10 22:32:48,5,62,18.4,77,10.4,1008.1,1013,4.8,7.1,14,514.5,0
2017-01-10 22:37:48,5,62,18.4,77,10.4,1008.3,1013.2,3.7,5.4,10,514.5,0
2017-01-10 22:42:48,5,62,18.4,77,10.4,1008.3,1013.2,4.8,6.8,14,514.5,0
2017-01-10 22:47:48,5,62,18.4,77,10.4,1008.5,1013.4,4.1,5.4,12,514.5,0
2017-01-10 22:52:48,5,62,18.4,77,10.4,1008.4,1013.3,3.4,4.8,,514.5,0
2017-01-10 22:57:48,5,62,18.4,77,10.3,1008.2,1013.1,4.1,5.4,10,514.5,0
2017-01-10 23:02:48,5,62,18.4,78,10.3,1008,1012.9,5.8,8.8,10,514.5,0
2017-01-10 23:07:48,5,62,18.4,78,10.3,1008,1012.9,4.8,6.1,10,514.5,0
2017-01-10 23:12:48,5,62,18.4,78,10.3,1007.8,1012.7,4.8,5.8,10,514.5,0
2017-01-10 23:17:48,5,62,18.4,78,10.3,1007.8,1012.7,6.1,7.8,15,514.5,0
2017-01-10 23:22:48,5,62,18.4,78,10.3,1007.8,1012.7,5.8,7.1,10,514.5,0
2017-01-10 23:27:48,5,62,18.4,78,10.4,1007.7,1012.6,5.4,7.5,14,514.5,0
2017-01-10 23:32:48,5,62,18.4,79,10.5,1008,1012.9,6.1,7.8,10,514.5,0
2017-01-10 23:37:48,5,62,18.4,79,10.5,1008.1,1013,6.5,8.5,0,514.5,0
2017-01-10 23:42:48,5,62,18.4,78,10.5,1007.8,1012.7,5.1,6.8,10,514.5,0
2017-01-10 23:47:48,5,62,18.4,78,10.5,1007.8,1012.7,5.8,7.8,12,514.5,0
2017-01-10 23:52:48,5,62,18.4,78,10.5,1007.6,1012.5,5.8,8.2,10,514.5,0
2017-01-10 23:57:48,5,62,18.4,78,10.5,1007.7,1012.6,4.4,5.8,10,514.5,0
