2017-01-17 00:00:47,5,62,19.5,81,8.7,1027.3,1032.2,0.7,1.4,10,516.3,0
2017-01-17 00:05:47,5,62,19.5,81,8.7,1027.3,1032.2,1,1.4,10,516.3,0
2017-01-17 00:10:47,5,62,19.5,81,8.8,1027.3,1032.2,1.4,3.1,8,516.3,0
2017-01-17 00:15:47,5,62,19.5,81,8.8,1027.5,1032.4,1.4,2.4,8,516.3,0
2017-01-17 00:20:47,5,62,19.4,81,8.8,1027.7,1032.6,1.4,2.7,8,516.3,0
2017-01-17 00:25:47,5,62,19.4,81,8.8,1027.8,1032.7,1,1.4,8,516.3,0
2017-01-17 00:30:47,5,62,19.4,81,8.8,1027.7,1032.6,2,3.1,10,516.3,0
2017-01-17 00:35:47,5,62,19.4,81,8.9,1027.6,1032.5,1,1.4,10,516.3,0
2017-01-17 00:40:47,5,62,19.4,81,8.9,1027.7,1032.6,0.7,1.4,8,516.3,0
2017-01-17 00:45:47,5,62,19.4,81,8.9,1027.8,1032.7,0.3,0.7,10,516.3,0
2017-01-17 00:50:47,5,62,19.4,81,8.9,1027.8,1032.7,0.7,1,8,516.3,0
2017-01-17 00:55:47,5,62,19.4,81,8.9,1027.8,1032.7,0.3,0.7,8,516.3,0
2017-01-17 01:00:47,5,62,19.4,81,8.9,1027.7,1032.6,0.3,0.7,10,516.3,0
2017-01-17 01:05:47,5,62,19.3,81,8.8,1027.7,1032.6,0.7,1,10,516.3,0
2017-01-17 01:10:47,5,62,19.3,81,8.8,1027.6,1032.5,0.3,0.7,10,516.3,0
2017-01-17 01:15:47,5,62,19.3,81,8.8,1027.7,1032.6,0.3,0.7,10,516.3,0
2017-01-17 01:20:47,5,62,19.3,81,8.7,1027.7,1032.6,0.3,0.7,8,516.3,0
2017-01-17 01:25:47,5,62,19.3,81,8.7,1027.9,1032.8,0,0,2,516.3,0
2017-01-17 01:30:47,5,62,19.3,81,8.6,1027.8,1032.7,0,0.3,12,516.3,0
2017-01-17 01:35:47,5,62,19.3,81,8.6,1027.7,1032.6,0,0,12,516.3,0
2017-01-17 01:40:47,5,62,19.3,81,8.6,1027.6,1032.5,0,0.7,8,516.3,0
2017-01-17 01:45:47,5,62,19.3,81,8.6,1027.7,1032.6,0,0,10,516.3,0
2017-01-17 01:50:47,5,62,19.3,81,8.6,1027.6,1032.5,0,0,10,516.3,0
2017-01-17 01:55:47,5,62,19.3,81,8.5,1027.7,1032.6,0,0,10,516.3,0
2017-01-17 02:00:47,5,62,19.3,81,8.5,1027.8,1032.7,0,0,10,516.3,0
2017-01-17 02:05:47,5,62,19.2,81,8.6,1027.7,1032.6,0.3,1.4,8,516.3,0
2017-01-17 02:10:47,5,62,19.2,81,8.7,1027.7,1032.6,0,0.7,10,516.3,0
2017-01-17 02:15:47,5,62,19.2,81,8.7,1027.7,1032.6,0,0.3,8,516.3,0
2017-01-17 02:20:47,5,62,19.2,81,8.7,1027.9,1032.8,0,0,12,516.3,0
2017-01-17 02:25:47,5,62,19.2,81,8.7,1027.7,1032.6,0,0,8,516.3,0
2017-01-17 02:30:47,5,62,19.2,81,8.7,1027.7,1032.6,0,0.7,8,516.3,0
2017-01-17 02:35:47,5,62,19.2,81,8.7,1027.6,1032.5,0.3,0.7,2,516.3,0
2017-01-17 02:40:47,5,62,19.2,81,8.7,1027.6,1032.5,0.7,1,4,516.3,0
2017-01-17 02:45:47,5,62,19.1,81,8.6,1027.7,1032.6,0.3,1,2,516.3,0
2017-01-17 02:50:47,5,62,19.2,81,8.6,1027.8,1032.7,0.7,1,4,516.3,0
2017-01-17 02:55:47,5,62,19.1,81,8.5,1027.7,1032.6,0.3,1,4,516.3,0
2017-01-17 03:00:47,5,62,19.1,81,8.5,1027.6,1032.5,0,0,3,516.3,0
2017-01-17 03:05:47,5,62,19.2,81,8.4,1027.6,1032.5,0.3,1,4,516.3,0
2017-01-17 03:10:47,5,62,19.1,81,8.3,1027.7,1032.6,0,0.7,4,516.3,0
2017-01-17 03:15:47,5,62,19.1,81,8.3,1027.7,1032.6,0.3,0.7,4,516.3,0
2017-01-17 03:20:47,5,62,19.2,81,8.3,1027.6,1032.5,0.7,1,,516.3,0
2017-01-17 03:25:47,5,62,19.1,81,8.3,1027.5,1032.4,0,0.3,,516.3,0
2017-01-17 03:30:47,5,62,19.1,81,8.3,1027.6,1032.5,0,0,,516.3,0
2017-01-17 03:35:47,5,62,19.1,81,8.3,1027.7,1032.6,0,0,4,516.3,0
2017-01-17 03:40:47,5,62,19.1,81,8.3,1027.6,1032.5,0.3,0.7,4,516.3,0
2017-01-17 03:45:47,5,62,19.1,81,8.3,1027.8,1032.7,0,0.3,4,516.3,0
2017-01-17 03:50:47,5,62,19.1,81,8.3,1027.6,1032.5,0,0.7,8,516.3,0
2017-01-17 03:55:47,5,62,19.1,81,8.3,1027.8,1032.7,0,0.3,8,516.3,0
2017-01-17 04:00:47,5,62,19.1,81,8.2,1027.8,1032.7,0.7,1,10,516.3,0
2017-01-17 04:05:47,5,61,19.1,81,8.1,1027.8,1032.7,0.3,1,10,516.3,0
2017-01-17 04:10:47,5,61,19.1,81,7.9,1027.8,1032.7,0,0.3,8,516.3,0
2017-01-17 04:15:47,5,61,19.1,81,7.7,1027.8,1032.7,0,0,,516.3,0
2017-01-17 04:20:47,5,61,19.1,81,7.6,1027.8,1032.7,0,0,,516.3,0
2017-01-17 04:25:47,5,61,19.1,81,7.6,1027.8,1032.7,0,0,4,516.3,0
2017-01-17 04:30:47,5,61,19.1,81,7.6,1027.8,1032.7,0,0,4,516.3,0
2017-01-17 04:35:47,5,61,19.1,81,7.6,1027.7,1032.6,0,0.3,10,516.3,0
2017-01-17 04:40:47,5,61,19,81,7.6,1027.6,1032.5,0.7,1,12,516.3,0
2017-01-17 04:45:47,5,61,19,81,7.8,1027.6,1032.5,0.3,0.7,10,516.3,0
2017-01-17 04:50:47,5,61,19,81,7.7,1027.7,1032.6,0.7,1,4,516.3,0
2017-01-17 04:55:47,5,61,19,81,7.3,1027.6,1032.5,0,0.3,4,516.3,0
2017-01-17 05:00:47,5,61,19,81,7.2,1027.7,1032.6,0.3,0.7,4,516.3,0
2017-01-17 05:05:47,5,61,19,81,7.2,1027.5,1032.4,0,0.3,10,516.3,0
2017-01-17 05:10:47,5,61,19,81,7.2,1027.5,1032.4,0,0,10,516.3,0
2017-01-17 05:15:47,5,61,19,81,7.1,1027.6,1032.5,0.3,0.7,10,516.3,0
2017-01-17 05:20:47,5,61,19,81,7.3,1027.5,1032.4,0,0,2,516.3,0
2017-01-17 05:25:47,5,61,19,81,7.2,1027.4,1032.3,0,0.3,2,516.3,0
2017-01-17 05:30:47,5,61,19,81,7.1,1027.5,1032.4,0.3,1,4,516.3,0
2017-01-17 05:35:47,5,61,19,82,6.8,1027.5,1032.4,0.7,1,4,516.3,0
2017-01-17 05:40:47,5,61,19,82,6.5,1027.6,1032.5,0.7,1.4,2,516.3,0
2017-01-17 05:45:47,5,61,19,82,6.3,1027.5,1032.4,0.3,1,4,516.3,0
2017-01-17 05:50:47,5,62,18.9,82,6.4,1027.5,1032.4,0.3,0.7,4,516.3,0
2017-01-17 05:55:47,5,62,18.9,82,6.6,1027.6,1032.5,0.3,1,4,516.3,0
2017-01-17 06:00:47,5,62,18.9,82,6.6,1027.5,1032.4,0,0.3,8,516.3,0
2017-01-17 06:05:47,5,62,18.9,82,6.7,1027.6,1032.5,0.7,1.4,8,516.3,0
2017-01-17 06:10:47,5,62,18.9,81,7.1,1027.5,1032.4,1,1.4,8,516.3,0
2017-01-17 06:15:47,5,62,18.9,81,7.5,1027.6,1032.5,1,1.4,8,516.3,0
2017-01-17 06:20:47,5,62,18.9,81,7.8,1027.5,1032.4,1,1.4,8,516.3,0
2017-01-17 06:25:47,5,62,18.9,81,8,1027.6,1032.5,1,1.4,10,516.3,0
2017-01-17 06:30:47,5,62,18.9,81,8,1027.5,1032.4,1,1.4,10,516.3,0
2017-01-17 06:35:47,5,62,18.9,81,8,1027.6,1032.5,1,1.4,9,516.3,0
2017-01-17 06:40:47,5,62,18.9,81,8,1027.6,1032.5,0.7,1,8,516.3,0
2017-01-17 06:45:47,5,62,18.9,81,8.1,1027.7,1032.6,1,1.4,8,516.3,0
2017-01-17 06:50:47,5,62,18.9,81,8.1,1027.7,1032.6,0.7,1.4,10,516.3,0
2017-01-17 06:55:47,5,62,18.9,81,8.1,1027.7,1032.6,0,0.3,8,516.3,0
2017-01-17 07:00:47,5,62,18.9,81,7.9,1027.7,1032.6,0.3,0.7,8,516.3,0
2017-01-17 07:05:47,5,62,18.9,81,7.8,1027.8,1032.7,0.3,0.7,10,516.3,0
2017-01-17 07:10:47,5,62,18.8,81,7.8,1027.8,1032.7,0.3,0.7,8,516.3,0
2017-01-17 07:15:47,5,62,18.8,81,7.9,1027.8,1032.7,0.7,1,8,516.3,0
2017-01-17 07:20:47,5,62,18.8,81,7.8,1028,1032.9,0,0.7,8,516.3,0
2017-01-17 07:25:47,5,62,18.8,81,7.9,1027.9,1032.8,0.7,1,10,516.3,0
2017-01-17 07:30:47,5,62,18.8,81,7.9,1028.1,1033,1,1.4,8,516.3,0
2017-01-17 07:35:47,5,62,18.8,81,8,1028,1032.9,0,0.3,8,516.3,0
2017-01-17 07:40:47,5,62,18.8,81,8.1,1028.2,1033.1,0.3,0.7,10,516.3,0
2017-01-17 07:45:47,5,62,18.8,81,8.2,1028.1,1033,0,0.3,10,516.3,0
2017-01-17 07:50:47,5,62,18.8,81,8.1,1028.1,1033,0.3,0.7,8,516.3,0
2017-01-17 07:55:47,5,63,18.8,81,8.1,1028.1,1033,0.7,1,10,516.3,0
2017-01-17 08:00:47,5,62,18.8,81,8.2,1028.1,1033,0.3,0.7,8,516.3,0
2017-01-17 08:05:47,5,62,18.8,81,8.2,1028.2,1033.1,0,0.3,8,516.3,0
2017-01-17 08:10:47,5,62,18.8,81,8.2,1028.3,1033.2,0,0,,516.3,0
2017-01-17 08:15:47,5,63,18.8,81,8.2,1028.4,1033.3,0,0.7,,516.3,0
2017-01-17 08:20:47,5,63,18.8,81,8.3,1028.4,1033.3,0.3,0.7,10,516.3,0
2017-01-17 08:25:47,5,63,18.8,81,8.3,1028.4,1033.3,0.3,0.7,10,516.3,0
2017-01-17 08:30:47,5,63,18.8,81,8.3,1028.6,1033.5,0.3,1,8,516.3,0
2017-01-17 08:35:47,5,63,18.8,81,8.3,1028.7,1033.6,0.3,0.7,10,516.3,0
2017-01-17 08:40:47,5,63,18.8,81,8.3,1028.6,1033.5,0.7,1.4,10,516.3,0
2017-01-17 08:45:47,5,63,18.9,81,8.4,1028.7,1033.6,0.7,1,8,516.3,0
2017-01-17 08:50:47,5,63,18.9,81,8.4,1028.8,1033.7,0.3,1,10,516.3,0
2017-01-17 08:55:47,5,63,18.9,81,8.4,1028.8,1033.7,0,0.3,0,516.3,0
2017-01-17 09:00:47,5,63,19,81,8.4,1029,1033.9,0.7,1.4,8,516.3,0
2017-01-17 09:05:47,5,63,19,81,8.4,1029.1,1034,0.3,1,10,516.3,0
2017-01-17 09:10:47,5,63,19,81,8.4,1028.8,1033.7,0.7,1,10,516.3,0
2017-01-17 09:15:47,5,63,19,81,8.3,1029,1033.9,0.7,1,8,516.3,0
2017-01-17 09:20:47,5,63,19,81,8.3,1028.9,1033.8,0.7,1,10,516.3,0
2017-01-17 09:25:47,5,63,19,81,8.3,1029,1033.9,0.7,0.7,8,516.3,0
2017-01-17 09:30:47,5,63,19.1,81,8.3,1029.2,1034.1,0.3,0.7,10,516.3,0
2017-01-17 09:35:47,5,63,19.1,81,8.3,1029.2,1034.1,0.7,1,10,516.3,0
2017-01-17 09:40:47,5,63,19.1,81,8.3,1029.2,1034.1,0.3,0.7,10,516.3,0
2017-01-17 09:45:47,5,63,19.1,81,8.3,1029.3,1034.2,0.3,0.7,10,516.3,0
2017-01-17 09:50:47,5,63,19.2,81,8.3,1029.2,1034.1,0,0.3,10,516.3,0
2017-01-17 09:55:47,5,63,19.2,81,8.4,1029.3,1034.2,0.3,0.7,8,516.3,0
2017-01-17 10:00:47,5,63,19.1,81,8.4,1029.4,1034.3,0.3,0.7,8,516.3,0
2017-01-17 10:05:47,5,63,19.2,81,8.5,1029.3,1034.2,0,0.3,2,516.3,0
2017-01-17 10:10:47,5,63,19.2,81,8.6,1029.4,1034.3,0.3,0.7,8,516.3,0
2017-01-17 10:15:47,5,63,19.2,81,8.6,1029.3,1034.2,0,0.3,8,516.3,0
2017-01-17 10:20:47,5,63,19.2,81,8.6,1029.3,1034.2,0,0.7,8,516.3,0
2017-01-17 10:25:47,5,63,19.2,81,8.7,1029.2,1034.1,0,0.3,8,516.3,0
2017-01-17 10:30:47,5,63,19.2,81,8.8,1029.4,1034.3,0,0,4,516.3,0
2017-01-17 10:35:47,5,63,19.2,81,8.9,1029.3,1034.2,0,0,4,516.3,0
2017-01-17 10:40:47,5,63,19.3,81,8.9,1029.2,1034.1,0,0,4,516.3,0
2017-01-17 10:45:47,5,63,19.3,81,8.9,1029.1,1034,0,0.3,2,516.3,0
2017-01-17 10:50:47,5,63,19.3,80,9,1029.4,1034.3,0,0.3,10,516.3,0
2017-01-17 10:55:47,5,63,19.3,80,9.1,1029.3,1034.2,0,0.3,10,516.3,0
2017-01-17 11:00:47,5,63,19.3,80,9.1,1029.3,1034.2,0,0.7,4,516.3,0
2017-01-17 11:05:47,5,63,19.3,80,9,1029.4,1034.3,0.3,0.7,8,516.3,0
2017-01-17 11:10:47,5,63,19.3,80,9,1029.4,1034.3,0,0,4,516.3,0
2017-01-17 11:15:47,5,63,19.3,80,9,1029.4,1034.3,0,0.3,10,516.3,0
2017-01-17 11:20:47,5,63,19.3,80,9.1,1029.4,1034.3,0,0.3,4,516.3,0
2017-01-17 11:25:47,5,63,19.3,80,9.3,1029.5,1034.4,0,0,4,516.3,0
2017-01-17 11:30:47,5,63,19.3,80,9.3,1029.4,1034.3,0,0,8,516.3,0
2017-01-17 11:35:47,5,62,19.3,80,9.4,1029.5,1034.4,0,0,4,516.3,0
2017-01-17 11:40:47,5,62,19.3,80,9.4,1029.2,1034.1,0,0,10,516.3,0
2017-01-17 11:45:47,5,62,19.3,80,9.5,1029.4,1034.3,0.3,0.7,10,516.3,0
2017-01-17 11:50:47,5,62,19.3,80,9.5,1029.4,1034.3,0,0.3,10,516.3,0
2017-01-17 11:55:47,5,62,19.4,80,9.4,1029.4,1034.3,1.7,2,10,516.3,0
2017-01-17 12:00:47,5,62,19.4,80,9.2,1029.4,1034.3,1,1.4,10,516.3,0
2017-01-17 12:05:47,5,62,19.4,79,9.2,1029.3,1034.2,1.4,2.4,10,516.3,0
2017-01-17 12:10:47,5,62,19.4,78,9.1,1029.4,1034.3,1.7,2.4,9,516.3,0
2017-01-17 12:15:47,5,62,19.4,78,9.1,1029.3,1034.2,0.7,1,8,516.3,0
2017-01-17 12:20:47,5,63,19.4,77,9.2,1029.3,1034.2,1,1.4,10,516.3,0
2017-01-17 12:25:47,5,63,19.3,77,9.2,1029.3,1034.2,1,1.7,8,516.3,0
2017-01-17 12:30:47,5,63,19.4,77,9.2,1029.3,1034.2,1,1.4,8,516.3,0
2017-01-17 12:35:47,5,62,19.4,77,9.2,1029.3,1034.2,1,1.7,8,516.3,0
2017-01-17 12:40:47,5,62,19.4,77,9.3,1029.2,1034.1,1,1.7,10,516.3,0
2017-01-17 12:45:47,5,62,19.4,77,9.2,1029.3,1034.2,1,1.4,10,516.3,0
2017-01-17 12:50:47,5,62,19.4,77,9.2,1029.5,1034.4,0.7,1.4,10,516.3,0
2017-01-17 12:55:47,5,62,19.4,77,9.2,1029.3,1034.2,0.7,1,8,516.3,0
2017-01-17 13:00:47,5,62,19.4,77,9.3,1029.2,1034.1,1.4,1.7,10,516.3,0
2017-01-17 13:05:47,5,62,19.4,77,9.3,1029.2,1034.1,0.7,1.7,10,516.3,0
2017-01-17 13:10:47,5,62,19.4,77,9.2,1029.3,1034.2,1.7,2.4,8,516.3,0
2017-01-17 13:15:47,5,63,19.4,76,9.2,1029.2,1034.1,1.4,2,10,516.3,0
2017-01-17 13:20:47,5,63,19.4,76,9.3,1029.3,1034.2,2,3.1,10,516.3,0
2017-01-17 13:25:47,5,63,19.4,75,9.3,1029.1,1034,1.7,2,8,516.3,0
2017-01-17 13:30:47,5,63,19.4,75,9.3,1029.2,1034.1,1.4,2,10,516.3,0
2017-01-17 13:35:47,5,63,19.4,75,9.2,1029.3,1034.2,1,1.7,10,516.3,0
2017-01-17 13:40:47,5,63,19.3,76,9.1,1029.3,1034.2,1.7,2.4,8,516.3,0
2017-01-17 13:45:47,5,63,19.4,76,9,1029.1,1034,1.4,2,9,516.3,0
2017-01-17 13:50:47,5,63,19.4,76,9,1029.1,1034,1,1.7,10,516.3,0
2017-01-17 13:55:47,5,63,19.4,76,9.1,1029.1,1034,1.4,2.7,8,516.3,0
2017-01-17 14:00:47,5,63,19.4,76,9.1,1029.1,1034,2,2.7,10,516.3,0
2017-01-17 14:05:47,5,63,19.4,76,9.1,1029.1,1034,1,1.7,10,516.3,0
2017-01-17 14:10:47,5,63,19.5,76,9.2,1029.1,1034,1,1.7,8,516.3,0
2017-01-17 14:15:47,5,63,19.6,76,9.2,1028.9,1033.8,1.7,2.4,8,516.3,0
2017-01-17 14:20:47,5,63,19.7,76,9.4,1029,1033.9,1,2,10,516.3,0
2017-01-17 14:25:47,5,63,19.7,76,9.5,1028.9,1033.8,1.4,1.7,10,516.3,0
2017-01-17 14:30:47,5,62,19.8,75,9.5,1028.8,1033.7,0.3,0.7,10,516.3,0
2017-01-17 14:35:47,5,62,19.8,75,9.5,1028.7,1033.6,1,1.4,10,516.3,0
2017-01-17 14:40:47,5,61,20,75,9.5,1028.9,1033.8,0.3,1,10,516.3,0
2017-01-17 14:45:47,5,61,20.1,75,9.3,1028.8,1033.7,1,1.4,10,516.3,0
2017-01-17 14:50:47,5,61,20.1,75,9.2,1028.8,1033.7,0.7,1.7,10,516.3,0
2017-01-17 14:55:47,5,61,20.1,75,9.1,1028.8,1033.7,1.4,1.7,10,516.3,0
2017-01-17 15:00:47,5,61,20.2,75,9.1,1028.8,1033.7,0.3,1,9,516.3,0
2017-01-17 15:05:47,5,60,20.2,75,9,1028.7,1033.6,0.3,0.7,8,516.3,0
2017-01-17 15:10:47,5,60,20.3,75,9,1028.8,1033.7,0.7,1.4,12,516.3,0
2017-01-17 15:15:47,5,60,20.3,75,9,1028.8,1033.7,1,1.7,10,516.3,0
2017-01-17 15:20:47,5,60,20.4,75,9,1028.6,1033.5,1,1.7,10,516.3,0
2017-01-17 15:25:47,5,60,20.4,75,9,1028.7,1033.6,1,1.7,14,516.3,0
2017-01-17 15:30:47,5,60,20.4,76,8.9,1028.8,1033.7,1,2,8,516.3,0
2017-01-17 15:35:47,5,60,20.5,76,8.9,1028.6,1033.5,0.3,0.7,8,516.3,0
2017-01-17 15:40:47,5,60,20.5,76,8.9,1028.7,1033.6,0.7,1,8,516.3,0
2017-01-17 15:45:47,5,59,20.5,76,8.9,1028.7,1033.6,1.4,2,8,516.3,0
2017-01-17 15:50:47,5,59,20.5,76,8.9,1028.8,1033.7,0.3,1,8,516.3,0
2017-01-17 15:55:47,5,59,20.4,76,8.8,1028.8,1033.7,1,1.4,10,516.3,0
2017-01-17 16:00:47,5,59,20.5,76,8.8,1028.7,1033.6,0.7,1.4,9,516.3,0
2017-01-17 16:05:47,5,59,20.5,76,8.8,1028.7,1033.6,1.4,2,8,516.3,0
2017-01-17 16:10:47,5,59,20.5,76,8.7,1028.8,1033.7,1,1.4,8,516.3,0
2017-01-17 16:15:47,5,59,20.5,76,8.7,1028.7,1033.6,0.7,1.4,8,516.3,0
2017-01-17 16:20:47,5,59,20.4,76,8.6,1028.9,1033.8,0.3,0.7,10,516.3,0
2017-01-17 16:25:47,5,59,20.4,77,8.6,1028.8,1033.7,0.7,1,10,516.3,0
2017-01-17 16:30:47,5,59,20.5,77,8.5,1028.9,1033.8,0,0.7,10,516.3,0
2017-01-17 16:35:47,5,59,20.5,77,8.4,1028.8,1033.7,0.7,1,14,516.3,0
2017-01-17 16:40:47,5,59,20.5,77,8.3,1029,1033.9,0,0.3,10,516.3,0
2017-01-17 16:45:47,5,58,20.5,77,8.3,1029,1033.9,0,0.7,8,516.3,0
2017-01-17 16:50:47,5,58,20.5,77,8.3,1028.9,1033.8,0,0.7,8,516.3,0
2017-01-17 16:55:47,5,58,20.4,77,8.3,1029,1033.9,0.3,0.7,8,516.3,0
2017-01-17 17:00:47,5,58,20.4,77,8.2,1029.1,1034,0.3,0.7,8,516.3,0
2017-01-17 17:05:47,5,58,20.4,77,8.2,1029,1033.9,0,0.7,8,516.3,0
2017-01-17 17:10:47,5,58,20.4,77,8.1,1029.1,1034,0,0.3,8,516.3,0
2017-01-17 17:15:47,5,57,20.4,77,8.1,1029,1033.9,0,0.3,8,516.3,0
2017-01-17 17:20:47,5,57,20.3,77,8.1,1029.1,1034,0,0,8,516.3,0
2017-01-17 17:25:47,5,57,20.3,77,8.1,1029.1,1034,0,0.3,2,516.3,0
2017-01-17 17:30:47,5,57,20.3,77,8,1029.2,1034.1,0,0,2,516.3,0
2017-01-17 17:35:47,5,57,20.3,77,8,1029.1,1034,0,0,2,516.3,0
2017-01-17 17:40:47,5,58,20.3,77,8,1029.3,1034.2,0,0.3,4,516.3,0
2017-01-17 17:45:47,5,58,20.3,78,8,1029.3,1034.2,0,0,8,516.3,0
2017-01-17 17:50:47,5,58,20.3,78,8,1029.3,1034.2,0,0.3,4,516.3,0
2017-01-17 17:55:47,5,58,20.3,78,8,1029.1,1034,0,0.3,4,516.3,0
2017-01-17 18:00:47,5,58,20.2,78,8,1029.4,1034.3,0,0.3,4,516.3,0
2017-01-17 18:05:47,5,58,20.2,78,8,1029.2,1034.1,0,0,8,516.3,0
2017-01-17 18:10:47,5,58,20.2,78,8,1029.4,1034.3,0,0.7,4,516.3,0
2017-01-17 18:15:47,5,58,20.2,78,8,1029.5,1034.4,0.7,1,4,516.3,0
2017-01-17 18:20:47,5,58,20.2,78,8,1029.4,1034.3,0.7,1,4,516.3,0
2017-01-17 18:25:47,5,58,20.2,78,8,1029.4,1034.3,0.3,0.7,4,516.3,0
2017-01-17 18:30:47,5,58,20.2,78,8,1029.4,1034.3,0.3,1,4,516.3,0
2017-01-17 18:35:47,5,57,20.2,78,8,1029.4,1034.3,0.7,1,3,516.3,0
2017-01-17 18:40:47,5,57,20.1,78,7.9,1029.3,1034.2,0.7,1,4,516.3,0
2017-01-17 18:45:47,5,57,20.1,78,7.9,1029.3,1034.2,0.3,1,4,516.3,0
2017-01-17 18:50:47,5,57,20.2,78,7.9,1029.4,1034.3,0,0.7,4,516.3,0
2017-01-17 18:55:47,5,57,20.1,78,7.8,1029.4,1034.3,0.3,1,4,516.3,0
2017-01-17 19:00:47,5,57,20.1,78,7.8,1029.4,1034.3,0.3,0.7,2,516.3,0
2017-01-17 19:05:47,5,57,20.1,79,7.8,1029.4,1034.3,0.3,0.7,2,516.3,0
2017-01-17 19:10:47,5,56,20.1,79,7.8,1029.4,1034.3,0,0.7,,516.3,0
2017-01-17 19:15:47,5,57,20.1,79,7.8,1029.3,1034.2,0.3,0.7,8,516.3,0
2017-01-17 19:20:47,5,57,20.1,79,7.8,1029.5,1034.4,0.7,1.4,8,516.3,0
2017-01-17 19:25:47,5,57,20.1,79,7.8,1029.5,1034.4,1,1.7,8,516.3,0
2017-01-17 19:30:47,5,57,20.1,79,7.8,1029.4,1034.3,1,1.4,9,516.3,0
2017-01-17 19:35:47,5,58,20.1,79,7.8,1029.5,1034.4,0.3,1,10,516.3,0
2017-01-17 19:40:47,5,58,20.1,79,7.9,1029.5,1034.4,0.3,1,10,516.3,0
2017-01-17 19:45:47,5,59,20.1,79,7.9,1029.6,1034.5,0.3,0.7,4,516.3,0
2017-01-17 19:50:47,5,60,20.1,79,7.8,1029.6,1034.5,0,0.3,0,516.3,0
2017-01-17 19:55:47,5,60,20.1,79,7.8,1029.6,1034.5,0,0.3,10,516.3,0
2017-01-17 20:00:47,5,60,20.2,79,7.8,1029.7,1034.6,0.3,0.7,4,516.3,0
2017-01-17 20:05:47,5,60,20.1,79,7.8,1029.6,1034.5,0,0.3,4,516.3,0
2017-01-17 20:10:47,5,60,20.2,79,7.8,1029.6,1034.5,0,0.3,2,516.3,0
2017-01-17 20:15:47,5,60,20.2,79,7.7,1029.8,1034.7,0.7,1,4,516.3,0
2017-01-17 20:20:47,5,60,20.2,79,7.7,1029.8,1034.7,0,0.7,4,516.3,0
2017-01-17 20:25:47,5,60,20.2,79,7.7,1029.7,1034.6,0.3,0.7,4,516.3,0
2017-01-17 20:30:47,5,61,20.3,79,7.7,1029.7,1034.6,0,0.3,2,516.3,0
2017-01-17 20:35:47,5,61,20.3,79,7.7,1029.6,1034.5,0,0.3,12,516.3,0
2017-01-17 20:40:47,5,61,20.4,79,7.7,1029.4,1034.3,0,0.3,4,516.3,0
2017-01-17 20:45:47,5,61,20.5,79,7.7,1029.5,1034.4,0.3,0.7,4,516.3,0
2017-01-17 20:50:47,5,61,20.5,79,7.8,1029.5,1034.4,0.3,1,8,516.3,0
2017-01-17 20:55:47,5,61,20.6,79,7.8,1029.5,1034.4,0.3,0.7,2,516.3,0
2017-01-17 21:00:47,5,61,20.7,79,7.8,1029.5,1034.4,0.3,1,10,516.3,0
2017-01-17 21:05:47,5,65,20.8,79,7.9,1029.4,1034.3,0.7,1.7,2,516.3,0
2017-01-17 21:10:47,5,66,20.8,79,7.9,1029.5,1034.4,0.3,1.4,4,516.3,0
2017-01-17 21:15:47,5,66,20.9,79,7.9,1029.4,1034.3,0.3,1.4,4,516.3,0
2017-01-17 21:20:47,5,65,20.9,79,7.9,1029.5,1034.4,0.3,1,8,516.3,0
2017-01-17 21:25:47,5,64,20.9,79,7.9,1029.6,1034.5,0.7,1.4,9,516.3,0
2017-01-17 21:30:47,5,63,20.9,79,7.9,1029.5,1034.4,0.3,1,0,516.3,0
2017-01-17 21:35:47,5,62,21,79,8,1029.6,1034.5,1,2,8,516.3,0
2017-01-17 21:40:47,5,61,21,79,8,1029.4,1034.3,0.7,1,8,516.3,0
2017-01-17 21:45:47,5,61,21.1,79,8,1029.5,1034.4,0.3,0.7,4,516.3,0
2017-01-17 21:50:47,5,61,21.2,79,8,1029.4,1034.3,0.3,1,2,516.3,0
2017-01-17 21:55:47,5,61,21.2,79,8,1029.6,1034.5,1,1.4,8,516.3,0
2017-01-17 22:00:47,5,61,21.2,79,8,1029.4,1034.3,0.7,1.7,0,516.3,0
2017-01-17 22:05:47,5,61,21.2,78,8,1029.3,1034.2,0.7,1,10,516.3,0
2017-01-17 22:10:47,5,61,21.2,78,8,1029.3,1034.2,0.7,1,14,516.3,0
2017-01-17 22:15:47,5,61,21.2,78,8,1029.2,1034.1,0.3,1,10,516.3,0
2017-01-17 22:20:47,5,61,21.1,78,8,1029.3,1034.2,0.7,1.4,4,516.3,0
2017-01-17 22:25:47,5,61,21.1,78,8,1029.3,1034.2,0.3,0.7,2,516.3,0
2017-01-17 22:30:47,5,61,21,78,8,1029.4,1034.3,0.7,1,0,516.3,0
2017-01-17 22:35:47,5,62,20.9,78,8,1029.5,1034.4,0.7,1.7,10,516.3,0
2017-01-17 22:40:47,5,62,20.8,78,8,1029.5,1034.4,0,0.7,8,516.3,0
2017-01-17 22:45:47,5,62,20.8,78,8,1029.4,1034.3,0.7,1.7,8,516.3,0
2017-01-17 22:50:47,5,62,20.7,78,8,1029.5,1034.4,0.7,1.4,4,516.3,0
2017-01-17 22:55:47,5,62,20.7,78,8,1029.5,1034.4,1,1.7,0,516.3,0
2017-01-17 23:00:47,5,62,20.6,78,8,1029.4,1034.3,0.3,1,4,516.3,0
2017-01-17 23:05:47,5,62,20.6,78,8,1029.6,1034.5,0.7,1.4,8,516.3,0
2017-01-17 23:10:47,5,62,20.6,79,7.9,1029.5,1034.4,1,1.4,4,516.3,0
2017-01-17 23:15:47,5,63,20.5,79,7.9,1029.4,1034.3,0.7,1,8,516.3,0
2017-01-17 23:20:47,5,62,20.5,79,7.9,1029.4,1034.3,0.7,1,10,516.3,0
2017-01-17 23:25:47,5,63,20.5,78,8,1029.6,1034.5,0.3,1,4,516.3,0
2017-01-17 23:30:47,5,63,20.4,79,7.9,1029.6,1034.5,0.3,1,4,516.3,0
2017-01-17 23:35:47,5,63,20.4,79,7.9,1029.7,1034.6,0,0.7,0,516.3,0
2017-01-17 23:40:47,5,63,20.4,79,7.9,1029.6,1034.5,1.4,1.7,8,516.3,0
2017-01-17 23:45:47,5,62,20.3,79,7.9,1029.6,1034.5,0,0.7,8,516.3,0
2017-01-17 23:50:47,5,62,20.3,79,7.9,1029.5,1034.4,0.7,1,2,516.3,0
2017-01-17 23:55:47,5,62,20.3,79,7.9,1029.7,1034.6,0,0.3,14,516.3,0
