2017-01-02 00:04:50,5,55,18,72,0.9,1028.6,1033.5,3.4,4.4,0,500.1,0
2017-01-02 00:09:50,5,55,18,72,0.9,1028.6,1033.5,3.4,3.7,14,500.1,0
2017-01-02 00:14:50,5,55,18,72,0.8,1028.7,1033.6,1.7,2,0,500.1,0
2017-01-02 00:19:50,5,55,18,72,0.7,1028.8,1033.7,1,1.4,0,500.1,0
2017-01-02 00:24:50,5,55,18,72,0.5,1028.9,1033.8,1,1.7,14,500.1,0
2017-01-02 00:29:50,5,55,18,72,0.4,1029,1033.9,0.7,1.4,0,500.1,0
2017-01-02 00:34:50,5,55,18,72,0.1,1029.1,1034,1.7,2.4,0,500.1,0
2017-01-02 00:39:50,5,55,18,72,0,1029,1033.9,2.4,3.1,0,500.1,0
2017-01-02 00:44:50,5,55,18,73,0.1,1028.8,1033.7,3.1,4.1,0,500.1,0
2017-01-02 00:49:50,5,55,18,73,0.2,1028.9,1033.8,3.7,4.8,0,500.1,0
2017-01-02 00:54:50,5,55,18,73,0.4,1028.9,1033.8,4.8,5.8,0,500.1,0
2017-01-02 00:59:50,5,55,18,73,0.7,1028.8,1033.7,2.7,3.4,0,500.1,0
2017-01-02 01:04:50,5,55,18,73,0.7,1029.1,1034,1.7,2.7,14,500.1,0
2017-01-02 01:09:50,5,55,18,72,0.6,1028.9,1033.8,1,2.4,14,500.1,0
2017-01-02 01:14:50,5,55,18,72,0.4,1029.2,1034.1,1.7,2.7,0,500.1,0
2017-01-02 01:19:50,5,55,18,72,0.3,1029.2,1034.1,1.7,2.7,14,500.1,0
2017-01-02 01:24:50,5,55,18,72,0.1,1029.1,1034,1.4,1.7,14,500.1,0
2017-01-02 01:29:50,5,55,18,73,-0.1,1029.2,1034.1,1,1.4,0,500.1,0
2017-01-02 01:34:50,5,55,18,73,-0.2,1029.1,1034,2,2.7,0,500.1,0
2017-01-02 01:39:50,5,55,18,73,-0.3,1029.2,1034.1,1.7,2.4,2,500.1,0
2017-01-02 01:44:50,5,55,18,74,-0.4,1029.2,1034.1,1.4,2,0,500.1,0
2017-01-02 01:49:50,5,55,18.1,74,-0.3,1029.2,1034.1,2,3.1,1,500.1,0
2017-01-02 01:54:50,5,55,18,74,-0.2,1029.2,1034.1,1.7,2.4,0,500.1,0
2017-01-02 01:59:50,5,55,18,73,0,1029.3,1034.2,2,2.7,2,500.1,0
2017-01-02 02:04:50,5,55,18,73,0.1,1029.4,1034.3,2,3.1,0,500.1,0
2017-01-02 02:09:49,5,55,18,73,0.1,1029.5,1034.4,0.3,1,0,500.1,0
2017-01-02 02:14:49,5,55,18,73,0.2,1029.4,1034.3,1,1.7,0,500.1,0
2017-01-02 02:19:49,5,55,18,73,0.2,1029.4,1034.3,1.4,2,2,500.1,0
2017-01-02 02:24:49,5,55,18,73,0.2,1029.4,1034.3,1.7,2,0,500.1,0
2017-01-02 02:29:49,5,54,18,72,0.2,1029.4,1034.3,2.7,3.4,0,500.1,0
2017-01-02 02:34:49,5,54,18,72,0.1,1029.4,1034.3,2.4,3.1,0,500.1,0
2017-01-02 02:39:49,5,54,18,72,0.2,1029.2,1034.1,3.1,4.4,0,500.1,0
2017-01-02 02:44:49,5,54,18,72,0.3,1029.3,1034.2,3.7,4.8,0,500.1,0
2017-01-02 02:49:49,5,54,18,72,0.4,1029.5,1034.4,2.4,4.1,0,500.1,0
2017-01-02 02:54:49,5,54,18,71,0.4,1029.7,1034.6,2.7,3.7,0,500.1,0
2017-01-02 02:59:49,5,54,18,71,0.3,1029.2,1034.1,2.7,3.4,0,500.1,0
2017-01-02 03:04:49,5,54,18,71,0.3,1029.3,1034.2,2.7,3.4,0,500.1,0
2017-01-02 03:09:49,5,54,17.9,71,0.3,1029.5,1034.4,2.4,3.1,0,500.1,0
2017-01-02 03:14:49,5,54,17.9,71,0.3,1029.6,1034.5,3.1,3.7,0,500.1,0
2017-01-02 03:19:49,5,54,17.9,71,0.3,1029.5,1034.4,2.4,3.1,2,500.1,0
2017-01-02 03:24:49,5,54,17.9,71,0.2,1029.3,1034.2,2.4,3.4,0,500.1,0
2017-01-02 03:29:49,5,54,17.9,71,0.2,1029.5,1034.4,2.4,3.4,2,500.1,0
2017-01-02 03:34:49,5,54,17.9,71,0.1,1029.6,1034.5,0.7,1,0,500.1,0
2017-01-02 03:39:49,5,54,17.9,72,-0.1,1029.6,1034.5,1,1.4,2,500.1,0
2017-01-02 03:44:49,5,53,17.8,72,-0.3,1029.8,1034.7,0.3,1,0,500.1,0
2017-01-02 03:49:49,5,53,17.9,72,-0.5,1029.8,1034.7,0,0,12,500.1,0
2017-01-02 03:54:49,5,53,17.9,72,-0.7,1030,1034.9,0.7,1,12,500.1,0
2017-01-02 03:59:49,5,53,17.9,72,-0.9,1030,1034.9,0.7,1,10,500.1,0
2017-01-02 04:04:49,5,53,17.9,73,-0.9,1030,1034.9,0.3,0.7,10,500.1,0
2017-01-02 04:09:49,5,53,17.9,74,-1.1,1030,1034.9,0,0,8,500.1,0
2017-01-02 04:14:49,5,53,17.9,73,-1.3,1030,1034.9,0.3,0.7,0,500.1,0
2017-01-02 04:19:49,5,53,17.9,74,-1.5,1029.9,1034.8,0.7,1,0,500.1,0
2017-01-02 04:24:49,5,53,17.8,74,-1.6,1030,1034.9,0.3,0.7,0,500.1,0
2017-01-02 04:29:49,5,53,17.8,74,-1.6,1030.1,1035,0.3,0.7,12,500.1,0
2017-01-02 04:34:49,5,53,17.8,74,-1.6,1030.3,1035.2,0.7,1,12,500.1,0
2017-01-02 04:39:49,5,53,17.8,75,-1.7,1030.4,1035.3,0.3,0.7,12,500.1,0
2017-01-02 04:44:49,5,53,17.8,75,-1.8,1030.4,1035.3,0.7,1,10,500.1,0
2017-01-02 04:49:49,5,53,17.8,75,-1.7,1030.4,1035.3,0.3,1,8,500.1,0
2017-01-02 04:54:49,5,53,17.8,75,-1.7,1030.4,1035.3,0,0,8,500.1,0
2017-01-02 04:59:49,5,53,17.7,75,-1.7,1030.4,1035.3,0.7,1.4,0,500.1,0
2017-01-02 05:04:49,5,53,17.7,75,-1.8,1030.6,1035.5,1,1.4,0,500.1,0
2017-01-02 05:09:49,5,53,17.8,75,-1.8,1030.7,1035.6,0.7,1,14,500.1,0
2017-01-02 05:14:49,5,53,17.7,75,-1.8,1030.7,1035.6,0.7,1,0,500.1,0
2017-01-02 05:19:49,5,53,17.7,75,-1.8,1030.7,1035.6,1.7,2,0,500.1,0
2017-01-02 05:24:49,5,53,17.7,75,-1.7,1030.6,1035.5,1.4,1.7,0,500.1,0
2017-01-02 05:29:49,5,53,17.7,75,-1.7,1030.7,1035.6,1,1.7,0,500.1,0
2017-01-02 05:34:49,5,53,17.7,75,-1.9,1030.7,1035.6,1.4,1.7,0,500.1,0
2017-01-02 05:39:49,5,53,17.7,75,-1.9,1030.8,1035.7,1.4,2,0,500.1,0
2017-01-02 05:44:49,5,53,17.7,75,-1.9,1030.6,1035.5,0.3,0.7,2,500.1,0
2017-01-02 05:49:49,5,53,17.7,75,-2,1030.7,1035.6,0.3,1,2,500.1,0
2017-01-02 05:54:49,5,53,17.7,75,-2,1030.7,1035.6,0.3,0.7,0,500.1,0
2017-01-02 05:59:49,5,53,17.7,75,-2,1030.7,1035.6,0.3,0.7,0,500.1,0
2017-01-02 06:04:49,5,53,17.7,75,-2,1030.6,1035.5,0,0,0,500.1,0
2017-01-02 06:09:49,5,53,17.7,71,-2.2,1030.7,1035.6,0,0,0,500.1,0
2017-01-02 06:14:49,5,53,17.6,71,-2.5,1030.5,1035.4,0,0,0,500.1,0
2017-01-02 06:19:49,5,53,17.6,71,-2.7,1030.5,1035.4,0,0.3,4,500.1,0
2017-01-02 06:24:49,5,52,17.6,72,-2.6,1030.3,1035.2,0,0,4,500.1,0
2017-01-02 06:29:49,5,52,17.6,72,-2.6,1030.7,1035.6,0.3,0.7,8,500.1,0
2017-01-02 06:34:49,5,52,17.6,72,-2.5,1030.6,1035.5,0.7,1,8,500.1,0
2017-01-02 06:39:49,5,53,17.6,72,-2.4,1030.7,1035.6,1,1.4,10,500.1,0
2017-01-02 06:44:49,5,53,17.6,72,-2.5,1030.7,1035.6,0.3,0.7,10,500.1,0
2017-01-02 06:49:49,5,52,17.6,72,-2.4,1030.8,1035.7,0,0,10,500.1,0
2017-01-02 06:54:49,5,52,17.5,72,-2.5,1030.8,1035.7,0,0,10,500.1,0
2017-01-02 06:59:49,5,52,17.5,72,-2.7,1030.6,1035.5,0.7,0.7,4,500.1,0
2017-01-02 07:04:49,5,52,17.5,72,-2.6,1030.7,1035.6,0.3,0.7,8,500.1,0
2017-01-02 07:09:49,5,52,17.5,72,-2.5,1030.8,1035.7,0.3,0.7,8,500.1,0
2017-01-02 07:14:49,5,52,17.5,72,-2.6,1030.8,1035.7,0,0.3,2,500.1,0
2017-01-02 07:19:49,5,52,17.5,72,-2.5,1030.7,1035.6,0,0.3,2,500.1,0
2017-01-02 07:24:49,5,52,17.5,72,-2.5,1030.8,1035.7,0,0.3,14,500.1,0
2017-01-02 07:29:49,5,52,17.5,72,-2.5,1030.9,1035.8,0,0,14,500.1,0
2017-01-02 07:34:49,5,52,17.5,72,-2.7,1031,1035.9,0,0,14,500.1,0
2017-01-02 07:39:49,5,52,17.5,72,-2.7,1030.9,1035.8,0,0.3,2,500.1,0
2017-01-02 07:44:49,5,52,17.5,72,-2.6,1030.8,1035.7,0,0.3,2,500.1,0
2017-01-02 07:49:49,5,52,17.5,72,-2.5,1030.9,1035.8,0,0.3,2,500.1,0
2017-01-02 07:54:49,5,52,17.5,72,-2.3,1031.1,1036,0,0,2,500.1,0
2017-01-02 07:59:49,5,52,17.5,72,-2.4,1031.2,1036.1,0,0.3,12,500.1,0
2017-01-02 08:04:49,5,52,17.5,72,-2.7,1031.2,1036.1,0,0.3,12,500.1,0
2017-01-02 08:09:49,5,52,17.5,72,-3,1031.2,1036.1,0,0,12,500.1,0
2017-01-02 08:14:49,5,52,17.5,73,-3.2,1031.1,1036,0.3,0.7,12,500.1,0
2017-01-02 08:19:49,5,52,17.5,73,-3.1,1031.3,1036.2,0.3,0.7,10,500.1,0
2017-01-02 08:24:49,5,52,17.4,73,-3.2,1031.4,1036.3,0.7,1,10,500.1,0
2017-01-02 08:29:49,5,52,17.4,73,-3.2,1031.5,1036.4,1,1.4,10,500.1,0
2017-01-02 08:34:49,5,52,17.4,73,-3.2,1031.6,1036.5,0,0.7,8,500.1,0
2017-01-02 08:39:49,5,52,17.4,73,-3.1,1031.7,1036.6,1,1.4,8,500.1,0
2017-01-02 08:44:49,5,52,17.4,73,-3.3,1031.6,1036.5,0.7,1,10,500.1,0
2017-01-02 08:49:49,5,52,17.4,73,-3.3,1031.8,1036.7,0.7,1,10,500.1,0
2017-01-02 08:54:49,5,52,17.4,74,-3.1,1031.5,1036.4,0,0.7,2,500.1,0
2017-01-02 08:59:49,5,52,17.4,73,-3,1031.6,1036.5,0.3,0.7,14,500.1,0
2017-01-02 09:04:49,5,52,17.4,74,-3.1,1031.6,1036.5,0,0,14,500.1,0
2017-01-02 09:09:49,5,52,17.4,73,-3,1031.7,1036.6,0,0,14,500.1,0
2017-01-02 09:14:49,5,52,17.4,73,-2.9,1031.8,1036.7,0,0,14,500.1,0
2017-01-02 09:19:49,5,52,17.4,73,-2.9,1031.8,1036.7,0.3,0.7,8,500.1,0
2017-01-02 09:24:49,5,52,17.3,73,-3,1032.1,1037,0.7,1,10,500.1,0
2017-01-02 09:29:49,5,51,17.4,73,-3,1032,1036.9,0.3,0.7,10,500.1,0
2017-01-02 09:34:49,5,51,17.4,73,-3,1031.9,1036.8,0,0,10,500.1,0
2017-01-02 09:39:49,5,51,17.4,73,-2.9,1032,1036.9,0,0.3,10,500.1,0
2017-01-02 09:44:49,5,51,17.4,73,-2.7,1032.1,1037,0,0.3,8,500.1,0
2017-01-02 09:49:49,5,51,17.4,73,-2.6,1032.3,1037.2,0,0.3,10,500.1,0
2017-01-02 09:54:49,5,51,17.4,73,-2.5,1032.2,1037.1,0,0,10,500.1,0
2017-01-02 09:59:49,5,51,17.4,73,-2.4,1032,1036.9,0.3,0.7,10,500.1,0
2017-01-02 10:04:49,5,51,17.4,73,-2.3,1032.1,1037,0.3,0.7,10,500.1,0
2017-01-02 10:09:49,5,51,17.4,73,-2.3,1032,1036.9,0.7,1.4,8,500.1,0
2017-01-02 10:14:49,5,50,17.4,73,-2.1,1032.1,1037,0.3,0.7,10,500.1,0
2017-01-02 10:19:49,5,51,17.4,77,-1.9,1032.1,1037,0.7,1,10,500.1,0
2017-01-02 10:24:49,5,45,17.1,77,-1.7,1032.1,1037,0,0,10,500.1,0
2017-01-02 10:29:49,5,44,17.1,77,-1.5,1032.2,1037.1,0,0.3,10,500.1,0
2017-01-02 10:34:49,5,48,17.1,78,-1.3,1032.3,1037.2,1,1.4,10,500.1,0
2017-01-02 10:39:49,5,49,17.1,77,-1.1,1032.3,1037.2,0.3,0.7,8,500.1,0
2017-01-02 10:44:49,5,49,17.1,76,-0.9,1032.3,1037.2,0,0.3,8,500.1,0
2017-01-02 10:49:49,5,49,17.1,77,-0.6,1032.1,1037,0,0,14,500.1,0
2017-01-02 10:54:49,5,49,17.1,76,0.1,1032.1,1037,0,0.3,4,500.1,0
2017-01-02 10:59:49,5,49,17.1,76,1.5,1032.1,1037,0,0,4,500.1,0
2017-01-02 11:04:49,5,50,17.1,75,2.7,1032,1036.9,0,0,4,500.1,0
2017-01-02 11:09:49,5,50,17.1,80,3.7,1031.8,1036.7,0,0,4,500.1,0
2017-01-02 11:14:49,5,50,17.1,78,4.3,1031.8,1036.7,0,0,0,500.1,0
2017-01-02 11:19:49,5,50,17.1,77,4.9,1031.8,1036.7,0,0.3,12,500.1,0
2017-01-02 11:24:49,5,50,17.1,72,4,1032,1036.9,0,0.3,10,500.1,0
2017-01-02 11:29:49,5,50,17.1,70,3.3,1032,1036.9,0,0,10,500.1,0
2017-01-02 11:34:49,5,50,17.1,72,3,1032,1036.9,0,0.3,0,500.1,0
2017-01-02 11:39:49,5,50,17.1,67,2.6,1032,1036.9,0.7,1.4,14,500.1,0
2017-01-02 11:44:49,5,51,17.4,66,2,1032,1036.9,0.3,0.7,14,500.1,0
2017-01-02 11:49:49,5,51,17.4,66,1.8,1032,1036.9,1.4,1.7,14,500.1,0
2017-01-02 11:54:49,5,51,17.4,66,1.5,1031.8,1036.7,0.3,0.7,14,500.1,0
2017-01-02 11:59:49,5,51,17.4,66,1.4,1032,1036.9,0.7,1,14,500.1,0
2017-01-02 12:04:49,5,51,17.3,67,1.4,1032,1036.9,1,1.7,14,500.1,0
2017-01-02 12:09:50,5,51,17.4,67,1.5,1031.8,1036.7,1,1.4,0,500.1,0
2017-01-02 12:14:50,5,51,17.4,67,1.6,1032,1036.9,0.7,1,14,500.1,0
2017-01-02 12:19:50,5,51,17.4,68,1.7,1031.9,1036.8,1,1.4,14,500.1,0
2017-01-02 12:24:50,5,52,17.4,68,1.8,1031.9,1036.8,0.7,1,14,500.1,0
2017-01-02 12:29:50,5,52,17.4,68,1.9,1031.8,1036.7,1,1.7,14,500.1,0
2017-01-02 12:34:50,5,53,17.4,67,2.2,1031.8,1036.7,0.7,1,0,500.1,0
2017-01-02 12:39:50,5,53,17.4,67,2.8,1031.8,1036.7,0.7,1,14,500.1,0
2017-01-02 12:44:50,5,53,17.4,70,3.3,1031.8,1036.7,0.7,1.7,0,500.1,0
2017-01-02 12:49:50,5,53,17.5,68,3.6,1031.8,1036.7,1,1.4,14,500.1,0
2017-01-02 12:54:50,5,53,17.5,68,3.4,1031.6,1036.5,1,1.4,0,500.1,0
2017-01-02 12:59:50,5,53,17.5,67,3.3,1031.8,1036.7,1,1.4,14,500.1,0
2017-01-02 13:04:50,5,54,17.5,68,3.7,1031.5,1036.4,1,1.4,14,500.1,0
2017-01-02 13:09:50,5,54,17.6,67,4.3,1031.6,1036.5,1,1.4,14,500.1,0
2017-01-02 13:14:50,5,54,17.6,65,5,1031.6,1036.5,0.3,1,12,500.1,0
2017-01-02 13:19:50,5,54,17.7,64,5.4,1031.3,1036.2,1,1.7,14,500.1,0
2017-01-02 13:24:50,5,54,17.7,61,5.5,1031.1,1036,1,1.7,14,500.1,0
2017-01-02 13:29:50,5,54,17.7,61,5.3,1031.2,1036.1,1,1.4,14,500.1,0
2017-01-02 13:34:50,5,55,17.7,60,5.3,1031.2,1036.1,0.3,1,12,500.1,0
2017-01-02 13:39:50,5,55,17.8,61,5.2,1031.2,1036.1,0.7,1,12,500.1,0
2017-01-02 13:44:50,5,55,17.8,62,5.3,1031.2,1036.1,0.7,1,14,500.1,0
2017-01-02 13:49:50,5,55,17.8,60,5.3,1031.2,1036.1,1,1.7,14,500.1,0
2017-01-02 13:54:50,5,55,17.8,61,5.4,1030.9,1035.8,1,1.4,14,500.1,0
2017-01-02 13:59:50,5,55,17.8,60,5.4,1030.9,1035.8,0.3,0.7,14,500.1,0
2017-01-02 14:04:50,5,55,17.8,61,6.1,1030.9,1035.8,0.7,1,14,500.1,0
2017-01-02 14:09:49,5,54,17.9,58,6.3,1031,1035.9,0.3,0.7,12,500.1,0
2017-01-02 14:14:49,5,54,18.1,57,6,1030.8,1035.7,0.7,1,12,500.1,0
2017-01-02 14:19:49,5,44,18.1,59,5.6,1030.6,1035.5,1,1.4,14,500.1,0
2017-01-02 14:24:49,5,42,18.2,60,5.8,1030.6,1035.5,0.7,1,12,500.1,0
2017-01-02 14:29:49,5,49,18.2,59,6,1030.5,1035.4,0.3,0.7,14,500.1,0
2017-01-02 14:34:49,5,51,18.3,59,6.2,1030.4,1035.3,0.7,1,12,500.1,0
2017-01-02 14:39:49,5,52,18.6,58,6,1030.5,1035.4,0.3,1,12,500.1,0
2017-01-02 14:44:49,5,52,18.7,59,5.9,1030.7,1035.6,1,1.4,12,500.1,0
2017-01-02 14:49:49,5,53,18.8,59,5.8,1030.5,1035.4,0.3,0.7,12,500.1,0
2017-01-02 14:54:49,5,52,19,60,5.5,1030.5,1035.4,0.7,1.4,12,500.1,0
2017-01-02 14:59:49,5,52,19.1,61,5,1030.4,1035.3,0.7,1,12,500.1,0
2017-01-02 15:04:49,5,52,19.2,64,4.8,1030.4,1035.3,0.3,0.7,12,500.1,0
2017-01-02 15:09:49,5,52,19.4,64,4.7,1030.3,1035.2,0.3,0.7,12,500.1,0
2017-01-02 15:14:49,5,52,19.5,64,4.6,1030.4,1035.3,0.3,0.7,12,500.1,0
2017-01-02 15:19:49,5,51,19.6,64,4.4,1030.4,1035.3,0.7,1,14,500.1,0
2017-01-02 15:24:49,5,49,19.8,65,4.2,1030.4,1035.3,0.7,1,14,500.1,0
2017-01-02 15:29:49,5,50,19.8,65,4.2,1030.4,1035.3,1,1.4,14,500.1,0
2017-01-02 15:34:49,5,50,19.9,66,4.1,1030.4,1035.3,1,1.4,14,500.1,0
2017-01-02 15:39:49,5,51,19.9,66,4.1,1030.3,1035.2,0.7,1.4,14,500.1,0
2017-01-02 15:44:49,5,50,20,67,3.9,1030.3,1035.2,1,1.7,14,500.1,0
2017-01-02 15:49:49,5,50,20,67,3.7,1030.3,1035.2,0.7,1,12,500.1,0
2017-01-02 15:54:49,5,50,20.1,67,3.7,1030.2,1035.1,0.3,0.7,12,500.1,0
2017-01-02 15:59:49,5,49,20.1,67,3.5,1030.3,1035.2,0.3,0.7,14,500.1,0
2017-01-02 16:04:49,5,49,20.1,67,3.3,1030.3,1035.2,0,0,14,500.1,0
2017-01-02 16:09:49,5,48,20.1,67,3,1030.2,1035.1,0,0.3,14,500.1,0
2017-01-02 16:14:49,5,48,20,63,2.8,1030.3,1035.2,0,0,10,500.1,0
2017-01-02 16:19:49,5,48,20,64,2.6,1030.2,1035.1,0.7,1,10,500.1,0
2017-01-02 16:24:49,5,49,19.9,65,2.4,1030.3,1035.2,0,0.3,10,500.1,0
2017-01-02 16:29:49,5,49,19.8,66,2.2,1030.3,1035.2,0.3,0.7,10,500.1,0
2017-01-02 16:34:49,5,49,19.8,66,2,1030.3,1035.2,0.3,0.7,10,500.1,0
2017-01-02 16:39:49,5,47,19.8,68,1.9,1030.4,1035.3,0.7,1,10,500.1,0
2017-01-02 16:44:49,5,47,19.7,68,1.8,1030.4,1035.3,0.3,0.7,10,500.1,0
2017-01-02 16:49:49,5,48,19.6,69,1.7,1030.4,1035.3,0.3,0.7,10,500.1,0
2017-01-02 16:54:49,5,48,19.6,69,1.5,1030.4,1035.3,0.3,0.7,10,500.1,0
2017-01-02 16:59:49,5,48,19.5,70,1.3,1030.3,1035.2,0.3,0.7,10,500.1,0
2017-01-02 17:04:49,5,48,19.5,70,1.3,1030.3,1035.2,0.3,0.7,10,500.1,0
2017-01-02 17:09:49,5,48,19.4,71,1.2,1030.2,1035.1,0.3,0.3,8,500.1,0
2017-01-02 17:14:49,5,49,19.4,71,1.1,1030.3,1035.2,0.3,0.3,8,500.1,0
2017-01-02 17:19:49,5,49,19.3,72,0.9,1030.3,1035.2,0.7,1,10,500.1,0
2017-01-02 17:24:49,5,49,19.3,73,0.9,1030.2,1035.1,0.7,1,10,500.1,0
2017-01-02 17:29:49,5,49,19.3,73,0.8,1030.2,1035.1,0.3,0.7,10,500.1,0
2017-01-02 17:34:49,5,49,19.3,73,0.7,1030.3,1035.2,0.3,0.7,10,500.1,0
2017-01-02 17:39:49,5,49,19.2,73,0.7,1030.4,1035.3,0,0.7,10,500.1,0
2017-01-02 17:44:49,5,49,19.1,73,0.6,1030.4,1035.3,0,0.3,10,500.1,0
2017-01-02 17:49:49,5,49,19.1,73,0.5,1030.3,1035.2,0.3,0.3,8,500.1,0
2017-01-02 17:54:49,5,49,19.1,73,0.3,1030.3,1035.2,0.3,0.7,8,500.1,0
2017-01-02 17:59:49,5,49,19.1,73,0.1,1030.5,1035.4,0.3,0.7,8,500.1,0
2017-01-02 18:04:49,5,48,19,74,0.1,1030.5,1035.4,0,0,10,500.1,0
2017-01-02 18:09:49,5,48,19,74,0.1,1030.5,1035.4,0.3,0.7,10,500.1,0
2017-01-02 18:14:49,5,49,19,74,0.3,1030.4,1035.3,0.3,0.7,10,500.1,0
2017-01-02 18:19:49,5,50,18.9,74,0.4,1030.5,1035.4,0.7,1,8,500.1,0
2017-01-02 18:24:49,5,50,18.9,74,0.2,1030.3,1035.2,0.3,0.7,8,500.1,0
2017-01-02 18:29:49,5,50,18.9,74,0.1,1030.3,1035.2,0.7,1,8,500.1,0
2017-01-02 18:34:49,5,49,18.8,74,0.1,1030.3,1035.2,0.7,1.4,10,500.1,0
2017-01-02 18:39:49,5,49,18.8,75,-0.1,1030.5,1035.4,0,0.3,8,500.1,0
2017-01-02 18:44:49,5,49,18.8,75,-0.1,1030.4,1035.3,0.3,0.7,10,500.1,0
2017-01-02 18:49:49,5,49,18.8,76,-0.1,1030.5,1035.4,0,0.3,10,500.1,0
2017-01-02 18:54:49,5,49,18.8,76,-0.2,1030.4,1035.3,0,0,10,500.1,0
2017-01-02 18:59:49,5,49,18.8,76,-0.1,1030.3,1035.2,0.3,0.3,10,500.1,0
2017-01-02 19:04:49,5,49,18.8,75,0,1030.5,1035.4,0.3,0.7,10,500.1,0
2017-01-02 19:09:49,5,49,18.8,76,-0.1,1030.6,1035.5,0.3,0.7,10,500.1,0
2017-01-02 19:14:49,5,49,18.8,76,-0.3,1030.5,1035.4,0.3,0.7,10,500.1,0
2017-01-02 19:19:49,5,50,18.8,76,-0.7,1030.3,1035.2,0.3,1,8,500.1,0
2017-01-02 19:24:49,5,51,18.8,76,-0.9,1030.4,1035.3,0.3,0.7,10,500.1,0
2017-01-02 19:29:49,5,52,18.7,76,-1,1030.4,1035.3,0.3,0.7,8,500.1,0
2017-01-02 19:34:49,5,50,18.7,76,-0.9,1030.5,1035.4,0.7,1,10,500.1,0
2017-01-02 19:39:49,5,51,18.7,76,-0.8,1030.5,1035.4,0.3,0.7,8,500.1,0
2017-01-02 19:44:49,5,51,18.7,76,-0.7,1030.6,1035.5,0.3,1,8,500.1,0
2017-01-02 19:49:49,5,52,18.7,76,-0.7,1030.4,1035.3,0,0.3,8,500.1,0
2017-01-02 19:54:49,5,53,18.7,76,-0.9,1030.5,1035.4,0,0.3,14,500.1,0
2017-01-02 19:59:49,5,54,18.7,77,-1.2,1030.3,1035.2,0,0,14,500.1,0
2017-01-02 20:04:49,5,55,18.7,77,-1.3,1030.4,1035.3,0.3,0.7,14,500.1,0
2017-01-02 20:09:49,5,55,18.7,77,-1.3,1030.2,1035.1,0,0,14,500.1,0
2017-01-02 20:14:49,5,56,18.8,77,-1.4,1030.3,1035.2,0.7,1,8,500.1,0
2017-01-02 20:19:49,5,55,18.7,77,-1.4,1030.3,1035.2,0.7,1,8,500.1,0
2017-01-02 20:24:49,5,55,18.8,77,-1.5,1030.2,1035.1,0.7,1,9,500.1,0
2017-01-02 20:29:49,5,54,18.8,77,-1.7,1030.2,1035.1,0.3,0.7,10,500.1,0
2017-01-02 20:34:49,5,54,18.7,77,-1.7,1030.2,1035.1,0.3,0.7,10,500.1,0
2017-01-02 20:39:49,5,54,18.8,77,-1.7,1030.3,1035.2,1,1.4,8,500.1,0
2017-01-02 20:44:49,5,53,18.8,78,-1.5,1030.3,1035.2,1,1.4,10,500.1,0
2017-01-02 20:49:49,5,53,18.8,78,-1.6,1030.2,1035.1,0.3,0.7,8,500.1,0
2017-01-02 20:54:49,5,53,18.8,78,-1.5,1030.4,1035.3,0.7,1,8,500.1,0
2017-01-02 20:59:49,5,53,18.8,77,-1,1030.3,1035.2,0.3,1,10,500.1,0
2017-01-02 21:04:49,5,53,18.8,78,-1.1,1030.4,1035.3,0.7,1,10,500.1,0
2017-01-02 21:09:49,5,53,18.8,77,-1,1030.2,1035.1,0.7,1,10,500.1,0
2017-01-02 21:14:49,5,53,18.8,77,-1,1030.3,1035.2,0.3,0.7,12,500.1,0
2017-01-02 21:19:49,5,53,18.8,78,-1.1,1030.4,1035.3,0.3,0.7,10,500.1,0
2017-01-02 21:24:49,5,52,18.8,78,-1.1,1030.5,1035.4,0.3,0.7,12,500.1,0
2017-01-02 21:29:49,5,52,18.8,78,-1.1,1030.7,1035.6,0.7,1.4,10,500.1,0
2017-01-02 21:34:49,5,52,18.8,78,-1.1,1030.7,1035.6,0.3,0.7,10,500.1,0
2017-01-02 21:39:49,5,52,18.8,78,-1.2,1030.6,1035.5,0.7,1,10,500.1,0
2017-01-02 21:44:49,5,52,18.8,78,-1.3,1030.6,1035.5,1,1.4,8,500.1,0
2017-01-02 21:49:49,5,52,18.8,78,-1.4,1030.6,1035.5,0.3,0.7,10,500.1,0
2017-01-02 21:54:49,5,52,18.8,78,-1.3,1030.6,1035.5,0.7,1.4,10,500.1,0
2017-01-02 21:59:49,5,52,18.8,79,-1.2,1030.7,1035.6,0.7,1,9,500.1,0
2017-01-02 22:04:49,5,52,18.8,79,-1.1,1030.7,1035.6,0.7,1,8,500.1,0
2017-01-02 22:09:49,5,52,18.8,78,-1,1030.8,1035.7,0.3,1,8,500.1,0
2017-01-02 22:14:49,5,52,18.8,78,-0.9,1030.6,1035.5,0.3,1,10,500.1,0
2017-01-02 22:19:49,5,52,18.8,78,-0.7,1030.6,1035.5,0.3,0.7,10,500.1,0
2017-01-02 22:24:49,5,52,18.8,78,-0.5,1030.6,1035.5,0,0.3,12,500.1,0
2017-01-02 22:29:49,5,52,18.8,78,-0.4,1030.5,1035.4,0.3,0.7,10,500.1,0
2017-01-02 22:34:49,5,52,18.8,78,-0.3,1030.5,1035.4,0.3,0.7,10,500.1,0
2017-01-02 22:39:49,5,52,18.8,78,-0.2,1030.7,1035.6,1,1.4,10,500.1,0
2017-01-02 22:44:49,5,52,18.8,78,-0.1,1030.5,1035.4,0.7,1.4,8,500.1,0
2017-01-02 22:49:49,5,52,18.8,78,-0.2,1030.5,1035.4,0.7,1,8,500.1,0
2017-01-02 22:54:49,5,52,18.8,78,-0.1,1030.4,1035.3,0,0.7,8,500.1,0
2017-01-02 22:59:49,5,52,18.8,78,0,1030.3,1035.2,0,0.3,10,500.1,0
2017-01-02 23:04:49,5,52,18.8,78,0.1,1030.5,1035.4,0,0.7,2,500.1,0
2017-01-02 23:09:49,5,52,18.8,78,0.1,1030.4,1035.3,0,0.3,4,500.1,0
2017-01-02 23:14:49,5,52,18.8,78,0.1,1030.3,1035.2,0,0,,500.1,0
2017-01-02 23:19:49,5,52,18.8,78,0.4,1030.3,1035.2,0.7,1,10,500.1,0
2017-01-02 23:24:49,5,52,18.8,78,0.5,1030.3,1035.2,0.7,1,8,500.1,0
2017-01-02 23:29:49,5,52,18.8,78,0.7,1030.1,1035,0.3,0.7,10,500.1,0
2017-01-02 23:34:49,5,52,18.8,78,0.9,1030.2,1035.1,1,1.4,8,500.1,0
2017-01-02 23:39:49,5,52,18.8,77,1,1030.2,1035.1,0.3,0.7,8,500.1,0
2017-01-02 23:44:49,5,52,18.8,77,1,1030.3,1035.2,0.7,1,8,500.1,0
2017-01-02 23:49:49,5,52,18.8,77,1,1030.2,1035.1,0.3,0.7,8,500.1,0
2017-01-02 23:54:49,5,52,18.8,77,1,1030.2,1035.1,0.7,1.7,8,500.1,0
2017-01-02 23:59:49,5,52,18.8,77,1.1,1030.1,1035,0.3,0.7,10,500.1,0
