2018-03-19 00:01:16,5,45,17.6,62,0.2,1015.3,1020.2,2.7,4.1,2,318.3,0
2018-03-19 00:06:16,5,45,17.6,62,0.2,1015.3,1020.2,4.4,6.5,0,318.3,0
2018-03-19 00:11:16,5,45,17.6,62,0.2,1015.4,1020.3,3.1,4.1,2,318.3,0
2018-03-19 00:16:16,5,45,17.6,62,0.2,1015.5,1020.4,3.7,5.1,0,318.3,0
2018-03-19 00:21:16,5,45,17.6,62,0.2,1015.4,1020.3,3.7,4.8,2,318.3,0
2018-03-19 00:26:16,5,45,17.6,62,0.2,1015.5,1020.4,4.1,5.4,0,318.3,0
2018-03-19 00:31:16,5,45,17.6,62,0.2,1015.4,1020.3,3.7,5.1,0,318.3,0
2018-03-19 00:36:16,5,45,17.6,62,0.2,1015.4,1020.3,3.1,4.1,4,318.3,0
2018-03-19 00:41:16,5,45,17.6,62,0.2,1015.5,1020.4,4.1,5.4,0,318.3,0
2018-03-19 00:46:16,5,45,17.6,62,0.2,1015.4,1020.3,3.4,4.1,2,318.3,0
2018-03-19 00:51:16,5,45,17.6,62,0.1,1015.5,1020.4,3.7,5.1,0,318.3,0
2018-03-19 00:56:16,5,45,17.6,62,0.1,1015.4,1020.3,2.4,3.7,0,318.3,0
2018-03-19 01:01:16,5,45,17.6,62,0.1,1015.4,1020.3,3.7,5.8,13,318.3,0
2018-03-19 01:06:16,5,45,17.6,62,0.1,1015.5,1020.4,4.1,6.1,1,318.3,0
2018-03-19 01:11:16,5,45,17.6,62,0.1,1015.4,1020.3,3.1,4.4,3,318.3,0
2018-03-19 01:16:16,5,45,17.6,62,0.1,1015.4,1020.3,2,3.1,2,318.3,0
2018-03-19 01:21:16,5,45,17.6,61,0.1,1015.6,1020.5,4.1,5.4,2,318.3,0
2018-03-19 01:26:16,5,45,17.6,61,0.1,1015.6,1020.5,4.1,5.4,2,318.3,0
2018-03-19 01:31:16,5,45,17.5,60,0.2,1015.4,1020.3,3.1,4.4,2,318.3,0
2018-03-19 01:36:16,5,45,17.6,60,0.1,1015.5,1020.4,2.4,4.4,2,318.3,0
2018-03-19 01:41:16,5,45,17.6,60,0.1,1015.5,1020.4,2.4,3.4,15,318.3,0
2018-03-19 01:46:16,5,45,17.5,60,0.1,1015.3,1020.2,4.1,6.1,2,318.3,0
2018-03-19 01:51:16,5,45,17.5,60,0.1,1015.6,1020.5,3.7,5.4,2,318.3,0
2018-03-19 01:56:16,5,45,17.5,60,0.1,1015.5,1020.4,4.1,4.8,2,318.3,0
2018-03-19 02:01:16,5,45,17.5,60,0.1,1015.3,1020.2,3.4,5.8,2,318.3,0
2018-03-19 02:06:16,5,45,17.4,60,0.1,1015.5,1020.4,4.4,6.5,2,318.3,0
2018-03-19 02:11:16,5,45,17.4,60,0.1,1015.5,1020.4,2.4,3.1,2,318.3,0
2018-03-19 02:16:16,5,45,17.4,60,0.1,1015.6,1020.5,4.1,5.1,2,318.3,0
2018-03-19 02:21:16,5,45,17.4,60,0.1,1015.8,1020.7,4.8,6.5,11,318.3,0
2018-03-19 02:26:16,5,45,17.4,60,0,1015.6,1020.5,3.4,5.4,0,318.3,0
2018-03-19 02:31:16,5,45,17.4,60,0,1015.6,1020.5,2.7,4.1,2,318.3,0
2018-03-19 02:36:16,5,45,17.4,60,0,1015.7,1020.6,3.7,5.8,4,318.3,0
2018-03-19 02:41:16,5,44,17.4,60,0,1015.4,1020.3,4.4,5.8,2,318.3,0
2018-03-19 02:46:16,5,44,17.4,60,0,1015.7,1020.6,4.1,5.4,2,318.3,0
2018-03-19 02:51:16,5,44,17.4,60,0,1015.8,1020.7,5.1,7.5,0,318.3,0
2018-03-19 02:56:16,5,44,17.4,60,0,1015.9,1020.8,3.7,5.1,1,318.3,0
2018-03-19 03:01:16,5,44,17.4,61,-0.1,1016,1020.9,3.7,6.5,0,318.3,0
2018-03-19 03:06:16,5,44,17.4,62,-0.1,1015.9,1020.8,2.7,3.7,0,318.3,0
2018-03-19 03:11:16,5,44,17.4,62,-0.1,1015.8,1020.7,3.1,4.1,0,318.3,0
2018-03-19 03:16:16,5,44,17.3,62,-0.1,1016,1020.9,3.1,4.8,2,318.3,0
2018-03-19 03:21:16,5,44,17.3,62,-0.1,1015.9,1020.8,3.1,4.4,1,318.3,0
2018-03-19 03:26:16,5,44,17.3,62,-0.1,1015.9,1020.8,2.4,3.1,2,318.3,0
2018-03-19 03:31:16,5,44,17.3,63,-0.1,1016,1020.9,3.4,5.4,0,318.3,0
2018-03-19 03:36:16,5,43,17.3,63,-0.1,1016,1020.9,4.8,6.5,2,318.3,0
2018-03-19 03:41:16,5,43,17.3,63,-0.1,1016,1020.9,3.7,5.1,0,318.3,0
2018-03-19 03:46:16,5,43,17.3,62,-0.2,1016,1020.9,4.1,5.8,0,318.3,0
2018-03-19 03:51:16,5,43,17.3,62,-0.1,1016.3,1021.2,3.1,4.1,2,318.3,0
2018-03-19 03:56:16,5,43,17.3,62,-0.2,1016.4,1021.3,3.7,5.4,2,318.3,0
2018-03-19 04:01:16,5,43,17.3,62,-0.2,1016.5,1021.4,3.7,5.4,2,318.3,0
2018-03-19 04:06:16,5,43,17.3,62,-0.1,1016.4,1021.3,3.4,4.4,1,318.3,0
2018-03-19 04:11:16,5,43,17.3,62,-0.1,1016.4,1021.3,3.4,4.8,11,318.3,0
2018-03-19 04:16:16,5,43,17.3,62,-0.2,1016.3,1021.2,3.7,4.4,2,318.3,0
2018-03-19 04:21:16,5,43,17.1,62,-0.2,1016.4,1021.3,3.7,5.1,0,318.3,0
2018-03-19 04:26:16,5,43,17,62,-0.2,1016.4,1021.3,4.1,5.1,0,318.3,0
2018-03-19 04:31:16,5,43,17,62,-0.2,1016.4,1021.3,3.7,6.5,2,318.3,0
2018-03-19 04:36:16,5,43,17,62,-0.2,1016.5,1021.4,5.1,6.5,0,318.3,0
2018-03-19 04:41:16,5,43,17,62,-0.2,1016.5,1021.4,3.1,4.4,0,318.3,0
2018-03-19 04:46:16,5,43,17,62,-0.2,1016.5,1021.4,3.4,5.1,2,318.3,0
2018-03-19 04:51:16,5,43,17,62,-0.2,1016.6,1021.5,3.4,4.8,2,318.3,0
2018-03-19 04:56:16,5,43,17,62,-0.2,1016.5,1021.4,3.7,4.8,2,318.3,0
2018-03-19 05:01:16,5,42,17,62,-0.2,1016.5,1021.4,4.1,5.8,1,318.3,0
2018-03-19 05:06:16,5,42,17,62,-0.2,1016.6,1021.5,3.4,5.4,4,318.3,0
2018-03-19 05:11:16,5,42,17,62,-0.2,1016.6,1021.5,3.1,5.4,2,318.3,0
2018-03-19 05:16:16,5,42,17,62,-0.2,1016.7,1021.6,3.7,6.1,0,318.3,0
2018-03-19 05:21:16,5,42,17,62,-0.2,1016.8,1021.7,4.4,6.1,0,318.3,0
2018-03-19 05:26:16,5,42,17,62,-0.1,1016.8,1021.7,3.7,6.8,2,318.3,0
2018-03-19 05:31:16,5,42,17,61,-0.1,1016.9,1021.8,4.1,5.4,0,318.3,0
2018-03-19 05:36:16,5,42,17,61,-0.1,1017,1021.9,3.7,6.8,0,318.3,0
2018-03-19 05:41:16,5,42,17,61,-0.1,1016.9,1021.8,3.1,4.8,2,318.3,0
2018-03-19 05:46:16,5,42,17,61,-0.1,1016.8,1021.7,5.8,7.8,2,318.3,0
2018-03-19 05:51:16,5,42,17,61,-0.1,1017,1021.9,4.1,6.5,15,318.3,0
2018-03-19 05:56:16,5,42,17,61,-0.1,1017,1021.9,4.4,6.1,2,318.3,0
2018-03-19 06:01:16,5,42,17,61,-0.1,1017,1021.9,4.8,7.1,2,318.3,0
2018-03-19 06:06:16,5,42,17,62,-0.1,1017.1,1022,4.4,5.4,0,318.3,0
2018-03-19 06:11:16,5,42,17,62,-0.1,1017,1021.9,3.1,5.1,0,318.3,0
2018-03-19 06:16:16,5,42,17,62,-0.1,1017.2,1022.1,4.8,6.8,0,318.3,0
2018-03-19 06:21:16,5,42,17,62,-0.1,1017.2,1022.1,2.7,4.1,0,318.3,0
2018-03-19 06:26:16,5,42,17,62,-0.1,1017.4,1022.3,3.4,4.4,0,318.3,0
2018-03-19 06:31:16,5,42,17,62,-0.1,1017.2,1022.1,3.7,5.1,2,318.3,0
2018-03-19 06:36:16,5,42,17,62,-0.1,1017.4,1022.3,4.8,6.1,2,318.3,0
2018-03-19 06:41:16,5,42,17,61,-0.1,1017.6,1022.5,4.4,7.1,0,318.3,0
2018-03-19 06:46:16,5,42,17,61,-0.1,1017.6,1022.5,3.1,4.4,2,318.3,0
2018-03-19 06:51:16,5,42,17,61,-0.1,1017.6,1022.5,3.7,5.4,0,318.3,0
2018-03-19 06:56:16,5,42,17,62,-0.1,1017.5,1022.4,2.7,4.4,1,318.3,0
2018-03-19 07:01:16,5,42,17,61,0,1017.6,1022.5,3.7,5.1,0,318.3,0
2018-03-19 07:06:16,5,42,17,60,0,1017.6,1022.5,4.8,6.5,0,318.3,0
2018-03-19 07:11:16,5,42,17,60,0,1017.8,1022.7,3.7,4.4,0,318.3,0
2018-03-19 07:16:16,5,42,17,60,0.1,1017.9,1022.8,4.4,7.8,0,318.3,0
2018-03-19 07:21:16,5,42,17,60,0.1,1017.9,1022.8,2.7,3.7,0,318.3,0
2018-03-19 07:26:16,5,43,17,60,0.1,1018.1,1023,4.4,6.8,0,318.3,0
2018-03-19 07:31:16,5,43,17,60,0.1,1018.1,1023,3.1,4.4,,318.3,0
2018-03-19 07:36:16,5,43,17,60,0.2,1018.2,1023.1,4.1,5.1,0,318.3,0
2018-03-19 07:41:16,5,43,17,60,0.2,1018.4,1023.3,4.1,5.4,0,318.3,0
2018-03-19 07:46:16,5,43,17,59,0.2,1018.2,1023.1,4.1,6.1,0,318.3,0
2018-03-19 07:51:16,5,43,17,59,0.2,1018.2,1023.1,3.4,4.8,0,318.3,0
2018-03-19 07:56:16,5,43,17,59,0.3,1018.4,1023.3,3.1,4.4,0,318.3,0
2018-03-19 08:01:16,5,43,17,59,0.3,1018.4,1023.3,4.8,5.4,0,318.3,0
2018-03-19 08:06:16,5,43,17,59,0.4,1018.7,1023.6,3.7,5.4,0,318.3,0
2018-03-19 08:11:16,5,43,17,59,0.4,1018.8,1023.7,3.1,4.4,0,318.3,0
2018-03-19 08:16:16,5,43,17,59,0.4,1018.7,1023.6,3.7,6.1,0,318.3,0
2018-03-19 08:21:16,5,43,17,59,0.4,1018.8,1023.7,5.4,7.1,11,318.3,0
2018-03-19 08:26:16,5,43,17,58,0.5,1018.9,1023.8,3.7,4.8,0,318.3,0
2018-03-19 08:31:16,5,43,17,59,0.6,1019,1023.9,4.1,6.1,0,318.3,0
2018-03-19 08:36:16,5,43,17,59,0.6,1019,1023.9,3.7,5.1,10,318.3,0
2018-03-19 08:41:16,5,43,17,58,0.6,1019,1023.9,4.4,5.8,0,318.3,0
2018-03-19 08:46:16,5,43,17,58,0.6,1019.1,1024,3.7,4.8,0,318.3,0
2018-03-19 08:51:16,5,43,17,59,0.7,1019.1,1024,4.1,5.4,2,318.3,0
2018-03-19 08:56:16,5,43,17,58,0.7,1019.1,1024,3.1,4.1,0,318.3,0
2018-03-19 09:01:16,5,43,17,59,0.8,1019.2,1024.1,3.7,5.1,2,318.3,0
2018-03-19 09:06:16,5,43,17,59,0.9,1019.2,1024.1,4.4,5.4,0,318.3,0
2018-03-19 09:11:16,5,43,17,58,0.9,1019.2,1024.1,3.1,4.4,0,318.3,0
2018-03-19 09:16:16,5,43,17,58,0.9,1019.4,1024.3,4.1,5.1,0,318.3,0
2018-03-19 09:21:16,5,43,17,58,1,1019.4,1024.3,3.4,4.4,0,318.3,0
2018-03-19 09:26:16,5,43,17,58,1,1019.5,1024.4,3.4,5.4,2,318.3,0
2018-03-19 09:31:16,5,43,17,58,1.1,1019.5,1024.4,3.7,4.8,2,318.3,0
2018-03-19 09:36:16,5,43,17,57,1.1,1019.6,1024.5,3.4,6.1,0,318.3,0
2018-03-19 09:41:16,5,43,17,58,1.2,1019.6,1024.5,2.7,4.1,0,318.3,0
2018-03-19 09:46:16,5,43,17,58,1.3,1019.7,1024.6,2.7,3.7,11,318.3,0
2018-03-19 09:51:16,5,43,17,58,1.4,1019.7,1024.6,3.4,4.4,0,318.3,0
2018-03-19 09:56:16,5,43,17,57,1.5,1019.7,1024.6,2.4,3.4,2,318.3,0
2018-03-19 10:01:16,5,43,17,57,1.6,1019.8,1024.7,3.7,5.1,2,318.3,0
2018-03-19 10:06:16,5,43,17,57,1.8,1019.8,1024.7,2.7,5.4,0,318.3,0
2018-03-19 10:11:16,5,43,17,56,1.9,1020,1024.9,5.4,6.5,0,318.3,0
2018-03-19 10:16:16,5,43,17.3,55,2,1020,1024.9,6.1,7.8,0,318.3,0
2018-03-19 10:21:16,5,43,17.3,55,2.1,1020,1024.9,4.1,5.8,2,318.3,0
2018-03-19 10:26:16,5,43,17.3,54,2.2,1020,1024.9,4.1,5.1,2,318.3,0
2018-03-19 10:31:16,5,43,17.3,53,2.3,1020,1024.9,4.4,5.8,2,318.3,0
2018-03-19 10:36:16,5,43,17.3,53,2.5,1019.8,1024.7,4.4,8.2,2,318.3,0
2018-03-19 10:41:16,5,43,17.3,53,2.6,1019.9,1024.8,3.7,5.4,0,318.3,0
2018-03-19 10:46:16,5,43,17.3,53,2.7,1020.1,1025,5.8,7.1,0,318.3,0
2018-03-19 10:51:16,5,43,17.3,53,2.8,1020.2,1025.1,4.4,5.8,2,318.3,0
2018-03-19 10:56:16,5,43,17.3,57,3,1020.1,1025,5.4,8.2,0,318.3,0
2018-03-19 11:01:16,5,43,17.4,56,3.1,1020.3,1025.2,4.8,6.1,3,318.3,0
2018-03-19 11:06:16,5,42,17.4,56,3.1,1020.2,1025.1,4.4,7.5,0,318.3,0
2018-03-19 11:11:16,5,42,17.4,56,3.2,1020.2,1025.1,4.8,6.8,2,318.3,0
2018-03-19 11:16:16,5,42,17.4,56,3.1,1020.3,1025.2,4.8,6.1,2,318.3,0
2018-03-19 11:21:16,5,42,17.5,56,3.8,1020.3,1025.2,4.1,6.1,11,318.3,0
2018-03-19 11:26:16,5,42,17.5,55,4.1,1020.3,1025.2,6.5,7.8,2,318.3,0
2018-03-19 11:31:16,5,42,17.6,55,3.4,1020.3,1025.2,4.4,6.8,0,318.3,0
2018-03-19 11:36:16,5,42,17.6,56,3.4,1020.2,1025.1,3.7,4.4,2,318.3,0
2018-03-19 11:41:16,5,42,17.6,55,3.7,1020.2,1025.1,5.4,7.1,2,318.3,0
2018-03-19 11:46:16,5,42,17.6,55,3.9,1020.1,1025,4.8,7.8,2,318.3,0
2018-03-19 11:51:16,5,43,17.6,53,4.1,1020.2,1025.1,4.1,6.1,2,318.3,0
2018-03-19 11:56:16,5,43,17.7,53,4.1,1020.1,1025,5.4,6.8,2,318.3,0
2018-03-19 12:01:16,5,43,17.7,51,4.2,1020.1,1025,4.4,5.4,2,318.3,0
2018-03-19 12:06:16,5,43,17.7,49,4.5,1020.3,1025.2,5.1,7.1,2,318.3,0
2018-03-19 12:11:16,5,43,17.8,49,4.9,1020.3,1025.2,3.4,5.1,2,318.3,0
2018-03-19 12:16:16,5,43,17.8,47,4.8,1020.3,1025.2,3.7,5.4,2,318.3,0
2018-03-19 12:21:16,5,44,17.8,50,4.6,1020.4,1025.3,3.7,5.4,2,318.3,0
2018-03-19 12:26:16,5,44,17.8,49,5.1,1020.5,1025.4,3.4,5.4,2,318.3,0
2018-03-19 12:31:16,5,44,17.9,50,4.4,1020.2,1025.1,4.8,6.8,2,318.3,0
2018-03-19 12:36:16,5,44,17.9,52,4.4,1020.3,1025.2,4.4,5.1,0,318.3,0
2018-03-19 12:41:16,5,44,18,48,5.2,1020.3,1025.2,5.4,7.5,2,318.3,0
2018-03-19 12:46:16,5,44,18,46,4.9,1020.2,1025.1,4.8,6.1,2,318.3,0
2018-03-19 12:51:16,5,45,18,46,4.5,1020.4,1025.3,5.4,7.8,2,318.3,0
2018-03-19 12:56:16,5,45,18,46,4.8,1020.3,1025.2,3.7,5.4,2,318.3,0
2018-03-19 13:01:16,5,46,18.1,45,5.1,1020.3,1025.2,5.1,7.1,2,318.3,0
2018-03-19 13:06:16,5,46,18.1,48,4.5,1020.3,1025.2,3.7,5.4,2,318.3,0
2018-03-19 13:11:16,5,46,18.1,46,5.5,1020.4,1025.3,3.4,4.4,2,318.3,0
2018-03-19 13:16:16,5,46,18.2,45,5.6,1020.3,1025.2,3.1,4.4,4,318.3,0
2018-03-19 13:21:16,5,46,18.3,45,6.6,1020.3,1025.2,4.4,6.5,2,318.3,0
2018-03-19 13:26:16,5,46,18.3,43,6,1020.5,1025.4,4.8,6.5,2,318.3,0
2018-03-19 13:31:16,5,46,18.4,45,5,1020.7,1025.6,4.4,5.4,2,318.3,0
2018-03-19 13:36:16,5,46,18.4,44,5.1,1020.6,1025.5,4.4,6.1,2,318.3,0
2018-03-19 13:41:16,5,46,18.4,45,5.1,1020.7,1025.6,3.4,5.4,0,318.3,0
2018-03-19 13:46:16,5,46,18.5,43,5.6,1020.7,1025.6,5.1,7.1,0,318.3,0
2018-03-19 13:51:16,5,47,18.5,44,5.4,1020.4,1025.3,2.4,4.4,14,318.3,0
2018-03-19 13:56:16,5,47,18.6,42,6.1,1020.5,1025.4,4.8,6.5,0,318.3,0
2018-03-19 14:01:16,5,48,18.6,39,6,1020.5,1025.4,4.4,6.5,4,318.3,0
2018-03-19 14:06:16,5,48,18.7,40,6.2,1020.4,1025.3,4.8,6.5,2,318.3,0
2018-03-19 14:11:16,5,48,18.7,42,6.4,1020.4,1025.3,4.4,6.1,2,318.3,0
2018-03-19 14:16:16,5,48,18.9,42,6.5,1020.3,1025.2,4.4,5.4,4,318.3,0
2018-03-19 14:21:16,5,47,19,43,6.1,1020.8,1025.7,4.4,6.1,4,318.3,0
2018-03-19 14:26:16,5,47,19.1,45,5.8,1020.4,1025.3,3.4,5.4,2,318.3,0
2018-03-19 14:31:16,5,48,19.1,43,6.3,1020.5,1025.4,4.1,7.1,2,318.3,0
2018-03-19 14:36:16,5,47,19.2,45,5.5,1020.6,1025.5,3.7,5.1,0,318.3,0
2018-03-19 14:41:16,5,47,19.3,45,5.5,1020.5,1025.4,6.5,8.8,2,318.3,0
2018-03-19 14:46:16,5,47,19.3,44,5.5,1020.7,1025.6,5.1,6.1,4,318.3,0
2018-03-19 14:51:16,5,47,19.4,42,5.9,1020.5,1025.4,4.1,5.1,2,318.3,0
2018-03-19 14:56:16,5,48,19.4,42,6.4,1020.5,1025.4,3.7,6.8,2,318.3,0
2018-03-19 15:01:16,5,48,19.6,42,6.5,1020.6,1025.5,3.7,4.4,2,318.3,0
2018-03-19 15:06:16,5,48,19.7,41,7.1,1020.7,1025.6,5.4,6.8,2,318.3,0
2018-03-19 15:11:16,5,48,19.7,43,6.1,1020.6,1025.5,3.4,4.1,2,318.3,0
2018-03-19 15:16:16,5,48,19.8,42,6,1020.6,1025.5,4.1,5.8,1,318.3,0
2018-03-19 15:21:16,5,48,19.9,43,6.2,1020.6,1025.5,7.1,9.2,2,318.3,0
2018-03-19 15:26:16,5,48,19.9,43,5.5,1020.9,1025.8,3.4,4.8,2,318.3,0
2018-03-19 15:31:16,5,48,19.9,44,5.7,1020.8,1025.7,4.1,5.4,0,318.3,0
2018-03-19 15:36:16,5,47,20,42,6.2,1020.6,1025.5,3.7,4.8,2,318.3,0
2018-03-19 15:41:16,5,47,20,40,6.4,1020.8,1025.7,5.4,7.1,2,318.3,0
2018-03-19 15:46:16,5,46,20.1,40,6.3,1020.9,1025.8,4.8,7.1,2,318.3,0
2018-03-19 15:51:16,5,45,20.2,39,6.1,1020.9,1025.8,5.8,7.1,4,318.3,0
2018-03-19 15:56:16,5,45,20.3,42,6.3,1020.9,1025.8,4.8,6.1,2,318.3,0
2018-03-19 16:01:16,5,44,20.4,42,6.4,1020.7,1025.6,4.4,7.8,4,318.3,0
2018-03-19 16:06:16,5,42,20.5,41,6.5,1020.8,1025.7,4.8,6.8,15,318.3,0
2018-03-19 16:11:16,5,40,20.6,39,6.5,1020.9,1025.8,3.4,6.5,1,318.3,0
2018-03-19 16:16:16,5,40,20.6,39,6.6,1021,1025.9,3.1,5.1,2,318.3,0
2018-03-19 16:21:16,5,41,20.7,40,6.7,1021,1025.9,3.1,5.1,2,318.3,0
2018-03-19 16:26:16,5,41,20.8,42,6.6,1020.9,1025.8,4.1,5.4,2,318.3,0
2018-03-19 16:31:16,5,40,21,42,6.5,1021.1,1026,3.4,5.1,2,318.3,0
2018-03-19 16:36:16,5,41,21.1,42,6.4,1021.2,1026.1,4.1,6.8,2,318.3,0
2018-03-19 16:41:16,5,41,21.2,42,6.2,1021.1,1026,3.7,5.1,2,318.3,0
2018-03-19 16:46:16,5,40,21.2,42,6.1,1021.3,1026.2,4.8,6.1,2,318.3,0
2018-03-19 16:51:16,5,39,21.2,42,6.1,1021.5,1026.4,4.8,8.8,4,318.3,0
2018-03-19 16:56:16,5,39,21.2,42,6,1021.5,1026.4,3.7,5.8,2,318.3,0
2018-03-19 17:01:16,5,40,21.2,42,6.1,1021.6,1026.5,4.4,6.5,2,318.3,0
2018-03-19 17:06:16,5,40,21.2,43,5.9,1021.7,1026.6,5.1,9.2,2,318.3,0
2018-03-19 17:11:16,5,40,21.1,43,5.6,1021.6,1026.5,5.1,6.5,2,318.3,0
2018-03-19 17:16:16,5,40,21,44,5.5,1021.8,1026.7,3.1,4.8,2,318.3,0
2018-03-19 17:21:16,5,40,20.9,44,5.5,1022,1026.9,3.4,4.4,2,318.3,0
2018-03-19 17:26:16,5,39,20.8,44,5.5,1022.2,1027.1,2.7,4.4,3,318.3,0
2018-03-19 17:31:16,5,40,20.8,45,5.5,1022.3,1027.2,3.1,4.4,0,318.3,0
2018-03-19 17:36:16,5,40,20.8,45,5.4,1022.2,1027.1,2.4,2.7,2,318.3,0
2018-03-19 17:41:16,5,40,20.9,45,5.4,1022.3,1027.2,1.7,3.1,4,318.3,0
2018-03-19 17:46:16,5,41,20.8,44,5.3,1022.4,1027.3,2.7,3.7,2,318.3,0
2018-03-19 17:51:16,5,41,20.8,44,5.2,1022.4,1027.3,3.7,4.4,2,318.3,0
2018-03-19 17:56:16,5,41,20.8,43,5.2,1022.6,1027.5,4.8,6.1,2,318.3,0
2018-03-19 18:01:16,5,41,20.8,43,5.2,1022.6,1027.5,3.1,4.4,2,318.3,0
2018-03-19 18:06:16,5,41,20.9,43,5.3,1022.6,1027.5,1.7,3.4,2,318.3,0
2018-03-19 18:11:16,5,41,20.9,43,5.3,1022.8,1027.7,1.7,2.7,2,318.3,0
2018-03-19 18:16:16,5,42,20.9,43,5.2,1022.9,1027.8,1.4,1.7,4,318.3,0
2018-03-19 18:21:16,5,41,21,44,5.2,1022.3,1027.2,0.7,1.4,2,318.3,0
2018-03-19 18:26:16,5,41,21.1,44,5.1,1022.6,1027.5,1,2,1,318.3,0
2018-03-19 18:31:16,5,41,21.1,44,5,1022.9,1027.8,1,1.4,2,318.3,0
2018-03-19 18:36:16,5,40,21.1,46,4.5,1023,1027.9,1,2,2,318.3,0
2018-03-19 18:41:16,5,40,21,46,4.1,1022.9,1027.8,0,0.3,4,318.3,0
2018-03-19 18:46:16,5,41,20.9,48,3.8,1023.2,1028.1,0.3,0.7,12,318.3,0
2018-03-19 18:51:16,5,41,20.8,49,3.5,1023.1,1028,0.3,0.7,4,318.3,0
2018-03-19 18:56:16,5,41,20.7,50,3.1,1023.3,1028.2,0.3,0.7,4,318.3,0
2018-03-19 19:01:16,5,41,20.6,46,2.9,1023.3,1028.2,0.3,0.7,2,318.3,0
2018-03-19 19:06:16,5,41,20.6,47,2.7,1023.3,1028.2,0.3,0.7,2,318.3,0
2018-03-19 19:11:16,5,41,20.5,47,2.6,1023.2,1028.1,0.7,1.4,2,318.3,0
2018-03-19 19:16:16,5,41,20.4,48,2.6,1023.3,1028.2,0.3,0.7,4,318.3,0
2018-03-19 19:21:16,5,41,20.4,48,2.6,1023.5,1028.4,0.3,0.7,8,318.3,0
2018-03-19 19:26:16,5,41,20.4,48,2.3,1023.8,1028.7,0.3,0.7,8,318.3,0
2018-03-19 19:31:16,5,41,20.3,50,2,1023.6,1028.5,0.7,1,4,318.3,0
2018-03-19 19:36:16,5,41,20.3,52,1.7,1023.7,1028.6,0.7,1.4,4,318.3,0
2018-03-19 19:41:16,5,41,20.3,52,1.8,1023.7,1028.6,0.3,1,2,318.3,0
2018-03-19 19:46:16,5,41,20.2,52,1.9,1023.7,1028.6,0.7,1.4,2,318.3,0
2018-03-19 19:51:16,5,41,20.1,51,2.1,1023.8,1028.7,1,1.7,,318.3,0
2018-03-19 19:56:16,5,41,20.1,52,1.8,1024,1028.9,0.3,1,0,318.3,0
2018-03-19 20:01:16,5,41,20,52,1.5,1024,1028.9,0.3,0.7,4,318.3,0
2018-03-19 20:06:16,5,41,20,52,1.4,1024.1,1029,0.3,0.7,4,318.3,0
2018-03-19 20:11:16,5,42,20,53,1.3,1024,1028.9,0.3,1,,318.3,0
2018-03-19 20:16:16,5,42,20,53,1.1,1024.3,1029.2,0.3,0.7,10,318.3,0
2018-03-19 20:21:16,5,43,19.9,54,0.9,1024.3,1029.2,0,0,10,318.3,0
2018-03-19 20:26:16,5,43,19.9,54,0.6,1024.4,1029.3,0.3,0.7,4,318.3,0
2018-03-19 20:31:16,5,43,19.8,55,0.4,1024.5,1029.4,0,0,4,318.3,0
2018-03-19 20:36:16,5,43,19.8,55,0.2,1024.7,1029.6,2,2.7,14,318.3,0
2018-03-19 20:41:16,5,43,19.8,57,0.2,1024.9,1029.8,1,1.7,14,318.3,0
2018-03-19 20:46:16,5,43,19.8,58,0.2,1024.9,1029.8,0.7,1,0,318.3,0
2018-03-19 20:51:16,5,43,19.8,59,-0.2,1024.9,1029.8,0,0.7,0,318.3,0
2018-03-19 20:56:16,5,43,19.7,59,-0.1,1025.1,1030,1,1.7,14,318.3,0
2018-03-19 21:01:16,5,43,19.7,59,0,1025.1,1030,0,0.7,2,318.3,0
2018-03-19 21:06:16,5,43,19.7,60,-0.2,1025,1029.9,0.3,0.7,4,318.3,0
2018-03-19 21:11:16,5,43,19.7,60,-0.3,1025.1,1030,0,0.3,14,318.3,0
2018-03-19 21:16:16,5,43,19.7,60,-0.6,1025.3,1030.2,0,0.3,0,318.3,0
2018-03-19 21:21:16,5,43,19.7,60,-0.6,1025.3,1030.2,0.3,0.7,2,318.3,0
2018-03-19 21:26:16,5,43,19.7,61,-0.6,1025.5,1030.4,0.3,0.7,2,318.3,0
2018-03-19 21:31:16,5,43,19.7,61,-0.9,1025.7,1030.6,0,0,2,318.3,0
2018-03-19 21:36:16,5,43,19.7,62,-1.1,1025.6,1030.5,0,0.3,,318.3,0
2018-03-19 21:41:16,5,43,19.7,63,-1.3,1025.8,1030.7,0,0.3,4,318.3,0
2018-03-19 21:46:16,5,43,19.7,63,-1.4,1025.9,1030.8,0,0.3,4,318.3,0
2018-03-19 21:51:16,5,43,19.7,64,-1.4,1025.9,1030.8,0,0.3,4,318.3,0
2018-03-19 21:56:16,5,43,19.6,64,-1.4,1025.9,1030.8,0,0,4,318.3,0
2018-03-19 22:01:16,5,43,19.6,64,-1.6,1026,1030.9,0,0,10,318.3,0
2018-03-19 22:06:16,5,43,19.6,64,-1.6,1026.1,1031,0,0,10,318.3,0
2018-03-19 22:11:16,5,43,19.6,64,-1.8,1026.1,1031,0,0,10,318.3,0
2018-03-19 22:16:16,5,43,19.6,64,-1.9,1026.1,1031,0.3,0.7,10,318.3,0
2018-03-19 22:21:16,5,43,19.7,65,-2,1026.4,1031.3,0.3,0.7,10,318.3,0
2018-03-19 22:26:16,5,44,19.7,66,-1.9,1026.3,1031.2,0.3,0.7,10,318.3,0
2018-03-19 22:31:16,5,44,19.8,66,-2,1026.3,1031.2,0,0,10,318.3,0
2018-03-19 22:36:16,5,44,19.9,62,-2.1,1026.3,1031.2,0,0.3,10,318.3,0
2018-03-19 22:41:16,5,43,20,62,-2.2,1026.3,1031.2,0,0,10,318.3,0
2018-03-19 22:46:16,5,43,20,62,-2.2,1026.6,1031.5,0.3,0.7,14,318.3,0
2018-03-19 22:51:16,5,43,20.1,66,-1.8,1026.6,1031.5,0,0,14,318.3,0
2018-03-19 22:56:16,5,43,20.2,66,-1.9,1026.5,1031.4,0,0,14,318.3,0
2018-03-19 23:01:16,5,43,20.2,62,-2.1,1026.5,1031.4,0,0,4,318.3,0
2018-03-19 23:06:16,5,43,20.2,63,-2.2,1026.5,1031.4,0,0.3,4,318.3,0
2018-03-19 23:11:16,5,43,20.2,63,-2.4,1026.7,1031.6,0,0,,318.3,0
2018-03-19 23:16:16,5,43,20.3,63,-2.5,1026.5,1031.4,0,0,10,318.3,0
2018-03-19 23:21:16,5,43,20.2,63,-2.5,1026.7,1031.6,0,0.7,8,318.3,0
2018-03-19 23:26:16,5,43,20.2,64,-2.2,1027,1031.9,0.3,0.7,10,318.3,0
2018-03-19 23:31:16,5,43,20.2,65,-2.1,1026.9,1031.8,0.3,0.7,10,318.3,0
2018-03-19 23:36:16,5,43,20.1,65,-2.1,1026.7,1031.6,0,0,10,318.3,0
2018-03-19 23:41:16,5,43,20,64,-2.3,1026.8,1031.7,0,0,4,318.3,0
2018-03-19 23:46:16,5,43,20,64,-2.5,1026.9,1031.8,0,0,14,318.3,0
2018-03-19 23:51:16,5,44,19.9,64,-2.4,1026.9,1031.8,0,0,14,318.3,0
2018-03-19 23:56:16,5,44,19.9,64,-2.5,1026.9,1031.8,0.3,0.7,4,318.3,0
