2018-03-30 00:01:14,5,51,18.8,76,2.5,991.9,996.8,1.4,2,14,321.3,0
2018-03-30 00:06:14,5,52,18.7,77,2.5,991.8,996.7,1,1.7,15,321.3,0
2018-03-30 00:11:14,5,51,18.7,77,2.6,991.8,996.7,1,1.7,14,321.3,0
2018-03-30 00:16:14,5,51,18.7,77,2.6,991.8,996.7,0.7,1.7,0,321.3,0
2018-03-30 00:21:14,5,51,18.7,77,2.6,991.9,996.8,1.4,1.7,0,321.3,0
2018-03-30 00:26:14,5,51,18.6,77,2.6,991.9,996.8,1.4,2,0,321.3,0
2018-03-30 00:31:14,5,51,18.6,77,2.7,991.9,996.8,1.7,2.7,0,321.3,0
2018-03-30 00:36:14,5,51,18.6,77,2.7,991.9,996.8,1.4,2,0,321.3,0
2018-03-30 00:41:14,5,51,18.6,77,2.7,991.9,996.8,1,1.7,0,321.3,0
2018-03-30 00:46:14,5,51,18.6,77,2.7,991.8,996.7,1.7,2.4,0,321.3,0
2018-03-30 00:51:14,5,51,18.6,77,2.7,991.9,996.8,2.7,3.7,0,321.3,0
2018-03-30 00:56:14,5,51,18.5,77,2.7,991.7,996.6,1.7,2.7,0,321.3,0
2018-03-30 01:01:14,5,51,18.5,77,2.7,991.7,996.6,3.1,3.7,0,321.3,0
2018-03-30 01:06:14,5,51,18.5,77,2.7,991.8,996.7,1.7,2,0,321.3,0
2018-03-30 01:11:14,5,51,18.5,77,2.7,991.6,996.5,2.7,3.7,0,321.3,0
2018-03-30 01:16:14,5,51,18.5,77,2.6,991.6,996.5,2,3.1,0,321.3,0
2018-03-30 01:21:14,5,51,18.5,78,2.6,991.7,996.6,1.7,2.7,0,321.3,0
2018-03-30 01:26:14,5,51,18.4,78,2.6,991.6,996.5,2.4,3.4,0,321.3,0
2018-03-30 01:31:14,5,51,18.4,78,2.6,991.6,996.5,1.7,2.4,0,321.3,0
2018-03-30 01:36:14,5,50,18.4,78,2.6,991.8,996.7,2.7,3.7,0,321.3,0
2018-03-30 01:41:14,5,50,18.4,78,2.6,991.6,996.5,3.1,4.8,0,321.3,0
2018-03-30 01:46:14,5,50,18.4,78,2.6,991.7,996.6,2,3.4,0,321.3,0
2018-03-30 01:51:14,5,50,18.4,78,2.5,991.6,996.5,3.4,4.8,0,321.3,0
2018-03-30 01:56:14,5,50,18.4,78,2.4,991.7,996.6,2.4,3.7,2,321.3,0
2018-03-30 02:01:14,5,50,18.4,78,2.3,991.6,996.5,3.4,4.8,1,321.3,0
2018-03-30 02:06:14,5,50,18.4,77,2.1,991.8,996.7,3.1,4.1,2,321.3,0
2018-03-30 02:11:14,5,50,18.4,77,2,991.7,996.6,3.7,4.8,0,321.3,0
2018-03-30 02:16:14,5,50,18.3,78,1.7,991.9,996.8,3.4,5.1,2,321.3,0
2018-03-30 02:21:14,5,50,18.3,78,1.7,991.8,996.7,2.4,3.4,2,321.3,0
2018-03-30 02:26:14,5,50,18.3,78,1.6,991.9,996.8,3.4,4.8,2,321.3,0
2018-03-30 02:31:14,5,49,18.3,78,1.5,991.9,996.8,2.4,3.4,2,321.3,0
2018-03-30 02:36:14,5,49,18.3,78,1.4,991.8,996.7,2,3.1,0,321.3,0
2018-03-30 02:41:14,5,49,18.3,78,1.4,991.9,996.8,2.7,3.4,2,321.3,0
2018-03-30 02:46:14,5,49,18.2,78,1.4,991.8,996.7,2,3.1,1,321.3,0
2018-03-30 02:51:14,5,49,18.2,78,1.4,991.9,996.8,1.7,2.4,2,321.3,0
2018-03-30 02:56:14,5,49,18.2,78,1.4,991.8,996.7,1.4,1.7,0,321.3,0
2018-03-30 03:01:14,5,49,18.2,78,1.5,991.9,996.8,1,1.7,2,321.3,0
2018-03-30 03:06:14,5,49,18.2,78,1.5,991.9,996.8,1,2,2,321.3,0
2018-03-30 03:11:14,5,49,18.1,78,1.5,991.8,996.7,2,3.1,0,321.3,0
2018-03-30 03:16:14,5,49,18.2,78,1.6,991.8,996.7,1.7,2,0,321.3,0
2018-03-30 03:21:14,5,49,18.2,78,1.6,991.6,996.5,2,2.7,0,321.3,0
2018-03-30 03:26:14,5,49,18.1,78,1.6,991.8,996.7,2.4,3.1,0,321.3,0
2018-03-30 03:31:14,5,49,18.1,79,1.6,991.9,996.8,1.4,2,2,321.3,0
2018-03-30 03:36:14,5,49,18.1,79,1.7,992,996.9,1.4,2,0,321.3,0
2018-03-30 03:41:14,5,49,18.1,79,1.7,991.9,996.8,0.7,1.4,2,321.3,0
2018-03-30 03:46:14,5,49,18.1,79,1.7,991.9,996.8,1,1.4,0,321.3,0
2018-03-30 03:51:14,5,49,18.1,79,1.8,992,996.9,1.7,2.4,0,321.3,0
2018-03-30 03:56:14,5,49,18.1,79,1.8,991.8,996.7,0.7,1.4,2,321.3,0
2018-03-30 04:01:14,5,49,18.1,79,1.8,991.9,996.8,1,1.7,2,321.3,0
2018-03-30 04:06:14,5,49,18.1,79,1.9,991.9,996.8,1,1.7,0,321.3,0
2018-03-30 04:11:14,5,49,18.1,79,1.9,991.9,996.8,1.4,2.4,0,321.3,0
2018-03-30 04:16:14,5,49,18.1,78,2.1,992,996.9,1.4,1.7,2,321.3,0
2018-03-30 04:21:14,5,49,18,78,2.2,991.9,996.8,1.7,2.7,0,321.3,0
2018-03-30 04:26:14,5,48,18,78,2.2,991.8,996.7,1,1.7,2,321.3,0
2018-03-30 04:31:14,5,48,18,78,2.3,991.8,996.7,1,1.7,2,321.3,0
2018-03-30 04:36:14,5,48,18,78,2.3,991.9,996.8,1.4,2,2,321.3,0
2018-03-30 04:41:14,5,48,18,78,2.3,991.9,996.8,1.7,2.4,0,321.3,0
2018-03-30 04:46:14,5,48,18,79,2.4,991.8,996.7,1.4,1.7,0,321.3,0
2018-03-30 04:51:14,5,48,18,79,2.4,991.9,996.8,1.7,2,0,321.3,0
2018-03-30 04:56:14,5,49,17.9,79,2.4,991.9,996.8,0.7,1,0,321.3,0
2018-03-30 05:01:13,5,49,17.9,79,2.3,991.9,996.8,0.7,1,0,321.3,0
2018-03-30 05:06:13,5,49,17.9,79,2.3,992,996.9,0.7,1,0,321.3,0
2018-03-30 05:11:13,5,49,17.9,79,2.3,992.1,997,0.3,1,0,321.3,0
2018-03-30 05:16:13,5,49,17.9,79,2.4,992.2,997.1,1,1.4,0,321.3,0
2018-03-30 05:21:13,5,49,17.9,79,2.4,992.2,997.1,0.7,1,0,321.3,0
2018-03-30 05:26:13,5,49,17.9,79,2.4,992.2,997.1,1,1.4,0,321.3,0
2018-03-30 05:31:13,5,49,17.9,79,2.5,992.3,997.2,0.7,1,2,321.3,0
2018-03-30 05:36:13,5,49,17.9,79,2.6,992.4,997.3,1,1.4,2,321.3,0
2018-03-30 05:41:13,5,49,17.9,79,2.7,992.3,997.2,1,1.7,0,321.3,0
2018-03-30 05:46:13,5,49,17.9,79,2.8,992.4,997.3,1.4,2,1,321.3,0
2018-03-30 05:51:13,5,49,17.9,79,2.9,992.4,997.3,2,3.7,0,321.3,0
2018-03-30 05:56:13,5,49,17.9,79,2.9,992.4,997.3,1.4,2.4,11,321.3,0
2018-03-30 06:01:13,5,49,17.9,83,3,992.5,997.4,2.7,3.4,2,321.3,0
2018-03-30 06:06:13,5,49,17.9,83,3,992.6,997.5,2,2.7,2,321.3,0
2018-03-30 06:11:13,5,49,17.9,83,3,992.7,997.6,3.1,4.8,2,321.3,0
2018-03-30 06:16:13,5,49,17.9,83,3.1,992.7,997.6,2,2.7,2,321.3,0
2018-03-30 06:21:13,5,49,17.9,83,3.1,992.7,997.6,2,2.7,2,321.3,0
2018-03-30 06:26:13,5,49,17.9,83,3,992.6,997.5,3.1,4.1,2,321.3,0
2018-03-30 06:31:13,5,49,17.9,83,3,992.9,997.8,2.4,3.7,2,321.3,0
2018-03-30 06:36:13,5,49,17.9,83,3,992.8,997.7,2.7,4.1,2,321.3,0
2018-03-30 06:41:13,5,49,17.9,83,3,992.9,997.8,2,3.4,2,321.3,0
2018-03-30 06:46:13,5,49,17.9,83,3,992.9,997.8,2,2.7,2,321.3,0
2018-03-30 06:51:13,5,49,17.9,83,3,992.9,997.8,3.1,4.4,0,321.3,0
2018-03-30 06:56:13,5,49,17.8,83,3,993.1,998,2.4,3.7,2,321.3,0
2018-03-30 07:01:13,5,49,17.9,83,3,993.1,998,3.1,5.4,0,321.3,0
2018-03-30 07:06:13,5,48,17.8,82,3,993.1,998,3.1,4.4,2,321.3,0
2018-03-30 07:11:13,5,48,17.8,82,3,993.2,998.1,3.7,5.4,15,321.3,0
2018-03-30 07:16:13,5,48,17.8,82,3.1,993.3,998.2,3.1,4.4,1,321.3,0
2018-03-30 07:21:13,5,48,17.8,82,3.1,993.4,998.3,2.4,4.1,2,321.3,0
2018-03-30 07:26:13,5,48,17.8,82,3.1,993.4,998.3,3.7,5.1,0,321.3,0
2018-03-30 07:31:13,5,48,17.8,82,3.2,993.4,998.3,4.1,6.5,2,321.3,0
2018-03-30 07:36:13,5,48,17.8,82,3.2,993.7,998.6,3.7,4.8,15,321.3,0
2018-03-30 07:41:13,5,49,17.8,82,3.2,993.6,998.5,2.7,4.1,2,321.3,0
2018-03-30 07:46:13,5,49,17.9,82,3.3,993.6,998.5,3.7,5.1,0,321.3,0
2018-03-30 07:51:13,5,49,17.8,81,3.3,993.6,998.5,2,2.7,2,321.3,0
2018-03-30 07:56:13,5,49,17.9,81,3.4,993.6,998.5,2,3.1,0,321.3,0
2018-03-30 08:01:13,5,49,17.9,81,3.4,994,998.9,3.4,4.8,2,321.3,0
2018-03-30 08:06:13,5,49,17.9,81,3.4,993.8,998.7,3.1,4.8,2,321.3,0
2018-03-30 08:11:13,5,50,17.9,81,3.4,994,998.9,3.1,4.1,0,321.3,0
2018-03-30 08:16:13,5,50,18,81,3.5,994.1,999,4.4,5.8,0,321.3,0
2018-03-30 08:21:13,5,50,18,81,3.5,993.9,998.8,2.7,5.1,0,321.3,0
2018-03-30 08:26:13,5,50,18.1,81,3.5,994.2,999.1,3.1,4.4,0,321.3,0
2018-03-30 08:31:13,5,50,18,81,3.5,994.2,999.1,3.7,5.4,2,321.3,0
2018-03-30 08:36:13,5,50,18,81,3.5,994.2,999.1,3.7,6.1,0,321.3,0
2018-03-30 08:41:14,5,50,18.1,81,3.5,994.2,999.1,2.7,3.7,2,321.3,0
2018-03-30 08:46:14,5,50,18.1,81,3.6,994.1,999,3.7,5.1,2,321.3,0
2018-03-30 08:51:14,5,50,18.1,81,3.7,994.2,999.1,2.7,3.4,1,321.3,0
2018-03-30 08:56:14,5,50,18.2,81,3.8,994,998.9,4.1,5.8,0,321.3,0
2018-03-30 09:01:14,5,50,18.2,80,3.9,994.1,999,4.1,5.1,2,321.3,0
2018-03-30 09:06:14,5,50,18.2,79,4,994.2,999.1,2.7,4.1,2,321.3,0
2018-03-30 09:11:14,5,51,18.2,79,4,994.2,999.1,3.4,4.4,2,321.3,0
2018-03-30 09:16:14,5,51,18.3,79,4,994.4,999.3,2.4,4.4,0,321.3,0
2018-03-30 09:21:14,5,51,18.3,79,4.1,994.2,999.1,2.7,4.4,0,321.3,0
2018-03-30 09:26:14,5,51,18.3,79,4.2,994.3,999.2,2.7,4.4,2,321.3,0
2018-03-30 09:31:14,5,51,18.3,78,4.2,994.4,999.3,4.1,6.1,2,321.3,0
2018-03-30 09:36:14,5,51,18.4,78,4.2,994.4,999.3,4.1,6.8,4,321.3,0
2018-03-30 09:41:14,5,51,18.4,78,4.4,994.6,999.5,2.7,4.1,2,321.3,0
2018-03-30 09:46:14,5,51,18.4,78,4.5,994.5,999.4,3.1,4.4,2,321.3,0
2018-03-30 09:51:14,5,51,18.4,77,4.6,994.6,999.5,3.7,6.1,2,321.3,0
2018-03-30 09:56:14,5,51,18.4,77,4.6,994.7,999.6,4.1,5.8,2,321.3,0
2018-03-30 10:01:14,5,51,18.4,76,4.5,994.7,999.6,4.4,6.5,2,321.3,0
2018-03-30 10:06:14,5,51,18.4,76,4.7,994.8,999.7,4.8,6.1,1,321.3,0
2018-03-30 10:11:14,5,51,18.4,76,5.1,994.8,999.7,3.1,4.1,2,321.3,0
2018-03-30 10:16:14,5,51,18.5,76,5.5,994.8,999.7,3.4,4.8,2,321.3,0
2018-03-30 10:21:14,5,51,18.5,75,5.3,994.8,999.7,2.4,3.7,2,321.3,0
2018-03-30 10:26:14,5,50,18.6,74,5.2,995.1,1000,3.7,5.4,2,321.3,0
2018-03-30 10:31:14,5,50,18.6,75,5.3,995.3,1000.2,3.4,4.8,2,321.3,0
2018-03-30 10:36:14,5,50,18.6,75,5.4,995.2,1000.1,4.1,6.8,0,321.3,0
2018-03-30 10:41:14,5,50,18.6,75,5.6,995.1,1000,6.5,8.5,2,321.3,0
2018-03-30 10:46:14,5,50,18.6,73,5.5,995.2,1000.1,4.1,5.1,,321.3,0
2018-03-30 10:51:14,5,50,18.7,73,5.8,995.1,1000,5.1,7.5,0,321.3,0
2018-03-30 10:56:14,5,50,18.7,73,5.6,995.4,1000.3,4.8,7.1,2,321.3,0
2018-03-30 11:01:14,5,49,18.6,73,5.4,995.3,1000.2,4.1,6.5,2,321.3,0
2018-03-30 11:06:14,5,50,18.7,73,5.4,995.4,1000.3,3.7,4.8,2,321.3,0
2018-03-30 11:11:14,5,50,18.7,73,5.5,995.3,1000.2,3.7,4.8,0,321.3,0
2018-03-30 11:16:14,5,50,18.7,73,5.9,995.4,1000.3,4.4,5.8,2,321.3,0
2018-03-30 11:21:14,5,51,18.7,72,5.8,995.4,1000.3,3.1,4.4,0,321.3,0
2018-03-30 11:26:14,5,51,18.7,72,5.7,995.6,1000.5,3.7,6.1,2,321.3,0
2018-03-30 11:31:14,5,51,18.7,71,5.6,995.4,1000.3,3.7,5.1,1,321.3,0
2018-03-30 11:36:14,5,51,18.7,71,5.6,995.5,1000.4,2,2.7,2,321.3,0
2018-03-30 11:41:14,5,51,18.7,71,5.6,995.7,1000.6,3.4,4.4,2,321.3,0
2018-03-30 11:46:14,5,51,18.7,70,5.7,995.5,1000.4,3.4,5.4,0,321.3,0
2018-03-30 11:51:14,5,49,18.6,70,5.8,995.5,1000.4,3.4,4.8,2,321.3,0
2018-03-30 11:56:14,5,49,18.6,70,6,995.7,1000.6,3.1,4.4,0,321.3,0
2018-03-30 12:01:14,5,48,18.6,68,6,995.4,1000.3,4.1,5.8,2,321.3,0
2018-03-30 12:06:14,5,48,18.6,70,5.9,995.4,1000.3,4.1,6.5,0,321.3,0
2018-03-30 12:11:14,5,49,18.6,69,6.1,995.6,1000.5,5.4,7.1,10,321.3,0
2018-03-30 12:16:14,5,49,18.6,68,6.1,995.5,1000.4,5.8,8.2,0,321.3,0
2018-03-30 12:21:14,5,49,18.6,69,6.5,995.7,1000.6,4.8,5.4,4,321.3,0
2018-03-30 12:26:14,5,49,18.7,66,6.6,995.7,1000.6,4.8,7.1,0,321.3,0
2018-03-30 12:31:14,5,49,18.6,64,6.2,995.9,1000.8,4.8,6.5,12,321.3,0
2018-03-30 12:36:14,5,49,18.6,63,6.1,995.8,1000.7,4.8,7.5,2,321.3,0
2018-03-30 12:41:14,5,50,18.7,63,6.2,995.6,1000.5,6.1,9.5,2,321.3,0
2018-03-30 12:46:14,5,50,18.7,62,7.2,995.5,1000.4,4.8,7.8,0,321.3,0
2018-03-30 12:51:14,5,50,18.7,61,7.3,995.7,1000.6,4.4,6.1,2,321.3,0
2018-03-30 12:56:14,5,50,18.7,60,7.5,995.6,1000.5,5.4,9.9,0,321.3,0
2018-03-30 13:01:14,5,50,18.8,58,7.9,995.7,1000.6,5.1,7.5,2,321.3,0
2018-03-30 13:06:14,5,50,18.8,55,7.9,995.7,1000.6,4.4,6.5,2,321.3,0
2018-03-30 13:11:14,5,50,18.8,55,7.5,995.7,1000.6,4.8,6.8,15,321.3,0
2018-03-30 13:16:14,5,49,18.9,57,7.2,995.8,1000.7,5.1,7.5,2,321.3,0
2018-03-30 13:21:14,5,49,18.9,59,7.2,995.9,1000.8,4.8,6.5,2,321.3,0
2018-03-30 13:26:14,5,49,18.9,57,7.2,995.9,1000.8,5.1,8.8,0,321.3,0
2018-03-30 13:31:14,5,49,18.9,59,6.9,995.8,1000.7,4.1,5.8,2,321.3,0
2018-03-30 13:36:14,5,49,18.9,59,7.1,995.8,1000.7,3.7,5.8,2,321.3,0
2018-03-30 13:41:14,5,49,18.9,58,7.3,995.6,1000.5,5.1,6.5,2,321.3,0
2018-03-30 13:46:14,5,49,18.9,58,7.1,995.8,1000.7,2.7,4.1,1,321.3,0
2018-03-30 13:51:14,5,49,18.9,59,7.4,995.7,1000.6,4.4,5.1,0,321.3,0
2018-03-30 13:56:14,5,49,18.9,58,7.6,995.9,1000.8,4.1,6.1,0,321.3,0
2018-03-30 14:01:14,5,49,18.9,58,7.3,995.8,1000.7,6.1,9.2,0,321.3,0
2018-03-30 14:06:14,5,49,18.9,60,6.6,995.7,1000.6,4.4,6.5,0,321.3,0
2018-03-30 14:11:14,5,49,18.8,62,6.4,995.9,1000.8,3.4,5.4,0,321.3,0
2018-03-30 14:16:14,5,49,18.8,62,6.5,995.9,1000.8,3.7,5.1,0,321.3,0
2018-03-30 14:21:14,5,49,18.8,62,6.7,995.8,1000.7,1.7,2.7,14,321.3,0
2018-03-30 14:26:14,5,49,18.8,61,7,995.8,1000.7,2.7,4.8,0,321.3,0
2018-03-30 14:31:14,5,49,18.7,59,6.8,995.8,1000.7,5.4,7.8,2,321.3,0
2018-03-30 14:36:14,5,49,18.7,59,6.8,995.8,1000.7,4.8,7.5,0,321.3,0
2018-03-30 14:41:14,5,49,18.7,59,6.9,995.8,1000.7,5.1,6.1,0,321.3,0
2018-03-30 14:46:14,5,49,18.7,58,7.1,995.8,1000.7,4.8,6.8,4,321.3,0
2018-03-30 14:51:14,5,50,18.7,58,7.2,995.9,1000.8,3.4,5.4,2,321.3,0
2018-03-30 14:56:14,5,50,18.7,58,7,995.9,1000.8,4.4,5.8,0,321.3,0
2018-03-30 15:01:14,5,50,18.7,59,6.7,996,1000.9,4.1,5.8,2,321.3,0
2018-03-30 15:06:14,5,50,18.8,60,6.7,996,1000.9,3.1,4.8,10,321.3,0
2018-03-30 15:11:14,5,50,18.8,60,6.7,996,1000.9,5.4,6.5,0,321.3,0
2018-03-30 15:16:14,5,50,18.9,60,6.9,996,1000.9,3.4,4.8,0,321.3,0
2018-03-30 15:21:14,5,50,18.9,59,6.9,996,1000.9,6.8,9.2,0,321.3,0
2018-03-30 15:26:14,5,49,19,59,6.7,996.1,1001,4.1,5.4,0,321.3,0
2018-03-30 15:31:14,5,49,19.1,60,6.7,996.2,1001.1,4.8,5.4,0,321.3,0
2018-03-30 15:36:14,5,49,19.2,61,6.6,996.1,1001,2.4,3.4,2,321.3,0
2018-03-30 15:41:14,5,49,19.2,61,6.6,996.1,1001,4.8,6.5,0,321.3,0
2018-03-30 15:46:14,5,49,19.3,61,6.7,996,1000.9,2.4,3.4,2,321.3,0
2018-03-30 15:51:14,5,49,19.3,60,7,995.9,1000.8,3.4,6.1,0,321.3,0
2018-03-30 15:56:13,5,49,19.4,58,7.1,996,1000.9,2.7,4.4,2,321.3,0
2018-03-30 16:01:13,5,49,19.5,57,7.2,995.9,1000.8,5.4,7.1,0,321.3,0
2018-03-30 16:06:13,5,48,19.5,56,7,996.1,1001,3.4,4.8,2,321.3,0
2018-03-30 16:11:13,5,48,19.6,59,7.2,996,1000.9,3.4,5.1,0,321.3,0
2018-03-30 16:16:13,5,48,19.6,60,7.3,996.1,1001,4.4,6.8,1,321.3,0
2018-03-30 16:21:13,5,48,19.7,58,7.1,996.1,1001,3.1,4.4,2,321.3,0
2018-03-30 16:26:13,5,48,19.8,59,7.1,995.8,1000.7,3.1,4.4,1,321.3,0
2018-03-30 16:31:13,5,49,19.8,57,7.9,996.1,1001,4.4,6.8,0,321.3,0
2018-03-30 16:36:13,5,48,19.9,55,7.4,996.2,1001.1,5.4,7.1,0,321.3,0
2018-03-30 16:41:13,5,47,20,57,7,996.2,1001.1,5.1,8.8,14,321.3,0
2018-03-30 16:46:13,5,47,20,59,6.8,996.1,1001,4.8,6.8,2,321.3,0
2018-03-30 16:51:13,5,47,20,59,6.9,996.2,1001.1,3.4,5.1,2,321.3,0
2018-03-30 16:56:13,5,47,20.1,59,6.8,996.2,1001.1,3.7,5.1,0,321.3,0
2018-03-30 17:01:13,5,46,20.1,59,6.6,996.4,1001.3,4.8,7.1,4,321.3,0
2018-03-30 17:06:13,5,46,20.1,59,6.5,996.3,1001.2,3.4,4.1,0,321.3,0
2018-03-30 17:11:13,5,46,20.1,60,6.5,996.4,1001.3,5.1,6.8,1,321.3,0
2018-03-30 17:16:13,5,46,20.1,61,6.4,996.3,1001.2,3.7,5.8,0,321.3,0
2018-03-30 17:21:13,5,44,20.1,62,6.8,996.5,1001.4,3.4,4.8,11,321.3,0
2018-03-30 17:26:13,5,43,20,61,6.5,996.6,1001.5,3.4,4.4,0,321.3,0
2018-03-30 17:31:13,5,44,20,61,6.3,996.8,1001.7,4.1,5.4,0,321.3,0
2018-03-30 17:36:13,5,44,20,61,6.3,996.6,1001.5,2.7,4.1,0,321.3,0
2018-03-30 17:41:13,5,44,20,61,6.5,996.6,1001.5,2.4,3.1,2,321.3,0
2018-03-30 17:46:13,5,44,20,61,6.8,996.6,1001.5,3.4,4.8,0,321.3,0
2018-03-30 17:51:13,5,44,20.1,60,6.7,995.9,1000.8,3.1,4.4,2,321.3,0
2018-03-30 17:56:13,5,45,20.3,59,6.8,996.7,1001.6,4.1,6.1,2,321.3,0
2018-03-30 18:01:13,5,44,20.4,59,6.4,996.8,1001.7,3.1,4.8,0,321.3,0
2018-03-30 18:06:13,5,44,20.4,61,6.2,997,1001.9,3.1,4.1,0,321.3,0
2018-03-30 18:11:13,5,44,20.3,62,6.1,996.9,1001.8,2.4,3.4,4,321.3,0
2018-03-30 18:16:13,5,44,20.2,62,6,997,1001.9,3.4,4.1,0,321.3,0
2018-03-30 18:21:13,5,44,20.1,62,6,997.1,1002,2.4,3.7,2,321.3,0
2018-03-30 18:26:13,5,44,20.1,63,5.9,997.2,1002.1,2.7,4.1,0,321.3,0
2018-03-30 18:31:13,5,45,20,64,5.9,997.3,1002.2,1.4,2.7,0,321.3,0
2018-03-30 18:36:13,5,45,20,64,5.8,997.3,1002.2,2,3.1,0,321.3,0
2018-03-30 18:41:13,5,45,20,64,5.8,997.4,1002.3,2,3.4,0,321.3,0
2018-03-30 18:46:13,5,46,19.9,64,5.7,997.4,1002.3,2,2.4,0,321.3,0
2018-03-30 18:51:13,5,47,19.9,64,5.6,997.5,1002.4,2.4,3.4,0,321.3,0
2018-03-30 18:56:13,5,47,19.8,65,5.6,997.6,1002.5,1.7,3.1,0,321.3,0
2018-03-30 19:01:13,5,47,19.8,65,5.6,997.5,1002.4,2.7,4.1,0,321.3,0
2018-03-30 19:06:13,5,47,19.8,65,5.5,997.7,1002.6,2.4,4.1,2,321.3,0
2018-03-30 19:11:13,5,47,19.8,65,5.5,997.8,1002.7,2,2.7,0,321.3,0
2018-03-30 19:16:13,5,47,19.7,65,5.4,997.9,1002.8,1.7,2,0,321.3,0
2018-03-30 19:21:13,5,48,19.8,65,5.4,997.8,1002.7,2.4,3.1,0,321.3,0
2018-03-30 19:26:13,5,48,19.8,65,5.3,997.9,1002.8,2.4,3.4,0,321.3,0
2018-03-30 19:31:13,5,48,19.8,66,5.2,998,1002.9,1.4,2,0,321.3,0
2018-03-30 19:36:13,5,49,19.8,66,5.2,998,1002.9,1.4,2,0,321.3,0
2018-03-30 19:41:13,5,49,19.8,66,5.1,998,1002.9,0.7,1,14,321.3,0
2018-03-30 19:46:13,5,49,19.8,66,5.1,998.3,1003.2,0.7,1,0,321.3,0
2018-03-30 19:51:13,5,50,19.9,67,5.1,998,1002.9,1.4,1.7,0,321.3,0
2018-03-30 19:56:13,5,50,19.9,67,5,998.1,1003,1.4,2,0,321.3,0
2018-03-30 20:01:13,5,50,19.9,67,5,998,1002.9,1.7,2.4,0,321.3,0
2018-03-30 20:06:13,5,50,19.9,67,5,998.2,1003.1,1.4,2,0,321.3,0
2018-03-30 20:11:13,5,50,19.9,67,5,998.1,1003,1.7,2.4,0,321.3,0
2018-03-30 20:16:13,5,50,19.9,66,5.1,998.2,1003.1,1.7,2.7,0,321.3,0
2018-03-30 20:21:13,5,49,20,66,5,998.3,1003.2,1.4,2,11,321.3,0
2018-03-30 20:26:13,5,50,20,67,5,998.3,1003.2,1.4,2,0,321.3,0
2018-03-30 20:31:13,5,50,20,67,5,998.4,1003.3,1.4,1.7,14,321.3,0
2018-03-30 20:36:13,5,50,20,68,4.9,998.3,1003.2,1,1.4,0,321.3,0
2018-03-30 20:41:13,5,50,20,68,4.9,998.4,1003.3,1,1.7,2,321.3,0
2018-03-30 20:46:13,5,50,20,68,4.7,998.4,1003.3,1,1.4,0,321.3,0
2018-03-30 20:51:13,5,50,20.1,68,4.6,998.4,1003.3,1,1.7,14,321.3,0
2018-03-30 20:56:13,5,50,20.1,69,4.4,998.5,1003.4,1,1.4,14,321.3,0
2018-03-30 21:01:13,5,50,20.1,70,4.2,998.6,1003.5,1.4,2,14,321.3,0
2018-03-30 21:06:13,5,50,20.1,70,4,998.6,1003.5,1,1.7,14,321.3,0
2018-03-30 21:11:13,5,50,20.1,71,3.9,998.5,1003.4,1.7,2,14,321.3,0
2018-03-30 21:16:13,5,50,20.1,72,3.8,998.6,1003.5,1.7,2.4,14,321.3,0
2018-03-30 21:21:13,5,50,20.1,72,3.6,998.9,1003.8,1.4,2,14,321.3,0
2018-03-30 21:26:13,5,50,20.1,72,3.5,998.7,1003.6,1.4,2,14,321.3,0
2018-03-30 21:31:13,5,50,20.1,72,3.4,998.8,1003.7,1.4,2,14,321.3,0
2018-03-30 21:36:13,5,50,20.1,72,3.4,998.9,1003.8,1.4,1.7,14,321.3,0
2018-03-30 21:41:13,5,50,20.1,72,3.3,998.8,1003.7,1.4,2.7,14,321.3,0
2018-03-30 21:46:13,5,50,20.1,72,3.2,998.8,1003.7,0.7,1,0,321.3,0
2018-03-30 21:51:13,5,50,20.1,68,2.9,999,1003.9,1,1.4,0,321.3,0
2018-03-30 21:56:13,5,50,20.1,68,2.7,998.9,1003.8,1.4,2,,321.3,0
2018-03-30 22:01:13,5,50,20.1,69,2.8,998.8,1003.7,1,1.7,0,321.3,0
2018-03-30 22:06:13,5,50,20.1,70,2.8,998.9,1003.8,1,2,0,321.3,0
2018-03-30 22:11:13,5,50,20.1,70,2.8,999,1003.9,1.4,2,14,321.3,0
2018-03-30 22:16:13,5,50,20.1,71,2.7,998.9,1003.8,1.7,2.4,14,321.3,0
2018-03-30 22:21:13,5,50,20.1,71,2.7,999.1,1004,1.7,2.4,15,321.3,0
2018-03-30 22:26:13,5,50,20.1,71,2.8,999.3,1004.2,1.4,2.7,14,321.3,0
2018-03-30 22:31:13,5,50,20.1,71,2.9,999,1003.9,2,3.1,14,321.3,0
2018-03-30 22:36:13,5,50,20.1,76,3,999.2,1004.1,2,2.4,14,321.3,0
2018-03-30 22:41:13,5,50,20.1,76,3.1,999.1,1004,2,3.1,14,321.3,0
2018-03-30 22:46:13,5,50,20.1,76,3.1,999.1,1004,2,2.7,0,321.3,0
2018-03-30 22:51:13,5,50,20.1,76,3.1,999.1,1004,1.7,2,14,321.3,0
2018-03-30 22:56:13,5,50,20.1,76,3.1,999.1,1004,2,2.4,14,321.3,0
2018-03-30 23:01:13,5,50,20.1,76,3.1,999.2,1004.1,1.7,2.4,14,321.3,0
2018-03-30 23:06:13,5,50,20,76,3.2,999.2,1004.1,1.7,2.7,14,321.3,0
2018-03-30 23:11:13,5,50,20,76,3.2,999.3,1004.2,1.7,2.4,14,321.3,0
2018-03-30 23:16:13,5,50,20,76,3.2,999.2,1004.1,2,3.1,14,321.3,0
2018-03-30 23:21:13,5,50,20,76,3.4,999.3,1004.2,2.4,3.7,14,321.3,0
2018-03-30 23:26:13,5,50,20,76,3.4,999.1,1004,1.7,2.4,14,321.3,0
2018-03-30 23:31:13,5,50,20,76,3.5,999.4,1004.3,2,3.1,14,321.3,0
2018-03-30 23:36:13,5,50,20,76,3.5,999.3,1004.2,2,2.7,14,321.3,0
2018-03-30 23:41:13,5,50,20,76,3.4,999.4,1004.3,1,1.7,14,321.3,0
2018-03-30 23:46:13,5,50,20,76,3.4,999.5,1004.4,1.7,2.4,14,321.3,0
2018-03-30 23:51:13,5,50,20,76,3.3,999.5,1004.4,2,3.1,14,321.3,0
2018-03-30 23:56:13,5,50,20,76,3.3,999.5,1004.4,1.4,2,0,321.3,0
