2018-03-13 00:00:17,5,48,21.2,71,2.8,1000.6,1005.5,1,1.7,2,310.8,0
2018-03-13 00:05:17,5,48,21.2,71,2.9,1000.7,1005.6,1.7,2,10,310.8,0
2018-03-13 00:10:17,5,48,21.2,71,2.9,1000.7,1005.6,1,1.7,10,310.8,0
2018-03-13 00:15:17,5,48,21.2,71,2.9,1000.7,1005.6,1,1.7,8,310.8,0
2018-03-13 00:20:17,5,48,21.2,75,3,1000.7,1005.6,1,1.4,8,310.8,0
2018-03-13 00:25:17,5,48,21.2,75,3.1,1000.6,1005.5,1.4,2,8,310.8,0
2018-03-13 00:30:17,5,48,21.1,74,3.1,1000.6,1005.5,0.7,1,8,310.8,0
2018-03-13 00:35:17,5,48,21,75,3.1,1000.8,1005.7,1,1.7,10,310.8,0
2018-03-13 00:40:17,5,48,21,75,3.1,1000.8,1005.7,1,1.4,9,310.8,0
2018-03-13 00:45:17,5,49,20.9,75,3.1,1000.9,1005.8,1,1.7,10,310.8,0
2018-03-13 00:50:17,5,49,20.8,75,3.1,1000.8,1005.7,1.4,1.7,10,310.8,0
2018-03-13 00:55:17,5,49,20.7,75,3.1,1000.7,1005.6,1,1.4,10,310.8,0
2018-03-13 01:00:17,5,49,20.6,75,3,1000.8,1005.7,1,1.7,8,310.8,0
2018-03-13 01:05:17,5,49,20.6,71,2.9,1000.8,1005.7,1,1.4,10,310.8,0
2018-03-13 01:10:17,5,49,20.5,71,2.8,1000.9,1005.8,1.4,1.7,10,310.8,0
2018-03-13 01:15:17,5,49,20.4,71,2.7,1000.8,1005.7,0.7,1,10,310.8,0
2018-03-13 01:20:17,5,49,20.4,71,2.5,1001.1,1006,0.3,0.7,8,310.8,0
2018-03-13 01:25:17,5,49,20.3,71,2.4,1001,1005.9,1,1.4,10,310.8,0
2018-03-13 01:30:17,5,49,20.3,71,2.3,1001.1,1006,1,1.4,9,310.8,0
2018-03-13 01:35:17,5,49,20.2,71,2.2,1000.9,1005.8,0.7,1,8,310.8,0
2018-03-13 01:40:17,5,49,20.2,72,2.1,1000.9,1005.8,1,1.4,10,310.8,0
2018-03-13 01:45:17,5,49,20.1,72,2,1001,1005.9,0.7,0.7,10,310.8,0
2018-03-13 01:50:17,5,49,20.1,73,1.9,1001,1005.9,0.7,1,10,310.8,0
2018-03-13 01:55:17,5,49,20,72,2,1001.1,1006,1.4,1.7,8,310.8,0
2018-03-13 02:00:17,5,49,20,72,2.1,1001.2,1006.1,1.4,2,10,310.8,0
2018-03-13 02:05:17,5,49,20,72,2.1,1001.2,1006.1,1.7,2,10,310.8,0
2018-03-13 02:10:17,5,50,19.9,73,1.9,1001.2,1006.1,1,1.7,10,310.8,0
2018-03-13 02:15:17,5,50,19.8,73,1.8,1001.1,1006,0,0.7,10,310.8,0
2018-03-13 02:20:17,5,50,19.8,73,1.6,1001.1,1006,0,0.3,,310.8,0
2018-03-13 02:25:17,5,50,19.8,73,1.7,1001,1005.9,0.3,0.7,10,310.8,0
2018-03-13 02:30:17,5,50,19.7,73,1.8,1001,1005.9,0.3,0.7,10,310.8,0
2018-03-13 02:35:17,5,50,19.7,73,1.8,1001.1,1006,0,0.3,8,310.8,0
2018-03-13 02:40:17,5,50,19.7,73,1.8,1001.1,1006,0.7,1,10,310.8,0
2018-03-13 02:45:17,5,50,19.6,74,1.8,1001,1005.9,0.7,1,10,310.8,0
2018-03-13 02:50:17,5,50,19.6,74,1.7,1001.1,1006,0.7,1,10,310.8,0
2018-03-13 02:55:17,5,49,19.6,74,1.6,1001.1,1006,0.7,1,10,310.8,0
2018-03-13 03:00:17,5,49,19.5,74,1.6,1001.2,1006.1,0.7,1,8,310.8,0
2018-03-13 03:05:17,5,49,19.5,74,1.5,1001,1005.9,0.7,1,10,310.8,0
2018-03-13 03:10:17,5,49,19.5,74,1.5,1001.1,1006,0.3,0.7,10,310.8,0
2018-03-13 03:15:17,5,49,19.5,74,1.5,1001.2,1006.1,0.3,0.7,10,310.8,0
2018-03-13 03:20:17,5,49,19.4,74,1.5,1001.3,1006.2,1,1.4,10,310.8,0
2018-03-13 03:25:17,5,49,19.4,74,1.5,1001.2,1006.1,1,1.4,8,310.8,0
2018-03-13 03:30:17,5,49,19.3,74,1.6,1001.2,1006.1,1,1.7,10,310.8,0
2018-03-13 03:35:17,5,49,19.3,74,1.6,1001.1,1006,1,1.4,10,310.8,0
2018-03-13 03:40:17,5,49,19.3,74,1.5,1001.2,1006.1,0.3,1,10,310.8,0
2018-03-13 03:45:17,5,49,19.3,74,1.5,1001.2,1006.1,0.7,1,10,310.8,0
2018-03-13 03:50:17,5,49,19.2,74,1.5,1001.2,1006.1,0.7,1,10,310.8,0
2018-03-13 03:55:17,5,49,19.2,74,1.6,1001.2,1006.1,0.7,1,10,310.8,0
2018-03-13 04:00:17,5,49,19.2,74,1.8,1001.3,1006.2,1,1.4,10,310.8,0
2018-03-13 04:05:17,5,49,19.1,73,2,1001.2,1006.1,1,1.7,10,310.8,0
2018-03-13 04:10:17,5,49,19.1,73,2.1,1001.3,1006.2,0.7,1,10,310.8,0
2018-03-13 04:15:17,5,49,19.1,73,2.1,1001.3,1006.2,0.7,1,10,310.8,0
2018-03-13 04:20:17,5,49,19.1,73,2.1,1001.3,1006.2,0.7,1,10,310.8,0
2018-03-13 04:25:17,5,49,19,73,2.1,1001.4,1006.3,0.7,1.4,8,310.8,0
2018-03-13 04:30:17,5,49,19,73,2.2,1001.1,1006,0.7,1.4,10,310.8,0
2018-03-13 04:35:17,5,49,19,73,2.3,1001.2,1006.1,0.7,1.4,10,310.8,0
2018-03-13 04:40:17,5,49,19,72,2.3,1001.3,1006.2,1,1.4,8,310.8,0
2018-03-13 04:45:17,5,49,19,72,2.2,1001.3,1006.2,0.7,1.4,10,310.8,0
2018-03-13 04:50:17,5,50,18.9,72,2.2,1001.3,1006.2,0.7,1,10,310.8,0
2018-03-13 04:55:17,5,50,18.9,72,2.2,1001.3,1006.2,0.3,1,10,310.8,0
2018-03-13 05:00:17,5,50,18.9,72,2.2,1001.3,1006.2,0,0.3,15,310.8,0
2018-03-13 05:05:17,5,50,18.9,72,2.1,1001.3,1006.2,0,0.7,10,310.8,0
2018-03-13 05:10:17,5,50,18.8,72,2,1001.5,1006.4,0.3,1,4,310.8,0
2018-03-13 05:15:17,5,50,18.8,73,1.9,1001.4,1006.3,0.3,0.7,10,310.8,0
2018-03-13 05:20:17,5,50,18.7,73,1.9,1001.5,1006.4,0.3,1,8,310.8,0
2018-03-13 05:25:17,5,50,18.8,74,1.9,1001.4,1006.3,1,1.7,10,310.8,0
2018-03-13 05:30:17,5,50,18.8,73,2,1001.3,1006.2,0.7,1,10,310.8,0
2018-03-13 05:35:17,5,50,18.8,74,1.8,1001.3,1006.2,0.3,0.7,10,310.8,0
2018-03-13 05:40:17,5,50,18.7,74,1.8,1001.5,1006.4,1,1.7,9,310.8,0
2018-03-13 05:45:17,5,50,18.7,74,1.8,1001.5,1006.4,1.4,1.7,10,310.8,0
2018-03-13 05:50:17,5,50,18.7,74,1.9,1001.5,1006.4,2,2.4,10,310.8,0
2018-03-13 05:55:17,5,50,18.7,74,1.9,1001.6,1006.5,1.4,1.7,10,310.8,0
2018-03-13 06:00:17,5,50,18.7,74,1.9,1001.5,1006.4,0.7,1.4,10,310.8,0
2018-03-13 06:05:17,5,50,18.7,74,1.8,1001.6,1006.5,0.3,1,10,310.8,0
2018-03-13 06:10:17,5,50,18.6,74,1.6,1001.5,1006.4,0,0.3,2,310.8,0
2018-03-13 06:15:17,5,50,18.7,74,1.4,1001.7,1006.6,0,0.3,4,310.8,0
2018-03-13 06:20:17,5,50,18.6,74,1.3,1001.7,1006.6,0,0.3,10,310.8,0
2018-03-13 06:25:17,5,50,18.6,74,1.3,1001.7,1006.6,0.3,1,10,310.8,0
2018-03-13 06:30:17,5,50,18.6,74,1.3,1001.8,1006.7,0.3,0.7,10,310.8,0
2018-03-13 06:35:17,5,50,18.6,74,1.2,1001.9,1006.8,0.3,0.7,10,310.8,0
2018-03-13 06:40:17,5,50,18.6,74,1.1,1001.8,1006.7,0.3,1,8,310.8,0
2018-03-13 06:45:17,5,50,18.6,74,1.1,1001.9,1006.8,0.3,0.7,10,310.8,0
2018-03-13 06:50:17,5,50,18.6,74,1.2,1001.9,1006.8,0.3,0.7,10,310.8,0
2018-03-13 06:55:17,5,50,18.6,74,1.2,1001.9,1006.8,0.3,1,8,310.8,0
2018-03-13 07:00:17,5,50,18.6,74,1.2,1001.8,1006.7,0,0.3,10,310.8,0
2018-03-13 07:05:17,5,50,18.6,74,1.1,1001.8,1006.7,0,0,4,310.8,0
2018-03-13 07:10:17,5,50,18.6,74,1,1001.7,1006.6,0,0,0,310.8,0
2018-03-13 07:15:17,5,50,18.6,75,1.2,1001.7,1006.6,0.3,1,12,310.8,0
2018-03-13 07:20:17,5,50,18.6,75,1.5,1001.7,1006.6,0,0.3,12,310.8,0
2018-03-13 07:25:17,5,50,18.6,75,1.8,1001.8,1006.7,0,0.3,10,310.8,0
2018-03-13 07:30:17,5,50,18.5,74,2.1,1001.9,1006.8,0.3,0.7,10,310.8,0
2018-03-13 07:35:17,5,50,18.5,74,2.3,1001.7,1006.6,0,0.3,10,310.8,0
2018-03-13 07:40:17,5,50,18.5,73,2.7,1001.8,1006.7,0,0.3,10,310.8,0
2018-03-13 07:45:17,5,50,18.5,77,3.1,1001.7,1006.6,0,0.3,4,310.8,0
2018-03-13 07:50:17,5,50,18.5,77,4.5,1001.7,1006.6,0.3,0.7,4,310.8,0
2018-03-13 07:55:17,5,50,18.5,76,5,1001.8,1006.7,0,0.3,4,310.8,0
2018-03-13 08:00:17,5,50,18.5,75,5,1001.7,1006.6,0.7,1.4,4,310.8,0
2018-03-13 08:05:17,5,50,18.6,74,4.9,1001.9,1006.8,0.7,1.4,8,310.8,0
2018-03-13 08:10:17,5,50,18.5,73,4.8,1001.7,1006.6,0.7,1.4,10,310.8,0
2018-03-13 08:15:17,5,50,18.5,71,5.1,1001.8,1006.7,0.7,1.4,10,310.8,0
2018-03-13 08:20:17,5,51,18.5,70,5.4,1001.8,1006.7,1,1.7,10,310.8,0
2018-03-13 08:25:17,5,51,18.5,68,5.5,1001.8,1006.7,0.7,1.7,14,310.8,0
2018-03-13 08:30:17,5,51,18.5,66,5.5,1001.8,1006.7,1,2,14,310.8,0
2018-03-13 08:35:17,5,50,18.6,67,5.6,1001.9,1006.8,0.7,1.4,4,310.8,0
2018-03-13 08:40:17,5,50,18.6,66,6.1,1001.9,1006.8,0.7,1.7,4,310.8,0
2018-03-13 08:45:17,5,49,18.5,65,6.4,1002,1006.9,1.4,2.4,4,310.8,0
2018-03-13 08:50:17,5,50,18.6,63,6.5,1001.9,1006.8,1.4,2.4,8,310.8,0
2018-03-13 08:55:17,5,50,18.6,63,6.4,1001.8,1006.7,1,2.7,10,310.8,0
2018-03-13 09:00:17,5,50,18.6,63,6.6,1001.9,1006.8,0.3,1.4,8,310.8,0
2018-03-13 09:05:17,5,50,18.6,62,7.1,1001.8,1006.7,1,1.4,4,310.8,0
2018-03-13 09:10:17,5,50,18.6,61,7.2,1001.7,1006.6,1,2.4,8,310.8,0
2018-03-13 09:15:17,5,50,18.6,61,7.4,1001.9,1006.8,1,2,12,310.8,0
2018-03-13 09:20:17,5,50,18.6,61,7.2,1002,1006.9,0.7,1.4,8,310.8,0
2018-03-13 09:25:17,5,50,18.6,61,7.6,1001.9,1006.8,1.4,2,8,310.8,0
2018-03-13 09:30:17,5,50,18.6,60,7.7,1001.8,1006.7,1.7,2.4,10,310.8,0
2018-03-13 09:35:17,5,50,18.6,61,7.9,1001.6,1006.5,0.3,1,4,310.8,0
2018-03-13 09:40:17,5,50,18.7,60,8.4,1001.6,1006.5,1,2.7,4,310.8,0
2018-03-13 09:45:17,5,50,18.6,59,8.4,1001.7,1006.6,1.7,2.7,8,310.8,0
2018-03-13 09:50:17,5,50,18.6,59,8.3,1001.8,1006.7,1,1.7,2,310.8,0
2018-03-13 09:55:17,5,50,18.6,59,8.3,1001.6,1006.5,2.4,3.4,10,310.8,0
2018-03-13 10:00:17,5,50,18.6,58,8.2,1001.6,1006.5,1.7,3.4,8,310.8,0
2018-03-13 10:05:17,5,50,18.7,59,8.1,1001.5,1006.4,2.4,3.4,4,310.8,0
2018-03-13 10:10:17,5,51,18.7,59,8.2,1001.5,1006.4,3.4,4.4,8,310.8,0
2018-03-13 10:15:17,5,51,18.7,59,8,1001.5,1006.4,1.7,2.7,8,310.8,0
2018-03-13 10:20:17,5,51,18.7,60,8.5,1001.7,1006.6,2,2.7,10,310.8,0
2018-03-13 10:25:17,5,51,18.7,59,8.7,1001.7,1006.6,2.4,3.4,4,310.8,0
2018-03-13 10:30:17,5,51,18.7,57,8.8,1001.7,1006.6,1.7,2.7,14,310.8,0
2018-03-13 10:35:17,5,51,18.7,57,8.9,1001.7,1006.6,1.4,2,14,310.8,0
2018-03-13 10:40:17,5,51,18.7,56,9.1,1001.5,1006.4,1.7,2.7,10,310.8,0
2018-03-13 10:45:17,5,51,18.7,56,9.1,1001.6,1006.5,4.1,5.1,10,310.8,0
2018-03-13 10:50:17,5,51,18.8,56,9.1,1001.4,1006.3,2.4,3.4,13,310.8,0
2018-03-13 10:55:17,5,51,18.8,56,9.6,1001.5,1006.4,1,2,10,310.8,0
2018-03-13 11:00:17,5,52,18.8,55,9.8,1001.3,1006.2,2,3.7,8,310.8,0
2018-03-13 11:05:17,5,52,18.9,55,9.8,1001.2,1006.1,1.4,3.1,12,310.8,0
2018-03-13 11:10:17,5,52,18.9,53,10,1001.1,1006,2,3.4,8,310.8,0
2018-03-13 11:15:17,5,52,18.9,53,10,1001.1,1006,2,4.1,4,310.8,0
2018-03-13 11:20:17,5,52,18.9,54,9.7,1001.2,1006.1,2.7,4.1,0,310.8,0
2018-03-13 11:25:17,5,51,19,54,9.6,1001,1005.9,1.7,3.1,10,310.8,0
2018-03-13 11:30:17,5,51,19,54,9.6,1001,1005.9,1.4,2.4,4,310.8,0
2018-03-13 11:35:17,5,51,19,54,9.6,1001,1005.9,2.7,3.7,8,310.8,0
2018-03-13 11:40:17,5,51,19,54,9.6,1001,1005.9,3.4,5.1,13,310.8,0
2018-03-13 11:45:17,5,51,19,54,9.5,1001,1005.9,1.4,2.7,4,310.8,0
2018-03-13 11:50:17,5,51,19.1,55,9.7,1000.9,1005.8,3.1,4.8,4,310.8,0
2018-03-13 11:55:17,5,51,19.1,55,9.5,1001,1005.9,1.7,4.1,12,310.8,0
2018-03-13 12:00:17,5,51,19.2,55,9.2,1000.9,1005.8,2,3.4,0,310.8,0
2018-03-13 12:05:17,5,51,19.2,56,9.3,1001.1,1006,2.7,4.1,9,310.8,0
2018-03-13 12:10:17,5,51,19.2,57,9.2,1000.8,1005.7,2.4,5.1,10,310.8,0
2018-03-13 12:15:17,5,51,19.2,58,9.4,1000.8,1005.7,1.7,3.7,12,310.8,0
2018-03-13 12:20:17,5,51,19.3,56,9.3,1000.7,1005.6,2.4,3.7,14,310.8,0
2018-03-13 12:25:17,5,51,19.3,56,9.1,1000.8,1005.7,2.4,3.4,10,310.8,0
2018-03-13 12:30:17,5,50,19.3,57,9.1,1000.7,1005.6,2.7,3.4,14,310.8,0
2018-03-13 12:35:17,5,51,19.3,57,9.5,1000.5,1005.4,2,3.1,8,310.8,0
2018-03-13 12:40:17,5,51,19.3,55,10,1000.5,1005.4,3.4,6.1,4,310.8,0
2018-03-13 12:45:17,5,50,19.4,54,9.9,1000.3,1005.2,3.4,3.7,10,310.8,0
2018-03-13 12:50:17,5,50,19.4,53,10,1000.4,1005.3,2,3.1,8,310.8,0
2018-03-13 12:55:17,5,51,19.4,54,9.8,1000.2,1005.1,2.7,3.7,8,310.8,0
2018-03-13 13:00:17,5,51,19.4,55,10.1,1000.3,1005.2,3.1,4.4,8,310.8,0
2018-03-13 13:05:17,5,51,19.4,54,10,1000.3,1005.2,1.7,3.7,10,310.8,0
2018-03-13 13:10:17,5,51,19.5,54,9.8,1000.2,1005.1,3.4,5.4,10,310.8,0
2018-03-13 13:15:17,5,51,19.5,55,9.8,1000.1,1005,1.4,3.1,8,310.8,0
2018-03-13 13:20:17,5,51,19.5,54,10.2,999.9,1004.8,1,2.4,8,310.8,0
2018-03-13 13:25:17,5,51,19.5,53,10.6,1000,1004.9,1.4,3.1,8,310.8,0
2018-03-13 13:30:17,5,51,19.5,53,10.5,999.7,1004.6,2,4.1,10,310.8,0
2018-03-13 13:35:17,5,51,19.6,53,10.5,999.6,1004.5,4.4,6.1,9,310.8,0
2018-03-13 13:40:17,5,51,19.6,52,11.1,999.6,1004.5,2,3.4,8,310.8,0
2018-03-13 13:45:17,5,51,19.7,51,11.4,999.3,1004.2,3.7,4.4,14,310.8,0
2018-03-13 13:50:17,5,51,19.7,52,11.1,999.3,1004.2,2.7,4.4,10,310.8,0
2018-03-13 13:55:17,5,51,19.8,51,11.1,999.3,1004.2,1,3.4,8,310.8,0
2018-03-13 14:00:17,5,51,19.8,51,11.1,999.2,1004.1,3.4,5.4,0,310.8,0
2018-03-13 14:05:17,5,51,19.9,52,10.9,999.2,1004.1,1.4,2,12,310.8,0
2018-03-13 14:10:17,5,51,19.9,53,10.8,999.2,1004.1,1.7,3.4,4,310.8,0
2018-03-13 14:15:17,5,51,19.9,52,11.4,999,1003.9,3.1,5.1,4,310.8,0
2018-03-13 14:20:17,5,50,20,50,11,999.1,1004,2.7,4.4,10,310.8,0
2018-03-13 14:25:17,5,50,20,53,10.6,999.1,1004,3.1,4.4,10,310.8,0
2018-03-13 14:30:17,5,50,20,54,10.4,999,1003.9,2.4,4.4,4,310.8,0
2018-03-13 14:35:17,5,50,20,54,10.3,999.1,1004,1.7,3.1,12,310.8,0
2018-03-13 14:40:17,5,50,20,54,10.2,999,1003.9,2.7,4.8,4,310.8,0
2018-03-13 14:45:17,5,50,20,56,10,998.9,1003.8,2.4,3.4,4,310.8,0
2018-03-13 14:50:17,5,50,20,56,10,998.7,1003.6,4.4,7.1,4,310.8,0
2018-03-13 14:55:17,5,50,20,57,9.9,998.8,1003.7,2.4,3.7,4,310.8,0
2018-03-13 15:00:17,5,50,20,56,10.1,998.7,1003.6,2.4,4.1,4,310.8,0
2018-03-13 15:05:17,5,50,20,56,10.1,998.6,1003.5,2.7,5.1,4,310.8,0
2018-03-13 15:10:17,5,50,20,56,10.1,998.7,1003.6,3.7,6.5,4,310.8,0
2018-03-13 15:15:17,5,50,20,57,9.8,998.8,1003.7,2.4,4.1,2,310.8,0
2018-03-13 15:20:17,5,50,20,57,9.9,998.7,1003.6,3.4,5.8,4,310.8,0
2018-03-13 15:25:17,5,50,20,57,9.5,998.6,1003.5,2.7,4.8,2,310.8,0
2018-03-13 15:30:17,5,50,20,57,9.2,998.5,1003.4,2.7,6.5,4,310.8,0
2018-03-13 15:35:17,5,50,20,58,9.1,998.4,1003.3,2.7,5.1,14,310.8,0
2018-03-13 15:40:17,5,51,19.9,58,9.1,998.3,1003.2,3.7,6.1,14,310.8,0
2018-03-13 15:45:17,5,51,19.8,58,9,998.1,1003,4.1,5.8,8,310.8,0
2018-03-13 15:50:17,5,51,19.8,58,9,998.1,1003,3.7,5.4,2,310.8,0
2018-03-13 15:55:17,5,51,19.8,59,9.1,997.9,1002.8,3.1,5.8,4,310.8,0
2018-03-13 16:00:17,5,51,19.7,58,9.2,997.8,1002.7,3.1,4.4,4,310.8,0
2018-03-13 16:05:17,5,51,19.7,59,9.2,997.9,1002.8,3.1,4.8,8,310.8,0
2018-03-13 16:10:17,5,51,19.7,59,9.1,997.7,1002.6,4.8,6.8,8,310.8,0
2018-03-13 16:15:17,5,51,19.7,58,9,997.6,1002.5,3.1,4.4,4,310.8,0
2018-03-13 16:20:17,5,51,19.6,59,9,997.7,1002.6,2.7,4.1,4,310.8,0
2018-03-13 16:25:17,5,51,19.6,60,8.9,997.6,1002.5,2.7,6.1,4,310.8,0
2018-03-13 16:30:17,5,51,19.6,60,8.9,997.5,1002.4,3.4,5.8,2,310.8,0
2018-03-13 16:35:17,5,50,19.5,61,8.9,997.4,1002.3,4.1,5.4,4,310.8,0
2018-03-13 16:40:17,5,51,19.5,61,8.9,997.3,1002.2,4.1,6.1,11,310.8,0
2018-03-13 16:45:17,5,51,19.5,61,8.9,997.3,1002.2,2.4,3.1,13,310.8,0
2018-03-13 16:50:17,5,51,19.4,61,8.8,997.2,1002.1,3.7,6.5,4,310.8,0
2018-03-13 16:55:17,5,50,19.4,62,8.8,997.3,1002.2,2.4,3.7,2,310.8,0
2018-03-13 17:00:17,5,50,19.4,62,8.7,997.2,1002.1,4.1,6.1,4,310.8,0
2018-03-13 17:05:17,5,50,19.4,63,8.7,997,1001.9,4.4,5.8,4,310.8,0
2018-03-13 17:10:17,5,50,19.3,63,8.7,997,1001.9,5.8,8.5,1,310.8,0
2018-03-13 17:15:17,5,50,19.2,63,8.6,996.9,1001.8,3.1,4.1,0,310.8,0
2018-03-13 17:20:17,5,50,19.2,64,8.5,996.9,1001.8,2.7,4.8,4,310.8,0
2018-03-13 17:25:17,5,50,19.3,65,8.4,996.9,1001.8,3.1,5.1,4,310.8,0
2018-03-13 17:30:17,5,49,19.2,65,8.4,996.7,1001.6,2.7,4.1,4,310.8,0
2018-03-13 17:35:17,5,49,19.1,66,8.3,996.7,1001.6,3.1,4.1,4,310.8,0
2018-03-13 17:40:17,5,49,19.1,66,8.3,996.5,1001.4,4.1,6.1,4,310.8,0
2018-03-13 17:45:17,5,49,19.1,66,8.2,996.5,1001.4,4.8,6.8,4,310.8,0
2018-03-13 17:50:17,5,48,19,66,8.2,996.2,1001.1,3.7,5.1,4,310.8,0
2018-03-13 17:55:17,5,48,19,67,8.1,996.1,1001,3.1,4.8,12,310.8,0
2018-03-13 18:00:17,5,48,19,67,8.1,996.1,1001,3.7,5.1,12,310.8,0
2018-03-13 18:05:17,5,48,19,67,8.1,995.9,1000.8,3.1,4.4,8,310.8,0
2018-03-13 18:10:17,5,49,18.9,67,7.9,995.8,1000.7,3.1,4.8,1,310.8,0
2018-03-13 18:15:17,5,49,18.9,67,7.8,995.8,1000.7,1.7,2.7,4,310.8,0
2018-03-13 18:20:17,5,49,18.8,67,7.9,995.5,1000.4,5.1,7.1,0,310.8,0
2018-03-13 18:25:17,5,49,18.8,67,7.9,995.6,1000.5,4.1,6.5,2,310.8,0
2018-03-13 18:30:17,5,50,18.8,67,8,995.5,1000.4,4.4,6.5,4,310.8,0
2018-03-13 18:35:17,5,50,18.8,67,7.9,995.4,1000.3,5.4,7.1,4,310.8,0
2018-03-13 18:40:17,5,50,18.7,67,8,995.4,1000.3,4.1,7.5,13,310.8,0
2018-03-13 18:45:17,5,51,18.7,67,8,995.3,1000.2,4.4,6.5,4,310.8,0
2018-03-13 18:50:17,5,51,18.7,67,8,995.2,1000.1,6.1,7.1,4,310.8,0
2018-03-13 18:55:17,5,52,18.7,67,8.1,995.5,1000.4,4.4,5.8,4,310.8,0
2018-03-13 19:00:17,5,52,18.7,67,8,995.3,1000.2,3.1,4.8,4,310.8,0
2018-03-13 19:05:17,5,52,18.7,67,8,995.2,1000.1,4.1,6.1,4,310.8,0
2018-03-13 19:10:17,5,52,18.7,67,8.1,995.2,1000.1,4.4,6.8,8,310.8,0
2018-03-13 19:15:17,5,52,18.7,67,8.1,995.1,1000,4.4,7.8,4,310.8,0
2018-03-13 19:20:17,5,52,18.7,67,8.1,995,999.9,4.4,6.8,14,310.8,0
2018-03-13 19:25:17,5,52,18.6,67,8.1,994.9,999.8,4.1,7.8,2,310.8,0
2018-03-13 19:30:17,5,52,18.6,67,8.2,994.8,999.7,7.8,9.9,4,310.8,0
2018-03-13 19:35:17,5,52,18.6,67,8.3,994.8,999.7,6.1,8.8,4,310.8,0
2018-03-13 19:40:17,5,52,18.6,67,8.3,994.8,999.7,4.8,5.8,14,310.8,0
2018-03-13 19:45:17,5,52,18.6,67,8.2,994.8,999.7,5.8,7.5,4,310.8,0
2018-03-13 19:50:17,5,52,18.6,67,8.2,994.8,999.7,3.7,4.8,14,310.8,0
2018-03-13 19:55:17,5,52,18.6,67,8.3,994.6,999.5,4.1,5.1,4,310.8,0
2018-03-13 20:00:17,5,52,18.6,67,8.2,994.3,999.2,3.7,6.5,12,310.8,0
2018-03-13 20:05:17,5,52,18.6,67,8.3,994.2,999.1,6.5,8.8,4,310.8,0
2018-03-13 20:10:17,5,52,18.6,67,8.2,994.1,999,5.1,6.1,4,310.8,0
2018-03-13 20:15:17,5,52,18.7,68,8.2,994.1,999,4.4,6.5,4,310.8,0
2018-03-13 20:20:17,5,52,18.7,69,8.1,994,998.9,5.8,7.1,4,310.8,0
2018-03-13 20:25:17,5,53,18.7,69,8,994,998.9,4.8,6.5,10,310.8,0
2018-03-13 20:30:17,5,53,18.7,70,8,993.8,998.7,5.4,7.8,14,310.8,0
2018-03-13 20:35:17,5,53,18.8,71,7.9,993.8,998.7,6.1,8.5,4,310.8,0
2018-03-13 20:40:17,5,53,18.8,71,7.9,993.7,998.6,5.1,5.8,4,310.8,0
2018-03-13 20:45:17,5,54,18.8,72,7.8,993.7,998.6,6.5,7.8,4,310.8,0
2018-03-13 20:50:17,5,54,18.8,73,7.7,993.7,998.6,4.8,7.1,0,310.8,0
2018-03-13 20:55:17,5,54,18.8,73,7.7,993.6,998.5,5.1,7.8,12,310.8,0
2018-03-13 21:00:17,5,54,18.8,74,7.6,993.6,998.5,4.4,5.8,14,310.8,0
2018-03-13 21:05:17,5,54,18.9,75,7.6,993.4,998.3,5.1,6.1,4,310.8,0
2018-03-13 21:10:17,5,53,19,75,7.6,993.4,998.3,4.8,7.1,4,310.8,0
2018-03-13 21:15:17,5,53,19,75,7.7,993.3,998.2,5.4,6.8,4,310.8,0
2018-03-13 21:20:17,5,53,19,75,7.7,993.3,998.2,3.7,4.8,8,310.8,0
2018-03-13 21:25:17,5,54,19,75,7.8,993.1,998,6.1,8.8,14,310.8,0
2018-03-13 21:30:17,5,55,19,75,7.8,992.9,997.8,4.4,6.5,12,310.8,0
2018-03-13 21:35:17,5,56,19,75,7.9,992.8,997.7,4.8,5.8,4,310.8,0
2018-03-13 21:40:17,5,56,19,75,8,992.8,997.7,5.8,8.2,4,310.8,0
2018-03-13 21:45:17,5,57,19,75,8,992.7,997.6,4.4,5.8,4,310.8,0
2018-03-13 21:50:17,5,58,19.1,75,8,992.7,997.6,5.4,8.5,4,310.8,0
2018-03-13 21:55:17,5,59,19.1,75,8,992.6,997.5,4.4,5.4,4,310.8,0
2018-03-13 22:00:17,5,59,19.2,75,8,992.6,997.5,3.4,5.4,8,310.8,0
2018-03-13 22:05:17,5,61,19.1,75,8.1,992.4,997.3,4.8,6.1,4,310.8,0
2018-03-13 22:10:17,5,62,19.1,75,8.2,992.4,997.3,5.8,7.1,4,310.8,0
2018-03-13 22:15:17,5,63,19.3,75,8.2,992.3,997.2,5.1,6.8,4,310.8,0
2018-03-13 22:20:17,5,64,19.3,75,8.2,992.3,997.2,3.1,4.4,4,310.8,0
2018-03-13 22:25:17,5,65,19.3,75,8.3,992.2,997.1,4.1,4.8,4,310.8,0
2018-03-13 22:30:17,5,65,19.4,75,8.3,992,996.9,4.1,4.8,4,310.8,0
2018-03-13 22:35:17,5,66,19.4,75,8.4,992,996.9,4.4,6.1,4,310.8,0
2018-03-13 22:40:17,5,66,19.5,74,8.5,991.7,996.6,5.1,5.8,4,310.8,0
2018-03-13 22:45:17,5,67,19.5,73,8.6,991.9,996.8,2.7,4.1,4,310.8,0
2018-03-13 22:50:17,5,68,19.5,73,8.7,991.7,996.6,3.4,6.1,12,310.8,0
2018-03-13 22:55:17,5,68,19.6,73,8.7,991.4,996.3,4.8,6.5,4,310.8,0
2018-03-13 23:00:17,5,69,19.6,73,8.8,991.5,996.4,4.1,5.8,4,310.8,0
2018-03-13 23:05:17,5,69,19.6,72,8.8,991.5,996.4,5.1,7.1,4,310.8,0
2018-03-13 23:10:17,5,70,19.7,72,8.8,991.4,996.3,5.4,6.8,4,310.8,0
2018-03-13 23:15:17,5,71,19.6,72,8.8,991.3,996.2,6.1,8.2,4,310.8,0
2018-03-13 23:20:17,5,71,19.6,72,8.8,991.1,996,9.2,11.6,4,310.8,0
2018-03-13 23:25:17,5,67,19.7,72,8.9,991,995.9,4.4,7.8,4,310.8,0
2018-03-13 23:30:17,5,66,19.7,72,8.8,990.9,995.8,4.4,7.1,4,310.8,0
2018-03-13 23:35:17,5,66,19.7,73,8.9,991,995.9,4.8,6.8,4,310.8,0
2018-03-13 23:40:17,5,66,19.7,73,8.8,990.8,995.7,4.1,6.1,12,310.8,0
2018-03-13 23:45:17,5,66,19.7,73,8.8,990.8,995.7,3.4,4.4,4,310.8,0
2018-03-13 23:50:17,5,65,19.7,73,8.8,990.7,995.6,4.8,6.8,2,310.8,0
2018-03-13 23:55:17,5,65,19.8,73,8.8,990.5,995.4,4.4,6.1,14,310.8,0
