2018-03-16 00:01:16,5,57,19.6,82,6.3,982.8,987.7,0.7,1.4,10,316.2,0
2018-03-16 00:06:16,5,57,19.6,82,6.2,982.8,987.7,1,1.4,10,316.2,0
2018-03-16 00:11:16,5,57,19.6,82,6.1,982.8,987.7,0.3,1,10,316.5,0
2018-03-16 00:16:16,5,57,19.6,82,6,983,987.9,0.7,1,10,316.5,0
2018-03-16 00:21:16,5,57,19.6,83,5.9,983,987.9,0.7,1,8,316.5,0
2018-03-16 00:26:16,5,57,19.6,83,5.9,983,987.9,1,1,8,316.5,0
2018-03-16 00:31:16,5,57,19.6,83,5.9,983.2,988.1,0.7,1.7,12,316.5,0
2018-03-16 00:36:16,5,57,19.6,83,5.8,983.3,988.2,1,1.4,10,316.5,0
2018-03-16 00:41:16,5,57,19.6,83,5.8,983.2,988.1,1,1,9,316.5,0
2018-03-16 00:46:16,5,56,19.6,83,5.7,983.3,988.2,0.7,1.4,10,316.5,0
2018-03-16 00:51:16,5,56,19.6,83,5.6,983.4,988.3,0.3,0.7,10,316.5,0
2018-03-16 00:56:16,5,56,19.6,83,5.6,983.5,988.4,0.3,0.7,10,316.5,0
2018-03-16 01:01:16,5,56,19.6,83,5.6,983.4,988.3,0,0.7,0,316.5,0
2018-03-16 01:06:16,5,56,19.6,83,5.6,983.7,988.6,0,0.3,14,316.5,0
2018-03-16 01:11:16,5,56,19.6,83,5.6,983.7,988.6,0.7,1.4,0,316.5,0
2018-03-16 01:16:16,5,56,19.6,83,5.5,983.8,988.7,0.3,1,4,316.5,0
2018-03-16 01:21:16,5,56,19.6,83,5.4,983.9,988.8,0,0.7,4,316.5,0
2018-03-16 01:26:16,5,56,19.5,83,5.4,984,988.9,0,0.7,0,316.5,0
2018-03-16 01:31:16,5,56,19.5,83,5.4,983.9,988.8,0.7,1,10,316.5,0
2018-03-16 01:36:16,5,56,19.5,83,5.4,984.1,989,0.7,1.4,8,316.5,0
2018-03-16 01:41:16,5,56,19.5,83,5.5,984.2,989.1,0.3,1,4,316.5,0
2018-03-16 01:46:16,5,56,19.5,83,5.5,984.1,989,1,1.7,10,316.5,0
2018-03-16 01:51:16,5,56,19.5,83,5.5,984.1,989,1,1.7,10,316.5,0
2018-03-16 01:56:16,5,56,19.5,83,5.5,984.2,989.1,1.4,2,8,316.5,0
2018-03-16 02:01:16,5,56,19.5,83,5.5,984.4,989.3,0.7,1,10,316.5,0
2018-03-16 02:06:16,5,56,19.5,83,5.5,984.4,989.3,0,0.7,2,316.5,0
2018-03-16 02:11:16,5,56,19.5,82,5.3,984.3,989.2,0,0.3,14,316.5,0
2018-03-16 02:16:16,5,56,19.5,82,5.2,984.6,989.5,0.7,1.4,4,316.5,0
2018-03-16 02:21:16,5,56,19.5,82,5.2,984.5,989.4,0.7,1.4,8,316.5,0
2018-03-16 02:26:16,5,56,19.5,82,5.4,984.5,989.4,1,1.7,8,316.5,0
2018-03-16 02:31:16,5,56,19.5,82,5.5,984.6,989.5,2,2.7,10,316.5,0
2018-03-16 02:36:16,5,56,19.4,82,5.5,984.6,989.5,1.4,1.7,8,316.5,0
2018-03-16 02:41:16,5,56,19.4,82,5.5,984.6,989.5,0.3,1,4,316.5,0
2018-03-16 02:46:16,5,56,19.4,82,5.5,984.7,989.6,0.3,1,10,316.5,0
2018-03-16 02:51:16,5,55,19.4,81,5.4,984.7,989.6,0.7,1,8,316.5,0
2018-03-16 02:56:16,5,55,19.4,81,5.3,984.8,989.7,0.3,0.7,4,316.5,0
2018-03-16 03:01:16,5,55,19.4,81,5.2,984.6,989.5,0,0.3,4,316.5,0
2018-03-16 03:06:16,5,55,19.4,81,5.2,984.8,989.7,0.3,0.7,4,316.5,0
2018-03-16 03:11:16,5,55,19.3,81,5.2,984.9,989.8,0.3,1,4,316.5,0
2018-03-16 03:16:16,5,55,19.3,81,5.2,984.8,989.7,0.3,0.7,4,316.5,0
2018-03-16 03:21:16,5,55,19.3,81,5.2,984.9,989.8,0,0.7,4,316.5,0
2018-03-16 03:26:16,5,55,19.4,80,5,985,989.9,0.3,0.7,4,316.5,0
2018-03-16 03:31:16,5,55,19.3,81,4.9,985.1,990,0,0.3,4,316.5,0
2018-03-16 03:36:16,5,55,19.3,81,4.7,985.3,990.2,0,0.3,10,316.5,0
2018-03-16 03:41:16,5,55,19.3,81,4.6,985.1,990,0.3,1,4,316.5,0
2018-03-16 03:46:16,5,55,19.3,81,4.6,985.3,990.2,0.7,1.4,4,316.5,0
2018-03-16 03:51:16,5,55,19.3,81,4.4,985.3,990.2,0.3,1,4,316.5,0
2018-03-16 03:56:16,5,55,19.3,81,4.2,985.2,990.1,0.3,0.7,4,316.5,0
2018-03-16 04:01:16,5,55,19.3,81,4.1,985.3,990.2,0.3,1,4,316.5,0
2018-03-16 04:06:16,5,55,19.2,81,4.1,985.4,990.3,0.3,0.7,4,316.5,0
2018-03-16 04:11:16,5,55,19.3,81,4,985.3,990.2,0.3,0.7,4,316.5,0
2018-03-16 04:16:16,5,55,19.2,81,4.1,985.5,990.4,0.7,1.4,4,316.5,0
2018-03-16 04:21:16,5,55,19.2,81,4,985.4,990.3,0.7,1,4,316.5,0
2018-03-16 04:26:16,5,55,19.2,81,4,985.6,990.5,0.7,1,4,316.5,0
2018-03-16 04:31:16,5,55,19.2,82,3.9,985.7,990.6,0.3,0.7,4,316.5,0
2018-03-16 04:36:16,5,55,19.2,82,3.7,985.7,990.6,0,0.3,4,316.5,0
2018-03-16 04:41:16,5,55,19.2,82,3.6,985.7,990.6,0,0.3,4,316.5,0
2018-03-16 04:46:16,5,55,19.1,82,3.5,985.9,990.8,0,0,2,316.5,0
2018-03-16 04:51:16,5,55,19.1,82,3.3,985.9,990.8,0,0,4,316.5,0
2018-03-16 04:56:16,5,54,19.1,81,3,985.9,990.8,0,0.3,2,316.5,0
2018-03-16 05:01:16,5,54,19.1,77,2.8,985.8,990.7,0,0,2,316.5,0
2018-03-16 05:06:16,5,54,19,77,2.4,986,990.9,0,0.7,0,316.5,0
2018-03-16 05:11:16,5,54,19.1,77,2.2,986.1,991,0,0.3,2,316.5,0
2018-03-16 05:16:16,5,54,19.1,77,2.2,986.2,991.1,0,0.3,2,316.5,0
2018-03-16 05:21:16,5,54,19,77,2.5,986.3,991.2,0.7,1,2,316.5,0
2018-03-16 05:26:16,5,54,19,77,2.4,986.4,991.3,0.7,1,2,316.5,0
2018-03-16 05:31:16,5,54,19,77,2.3,986.3,991.2,0.7,1,2,316.5,0
2018-03-16 05:36:16,5,54,19,77,2.2,986.4,991.3,0.3,0.7,2,316.5,0
2018-03-16 05:41:16,5,54,19,77,2.2,986.4,991.3,0.3,0.7,2,316.5,0
2018-03-16 05:46:16,5,54,19,77,2.3,986.4,991.3,0.3,0.7,3,316.5,0
2018-03-16 05:51:16,5,54,19,78,2.4,986.4,991.3,0.3,0.7,2,316.5,0
2018-03-16 05:56:16,5,54,19,78,2.4,986.7,991.6,0.3,0.7,4,316.5,0
2018-03-16 06:01:16,5,55,18.9,78,2.6,986.6,991.5,0.7,1.4,4,316.5,0
2018-03-16 06:06:16,5,54,19,78,2.7,986.6,991.5,0.3,0.7,2,316.5,0
2018-03-16 06:11:16,5,54,19,78,2.2,986.8,991.7,0.7,1,2,316.5,0
2018-03-16 06:16:16,5,54,19,78,2.2,986.9,991.8,0.7,1.4,2,316.5,0
2018-03-16 06:21:16,5,54,19,78,2.4,987,991.9,1,1.7,2,316.5,0
2018-03-16 06:26:16,5,55,18.9,79,2.8,987,991.9,1.7,2,4,316.5,0
2018-03-16 06:31:16,5,55,18.9,79,2.9,987.2,992.1,1,1.4,1,316.5,0
2018-03-16 06:36:16,5,55,18.9,79,2.9,987.2,992.1,0.7,1,4,316.5,0
2018-03-16 06:41:16,5,55,18.9,79,2.9,987.3,992.2,1,1.7,4,316.5,0
2018-03-16 06:46:16,5,55,18.9,83,3,987.3,992.2,1,1.4,4,316.5,0
2018-03-16 06:51:16,5,55,18.9,79,2.9,987.3,992.2,1.7,2,8,316.5,0
2018-03-16 06:56:16,5,55,18.9,83,3,987.4,992.3,1,1.7,12,316.5,0
2018-03-16 07:01:16,5,55,18.9,83,3,987.5,992.4,1.4,2,4,316.5,0
2018-03-16 07:06:16,5,55,18.9,83,3.3,987.5,992.4,1.7,2.4,13,316.5,0
2018-03-16 07:11:16,5,55,18.9,83,3.4,987.6,992.5,1.7,2.4,8,316.5,0
2018-03-16 07:16:16,5,55,18.9,83,3.4,987.7,992.6,1.7,2.4,4,316.5,0
2018-03-16 07:21:16,5,55,18.9,83,3.4,987.6,992.5,1.4,2,4,316.5,0
2018-03-16 07:26:16,5,55,18.9,83,3.5,987.8,992.7,1,1.7,12,316.5,0
2018-03-16 07:31:16,5,55,18.9,83,3.4,987.9,992.8,1.7,2.7,4,316.5,0
2018-03-16 07:36:16,5,55,18.9,83,3.4,987.9,992.8,1.7,2.4,2,316.5,0
2018-03-16 07:41:16,5,55,18.9,84,3.4,987.9,992.8,0.7,1.4,1,316.5,0
2018-03-16 07:46:16,5,55,18.9,84,3.5,988.1,993,0.7,1.7,2,316.5,0
2018-03-16 07:51:16,5,55,18.9,84,3.5,988.1,993,0.7,1,2,316.5,0
2018-03-16 07:56:16,5,54,19,84,3.5,988.2,993.1,0.7,1,0,316.5,0
2018-03-16 08:01:16,5,54,18.8,83,4.1,988.1,993,0.7,1.4,4,316.5,0
2018-03-16 08:06:16,5,54,18.9,84,4.6,988.3,993.2,1,1.7,4,316.5,0
2018-03-16 08:11:16,5,54,18.9,83,5,988.3,993.2,1,1.4,4,316.5,0
2018-03-16 08:16:16,5,54,18.9,83,5.3,988.4,993.3,0.7,1,4,316.5,0
2018-03-16 08:21:16,5,54,18.9,83,5.7,988.6,993.5,0.7,1.4,0,316.5,0
2018-03-16 08:26:16,5,53,19,82,6.1,988.7,993.6,0.7,1.4,2,316.5,0
2018-03-16 08:31:16,5,53,19,82,6.4,988.5,993.4,1.7,2,2,316.5,0
2018-03-16 08:36:16,5,53,19,82,6.6,988.6,993.5,1,2,2,316.5,0
2018-03-16 08:41:16,5,53,19,82,6.6,988.6,993.5,0.7,1.4,2,316.5,0
2018-03-16 08:46:16,5,53,19,81,7,988.7,993.6,0.3,1,4,316.5,0
2018-03-16 08:51:16,5,53,19.1,79,7.2,988.8,993.7,3.1,4.1,4,316.8,0
2018-03-16 08:56:16,5,53,19.1,76,7,988.7,993.6,2.4,3.4,12,316.8,0
2018-03-16 09:01:16,5,53,19,75,7,988.9,993.8,1.7,2.7,4,316.8,0
2018-03-16 09:06:16,5,53,19.1,75,7.1,989,993.9,2,3.1,8,316.8,0
2018-03-16 09:11:16,5,53,19.1,74,7.4,988.9,993.8,2.4,3.7,12,316.8,0
2018-03-16 09:16:16,5,53,19.1,73,7.5,989,993.9,2.4,3.4,8,316.8,0
2018-03-16 09:21:16,5,53,19.1,73,7.5,989.1,994,2.4,3.4,1,316.8,0
2018-03-16 09:26:16,5,54,19.1,73,7.8,989,993.9,2,3.7,12,316.8,0
2018-03-16 09:31:16,5,54,19.1,72,8.1,988.9,993.8,3.7,5.1,4,316.8,0
2018-03-16 09:36:16,5,54,19.1,71,8.1,989,993.9,2.7,4.1,4,316.8,0
2018-03-16 09:41:16,5,54,19.1,71,8.1,989,993.9,3.1,3.7,4,316.8,0
2018-03-16 09:46:16,5,54,19.1,71,8.2,989.1,994,2.7,4.8,2,316.8,0
2018-03-16 09:51:16,5,54,19.2,70,8.1,989.2,994.1,2.7,3.4,0,316.8,0
2018-03-16 09:56:16,5,54,19.2,71,8.1,989.4,994.3,3.4,4.4,4,316.8,0
2018-03-16 10:01:16,5,54,19.2,71,8.2,989.3,994.2,2.4,4.8,4,316.8,0
2018-03-16 10:06:16,5,54,19.2,70,8.2,989.5,994.4,3.1,4.1,4,316.8,0
2018-03-16 10:11:16,5,54,19.3,70,8.3,989.5,994.4,2.4,4.4,4,316.8,0
2018-03-16 10:16:16,5,54,19.2,71,8.4,989.7,994.6,3.4,4.4,4,316.8,0
2018-03-16 10:21:16,5,54,19.3,71,9,989.6,994.5,2,4.1,4,316.8,0
2018-03-16 10:26:16,5,54,19.3,68,9,989.7,994.6,2,3.1,12,316.8,0
2018-03-16 10:31:16,5,54,19.4,68,9.1,989.6,994.5,2.7,3.4,4,316.8,0
2018-03-16 10:36:16,5,54,19.3,69,8.9,989.7,994.6,3.4,4.4,2,316.8,0
2018-03-16 10:41:16,5,54,19.3,67,9,989.7,994.6,3.1,4.1,4,316.8,0
2018-03-16 10:46:16,5,54,19.4,68,9.1,989.9,994.8,3.4,4.4,12,316.8,0
2018-03-16 10:51:16,5,54,19.4,67,9.1,989.7,994.6,2,3.1,9,316.8,0
2018-03-16 10:56:16,5,54,19.5,66,9.1,989.9,994.8,2.7,3.4,4,316.8,0
2018-03-16 11:01:16,5,54,19.5,67,9.5,989.9,994.8,1.4,2.4,8,316.8,0
2018-03-16 11:06:16,5,55,19.5,65,10,990.1,995,3.4,4.4,4,316.8,0
2018-03-16 11:11:16,5,55,19.5,65,9.9,989.9,994.8,4.1,5.8,4,316.8,0
2018-03-16 11:16:16,5,55,19.5,65,9.7,990,994.9,2.4,3.1,15,316.8,0
2018-03-16 11:21:16,5,55,19.5,63,10,989.9,994.8,4.4,5.4,4,316.8,0
2018-03-16 11:26:16,5,55,19.6,63,10.1,989.9,994.8,3.1,4.4,4,316.8,0
2018-03-16 11:31:16,5,55,19.6,60,10.3,990,994.9,3.4,4.8,4,316.8,0
2018-03-16 11:36:16,5,55,19.6,60,10.3,990,994.9,3.4,4.4,4,316.8,0
2018-03-16 11:41:16,5,55,19.6,59,10.2,990,994.9,4.8,6.5,2,316.8,0
2018-03-16 11:46:16,5,55,19.6,57,10.2,990,994.9,4.1,5.4,4,316.8,0
2018-03-16 11:51:16,5,55,19.7,57,10.3,990.1,995,4.4,5.8,4,316.8,0
2018-03-16 11:56:16,5,55,19.7,56,10.4,990.1,995,3.7,5.1,4,316.8,0
2018-03-16 12:01:16,5,55,19.7,57,10.5,990.3,995.2,3.7,5.1,12,316.8,0
2018-03-16 12:06:16,5,54,19.8,57,10.6,990.2,995.1,2.4,5.1,4,316.8,0
2018-03-16 12:11:16,5,54,19.8,55,10.5,990.1,995,5.1,7.5,13,316.8,0
2018-03-16 12:16:16,5,54,19.8,54,10.1,990.2,995.1,4.4,6.5,4,316.8,0
2018-03-16 12:21:16,5,54,19.8,56,10.3,990.2,995.1,3.4,6.5,4,316.8,0
2018-03-16 12:26:16,5,54,19.8,55,10.6,990.4,995.3,3.4,4.8,12,316.8,0
2018-03-16 12:31:16,5,54,19.9,56,10.5,990.3,995.2,5.1,5.8,4,316.8,0
2018-03-16 12:36:16,5,54,19.9,55,10.3,990.4,995.3,4.1,5.1,4,316.8,0
2018-03-16 12:41:16,5,54,19.9,56,10.2,990.5,995.4,3.1,4.4,12,316.8,0
2018-03-16 12:46:16,5,54,19.9,58,10,990.4,995.3,3.1,4.1,4,316.8,0
2018-03-16 12:51:16,5,54,19.9,58,9.7,990.5,995.4,2.4,3.7,2,316.8,0
2018-03-16 12:56:16,5,53,20,57,10,990.5,995.4,3.4,5.1,4,316.8,0
2018-03-16 13:01:16,5,53,20,58,10,990.4,995.3,2.4,4.4,4,316.8,0
2018-03-16 13:06:16,5,53,20,58,10,990.4,995.3,2,2.7,2,316.8,0
2018-03-16 13:11:16,5,53,20,58,10.3,990.2,995.1,3.1,4.8,4,316.8,0
2018-03-16 13:16:16,5,53,20,58,10.3,990.5,995.4,3.4,5.1,14,316.8,0
2018-03-16 13:21:16,5,53,20,60,10.3,990.4,995.3,3.1,4.4,4,316.8,0
2018-03-16 13:26:16,5,53,20.1,58,10.7,990.2,995.1,2.4,4.1,4,316.8,0
2018-03-16 13:31:16,5,53,20.1,56,10.8,990.2,995.1,4.4,6.8,4,316.8,0
2018-03-16 13:36:16,5,53,20.1,56,10.9,990.1,995,3.7,5.1,4,316.8,0
2018-03-16 13:41:16,5,53,20.1,57,10.9,990.1,995,3.4,6.1,15,316.8,0
2018-03-16 13:46:16,5,53,20.2,54,10.9,990.2,995.1,5.1,7.5,12,316.8,0
2018-03-16 13:51:16,5,53,20.2,54,11.2,990.1,995,3.7,4.8,2,316.8,0
2018-03-16 13:56:16,5,53,20.2,54,11.3,990.1,995,3.7,4.4,2,316.8,0
2018-03-16 14:01:16,5,53,20.3,54,11.4,990.2,995.1,2.4,3.4,4,316.8,0
2018-03-16 14:06:16,5,53,20.3,53,11.6,990.2,995.1,4.4,6.1,4,316.8,0
2018-03-16 14:11:16,5,53,20.4,53,11.4,990.3,995.2,2.4,5.1,0,316.8,0
2018-03-16 14:16:16,5,53,20.4,53,11.5,990.3,995.2,2,3.4,4,316.8,0
2018-03-16 14:21:16,5,53,20.5,53,11.2,990.2,995.1,3.4,4.8,2,316.8,0
2018-03-16 14:26:16,5,53,20.5,55,10.8,990.4,995.3,3.1,4.8,4,316.8,0
2018-03-16 14:31:16,5,53,20.5,55,10.6,990.4,995.3,3.4,5.1,0,316.8,0
2018-03-16 14:36:16,5,53,20.5,55,10.7,990.4,995.3,4.8,6.5,4,316.8,0
2018-03-16 14:41:16,5,53,20.5,55,10.5,990.5,995.4,3.4,4.8,4,316.8,0
2018-03-16 14:46:16,5,53,20.4,55,10.5,990.6,995.5,2,3.1,4,316.8,0
2018-03-16 14:51:16,5,52,20.4,55,10.5,990.6,995.5,3.4,4.8,4,316.8,0
2018-03-16 14:56:16,5,52,20.4,56,10.3,990.6,995.5,3.1,4.4,4,316.8,0
2018-03-16 15:01:16,5,52,20.4,61,9.5,991,995.9,5.8,7.8,4,316.8,0
2018-03-16 15:06:16,5,52,20.3,67,8.5,990.9,995.8,2.4,3.4,4,316.8,0
2018-03-16 15:11:16,5,52,20.3,69,8.5,990.9,995.8,2.7,3.7,12,316.8,0
2018-03-16 15:16:16,5,52,20.3,69,8.9,990.9,995.8,2,3.1,4,316.8,0
2018-03-16 15:21:16,5,52,20.3,67,9.3,990.7,995.6,2,3.4,4,316.8,0
2018-03-16 15:26:16,5,52,20.4,66,9.7,990.7,995.6,1.4,2.4,4,316.8,0
2018-03-16 15:31:16,5,52,20.4,64,9.7,990.8,995.7,3.1,3.7,2,316.8,0
2018-03-16 15:36:16,5,52,20.4,64,9.8,990.9,995.8,2,4.1,2,316.8,0
2018-03-16 15:41:16,5,52,20.4,63,10,990.9,995.8,3.4,4.4,2,316.8,0
2018-03-16 15:46:16,5,52,20.4,62,10.2,991.1,996,3.4,5.4,4,316.8,0
2018-03-16 15:51:16,5,52,20.4,61,10.1,991,995.9,4.4,6.5,12,316.8,0
2018-03-16 15:56:16,5,52,20.4,63,9.7,991.1,996,3.1,4.4,2,316.8,0
2018-03-16 16:01:16,5,52,20.4,64,9.5,991.2,996.1,3.1,4.1,2,316.8,0
2018-03-16 16:06:16,5,52,20.4,65,9.4,991,995.9,2.4,3.7,4,316.8,0
2018-03-16 16:11:16,5,52,20.4,65,9.5,991.2,996.1,2,2.7,4,316.8,0
2018-03-16 16:16:16,5,52,20.4,65,9.4,991.1,996,2.7,4.1,4,316.8,0
2018-03-16 16:21:16,5,52,20.4,65,9.1,991.3,996.2,3.7,6.8,4,316.8,0
2018-03-16 16:26:16,5,52,20.3,67,8.9,991.5,996.4,6.8,7.8,4,316.8,0
2018-03-16 16:31:16,5,52,20.3,69,8.5,991.6,996.5,4.1,5.4,4,317.1,0
2018-03-16 16:36:16,5,52,20.3,71,8.3,991.7,996.6,3.4,4.1,12,317.1,0
2018-03-16 16:41:16,5,52,20.2,73,8.2,991.8,996.7,4.4,6.5,4,317.1,0
2018-03-16 16:46:16,5,52,20.2,74,8.2,991.7,996.6,3.4,4.8,14,317.1,0
2018-03-16 16:51:16,5,52,20.3,74,9,991.8,996.7,3.4,4.8,4,317.1,0
2018-03-16 16:56:16,5,52,20.3,72,9.6,992,996.9,2,3.7,4,317.1,0
2018-03-16 17:01:16,5,52,20.4,69,9.6,991.7,996.6,3.1,5.1,2,317.1,0
2018-03-16 17:06:16,5,52,20.4,69,9.6,991.9,996.8,2.7,4.1,0,317.1,0
2018-03-16 17:11:16,5,52,20.4,67,9.1,992,996.9,2.7,5.1,0,317.1,0
2018-03-16 17:16:16,5,52,20.4,67,9.1,992.1,997,4.1,5.8,4,317.1,0
2018-03-16 17:21:16,5,52,20.4,67,9.1,992,996.9,4.1,6.8,4,317.1,0
2018-03-16 17:26:16,5,52,20.4,67,9.1,992,996.9,2,4.1,10,317.1,0
2018-03-16 17:31:16,5,52,20.5,67,9.1,992.3,997.2,4.1,5.8,14,317.1,0
2018-03-16 17:36:16,5,52,20.5,67,9,992.6,997.5,3.4,5.1,15,317.1,0
2018-03-16 17:41:16,5,52,20.4,67,9,992.5,997.4,2.7,4.4,2,317.1,0
2018-03-16 17:46:16,5,52,20.4,70,8.8,992.7,997.6,2,2.7,2,317.1,0
2018-03-16 17:51:16,5,52,20.4,71,8.7,992.8,997.7,2,3.1,4,317.1,0
2018-03-16 17:56:16,5,52,20.3,71,8.5,992.9,997.8,2.4,3.7,12,317.1,0
2018-03-16 18:01:16,5,52,20.3,72,8.4,993.1,998,4.4,5.8,4,317.1,0
2018-03-16 18:06:16,5,52,20.2,71,8.3,993.1,998,2.7,3.4,4,317.1,0
2018-03-16 18:11:16,5,52,20.2,70,8.3,993.3,998.2,3.1,3.7,4,317.1,0
2018-03-16 18:16:16,5,52,20.1,70,8.3,993.4,998.3,2.7,4.4,0,317.1,0
2018-03-16 18:21:16,5,52,20.1,71,8.3,993.4,998.3,2.4,3.4,2,317.1,0
2018-03-16 18:26:16,5,52,20.1,71,8.3,993.6,998.5,2.7,3.7,13,317.1,0
2018-03-16 18:31:16,5,52,20,70,8.3,993.5,998.4,4.4,5.8,11,317.1,0
2018-03-16 18:36:16,5,52,20,70,8.2,993.8,998.7,5.4,7.5,4,317.1,0
2018-03-16 18:41:16,5,52,20,69,8.1,993.8,998.7,3.7,6.1,2,317.1,0
2018-03-16 18:46:16,5,53,19.9,69,8,994,998.9,3.4,4.8,4,317.1,0
2018-03-16 18:51:16,5,53,19.8,70,7.8,994.1,999,3.7,5.4,4,317.1,0
2018-03-16 18:56:16,5,53,19.8,71,7.7,994.3,999.2,3.1,3.7,4,317.1,0
2018-03-16 19:01:16,5,53,19.8,71,7.6,994.2,999.1,3.1,4.4,4,317.1,0
2018-03-16 19:06:16,5,53,19.7,71,7.7,994.5,999.4,3.4,5.4,0,317.1,0
2018-03-16 19:11:16,5,54,19.7,72,7.5,994.6,999.5,2.7,4.1,4,317.1,0
2018-03-16 19:16:16,5,54,19.7,73,7.5,994.6,999.5,2.7,4.1,4,317.1,0
2018-03-16 19:21:16,5,54,19.7,73,7.3,994.7,999.6,3.7,5.8,4,317.1,0
2018-03-16 19:26:16,5,54,19.7,74,7.4,994.9,999.8,2,2.7,14,317.1,0
2018-03-16 19:31:16,5,54,19.7,74,7.4,995.1,1000,2.4,3.1,0,317.1,0
2018-03-16 19:36:16,5,54,19.7,74,7.3,995.2,1000.1,3.7,5.4,12,317.1,0
2018-03-16 19:41:16,5,54,19.7,74,7.2,995.3,1000.2,3.4,4.4,14,317.1,0
2018-03-16 19:46:16,5,54,19.7,74,7.2,995.2,1000.1,4.1,6.5,4,317.1,0
2018-03-16 19:51:16,5,54,19.6,74,7.3,995.2,1000.1,3.4,4.1,14,317.1,0
2018-03-16 19:56:16,5,54,19.6,74,7.3,995.2,1000.1,3.1,4.1,4,317.1,0
2018-03-16 20:01:16,5,54,19.6,73,7.3,995.4,1000.3,3.1,3.7,4,317.1,0
2018-03-16 20:06:16,5,55,19.6,73,7.2,995.7,1000.6,3.4,6.5,0,317.1,0
2018-03-16 20:11:16,5,55,19.6,73,7.2,995.7,1000.6,3.4,4.8,4,317.1,0
2018-03-16 20:16:16,5,56,19.6,73,7.2,995.9,1000.8,3.7,4.4,2,317.1,0
2018-03-16 20:21:16,5,54,19.6,73,7.2,995.8,1000.7,4.8,6.5,8,317.1,0
2018-03-16 20:26:16,5,54,19.6,73,7.2,996.1,1001,3.4,4.8,4,317.1,0
2018-03-16 20:31:16,5,55,19.6,73,7.2,996.1,1001,3.1,3.7,12,317.1,0
2018-03-16 20:36:16,5,55,19.6,73,7.2,996.2,1001.1,4.1,5.1,4,317.1,0
2018-03-16 20:41:16,5,55,19.6,73,7.2,996.3,1001.2,3.1,4.4,4,317.1,0
2018-03-16 20:46:16,5,55,19.6,73,7.3,996.5,1001.4,2,3.1,2,317.1,0
2018-03-16 20:51:16,5,55,19.6,73,7.2,996.5,1001.4,2,3.4,2,317.1,0
2018-03-16 20:56:16,5,55,19.6,73,7.2,996.6,1001.5,2.7,4.8,12,317.1,0
2018-03-16 21:01:16,5,55,19.6,73,7.2,996.7,1001.6,2.4,3.7,4,317.1,0
2018-03-16 21:06:16,5,55,19.6,74,7.2,996.7,1001.6,1.7,2.4,4,317.1,0
2018-03-16 21:11:16,5,56,19.6,74,7.2,996.9,1001.8,2.7,4.4,4,317.1,0
2018-03-16 21:16:16,5,56,19.6,74,7.2,996.9,1001.8,2.7,4.1,4,317.1,0
2018-03-16 21:21:16,5,56,19.6,73,7.2,997.1,1002,1.7,2.4,12,317.1,0
2018-03-16 21:26:16,5,56,19.7,73,7.2,997.2,1002.1,1.7,2.7,4,317.1,0
2018-03-16 21:31:16,5,56,19.7,73,7.1,997.3,1002.2,2.7,3.4,12,317.1,0
2018-03-16 21:36:16,5,56,19.7,73,7.1,997.4,1002.3,2.4,4.4,4,317.1,0
2018-03-16 21:41:16,5,56,19.7,73,7,997.5,1002.4,2.7,4.1,4,317.1,0
2018-03-16 21:46:16,5,56,19.7,73,7,997.7,1002.6,3.4,5.4,4,317.1,0
2018-03-16 21:51:16,5,56,19.7,74,6.8,997.7,1002.6,3.1,4.8,4,317.1,0
2018-03-16 21:56:16,5,56,19.7,74,6.7,998,1002.9,2,3.1,12,317.1,0
2018-03-16 22:01:16,5,56,19.7,74,6.5,997.9,1002.8,2.7,4.8,2,317.1,0
2018-03-16 22:06:16,5,56,19.7,74,6.3,998,1002.9,1.7,2.7,4,317.1,0
2018-03-16 22:11:16,5,56,19.7,75,6.1,998.1,1003,1.7,2.4,13,317.1,0
2018-03-16 22:16:16,5,56,19.7,75,6,998.2,1003.1,1.4,2,4,317.1,0
2018-03-16 22:21:16,5,56,19.7,75,6,998.3,1003.2,1.7,2.7,12,317.1,0
2018-03-16 22:26:16,5,56,19.7,76,6,998.4,1003.3,2.7,4.1,4,317.1,0
2018-03-16 22:31:16,5,55,19.7,76,6.1,998.5,1003.4,3.4,4.8,4,317.1,0
2018-03-16 22:36:16,5,55,19.7,77,6.2,998.4,1003.3,2.7,4.8,4,317.1,0
2018-03-16 22:41:16,5,55,19.7,77,6.3,998.6,1003.5,2.7,4.1,4,317.1,0
2018-03-16 22:46:16,5,55,19.7,77,6.2,998.7,1003.6,3.4,4.8,4,317.1,0
2018-03-16 22:51:16,5,55,19.7,77,6.2,998.7,1003.6,3.1,4.4,12,317.1,0
2018-03-16 22:56:16,5,55,19.7,77,6.2,998.8,1003.7,2.4,3.7,4,317.1,0
2018-03-16 23:01:16,5,55,19.7,76,6.1,998.8,1003.7,2.4,4.8,4,317.1,0
2018-03-16 23:06:16,5,55,19.7,76,6,998.9,1003.8,2,3.1,4,317.1,0
2018-03-16 23:11:16,5,55,19.7,77,5.9,999,1003.9,2.4,3.4,14,317.1,0
2018-03-16 23:16:16,5,55,19.7,77,5.8,999,1003.9,1.4,2.4,4,317.1,0
2018-03-16 23:21:16,5,55,19.7,77,5.6,999.1,1004,1.4,2,4,317.1,0
2018-03-16 23:26:16,5,55,19.7,77,5.6,999.4,1004.3,2.7,3.7,4,317.1,0
2018-03-16 23:31:16,5,55,19.7,77,5.5,999.4,1004.3,1.4,2.4,2,317.1,0
2018-03-16 23:36:16,5,55,19.7,78,5.5,999.6,1004.5,1.7,3.1,4,317.1,0
2018-03-16 23:41:16,5,55,19.7,78,5.5,999.7,1004.6,1.7,2.7,4,317.1,0
2018-03-16 23:46:16,5,55,19.7,78,5.5,999.7,1004.6,1.4,2,2,317.1,0
2018-03-16 23:51:16,5,55,19.7,78,5.4,999.6,1004.5,1,2.4,2,317.1,0
2018-03-16 23:56:16,5,55,19.7,78,5.2,999.6,1004.5,1.4,2,2,317.1,0
