2024-11-19 00:04:29,5,65,19,99,5.6,998.1,1003,0,0,4,920.1,0
2024-11-19 00:09:29,5,66,18.9,99,5.6,998.1,1003,0,0,4,920.1,0
2024-11-19 00:14:29,5,66,18.8,99,5.6,998,1002.9,0,0,4,920.1,0
2024-11-19 00:19:29,5,66,18.9,99,5.6,998,1002.9,0,0,4,920.4,0
2024-11-19 00:24:29,5,66,18.9,99,5.6,997.6,1002.5,0,0,,920.4,0
2024-11-19 00:29:29,5,66,18.8,99,5.6,997.6,1002.5,0,0,,920.4,0
2024-11-19 00:34:29,5,66,18.8,99,5.6,997.7,1002.6,0,0,,920.4,0
2024-11-19 00:39:29,5,66,18.7,99,5.5,997.9,1002.8,0,0,,920.4,0
2024-11-19 00:44:29,5,66,18.7,99,5.5,997.8,1002.7,0,0,,920.4,0
2024-11-19 00:49:29,5,66,18.8,99,5.4,997.8,1002.7,0,0,4,920.4,0
2024-11-19 00:54:29,5,66,18.8,99,5.4,997.7,1002.6,0,0,4,920.4,0
2024-11-19 00:59:29,5,66,18.8,99,5.3,997.6,1002.5,0,0,4,920.4,0
2024-11-19 01:04:29,5,66,18.8,99,5.3,997.5,1002.4,0,0,,920.4,0
2024-11-19 01:09:29,5,66,18.8,99,5.2,997.6,1002.5,0,0,8,920.4,0
2024-11-19 01:14:29,5,66,18.8,99,5.2,997.4,1002.3,0,0,,920.4,0
2024-11-19 01:19:29,5,66,18.8,99,5.2,997.3,1002.2,0,0,,920.4,0
2024-11-19 01:24:29,5,66,18.8,99,5.2,997.2,1002.1,0,0,,920.4,0
2024-11-19 01:29:29,5,66,18.7,99,5.2,997.4,1002.3,0,0,4,920.7,0
2024-11-19 01:34:29,5,66,18.7,99,5.2,997.5,1002.4,0,0,4,920.7,0
2024-11-19 01:39:29,5,66,18.7,99,5.1,997.4,1002.3,0,0,4,920.7,0
2024-11-19 01:44:29,5,66,18.7,99,5.1,997.5,1002.4,0,0,4,920.7,0
2024-11-19 01:49:29,5,66,18.6,99,5.1,997.3,1002.2,0,0,4,920.7,0
2024-11-19 01:54:29,5,66,18.6,99,5.1,997.2,1002.1,0,0,4,920.7,0
2024-11-19 01:59:29,5,66,18.6,99,5.1,997.1,1002,0,0,4,920.7,0
2024-11-19 02:04:29,5,66,18.6,99,5.1,997.3,1002.2,0,0,4,920.7,0
2024-11-19 02:09:29,5,66,18.6,99,5.1,997.3,1002.2,0,0,4,920.7,0
2024-11-19 02:14:29,5,66,18.6,99,5.1,997.5,1002.4,0,0,4,920.7,0
2024-11-19 02:19:29,5,66,18.6,99,5.1,997.5,1002.4,0,0,4,920.7,0
2024-11-19 02:24:29,5,66,18.6,99,5.1,997.3,1002.2,0,0,4,921,0
2024-11-19 02:29:29,5,66,18.6,99,5,997.1,1002,0,0,4,921,0
2024-11-19 02:34:29,5,66,18.6,99,4.9,997.1,1002,0,0,2,921,0
2024-11-19 02:39:29,5,66,18.6,99,4.8,997,1001.9,0,0,2,921,0
2024-11-19 02:44:29,5,66,18.5,99,4.8,997.1,1002,0,0,2,921,0
2024-11-19 02:49:28,5,66,18.5,99,4.8,997.1,1002,0,0,2,921,0
2024-11-19 02:54:28,5,66,18.5,99,4.8,997.6,1002.5,0,0,2,921,0
2024-11-19 02:59:28,5,66,18.6,99,4.7,998,1002.9,0,0,2,921,0
2024-11-19 03:04:28,5,66,18.5,99,4.6,998.1,1003,0,0,2,921,0
2024-11-19 03:09:28,5,66,18.5,99,4.3,998.1,1003,0,0,2,921,0
2024-11-19 03:14:28,5,66,18.5,99,4,998.3,1003.2,0,0,4,921.3,0
2024-11-19 03:19:28,5,66,18.5,99,3.9,998.3,1003.2,0,0,4,921.3,0
2024-11-19 03:24:28,5,66,18.5,99,3.8,998.5,1003.4,0,0,2,921.3,0
2024-11-19 03:29:28,5,66,18.5,99,3.6,998.2,1003.1,0,0,2,921.3,0
2024-11-19 03:34:28,5,66,18.5,99,3.4,998.6,1003.5,0,0,2,921.3,0
2024-11-19 03:39:28,5,66,18.5,99,3.3,998.6,1003.5,0,0,2,921.3,0
2024-11-19 03:44:28,5,66,18.5,99,3.3,998.8,1003.7,0,0,2,921.3,0
2024-11-19 03:49:28,5,66,18.5,99,3.2,998.6,1003.5,0,0,2,921.3,0
2024-11-19 03:54:28,5,66,18.5,99,3.1,998.7,1003.6,0,0,4,921.3,0
2024-11-19 03:59:28,5,66,18.5,99,3.1,998.6,1003.5,0,0,4,921.3,0
2024-11-19 04:04:28,5,66,18.4,98,3.1,998.7,1003.6,0,0,4,921.3,0
2024-11-19 04:09:28,5,66,18.3,98,3,998.8,1003.7,0,0,4,921.3,0
2024-11-19 04:14:28,5,66,18.4,98,3,998.6,1003.5,0,0,4,921.3,0
2024-11-19 04:19:28,5,66,18.4,98,3,998.7,1003.6,0,0,4,921.3,0
2024-11-19 04:24:28,5,66,18.4,98,3.1,998.8,1003.7,0,0,4,921.3,0
2024-11-19 04:29:28,5,66,18.3,98,3.1,998.9,1003.8,0,0,4,921.3,0
2024-11-19 04:34:28,5,66,18.4,98,3.2,999.1,1004,0,0,4,921.3,0
2024-11-19 04:39:28,5,66,18.4,98,3.2,999.1,1004,0,0,4,921.3,0
2024-11-19 04:44:28,5,66,18.4,98,3.1,999.1,1004,0,0,4,921.3,0
2024-11-19 04:49:28,5,66,18.4,98,3,999.1,1004,0,0,4,921.3,0
2024-11-19 04:54:28,5,66,18.4,97,3,999.1,1004,0,0,4,921.3,0
2024-11-19 04:59:28,5,66,18.3,97,3,999.1,1004,0,0,4,921.3,0
2024-11-19 05:04:28,5,66,18.3,97,3,999.2,1004.1,0,0,,921.3,0
2024-11-19 05:09:28,5,66,18.3,97,2.9,999.4,1004.3,0,0,2,921.3,0
2024-11-19 05:14:28,5,66,18.3,97,2.9,999.3,1004.2,0,0,2,921.3,0
2024-11-19 05:19:28,5,66,18.3,97,2.9,999.3,1004.2,0,0,2,921.3,0
2024-11-19 05:24:28,5,66,18.3,97,2.9,999.4,1004.3,0,0,2,921.3,0
2024-11-19 05:29:28,5,66,18.3,97,2.9,999.6,1004.5,0,0,2,921.3,0
2024-11-19 05:34:28,5,66,18.3,97,3,999.8,1004.7,0,0,2,921.3,0
2024-11-19 05:39:28,5,66,18.3,97,3,999.5,1004.4,0,0,2,921.3,0
2024-11-19 05:44:28,5,66,18.3,97,3,999.7,1004.6,0,0,2,921.3,0
2024-11-19 05:49:28,5,66,18.3,97,3,999.5,1004.4,0,0,2,921.3,0
2024-11-19 05:54:28,5,66,18.3,97,2.9,999.8,1004.7,0,0,2,921.3,0
2024-11-19 05:59:28,5,66,18.3,97,3,999.8,1004.7,0,0,2,921.3,0
2024-11-19 06:04:28,5,66,18.2,97,3,999.9,1004.8,0,0,2,921.3,0
2024-11-19 06:09:28,5,66,18.2,97,3,1000,1004.9,0,0,2,921.3,0
2024-11-19 06:14:28,5,66,18.2,97,3,1000.1,1005,0,0,2,921.3,0
2024-11-19 06:19:28,5,66,18.2,97,3,1000.1,1005,0,0,2,921.3,0
2024-11-19 06:24:28,5,66,18.2,97,3,1000.3,1005.2,0,0,2,921.3,0
2024-11-19 06:29:28,5,66,18.2,97,3,1000.3,1005.2,0,0,2,921.6,0
2024-11-19 06:34:28,5,66,18.2,98,3,1000.4,1005.3,0,0,2,921.6,0
2024-11-19 06:39:28,5,66,18.2,98,3,1000.4,1005.3,0,0,2,921.6,0
2024-11-19 06:44:28,5,66,18.2,98,3,1000.5,1005.4,0,0,2,921.6,0
2024-11-19 06:49:28,5,66,18.2,98,2.9,1000.6,1005.5,0,0,2,921.6,0
2024-11-19 06:54:28,5,66,18.2,98,2.9,1000.6,1005.5,0,0,2,921.6,0
2024-11-19 06:59:28,5,66,18.3,98,2.9,1000.6,1005.5,0,0,2,921.6,0
2024-11-19 07:04:28,5,66,18.3,98,2.9,1000.6,1005.5,0,0,2,921.6,0
2024-11-19 07:09:28,5,66,18.3,98,2.9,1000.7,1005.6,0,0,2,921.6,0
2024-11-19 07:14:28,5,66,18.3,98,3,1001,1005.9,0,0,2,921.6,0
2024-11-19 07:19:28,5,66,18.3,98,3,1000.9,1005.8,0,0,2,921.9,0
2024-11-19 07:24:28,5,66,18.3,98,3,1000.9,1005.8,0,0,2,921.9,0
2024-11-19 07:29:28,5,66,18.3,98,3,1001.1,1006,0,0,2,921.9,0
2024-11-19 07:34:28,5,66,18.3,98,2.9,1000.9,1005.8,0,0,2,921.9,0
2024-11-19 07:39:28,5,66,18.3,98,2.9,1000.9,1005.8,0,0,2,921.9,0
2024-11-19 07:44:28,5,66,18.3,98,2.9,1001,1005.9,0,0,2,921.9,0
2024-11-19 07:49:28,5,66,18.3,98,2.9,1001,1005.9,0,0,2,921.9,0
2024-11-19 07:54:28,5,66,18.3,98,2.9,1001.1,1006,0,0,2,921.9,0
2024-11-19 07:59:28,5,66,18.3,98,3,1001.1,1006,0,0,2,921.9,0
2024-11-19 08:04:28,5,66,18.3,99,3,1001.3,1006.2,0,0,2,922.2,0
2024-11-19 08:09:28,5,66,18.3,99,3.1,1001.3,1006.2,0,0,2,922.2,0
2024-11-19 08:14:28,5,66,18.3,99,3.1,1001.5,1006.4,0,0,2,922.2,0
2024-11-19 08:19:28,5,66,18.3,99,3.1,1001.5,1006.4,0,0,2,922.2,0
2024-11-19 08:24:28,5,66,18.3,99,3.2,1001.5,1006.4,0,0,2,922.2,0
2024-11-19 08:29:28,5,66,18.3,99,3.2,1001.6,1006.5,0,0,2,922.2,0
2024-11-19 08:34:28,5,66,18.2,99,3.2,1001.4,1006.3,0,0,2,922.2,0
2024-11-19 08:39:28,5,66,18.2,99,3.2,1001.6,1006.5,0,0,4,922.2,0
2024-11-19 08:44:28,5,66,18.2,99,3.3,1001.7,1006.6,0,0,4,922.2,0
2024-11-19 08:49:28,5,65,18.2,99,3.2,1001.9,1006.8,0,0,4,922.2,0
2024-11-19 08:54:28,5,65,18.2,99,3.3,1001.9,1006.8,0,0,4,922.2,0
2024-11-19 08:59:28,5,65,18.3,99,3.3,1001.9,1006.8,0,0,4,922.2,0
2024-11-19 09:04:28,5,65,18.3,99,3.3,1001.8,1006.7,0,0,4,922.2,0
2024-11-19 09:09:28,5,65,18.4,99,3.3,1002,1006.9,0,0,4,922.2,0
2024-11-19 09:14:28,5,65,18.5,99,3.3,1002,1006.9,0,0,4,922.2,0
2024-11-19 09:19:28,5,65,18.5,99,3.3,1002,1006.9,0,0,4,922.2,0
2024-11-19 09:24:28,5,65,18.5,99,3.3,1002.2,1007.1,0,0,4,922.2,0
2024-11-19 09:29:28,5,65,18.6,99,3.4,1002.1,1007,0,0,4,922.2,0
2024-11-19 09:34:28,5,65,18.7,99,3.4,1002.2,1007.1,0,0,4,922.2,0
2024-11-19 09:39:28,5,64,18.8,99,3.5,1002.1,1007,0,0,2,922.2,0
2024-11-19 09:44:28,5,64,18.8,99,3.6,1002.2,1007.1,0,0,2,922.2,0
2024-11-19 09:49:28,5,64,18.9,99,3.6,1002.2,1007.1,0,0,2,922.2,0
2024-11-19 09:54:28,5,64,18.8,99,3.7,1002.4,1007.3,0,0,0,922.2,0
2024-11-19 09:59:28,5,64,18.9,99,3.7,1002.4,1007.3,0,0,0,922.2,0
2024-11-19 10:04:28,5,63,19,99,3.8,1002.5,1007.4,0,0,0,922.2,0
2024-11-19 10:09:28,5,63,19.1,99,3.9,1002.5,1007.4,0,0,0,922.2,0
2024-11-19 10:14:28,5,63,19.1,99,3.9,1002.7,1007.6,0,0,0,922.2,0
2024-11-19 10:19:28,5,63,19.2,99,3.9,1002.6,1007.5,0,0,0,922.2,0
2024-11-19 10:24:28,5,63,19.2,99,3.8,1002.6,1007.5,0,0.3,0,922.2,0
2024-11-19 10:29:28,5,62,19.2,99,4,1002.6,1007.5,0,0,0,922.2,0
2024-11-19 10:34:28,5,62,19.3,99,4.1,1002.7,1007.6,0,0,0,922.2,0
2024-11-19 10:39:28,5,62,19.3,99,4,1002.8,1007.7,0,0,2,922.2,0
2024-11-19 10:44:28,5,62,19.4,98,4,1003,1007.9,0,0,2,922.2,0
2024-11-19 10:49:28,5,62,19.4,97,4,1003,1007.9,0,0,2,922.2,0
2024-11-19 10:54:28,5,62,19.4,96,4.1,1003.2,1008.1,0,0,0,922.2,0
2024-11-19 10:59:28,5,62,19.4,95,4.1,1003.2,1008.1,0,0,0,922.2,0
2024-11-19 11:04:28,5,62,19.5,94,4.1,1003.1,1008,0,0,0,922.2,0
2024-11-19 11:09:28,5,62,19.5,93,4.1,1003.3,1008.2,0,0,0,922.5,0
2024-11-19 11:14:28,5,62,19.5,92,4.2,1003.2,1008.1,0,0,0,922.5,0
2024-11-19 11:19:28,5,62,19.5,91,4.1,1003.4,1008.3,0,0,0,922.5,0
2024-11-19 11:24:28,5,62,19.5,90,4.2,1003.3,1008.2,0,0,0,922.5,0
2024-11-19 11:29:28,5,61,19.5,89,4.1,1003.5,1008.4,0,0,0,922.5,0
2024-11-19 11:34:28,5,61,19.5,88,4.2,1003.5,1008.4,0,0,0,922.5,0
2024-11-19 11:39:28,5,61,19.5,87,4.1,1003.5,1008.4,0,0,0,922.5,0
2024-11-19 11:44:28,5,61,19.5,87,4.1,1003.4,1008.3,0,0,0,922.5,0
2024-11-19 11:49:28,5,61,19.5,87,4,1003.4,1008.3,0,0,0,922.5,0
2024-11-19 11:54:28,5,61,19.5,87,4,1003.5,1008.4,0,0,0,922.5,0
2024-11-19 11:59:28,5,61,19.5,87,4.1,1003.5,1008.4,0,0,0,922.5,0
2024-11-19 12:04:28,5,61,19.5,87,4.1,1003.4,1008.3,0,0,0,922.5,0
2024-11-19 12:09:28,5,61,19.5,87,4.3,1003.4,1008.3,0,0,2,922.5,0
2024-11-19 12:14:28,5,61,19.6,87,4.1,1003.6,1008.5,0,0,2,922.5,0
2024-11-19 12:19:28,5,61,19.6,87,4,1003.6,1008.5,0,0,2,922.5,0
2024-11-19 12:24:28,5,61,19.6,87,4,1003.4,1008.3,0,0,4,922.5,0
2024-11-19 12:29:31,5,61,19.6,87,4.1,1003.6,1008.5,0,0,4,922.5,0
2024-11-19 12:34:28,5,61,19.6,88,4.1,1003.7,1008.6,0,0,4,922.5,0
2024-11-19 12:39:28,5,60,19.5,88,3.9,1003.7,1008.6,0,0,4,922.5,0
2024-11-19 12:44:28,5,60,19.6,88,3.8,1003.8,1008.7,0,0,,922.5,0
2024-11-19 12:49:28,5,60,19.6,88,3.9,1003.7,1008.6,0,0,,922.5,0
2024-11-19 12:54:28,5,60,19.6,87,4,1003.8,1008.7,0,0,4,922.5,0
2024-11-19 12:59:28,5,60,19.6,87,4.1,1003.7,1008.6,0,0,4,922.5,0
2024-11-19 13:04:28,5,60,19.6,87,4.2,1003.8,1008.7,0,0,4,922.5,0
2024-11-19 13:09:28,5,60,19.6,86,4.1,1003.8,1008.7,0,0,4,922.5,0
2024-11-19 13:14:28,5,60,19.5,86,4.2,1004.1,1009,0,0,4,922.5,0
2024-11-19 13:19:28,5,60,19.5,86,4.2,1004.2,1009.1,0,0,4,922.5,0
2024-11-19 13:24:28,5,61,19.6,85,4.2,1004.2,1009.1,2,2.7,4,922.5,0
2024-11-19 13:29:28,5,61,19.5,84,4.2,1004.4,1009.3,2.4,3.1,4,922.5,0
2024-11-19 13:34:28,5,61,19.5,84,4.3,1004.3,1009.2,2,2.7,4,922.5,0
2024-11-19 13:39:28,5,61,19.5,84,4.3,1004.5,1009.4,2.4,3.4,4,922.5,0
2024-11-19 13:44:28,5,61,19.4,84,4.2,1004.4,1009.3,1.7,2.7,4,922.5,0
2024-11-19 13:49:28,5,61,19.4,84,4.2,1004.4,1009.3,1.4,2.4,4,922.5,0
2024-11-19 13:54:28,5,61,19.4,85,4.3,1004.7,1009.6,2.4,3.4,2,922.5,0
2024-11-19 13:59:28,5,61,19.3,84,4.2,1004.5,1009.4,2.7,3.4,4,922.5,0
2024-11-19 14:04:28,5,61,19.3,84,4.1,1004.5,1009.4,2.7,3.4,2,922.5,0
2024-11-19 14:09:28,5,61,19.3,84,4.3,1004.7,1009.6,2.7,4.1,4,922.5,0
2024-11-19 14:14:28,5,61,19.3,83,4.2,1004.8,1009.7,3.4,3.7,4,922.5,0
2024-11-19 14:19:28,5,61,19.4,83,4.2,1004.9,1009.8,1.7,2.4,4,922.5,0
2024-11-19 14:24:28,5,61,19.4,84,4.1,1004.8,1009.7,1.7,2.4,4,922.5,0
2024-11-19 14:29:28,5,61,19.4,84,4.1,1005.1,1010,2,2.7,4,922.5,0
2024-11-19 14:34:28,5,61,19.5,84,4,1005,1009.9,2.4,3.4,2,922.5,0
2024-11-19 14:39:28,5,61,19.4,84,3.9,1005,1009.9,2,2.7,0,922.5,0
2024-11-19 14:44:28,5,60,19.5,85,3.9,1005.1,1010,2.7,4.1,2,922.5,0
2024-11-19 14:49:28,5,60,19.5,85,3.9,1005.2,1010.1,1.4,1.7,4,922.5,0
2024-11-19 14:54:28,5,60,19.4,86,4,1005.2,1010.1,2,2.4,4,922.5,0
2024-11-19 14:59:28,5,60,19.4,86,4,1005.2,1010.1,1.7,2.4,4,922.5,0
2024-11-19 15:04:28,5,60,19.5,87,4,1005.3,1010.2,1.7,2.7,2,922.5,0
2024-11-19 15:09:28,5,59,19.4,87,4,1005.3,1010.2,1.7,2.7,2,922.5,0
2024-11-19 15:14:28,5,59,19.5,87,3.9,1005.5,1010.4,2.7,3.1,2,922.5,0
2024-11-19 15:19:28,5,60,19.4,87,4,1005.3,1010.2,2,2.7,2,922.5,0
2024-11-19 15:24:28,5,60,19.5,88,4.1,1005.4,1010.3,1,1.4,4,922.5,0
2024-11-19 15:29:28,5,60,19.5,88,4.1,1005.4,1010.3,1.7,2.4,2,922.5,0
2024-11-19 15:34:28,5,60,19.6,88,4.1,1005.6,1010.5,2.4,2.7,2,922.5,0
2024-11-19 15:39:28,5,59,19.5,88,4,1005.8,1010.7,1.7,2.4,2,922.5,0
2024-11-19 15:44:28,5,59,19.6,88,4,1005.8,1010.7,2,3.4,4,922.5,0
2024-11-19 15:49:28,5,59,19.5,88,4,1006.1,1011,1,1.4,2,922.5,0
2024-11-19 15:54:28,5,59,19.5,88,4,1006,1010.9,1,2.4,4,922.5,0
2024-11-19 15:59:28,5,59,19.5,89,4,1006.1,1011,0.7,1.4,4,922.5,0
2024-11-19 16:04:28,5,59,19.5,89,3.9,1006.3,1011.2,1.7,2.4,4,922.5,0
2024-11-19 16:09:28,5,59,19.6,89,3.9,1006.2,1011.1,0.3,1.7,4,922.5,0
2024-11-19 16:14:28,5,59,19.6,89,3.9,1006.3,1011.2,1.4,2,4,922.5,0
2024-11-19 16:19:28,5,58,19.6,89,3.9,1006.4,1011.3,0.7,1,4,922.5,0
2024-11-19 16:24:28,5,58,19.5,90,3.8,1006.6,1011.5,0,0,4,922.5,0
2024-11-19 16:29:28,5,57,19.4,90,3.8,1006.7,1011.6,0,0,4,922.5,0
2024-11-19 16:34:28,5,57,19.3,90,3.8,1007,1011.9,0.3,0.7,4,922.5,0
2024-11-19 16:39:28,5,57,19.3,90,3.8,1007.1,1012,0.7,1.4,4,922.5,0
2024-11-19 16:44:28,5,57,19.2,90,3.7,1006.9,1011.8,0.7,1,4,922.5,0
2024-11-19 16:49:28,5,58,19.2,90,3.7,1007,1011.9,1,1.7,4,922.5,0
2024-11-19 16:54:28,5,58,19.1,90,3.6,1007.1,1012,1.4,2.4,4,922.5,0
2024-11-19 16:59:28,5,58,19.1,90,3.6,1007.3,1012.2,1.7,2.7,4,922.5,0
2024-11-19 17:04:28,5,58,19,91,3.5,1007.5,1012.4,1.4,1.7,4,922.5,0
2024-11-19 17:09:28,5,58,19,91,3.3,1007.6,1012.5,1.4,2,4,922.5,0
2024-11-19 17:14:28,5,58,18.9,91,3.2,1007.8,1012.7,1.4,1.7,4,922.5,0
2024-11-19 17:19:28,5,58,18.8,91,3.1,1008,1012.9,1.4,1.7,4,922.5,0
2024-11-19 17:24:28,5,58,18.7,91,3.1,1008,1012.9,1.7,2,4,922.5,0
2024-11-19 17:29:28,5,58,18.8,91,3.1,1008,1012.9,2.7,3.1,4,922.5,0
2024-11-19 17:34:28,5,57,18.7,91,3,1008.1,1013,2.4,3.1,4,922.5,0
2024-11-19 17:39:28,5,57,18.7,91,2.9,1008.3,1013.2,1.7,2.4,4,922.5,0
2024-11-19 17:44:28,5,57,18.7,91,2.8,1008.4,1013.3,2,2.7,4,922.5,0
2024-11-19 17:49:28,5,57,18.6,91,2.7,1008.5,1013.4,2.4,2.7,4,922.5,0
2024-11-19 17:54:28,5,57,18.5,91,2.4,1008.6,1013.5,1,1.7,2,922.5,0
2024-11-19 17:59:28,5,57,18.5,91,2.3,1008.8,1013.7,1.4,1.7,2,922.5,0
2024-11-19 18:04:28,5,57,18.5,91,2.1,1008.9,1013.8,1.4,1.7,2,922.5,0
2024-11-19 18:09:28,5,57,18.4,91,1.9,1008.9,1013.8,1,1.4,2,922.5,0
2024-11-19 18:14:28,5,57,18.4,91,1.8,1008.9,1013.8,0.7,1,2,922.5,0
2024-11-19 18:19:28,5,57,18.4,91,1.7,1009,1013.9,1.4,1.7,2,922.5,0
2024-11-19 18:24:28,5,57,18.4,91,1.6,1009.2,1014.1,1.4,1.7,2,922.5,0
2024-11-19 18:29:28,5,57,18.3,91,1.5,1009.3,1014.2,0,0,2,922.5,0
2024-11-19 18:34:28,5,57,18.3,91,1.4,1009.4,1014.3,0.7,1,2,922.5,0
2024-11-19 18:39:28,5,58,18.3,91,1.3,1009.6,1014.5,0,0,2,922.5,0
2024-11-19 18:44:28,5,58,18.3,91,1.3,1009.6,1014.5,0,0,2,922.5,0
2024-11-19 18:49:28,5,58,18.3,91,1.1,1009.7,1014.6,0,0,2,922.5,0
2024-11-19 18:54:28,5,58,18.3,91,1,1009.8,1014.7,0,0,2,922.5,0
2024-11-19 18:59:28,5,59,18.3,91,0.9,1009.9,1014.8,0,0,2,922.5,0
2024-11-19 19:04:28,5,59,18.3,91,0.8,1009.8,1014.7,0,0,2,922.5,0
2024-11-19 19:09:28,5,59,18.3,91,0.6,1010.1,1015,0,0,4,922.5,0
2024-11-19 19:14:28,5,60,18.2,91,0.5,1010,1014.9,0,0,4,922.5,0
2024-11-19 19:19:28,5,60,18.3,91,0.5,1010,1014.9,0,0,4,922.5,0
2024-11-19 19:24:28,5,61,18.3,91,0.4,1010,1014.9,0,0,4,922.5,0
2024-11-19 19:29:28,5,61,18.4,91,0.3,1010.2,1015.1,0,0,2,922.5,0
2024-11-19 19:34:28,5,61,18.4,91,0.1,1010.2,1015.1,0,0,2,922.5,0
2024-11-19 19:39:28,5,61,18.5,91,0,1010.2,1015.1,0,0,2,922.5,0
2024-11-19 19:44:28,5,61,18.5,91,-0.2,1010.4,1015.3,0,0,4,922.5,0
2024-11-19 19:49:28,5,61,18.5,91,-0.2,1010.4,1015.3,0,0,4,922.5,0
2024-11-19 19:54:28,5,61,18.5,91,-0.2,1010.5,1015.4,0,0,4,922.5,0
2024-11-19 19:59:28,5,61,18.5,91,-0.2,1010.4,1015.3,0,0,4,922.5,0
2024-11-19 20:04:28,5,61,18.5,91,-0.1,1010.6,1015.5,0,0,4,922.5,0
2024-11-19 20:09:28,5,61,18.5,92,-0.1,1010.6,1015.5,0,0,4,922.5,0
2024-11-19 20:14:28,5,61,18.5,92,0,1010.7,1015.6,0,0,4,922.5,0
2024-11-19 20:19:28,5,60,18.5,92,-0.1,1010.8,1015.7,0,0,4,922.5,0
2024-11-19 20:24:28,5,60,18.5,92,-0.1,1010.9,1015.8,0,0,4,922.5,0
2024-11-19 20:29:28,5,60,18.4,92,-0.1,1010.9,1015.8,0,0,4,922.5,0
2024-11-19 20:34:28,5,60,18.4,92,-0.1,1011,1015.9,0,0,4,922.5,0
2024-11-19 20:39:28,5,59,18.4,92,-0.2,1011.1,1016,0,0,4,922.5,0
2024-11-19 20:44:28,5,59,18.4,93,-0.3,1011.2,1016.1,0,0,4,922.5,0
2024-11-19 20:49:28,5,59,18.4,93,-0.3,1011.3,1016.2,0,0,4,922.5,0
2024-11-19 20:54:28,5,59,18.4,93,-0.2,1011.2,1016.1,0,0,4,922.5,0
2024-11-19 20:59:28,5,59,18.4,93,-0.2,1011.3,1016.2,0,0,4,922.5,0
2024-11-19 21:04:28,5,59,18.4,93,-0.2,1011.2,1016.1,0,0,4,922.5,0
2024-11-19 21:09:28,5,59,18.4,93,-0.4,1011.5,1016.4,0,0,4,922.5,0
2024-11-19 21:14:28,5,59,18.4,93,-0.4,1011.5,1016.4,0,0,4,922.5,0
2024-11-19 21:19:28,5,59,18.4,93,-0.4,1011.5,1016.4,0,0,4,922.5,0
2024-11-19 21:24:28,5,59,18.4,93,-0.5,1011.5,1016.4,0,0,4,922.5,0
2024-11-19 21:29:28,5,59,18.4,93,-0.6,1011.5,1016.4,0,0,4,922.5,0
2024-11-19 21:34:28,5,59,18.4,93,-0.6,1011.6,1016.5,0,0,4,922.5,0
2024-11-19 21:39:28,5,59,18.4,94,-0.6,1011.7,1016.6,0,0,4,922.5,0
2024-11-19 21:44:28,5,59,18.4,94,-0.4,1011.8,1016.7,0,0,4,922.5,0
2024-11-19 21:49:28,5,59,18.4,94,-0.5,1011.7,1016.6,0,0,4,922.5,0
2024-11-19 21:54:28,5,59,18.4,94,-0.6,1011.4,1016.3,0,0,4,922.5,0
2024-11-19 21:59:28,5,59,18.5,94,-0.7,1011.4,1016.3,0,0,4,922.5,0
2024-11-19 22:04:28,5,59,18.5,94,-0.7,1011.5,1016.4,0,0,4,922.5,0
2024-11-19 22:09:28,5,59,18.5,94,-0.7,1011.6,1016.5,0,0,4,922.5,0
2024-11-19 22:14:28,5,59,18.5,94,-0.7,1011.6,1016.5,0,0,4,922.5,0
2024-11-19 22:19:28,5,59,18.5,94,-0.8,1011.6,1016.5,0,0,4,922.5,0
2024-11-19 22:24:28,5,59,18.5,94,-0.8,1011.7,1016.6,0,0,4,922.5,0
2024-11-19 22:29:28,5,59,18.5,94,-0.7,1011.8,1016.7,0,0,4,922.5,0
2024-11-19 22:34:28,5,59,18.5,94,-0.7,1011.7,1016.6,0,0,4,922.5,0
2024-11-19 22:39:28,5,59,18.5,94,-0.8,1011.7,1016.6,0,0,,922.5,0
2024-11-19 22:44:28,5,59,18.5,94,-0.8,1011.7,1016.6,0,0,,922.5,0
2024-11-19 22:49:28,5,58,18.5,94,-0.8,1011.8,1016.7,0,0,,922.5,0
2024-11-19 22:54:28,5,58,18.5,95,-0.8,1011.8,1016.7,0,0,,922.5,0
2024-11-19 22:59:28,5,58,18.5,95,-0.8,1012,1016.9,0,0,,922.5,0
2024-11-19 23:04:28,5,58,18.6,95,-0.8,1012,1016.9,0,0,,922.5,0
2024-11-19 23:09:28,5,58,18.5,95,-0.8,1012,1016.9,0,0,,922.5,0
2024-11-19 23:14:28,5,58,18.5,95,-0.9,1011.9,1016.8,0,0,,922.5,0
2024-11-19 23:19:28,5,58,18.5,95,-0.9,1011.8,1016.7,0,0,,922.5,0
2024-11-19 23:24:28,5,58,18.5,95,-0.8,1011.9,1016.8,0,0,,922.5,0
2024-11-19 23:29:28,5,57,18.5,95,-0.7,1011.9,1016.8,0,0,,922.5,0
2024-11-19 23:34:28,5,57,18.5,95,-0.7,1012,1016.9,0,0,,922.5,0
2024-11-19 23:39:28,5,57,18.5,95,-0.6,1012.3,1017.2,0,0,,922.5,0
2024-11-19 23:44:28,5,57,18.5,95,-0.6,1012.4,1017.3,0,0,,922.5,0
2024-11-19 23:49:28,5,57,18.5,95,-0.5,1012.3,1017.2,0,0,,922.5,0
2024-11-19 23:54:28,5,57,18.5,96,-0.4,1012.3,1017.2,0,0,,922.5,0
2024-11-19 23:59:28,5,57,18.5,96,-0.4,1012.3,1017.2,0,0,,922.5,0
