2023-03-27 00:00:05,5,56,19.7,85,7,1021.6,1026.5,1,1.4,7,489,0
2023-03-27 00:05:05,5,56,19.7,84,7,1021.5,1026.4,1.4,1.7,2,489,0
2023-03-27 00:10:05,5,56,19.7,84,7,1021.8,1026.7,1.4,1.7,2,489,0
2023-03-27 00:15:05,5,56,19.7,84,6.9,1021.7,1026.6,1.7,2.4,7,489,0
2023-03-27 00:20:05,5,56,19.7,84,6.9,1021.8,1026.7,1.7,2,7,489,0
2023-03-27 00:25:05,5,56,19.6,84,6.8,1021.8,1026.7,2,2.4,2,489,0
2023-03-27 00:30:05,5,56,19.6,84,6.8,1021.8,1026.7,2,3.1,7,489,0
2023-03-27 00:35:05,5,56,19.6,84,6.8,1021.9,1026.8,2,2.7,,489,0
2023-03-27 00:40:05,5,56,19.6,84,6.7,1021.9,1026.8,2,2.7,7,489,0
2023-03-27 00:45:05,5,56,19.6,84,6.7,1021.9,1026.8,1.4,2,2,489,0
2023-03-27 00:50:05,5,56,19.6,84,6.6,1021.8,1026.7,1.4,1.7,2,489,0
2023-03-27 00:55:05,5,56,19.5,84,6.5,1021.8,1026.7,1,1.7,2,489,0
2023-03-27 01:00:05,5,56,19.5,84,6.5,1021.9,1026.8,1.4,1.7,0,489,0
2023-03-27 01:05:05,5,55,19.5,85,6.4,1021.8,1026.7,1.7,2.4,0,489,0
2023-03-27 01:10:05,5,55,19.5,85,6.4,1021.8,1026.7,1.7,2,2,489,0
2023-03-27 01:15:05,5,55,19.4,85,6.3,1021.9,1026.8,1,1.7,7,489,0
2023-03-27 01:20:05,5,55,19.4,85,6.3,1021.8,1026.7,1,1.7,2,489,0
2023-03-27 01:25:05,5,55,19.4,85,6.3,1021.8,1026.7,1,1.4,0,489,0
2023-03-27 01:30:05,5,55,19.4,86,6.2,1021.7,1026.6,0.7,1,0,489,0
2023-03-27 01:35:05,5,55,19.4,86,6.1,1021.7,1026.6,1,1.4,7,489,0
2023-03-27 01:40:05,5,55,19.3,86,5.9,1021.9,1026.8,1.7,2,7,489,0
2023-03-27 01:45:05,5,55,19.3,86,5.9,1021.8,1026.7,1.7,2,7,489,0
2023-03-27 01:50:05,5,55,19.3,86,5.8,1021.9,1026.8,1,1.4,7,489,0
2023-03-27 01:55:05,5,55,19.3,86,5.8,1021.9,1026.8,1.4,1.7,2,489,0
2023-03-27 02:00:05,5,55,19.3,86,5.8,1021.9,1026.8,1,1.4,2,489,0
2023-03-27 02:05:05,5,55,19.3,87,5.8,1022.1,1027,1,1.7,0,489,0
2023-03-27 02:10:05,5,55,19.3,87,5.9,1021.9,1026.8,1,1.7,,489,0
2023-03-27 02:15:05,5,55,19.2,87,5.9,1022,1026.9,1.4,1.7,2,489,0
2023-03-27 02:20:05,5,55,19.2,88,5.9,1022.1,1027,1,1.7,2,489,0
2023-03-27 02:25:05,5,55,19.2,88,5.9,1022.1,1027,1,1.4,2,489,0
2023-03-27 02:30:05,5,55,19.2,88,5.8,1022.1,1027,1.4,2,0,489,0
2023-03-27 02:35:05,5,55,19.2,88,5.6,1022.1,1027,1,1.4,0,489,0
2023-03-27 02:40:05,5,55,19.2,88,5.4,1022.2,1027.1,1,1.7,2,489,0
2023-03-27 02:45:05,5,55,19.2,87,5.2,1022,1026.9,1.4,2,2,489,0
2023-03-27 02:50:05,5,55,19.1,87,5.1,1022.1,1027,1.7,2.4,2,489,0
2023-03-27 02:55:05,5,55,19.1,86,4.8,1022.1,1027,2.4,4.1,2,489,0
2023-03-27 03:00:05,5,55,19.1,86,4.6,1022.2,1027.1,1.7,2.4,2,489,0
2023-03-27 03:05:05,5,55,19.1,85,4.5,1022.1,1027,2,2.7,2,489,0
2023-03-27 03:10:05,5,54,19.1,85,4.5,1021.9,1026.8,2,3.7,2,489,0
2023-03-27 03:15:05,5,54,19.1,85,4.5,1022,1026.9,1.7,2.4,2,489,0
2023-03-27 03:20:05,5,54,19,85,4.4,1022,1026.9,2.4,3.4,7,489,0
2023-03-27 03:25:05,5,54,19,85,4.5,1022.1,1027,2,3.1,2,489,0
2023-03-27 03:30:05,5,54,19,84,4.5,1022.1,1027,2,2.4,0,489,0
2023-03-27 03:35:05,5,54,19,84,4.5,1022.1,1027,2,2.7,7,489,0
2023-03-27 03:40:05,5,54,19,83,4.6,1022,1026.9,2,2.7,2,489,0
2023-03-27 03:45:05,5,54,19,83,4.6,1022.2,1027.1,1.7,2.4,7,489,0
2023-03-27 03:50:05,5,54,19,82,4.6,1022.2,1027.1,1.4,2,2,489,0
2023-03-27 03:55:05,5,54,19,81,4.6,1022.2,1027.1,1.7,2,7,489,0
2023-03-27 04:00:05,5,55,18.9,81,4.6,1022.4,1027.3,2.4,3.4,2,489,0
2023-03-27 04:05:05,5,55,18.9,80,4.6,1022.2,1027.1,1.7,2.7,,489,0
2023-03-27 04:10:05,5,55,18.9,80,4.6,1022.3,1027.2,2.4,3.1,2,489,0
2023-03-27 04:15:05,5,55,18.9,80,4.6,1022.3,1027.2,1.7,2.4,2,489,0
2023-03-27 04:20:05,5,55,18.9,80,4.5,1022.3,1027.2,1,1.7,2,489,0
2023-03-27 04:25:05,5,55,18.9,80,4.5,1022.3,1027.2,2,2.4,2,489,0
2023-03-27 04:30:05,5,55,18.9,80,4.5,1022.1,1027,2.4,3.4,2,489,0
2023-03-27 04:35:05,5,55,18.9,80,4.4,1022.1,1027,2,3.1,2,489,0
2023-03-27 04:40:05,5,55,18.9,79,4.3,1022.3,1027.2,1.7,2.4,0,489,0
2023-03-27 04:45:05,5,55,18.9,79,4.3,1022.2,1027.1,2.4,3.1,7,489,0
2023-03-27 04:50:05,5,55,18.9,79,4.3,1022.3,1027.2,1.4,2,7,489,0
2023-03-27 04:55:05,5,55,18.9,79,4.2,1022.1,1027,2,2.7,0,489,0
2023-03-27 05:00:05,5,55,18.8,79,4.1,1022.2,1027.1,2,4.1,7,489,0
2023-03-27 05:05:05,5,55,18.7,79,4,1022.1,1027,3.1,4.8,2,489,0
2023-03-27 05:10:05,5,55,18.7,79,4,1022.1,1027,3.7,4.1,7,489,0
2023-03-27 05:15:05,5,55,18.7,79,4,1022.1,1027,3.7,5.1,7,489,0
2023-03-27 05:20:05,5,55,18.7,78,4,1021.9,1026.8,4.8,6.1,7,489,0
2023-03-27 05:25:05,5,55,18.7,78,4,1022.1,1027,3.1,3.4,0,489,0
2023-03-27 05:30:05,5,55,18.7,78,4,1022,1026.9,2.7,3.1,7,489,0
2023-03-27 05:35:05,5,55,18.7,78,4,1022.1,1027,2.7,3.4,7,489,0
2023-03-27 05:40:05,5,55,18.7,78,4,1022.2,1027.1,2.4,3.1,7,489,0
2023-03-27 05:45:05,5,55,18.7,78,4.1,1022.1,1027,2.7,4.1,7,489,0
2023-03-27 05:50:05,5,55,18.7,78,4.1,1022.2,1027.1,2,2.7,7,489,0
2023-03-27 05:55:05,5,55,18.7,78,4.1,1022.3,1027.2,2,2.7,2,489,0
2023-03-27 06:00:05,5,55,18.6,78,4.1,1022.1,1027,2.7,3.1,2,489,0
2023-03-27 06:05:05,5,55,18.6,78,4.1,1022.2,1027.1,2.7,3.7,7,489,0
2023-03-27 06:10:05,5,55,18.6,78,4.1,1022.2,1027.1,1.4,2,0,489,0
2023-03-27 06:15:05,5,55,18.6,78,4.1,1022.1,1027,2.4,3.4,7,489,0
2023-03-27 06:20:05,5,55,18.7,78,4.1,1022.2,1027.1,2.7,3.7,0,489,0
2023-03-27 06:25:05,5,55,18.7,78,4.1,1022.2,1027.1,1.7,2.7,7,489,0
2023-03-27 06:30:05,5,55,18.7,78,4.1,1022.2,1027.1,1.7,2.4,7,489,0
2023-03-27 06:35:05,5,55,18.6,78,4.1,1022.3,1027.2,2,2.7,,489,0
2023-03-27 06:40:05,5,55,18.6,78,4.1,1022.4,1027.3,1.4,2,7,489,0
2023-03-27 06:45:05,5,55,18.6,78,4.2,1022.4,1027.3,1.7,3.1,7,489,0
2023-03-27 06:50:05,5,55,18.6,78,4.2,1022.4,1027.3,2,2.4,2,489,0
2023-03-27 06:55:05,5,55,18.6,78,4.3,1022.5,1027.4,1.4,1.7,7,489,0
2023-03-27 07:00:05,5,55,18.6,78,4.3,1022.4,1027.3,1.7,2,7,489,0
2023-03-27 07:05:05,5,55,18.6,78,4.4,1022.5,1027.4,2,2.7,7,489,0
2023-03-27 07:10:05,5,55,18.6,78,4.5,1022.4,1027.3,1.7,2.4,7,489,0
2023-03-27 07:15:05,5,55,18.6,77,4.5,1022.4,1027.3,2,3.1,2,489,0
2023-03-27 07:20:05,5,55,18.6,77,4.5,1022.4,1027.3,3.1,3.7,7,489,0
2023-03-27 07:25:05,5,55,18.6,77,4.6,1022.5,1027.4,3.1,3.7,0,489,0
2023-03-27 07:30:05,5,55,18.6,77,4.6,1022.5,1027.4,3.1,3.7,,489,0
2023-03-27 07:35:05,5,55,18.6,77,4.7,1022.5,1027.4,3.7,5.1,7,489,0
2023-03-27 07:40:05,5,55,18.6,77,4.7,1022.4,1027.3,2.7,3.7,7,489,0
2023-03-27 07:45:05,5,55,18.6,77,4.8,1022.3,1027.2,3.1,3.7,7,489,0
2023-03-27 07:50:05,5,55,18.6,77,4.9,1022.3,1027.2,2.4,3.1,7,489,0
2023-03-27 07:55:05,5,55,18.6,77,5,1022.4,1027.3,3.7,4.8,7,489,0
2023-03-27 08:00:05,5,55,18.6,77,5.2,1022.2,1027.1,2.4,3.4,7,489,0
2023-03-27 08:05:05,5,55,18.6,77,5.2,1022.4,1027.3,2.7,4.4,7,489,0
2023-03-27 08:10:05,5,55,18.6,77,5.3,1022.3,1027.2,3.4,4.1,7,489,0
2023-03-27 08:15:05,5,55,18.6,78,5.4,1022.4,1027.3,3.1,3.4,2,489,0
2023-03-27 08:20:05,5,55,18.7,78,5.5,1022.4,1027.3,3.4,4.4,7,489,0
2023-03-27 08:25:05,5,55,18.6,78,5.5,1022.5,1027.4,2.4,3.4,7,489,0
2023-03-27 08:30:05,5,55,18.6,78,5.7,1022.5,1027.4,3.1,4.4,7,489,0
2023-03-27 08:35:05,5,55,18.7,78,5.7,1022.2,1027.1,3.7,4.8,7,489,0
2023-03-27 08:40:05,5,55,18.8,78,5.8,1022.3,1027.2,3.4,4.4,7,489,0
2023-03-27 08:45:05,5,55,18.9,77,5.9,1022.3,1027.2,3.7,4.4,7,489,0
2023-03-27 08:50:05,5,55,19,77,6,1022.3,1027.2,4.1,5.4,7,489,0
2023-03-27 08:55:05,5,55,19.1,77,6.2,1022.3,1027.2,2,2.7,7,489,0
2023-03-27 09:00:05,5,55,19.2,77,6.4,1022.1,1027,2,3.1,7,489,0
2023-03-27 09:05:05,5,55,19.3,77,6.6,1022.2,1027.1,4.1,5.4,7,489,0
2023-03-27 09:10:05,5,55,19.3,76,6.5,1022.1,1027,2.7,3.4,7,489,0
2023-03-27 09:15:05,5,55,19.5,77,6.7,1022,1026.9,3.4,5.1,7,489,0
2023-03-27 09:20:05,5,55,19.6,78,6.9,1022.1,1027,3.7,5.4,7,489,0
2023-03-27 09:25:05,5,55,19.6,78,7.1,1022.1,1027,4.1,5.4,2,489,0
2023-03-27 09:30:05,5,55,19.7,77,7.2,1022,1026.9,3.7,4.4,7,489,0
2023-03-27 09:35:05,5,55,19.8,77,7.3,1022,1026.9,3.7,5.1,7,489,0
2023-03-27 09:40:05,5,55,19.9,77,7.3,1021.9,1026.8,4.4,5.4,7,489,0
2023-03-27 09:45:05,5,55,19.9,72,7.8,1022,1026.9,3.7,5.4,,489,0
2023-03-27 09:50:05,5,54,20,71,8.4,1021.9,1026.8,3.7,4.8,7,489,0
2023-03-27 09:55:05,5,54,20.1,70,8.8,1021.8,1026.7,3.4,4.1,2,489,0
2023-03-27 10:00:05,5,54,20.1,69,9.2,1021.7,1026.6,3.1,4.4,2,489.3,0
2023-03-27 10:05:05,5,54,20.1,67,9.2,1021.8,1026.7,3.1,3.7,2,489.3,0
2023-03-27 10:10:05,5,54,20.1,66,9,1021.7,1026.6,2.7,3.7,7,489.3,0
2023-03-27 10:15:05,5,53,20.2,67,9.4,1021.6,1026.5,3.1,4.4,7,489.3,0
2023-03-27 10:20:05,5,51,20.1,66,9.6,1021.5,1026.4,3.1,4.1,7,489.3,0
2023-03-27 10:25:05,5,52,20.1,66,9.7,1021.5,1026.4,2.7,3.7,2,489.3,0
2023-03-27 10:30:05,5,52,20.1,66,9.8,1021.6,1026.5,3.4,4.4,,489.3,0
2023-03-27 10:35:05,5,52,20.1,67,9.9,1021.4,1026.3,2.7,3.4,7,489.3,0
2023-03-27 10:40:05,5,52,20.1,67,10.1,1021.4,1026.3,3.7,5.1,7,489.3,0
2023-03-27 10:45:05,5,52,20,67,10,1021.4,1026.3,3.4,5.4,7,489.3,0
2023-03-27 10:50:05,5,52,20.1,67,10.2,1021.3,1026.2,2.4,3.1,14,489.3,0
2023-03-27 10:55:05,5,52,20.1,67,10.5,1021.2,1026.1,4.1,4.8,0,489.3,0
2023-03-27 11:00:05,5,52,20.1,67,10.5,1021.1,1026,3.4,4.1,7,489.3,0
2023-03-27 11:05:05,5,52,20.1,66,10.3,1021.2,1026.1,4.1,4.8,7,489.3,0
2023-03-27 11:10:05,5,52,20.1,68,10.9,1021.2,1026.1,4.8,5.8,7,489.3,0
2023-03-27 11:15:05,5,52,20.1,66,10.4,1021.3,1026.2,3.4,4.4,2,489.3,0
2023-03-27 11:20:05,5,52,20.2,68,10.7,1021.1,1026,4.1,5.1,,489.3,0
2023-03-27 11:25:05,5,53,20.2,68,10.8,1021.1,1026,3.4,4.1,7,489.3,0
2023-03-27 11:30:05,5,53,20.2,67,11,1021.1,1026,4.1,5.8,7,489.3,0
2023-03-27 11:35:05,5,53,20.3,67,11.1,1021,1025.9,3.1,3.7,2,489.3,0
2023-03-27 11:40:05,5,53,20.3,67,11.4,1021,1025.9,4.4,5.4,2,489.3,0
2023-03-27 11:45:05,5,53,20.3,66,11.3,1020.9,1025.8,3.7,5.8,7,489.3,0
2023-03-27 11:50:05,5,53,20.3,67,11.8,1020.8,1025.7,4.4,6.8,13,489.3,0
2023-03-27 11:55:05,5,53,20.4,65,11.2,1020.9,1025.8,4.8,5.8,7,489.3,0
2023-03-27 12:00:05,5,53,20.4,67,11.2,1020.7,1025.6,3.4,4.8,7,489.3,0
2023-03-27 12:05:05,5,53,20.4,66,11.3,1020.9,1025.8,3.7,4.8,7,489.3,0
2023-03-27 12:10:05,5,53,20.5,65,11.2,1020.7,1025.6,3.7,5.1,7,489.3,0
2023-03-27 12:15:05,5,53,20.5,66,11.2,1020.8,1025.7,3.7,4.4,7,489.3,0
2023-03-27 12:20:05,5,54,20.5,66,11.3,1020.7,1025.6,3.7,4.8,7,489.3,0
2023-03-27 12:25:05,5,54,20.5,66,11.1,1020.6,1025.5,3.7,4.4,7,489.3,0
2023-03-27 12:30:05,5,54,20.5,67,11.5,1020.6,1025.5,3.7,4.8,,489.3,0
2023-03-27 12:35:05,5,54,20.5,64,11.7,1020.5,1025.4,1.7,3.1,7,489.3,0
2023-03-27 12:40:05,5,54,20.5,64,11.6,1020.5,1025.4,3.7,4.4,2,489.3,0
2023-03-27 12:45:05,5,54,20.5,65,11.8,1020.2,1025.1,2,3.1,7,489.3,0
2023-03-27 12:50:05,5,54,20.5,62,12.5,1020.2,1025.1,3.4,4.1,14,489.3,0
2023-03-27 12:55:05,5,54,20.5,62,12,1020.3,1025.2,4.4,5.1,7,489.3,0
2023-03-27 13:00:05,5,54,20.5,63,11.7,1020.3,1025.2,3.7,4.8,,489.3,0
2023-03-27 13:05:05,5,54,20.5,64,11.4,1020.2,1025.1,4.8,6.1,7,489.3,0
2023-03-27 13:10:05,5,54,20.5,65,11.2,1020.2,1025.1,3.4,4.8,7,489.3,0
2023-03-27 13:15:05,5,54,20.5,66,11.1,1020.1,1025,5.1,5.8,,489.3,0
2023-03-27 13:20:05,5,54,20.5,69,11,1020.3,1025.2,2.4,3.7,7,489.3,0
2023-03-27 13:25:05,5,54,20.4,70,10.8,1020.3,1025.2,3.1,4.4,2,489.3,0
2023-03-27 13:30:05,5,55,20.4,70,10.7,1020.1,1025,3.7,5.1,7,489.3,0
2023-03-27 13:35:05,5,55,20.5,71,10.6,1020,1024.9,4.1,5.4,7,489.3,0
2023-03-27 13:40:05,5,55,20.5,71,10.6,1020,1024.9,3.7,5.8,7,489.3,0
2023-03-27 13:45:05,5,55,20.6,71,10.6,1019.8,1024.7,2.4,3.4,7,489.3,0
2023-03-27 13:50:05,5,55,20.6,71,10.8,1019.8,1024.7,2.4,3.4,2,489.3,0
2023-03-27 13:55:05,5,55,20.6,70,10.7,1019.7,1024.6,3.4,5.1,7,489.3,0
2023-03-27 14:00:05,5,55,20.6,71,10.7,1019.7,1024.6,4.8,5.4,4,489.3,0
2023-03-27 14:05:05,5,55,20.7,71,10.7,1019.6,1024.5,3.1,4.4,7,489.3,0
2023-03-27 14:10:05,5,55,20.7,71,10.9,1019.4,1024.3,2.7,4.1,7,489.3,0
2023-03-27 14:15:05,5,55,20.7,71,11.2,1019.3,1024.2,5.1,6.5,,489.3,0
2023-03-27 14:20:05,5,55,20.8,69,11.3,1019.3,1024.2,4.8,6.8,7,489.3,0
2023-03-27 14:25:05,5,55,20.8,68,11.4,1019.3,1024.2,3.1,4.4,,489.3,0
2023-03-27 14:30:05,5,55,20.8,67,11.1,1019.1,1024,3.1,4.1,,489.3,0
2023-03-27 14:35:05,5,54,20.8,68,11.3,1019,1023.9,4.1,5.4,15,489.3,0
2023-03-27 14:40:05,5,54,20.9,66,11.7,1018.7,1023.6,5.1,6.1,2,489.3,0
2023-03-27 14:45:05,5,54,20.9,65,12,1018.7,1023.6,4.8,7.8,2,489.3,0
2023-03-27 14:50:05,5,54,20.9,62,12.6,1018.5,1023.4,6.1,7.5,7,489.3,0
2023-03-27 14:55:05,5,53,21,63,12.3,1018.6,1023.5,6.8,8.8,,489.3,0
2023-03-27 15:00:05,5,53,21,64,11.9,1018.5,1023.4,5.4,6.8,,489.3,0
2023-03-27 15:05:05,5,53,21.1,65,11.5,1018.4,1023.3,6.1,6.8,7,489.3,0
2023-03-27 15:10:05,5,53,21.1,66,11.7,1018.3,1023.2,4.8,5.8,7,489.3,0
2023-03-27 15:15:05,5,53,21.1,65,11.4,1018.4,1023.3,4.8,5.8,,489.3,0
2023-03-27 15:20:05,5,53,21.1,65,11.4,1018.2,1023.1,4.8,6.1,,489.3,0
2023-03-27 15:25:05,5,53,21.1,65,11.4,1018.2,1023.1,3.4,5.4,,489.3,0
2023-03-27 15:30:05,5,53,21.1,66,11.3,1018.2,1023.1,3.7,4.4,7,489.3,0
2023-03-27 15:35:05,5,52,21.1,66,11.1,1018.1,1023,5.1,7.5,7,489.3,0
2023-03-27 15:40:05,5,52,21.1,67,11.1,1017.9,1022.8,4.1,5.1,7,489.3,0
2023-03-27 15:45:05,5,52,21.1,67,11.3,1017.9,1022.8,6.1,7.1,7,489.3,0
2023-03-27 15:50:05,5,52,21.1,66,11.2,1017.8,1022.7,4.1,5.1,7,489.3,0
2023-03-27 15:55:05,5,52,21.1,67,11.3,1017.7,1022.6,4.4,6.5,7,489.3,0
2023-03-27 16:00:05,5,50,21.1,66,11.2,1017.6,1022.5,5.1,6.5,7,489.3,0
2023-03-27 16:05:05,5,48,21.1,67,11.2,1017.5,1022.4,5.8,7.8,7,489.3,0
2023-03-27 16:10:05,5,46,21.1,67,11.2,1017.5,1022.4,5.1,6.1,10,489.3,0
2023-03-27 16:15:05,5,44,21,66,11.3,1017.4,1022.3,3.1,5.1,,489.3,0
2023-03-27 16:20:05,5,44,20.8,62,11.6,1017.4,1022.3,3.4,5.4,,489.3,0
2023-03-27 16:25:05,5,44,20.7,61,11.7,1017.2,1022.1,2.7,4.4,2,489.3,0
2023-03-27 16:30:05,5,45,20.7,61,11.7,1017.2,1022.1,1.7,2.7,7,489.3,0
2023-03-27 16:35:05,5,45,20.7,61,11.7,1017.2,1022.1,4.8,7.5,12,489.3,0
2023-03-27 16:40:05,5,46,20.6,60,11.4,1017,1021.9,3.7,6.1,7,489.3,0
2023-03-27 16:45:05,5,46,20.6,61,11.3,1017.1,1022,1.7,3.4,7,489.3,0
2023-03-27 16:50:05,5,47,20.5,61,11.2,1017.1,1022,3.4,4.4,7,489.3,0
2023-03-27 16:55:05,5,48,20.5,61,11.1,1016.8,1021.7,3.1,5.1,10,489.3,0
2023-03-27 17:00:05,5,49,20.4,63,11,1016.9,1021.8,4.8,5.8,2,489.3,0
2023-03-27 17:05:05,5,49,20.4,68,10.7,1016.9,1021.8,4.4,5.1,7,489.3,0
2023-03-27 17:10:05,5,49,20.3,70,10.6,1016.9,1021.8,3.4,5.4,,489.3,0
2023-03-27 17:15:05,5,49,20.3,70,10.5,1016.9,1021.8,4.1,5.8,,489.3,0
2023-03-27 17:20:05,5,50,20.2,70,10.5,1016.8,1021.7,3.7,4.8,7,489.3,0
2023-03-27 17:25:05,5,50,20.2,70,10.5,1016.8,1021.7,2.7,3.1,7,489.3,0
2023-03-27 17:30:05,5,50,20.1,70,10.5,1016.8,1021.7,3.1,4.4,,489.3,0
2023-03-27 17:35:05,5,50,20.1,70,10.4,1016.7,1021.6,3.4,4.1,7,489.3,0
2023-03-27 17:40:05,5,50,20,71,10.4,1016.7,1021.6,2.4,3.1,2,489.3,0
2023-03-27 17:45:05,5,50,20,71,10.3,1016.7,1021.6,4.1,5.8,2,489.3,0
2023-03-27 17:50:05,5,50,20,71,10.3,1016.7,1021.6,2.4,3.7,7,489.3,0
2023-03-27 17:55:05,5,51,20,70,10.2,1016.8,1021.7,3.1,4.4,7,489.3,0
2023-03-27 18:00:05,5,51,20,67,10.3,1016.6,1021.5,2.4,3.7,,489.3,0
2023-03-27 18:05:05,5,51,20,65,10.3,1016.6,1021.5,3.4,4.4,7,489.3,0
2023-03-27 18:10:05,5,51,20,63,10.4,1016.4,1021.3,3.4,4.8,7,489.3,0
2023-03-27 18:15:05,5,52,20,63,10.3,1016.5,1021.4,1.7,2.7,14,489.3,0
2023-03-27 18:20:05,5,52,20,63,10.3,1016.4,1021.3,3.1,4.1,7,489.3,0
2023-03-27 18:25:05,5,52,20,63,10.3,1016.2,1021.1,2.7,3.7,7,489.3,0
2023-03-27 18:30:05,5,52,20,63,10.2,1016.3,1021.2,3.7,5.8,7,489.3,0
2023-03-27 18:35:05,5,52,20,64,10.1,1016.2,1021.1,2.4,3.7,,489.3,0
2023-03-27 18:40:05,5,53,19.9,64,10.1,1016.2,1021.1,2.4,4.1,2,489.3,0
2023-03-27 18:45:05,5,53,19.9,64,10.1,1016.3,1021.2,3.4,4.8,7,489.3,0
2023-03-27 18:50:05,5,53,19.9,65,10,1016.1,1021,2.7,4.4,2,489.3,0
2023-03-27 18:55:05,5,53,19.8,65,10,1016.1,1021,4.1,6.1,8,489.3,0
2023-03-27 19:00:05,5,53,19.8,66,9.9,1016,1020.9,3.4,4.4,8,489.3,0
2023-03-27 19:05:05,5,54,19.8,66,9.9,1016,1020.9,2,2.7,,489.3,0
2023-03-27 19:10:05,5,54,19.8,67,9.8,1016.1,1021,2.4,3.1,2,489.3,0
2023-03-27 19:15:05,5,54,19.9,68,9.7,1015.9,1020.8,1.4,2,7,489.3,0
2023-03-27 19:20:05,5,54,20,68,9.7,1015.9,1020.8,3.4,4.4,,489.3,0
2023-03-27 19:25:05,5,54,20.1,69,9.7,1015.7,1020.6,3.1,4.4,7,489.3,0
2023-03-27 19:30:05,5,54,20.1,69,9.6,1015.6,1020.5,2.7,4.4,7,489.3,0
2023-03-27 19:35:05,5,54,20.1,69,9.6,1015.5,1020.4,2.7,4.4,7,489.3,0
2023-03-27 19:40:05,5,54,20.2,69,9.5,1015.5,1020.4,3.4,5.4,,489.3,0
2023-03-27 19:45:05,5,54,20.3,69,9.5,1015.4,1020.3,3.4,4.4,8,489.3,0
2023-03-27 19:50:05,5,54,20.3,69,9.5,1015.3,1020.2,2.7,3.7,7,489.3,0
2023-03-27 19:55:05,5,54,20.4,69,9.5,1015.3,1020.2,2.7,4.1,2,489.3,0
2023-03-27 20:00:05,5,54,20.5,70,9.4,1015.1,1020,2.4,3.4,7,489.3,0
2023-03-27 20:05:05,5,54,20.5,70,9.3,1015,1019.9,3.1,4.4,7,489.3,0
2023-03-27 20:10:05,5,54,20.6,70,9.3,1014.9,1019.8,1.7,2.4,7,489.3,0
2023-03-27 20:15:05,5,54,20.7,70,9.3,1014.9,1019.8,3.1,5.1,2,489.3,0
2023-03-27 20:20:05,5,54,20.8,70,9.2,1014.8,1019.7,2.4,3.1,7,489.3,0
2023-03-27 20:25:05,5,54,20.8,71,9.2,1014.6,1019.5,2.7,4.1,7,489.3,0
2023-03-27 20:30:05,5,54,20.9,71,9.2,1014.5,1019.4,2,3.1,7,489.3,0
2023-03-27 20:35:05,5,54,20.9,71,9.1,1014.5,1019.4,3.7,5.1,2,489.3,0
2023-03-27 20:40:05,5,53,21,71,9.1,1014.3,1019.2,2.4,3.1,7,489.3,0
2023-03-27 20:45:05,5,52,21,71,9.2,1014.2,1019.1,3.1,4.4,7,489.3,0
2023-03-27 20:50:05,5,52,21.1,70,9.4,1014.2,1019.1,2.7,4.8,7,489.3,0
2023-03-27 20:55:05,5,52,21.1,70,9.4,1014,1018.9,3.7,5.1,,489.3,0
2023-03-27 21:00:05,5,52,21,70,9.4,1014,1018.9,2.4,3.7,2,489.3,0
2023-03-27 21:05:05,5,52,21,70,9.4,1014,1018.9,4.1,5.4,,489.3,0
2023-03-27 21:10:05,5,52,21,70,9.4,1014.1,1019,3.4,5.4,7,489.3,0
2023-03-27 21:15:05,5,52,21,71,9.3,1013.9,1018.8,3.1,4.1,7,489.3,0
2023-03-27 21:20:05,5,53,20.9,71,9.2,1013.8,1018.7,2.7,3.7,7,489.3,0
2023-03-27 21:25:05,5,52,20.9,72,9.1,1013.8,1018.7,3.1,4.1,8,489.3,0
2023-03-27 21:30:05,5,52,20.9,72,9,1013.9,1018.8,2.4,3.4,2,489.3,0
2023-03-27 21:35:05,5,52,20.9,72,9,1013.7,1018.6,2.7,3.7,12,489.3,0
2023-03-27 21:40:05,5,53,20.9,73,8.8,1013.5,1018.4,1.7,3.1,15,489.3,0
2023-03-27 21:45:05,5,52,20.9,73,8.8,1013.5,1018.4,2.4,3.7,7,489.3,0
2023-03-27 21:50:05,5,52,20.9,73,8.7,1013.4,1018.3,1.4,2.4,7,489.3,0
2023-03-27 21:55:05,5,53,20.9,73,8.6,1013.3,1018.2,2.7,4.4,,489.3,0
2023-03-27 22:00:05,5,53,20.9,73,8.5,1013.3,1018.2,2.7,4.1,10,489.3,0
2023-03-27 22:05:05,5,53,20.9,73,8.5,1013.2,1018.1,3.7,5.4,14,489.3,0
2023-03-27 22:10:05,5,53,20.9,73,8.5,1013.2,1018.1,3.4,4.4,7,489.3,0
2023-03-27 22:15:05,5,53,20.9,73,8.5,1013.1,1018,2.4,2.7,11,489.3,0
2023-03-27 22:20:05,5,53,20.9,73,8.4,1013.1,1018,2.7,4.4,7,489.3,0
2023-03-27 22:25:05,5,53,20.8,73,8.3,1012.8,1017.7,3.1,4.1,7,489.3,0
2023-03-27 22:30:05,5,53,20.8,73,8.3,1012.9,1017.8,3.1,4.4,7,489.3,0
2023-03-27 22:35:05,5,53,20.8,74,8.3,1012.7,1017.6,4.1,5.8,7,489.3,0
2023-03-27 22:40:05,5,53,20.8,74,8.3,1012.6,1017.5,4.1,5.1,,489.3,0
2023-03-27 22:45:05,5,53,20.8,75,8.2,1012.6,1017.5,2.7,3.7,7,489.3,0
2023-03-27 22:50:05,5,52,20.7,75,8.2,1012.6,1017.5,3.4,4.8,,489.3,0
2023-03-27 22:55:05,5,52,20.7,76,8.2,1012.6,1017.5,4.1,6.1,7,489.3,0
2023-03-27 23:00:05,5,52,20.7,76,8.2,1012.5,1017.4,3.7,4.8,7,489.3,0
2023-03-27 23:00:06,5,52,20.7,76,8.2,1012.5,1017.4,3.7,4.8,7,489.3,0
2023-03-27 23:05:05,5,52,20.7,77,8.3,1012.4,1017.3,2,3.4,7,489.3,0
2023-03-27 23:10:05,5,52,20.7,77,8.3,1012.4,1017.3,2.4,3.7,7,489.3,0
2023-03-27 23:15:05,5,52,20.7,77,8.3,1012.3,1017.2,2.7,3.4,8,489.3,0
2023-03-27 23:20:05,5,52,20.7,76,8.4,1012.2,1017.1,3.4,4.8,,489.3,0
2023-03-27 23:25:05,5,52,20.7,76,8.5,1012.3,1017.2,2.7,4.1,7,489.3,0
2023-03-27 23:30:05,5,52,20.7,75,8.5,1012.2,1017.1,4.1,5.1,8,489.3,0
2023-03-27 23:35:05,5,52,20.7,75,8.5,1012.1,1017,3.4,4.1,8,489.3,0
2023-03-27 23:40:05,5,52,20.7,75,8.5,1012.2,1017.1,3.1,3.7,7,489.3,0
2023-03-27 23:45:05,5,52,20.6,75,8.4,1011.9,1016.8,2,3.4,7,489.3,0
2023-03-27 23:50:05,5,52,20.7,75,8.3,1011.8,1016.7,2.7,3.7,7,489.3,0
2023-03-27 23:55:05,5,52,20.6,75,8.3,1011.7,1016.6,2.4,3.7,7,489.3,0
