2016-03-31 00:02:45,5,54,18.6,73,1.8,1009.7,1014.6,0.3,0.7,8,236.7,0
2016-03-31 00:07:45,5,54,18.6,73,1.8,1009.6,1014.5,0.7,1,8,236.7,0
2016-03-31 00:12:45,5,54,18.6,74,1.8,1009.6,1014.5,0.3,0.7,8,236.7,0
2016-03-31 00:17:45,5,54,18.6,74,1.8,1009.7,1014.6,0.7,1,8,236.7,0
2016-03-31 00:22:45,5,54,18.5,74,1.8,1009.4,1014.3,0,0.3,10,236.7,0
2016-03-31 00:27:45,5,54,18.5,74,1.7,1009.5,1014.4,0.3,0.7,8,236.7,0
2016-03-31 00:32:45,5,53,18.6,74,1.7,1009.5,1014.4,0.3,0.7,8,236.7,0
2016-03-31 00:37:45,5,53,18.5,74,1.7,1009.7,1014.6,1,1,10,236.7,0
2016-03-31 00:42:45,5,53,18.5,74,1.9,1009.9,1014.8,0.7,1,10,236.7,0
2016-03-31 00:47:45,5,53,18.4,74,1.8,1009.8,1014.7,0.3,0.7,10,236.7,0
2016-03-31 00:52:45,5,53,18.4,74,1.8,1009.9,1014.8,0.3,0.7,10,236.7,0
2016-03-31 00:57:45,5,53,18.4,74,1.7,1009.9,1014.8,0.3,0.7,8,236.7,0
2016-03-31 01:02:45,5,53,18.4,74,1.6,1009.9,1014.8,0.7,1,10,236.7,0
2016-03-31 01:07:45,5,53,18.4,74,1.4,1010,1014.9,0.7,1,8,236.7,0
2016-03-31 01:12:45,5,53,18.4,74,1.3,1010.1,1015,0.7,1,8,236.7,0
2016-03-31 01:17:45,5,53,18.3,74,1.2,1010,1014.9,0.7,1.4,8,236.7,0
2016-03-31 01:22:45,5,53,18.3,74,1.2,1010.1,1015,0.7,1,8,236.7,0
2016-03-31 01:27:45,5,53,18.3,74,1.1,1010,1014.9,0.7,1,8,236.7,0
2016-03-31 01:32:45,5,53,18.3,74,1.1,1010,1014.9,0.3,1,8,236.7,0
2016-03-31 01:37:45,5,53,18.3,75,1.1,1010,1014.9,0.3,0.7,10,236.7,0
2016-03-31 01:42:45,5,53,18.3,75,1.2,1010.2,1015.1,0.3,0.7,8,236.7,0
2016-03-31 01:47:45,5,53,18.3,75,1.2,1010.2,1015.1,0,0.3,8,236.7,0
2016-03-31 01:52:45,5,53,18.2,75,1.1,1010.1,1015,0.3,1,8,236.7,0
2016-03-31 01:57:45,5,53,18.2,75,1.1,1010.3,1015.2,0.7,1,8,236.7,0
2016-03-31 02:02:45,5,53,18.2,75,1.1,1010.2,1015.1,0.3,1,8,236.7,0
2016-03-31 02:07:45,5,53,18.2,75,1.2,1010.3,1015.2,0,0.3,8,236.7,0
2016-03-31 02:12:45,5,53,18.2,75,1.1,1010.3,1015.2,0.3,1,8,236.7,0
2016-03-31 02:17:45,5,53,18.2,75,1.1,1010.3,1015.2,0.3,1,8,236.7,0
2016-03-31 02:22:45,5,53,18.2,75,1.2,1010.2,1015.1,0.7,1,8,236.7,0
2016-03-31 02:27:45,5,53,18.2,75,1.1,1010.4,1015.3,0.7,1.4,8,236.7,0
2016-03-31 02:32:45,5,53,18.1,75,1.1,1010.4,1015.3,0.7,1,10,236.7,0
2016-03-31 02:37:45,5,53,18.1,75,1.1,1010.5,1015.4,1,1.4,10,236.7,0
2016-03-31 02:42:45,5,53,18.1,75,1.4,1010.5,1015.4,1,1.4,10,236.7,0
2016-03-31 02:47:45,5,53,18.1,76,1.6,1010.6,1015.5,0.7,1,10,236.7,0
2016-03-31 02:52:45,5,53,18.1,76,1.6,1010.5,1015.4,0.7,1,8,236.7,0
2016-03-31 02:57:45,5,53,18.1,75,1.4,1010.6,1015.5,0.3,1,8,236.7,0
2016-03-31 03:02:45,5,53,18.1,75,1.3,1010.7,1015.6,0.7,1,10,236.7,0
2016-03-31 03:07:45,5,53,18,76,1.4,1010.7,1015.6,0.7,1,8,236.7,0
2016-03-31 03:12:45,5,53,18,76,1.3,1010.8,1015.7,0.3,0.7,10,236.7,0
2016-03-31 03:17:45,5,53,18,76,1.4,1010.8,1015.7,0.7,1,10,236.7,0
2016-03-31 03:22:45,5,53,18,76,1.5,1011,1015.9,0.7,1,10,236.7,0
2016-03-31 03:27:45,5,53,18,76,1.6,1011.1,1016,1,1.4,10,236.7,0
2016-03-31 03:32:45,5,53,18,76,1.7,1011,1015.9,0.3,1,8,236.7,0
2016-03-31 03:37:45,5,53,18,76,1.7,1011,1015.9,1,1.4,10,236.7,0
2016-03-31 03:42:45,5,53,18,76,1.8,1011.1,1016,1,1.4,10,236.7,0
2016-03-31 03:47:45,5,52,17.9,76,1.7,1011.1,1016,0.3,1,8,236.7,0
2016-03-31 03:52:45,5,52,17.9,76,1.6,1010.9,1015.8,0.7,1.4,8,236.7,0
2016-03-31 03:57:45,5,52,17.9,76,1.6,1010.9,1015.8,0.7,1.4,8,236.7,0
2016-03-31 04:02:45,5,52,17.9,76,1.4,1011.2,1016.1,0.3,0.7,9,236.7,0
2016-03-31 04:07:45,5,52,17.9,76,1.3,1011.1,1016,0.7,1,10,236.7,0
2016-03-31 04:12:45,5,52,17.9,76,1.2,1011.3,1016.2,0.7,1,8,236.7,0
2016-03-31 04:17:45,5,52,17.9,76,1.3,1011.5,1016.4,0.7,1,8,236.7,0
2016-03-31 04:22:45,5,52,17.8,76,1.3,1011.4,1016.3,0.3,0.7,0,236.7,0
2016-03-31 04:27:45,5,52,17.8,76,1.2,1011.3,1016.2,0.7,1.4,8,236.7,0
2016-03-31 04:32:45,5,52,17.8,76,1.3,1011.2,1016.1,0.3,1,9,236.7,0
2016-03-31 04:37:45,5,52,17.8,76,1.1,1011.3,1016.2,0.3,0.3,8,236.7,0
2016-03-31 04:42:45,5,52,17.8,76,1,1011.3,1016.2,0.7,1,8,236.7,0
2016-03-31 04:47:45,5,52,17.8,76,1.1,1011.4,1016.3,0.7,1.4,10,236.7,0
2016-03-31 04:52:45,5,52,17.8,76,1.1,1011.5,1016.4,0,0.3,8,236.7,0
2016-03-31 04:57:45,5,52,17.8,76,1.1,1011.5,1016.4,0.3,1,10,236.7,0
2016-03-31 05:02:45,5,52,17.8,76,1.3,1011.3,1016.2,0.3,0.7,10,236.7,0
2016-03-31 05:07:45,5,52,17.8,76,1.4,1011.5,1016.4,0.7,1,10,236.7,0
2016-03-31 05:12:45,5,52,17.7,76,1.6,1011.6,1016.5,0.3,1,10,236.7,0
2016-03-31 05:17:45,5,52,17.7,76,1.7,1011.6,1016.5,0.3,0.7,10,236.7,0
2016-03-31 05:22:45,5,52,17.7,76,1.8,1011.6,1016.5,0.3,1,10,236.7,0
2016-03-31 05:27:45,5,52,17.7,76,1.8,1011.8,1016.7,0.3,0.7,10,236.7,0
2016-03-31 05:32:45,5,52,17.7,76,1.8,1011.7,1016.6,0.3,0.7,8,236.7,0
2016-03-31 05:37:45,5,52,17.7,76,1.7,1011.7,1016.6,0,0.3,10,236.7,0
2016-03-31 05:42:45,5,52,17.7,76,1.5,1011.9,1016.8,1,1.4,10,236.7,0
2016-03-31 05:47:45,5,52,17.7,76,1.5,1011.8,1016.7,1,1.4,8,236.7,0
2016-03-31 05:52:45,5,52,17.7,76,1.4,1011.9,1016.8,0.3,0.7,10,236.7,0
2016-03-31 05:57:45,5,52,17.7,76,1.3,1011.9,1016.8,0.3,1,10,236.7,0
2016-03-31 06:02:45,5,52,17.6,76,1.2,1011.9,1016.8,0.7,1,10,236.7,0
2016-03-31 06:07:45,5,52,17.7,76,1.1,1012.2,1017.1,0,0.7,10,236.7,0
2016-03-31 06:12:45,5,52,17.7,77,0.9,1012.1,1017,0.3,0.7,10,236.7,0
2016-03-31 06:17:45,5,52,17.7,77,0.8,1012.1,1017,0,0.3,10,236.7,0
2016-03-31 06:22:45,5,52,17.6,77,0.7,1012.2,1017.1,0.3,1,8,236.7,0
2016-03-31 06:27:45,5,52,17.6,77,0.8,1012.2,1017.1,0.7,1,8,236.7,0
2016-03-31 06:32:45,5,52,17.6,77,0.9,1012.2,1017.1,1,1.7,15,236.7,0
2016-03-31 06:37:45,5,52,17.6,76,1.1,1012.2,1017.1,0,0.3,8,236.7,0
2016-03-31 06:42:45,5,52,17.6,76,1.3,1012.1,1017,1,1.4,10,236.7,0
2016-03-31 06:47:45,5,52,17.6,76,1.6,1012.4,1017.3,0.7,1.4,8,236.7,0
2016-03-31 06:52:45,5,52,17.6,76,1.9,1012.4,1017.3,1,1.4,8,236.7,0
2016-03-31 06:57:45,5,52,17.5,75,2.1,1012.5,1017.4,0.7,1.4,8,236.7,0
2016-03-31 07:02:45,5,52,17.5,75,2.2,1012.5,1017.4,0.7,1,8,236.7,0
2016-03-31 07:07:45,5,52,17.5,75,2.4,1012.6,1017.5,0.7,1.4,8,236.7,0
2016-03-31 07:12:45,5,52,17.5,74,2.6,1012.8,1017.7,0.7,1.4,8,236.7,0
2016-03-31 07:17:45,5,52,17.5,74,2.8,1012.7,1017.6,0.7,1.4,8,236.7,0
2016-03-31 07:22:45,5,52,17.6,78,3.2,1012.8,1017.7,0.3,0.7,8,236.7,0
2016-03-31 07:27:45,5,52,17.6,78,3.5,1012.8,1017.7,1,1.4,8,236.7,0
2016-03-31 07:32:45,5,52,17.6,77,3.9,1012.6,1017.5,0.3,0.7,8,236.7,0
2016-03-31 07:37:45,5,52,17.6,76,4.3,1012.8,1017.7,0.3,0.7,8,236.7,0
2016-03-31 07:42:45,5,52,17.6,75,4.6,1012.7,1017.6,0.3,0.7,12,236.7,0
2016-03-31 07:47:45,5,52,17.6,75,4.9,1012.8,1017.7,0.7,1,10,236.7,0
2016-03-31 07:52:45,5,52,17.6,74,5.2,1012.9,1017.8,1,1.7,10,236.7,0
2016-03-31 07:57:45,5,52,17.6,74,5.3,1013.1,1018,0.7,1,10,236.7,0
2016-03-31 08:02:45,5,52,17.6,73,5.5,1013,1017.9,0.7,1.4,8,236.7,0
2016-03-31 08:07:45,5,52,17.6,73,5.6,1013.1,1018,1,1.4,8,236.7,0
2016-03-31 08:12:45,5,52,17.6,72,5.9,1013.1,1018,0.3,0.7,10,236.7,0
2016-03-31 08:17:45,5,52,17.6,71,6.5,1013.2,1018.1,1.4,2,12,236.7,0
2016-03-31 08:22:45,5,52,17.6,69,6.6,1013.4,1018.3,1,1.7,10,236.7,0
2016-03-31 08:27:45,5,53,17.6,68,6.7,1013.4,1018.3,0.7,1.4,8,236.7,0
2016-03-31 08:32:45,5,53,17.6,67,6.9,1013.4,1018.3,0.7,1.4,8,236.7,0
2016-03-31 08:37:45,5,53,17.6,65,7.1,1013.4,1018.3,1,1.7,8,236.7,0
2016-03-31 08:42:45,5,53,17.6,64,7.2,1013.4,1018.3,1.4,2,10,236.7,0
2016-03-31 08:47:45,5,53,17.6,63,7.4,1013.4,1018.3,1,1,10,236.7,0
2016-03-31 08:52:45,5,53,17.7,62,7.6,1013.5,1018.4,1.4,1.7,8,236.7,0
2016-03-31 08:57:45,5,53,17.6,62,7.7,1013.5,1018.4,1.4,2,8,236.7,0
2016-03-31 09:02:45,5,53,17.7,61,7.8,1013.5,1018.4,1,1.7,8,236.7,0
2016-03-31 09:07:45,5,53,17.7,60,7.9,1013.6,1018.5,1,1.7,10,236.7,0
2016-03-31 09:12:45,5,52,17.7,59,8,1013.5,1018.4,1,1.7,10,236.7,0
2016-03-31 09:17:45,5,52,17.7,58,8.3,1013.6,1018.5,0.7,2,10,236.7,0
2016-03-31 09:22:45,5,53,17.7,56,8.3,1013.4,1018.3,1,1.4,8,236.7,0
2016-03-31 09:27:45,5,53,17.7,56,8.4,1013.6,1018.5,1.4,1.7,10,236.7,0
2016-03-31 09:32:45,5,53,17.7,56,8.4,1013.5,1018.4,1.4,2,8,236.7,0
2016-03-31 09:37:45,5,53,17.7,56,8.4,1013.6,1018.5,1,1.7,10,236.7,0
2016-03-31 09:42:45,5,53,17.7,56,8.4,1013.6,1018.5,1,1.7,10,236.7,0
2016-03-31 09:47:45,5,53,17.7,57,8.6,1013.6,1018.5,2.4,3.1,10,236.7,0
2016-03-31 09:52:45,5,53,17.8,56,8.5,1013.6,1018.5,2,2.7,10,236.7,0
2016-03-31 09:57:45,5,53,17.8,55,8.4,1013.6,1018.5,1,2,10,236.7,0
2016-03-31 10:02:45,5,49,17.8,54,9,1013.5,1018.4,2,2.7,8,236.7,0
2016-03-31 10:07:45,5,50,17.7,54,9.2,1013.5,1018.4,1.4,2.4,10,236.7,0
2016-03-31 10:12:45,5,52,17.7,53,9.2,1013.5,1018.4,1.7,2.4,10,236.7,0
2016-03-31 10:17:45,5,52,17.7,53,9.2,1013.5,1018.4,1,2,8,236.7,0
2016-03-31 10:22:45,5,52,17.8,54,9.2,1013.6,1018.5,1.4,2,10,236.7,0
2016-03-31 10:27:45,5,52,17.8,53,9.5,1013.7,1018.6,1.4,2,10,236.7,0
2016-03-31 10:32:45,5,52,17.8,52,9.8,1013.8,1018.7,0.7,1.4,12,236.7,0
2016-03-31 10:37:45,5,52,17.8,50,9.8,1013.6,1018.5,1.4,2,10,236.7,0
2016-03-31 10:42:45,5,53,17.8,51,9.6,1013.5,1018.4,1,2,10,236.7,0
2016-03-31 10:47:45,5,53,17.8,52,9.3,1013.5,1018.4,2,3.7,9,236.7,0
2016-03-31 10:52:45,5,53,17.8,60,8.5,1013.7,1018.6,2.7,4.4,8,236.7,0
2016-03-31 10:57:45,5,53,17.8,63,8,1013.6,1018.5,2,3.7,8,236.7,0
2016-03-31 11:02:45,5,50,17.9,63,8.8,1013.6,1018.5,2,3.1,8,236.7,0
2016-03-31 11:07:45,5,49,17.9,58,9.2,1013.5,1018.4,1.7,2.7,10,236.7,0
2016-03-31 11:12:45,5,48,17.9,57,9.5,1013.8,1018.7,3.1,4.1,8,236.7,0
2016-03-31 11:17:45,5,48,17.8,56,8.9,1013.5,1018.4,3.4,4.8,8,236.7,0
2016-03-31 11:22:45,5,48,17.8,58,8.6,1013.6,1018.5,2.7,4.1,8,236.7,0
2016-03-31 11:27:45,5,46,17.8,57,8.5,1013.5,1018.4,3.1,4.1,8,236.7,0
2016-03-31 11:32:45,5,43,17.8,56,8.5,1013.6,1018.5,1.7,2.4,4,236.7,0
2016-03-31 11:37:45,5,42,17.8,55,9.1,1013.5,1018.4,2,2.7,8,236.7,0
2016-03-31 11:42:45,5,44,17.7,54,8.7,1013.6,1018.5,1.7,2.7,8,236.7,0
2016-03-31 11:47:45,5,46,17.7,56,9.2,1013.6,1018.5,1.7,2.4,12,236.7,0
2016-03-31 11:52:45,5,48,17.7,54,9.7,1013.3,1018.2,2,2.7,8,236.7,0
2016-03-31 11:57:45,5,48,17.7,50,9.8,1013.1,1018,1.7,2.4,10,236.7,0
2016-03-31 12:02:45,5,49,17.8,52,9.8,1013.1,1018,2.4,3.1,8,236.7,0
2016-03-31 12:07:45,5,49,17.8,51,9.6,1013.1,1018,1,1.7,12,236.7,0
2016-03-31 12:12:45,5,50,17.9,53,10.4,1013.1,1018,3.1,4.1,8,236.7,0
2016-03-31 12:17:45,5,50,17.9,53,10.4,1013.1,1018,2,3.1,10,236.7,0
2016-03-31 12:22:45,5,51,18,51,10,1013,1017.9,1.4,1.7,10,236.7,0
2016-03-31 12:27:45,5,51,18,51,10,1013,1017.9,1.4,2.7,8,236.7,0
2016-03-31 12:32:45,5,52,18,53,9.9,1013,1017.9,1,1.7,10,236.7,0
2016-03-31 12:37:45,5,52,18.1,52,10,1012.9,1017.8,1.7,2.7,8,236.7,0
2016-03-31 12:42:45,5,52,18.1,49,10.3,1012.9,1017.8,3.1,3.7,10,236.7,0
2016-03-31 12:47:45,5,52,18.2,46,10.3,1012.9,1017.8,1.7,2.4,10,236.7,0
2016-03-31 12:52:45,5,53,18.2,46,10.8,1012.8,1017.7,2,3.7,10,236.7,0
2016-03-31 12:57:45,5,54,18.3,47,10.9,1012.9,1017.8,3.1,4.8,10,236.7,0
2016-03-31 13:02:45,5,54,18.4,54,9.9,1012.7,1017.6,2,3.1,9,236.7,0
2016-03-31 13:07:45,5,54,18.6,53,9.5,1012.8,1017.7,1.7,2.4,8,236.7,0
2016-03-31 13:12:45,5,54,18.7,54,9.4,1012.6,1017.5,1,1.7,8,236.7,0
2016-03-31 13:17:45,5,54,18.8,51,10,1012.5,1017.4,2,3.7,8,236.7,0
2016-03-31 13:22:45,5,53,19.1,45,10.6,1012.5,1017.4,1.7,2.7,8,236.7,0
2016-03-31 13:27:45,5,53,19.1,52,10.5,1012.4,1017.3,1.4,2,10,236.7,0
2016-03-31 13:32:45,5,53,19.3,51,10.3,1012.4,1017.3,1.4,2.4,12,236.7,0
2016-03-31 13:37:45,5,52,19.4,49,10.4,1012.4,1017.3,2.4,3.1,8,236.7,0
2016-03-31 13:42:45,5,52,19.5,54,9.9,1012.5,1017.4,1.7,2.4,8,236.7,0
2016-03-31 13:47:45,5,52,19.6,53,9.6,1012.5,1017.4,2,2.7,8,236.7,0
2016-03-31 13:52:45,5,52,19.6,50,9.4,1012.3,1017.2,2.4,3.4,8,236.7,0
2016-03-31 13:57:45,5,52,19.7,50,9.3,1012.3,1017.2,1.7,2.7,8,236.7,0
2016-03-31 14:02:45,5,52,19.7,48,9.3,1012.4,1017.3,3.7,4.4,8,236.7,0
2016-03-31 14:07:45,5,52,19.7,49,9.1,1012.3,1017.2,4.1,5.4,8,236.7,0
2016-03-31 14:12:45,5,52,19.8,51,8.8,1012.3,1017.2,3.1,4.1,8,236.7,0
2016-03-31 14:17:45,5,52,19.8,55,8.7,1012.1,1017,2.4,4.1,10,236.7,0
2016-03-31 14:22:45,5,52,19.8,51,8.6,1012.1,1017,3.7,4.4,8,236.7,0
2016-03-31 14:27:45,5,52,19.8,49,8.6,1012,1016.9,2.7,3.7,9,236.7,0
2016-03-31 14:32:45,5,52,19.8,49,9.5,1011.9,1016.8,3.1,3.7,9,236.7,0
2016-03-31 14:37:45,5,52,19.9,48,10.5,1011.9,1016.8,2.4,3.4,8,236.7,0
2016-03-31 14:42:45,5,50,20,44,10.4,1011.7,1016.6,3.4,4.1,8,236.7,0
2016-03-31 14:47:45,5,50,20,45,10.2,1011.7,1016.6,3.4,4.1,8,236.7,0
2016-03-31 14:52:45,5,51,20.1,45,10.3,1011.6,1016.5,2.4,3.7,8,236.7,0
2016-03-31 14:57:45,5,51,20.2,47,10.5,1011.6,1016.5,2,3.1,10,236.7,0
2016-03-31 15:02:45,5,50,20.2,49,9.8,1011.4,1016.3,2.7,3.7,10,236.7,0
2016-03-31 15:07:45,5,51,20.3,46,10.1,1011.6,1016.5,1.7,2.4,8,236.7,0
2016-03-31 15:12:45,5,41,20.3,48,10.5,1011.4,1016.3,1.7,3.1,12,236.7,0
2016-03-31 15:17:45,5,39,20.3,47,10.7,1011.3,1016.2,2,3.1,10,236.7,0
2016-03-31 15:22:45,5,37,20.3,47,11,1011.5,1016.4,3.1,4.8,9,236.7,0
2016-03-31 15:27:45,5,35,20.3,48,10.7,1011.4,1016.3,2.7,4.1,8,236.7,0
2016-03-31 15:32:45,5,35,20.3,45,11,1011.3,1016.2,2.7,4.1,10,236.7,0
2016-03-31 15:37:45,5,34,20.3,46,10.9,1011.2,1016.1,1.7,2.4,9,236.7,0
2016-03-31 15:42:45,5,34,20.3,45,11.5,1011.3,1016.2,1.7,2.7,10,236.7,0
2016-03-31 15:47:45,5,34,20.4,43,11.7,1011.2,1016.1,2.4,3.4,8,236.7,0
2016-03-31 15:52:45,5,39,20.4,43,11.2,1011.3,1016.2,2.4,3.7,9,236.7,0
2016-03-31 15:57:45,5,40,20.5,43,11.1,1011.2,1016.1,4.1,5.1,8,236.7,0
2016-03-31 16:02:45,5,41,20.6,45,11.2,1011.3,1016.2,1.4,2.4,12,236.7,0
2016-03-31 16:07:45,5,42,20.7,46,10.8,1011.5,1016.4,1.4,2.7,10,236.7,0
2016-03-31 16:12:45,5,42,20.7,48,10.1,1011.4,1016.3,2,3.4,8,236.7,0
2016-03-31 16:17:45,5,43,20.8,48,10.4,1011.2,1016.1,2,3.4,8,236.7,0
2016-03-31 16:22:45,5,43,20.9,47,11,1011.2,1016.1,2.4,3.1,10,236.7,0
2016-03-31 16:27:45,5,42,20.9,47,10.7,1011.2,1016.1,0.7,1.7,8,236.7,0
2016-03-31 16:32:45,5,42,21,49,10,1011.2,1016.1,2,3.1,8,236.7,0
2016-03-31 16:37:45,5,42,21,50,9.6,1011.4,1016.3,1.4,2.4,10,236.7,0
2016-03-31 16:42:44,5,42,21,51,9.5,1011.3,1016.2,1,2,9,236.7,0
2016-03-31 16:47:44,5,43,21,50,9.3,1011.3,1016.2,2.4,3.1,8,236.7,0
2016-03-31 16:52:44,5,43,21,52,9.3,1011.2,1016.1,1.7,2.4,8,236.7,0
2016-03-31 16:57:44,5,43,21,50,10,1011.3,1016.2,2.4,3.7,8,236.7,0
2016-03-31 17:02:44,5,44,21,48,10.1,1011.2,1016.1,1.7,3.1,8,236.7,0
2016-03-31 17:07:44,5,44,21.1,48,9.8,1011.3,1016.2,2,2.7,13,236.7,0
2016-03-31 17:12:44,5,44,21,50,9.4,1011.3,1016.2,1.4,2,10,236.7,0
2016-03-31 17:17:44,5,44,21,50,9.3,1011.1,1016,1.4,1.7,10,236.7,0
2016-03-31 17:22:44,5,44,21.1,52,9.7,1011,1015.9,1.4,2,10,236.7,0
2016-03-31 17:27:44,5,44,21.1,51,10,1011.1,1016,1,2.4,10,236.7,0
2016-03-31 17:32:44,5,44,21.1,51,10.2,1011,1015.9,0.7,1,10,236.7,0
2016-03-31 17:37:44,5,45,21.1,51,10.3,1010.9,1015.8,1,1.4,10,236.7,0
2016-03-31 17:42:44,5,45,21.1,51,10,1010.5,1015.4,1,1.7,8,236.7,0
2016-03-31 17:47:44,5,45,21.2,52,9.8,1010.8,1015.7,1,1.4,8,236.7,0
2016-03-31 17:52:44,5,45,21.2,53,9.5,1010.8,1015.7,1.7,2.4,8,236.7,0
2016-03-31 17:57:44,5,46,21.2,54,9.1,1010.6,1015.5,0.7,1,8,236.7,0
2016-03-31 18:02:44,5,46,21.2,54,9.1,1010.7,1015.6,0.7,1,10,236.7,0
2016-03-31 18:07:44,5,46,21.2,55,9.2,1010.4,1015.3,0.7,1,8,236.7,0
2016-03-31 18:12:44,5,46,21.2,54,9.9,1010.5,1015.4,0.3,0.7,8,236.7,0
2016-03-31 18:17:44,5,46,21.2,53,9.7,1010.5,1015.4,0.7,1,10,236.7,0
2016-03-31 18:22:44,5,46,21.2,54,9.1,1010.4,1015.3,0.7,1,8,236.7,0
2016-03-31 18:27:44,5,41,21.2,55,8.8,1010.3,1015.2,1,1.7,8,236.7,0
2016-03-31 18:32:44,5,44,21.1,55,8.5,1010.3,1015.2,1,1.4,8,236.7,0
2016-03-31 18:37:44,5,44,21.1,56,8.3,1010.3,1015.2,1.4,1.7,8,236.7,0
2016-03-31 18:42:44,5,45,21,56,8,1010.2,1015.1,0.7,1,8,236.7,0
2016-03-31 18:47:44,5,46,20.9,57,7.8,1010.1,1015,0.7,1,13,236.7,0
2016-03-31 18:52:44,5,47,20.8,57,7.7,1010.1,1015,0.7,1,10,236.7,0
2016-03-31 18:57:44,5,47,20.8,58,7.4,1010,1014.9,1.4,1.7,8,236.7,0
2016-03-31 19:02:44,5,48,20.8,58,7.3,1009.9,1014.8,0.7,1,8,236.7,0
2016-03-31 19:07:44,5,48,20.8,58,7.2,1009.9,1014.8,0.7,1.4,8,236.7,0
2016-03-31 19:12:44,5,48,20.7,58,7.2,1009.8,1014.7,0.3,1,8,236.7,0
2016-03-31 19:17:44,5,48,20.7,58,7.1,1009.8,1014.7,0.7,1.4,8,236.7,0
2016-03-31 19:22:44,5,48,20.7,58,7.1,1009.8,1014.7,0.7,1,8,236.7,0
2016-03-31 19:27:44,5,48,20.7,58,7,1009.6,1014.5,0.3,1,8,236.7,0
2016-03-31 19:32:44,5,48,20.8,59,6.7,1009.6,1014.5,0.3,1,4,236.7,0
2016-03-31 19:37:44,5,48,20.9,60,6.5,1009.6,1014.5,0.3,0.7,8,236.7,0
2016-03-31 19:42:44,5,48,20.9,60,6.5,1009.6,1014.5,0.7,1.4,8,236.7,0
2016-03-31 19:47:44,5,48,20.8,60,6.4,1009.6,1014.5,0,0.3,4,236.7,0
2016-03-31 19:52:44,5,48,20.7,60,6.3,1009.7,1014.6,1,1.7,12,236.7,0
2016-03-31 19:57:44,5,49,20.8,61,6.2,1009.6,1014.5,1.4,1.7,3,236.7,0
2016-03-31 20:02:44,5,48,20.8,62,6.2,1009.6,1014.5,0.7,1.7,2,236.7,0
2016-03-31 20:07:44,5,48,20.9,62,6.2,1009.5,1014.4,1,1.7,10,236.7,0
2016-03-31 20:12:44,5,49,20.9,62,6.1,1009.6,1014.5,1.4,2.4,8,236.7,0
2016-03-31 20:17:44,5,49,20.9,62,6.1,1009.5,1014.4,1.4,2,10,236.7,0
2016-03-31 20:22:44,5,49,20.9,62,6.1,1009.6,1014.5,0.7,1.4,12,236.7,0
2016-03-31 20:27:44,5,49,20.9,61,6,1009.5,1014.4,0.7,1,10,236.7,0
2016-03-31 20:32:44,5,49,20.9,62,5.8,1009.4,1014.3,1,1.7,14,236.7,0
2016-03-31 20:37:45,5,48,21,62,5.8,1009.4,1014.3,1.4,1.7,8,236.7,0
2016-03-31 20:42:45,5,48,21,62,5.9,1009.5,1014.4,1.7,2.4,1,236.7,0
2016-03-31 20:47:45,5,48,21,60,6,1009.4,1014.3,2,3.4,8,236.7,0
2016-03-31 20:52:45,5,48,21,59,6,1009.3,1014.2,2.4,3.1,8,236.7,0
2016-03-31 20:57:45,5,49,20.9,59,6,1009.1,1014,1.4,3.1,10,236.7,0
2016-03-31 21:02:45,5,49,20.8,59,6,1009,1013.9,1,2,9,236.7,0
2016-03-31 21:07:45,5,49,20.6,59,6,1009.2,1014.1,1.4,2.4,8,236.7,0
2016-03-31 21:12:45,5,50,20.5,59,6,1009.3,1014.2,0.7,1.4,9,236.7,0
2016-03-31 21:17:45,5,50,20.4,61,5.9,1009.1,1014,1,2,8,236.7,0
2016-03-31 21:22:45,5,50,20.3,61,5.9,1009.2,1014.1,1.4,2.7,2,236.7,0
2016-03-31 21:27:45,5,50,20.3,62,5.9,1009.1,1014,1,2.4,0,236.7,0
2016-03-31 21:32:45,5,50,20.2,62,5.9,1008.9,1013.8,1.4,2.4,2,236.7,0
2016-03-31 21:37:45,5,50,20.2,62,6,1008.8,1013.7,1.7,2.7,12,236.7,0
2016-03-31 21:42:45,5,50,20.1,62,6,1008.6,1013.5,1.4,2.7,4,236.7,0
2016-03-31 21:47:45,5,50,20,62,6.1,1008.6,1013.5,1.7,2.7,2,236.7,0
2016-03-31 21:52:45,5,50,20,62,6.1,1008.8,1013.7,2.7,4.1,2,236.7,0
2016-03-31 21:57:45,5,50,20,62,6.1,1008.8,1013.7,1.4,2.7,8,236.7,0
2016-03-31 22:02:45,5,50,20,62,6.2,1008.8,1013.7,2,2.7,4,236.7,0
2016-03-31 22:07:45,5,51,19.9,62,6.2,1008.6,1013.5,1.4,2.4,8,236.7,0
2016-03-31 22:12:45,5,51,19.8,62,6.2,1008.7,1013.6,2.7,4.8,8,236.7,0
2016-03-31 22:17:45,5,51,19.8,63,6.3,1008.4,1013.3,2,3.7,8,236.7,0
2016-03-31 22:22:45,5,51,19.7,63,6.3,1008.7,1013.6,2.4,6.8,8,236.7,0
2016-03-31 22:27:45,5,51,19.7,63,6.3,1008.5,1013.4,3.1,5.4,8,236.7,0
2016-03-31 22:32:45,5,51,19.7,63,6.3,1008.6,1013.5,1.4,2.7,8,236.7,0
2016-03-31 22:37:45,5,51,19.6,63,6.3,1008.5,1013.4,1.4,2.7,14,236.7,0
2016-03-31 22:42:45,5,51,19.5,63,6.3,1008.4,1013.3,2.4,3.7,12,236.7,0
2016-03-31 22:47:45,5,51,19.5,63,6.3,1008.5,1013.4,1.4,2.7,2,236.7,0
2016-03-31 22:52:45,5,51,19.5,63,6.3,1008.4,1013.3,2.4,4.1,8,236.7,0
2016-03-31 22:57:45,5,51,19.4,63,6.4,1008.2,1013.1,2.4,5.1,12,236.7,0
2016-03-31 23:02:45,5,51,19.4,64,6.4,1008.3,1013.2,3.1,6.5,8,236.7,0
2016-03-31 23:07:45,5,51,19.4,64,6.4,1008.4,1013.3,3.1,4.4,9,236.7,0
2016-03-31 23:12:45,5,51,19.4,64,6.4,1008.1,1013,2,3.1,12,236.7,0
2016-03-31 23:17:45,5,51,19.3,64,6.4,1008.2,1013.1,2.7,4.4,8,236.7,0
2016-03-31 23:22:45,5,51,19.3,64,6.4,1008.1,1013,2.4,4.1,14,236.7,0
2016-03-31 23:27:45,5,51,19.3,65,6.4,1008.1,1013,2.4,3.7,10,236.7,0
2016-03-31 23:32:45,5,51,19.2,65,6.4,1007.9,1012.8,2,3.4,14,236.7,0
2016-03-31 23:37:45,5,51,19.2,65,6.4,1008,1012.9,3.1,3.7,8,236.7,0
2016-03-31 23:42:45,5,51,19.2,65,6.3,1007.8,1012.7,2.7,3.7,10,236.7,0
2016-03-31 23:47:45,5,51,19.1,66,6.3,1007.8,1012.7,2.7,4.4,14,236.7,0
2016-03-31 23:52:45,5,51,19.1,66,6.3,1007.9,1012.8,2.4,4.4,2,236.7,0
2016-03-31 23:57:45,5,51,19,67,6.2,1007.7,1012.6,2,3.4,15,236.7,0
