2017-06-16 00:03:17,5,50,23.1,76,12.5,1015.1,1020,1,2,14,785.7,0
2017-06-16 00:08:17,5,50,23.1,76,12.5,1015,1019.9,0.7,0.7,8,785.7,0
2017-06-16 00:13:17,5,51,23.1,76,12.5,1015.1,1020,0.3,0.7,4,785.7,0
2017-06-16 00:18:17,5,50,23,77,12.5,1015.1,1020,0,0.3,,785.7,0
2017-06-16 00:23:17,5,51,23,77,12.6,1014.9,1019.8,0.7,1.4,0,785.7,0
2017-06-16 00:28:17,5,51,23,77,12.6,1014.9,1019.8,0.7,1.4,8,785.7,0
2017-06-16 00:33:17,5,51,23,77,12.6,1015,1019.9,0.3,1,8,785.7,0
2017-06-16 00:38:17,5,50,23,77,12.6,1015,1019.9,0.3,1,4,785.7,0
2017-06-16 00:43:17,5,50,22.9,77,12.6,1015.3,1020.2,0.3,1,10,785.7,0
2017-06-16 00:48:17,5,50,23,78,12.6,1015.2,1020.1,0.3,0.7,8,785.7,0
2017-06-16 00:53:17,5,50,22.9,78,12.6,1015.2,1020.1,0.7,1,8,785.7,0
2017-06-16 00:58:17,5,50,22.9,78,12.6,1015.2,1020.1,0.7,1,14,785.7,0
2017-06-16 01:03:17,5,50,22.9,78,12.6,1015.2,1020.1,0.7,1,8,785.7,0
2017-06-16 01:08:17,5,50,22.9,78,12.7,1015.4,1020.3,0.7,1.4,8,785.7,0
2017-06-16 01:13:17,5,50,22.9,78,12.7,1015.5,1020.4,0.3,1,,785.7,0
2017-06-16 01:18:17,5,50,22.9,78,12.7,1015.4,1020.3,0.3,0.7,14,785.7,0
2017-06-16 01:23:17,5,50,22.9,78,12.7,1015.4,1020.3,0.7,1.4,10,785.7,0
2017-06-16 01:28:17,5,50,22.8,78,12.8,1015.4,1020.3,0.3,1,8,785.7,0
2017-06-16 01:33:17,5,50,22.9,78,12.8,1015.5,1020.4,0.3,1.4,8,785.7,0
2017-06-16 01:38:17,5,50,22.9,78,12.8,1015.6,1020.5,0.3,0.7,8,785.7,0
2017-06-16 01:43:17,5,50,22.9,79,12.8,1015.6,1020.5,0.3,0.7,8,785.7,0
2017-06-16 01:48:17,5,50,22.9,79,12.8,1015.7,1020.6,0.3,1,9,785.7,0
2017-06-16 01:53:17,5,50,22.8,79,12.8,1015.9,1020.8,0.7,1.4,8,785.7,0
2017-06-16 01:58:17,5,50,22.9,79,12.9,1015.9,1020.8,0.3,1,9,785.7,0
2017-06-16 02:03:17,5,50,22.8,79,12.9,1015.8,1020.7,1,1.7,4,785.7,0
2017-06-16 02:08:17,5,50,22.8,79,12.9,1015.8,1020.7,0.3,1,8,785.7,0
2017-06-16 02:13:17,5,50,22.8,79,12.9,1015.8,1020.7,0.3,1,8,785.7,0
2017-06-16 02:18:17,5,51,22.8,79,12.9,1015.9,1020.8,0.3,0.7,8,785.7,0
2017-06-16 02:23:17,5,51,22.8,79,12.9,1015.9,1020.8,1,2,8,785.7,0
2017-06-16 02:28:17,5,51,22.8,79,12.9,1015.8,1020.7,1,2,8,785.7,0
2017-06-16 02:33:17,5,51,22.8,80,12.8,1015.7,1020.6,0.7,1,8,785.7,0
2017-06-16 02:38:17,5,51,22.8,80,12.8,1015.8,1020.7,0.7,1.7,8,785.7,0
2017-06-16 02:43:17,5,51,22.8,80,12.8,1015.7,1020.6,0.7,1,8,785.7,0
2017-06-16 02:48:17,5,50,22.8,80,12.9,1015.6,1020.5,0.7,1,8,785.7,0
2017-06-16 02:53:17,5,50,22.8,80,12.9,1015.5,1020.4,1,2,8,785.7,0
2017-06-16 02:58:17,5,50,22.8,80,12.9,1015.6,1020.5,0.7,1.4,8,785.7,0
2017-06-16 03:03:17,5,50,22.8,80,12.9,1015.5,1020.4,0.7,1,8,785.7,0
2017-06-16 03:08:17,5,50,22.8,80,12.9,1015.7,1020.6,0.3,1,8,785.7,0
2017-06-16 03:13:17,5,50,22.8,80,12.9,1015.7,1020.6,0.7,1,10,785.7,0
2017-06-16 03:18:17,5,50,22.8,80,12.9,1015.6,1020.5,1,2.4,8,785.7,0
2017-06-16 03:23:17,5,51,22.7,80,12.9,1015.7,1020.6,1,1.7,14,785.7,0
2017-06-16 03:28:17,5,51,22.7,80,12.9,1015.7,1020.6,0.7,1.4,15,785.7,0
2017-06-16 03:33:17,5,51,22.7,80,12.9,1015.5,1020.4,0.7,1,8,785.7,0
2017-06-16 03:38:17,5,51,22.7,80,12.8,1015.5,1020.4,0.7,1.4,10,785.7,0
2017-06-16 03:43:17,5,51,22.7,80,12.7,1015.6,1020.5,0.7,1.4,8,785.7,0
2017-06-16 03:48:17,5,50,22.7,80,12.7,1015.7,1020.6,0.7,1.7,8,785.7,0
2017-06-16 03:53:17,5,51,22.7,80,12.7,1015.9,1020.8,0.7,1,8,785.7,0
2017-06-16 03:58:17,5,51,22.7,80,12.6,1015.9,1020.8,0.7,1,10,785.7,0
2017-06-16 04:03:17,5,51,22.7,80,12.6,1015.9,1020.8,0.3,1,8,785.7,0
2017-06-16 04:08:17,5,51,22.7,81,12.6,1015.9,1020.8,0.3,0.7,8,785.7,0
2017-06-16 04:13:17,5,51,22.7,81,12.5,1016,1020.9,0,0.7,12,785.7,0
2017-06-16 04:18:17,5,51,22.7,81,12.5,1015.9,1020.8,0.3,1,10,785.7,0
2017-06-16 04:23:17,5,51,22.7,81,12.5,1016,1020.9,0.3,1,8,785.7,0
2017-06-16 04:28:17,5,51,22.7,81,12.5,1016,1020.9,0.3,0.7,8,785.7,0
2017-06-16 04:33:17,5,51,22.7,81,12.5,1016.1,1021,0.3,1,10,785.7,0
2017-06-16 04:38:17,5,51,22.7,81,12.5,1016,1020.9,1,1.7,10,785.7,0
2017-06-16 04:43:17,5,51,22.7,81,12.5,1015.9,1020.8,0.3,1,12,785.7,0
2017-06-16 04:48:17,5,51,22.7,81,12.5,1015.9,1020.8,0.7,1.4,14,785.7,0
2017-06-16 04:53:17,5,51,22.7,81,12.5,1016,1020.9,0.3,1.4,12,785.7,0
2017-06-16 04:58:17,5,51,22.7,82,12.5,1016,1020.9,0.7,1.4,12,785.7,0
2017-06-16 05:03:17,5,51,22.7,82,12.6,1016.1,1021,0.7,1.4,8,785.7,0
2017-06-16 05:08:17,5,51,22.7,82,12.6,1016.2,1021.1,0.3,1,10,785.7,0
2017-06-16 05:13:17,5,51,22.7,82,12.6,1016.4,1021.3,0.7,1.4,10,785.7,0
2017-06-16 05:18:17,5,51,22.7,82,12.6,1016.2,1021.1,0.7,1.7,9,785.7,0
2017-06-16 05:23:17,5,51,22.6,82,12.6,1016.3,1021.2,0.7,1.4,12,785.7,0
2017-06-16 05:28:17,5,51,22.7,82,12.7,1016.2,1021.1,0.7,1.7,10,785.7,0
2017-06-16 05:33:17,5,51,22.7,82,12.7,1016.2,1021.1,1,1.7,10,785.7,0
2017-06-16 05:38:17,5,51,22.7,82,12.7,1016.3,1021.2,1,1.7,8,785.7,0
2017-06-16 05:43:17,5,51,22.7,82,12.8,1016.3,1021.2,0.7,1.4,10,785.7,0
2017-06-16 05:48:17,5,51,22.7,82,12.8,1016.5,1021.4,1,1.7,8,785.7,0
2017-06-16 05:53:17,5,51,22.7,82,12.8,1016.5,1021.4,1,1.7,12,785.7,0
2017-06-16 05:58:17,5,51,22.7,83,12.9,1016.5,1021.4,1,1.7,14,785.7,0
2017-06-16 06:03:17,5,51,22.7,83,12.9,1016.5,1021.4,0.7,1.4,8,785.7,0
2017-06-16 06:08:17,5,51,22.7,83,12.9,1016.6,1021.5,1.4,2,8,785.7,0
2017-06-16 06:13:17,5,51,22.6,83,12.9,1016.6,1021.5,1,2,8,785.7,0
2017-06-16 06:18:17,5,51,22.6,83,13,1016.7,1021.6,1.4,2.7,8,785.7,0
2017-06-16 06:23:17,5,51,22.6,84,13,1016.9,1021.8,1.4,2,8,785.7,0
2017-06-16 06:28:17,5,51,22.7,84,13,1017,1021.9,1.4,2.4,8,785.7,0
2017-06-16 06:33:17,5,51,22.7,84,13.1,1017.1,1022,1.7,2.4,8,785.7,0
2017-06-16 06:38:17,5,51,22.7,84,13.1,1016.9,1021.8,1,1.7,8,785.7,0
2017-06-16 06:43:17,5,51,22.6,84,13.1,1017.1,1022,0.3,1,12,785.7,0
2017-06-16 06:48:17,5,52,22.7,84,13.1,1017.1,1022,0.7,1.4,8,785.7,0
2017-06-16 06:53:17,5,52,22.7,84,13.1,1017.1,1022,1,2,10,785.7,0
2017-06-16 06:58:17,5,52,22.7,84,13.2,1017.1,1022,1,1.7,10,785.7,0
2017-06-16 07:03:17,5,52,22.7,84,13.2,1017.1,1022,1,1.4,2,785.7,0
2017-06-16 07:08:17,5,52,22.6,84,13.2,1017.2,1022.1,1,1.7,10,785.7,0
2017-06-16 07:13:17,5,52,22.7,85,13.2,1017.1,1022,1.4,2,8,785.7,0
2017-06-16 07:18:17,5,52,22.6,85,13.3,1017.2,1022.1,1.4,3.7,14,785.7,0
2017-06-16 07:23:17,5,52,22.7,85,13.3,1017.2,1022.1,1,2,10,785.7,0
2017-06-16 07:28:17,5,53,22.7,85,13.3,1017.5,1022.4,1.7,2.7,12,785.7,0
2017-06-16 07:33:17,5,53,22.7,85,13.3,1017.4,1022.3,1.4,2.4,10,785.7,0
2017-06-16 07:38:17,5,53,22.7,85,13.3,1017.6,1022.5,2.4,3.4,8,785.7,0
2017-06-16 07:43:17,5,53,22.7,85,13.3,1017.5,1022.4,1.4,2.4,10,785.7,0
2017-06-16 07:48:17,5,53,22.7,85,13.3,1017.6,1022.5,1.7,3.1,8,785.7,0
2017-06-16 07:53:17,5,52,22.6,85,13.3,1017.5,1022.4,1,1.7,9,785.7,0
2017-06-16 07:58:17,5,52,22.6,85,13.3,1017.4,1022.3,1.4,2.4,4,785.7,0
2017-06-16 08:03:17,5,52,22.7,85,13.4,1017.5,1022.4,1,1.7,8,785.7,0
2017-06-16 08:08:17,5,52,22.7,85,13.4,1017.6,1022.5,1.4,3.1,8,785.7,0
2017-06-16 08:13:17,5,52,22.7,85,13.4,1017.6,1022.5,1.4,2.4,10,785.7,0
2017-06-16 08:18:17,5,52,22.7,85,13.5,1017.8,1022.7,1.4,2.7,8,785.7,0
2017-06-16 08:23:17,5,52,22.8,85,13.5,1017.7,1022.6,1,1.7,10,785.7,0
2017-06-16 08:28:17,5,52,22.8,85,13.6,1017.7,1022.6,0.7,1.4,10,785.7,0
2017-06-16 08:33:17,5,52,22.8,85,13.6,1017.9,1022.8,1,1.7,8,785.7,0
2017-06-16 08:38:17,5,52,22.8,85,13.6,1017.8,1022.7,1,1.7,10,785.7,0
2017-06-16 08:43:17,5,52,22.8,85,13.7,1017.9,1022.8,0.7,1.4,8,785.7,0
2017-06-16 08:48:17,5,52,22.8,85,13.7,1017.9,1022.8,0.7,1,8,785.7,0
2017-06-16 08:53:17,5,52,22.8,85,13.7,1017.9,1022.8,1.7,2.7,8,785.7,0
2017-06-16 08:58:17,5,52,22.8,85,13.7,1018,1022.9,1,1.7,8,785.7,0
2017-06-16 09:03:17,5,52,22.8,85,13.8,1018.1,1023,0.7,1.4,8,785.7,0
2017-06-16 09:08:17,5,53,22.8,85,13.8,1018,1022.9,1,2.7,12,785.7,0
2017-06-16 09:13:17,5,52,22.7,85,13.8,1018.2,1023.1,0.7,1.7,10,785.7,0
2017-06-16 09:18:17,5,53,22.8,85,13.9,1018.3,1023.2,0.7,1,12,785.7,0
2017-06-16 09:23:17,5,53,22.7,85,13.9,1018.3,1023.2,0.7,1.7,8,785.7,0
2017-06-16 09:28:17,5,53,22.8,85,13.9,1018.3,1023.2,1,1.4,8,785.7,0
2017-06-16 09:33:17,5,53,22.8,84,14,1018.4,1023.3,0.7,1,8,785.7,0
2017-06-16 09:38:17,5,53,22.8,84,14.1,1018.4,1023.3,1,1.7,8,785.7,0
2017-06-16 09:43:17,5,53,22.7,84,14.1,1018.5,1023.4,1,1.7,10,785.7,0
2017-06-16 09:48:17,5,53,22.8,84,14.2,1018.6,1023.5,0.7,1.4,8,785.7,0
2017-06-16 09:53:17,5,53,22.8,84,14.2,1018.5,1023.4,0.7,1.4,10,785.7,0
2017-06-16 09:58:17,5,53,22.7,84,14.1,1018.5,1023.4,0.7,1,14,786,0
2017-06-16 10:03:17,5,53,22.7,84,14.2,1018.5,1023.4,0.7,1.4,4,786,0
2017-06-16 10:08:17,5,53,22.7,84,14.3,1018.6,1023.5,0.7,1.4,12,786,0
2017-06-16 10:13:17,5,53,22.6,84,14.3,1018.6,1023.5,0.7,1.4,4,786,0
2017-06-16 10:18:17,5,53,22.7,84,14.3,1018.7,1023.6,1.4,1.7,8,786,0
2017-06-16 10:23:17,5,53,22.7,84,14.4,1018.7,1023.6,1.4,2,12,786,0
2017-06-16 10:28:17,5,53,22.7,84,14.4,1018.8,1023.7,1.7,2.4,10,786,0
2017-06-16 10:33:17,5,53,22.7,84,14.4,1018.8,1023.7,0.7,1.4,4,786,0
2017-06-16 10:38:17,5,53,22.7,84,14.4,1018.9,1023.8,0.7,1,10,786,0
2017-06-16 10:43:17,5,53,22.7,84,14.4,1018.7,1023.6,1.4,2,9,786,0
2017-06-16 10:48:17,5,53,22.7,84,14.4,1018.9,1023.8,1,1.4,10,786,0
2017-06-16 10:53:17,5,53,22.7,84,14.4,1018.9,1023.8,0.7,1.4,9,786,0
2017-06-16 10:58:17,5,53,22.7,84,14.5,1019,1023.9,0.7,1.4,4,786,0
2017-06-16 11:03:17,5,53,22.7,84,14.5,1018.9,1023.8,0.7,1.4,12,786,0
2017-06-16 11:08:17,5,54,22.7,85,14.5,1019,1023.9,0.3,0.7,10,786,0
2017-06-16 11:13:17,5,53,22.7,85,14.6,1019.2,1024.1,0.3,0.7,8,786,0
2017-06-16 11:18:17,5,54,22.7,85,14.7,1019.2,1024.1,0.7,1,9,786,0
2017-06-16 11:23:17,5,53,22.7,85,14.8,1019.2,1024.1,0.7,1,0,786,0
2017-06-16 11:28:17,5,54,22.7,85,14.9,1019.1,1024,1.4,1.7,10,786,0
2017-06-16 11:33:17,5,54,22.8,85,14.9,1019.2,1024.1,1,1.7,12,786,0
2017-06-16 11:38:17,5,54,22.8,85,14.9,1019,1023.9,1,1.7,8,786,0
2017-06-16 11:43:17,5,54,22.8,84,15.1,1019.2,1024.1,0.7,1.7,14,786,0
2017-06-16 11:48:17,5,54,22.8,84,15.2,1019.2,1024.1,0.7,1.4,1,786,0
2017-06-16 11:53:17,5,54,22.8,84,15.2,1019.2,1024.1,0.7,1.7,4,786,0
2017-06-16 11:58:17,5,54,22.8,84,15.2,1019.2,1024.1,0.3,0.7,14,786,0
2017-06-16 12:03:17,5,54,22.8,84,15.3,1019.3,1024.2,1,2,10,786,0
2017-06-16 12:08:17,5,54,22.8,84,15.4,1019.3,1024.2,1,1.7,10,786,0
2017-06-16 12:13:17,5,54,22.8,84,15.4,1019.4,1024.3,1.4,2,8,786,0
2017-06-16 12:18:17,5,54,22.9,84,15.5,1019.3,1024.2,1.7,2.7,8,786,0
2017-06-16 12:23:17,5,54,22.9,84,15.8,1019.5,1024.4,0.7,2,13,786,0
2017-06-16 12:28:17,5,54,22.9,83,16,1019.5,1024.4,0.7,1.4,8,786,0
2017-06-16 12:33:17,5,54,22.9,82,16.1,1019.4,1024.3,1.7,2.4,8,786,0
2017-06-16 12:38:17,5,54,23,82,16.3,1019.5,1024.4,0.7,2,12,786,0
2017-06-16 12:43:17,5,54,23,82,16.6,1019.5,1024.4,0.7,2.4,8,786,0
2017-06-16 12:48:17,5,54,23,80,16.7,1019.4,1024.3,1,2.4,8,786,0
2017-06-16 12:53:17,5,54,23,78,16.7,1019.4,1024.3,0.7,1.7,8,786,0
2017-06-16 12:58:17,5,54,23,77,16.8,1019.6,1024.5,0.3,1,8,786,0
2017-06-16 13:03:17,5,54,23.1,76,16.8,1019.5,1024.4,1.4,2,8,786,0
2017-06-16 13:08:17,5,53,23.1,75,16.8,1019.5,1024.4,0.7,1.7,8,786,0
2017-06-16 13:13:17,5,53,23.1,74,16.9,1019.5,1024.4,1.7,2.7,8,786,0
2017-06-16 13:18:17,5,53,23.2,72,17,1019.7,1024.6,1.7,2.7,15,786,0
2017-06-16 13:23:17,5,53,23.2,69,17,1019.6,1024.5,1,1.7,10,786,0
2017-06-16 13:28:17,5,53,23.2,67,17.4,1019.5,1024.4,1.4,2,8,786,0
2017-06-16 13:33:17,5,53,23.3,67,17.6,1019.7,1024.6,1.7,2.4,9,786,0
2017-06-16 13:38:17,5,53,23.3,67,17.8,1019.7,1024.6,1.4,2.4,14,786,0
2017-06-16 13:43:17,5,53,23.3,66,18.1,1019.7,1024.6,1.4,2.4,12,786,0
2017-06-16 13:48:17,5,53,23.4,66,18.3,1019.6,1024.5,1.7,3.1,8,786,0
2017-06-16 13:53:17,5,53,23.4,66,18.3,1019.6,1024.5,2.4,4.1,10,786,0
2017-06-16 13:58:17,5,53,23.4,66,18.3,1019.7,1024.6,2,3.1,9,786,0
2017-06-16 14:03:17,5,53,23.4,65,18.4,1019.7,1024.6,2,2.7,10,786,0
2017-06-16 14:08:17,5,53,23.4,65,18.3,1019.6,1024.5,1.4,2.7,8,786,0
2017-06-16 14:13:17,5,53,23.4,65,18.1,1019.7,1024.6,1,2,10,786,0
2017-06-16 14:18:17,5,53,23.4,65,18,1019.8,1024.7,1.4,3.1,10,786,0
2017-06-16 14:23:17,5,53,23.3,65,17.7,1019.8,1024.7,1.7,2.4,8,786,0
2017-06-16 14:28:17,5,53,23.3,67,17.5,1019.8,1024.7,0.7,1.7,8,786,0
2017-06-16 14:33:17,5,54,23.2,67,17.4,1019.9,1024.8,0.7,1.4,10,786,0
2017-06-16 14:38:17,5,54,23.2,68,17.4,1019.9,1024.8,1.4,2.4,8,786,0
2017-06-16 14:43:17,5,54,23.1,68,17.3,1019.9,1024.8,1,2.4,2,786,0
2017-06-16 14:48:17,5,54,23.1,69,17.4,1019.8,1024.7,1.4,2.4,10,786,0
2017-06-16 14:53:17,5,54,23.1,69,17.7,1019.9,1024.8,1.7,2.7,10,786,0
2017-06-16 14:58:17,5,54,23.1,68,17.7,1019.9,1024.8,1.7,2,10,786,0
2017-06-16 15:03:17,5,54,23.1,67,17.7,1019.9,1024.8,2,3.4,12,786,0
2017-06-16 15:08:17,5,54,23.1,68,17.8,1019.9,1024.8,1.4,2,8,786,0
2017-06-16 15:13:17,5,54,23.1,68,17.6,1019.9,1024.8,1,2,8,786,0
2017-06-16 15:18:17,5,54,23.1,68,17.6,1019.9,1024.8,1,1.7,2,786,0
2017-06-16 15:23:17,5,54,23.1,68,17.7,1019.8,1024.7,1,2,12,786,0
2017-06-16 15:28:17,5,54,23.1,68,17.8,1019.9,1024.8,1,1.7,8,786,0
2017-06-16 15:33:17,5,54,23.1,67,17.7,1019.9,1024.8,1.4,2.7,8,786,0
2017-06-16 15:38:17,5,54,23.1,67,17.7,1019.9,1024.8,1.4,2,10,786,0
2017-06-16 15:43:17,5,54,23.1,67,17.7,1019.9,1024.8,2,3.1,8,786,0
2017-06-16 15:48:17,5,54,23,67,17.8,1019.9,1024.8,1,2,8,786,0
2017-06-16 15:53:17,5,55,23,67,17.8,1019.9,1024.8,1.4,2.4,8,786,0
2017-06-16 15:58:17,5,55,23,67,17.9,1020,1024.9,1,2,14,786,0
2017-06-16 16:03:17,5,55,23,66,18.1,1019.9,1024.8,0.7,1.4,2,786,0
2017-06-16 16:08:17,5,55,23.1,66,18.1,1019.8,1024.7,1.4,2.4,8,786,0
2017-06-16 16:13:17,5,55,23.1,66,18.2,1019.9,1024.8,2.4,3.1,13,786,0
2017-06-16 16:18:17,5,55,23.1,66,18.2,1019.9,1024.8,1.4,3.1,8,786,0
2017-06-16 16:23:17,5,55,23.2,66,18.3,1020,1024.9,0.7,1.7,10,786,0
2017-06-16 16:28:17,5,55,23.1,66,18.6,1019.8,1024.7,1.4,2,14,786,0
2017-06-16 16:33:17,5,55,23.1,66,18.8,1019.9,1024.8,1,1.7,13,786,0
2017-06-16 16:38:17,5,55,23.2,65,18.8,1020,1024.9,1,1.4,4,786,0
2017-06-16 16:43:17,5,55,23.3,65,18.5,1020,1024.9,1.4,2,4,786,0
2017-06-16 16:48:17,5,55,23.3,65,18.3,1019.9,1024.8,1,2.4,8,786,0
2017-06-16 16:53:17,5,55,23.3,65,18.2,1020,1024.9,1,1.7,10,786,0
2017-06-16 16:58:17,5,55,23.3,65,18.1,1019.9,1024.8,0.7,1.7,2,786,0
2017-06-16 17:03:17,5,55,23.3,65,18.4,1019.9,1024.8,1,1.7,14,786,0
2017-06-16 17:08:17,5,55,23.3,65,18.6,1019.8,1024.7,1.7,2.4,8,786,0
2017-06-16 17:13:17,5,55,23.3,65,18.4,1020.1,1025,0.7,1,12,786,0
2017-06-16 17:18:17,5,55,23.3,65,18.5,1020.1,1025,0.7,1.7,8,786,0
2017-06-16 17:23:17,5,55,23.4,65,18.8,1020.1,1025,1.7,3.1,8,786,0
2017-06-16 17:28:17,5,55,23.4,65,18.5,1020,1024.9,1.4,2.4,8,786,0
2017-06-16 17:33:17,5,55,23.4,65,18.3,1019.9,1024.8,0.3,1,2,786,0
2017-06-16 17:38:17,5,55,23.4,65,18.6,1020,1024.9,1.4,2.7,8,786,0
2017-06-16 17:43:17,5,55,23.4,62,18.7,1020.1,1025,0.7,1.7,8,786,0
2017-06-16 17:48:17,5,55,23.4,63,18.4,1020,1024.9,1,2,8,786,0
2017-06-16 17:53:17,5,55,23.4,63,18.2,1020.1,1025,1,1.4,8,786,0
2017-06-16 17:58:17,5,55,23.4,65,18.7,1020.1,1025,1,2,8,786,0
2017-06-16 18:03:17,5,55,23.5,61,19,1020.3,1025.2,1,2,8,786,0
2017-06-16 18:08:17,5,54,23.5,61,18.8,1020.1,1025,1,1.7,12,786,0
2017-06-16 18:13:17,5,54,23.5,60,18.5,1020,1024.9,1,1.7,12,786,0
2017-06-16 18:18:17,5,53,23.4,60,18.3,1020.1,1025,0.7,1.4,8,786,0
2017-06-16 18:23:17,5,53,23.4,61,18.3,1020.1,1025,0.3,1.4,8,786,0
2017-06-16 18:28:17,5,53,23.4,61,18.5,1020.2,1025.1,1,1.7,0,786,0
2017-06-16 18:33:17,5,53,23.4,60,18.5,1020.1,1025,1,2,8,786,0
2017-06-16 18:38:17,5,52,23.4,60,18.4,1020.2,1025.1,0.3,0.7,8,786,0
2017-06-16 18:43:17,5,52,23.3,61,18.3,1020.3,1025.2,0.7,1.4,10,786,0
2017-06-16 18:48:17,5,53,23.3,61,18.2,1020.3,1025.2,1,1.7,10,786,0
2017-06-16 18:53:17,5,53,23.2,61,18,1020.3,1025.2,1,1.4,10,786,0
2017-06-16 18:58:17,5,52,23.2,62,17.8,1020.4,1025.3,0.7,1,8,786,0
2017-06-16 19:03:17,5,53,23.2,62,17.6,1020.4,1025.3,1,1.4,10,786,0
2017-06-16 19:08:17,5,53,23.2,62,17.5,1020.4,1025.3,0.7,1.4,10,786,0
2017-06-16 19:13:17,5,54,23.1,62,17.4,1020.5,1025.4,1,1.7,10,786,0
2017-06-16 19:18:17,5,54,23.1,61,17.3,1020.5,1025.4,0.7,1.4,10,786,0
2017-06-16 19:23:17,5,53,23.1,61,17.2,1020.6,1025.5,0.3,1,8,786,0
2017-06-16 19:28:17,5,53,23,61,17.2,1020.6,1025.5,0.7,1,10,786,0
2017-06-16 19:33:17,5,52,23,61,17.1,1020.7,1025.6,0.7,1.4,8,786,0
2017-06-16 19:38:17,5,53,23,61,17,1020.7,1025.6,0.3,1,10,786,0
2017-06-16 19:43:17,5,52,23,61,17,1020.8,1025.7,0.3,1,8,786,0
2017-06-16 19:48:17,5,51,22.9,61,17,1020.7,1025.6,0.7,1.4,8,786,0
2017-06-16 19:53:17,5,51,22.9,61,17,1020.9,1025.8,0.3,1.4,8,786,0
2017-06-16 19:58:17,5,51,22.9,62,16.9,1020.8,1025.7,0.7,1.4,8,786,0
2017-06-16 20:03:17,5,50,22.8,62,16.9,1020.9,1025.8,0.7,1.4,8,786,0
2017-06-16 20:08:17,5,49,22.8,62,16.9,1020.9,1025.8,0.3,1.4,8,786,0
2017-06-16 20:13:17,5,49,22.7,62,16.9,1021,1025.9,0.7,1.4,10,786,0
2017-06-16 20:18:17,5,49,22.7,62,16.9,1020.9,1025.8,0.3,1,10,786,0
2017-06-16 20:23:17,5,49,22.6,62,16.8,1020.9,1025.8,0.3,0.7,8,786,0
2017-06-16 20:28:17,5,49,22.6,62,16.7,1020.9,1025.8,0.7,1,12,786,0
2017-06-16 20:33:17,5,50,22.5,63,16.7,1021.1,1026,0.7,1,9,786,0
2017-06-16 20:38:17,5,50,22.5,63,16.7,1021.1,1026,0.7,1,10,786,0
2017-06-16 20:43:17,5,51,22.4,63,16.7,1021.2,1026.1,0.3,1,8,786,0
2017-06-16 20:48:17,5,51,22.5,63,16.6,1021.1,1026,0.3,1,8,786,0
2017-06-16 20:53:17,5,51,22.5,63,16.6,1021.3,1026.2,0.3,1,8,786,0
2017-06-16 20:58:17,5,51,22.4,63,16.5,1021.3,1026.2,0.7,1,8,786,0
2017-06-16 21:03:17,5,51,22.4,63,16.4,1021.3,1026.2,0.7,1.4,12,786,0
2017-06-16 21:08:17,5,51,22.4,64,16.4,1021.3,1026.2,0.7,1,8,786,0
2017-06-16 21:13:17,5,51,22.4,64,16.3,1021.4,1026.3,0.3,0.7,8,786,0
2017-06-16 21:18:17,5,51,22.4,65,16.2,1021.4,1026.3,0.3,0.7,8,786,0
2017-06-16 21:23:17,5,51,22.4,65,16.2,1021.4,1026.3,0.7,1.7,8,786,0
2017-06-16 21:28:17,5,52,22.4,65,16.1,1021.5,1026.4,0.3,0.7,9,786,0
2017-06-16 21:33:17,5,52,22.4,66,16.1,1021.5,1026.4,0.3,0.7,10,786,0
2017-06-16 21:38:17,5,52,22.3,66,16,1021.6,1026.5,0.3,0.7,10,786,0
2017-06-16 21:43:17,5,52,22.2,67,15.9,1021.9,1026.8,0.7,1.4,8,786,0
2017-06-16 21:48:17,5,52,22.3,68,15.8,1021.8,1026.7,0.7,1,10,786,0
2017-06-16 21:53:17,5,52,22.3,68,15.7,1021.6,1026.5,0.7,1.4,8,786,0
2017-06-16 21:58:17,5,52,22.3,69,15.6,1021.7,1026.6,1,1.7,8,786,0
2017-06-16 22:03:17,5,53,22.3,69,15.4,1021.7,1026.6,0.7,1.4,8,786,0
2017-06-16 22:08:17,5,53,22.2,70,15.2,1021.7,1026.6,0.3,0.7,10,786,0
2017-06-16 22:13:17,5,53,22.2,71,15,1021.8,1026.7,0.7,1,8,786,0
2017-06-16 22:18:17,5,53,22.2,73,14.7,1021.8,1026.7,0.7,1.7,10,786,0
2017-06-16 22:23:17,5,53,22.2,74,14.5,1021.7,1026.6,1,1.7,8,786,0
2017-06-16 22:28:17,5,53,22.2,75,14.3,1021.7,1026.6,0.7,1,8,786,0
2017-06-16 22:33:17,5,53,22.2,75,14.1,1021.6,1026.5,1,1.4,8,786,0
2017-06-16 22:38:17,5,54,22.2,76,14,1021.8,1026.7,0.7,1,8,786,0
2017-06-16 22:43:17,5,54,22.1,77,13.9,1021.8,1026.7,0.3,0.7,10,786,0
2017-06-16 22:48:17,5,54,22.2,77,13.8,1021.6,1026.5,0.3,1,10,786,0
2017-06-16 22:53:17,5,54,22.2,78,13.8,1021.6,1026.5,0.3,1,10,786,0
2017-06-16 22:58:17,5,54,22.1,78,13.7,1021.7,1026.6,0,0.7,12,786,0
2017-06-16 23:03:17,5,54,22.1,78,13.7,1021.7,1026.6,0.3,1.4,12,786,0
2017-06-16 23:08:17,5,54,22.2,78,13.7,1021.7,1026.6,0.3,1,10,786,0
2017-06-16 23:13:17,5,54,22.2,79,13.7,1021.7,1026.6,1,2,8,786,0
2017-06-16 23:18:17,5,54,22.2,79,13.6,1021.8,1026.7,0.3,1,8,786,0
2017-06-16 23:23:17,5,54,22.2,79,13.6,1021.9,1026.8,0.3,0.7,8,786,0
2017-06-16 23:28:17,5,54,22.2,79,13.6,1021.8,1026.7,1,1.7,12,786,0
2017-06-16 23:33:17,5,54,22.2,79,13.6,1021.9,1026.8,0,0.7,2,786,0
2017-06-16 23:38:17,5,55,22.1,79,13.6,1021.8,1026.7,0.3,0.7,0,786,0
2017-06-16 23:43:17,5,55,22.2,79,13.6,1021.8,1026.7,1,1.4,8,786,0
2017-06-16 23:48:17,5,55,22.2,79,13.5,1021.9,1026.8,0.7,1,10,786,0
2017-06-16 23:53:17,5,55,22.2,79,13.6,1022,1026.9,0.3,1,8,786,0
2017-06-16 23:58:17,5,55,22.2,79,13.5,1021.9,1026.8,0.3,1,10,786,0
