2017-06-26 00:03:14,5,49,21.1,79,9.3,1012,1016.9,0,0.3,8,793.8,0
2017-06-26 00:08:14,5,49,21.1,79,9.2,1012.1,1017,0,0,8,793.8,0
2017-06-26 00:13:14,5,49,21,79,9.2,1012,1016.9,0,0.3,8,793.8,0
2017-06-26 00:18:14,5,49,21,79,9.2,1011.9,1016.8,0,0,8,793.8,0
2017-06-26 00:23:14,5,49,21,79,9.3,1011.9,1016.8,0,0.3,8,793.8,0
2017-06-26 00:28:14,5,49,21,80,9.3,1011.9,1016.8,0,0.7,8,793.8,0
2017-06-26 00:33:14,5,50,20.9,80,9.3,1012,1016.9,0,0.3,8,793.8,0
2017-06-26 00:38:14,5,50,20.9,80,9.2,1012,1016.9,0,0.3,8,793.8,0
2017-06-26 00:43:14,5,50,20.9,80,9.1,1011.8,1016.7,0.3,0.3,8,793.8,0
2017-06-26 00:48:14,5,50,20.9,80,9.2,1011.9,1016.8,0,0.3,8,793.8,0
2017-06-26 00:53:14,5,50,20.9,80,9.2,1011.8,1016.7,0.3,0.7,8,793.8,0
2017-06-26 00:58:14,5,50,20.9,80,9.3,1011.9,1016.8,0,0.3,8,793.8,0
2017-06-26 01:03:14,5,50,20.7,80,9.2,1011.8,1016.7,0,0.3,8,793.8,0
2017-06-26 01:08:14,5,50,20.8,80,9,1011.7,1016.6,0,0.7,8,793.8,0
2017-06-26 01:13:14,5,50,20.8,80,9,1012,1016.9,0,0.3,8,793.8,0
2017-06-26 01:18:14,5,50,20.7,80,9,1012,1016.9,0,0,8,793.8,0
2017-06-26 01:23:14,5,50,20.7,80,9,1012,1016.9,0,0.3,8,793.8,0
2017-06-26 01:28:14,5,50,20.7,81,9,1011.9,1016.8,0,0,8,793.8,0
2017-06-26 01:33:14,5,50,20.7,81,9,1011.8,1016.7,0,0,8,793.8,0
2017-06-26 01:38:14,5,50,20.7,81,9,1011.8,1016.7,0,0.3,8,793.8,0
2017-06-26 01:43:14,5,50,20.7,81,9,1011.8,1016.7,0,0,8,793.8,0
2017-06-26 01:48:14,5,51,20.7,82,8.9,1011.7,1016.6,0.3,0.7,8,793.8,0
2017-06-26 01:53:14,5,51,20.7,81,8.9,1011.5,1016.4,0,0,8,793.8,0
2017-06-26 01:58:14,5,51,20.6,81,8.7,1011.6,1016.5,0,0,8,793.8,0
2017-06-26 02:03:14,5,51,20.6,81,8.6,1011.5,1016.4,0,0,8,793.8,0
2017-06-26 02:08:14,5,51,20.6,81,8.5,1011.5,1016.4,0,0,8,793.8,0
2017-06-26 02:13:14,5,51,20.6,82,8.5,1011.5,1016.4,0,0,8,793.8,0
2017-06-26 02:18:14,5,51,20.6,82,8.5,1011.5,1016.4,0,0,8,793.8,0
2017-06-26 02:23:14,5,51,20.6,82,8.5,1011.4,1016.3,0,0,8,793.8,0
2017-06-26 02:28:14,5,51,20.5,82,8.4,1011.3,1016.2,0,0,8,793.8,0
2017-06-26 02:33:14,5,51,20.5,82,8.3,1011.5,1016.4,0.3,0.7,8,793.8,0
2017-06-26 02:38:14,5,51,20.5,82,8.3,1011.4,1016.3,0,0.3,8,793.8,0
2017-06-26 02:43:14,5,51,20.5,82,8.3,1011.4,1016.3,0,0,8,793.8,0
2017-06-26 02:48:14,5,51,20.5,82,8.2,1011.5,1016.4,0,0,8,793.8,0
2017-06-26 02:53:14,5,51,20.5,82,8.2,1011.3,1016.2,0,0,8,793.8,0
2017-06-26 02:58:14,5,51,20.5,82,8.2,1011.3,1016.2,0,0,8,793.8,0
2017-06-26 03:03:14,5,51,20.5,82,8.2,1011.2,1016.1,0,0,8,793.8,0
2017-06-26 03:08:14,5,51,20.5,82,8.2,1011.2,1016.1,0,0,8,793.8,0
2017-06-26 03:13:14,5,51,20.4,83,8.3,1011.2,1016.1,0,0,8,793.8,0
2017-06-26 03:18:14,5,51,20.4,83,8.2,1011.3,1016.2,0,0,8,793.8,0
2017-06-26 03:23:14,5,51,20.4,83,8.2,1011.3,1016.2,0,0,8,793.8,0
2017-06-26 03:28:14,5,51,20.4,83,8.2,1011.4,1016.3,0,0,8,793.8,0
2017-06-26 03:33:14,5,51,20.4,83,8.2,1011.2,1016.1,0,0,8,793.8,0
2017-06-26 03:38:14,5,51,20.4,83,8.3,1011.3,1016.2,0,0,8,793.8,0
2017-06-26 03:43:14,5,51,20.4,83,8.4,1011.4,1016.3,0,0,8,793.8,0
2017-06-26 03:48:14,5,51,20.4,83,8.4,1011.2,1016.1,0,0,8,793.8,0
2017-06-26 03:53:14,5,51,20.4,83,8.6,1011.2,1016.1,0,0,8,793.8,0
2017-06-26 03:58:14,5,51,20.3,84,8.7,1011.2,1016.1,0,0,8,793.8,0
2017-06-26 04:03:14,5,51,20.3,84,8.8,1011.1,1016,0,0,8,793.8,0
2017-06-26 04:08:14,5,51,20.3,84,8.9,1011.2,1016.1,0,0,8,793.8,0
2017-06-26 04:13:14,5,51,20.3,83,9,1011.1,1016,0,0,8,793.8,0
2017-06-26 04:18:14,5,51,20.3,83,9,1011.1,1016,0,0,8,793.8,0
2017-06-26 04:23:14,5,51,20.3,83,9,1011.1,1016,0,0,8,793.8,0
2017-06-26 04:28:14,5,51,20.3,83,9,1011,1015.9,0,0,8,793.8,0
2017-06-26 04:33:14,5,51,20.3,83,9,1011.1,1016,0,0,8,793.8,0
2017-06-26 04:38:14,5,51,20.3,83,9.1,1011,1015.9,0,0,8,793.8,0
2017-06-26 04:43:14,5,51,20.3,83,9.2,1011,1015.9,0,0,8,793.8,0
2017-06-26 04:48:14,5,51,20.3,83,9.3,1011,1015.9,0,0,8,793.8,0
2017-06-26 04:53:14,5,51,20.3,82,9.3,1011,1015.9,0,0,8,793.8,0
2017-06-26 04:58:14,5,51,20.3,82,9.4,1011,1015.9,0,0,8,793.8,0
2017-06-26 05:03:14,5,51,20.3,82,9.5,1011.1,1016,0,0,8,793.8,0
2017-06-26 05:08:14,5,51,20.3,82,9.6,1010.9,1015.8,0,0,8,793.8,0
2017-06-26 05:13:14,5,51,20.3,82,9.6,1010.9,1015.8,0,0,8,793.8,0
2017-06-26 05:18:14,5,51,20.3,82,9.6,1011,1015.9,0,0,8,793.8,0
2017-06-26 05:23:14,5,51,20.3,82,9.7,1011,1015.9,0,0,8,793.8,0
2017-06-26 05:28:14,5,51,20.3,81,9.9,1011.1,1016,0,0,8,793.8,0
2017-06-26 05:33:14,5,51,20.3,80,10,1011.1,1016,0,0,0,793.8,0
2017-06-26 05:38:14,5,51,20.3,80,10,1011.1,1016,0,0,14,793.8,0
2017-06-26 05:43:14,5,51,20.3,79,10,1011.1,1016,0,0,2,793.8,0
2017-06-26 05:48:14,5,51,20.3,79,10.1,1011,1015.9,0,0,0,793.8,0
2017-06-26 05:53:14,5,51,20.3,79,10.1,1011.1,1016,0,0,14,793.8,0
2017-06-26 05:58:14,5,51,20.3,78,10.2,1011.1,1016,0,0,0,793.8,0
2017-06-26 06:03:14,5,51,20.3,78,10.3,1011.1,1016,0,0,0,793.8,0
2017-06-26 06:08:14,5,52,20.3,78,10.4,1011.1,1016,0,0,0,793.8,0
2017-06-26 06:13:14,5,52,20.3,78,10.5,1011.1,1016,0,0.3,2,793.8,0
2017-06-26 06:18:14,5,52,20.3,78,10.6,1010.9,1015.8,1,2,2,793.8,0
2017-06-26 06:23:14,5,52,20.3,78,10.6,1011,1015.9,0.7,1.4,2,793.8,0
2017-06-26 06:28:14,5,52,20.3,78,10.7,1010.9,1015.8,1.4,2.4,2,793.8,0
2017-06-26 06:33:14,5,52,20.3,78,10.8,1010.8,1015.7,1.4,2.7,2,793.8,0
2017-06-26 06:38:14,5,52,20.3,77,10.8,1010.9,1015.8,1,1.4,0,793.8,0
2017-06-26 06:43:14,5,52,20.3,76,11,1010.9,1015.8,1,1.7,14,793.8,0
2017-06-26 06:48:14,5,52,20.3,76,11.2,1011,1015.9,1.7,2.7,1,793.8,0
2017-06-26 06:53:14,5,52,20.3,75,11.3,1010.9,1015.8,1.4,2,14,793.8,0
2017-06-26 06:58:14,5,52,20.3,73,11.3,1010.8,1015.7,1.4,1.7,2,793.8,0
2017-06-26 07:03:14,5,52,20.3,73,11.3,1010.8,1015.7,1.7,2,0,793.8,0
2017-06-26 07:08:14,5,52,20.3,73,11.4,1010.9,1015.8,2,2.7,14,793.8,0
2017-06-26 07:13:14,5,52,20.4,73,11.4,1010.8,1015.7,1.4,2,2,793.8,0
2017-06-26 07:18:14,5,52,20.4,73,11.4,1010.7,1015.6,1.4,2,0,793.8,0
2017-06-26 07:23:14,5,52,20.4,73,11.6,1010.7,1015.6,1.7,2.7,0,793.8,0
2017-06-26 07:28:14,5,52,20.4,73,11.7,1010.7,1015.6,1.4,2,4,793.8,0
2017-06-26 07:33:14,5,52,20.4,73,11.9,1010.7,1015.6,2.4,3.4,0,793.8,0
2017-06-26 07:38:14,5,52,20.4,71,12,1010.7,1015.6,2,3.1,2,793.8,0
2017-06-26 07:43:14,5,52,20.5,71,12.2,1010.7,1015.6,1.4,2,8,793.8,0
2017-06-26 07:48:14,5,52,20.5,70,12.4,1010.6,1015.5,1.7,2.4,0,793.8,0
2017-06-26 07:53:14,5,52,20.5,69,12.4,1010.8,1015.7,2.7,3.4,2,793.8,0
2017-06-26 07:58:14,5,52,20.5,69,12.6,1010.8,1015.7,2,2.7,2,793.8,0
2017-06-26 08:03:14,5,53,20.5,69,12.8,1010.8,1015.7,1.7,2,0,793.8,0
2017-06-26 08:08:14,5,53,20.6,68,12.9,1010.7,1015.6,2.4,3.1,,793.8,0
2017-06-26 08:13:14,5,53,20.6,67,13.3,1010.7,1015.6,2.4,3.1,2,793.8,0
2017-06-26 08:18:14,5,53,20.6,67,13.4,1010.6,1015.5,2.7,3.7,0,793.8,0
2017-06-26 08:23:14,5,53,20.6,66,13.5,1010.6,1015.5,2.4,3.1,0,793.8,0
2017-06-26 08:28:14,5,53,20.6,65,13.5,1010.6,1015.5,2.4,4.4,2,793.8,0
2017-06-26 08:33:14,5,53,20.6,65,13.5,1010.6,1015.5,2.7,3.4,14,793.8,0
2017-06-26 08:38:14,5,53,20.7,65,13.9,1010.5,1015.4,1.7,2.4,2,793.8,0
2017-06-26 08:43:14,5,53,20.7,64,14.6,1010.5,1015.4,3.1,4.4,2,793.8,0
2017-06-26 08:48:14,5,53,20.7,60,14.3,1010.4,1015.3,3.7,4.8,2,793.8,0
2017-06-26 08:53:14,5,52,20.7,64,13.9,1010.4,1015.3,3.1,4.4,2,793.8,0
2017-06-26 08:58:14,5,52,20.7,63,13.8,1010.4,1015.3,3.1,4.8,2,793.8,0
2017-06-26 09:03:14,5,52,20.7,64,13.6,1010.5,1015.4,2.7,4.1,2,793.8,0
2017-06-26 09:08:14,5,52,20.8,65,13.7,1010.4,1015.3,3.4,4.8,14,793.8,0
2017-06-26 09:13:14,5,52,20.7,65,13.8,1010.4,1015.3,2,3.1,2,793.8,0
2017-06-26 09:18:14,5,52,20.8,64,13.9,1010.4,1015.3,2.7,3.4,2,793.8,0
2017-06-26 09:23:14,5,52,20.8,65,13.8,1010.4,1015.3,2,3.1,2,793.8,0
2017-06-26 09:28:14,5,53,20.8,65,13.8,1010.4,1015.3,2,3.7,2,793.8,0
2017-06-26 09:33:14,5,53,20.9,65,13.7,1010.4,1015.3,2,3.1,4,793.8,0
2017-06-26 09:38:14,5,52,20.9,65,13.6,1010.4,1015.3,3.1,4.8,2,793.8,0
2017-06-26 09:43:14,5,52,20.9,65,13.6,1010.3,1015.2,1.7,2.7,0,793.8,0
2017-06-26 09:48:14,5,53,20.9,64,14,1010.4,1015.3,2.4,3.4,2,793.8,0
2017-06-26 09:53:14,5,53,20.9,64,14.2,1010.3,1015.2,1.4,2,2,793.8,0
2017-06-26 09:58:14,5,52,21,64,14.4,1010.3,1015.2,2,2.7,4,793.8,0
2017-06-26 10:03:14,5,52,21,62,14.3,1010.3,1015.2,2.7,3.7,2,793.8,0
2017-06-26 10:08:14,5,52,21,61,14.2,1010.3,1015.2,2.4,3.1,2,793.8,0
2017-06-26 10:13:14,5,52,21,62,14,1010.3,1015.2,1.7,2,2,793.8,0
2017-06-26 10:18:14,5,52,21,62,14.2,1010.3,1015.2,2.7,3.7,2,793.8,0
2017-06-26 10:23:14,5,52,21,61,14,1010.3,1015.2,1.4,2,2,793.8,0
2017-06-26 10:28:14,5,52,21,63,13.6,1010.2,1015.1,1.4,2,2,793.8,0
2017-06-26 10:33:14,5,52,21,65,13.6,1010.1,1015,2,3.4,2,793.8,0
2017-06-26 10:38:14,5,52,21,65,13.4,1010.1,1015,1.7,2.7,4,793.8,0
2017-06-26 10:43:14,5,52,21,66,13.1,1010,1014.9,2,3.1,2,793.8,0
2017-06-26 10:48:14,5,52,21,69,12.9,1010,1014.9,2.4,4.8,2,793.8,0
2017-06-26 10:53:14,5,52,21,70,12.7,1010.1,1015,2.4,3.4,2,794.1,0
2017-06-26 10:58:14,5,52,21,69,12.6,1010.3,1015.2,1,1.7,14,794.1,0
2017-06-26 11:03:14,5,53,20.9,70,12.6,1010.1,1015,1.7,2.4,2,794.1,0
2017-06-26 11:08:14,5,52,21,71,12.9,1010,1014.9,2,3.1,2,794.1,0
2017-06-26 11:13:14,5,52,21,72,12.9,1010,1014.9,1.4,2.4,4,794.1,0
2017-06-26 11:18:14,5,52,21,72,12.9,1010.1,1015,1,1.7,14,794.1,0
2017-06-26 11:23:14,5,52,21,70,13,1010,1014.9,1.7,2.4,12,794.1,0
2017-06-26 11:28:14,5,52,21,70,13,1010,1014.9,2,3.7,4,794.1,0
2017-06-26 11:33:14,5,52,21,72,13.3,1009.8,1014.7,2,2.4,4,794.1,0
2017-06-26 11:38:14,5,52,21,70,13.4,1009.8,1014.7,1.4,2,2,794.1,0
2017-06-26 11:43:14,5,52,21,69,13.5,1009.9,1014.8,1.7,2.4,4,794.1,0
2017-06-26 11:48:14,5,53,21,69,13.6,1009.9,1014.8,2,2.7,0,794.1,0
2017-06-26 11:53:14,5,52,21,67,13.6,1009.8,1014.7,1.7,2,3,794.1,0
2017-06-26 11:58:14,5,52,21,68,13.6,1009.7,1014.6,2,2.7,2,794.1,0
2017-06-26 12:03:14,5,52,21,68,13.5,1009.8,1014.7,2,2.7,4,794.4,0
2017-06-26 12:08:14,5,53,21.1,68,13.5,1009.7,1014.6,1.4,2.4,2,794.4,0
2017-06-26 12:13:14,5,53,21.1,69,13.4,1009.9,1014.8,1,1.7,0,794.4,0
2017-06-26 12:18:14,5,53,21.1,69,13.4,1009.6,1014.5,1.4,2,14,794.7,0
2017-06-26 12:23:14,5,53,21.1,69,13.3,1009.7,1014.6,1.4,2.4,0,794.7,0
2017-06-26 12:28:14,5,53,21.1,70,13.2,1009.6,1014.5,1.4,2.4,2,794.7,0
2017-06-26 12:33:14,5,53,21.1,71,13.4,1009.6,1014.5,1.4,1.7,2,794.7,0
2017-06-26 12:38:14,5,53,21.1,72,13.5,1009.4,1014.3,0.7,1.4,0,794.7,0
2017-06-26 12:43:14,5,53,21.1,71,13.3,1009.4,1014.3,1.4,2,2,795,0
2017-06-26 12:48:14,5,53,21.1,70,13.2,1009.2,1014.1,1.4,2.4,2,795,0
2017-06-26 12:53:14,5,53,21.1,71,13.2,1009.3,1014.2,1.4,1.7,3,795,0
2017-06-26 12:58:14,5,53,21.1,72,13.2,1009.2,1014.1,1,1.7,0,795,0
2017-06-26 13:03:14,5,53,21.1,72,13.2,1009.1,1014,1.7,2,0,795,0
2017-06-26 13:08:14,5,53,21.1,72,13,1009.1,1014,1.4,2.4,0,795.3,0
2017-06-26 13:13:14,5,53,21.1,71,13,1009.1,1014,1.7,2.4,14,795.3,0
2017-06-26 13:18:14,5,53,21.1,72,13,1008.9,1013.8,1.7,2,0,795.3,0
2017-06-26 13:23:14,5,53,21.1,73,13.2,1009,1013.9,3.4,4.1,0,795.3,0
2017-06-26 13:28:14,5,53,21.1,74,13.1,1008.9,1013.8,1.7,2.4,0,795.3,0
2017-06-26 13:33:14,5,53,21.1,74,13.1,1008.9,1013.8,2,3.4,13,795.3,0
2017-06-26 13:38:14,5,53,21.1,75,13.1,1008.8,1013.7,1.4,1.7,2,795.6,0
2017-06-26 13:43:14,5,54,21,75,13.4,1008.8,1013.7,2,3.1,0,795.6,0
2017-06-26 13:48:14,5,54,21,76,13.5,1008.8,1013.7,2,3.4,4,795.6,0
2017-06-26 13:53:14,5,54,21.1,76,13.6,1008.6,1013.5,2.4,3.4,2,795.6,0
2017-06-26 13:58:14,5,54,21.1,75,13.6,1008.6,1013.5,3.4,4.1,4,795.6,0
2017-06-26 14:03:14,5,54,21.1,75,13.5,1008.6,1013.5,3.1,3.7,2,795.6,0
2017-06-26 14:08:14,5,54,21.1,75,13.5,1008.6,1013.5,2,3.1,14,795.6,0
2017-06-26 14:13:14,5,54,21.1,74,13.3,1008.6,1013.5,2.7,4.8,4,795.6,0
2017-06-26 14:18:14,5,54,21.1,74,13.1,1008.6,1013.5,2.7,4.4,14,795.6,0
2017-06-26 14:23:14,5,54,21.1,74,12.9,1008.5,1013.4,2.4,4.1,2,795.6,0
2017-06-26 14:28:14,5,54,21.1,75,12.9,1008.3,1013.2,3.1,3.4,0,795.6,0
2017-06-26 14:33:14,5,54,21.1,75,12.8,1008.2,1013.1,2.7,4.4,2,795.6,0
2017-06-26 14:38:14,5,54,21.1,76,12.7,1008.2,1013.1,3.4,4.8,0,795.9,0
2017-06-26 14:43:14,5,54,21.1,76,12.6,1008.3,1013.2,3.1,4.4,2,796.2,0
2017-06-26 14:48:14,5,54,21.1,77,12.6,1008.3,1013.2,2.7,4.4,13,796.2,0
2017-06-26 14:53:14,5,54,21.1,78,12.5,1008.1,1013,4.1,5.1,2,796.2,0
2017-06-26 14:58:14,5,54,21.1,78,12.3,1008,1012.9,2,3.4,2,796.2,0
2017-06-26 15:03:14,5,54,21,79,12.3,1008,1012.9,2.7,4.4,3,796.2,0
2017-06-26 15:08:14,5,54,21,80,12.2,1007.4,1012.3,3.4,5.4,12,796.5,0
2017-06-26 15:13:14,5,54,21,81,12.1,1007.6,1012.5,2.4,3.7,0,796.8,0
2017-06-26 15:18:14,5,54,21,81,12,1007.4,1012.3,3.1,4.1,13,796.8,0
2017-06-26 15:23:14,5,54,21,81,12.2,1007.3,1012.2,3.1,4.8,2,797.1,0
2017-06-26 15:28:14,5,54,21,82,12.3,1007.5,1012.4,2.4,2.7,0,797.1,0
2017-06-26 15:33:14,5,54,21,82,12.2,1007.5,1012.4,3.1,4.4,2,797.1,0
2017-06-26 15:38:14,5,54,21,82,12.2,1007.5,1012.4,2,3.4,0,797.4,0
2017-06-26 15:43:14,5,55,21,82,12.3,1007.5,1012.4,1.7,2.7,2,797.4,0
2017-06-26 15:48:14,5,56,20.9,82,12.5,1007.3,1012.2,3.4,4.8,2,798,0
2017-06-26 15:53:14,5,56,20.9,83,12.5,1007.2,1012.1,3.4,4.8,2,798,0
2017-06-26 15:58:14,5,56,20.9,83,12.5,1007.2,1012.1,4.1,5.4,2,798,0
2017-06-26 16:03:14,5,56,20.9,83,12.7,1007.1,1012,2.4,3.7,14,798,0
2017-06-26 16:08:14,5,56,20.9,83,12.7,1006.8,1011.7,3.7,7.1,2,798.3,0
2017-06-26 16:13:14,5,57,20.9,83,12.7,1006.8,1011.7,2,2.7,,798.3,0
2017-06-26 16:18:14,5,58,20.8,83,12.7,1006.7,1011.6,3.1,6.1,2,798.3,0
2017-06-26 16:23:14,5,58,20.9,82,12.6,1006.7,1011.6,3.4,5.4,2,798.6,0
2017-06-26 16:28:14,5,58,20.9,82,12.6,1006.7,1011.6,2.4,4.8,4,798.6,0
2017-06-26 16:33:14,5,58,20.9,82,12.6,1006.6,1011.5,2.4,4.8,2,798.6,0
2017-06-26 16:38:15,5,58,20.8,82,12.6,1006.5,1011.4,2.4,3.4,2,798.6,0
2017-06-26 16:43:15,5,58,20.9,82,12.5,1006.7,1011.6,1.7,2.7,2,798.6,0
2017-06-26 16:48:15,5,58,20.8,83,12.5,1006.6,1011.5,2,2.7,14,798.6,0
2017-06-26 16:53:15,5,58,20.8,83,12.5,1006.7,1011.6,2,3.1,0,798.9,0
2017-06-26 16:58:15,5,58,20.8,83,12.4,1006.5,1011.4,2.4,3.7,0,798.9,0
2017-06-26 17:03:15,5,58,20.8,83,12.4,1006.5,1011.4,2.7,4.1,2,799.2,0
2017-06-26 17:08:15,5,58,20.8,83,12.4,1006.4,1011.3,2,3.1,2,799.2,0
2017-06-26 17:13:15,5,58,20.7,83,12.3,1006.3,1011.2,2.7,4.8,2,799.5,0
2017-06-26 17:18:15,5,58,20.7,83,12.3,1006.2,1011.1,3.1,4.4,14,799.5,0
2017-06-26 17:23:15,5,58,20.7,84,12.3,1006.2,1011.1,3.4,4.4,0,800.1,0
2017-06-26 17:28:15,5,58,20.7,84,12.3,1006.3,1011.2,2,2.7,4,800.1,0
2017-06-26 17:33:15,5,58,20.7,84,12.3,1006,1010.9,3.1,5.4,2,800.4,0
2017-06-26 17:38:15,5,58,20.7,84,12.3,1005.9,1010.8,3.7,5.4,4,801.3,0
2017-06-26 17:43:15,5,58,20.6,84,12.3,1005.9,1010.8,2.4,3.4,0,801.3,0
2017-06-26 17:48:15,5,59,20.6,84,12.3,1005.8,1010.7,3.4,4.8,4,801.6,0
2017-06-26 17:53:15,5,59,20.6,84,12.3,1005.8,1010.7,2.7,4.4,2,801.9,0
2017-06-26 17:58:15,5,59,20.6,84,12.3,1005.8,1010.7,4.1,5.8,2,801.9,0
2017-06-26 18:03:15,5,59,20.6,84,12.3,1005.7,1010.6,2.7,4.4,2,802.2,0
2017-06-26 18:08:15,5,59,20.6,84,12.3,1005.7,1010.6,3.7,5.4,4,802.2,0
2017-06-26 18:13:15,5,59,20.6,84,12.3,1005.6,1010.5,4.4,6.1,2,802.2,0
2017-06-26 18:18:15,5,59,20.6,84,12.3,1005.6,1010.5,3.7,5.8,2,802.5,0
2017-06-26 18:23:15,5,60,20.6,84,12.3,1005.5,1010.4,3.4,4.4,2,802.5,0
2017-06-26 18:28:15,5,60,20.6,84,12.3,1005.3,1010.2,3.7,6.1,2,802.5,0
2017-06-26 18:33:15,5,60,20.6,84,12.3,1005.4,1010.3,2.7,4.8,2,802.8,0
2017-06-26 18:38:15,5,60,20.6,84,12.3,1005.4,1010.3,2.4,3.7,2,802.8,0
2017-06-26 18:43:15,5,60,20.6,84,12.4,1005.3,1010.2,1.4,2.4,2,802.8,0
2017-06-26 18:48:15,5,60,20.5,84,12.4,1005.3,1010.2,3.4,5.1,4,803.1,0
2017-06-26 18:53:15,5,61,20.6,85,12.4,1005.3,1010.2,2.4,4.4,4,803.1,0
2017-06-26 18:58:15,5,61,20.6,85,12.4,1005.1,1010,3.4,5.1,2,803.1,0
2017-06-26 19:03:15,5,61,20.8,85,12.4,1005.1,1010,3.1,5.1,4,803.1,0
2017-06-26 19:08:15,5,61,20.9,85,12.4,1005.1,1010,2.4,4.4,4,803.1,0
2017-06-26 19:13:15,5,60,21,85,12.4,1005,1009.9,3.7,4.4,2,803.1,0
2017-06-26 19:18:15,5,59,21.1,85,12.4,1005,1009.9,3.1,4.4,2,803.1,0
2017-06-26 19:23:15,5,59,21.2,85,12.5,1004.8,1009.7,2.7,4.4,0,803.1,0
2017-06-26 19:28:15,5,59,21.2,85,12.4,1004.7,1009.6,2,3.1,4,803.1,0
2017-06-26 19:33:15,5,59,21.5,85,12.5,1004.7,1009.6,3.1,4.8,3,803.1,0
2017-06-26 19:38:15,5,59,21.6,85,12.5,1004.6,1009.5,3.4,5.1,2,803.4,0
2017-06-26 19:43:14,5,59,21.7,85,12.5,1004.6,1009.5,4.1,5.1,2,803.4,0
2017-06-26 19:48:14,5,58,21.9,85,12.5,1004.5,1009.4,3.1,5.4,4,803.4,0
2017-06-26 19:53:14,5,56,22,85,12.5,1004.4,1009.3,4.1,5.8,2,803.4,0
2017-06-26 19:58:14,5,56,22,85,12.5,1004.3,1009.2,3.4,5.8,2,803.4,0
2017-06-26 20:03:14,5,57,22.1,85,12.5,1004.2,1009.1,4.1,5.8,2,803.4,0
2017-06-26 20:08:14,5,56,22.1,85,12.4,1004.2,1009.1,3.4,4.4,2,803.4,0
2017-06-26 20:13:14,5,56,22.2,85,12.4,1004.1,1009,4.1,6.1,2,803.4,0
2017-06-26 20:18:14,5,56,22.2,85,12.4,1004.1,1009,3.4,5.1,2,803.7,0
2017-06-26 20:23:14,5,56,22.3,85,12.4,1004.2,1009.1,3.4,4.4,15,803.7,0
2017-06-26 20:28:14,5,56,22.3,85,12.4,1004,1008.9,4.1,6.1,2,803.7,0
2017-06-26 20:33:14,5,56,22.2,85,12.4,1004.1,1009,4.1,5.8,2,803.7,0
2017-06-26 20:38:14,5,56,22.2,85,12.4,1004.1,1009,3.1,4.1,2,803.7,0
2017-06-26 20:43:14,5,56,22.3,85,12.4,1004,1008.9,4.1,5.8,2,803.7,0
2017-06-26 20:48:14,5,56,22.3,85,12.4,1003.8,1008.7,4.4,6.1,4,803.7,0
2017-06-26 20:53:14,5,56,22.3,85,12.4,1003.9,1008.8,2.7,3.7,4,803.7,0
2017-06-26 20:58:14,5,56,22.3,85,12.4,1003.8,1008.7,3.1,5.4,2,803.7,0
2017-06-26 21:03:14,5,56,22.3,85,12.4,1003.7,1008.6,3.7,5.1,4,804,0
2017-06-26 21:08:14,5,55,22.4,85,12.4,1003.4,1008.3,5.1,6.5,4,804,0
2017-06-26 21:13:14,5,55,22.4,85,12.4,1003.5,1008.4,4.8,7.5,2,804.3,0
2017-06-26 21:18:14,5,55,22.4,85,12.4,1003.3,1008.2,3.7,4.8,2,804.3,0
2017-06-26 21:23:14,5,55,22.4,85,12.4,1003.5,1008.4,3.1,5.4,2,804.3,0
2017-06-26 21:28:14,5,55,22.4,85,12.4,1003.5,1008.4,3.4,4.4,4,804.3,0
2017-06-26 21:33:14,5,56,22.4,85,12.4,1003.7,1008.6,3.7,5.4,2,804.6,0
2017-06-26 21:38:14,5,56,22.4,85,12.4,1003.5,1008.4,2.4,3.7,0,804.6,0
2017-06-26 21:43:14,5,56,22.4,85,12.4,1003.7,1008.6,2.4,3.4,4,804.6,0
2017-06-26 21:48:14,5,56,22.5,85,12.5,1003.6,1008.5,3.1,5.1,2,804.6,0
2017-06-26 21:53:14,5,56,22.5,86,12.5,1003.6,1008.5,2.7,3.4,2,804.9,0
2017-06-26 21:58:14,5,55,22.4,86,12.5,1003.6,1008.5,2.7,4.1,2,804.9,0
2017-06-26 22:03:14,5,55,22.3,86,12.5,1003.6,1008.5,2.7,4.4,2,805.5,0
2017-06-26 22:08:14,5,56,22.2,86,12.6,1003.4,1008.3,2.7,3.4,2,805.5,0
2017-06-26 22:13:14,5,56,22,86,12.6,1003.3,1008.2,3.4,4.4,2,806.1,0
2017-06-26 22:18:14,5,58,21.9,86,12.6,1003.4,1008.3,3.4,4.8,2,806.7,0
2017-06-26 22:23:14,5,58,21.7,86,12.6,1003.3,1008.2,2.4,3.1,2,806.7,0
2017-06-26 22:28:14,5,58,21.6,86,12.6,1003.3,1008.2,3.4,3.7,4,807,0
2017-06-26 22:33:14,5,59,21.5,86,12.6,1003.1,1008,2.7,4.1,4,807.3,0
2017-06-26 22:38:14,5,59,21.2,86,12.6,1003.1,1008,3.7,4.8,1,807.6,0
2017-06-26 22:43:14,5,59,21.2,86,12.6,1003,1007.9,2.7,4.1,2,807.6,0
2017-06-26 22:48:14,5,59,21.2,86,12.7,1003,1007.9,3.4,4.8,4,807.6,0
2017-06-26 22:53:14,5,59,21.1,86,12.7,1002.9,1007.8,2,3.1,2,807.6,0
2017-06-26 22:58:14,5,59,21.2,86,12.7,1003,1007.9,2.7,3.7,2,807.9,0
2017-06-26 23:03:14,5,59,21.1,86,12.7,1002.9,1007.8,3.4,4.4,2,807.9,0
2017-06-26 23:08:14,5,59,21.1,86,12.7,1002.8,1007.7,3.1,4.4,2,807.9,0
2017-06-26 23:13:14,5,59,21,86,12.7,1002.7,1007.6,3.4,4.4,4,808.2,0
2017-06-26 23:18:14,5,60,20.9,86,12.7,1002.6,1007.5,2.4,3.4,2,808.2,0
2017-06-26 23:23:14,5,60,20.8,86,12.7,1002.6,1007.5,2.7,3.7,0,808.2,0
2017-06-26 23:28:14,5,60,20.9,86,12.7,1002.6,1007.5,2,3.1,2,808.2,0
2017-06-26 23:33:14,5,60,20.8,86,12.7,1002.6,1007.5,2.7,3.7,2,808.5,0
2017-06-26 23:38:14,5,60,20.8,86,12.7,1002.5,1007.4,3.1,4.1,2,808.5,0
2017-06-26 23:43:14,5,60,20.8,86,12.8,1002.4,1007.3,3.1,4.1,2,808.8,0
2017-06-26 23:48:14,5,60,20.7,86,12.8,1002.3,1007.2,2,2.7,2,809.1,0
2017-06-26 23:53:14,5,60,20.7,87,12.8,1002.3,1007.2,2.4,3.1,4,809.1,0
2017-06-26 23:58:14,5,61,20.7,87,12.8,1002.3,1007.2,1.7,2.7,2,809.4,0
