2021-12-21 00:04:57,5,57,19.9,84,5.7,1022.6,1027.5,1.7,2.4,4,3.6,0
2021-12-21 00:09:57,5,57,19.9,84,5.7,1022.5,1027.4,1.4,1.7,4,3.6,0
2021-12-21 00:14:57,5,57,19.9,84,5.6,1022.5,1027.4,3.1,3.7,4,3.6,0
2021-12-21 00:19:57,5,56,19.9,84,5.6,1022.3,1027.2,2,2.7,,3.6,0
2021-12-21 00:24:57,5,56,19.9,84,5.6,1022.2,1027.1,1.4,1.7,4,3.6,0
2021-12-21 00:29:57,5,56,19.9,84,5.6,1022.4,1027.3,2.7,3.4,4,3.6,0
2021-12-21 00:34:57,5,56,19.9,84,5.5,1022.3,1027.2,2.7,3.7,4,3.6,0
2021-12-21 00:39:57,5,56,19.9,84,5.5,1022.3,1027.2,2.7,3.4,14,3.6,0
2021-12-21 00:44:57,5,56,19.9,84,5.6,1022.1,1027,1.4,2.4,2,3.6,0
2021-12-21 00:49:57,5,56,19.9,84,5.5,1022.1,1027,2,3.1,,3.6,0
2021-12-21 00:54:57,5,56,19.8,84,5.5,1022.1,1027,2,2.4,4,3.6,0
2021-12-21 00:59:57,5,56,19.8,84,5.5,1022.1,1027,1.7,2.4,4,3.6,0
2021-12-21 01:04:57,5,56,19.8,84,5.5,1022.1,1027,1.7,2.4,,3.6,0
2021-12-21 01:09:57,5,56,19.8,84,5.5,1021.9,1026.8,2.4,3.1,4,3.6,0
2021-12-21 01:14:57,5,56,19.8,84,5.5,1022,1026.9,1.4,1.7,4,3.6,0
2021-12-21 01:19:57,5,56,19.8,84,5.5,1021.8,1026.7,2,2.7,4,3.6,0
2021-12-21 01:24:57,5,56,19.8,84,5.5,1021.8,1026.7,1.7,2.4,4,3.6,0
2021-12-21 01:29:57,5,56,19.8,84,5.5,1021.8,1026.7,1.7,2.7,4,3.6,0
2021-12-21 01:34:57,5,56,19.8,84,5.5,1021.8,1026.7,1.7,2,4,3.6,0
2021-12-21 01:39:57,5,56,19.8,85,5.5,1021.7,1026.6,1.7,2,4,3.6,0
2021-12-21 01:44:57,5,56,19.8,85,5.5,1021.5,1026.4,2.7,3.4,4,3.6,0
2021-12-21 01:49:57,5,56,19.8,85,5.5,1021.6,1026.5,2.4,3.1,4,3.6,0
2021-12-21 01:54:57,5,56,19.8,85,5.5,1021.6,1026.5,2.4,3.1,4,3.6,0
2021-12-21 01:59:57,5,56,19.7,85,5.5,1021.7,1026.6,1.7,2.4,4,3.6,0
2021-12-21 02:04:57,5,56,19.7,85,5.5,1021.4,1026.3,1.4,2,4,3.6,0
2021-12-21 02:09:57,5,56,19.7,85,5.5,1021.6,1026.5,1.4,1.7,4,3.6,0
2021-12-21 02:14:57,5,56,19.7,85,5.5,1021.4,1026.3,1.7,2.4,4,3.6,0
2021-12-21 02:19:57,5,56,19.7,85,5.5,1021.4,1026.3,2,3.1,,3.6,0
2021-12-21 02:24:57,5,56,19.7,85,5.5,1021.4,1026.3,1.7,2,4,3.6,0
2021-12-21 02:29:57,5,56,19.7,85,5.5,1021.3,1026.2,1.4,2,,3.6,0
2021-12-21 02:34:57,5,56,19.7,86,5.5,1021.4,1026.3,1.4,1.7,,3.6,0
2021-12-21 02:39:57,5,56,19.7,86,5.5,1021.3,1026.2,2.7,3.4,4,3.6,0
2021-12-21 02:44:57,5,56,19.7,86,5.5,1021.2,1026.1,2,2.4,2,3.6,0
2021-12-21 02:49:57,5,56,19.7,86,5.5,1021.2,1026.1,1.4,2,2,3.6,0
2021-12-21 02:54:57,5,56,19.7,85,5.5,1021.1,1026,2,2.7,0,3.6,0
2021-12-21 02:59:57,5,56,19.7,85,5.5,1021.2,1026.1,2.4,3.4,,3.6,0
2021-12-21 03:04:57,5,56,19.7,85,5.5,1021,1025.9,2.4,2.7,2,3.6,0
2021-12-21 03:09:57,5,56,19.7,85,5.5,1021.1,1026,1.7,2.7,2,3.6,0
2021-12-21 03:14:57,5,56,19.7,85,5.5,1020.9,1025.8,1.7,2.4,2,3.6,0
2021-12-21 03:19:57,5,56,19.7,85,5.5,1020.8,1025.7,2.4,3.7,2,3.6,0
2021-12-21 03:24:57,5,56,19.6,85,5.5,1020.6,1025.5,1.4,1.7,0,3.6,0
2021-12-21 03:29:57,5,56,19.6,85,5.5,1020.7,1025.6,1,1.4,0,3.6,0
2021-12-21 03:34:57,5,56,19.6,85,5.5,1020.6,1025.5,2.4,3.1,2,3.6,0
2021-12-21 03:39:57,5,56,19.6,86,5.5,1020.5,1025.4,1.4,1.7,2,3.6,0
2021-12-21 03:44:57,5,56,19.6,86,5.5,1020.3,1025.2,1.7,2.4,4,3.6,0
2021-12-21 03:49:57,5,56,19.6,86,5.5,1020.4,1025.3,0.7,1,4,3.6,0
2021-12-21 03:54:57,5,55,19.6,86,5.5,1020.2,1025.1,2,2.7,0,3.6,0
2021-12-21 03:59:57,5,55,19.6,86,5.5,1020.2,1025.1,1.7,2.4,0,3.6,0
2021-12-21 04:04:57,5,55,19.6,86,5.5,1020.1,1025,2,3.1,4,3.6,0
2021-12-21 04:09:57,5,55,19.6,86,5.6,1020.1,1025,1.4,2,14,3.6,0
2021-12-21 04:14:57,5,55,19.6,86,5.6,1020.1,1025,2,3.1,0,3.6,0
2021-12-21 04:19:57,5,55,19.6,86,5.6,1020.2,1025.1,1,1.4,2,3.6,0
2021-12-21 04:24:57,5,55,19.6,86,5.7,1020.1,1025,2,2.4,4,3.6,0
2021-12-21 04:29:57,5,55,19.6,86,5.7,1020,1024.9,1.7,2,4,3.6,0
2021-12-21 04:34:57,5,55,19.6,86,5.7,1020.1,1025,1.7,2,4,3.6,0
2021-12-21 04:39:57,5,55,19.6,86,5.7,1020.2,1025.1,1,1.4,4,3.6,0
2021-12-21 04:44:57,5,55,19.6,86,5.7,1020.2,1025.1,1.7,2.4,2,3.6,0
2021-12-21 04:49:57,5,55,19.5,86,5.8,1020.2,1025.1,1.4,2,4,3.6,0
2021-12-21 04:54:57,5,55,19.5,86,5.8,1020.1,1025,0.3,1,4,3.6,0
2021-12-21 04:59:57,5,55,19.5,86,5.8,1020.2,1025.1,1.4,2,4,3.6,0
2021-12-21 05:04:57,5,55,19.5,86,5.8,1020.1,1025,1.4,2.4,4,3.6,0
2021-12-21 05:09:57,5,55,19.5,86,5.8,1020,1024.9,1.4,1.7,4,3.6,0
2021-12-21 05:14:57,5,55,19.5,86,5.8,1019.9,1024.8,1.4,1.7,4,3.6,0
2021-12-21 05:19:57,5,55,19.5,86,5.8,1019.9,1024.8,0.3,1,4,3.6,0
2021-12-21 05:24:57,5,55,19.5,86,5.7,1019.8,1024.7,1,1.7,0,3.6,0
2021-12-21 05:29:57,5,55,19.5,86,5.7,1019.8,1024.7,1,1.4,2,3.6,0
2021-12-21 05:34:57,5,55,19.5,86,5.7,1019.8,1024.7,0.7,1,2,3.6,0
2021-12-21 05:39:57,5,55,19.5,87,5.7,1019.9,1024.8,0.7,1.4,4,3.6,0
2021-12-21 05:44:57,5,55,19.5,87,5.7,1020,1024.9,0.7,1.4,4,3.6,0
2021-12-21 05:49:57,5,55,19.5,87,5.7,1019.9,1024.8,1,2,2,3.6,0
2021-12-21 05:54:57,5,55,19.5,87,5.8,1020,1024.9,1,1.4,2,3.6,0
2021-12-21 05:59:57,5,54,19.4,87,5.8,1020,1024.9,0.3,1,0,3.6,0
2021-12-21 06:04:57,5,54,19.4,87,5.8,1020,1024.9,0.7,1,4,3.6,0
2021-12-21 06:09:57,5,54,19.4,87,5.8,1020,1024.9,0.7,1,,3.6,0
2021-12-21 06:14:57,5,54,19.4,87,5.8,1020,1024.9,0.7,1,4,3.6,0
2021-12-21 06:19:57,5,54,19.4,87,5.9,1020,1024.9,1.4,2,4,3.6,0
2021-12-21 06:24:57,5,54,19.4,87,5.9,1019.9,1024.8,1,1.7,0,3.6,0
2021-12-21 06:29:57,5,54,19.4,87,5.9,1019.8,1024.7,1.4,2,0,3.6,0
2021-12-21 06:34:57,5,54,19.4,87,6,1019.6,1024.5,1,1.7,1,3.6,0
2021-12-21 06:39:57,5,54,19.4,87,6,1019.6,1024.5,1.4,2,0,3.6,0
2021-12-21 06:44:57,5,54,19.4,87,5.9,1019.6,1024.5,1,1.4,2,3.6,0
2021-12-21 06:49:57,5,54,19.4,87,5.9,1019.6,1024.5,1,1.4,0,3.6,0
2021-12-21 06:54:57,5,54,19.4,87,5.9,1019.5,1024.4,1,1.4,4,3.6,0
2021-12-21 06:59:57,5,54,19.4,87,5.9,1019.6,1024.5,1,1.4,2,3.6,0
2021-12-21 07:04:57,5,54,19.4,87,6,1019.5,1024.4,1.7,2.4,4,3.6,0
2021-12-21 07:09:57,5,54,19.4,87,6,1019.5,1024.4,1,1.7,0,3.6,0
2021-12-21 07:14:57,5,54,19.4,87,6,1019.4,1024.3,1,1.7,2,3.6,0
2021-12-21 07:19:57,5,54,19.4,87,6.1,1019.5,1024.4,2,2.7,0,3.6,0
2021-12-21 07:24:57,5,54,19.4,87,6.2,1019.3,1024.2,1.4,2,4,3.6,0
2021-12-21 07:29:57,5,54,19.4,87,6.2,1019.5,1024.4,1,1.4,4,3.6,0
2021-12-21 07:34:57,5,54,19.4,87,6.3,1019.5,1024.4,1.4,1.7,4,3.6,0
2021-12-21 07:39:57,5,54,19.4,87,6.3,1019.5,1024.4,1.7,2.4,2,3.6,0
2021-12-21 07:44:57,5,54,19.4,87,6.4,1019.5,1024.4,2,2.7,2,3.6,0
2021-12-21 07:49:57,5,54,19.4,86,6.5,1019.3,1024.2,1.7,2.7,4,3.6,0
2021-12-21 07:54:57,5,54,19.4,86,6.5,1019.4,1024.3,1.7,2.7,4,3.6,0
2021-12-21 07:59:57,5,54,19.4,86,6.5,1019.3,1024.2,2.4,2.7,,3.6,0
2021-12-21 08:04:57,5,54,19.3,86,6.5,1019.3,1024.2,2,2.7,4,3.6,0
2021-12-21 08:09:57,5,54,19.4,86,6.5,1019.3,1024.2,2,3.1,4,3.6,0
2021-12-21 08:14:57,5,54,19.4,86,6.6,1019.4,1024.3,2.4,3.4,4,3.6,0
2021-12-21 08:19:57,5,54,19.4,86,6.5,1019.5,1024.4,2.4,3.1,4,3.6,0
2021-12-21 08:24:57,5,54,19.4,86,6.5,1019.4,1024.3,1.7,2,0,3.6,0
2021-12-21 08:29:57,5,54,19.4,86,6.5,1019.5,1024.4,1.7,3.1,4,3.6,0
2021-12-21 08:34:57,5,54,19.4,86,6.5,1019.4,1024.3,2.4,3.7,9,3.6,0
2021-12-21 08:39:57,5,54,19.3,86,6.5,1019.4,1024.3,1,2,4,3.6,0
2021-12-21 08:44:57,5,54,19.3,86,6.5,1019.5,1024.4,1.7,2,4,3.6,0
2021-12-21 08:49:57,5,54,19.3,86,6.5,1019.4,1024.3,2,3.1,4,3.6,0
2021-12-21 08:54:57,5,54,19.3,86,6.5,1019.4,1024.3,1.7,2.7,4,3.6,0
2021-12-21 08:59:57,5,54,19.3,86,6.5,1019.4,1024.3,1.7,2.7,4,3.6,0
2021-12-21 09:04:57,5,54,19.3,86,6.5,1019.6,1024.5,2,2.7,0,3.6,0
2021-12-21 09:09:57,5,54,19.3,86,6.4,1019.3,1024.2,2.7,3.4,0,3.6,0
2021-12-21 09:14:57,5,54,19.3,86,6.4,1019.4,1024.3,1.7,2.4,0,3.6,0
2021-12-21 09:19:57,5,54,19.2,86,6.4,1019.4,1024.3,1.7,2.7,0,3.6,0
2021-12-21 09:24:57,5,54,19.3,85,6.4,1019.4,1024.3,3.4,4.4,2,3.6,0
2021-12-21 09:29:57,5,54,19.3,85,6.4,1019.4,1024.3,2.7,3.4,2,3.6,0
2021-12-21 09:34:57,5,55,19.4,85,6.4,1019.6,1024.5,2,2.4,2,3.6,0
2021-12-21 09:39:57,5,56,19.4,85,6.4,1019.5,1024.4,1.7,2.7,0,3.6,0
2021-12-21 09:44:57,5,56,19.5,85,6.4,1019.4,1024.3,1.7,2.4,4,3.6,0
2021-12-21 09:49:57,5,56,19.5,85,6.4,1019.4,1024.3,1.7,2.7,4,3.6,0
2021-12-21 09:54:57,5,57,19.6,85,6.4,1019.3,1024.2,2.7,3.4,2,3.6,0
2021-12-21 09:59:57,5,57,19.6,85,6.4,1019.4,1024.3,2,2.7,4,3.6,0
2021-12-21 10:04:57,5,57,19.7,85,6.4,1019.4,1024.3,2.4,3.4,0,3.6,0
2021-12-21 10:09:57,5,57,19.8,84,6.4,1019.5,1024.4,4.1,5.4,2,3.6,0
2021-12-21 10:14:57,5,57,19.9,84,6.4,1019.5,1024.4,3.1,4.1,,3.6,0
2021-12-21 10:19:57,5,57,19.9,84,6.4,1019.4,1024.3,3.1,4.8,4,3.6,0
2021-12-21 10:24:57,5,56,20,84,6.4,1019.2,1024.1,3.1,4.1,4,3.6,0
2021-12-21 10:29:57,5,56,20,84,6.4,1019.2,1024.1,2,2.7,4,3.6,0
2021-12-21 10:34:57,5,56,20.1,84,6.4,1019.1,1024,4.4,5.8,4,3.6,0
2021-12-21 10:39:57,5,56,20,83,6.5,1018.9,1023.8,4.4,5.1,2,3.6,0
2021-12-21 10:44:57,5,56,20.1,83,6.6,1018.9,1023.8,2.7,4.4,,3.6,0
2021-12-21 10:49:57,5,55,20.2,83,6.6,1018.7,1023.6,3.7,4.8,4,3.6,0
2021-12-21 10:54:57,5,55,20.2,83,6.6,1018.8,1023.7,4.1,6.1,2,3.6,0
2021-12-21 10:59:57,5,56,20.3,83,6.6,1018.7,1023.6,5.1,6.1,,3.6,0
2021-12-21 11:04:57,5,56,20.3,83,6.7,1018.6,1023.5,3.1,4.1,,3.6,0
2021-12-21 11:09:57,5,56,20.3,83,6.7,1018.5,1023.4,3.4,5.1,4,3.6,0
2021-12-21 11:14:57,5,56,20.3,83,6.7,1018.5,1023.4,3.4,5.4,4,3.6,0
2021-12-21 11:19:57,5,56,20.4,83,6.8,1018.5,1023.4,2.7,3.4,4,3.6,0
2021-12-21 11:24:57,5,56,20.5,83,6.8,1018.6,1023.5,3.1,4.4,4,3.6,0
2021-12-21 11:29:57,5,55,20.5,83,6.8,1018.6,1023.5,2.7,3.7,4,3.6,0
2021-12-21 11:34:57,5,55,20.5,83,6.8,1018.5,1023.4,4.4,5.1,4,3.6,0
2021-12-21 11:39:57,5,55,20.5,83,6.8,1018.4,1023.3,3.1,3.7,4,3.6,0
2021-12-21 11:44:57,5,55,20.6,83,6.9,1018.2,1023.1,3.4,4.4,,3.6,0
2021-12-21 11:49:57,5,55,20.6,83,6.9,1018.3,1023.2,2.7,4.1,2,3.6,0
2021-12-21 11:54:57,5,55,20.7,83,7,1018.2,1023.1,3.1,4.4,,3.6,0
2021-12-21 11:59:57,5,55,20.7,83,7,1018.1,1023,2.4,3.1,4,3.6,0
2021-12-21 12:04:57,5,54,20.7,83,7,1018.1,1023,2.7,3.4,,3.6,0
2021-12-21 12:09:57,5,54,20.7,83,7,1018.1,1023,2.7,3.4,4,3.6,0
2021-12-21 12:14:57,5,54,20.7,83,7,1018.1,1023,2.7,3.7,4,3.6,0
2021-12-21 12:19:57,5,54,20.8,83,7,1017.9,1022.8,2.4,3.4,4,3.6,0
2021-12-21 12:24:57,5,54,20.8,83,7,1017.9,1022.8,2,2.4,2,3.6,0
2021-12-21 12:29:57,5,53,20.8,83,7.1,1017.9,1022.8,2.4,3.1,4,3.6,0
2021-12-21 12:34:57,5,51,20.7,83,7.1,1017.8,1022.7,4.1,4.8,4,3.6,0
2021-12-21 12:39:57,5,50,20.6,83,7.1,1017.7,1022.6,2,2.7,4,3.6,0
2021-12-21 12:44:57,5,50,20.6,83,7.1,1017.6,1022.5,3.7,4.1,4,3.6,0
2021-12-21 12:49:57,5,50,20.5,83,7.1,1017.6,1022.5,2.4,3.1,4,3.6,0
2021-12-21 12:54:57,5,50,20.5,83,7.1,1017.6,1022.5,2,2.7,2,3.6,0
2021-12-21 12:59:57,5,51,20.5,83,7.2,1017.3,1022.2,3.1,3.7,12,3.6,0
2021-12-21 13:04:57,5,51,20.5,83,7.2,1017.4,1022.3,2.4,2.7,4,3.6,0
2021-12-21 13:09:57,5,51,20.4,83,7.2,1017.2,1022.1,2.4,4.1,,3.6,0
2021-12-21 13:14:57,5,51,20.3,83,7.2,1017.1,1022,2,2.7,14,3.6,0
2021-12-21 13:19:57,5,51,20.3,83,7.2,1017.2,1022.1,3.1,3.4,4,3.6,0
2021-12-21 13:24:57,5,51,20.3,83,7.2,1017,1021.9,2.4,3.4,4,3.6,0
2021-12-21 13:29:57,5,51,20.3,84,7.2,1017,1021.9,2.4,3.1,14,3.6,0
2021-12-21 13:34:57,5,51,20.3,84,7.2,1017,1021.9,3.1,4.4,4,3.6,0
2021-12-21 13:39:57,5,52,20.2,84,7.2,1016.7,1021.6,2,3.1,4,3.6,0
2021-12-21 13:44:57,5,52,20.2,84,7.2,1016.8,1021.7,3.1,4.1,4,3.6,0
2021-12-21 13:49:57,5,52,20.3,84,7.2,1016.6,1021.5,2.4,3.7,0,3.6,0
2021-12-21 13:54:57,5,52,20.2,84,7.2,1016.5,1021.4,2.7,3.4,4,3.6,0
2021-12-21 13:59:57,5,52,20.3,84,7.2,1016.5,1021.4,3.1,3.7,,3.6,0
2021-12-21 14:04:57,5,52,20.3,84,7.2,1016.4,1021.3,1.7,2.4,0,3.6,0
2021-12-21 14:09:57,5,52,20.3,85,7.2,1016.4,1021.3,2,3.1,2,3.6,0
2021-12-21 14:14:57,5,52,20.3,85,7.2,1016.2,1021.1,4.8,6.5,2,3.6,0
2021-12-21 14:19:57,5,52,20.4,85,7.2,1016.3,1021.2,2.7,3.4,,3.6,0
2021-12-21 14:24:57,5,53,20.4,85,7.3,1016.3,1021.2,2,3.1,4,3.6,0
2021-12-21 14:29:57,5,53,20.4,85,7.3,1016.1,1021,1.7,2.4,4,3.6,0
2021-12-21 14:34:57,5,53,20.4,85,7.3,1016.1,1021,1.4,2,4,3.6,0
2021-12-21 14:39:57,5,53,20.4,85,7.3,1016.2,1021.1,1.7,2.4,0,3.6,0
2021-12-21 14:44:57,5,53,20.5,85,7.4,1016.1,1021,1.4,2.4,2,3.6,0
2021-12-21 14:49:57,5,53,20.5,85,7.4,1015.9,1020.8,2,2.7,,3.6,0
2021-12-21 14:54:57,5,53,20.5,80,7.5,1016,1020.9,1.7,2.4,4,3.6,0
2021-12-21 14:59:57,5,53,20.5,81,7.5,1015.8,1020.7,2,2.7,4,3.6,0
2021-12-21 15:04:57,5,53,20.5,80,7.5,1015.9,1020.8,2.7,4.1,14,3.6,0
2021-12-21 15:09:57,5,53,20.5,80,7.5,1016,1020.9,3.7,4.8,1,3.6,0
2021-12-21 15:14:57,5,53,20.5,80,7.5,1016,1020.9,2.4,3.1,4,3.6,0
2021-12-21 15:19:57,5,53,20.5,80,7.5,1015.8,1020.7,3.4,4.8,4,3.6,0
2021-12-21 15:24:57,5,53,20.5,80,7.5,1015.8,1020.7,3.4,4.8,4,3.6,0
2021-12-21 15:29:57,5,53,20.5,81,7.5,1015.8,1020.7,3.1,3.7,4,3.6,0
2021-12-21 15:34:57,5,53,20.5,81,7.5,1015.9,1020.8,3.4,4.4,4,3.6,0
2021-12-21 15:39:57,5,53,20.5,86,7.4,1015.9,1020.8,3.1,4.1,,3.6,0
2021-12-21 15:44:57,5,53,20.5,86,7.4,1016,1020.9,3.1,3.7,4,3.6,0
2021-12-21 15:49:57,5,53,20.5,81,7.5,1015.9,1020.8,2.4,3.1,4,3.6,0
2021-12-21 15:54:57,5,53,20.5,81,7.6,1015.8,1020.7,3.1,3.7,4,3.6,0
2021-12-21 15:59:57,5,53,20.5,81,7.6,1015.8,1020.7,2.4,3.1,4,3.6,0
2021-12-21 16:04:57,5,53,20.5,81,7.6,1015.9,1020.8,2.4,2.7,4,3.6,0
2021-12-21 16:09:57,5,53,20.5,81,7.6,1015.6,1020.5,3.7,4.4,,3.6,0
2021-12-21 16:14:57,5,53,20.5,81,7.7,1015.7,1020.6,2.4,3.1,8,3.6,0
2021-12-21 16:19:57,5,53,20.5,81,7.7,1015.8,1020.7,1.4,2,,3.6,0
2021-12-21 16:24:57,5,53,20.5,80,7.8,1015.8,1020.7,3.1,3.7,2,3.6,0
2021-12-21 16:29:57,5,53,20.4,80,7.8,1015.9,1020.8,1.4,1.7,0,3.6,0
2021-12-21 16:34:57,5,52,20.5,80,7.8,1015.7,1020.6,2,2.7,4,3.6,0
2021-12-21 16:39:57,5,52,20.4,80,7.8,1015.9,1020.8,1,1.7,4,3.6,0
2021-12-21 16:44:57,5,52,20.3,80,7.8,1015.9,1020.8,1.7,2,0,3.6,0
2021-12-21 16:49:57,5,52,20.2,79,7.8,1015.9,1020.8,1.4,2.4,4,3.6,0
2021-12-21 16:54:57,5,51,20.2,79,7.8,1015.7,1020.6,1.7,2.4,4,3.6,0
2021-12-21 16:59:57,5,51,20.1,79,7.8,1015.8,1020.7,1.7,2.4,0,3.6,0
2021-12-21 17:04:57,5,51,20,79,7.8,1015.5,1020.4,1.4,1.7,4,3.6,0
2021-12-21 17:09:57,5,51,20,78,7.8,1015.5,1020.4,1.7,2,0,3.6,0
2021-12-21 17:14:57,5,52,19.9,78,7.8,1015.6,1020.5,2.4,3.1,4,3.6,0
2021-12-21 17:19:57,5,52,19.9,78,7.7,1015.5,1020.4,2,4.1,4,3.6,0
2021-12-21 17:24:57,5,52,19.9,78,7.6,1015.5,1020.4,2,2.7,4,3.6,0
2021-12-21 17:29:57,5,52,19.7,78,7.6,1015.5,1020.4,2,3.1,4,3.6,0
2021-12-21 17:34:57,5,52,19.7,78,7.5,1015.6,1020.5,1.7,2.7,0,3.6,0
2021-12-21 17:39:57,5,52,19.7,83,7.3,1015.5,1020.4,2.4,3.1,4,3.6,0
2021-12-21 17:44:57,5,52,19.6,83,7.2,1015.6,1020.5,2.4,2.7,4,3.6,0
2021-12-21 17:49:57,5,52,19.6,83,7.1,1015.6,1020.5,1.4,1.7,4,3.6,0
2021-12-21 17:54:57,5,52,19.6,84,7,1015.4,1020.3,2,2.7,4,3.6,0
2021-12-21 17:59:57,5,52,19.5,84,6.9,1015.7,1020.6,1.7,2,4,3.6,0
2021-12-21 18:04:57,5,52,19.5,84,7,1015.7,1020.6,1.7,2.4,4,3.6,0
2021-12-21 18:09:57,5,52,19.4,84,6.9,1015.8,1020.7,0.7,1,,3.6,0
2021-12-21 18:14:57,5,52,19.4,84,6.9,1015.8,1020.7,0,0.3,,3.6,0
2021-12-21 18:19:57,5,52,19.4,85,6.8,1015.8,1020.7,0.3,0.7,4,3.6,0
2021-12-21 18:24:57,5,53,19.3,85,7,1015.9,1020.8,0.7,1,10,3.6,0
2021-12-21 18:29:57,5,53,19.3,85,6.9,1016,1020.9,0.3,0.3,10,3.6,0
2021-12-21 18:34:57,5,53,19.3,85,6.9,1016,1020.9,0,0,10,3.6,0
2021-12-21 18:39:57,5,53,19.3,85,6.8,1016,1020.9,0,0,0,3.6,0
2021-12-21 18:44:57,5,53,19.2,85,6.8,1016,1020.9,0,0.3,10,3.6,0
2021-12-21 18:49:57,5,53,19.2,85,6.8,1016.1,1021,0,0,4,3.6,0
2021-12-21 18:54:57,5,53,19.2,86,6.8,1016.3,1021.2,0,0,8,3.6,0
2021-12-21 18:59:57,5,53,19.2,86,6.8,1016.1,1021,0.7,1.4,14,3.6,0
2021-12-21 19:04:57,5,53,19.1,86,6.9,1016.3,1021.2,0,0.3,2,3.6,0
2021-12-21 19:09:57,5,53,19.1,86,6.9,1016.2,1021.1,0,0,,3.6,0
2021-12-21 19:14:57,5,53,19.1,86,7,1016.2,1021.1,0.7,1,4,3.6,0
2021-12-21 19:19:57,5,53,19.1,86,7.1,1016.2,1021.1,1,1.7,8,3.6,0
2021-12-21 19:24:57,5,53,19.1,86,7.3,1016.2,1021.1,1,1.4,,3.6,0
2021-12-21 19:29:57,5,53,19.1,86,7.3,1016,1020.9,1.7,2,4,3.6,0
2021-12-21 19:34:57,5,53,19.1,85,7.3,1015.9,1020.8,1.4,1.7,4,3.6,0
2021-12-21 19:39:57,5,53,19,85,7.3,1015.9,1020.8,2,3.1,4,3.6,0
2021-12-21 19:44:57,5,53,19.1,85,7.2,1015.8,1020.7,1,1.4,4,3.6,0
2021-12-21 19:49:57,5,53,19.1,86,7.1,1015.9,1020.8,1,1.4,4,3.6,0
2021-12-21 19:54:57,5,53,19.1,86,7.1,1015.9,1020.8,1,1.7,,3.6,0
2021-12-21 19:59:57,5,53,19.1,86,7.2,1016.1,1021,1,1.4,2,3.6,0
2021-12-21 20:04:57,5,53,19,86,7.3,1015.9,1020.8,1.7,2.4,,3.6,0
2021-12-21 20:09:57,5,53,19,85,7.3,1015.7,1020.6,1.7,2.4,,3.6,0
2021-12-21 20:14:57,5,53,19,85,7.3,1015.9,1020.8,2,2.7,4,3.6,0
2021-12-21 20:19:57,5,53,19.1,85,7.2,1015.6,1020.5,2,3.1,4,3.6,0
2021-12-21 20:24:57,5,53,19,85,7.2,1015.5,1020.4,2.4,2.7,4,3.6,0
2021-12-21 20:29:57,5,53,19,85,7.2,1015.4,1020.3,3.1,3.7,4,3.6,0
2021-12-21 20:34:57,5,53,19,85,7.2,1015.6,1020.5,2.7,3.7,4,3.6,0
2021-12-21 20:39:57,5,53,19.1,84,7.2,1015.2,1020.1,1.7,2.4,4,3.6,0
2021-12-21 20:44:57,5,53,19.1,84,7.1,1015.2,1020.1,2.7,3.1,,3.6,0
2021-12-21 20:49:57,5,54,19.1,84,7.1,1015.2,1020.1,2,2.7,4,3.6,0
2021-12-21 20:54:57,5,54,19.1,84,7.2,1015.3,1020.2,2,2.4,4,3.6,0
2021-12-21 20:59:57,5,54,19,84,7.1,1015.2,1020.1,2,2.7,4,3.6,0
2021-12-21 21:04:57,5,54,19.1,84,7.1,1015.3,1020.2,2.4,3.1,4,3.6,0
2021-12-21 21:09:57,5,54,19.1,84,7.1,1015.3,1020.2,1.4,1.7,4,3.6,0
2021-12-21 21:14:57,5,54,19.1,84,6.9,1015.2,1020.1,1,1.4,,3.6,0
2021-12-21 21:19:57,5,54,19.1,84,6.8,1015.2,1020.1,0.7,1,4,3.6,0
2021-12-21 21:24:57,5,54,19.1,84,6.8,1015.2,1020.1,1.7,2.4,4,3.6,0
2021-12-21 21:29:57,5,54,19.2,84,6.9,1015,1019.9,2.4,2.7,4,3.6,0
2021-12-21 21:34:57,5,54,19.1,84,6.9,1014.7,1019.6,2,2.4,4,3.6,0
2021-12-21 21:39:57,5,54,19.1,85,6.8,1014.7,1019.6,1.7,2.7,10,3.6,0
2021-12-21 21:44:57,5,54,19.2,85,6.8,1014.7,1019.6,2.4,3.1,4,3.6,0
2021-12-21 21:49:57,5,54,19.2,85,6.8,1014.7,1019.6,2.4,3.4,,3.6,0
2021-12-21 21:54:57,5,54,19.2,85,6.9,1014.7,1019.6,2,2.7,4,3.6,0
2021-12-21 21:59:57,5,54,19.2,85,7,1014.5,1019.4,2.4,3.4,4,3.6,0
2021-12-21 22:04:57,5,54,19.2,85,7.1,1014.6,1019.5,3.4,4.1,4,3.6,0
2021-12-21 22:09:57,5,54,19.2,84,7.2,1014.6,1019.5,2.7,3.4,2,3.6,0
2021-12-21 22:14:57,5,54,19.2,83,7.3,1014.5,1019.4,3.1,3.4,4,3.6,0
2021-12-21 22:19:57,5,54,19.3,83,7.3,1014.5,1019.4,2,3.4,,3.6,0
2021-12-21 22:24:57,5,54,19.3,83,7.3,1014.4,1019.3,1.7,2.4,4,3.6,0
2021-12-21 22:29:57,5,54,19.3,83,7.2,1014.4,1019.3,1.7,2.4,,3.6,0
2021-12-21 22:34:57,5,54,19.3,83,7.1,1014.1,1019,3.4,4.1,4,3.6,0
2021-12-21 22:39:57,5,54,19.3,84,7,1014,1018.9,3.1,3.7,,3.6,0
2021-12-21 22:44:57,5,54,19.3,84,7,1013.9,1018.8,3.4,5.1,,3.6,0
2021-12-21 22:49:57,5,54,19.3,84,7.1,1013.9,1018.8,2,3.1,4,3.6,0
2021-12-21 22:54:57,5,54,19.3,85,7,1013.8,1018.7,3.4,4.1,4,3.6,0
2021-12-21 22:59:57,5,54,19.3,85,7,1013.6,1018.5,4.4,5.1,4,3.6,0
2021-12-21 23:04:57,5,54,19.4,84,7.1,1013.7,1018.6,3.4,4.8,,3.6,0
2021-12-21 23:09:57,5,54,19.4,84,7.1,1013.8,1018.7,3.7,4.8,4,3.6,0
2021-12-21 23:14:57,5,54,19.4,84,7.1,1013.7,1018.6,3.4,3.7,4,3.6,0
2021-12-21 23:19:57,5,54,19.4,84,7,1013.7,1018.6,2.7,3.7,4,3.6,0
2021-12-21 23:24:57,5,54,19.4,84,7,1013.6,1018.5,3.1,4.1,4,3.6,0
2021-12-21 23:29:57,5,54,19.4,84,7,1013.5,1018.4,3.1,4.4,2,3.6,0
2021-12-21 23:34:57,5,54,19.4,84,7,1013.6,1018.5,1.7,2.7,4,3.6,0
2021-12-21 23:39:57,5,54,19.4,85,6.9,1013.6,1018.5,2.7,3.4,4,3.6,0
2021-12-21 23:44:57,5,54,19.4,85,6.9,1013.4,1018.3,3.1,3.7,4,3.6,0
2021-12-21 23:49:57,5,54,19.4,85,7,1013.4,1018.3,3.1,4.4,4,3.6,0
2021-12-21 23:54:57,5,54,19.4,85,6.9,1013.4,1018.3,4.1,6.1,4,3.6,0
2021-12-21 23:59:57,5,54,19.4,85,6.9,1013.5,1018.4,2.7,3.1,4,3.6,0
