2021-12-26 00:04:56,5,70,20.8,91,7.8,990.9,995.8,1.7,2.7,4,18.6,0
2021-12-26 00:09:56,5,70,20.8,91,7.7,990.8,995.7,1.7,2.4,,18.6,0
2021-12-26 00:14:56,5,70,20.9,91,7.7,991,995.9,1.4,2,,18.6,0
2021-12-26 00:19:56,5,70,20.8,91,7.6,990.8,995.7,1.4,1.7,4,18.6,0
2021-12-26 00:24:58,5,70,20.9,91,7.5,990.9,995.8,1.4,2,4,18.6,0
2021-12-26 00:29:56,5,70,20.8,91,7.5,990.9,995.8,1,1.7,4,18.6,0
2021-12-26 00:34:56,5,70,20.8,95,7.4,990.9,995.8,1.4,2,4,18.6,0
2021-12-26 00:39:56,5,70,20.8,92,7.5,991,995.9,1.4,1.7,4,18.6,0
2021-12-26 00:44:56,5,70,20.7,92,7.6,991.1,996,1.4,2,4,18.6,0
2021-12-26 00:49:56,5,70,20.8,92,7.6,991,995.9,1,1.7,4,18.6,0
2021-12-26 00:54:56,5,70,20.8,92,7.6,990.9,995.8,1.7,2,10,18.6,0
2021-12-26 00:59:56,5,70,20.7,92,7.6,990.8,995.7,1.4,1.7,,18.6,0
2021-12-26 01:04:56,5,69,20.8,96,7.4,991,995.9,1,1.7,,18.6,0
2021-12-26 01:09:56,5,69,20.8,96,7.2,990.9,995.8,1.7,2.4,,18.6,0
2021-12-26 01:14:56,5,69,20.8,96,7.3,991,995.9,1.4,2,4,18.6,0
2021-12-26 01:19:56,5,69,20.8,96,7.3,991.2,996.1,1.7,2,4,18.6,0
2021-12-26 01:24:56,5,68,20.7,96,7.4,991.1,996,2,2.7,,18.6,0
2021-12-26 01:29:56,5,68,20.7,92,7.6,991,995.9,2,3.1,4,18.6,0
2021-12-26 01:34:56,5,68,20.7,93,7.8,991.1,996,2,2.4,,18.6,0
2021-12-26 01:39:56,5,68,20.7,93,7.8,991,995.9,2,2.4,4,18.6,0
2021-12-26 01:44:56,5,68,20.7,93,7.8,991.2,996.1,2,2.7,,18.6,0
2021-12-26 01:49:56,5,68,20.7,93,7.9,991.2,996.1,2,2.7,4,18.6,0
2021-12-26 01:54:56,5,67,20.7,93,8,991.2,996.1,1.7,2.4,,18.6,0
2021-12-26 01:59:56,5,67,20.7,93,8.1,991.1,996,1.7,2,4,18.6,0
2021-12-26 02:04:56,5,67,20.6,93,8.3,991.1,996,1.7,2,4,18.6,0
2021-12-26 02:09:56,5,67,20.6,93,8.5,991.3,996.2,1.7,2.7,4,18.6,0
2021-12-26 02:14:56,5,67,20.6,93,8.6,991.2,996.1,1.7,2.7,,18.6,0
2021-12-26 02:19:56,5,67,20.6,93,8.6,991.2,996.1,2,2.7,4,18.6,0
2021-12-26 02:24:56,5,67,20.6,93,8.6,991.3,996.2,1.4,2,4,18.6,0
2021-12-26 02:29:56,5,67,20.6,93,8.7,991.4,996.3,1.7,2.4,4,18.6,0
2021-12-26 02:34:56,5,66,20.6,93,8.7,991.5,996.4,1,1.7,8,18.6,0
2021-12-26 02:39:56,5,66,20.6,93,8.7,991.4,996.3,1.4,1.7,8,18.6,0
2021-12-26 02:44:56,5,66,20.6,93,8.8,991.5,996.4,1.7,2,8,18.6,0
2021-12-26 02:49:56,5,66,20.6,93,9,991.5,996.4,1.4,2,10,18.6,0
2021-12-26 02:54:56,5,66,20.6,93,9.1,991.4,996.3,2.4,3.1,8,18.6,0
2021-12-26 02:59:56,5,66,20.6,93,9.2,991.6,996.5,2,2.4,8,18.6,0
2021-12-26 03:04:56,5,66,20.6,93,9.2,991.7,996.6,1.7,2,8,18.6,0
2021-12-26 03:09:56,5,66,20.6,92,9.2,991.7,996.6,1.4,2,10,18.6,0
2021-12-26 03:14:56,5,66,20.6,92,9.1,991.6,996.5,1.4,2,8,18.6,0
2021-12-26 03:19:56,5,66,20.6,92,9.2,991.6,996.5,1.7,2.4,10,18.6,0
2021-12-26 03:24:56,5,66,20.5,92,9.2,991.5,996.4,2,2.7,8,18.6,0
2021-12-26 03:29:56,5,66,20.5,92,9.2,991.4,996.3,2,2.4,9,18.6,0
2021-12-26 03:34:56,5,66,20.5,92,9.2,991.6,996.5,2,3.4,10,18.6,0
2021-12-26 03:39:56,5,66,20.5,91,9.3,991.6,996.5,2.7,3.4,8,18.6,0
2021-12-26 03:44:56,5,66,20.5,91,9.3,991.5,996.4,2,3.4,8,18.6,0
2021-12-26 03:49:56,5,65,20.5,91,9.3,991.6,996.5,2.7,3.7,8,18.6,0
2021-12-26 03:54:56,5,65,20.5,91,9.2,991.6,996.5,2.4,2.7,8,18.6,0
2021-12-26 03:59:56,5,65,20.5,91,9.1,991.6,996.5,1.4,2,8,18.6,0
2021-12-26 04:04:56,5,65,20.5,91,9,991.7,996.6,2,2.4,8,18.6,0
2021-12-26 04:09:56,5,65,20.5,91,9,991.6,996.5,2,2.4,10,18.6,0
2021-12-26 04:14:56,5,65,20.5,92,9.1,991.6,996.5,2.4,3.1,10,18.6,0
2021-12-26 04:19:56,5,65,20.5,92,9.1,991.5,996.4,2.4,3.4,8,18.6,0
2021-12-26 04:24:56,5,65,20.5,92,9.1,991.6,996.5,1.7,2.4,10,18.6,0
2021-12-26 04:29:56,5,65,20.5,92,9.1,991.7,996.6,2.7,3.7,8,18.6,0
2021-12-26 04:34:56,5,65,20.5,92,9.1,991.7,996.6,3.1,3.4,10,18.6,0
2021-12-26 04:39:56,5,65,20.5,92,9.1,991.8,996.7,2.4,2.7,8,18.6,0
2021-12-26 04:44:56,5,65,20.4,91,9,991.8,996.7,1.7,2.4,8,18.6,0
2021-12-26 04:49:56,5,65,20.4,91,8.9,991.7,996.6,2,3.1,10,18.6,0
2021-12-26 04:54:56,5,65,20.4,91,8.9,991.7,996.6,1.7,2.4,10,18.6,0
2021-12-26 04:59:56,5,64,20.4,91,8.9,991.9,996.8,1.4,2.4,9,18.6,0
2021-12-26 05:04:56,5,64,20.4,91,8.9,991.7,996.6,1.4,2,,18.6,0
2021-12-26 05:09:56,5,64,20.4,91,8.9,991.7,996.6,1.4,1.7,8,18.6,0
2021-12-26 05:14:56,5,64,20.4,91,8.9,991.7,996.6,1,1.4,,18.6,0
2021-12-26 05:19:56,5,64,20.4,91,8.9,991.7,996.6,1,2,8,18.6,0
2021-12-26 05:24:56,5,64,20.4,91,9,991.6,996.5,2.7,4.1,10,18.6,0
2021-12-26 05:29:56,5,64,20.4,91,9,991.7,996.6,2.7,4.1,8,18.6,0
2021-12-26 05:34:56,5,64,20.4,91,9,991.6,996.5,2,2.7,8,18.6,0
2021-12-26 05:39:56,5,64,20.3,91,8.9,991.8,996.7,2.7,3.7,12,18.6,0
2021-12-26 05:44:56,5,64,20.3,91,8.8,991.8,996.7,2,3.1,10,18.6,0
2021-12-26 05:49:56,5,64,20.3,91,8.8,991.9,996.8,2.7,3.4,8,18.6,0
2021-12-26 05:54:56,5,64,20.3,91,8.7,991.9,996.8,3.1,3.7,9,18.6,0
2021-12-26 05:59:56,5,64,20.3,91,8.8,991.9,996.8,2,2.4,10,18.6,0
2021-12-26 06:04:56,5,64,20.2,91,8.8,991.8,996.7,2.7,3.1,8,18.6,0
2021-12-26 06:09:56,5,64,20.3,91,8.8,991.9,996.8,3.4,4.8,10,18.6,0
2021-12-26 06:14:56,5,64,20.3,91,8.8,991.8,996.7,1.7,2,14,18.6,0
2021-12-26 06:19:56,5,63,20.2,91,8.8,991.8,996.7,2,2.4,10,18.6,0
2021-12-26 06:24:56,5,63,20.2,91,8.8,991.9,996.8,2,2.7,10,18.6,0
2021-12-26 06:29:56,5,63,20.3,91,8.8,991.9,996.8,2.4,3.1,8,18.6,0
2021-12-26 06:34:56,5,63,20.3,90,8.8,992.1,997,2,2.4,10,18.6,0
2021-12-26 06:39:56,5,63,20.2,90,8.7,992,996.9,1.7,3.1,8,18.6,0
2021-12-26 06:44:56,5,63,20.2,90,8.7,992,996.9,3.1,3.7,10,18.6,0
2021-12-26 06:49:56,5,63,20.2,90,8.7,992,996.9,2.7,3.7,10,18.6,0
2021-12-26 06:54:56,5,63,20.2,90,8.7,991.9,996.8,3.7,4.8,9,18.6,0
2021-12-26 06:59:56,5,63,20.2,90,8.8,992,996.9,2.7,3.4,8,18.6,0
2021-12-26 07:04:56,5,63,20.2,90,8.9,992.1,997,2.7,3.4,10,18.6,0
2021-12-26 07:09:56,5,63,20.2,89,8.9,992.1,997,2,2.4,10,18.6,0
2021-12-26 07:14:56,5,63,20.2,89,8.8,992.1,997,2,2.7,10,18.6,0
2021-12-26 07:19:56,5,63,20.2,89,8.8,992.3,997.2,2.7,4.1,10,18.6,0
2021-12-26 07:24:56,5,63,20.1,89,8.8,992.2,997.1,3.4,4.8,8,18.6,0
2021-12-26 07:29:56,5,63,20.2,89,8.8,992,996.9,5.1,7.1,8,18.6,0
2021-12-26 07:34:56,5,63,20.2,89,8.9,992.2,997.1,3.1,4.1,10,18.6,0
2021-12-26 07:39:56,5,63,20.1,88,8.9,992.2,997.1,2.7,3.4,8,18.6,0
2021-12-26 07:44:56,5,63,20.1,88,8.9,992.3,997.2,3.7,4.8,8,18.6,0
2021-12-26 07:49:56,5,62,20,88,8.8,992.3,997.2,3.7,5.1,8,18.6,0
2021-12-26 07:54:56,5,62,20,88,8.8,992.3,997.2,3.7,4.4,8,18.6,0
2021-12-26 07:59:56,5,62,20.1,88,8.7,992.4,997.3,2.4,3.4,8,18.6,0
2021-12-26 08:04:56,5,62,20,88,8.6,992.3,997.2,3.1,3.4,8,18.6,0
2021-12-26 08:09:56,5,62,20.1,89,8.6,992.3,997.2,3.1,4.4,8,18.6,0
2021-12-26 08:14:56,5,62,20.1,89,8.6,992.6,997.5,2.7,3.7,8,18.6,0
2021-12-26 08:19:56,5,62,20,89,8.6,992.4,997.3,3.4,4.4,8,18.6,0
2021-12-26 08:24:56,5,62,20,89,8.6,992.5,997.4,2.4,3.1,8,18.6,0
2021-12-26 08:29:56,5,62,20,89,8.5,992.7,997.6,2.7,3.4,8,18.6,0
2021-12-26 08:34:56,5,62,20.1,90,8.5,992.6,997.5,3.4,4.1,10,18.6,0
2021-12-26 08:39:56,5,62,20.1,90,8.6,992.8,997.7,2.4,3.1,8,18.9,0
2021-12-26 08:44:56,5,62,20.1,90,8.6,992.8,997.7,2,2.7,10,18.9,0
2021-12-26 08:49:56,5,62,20,90,8.6,992.9,997.8,1.7,2.4,8,18.9,0
2021-12-26 08:54:56,5,62,20,90,8.6,992.9,997.8,2.4,3.4,8,18.9,0
2021-12-26 08:59:56,5,62,20,90,8.7,992.9,997.8,5.1,6.5,8,18.9,0
2021-12-26 09:04:56,5,62,20.1,90,8.8,992.9,997.8,3.4,4.4,10,18.9,0
2021-12-26 09:09:56,5,62,20,90,8.8,993,997.9,3.1,4.1,10,18.9,0
2021-12-26 09:14:56,5,62,20,90,8.8,993.1,998,3.1,3.7,10,18.9,0
2021-12-26 09:19:56,5,62,20,90,8.9,993.1,998,2.7,4.1,9,18.9,0
2021-12-26 09:24:56,5,62,20,90,8.9,993,997.9,2.7,3.4,8,18.9,0
2021-12-26 09:29:56,5,62,20,90,9,993.3,998.2,3.4,4.1,8,18.9,0
2021-12-26 09:34:56,5,62,20.1,90,9,993.2,998.1,3.4,4.1,10,18.9,0
2021-12-26 09:39:56,5,62,20.1,91,9.1,993.3,998.2,3.7,4.4,10,18.9,0
2021-12-26 09:44:56,5,62,20,91,9.1,993.5,998.4,3.7,5.1,10,18.9,0
2021-12-26 09:49:56,5,62,20.1,90,9.1,993.5,998.4,2.7,3.4,8,18.9,0
2021-12-26 09:54:56,5,62,20,90,9,993.4,998.3,2,2.4,12,18.9,0
2021-12-26 09:59:56,5,62,20.1,91,9,993.5,998.4,3.1,3.4,2,18.9,0
2021-12-26 10:04:56,5,61,20,91,9,993.3,998.2,2,3.1,10,18.9,0
2021-12-26 10:09:56,5,61,20.1,91,9,993.5,998.4,2,2.7,8,18.9,0
2021-12-26 10:14:56,5,61,20.1,92,9,993.4,998.3,1.7,2,10,18.9,0
2021-12-26 10:19:56,5,61,20.1,92,9,993.5,998.4,3.4,4.1,8,18.9,0
2021-12-26 10:24:56,5,61,20.1,92,9,993.6,998.5,3.4,4.4,10,18.9,0
2021-12-26 10:29:56,5,61,20.1,92,9,993.5,998.4,3.1,4.1,10,18.9,0
2021-12-26 10:34:56,5,61,20.1,92,9.1,993.6,998.5,3.1,3.7,8,18.9,0
2021-12-26 10:39:56,5,61,20.1,93,9.2,993.5,998.4,3.1,4.1,10,18.9,0
2021-12-26 10:44:56,5,61,20.1,93,9.3,993.7,998.6,3.4,4.4,10,18.9,0
2021-12-26 10:49:56,5,61,20.1,93,9.3,993.6,998.5,3.1,4.1,8,18.9,0
2021-12-26 10:54:56,5,61,20.1,93,9.3,993.6,998.5,2.7,3.4,8,18.9,0
2021-12-26 10:59:56,5,61,20.1,93,9.3,993.6,998.5,2.7,3.1,10,18.9,0
2021-12-26 11:04:56,5,61,20.1,93,9.4,993.7,998.6,4.4,5.1,8,18.9,0
2021-12-26 11:09:56,5,61,20.1,93,9.5,993.7,998.6,3.4,3.7,10,18.9,0
2021-12-26 11:14:56,5,61,20.1,93,9.5,993.6,998.5,2.4,3.1,8,18.9,0
2021-12-26 11:19:56,5,61,20,92,9.4,993.8,998.7,2.7,3.4,10,18.9,0
2021-12-26 11:24:56,5,61,20,92,9.3,993.6,998.5,4.1,5.1,10,18.9,0
2021-12-26 11:29:56,5,61,20.1,92,9.2,993.7,998.6,2.4,3.1,8,18.9,0
2021-12-26 11:34:56,5,61,20,93,9.3,993.7,998.6,2.4,3.1,10,18.9,0
2021-12-26 11:39:56,5,61,20,93,9.4,993.6,998.5,1.7,2.4,10,18.9,0
2021-12-26 11:44:56,5,61,20.1,93,9.5,993.6,998.5,2.4,3.7,8,18.9,0
2021-12-26 11:49:56,5,61,20.1,93,9.5,993.5,998.4,3.4,4.4,10,18.9,0
2021-12-26 11:54:56,5,61,20.1,93,9.6,993.5,998.4,3.1,3.7,10,18.9,0
2021-12-26 11:59:56,5,61,20,93,9.6,993.4,998.3,2.7,3.4,10,19.2,0
2021-12-26 12:04:56,5,61,20.1,93,9.5,993.6,998.5,3.1,3.4,10,19.2,0
2021-12-26 12:09:56,5,61,20.1,93,9.7,993.6,998.5,2.4,3.4,8,19.2,0
2021-12-26 12:14:56,5,61,20,93,9.7,993.6,998.5,3.1,3.7,10,19.2,0
2021-12-26 12:19:56,5,61,20.1,93,9.7,993.6,998.5,2,2.4,8,19.2,0
2021-12-26 12:24:56,5,61,20.1,93,9.9,993.5,998.4,3.1,3.4,10,19.2,0
2021-12-26 12:29:56,5,61,20.1,93,10.1,993.5,998.4,3.1,4.1,10,19.2,0
2021-12-26 12:34:56,5,61,20.1,93,9.9,993.5,998.4,2.7,3.4,10,19.2,0
2021-12-26 12:39:56,5,61,20.1,93,9.9,993.5,998.4,2,2.4,,19.2,0
2021-12-26 12:44:56,5,61,20.1,93,10.3,993.2,998.1,2,2.7,8,19.2,0
2021-12-26 12:49:56,5,61,20.1,93,10.4,993.2,998.1,2.7,3.7,10,19.2,0
2021-12-26 12:54:56,5,61,20.1,92,10.4,993.4,998.3,2.7,3.4,10,19.2,0
2021-12-26 12:59:56,5,62,20.2,91,10.5,993.2,998.1,2.4,3.7,8,19.2,0
2021-12-26 13:04:56,5,62,20.3,90,10.2,993.3,998.2,1.7,2,10,19.2,0
2021-12-26 13:09:56,5,60,20.3,90,10.1,993.4,998.3,1.7,2,10,19.2,0
2021-12-26 13:14:56,5,60,20.3,90,10,993.4,998.3,1.4,1.7,10,19.2,0
2021-12-26 13:19:56,5,59,20.3,91,10,993.1,998,1,1.7,10,19.2,0
2021-12-26 13:24:56,5,56,20.2,91,10.5,993.3,998.2,0.7,1,10,19.2,0
2021-12-26 13:29:56,5,56,20.1,91,11,993.3,998.2,0.7,1,10,19.2,0
2021-12-26 13:34:56,5,55,20.1,90,11.5,993.4,998.3,2,2.4,10,19.2,0
2021-12-26 13:39:56,5,56,20,89,11.6,993.2,998.1,1.7,2.4,10,19.2,0
2021-12-26 13:44:56,5,56,20.1,85,11.6,993.1,998,3.4,4.1,10,19.2,0
2021-12-26 13:49:56,5,57,20.1,84,11.6,993.1,998,2,2.7,10,19.2,0
2021-12-26 13:54:56,5,57,20,82,11.3,993.1,998,3.4,4.1,10,19.2,0
2021-12-26 13:59:56,5,57,20.1,82,11.1,993.2,998.1,2.4,2.7,10,19.2,0
2021-12-26 14:04:56,5,58,20.2,82,11,993.1,998,2,2.4,8,19.2,0
2021-12-26 14:09:56,5,58,20.2,82,10.8,993.2,998.1,2.7,3.1,8,19.2,0
2021-12-26 14:14:56,5,58,20.2,82,10.7,993,997.9,2.7,3.4,10,19.2,0
2021-12-26 14:19:56,5,59,20.2,82,10.8,993.1,998,3.1,3.7,10,19.2,0
2021-12-26 14:24:56,5,59,20.2,82,10.4,992.9,997.8,2,2.7,10,19.2,0
2021-12-26 14:29:56,5,59,20.3,83,10.3,992.8,997.7,2,2.7,8,19.2,0
2021-12-26 14:34:56,5,59,20.3,84,10.7,992.7,997.6,1.4,2,12,19.2,0
2021-12-26 14:39:56,5,59,20.3,84,11,992.9,997.8,1.7,2.7,8,19.2,0
2021-12-26 14:44:56,5,59,20.3,83,10.6,992.8,997.7,1.4,1.7,10,19.2,0
2021-12-26 14:49:56,5,59,20.3,83,10.6,992.7,997.6,2,2.7,10,19.2,0
2021-12-26 14:54:56,5,59,20.3,83,10.4,992.7,997.6,1.7,2,10,19.2,0
2021-12-26 14:59:56,5,59,20.4,83,10.2,992.8,997.7,2,2.7,10,19.2,0
2021-12-26 15:04:56,5,60,20.5,83,10.1,992.7,997.6,1.4,2,,19.2,0
2021-12-26 15:09:56,5,60,20.5,84,10,992.7,997.6,1.7,2.4,10,19.2,0
2021-12-26 15:14:56,5,60,20.5,84,9.8,992.7,997.6,1,1.4,8,19.2,0
2021-12-26 15:19:56,5,59,20.5,84,9.7,992.9,997.8,1.4,1.7,8,19.2,0
2021-12-26 15:24:56,5,59,20.5,85,9.7,992.9,997.8,1,1.4,10,19.2,0
2021-12-26 15:29:56,5,59,20.5,85,9.7,992.9,997.8,0.7,1,8,19.2,0
2021-12-26 15:34:56,5,59,20.5,85,9.7,992.9,997.8,0.7,1.4,8,19.2,0
2021-12-26 15:39:56,5,59,20.5,84,9.8,993.1,998,0.7,1,8,19.2,0
2021-12-26 15:44:56,5,59,20.6,83,9.6,993.1,998,0.3,0.7,8,19.2,0
2021-12-26 15:49:56,5,59,20.5,83,9.2,992.9,997.8,0.7,1.4,4,19.2,0
2021-12-26 15:54:56,5,59,20.5,84,9,993,997.9,0.7,1,4,19.2,0
2021-12-26 15:59:56,5,59,20.4,85,8.8,993,997.9,0.3,1,4,19.2,0
2021-12-26 16:04:56,5,59,20.5,86,8.7,993.1,998,1,1.4,8,19.2,0
2021-12-26 16:09:56,5,59,20.4,87,8.6,993.1,998,0.7,0.7,10,19.2,0
2021-12-26 16:14:56,5,59,20.3,87,8.5,993,997.9,1.4,1.7,10,19.2,0
2021-12-26 16:19:56,5,59,20.3,88,8.4,993.3,998.2,1,1.4,10,19.2,0
2021-12-26 16:24:56,5,59,20.3,89,8.3,993.1,998,1,1.4,8,19.2,0
2021-12-26 16:29:56,5,59,20.3,89,8.3,993.2,998.1,1.4,1.7,8,19.2,0
2021-12-26 16:34:56,5,59,20.2,90,8.4,993.3,998.2,2,2.7,10,19.2,0
2021-12-26 16:39:56,5,59,20.2,90,8.6,993.2,998.1,2,2.4,10,19.2,0
2021-12-26 16:44:56,5,59,20.2,91,8.7,993.2,998.1,2,2.4,10,19.2,0
2021-12-26 16:49:56,5,59,20.1,91,8.7,993.3,998.2,1.7,2,8,19.2,0
2021-12-26 16:54:56,5,59,20.1,91,8.7,993.2,998.1,1.4,1.7,8,19.2,0
2021-12-26 16:59:56,5,59,20,91,8.6,993.3,998.2,1.4,2,8,19.2,0
2021-12-26 17:04:56,5,59,20,92,8.7,993.3,998.2,2,2.4,10,19.2,0
2021-12-26 17:09:56,5,59,20.1,92,8.8,993.3,998.2,2.4,3.1,10,19.5,0
2021-12-26 17:14:56,5,59,20,92,8.8,993.3,998.2,2.7,3.4,9,19.5,0
2021-12-26 17:19:56,5,59,20,92,8.7,993.3,998.2,1.7,2.4,8,19.5,0
2021-12-26 17:24:56,5,59,20,92,8.7,993.3,998.2,2,3.1,10,19.5,0
2021-12-26 17:29:56,5,59,20,92,8.7,993.3,998.2,2,2.7,8,19.5,0
2021-12-26 17:34:56,5,59,20,92,8.7,993.2,998.1,2,2.4,8,19.5,0
2021-12-26 17:39:56,5,60,19.9,92,8.6,993.2,998.1,2,2.7,10,19.5,0
2021-12-26 17:44:56,5,60,19.9,92,8.6,993.2,998.1,1.7,2,10,19.5,0
2021-12-26 17:49:56,5,60,19.9,92,8.7,993.3,998.2,1.7,2.4,10,19.5,0
2021-12-26 17:54:56,5,60,19.9,92,8.7,993.2,998.1,1.7,2.4,10,19.5,0
2021-12-26 17:59:56,5,60,19.9,92,8.7,993.3,998.2,1.7,2,10,19.5,0
2021-12-26 18:04:56,5,60,19.8,92,8.6,993.2,998.1,1.7,2.7,10,19.5,0
2021-12-26 18:09:56,5,60,19.8,92,8.6,993.1,998,1.7,2.4,8,19.5,0
2021-12-26 18:14:56,5,60,19.8,92,8.5,993.1,998,1.4,2,8,19.5,0
2021-12-26 18:19:56,5,60,19.8,92,8.4,993,997.9,2,2.4,8,19.5,0
2021-12-26 18:24:56,5,60,19.8,91,8.2,993,997.9,1.7,2,10,19.5,0
2021-12-26 18:29:56,5,60,19.8,91,8.1,993,997.9,1,1.4,8,19.5,0
2021-12-26 18:34:56,5,60,19.8,91,7.9,993,997.9,1,1.4,8,19.5,0
2021-12-26 18:39:56,5,60,19.7,91,7.8,992.9,997.8,0.7,1,10,19.5,0
2021-12-26 18:44:56,5,60,19.7,91,7.6,993,997.9,0.3,0.7,,19.5,0
2021-12-26 18:49:56,5,60,19.7,95,7.4,992.8,997.7,0.7,1,10,19.5,0
2021-12-26 18:54:56,5,60,19.7,95,7.4,992.8,997.7,0,0.3,10,19.5,0
2021-12-26 18:59:56,5,60,19.7,95,7.2,992.7,997.6,0.7,1.4,8,19.5,0
2021-12-26 19:04:56,5,60,19.7,95,7.2,992.7,997.6,1,1.4,8,19.5,0
2021-12-26 19:09:56,5,60,19.7,95,7.2,992.7,997.6,0.7,1,8,19.5,0
2021-12-26 19:14:56,5,60,19.7,95,7.1,992.7,997.6,0.3,0.7,8,19.5,0
2021-12-26 19:19:56,5,60,19.7,95,7,992.7,997.6,0.3,0.7,8,19.5,0
2021-12-26 19:24:56,5,60,19.6,95,7,992.7,997.6,0,0,8,19.5,0
2021-12-26 19:29:56,5,60,19.6,95,6.8,992.8,997.7,0,0,8,19.5,0
2021-12-26 19:34:56,5,60,19.6,95,6.7,992.8,997.7,0,0.3,8,19.5,0
2021-12-26 19:39:56,5,60,19.6,95,6.8,992.6,997.5,0.7,1,4,19.5,0
2021-12-26 19:44:56,5,60,19.5,95,6.7,992.7,997.6,0,0,4,19.5,0
2021-12-26 19:49:56,5,60,19.6,95,6.5,992.7,997.6,0,0.3,4,19.5,0
2021-12-26 19:54:56,5,60,19.6,95,6.3,992.6,997.5,0.3,1,4,19.5,0
2021-12-26 19:59:56,5,60,19.5,95,6.4,992.5,997.4,0,0.3,4,19.5,0
2021-12-26 20:04:56,5,60,19.5,95,6.4,992.4,997.3,0.3,0.7,4,19.5,0
2021-12-26 20:09:56,5,60,19.5,95,6.4,992.4,997.3,0.3,0.7,8,19.5,0
2021-12-26 20:14:56,5,60,19.6,95,6.4,992.3,997.2,0.3,0.7,8,19.5,0
2021-12-26 20:19:56,5,60,19.5,95,6.3,992.3,997.2,0.7,1,8,19.5,0
2021-12-26 20:24:56,5,60,19.5,95,6.3,992.1,997,0,0.3,8,19.5,0
2021-12-26 20:29:56,5,60,19.5,96,6.4,991.9,996.8,0.7,0.7,4,19.5,0
2021-12-26 20:34:56,5,60,19.5,95,6.2,992,996.9,0.3,0.7,4,19.5,0
2021-12-26 20:39:56,5,60,19.5,95,6,991.9,996.8,0.7,1,4,19.5,0
2021-12-26 20:44:56,5,60,19.5,95,6,991.7,996.6,0.7,1,,19.5,0
2021-12-26 20:49:56,5,60,19.5,95,6,991.8,996.7,0.7,1,4,19.5,0
2021-12-26 20:54:56,5,60,19.5,95,6,991.7,996.6,1,1.4,4,19.5,0
2021-12-26 20:59:56,5,60,19.6,95,5.8,991.6,996.5,0.7,1,,19.5,0
2021-12-26 21:04:56,5,60,19.5,95,5.6,991.6,996.5,0.7,1,4,19.5,0
2021-12-26 21:09:56,5,60,19.5,95,5.6,991.3,996.2,0.3,0.7,4,19.5,0
2021-12-26 21:14:56,5,60,19.5,95,5.5,991.4,996.3,0.7,1,4,19.5,0
2021-12-26 21:19:56,5,60,19.5,95,5.4,991.3,996.2,0.7,1,4,19.5,0
2021-12-26 21:24:56,5,60,19.5,95,5.2,991.4,996.3,0.7,1,4,19.5,0
2021-12-26 21:29:56,5,60,19.5,95,5.5,991.4,996.3,1.4,2.4,4,19.5,0
2021-12-26 21:34:56,5,60,19.5,96,5.8,991.5,996.4,1,2,4,19.5,0
2021-12-26 21:39:56,5,57,19.5,96,5.9,991.5,996.4,1.4,2,4,19.5,0
2021-12-26 21:44:56,5,54,19.4,96,5.8,991.5,996.4,1.4,2,4,19.5,0
2021-12-26 21:49:56,5,53,19.2,96,5.7,991.3,996.2,1.7,2,0,19.5,0
2021-12-26 21:54:56,5,54,19.2,96,5.8,991.3,996.2,1.7,2.4,4,19.5,0
2021-12-26 21:59:56,5,55,19.2,96,5.9,991,995.9,1.7,2,,19.5,0
2021-12-26 22:04:56,5,56,19.2,97,6,991.2,996.1,1.7,2.4,4,19.5,0
2021-12-26 22:09:56,5,56,19.2,97,6.1,991.2,996.1,0.7,1,2,19.5,0
2021-12-26 22:14:56,5,57,19.2,97,6.2,991.3,996.2,1,1.7,2,19.8,0
2021-12-26 22:19:56,5,57,19.3,97,6.2,991.3,996.2,1,1.7,10,19.8,0
2021-12-26 22:24:56,5,57,19.3,97,6.2,991.3,996.2,1.4,2,4,19.8,0
2021-12-26 22:29:56,5,57,19.3,97,6.2,991.3,996.2,1.4,1.7,4,19.8,0
2021-12-26 22:34:56,5,57,19.3,97,6.2,991.2,996.1,1,1.7,0,19.8,0
2021-12-26 22:39:56,5,57,19.3,97,6.3,991.1,996,0.7,1,,19.8,0
2021-12-26 22:44:56,5,57,19.3,97,6.3,991,995.9,1,1.4,4,19.8,0
2021-12-26 22:49:56,5,57,19.3,97,6.3,991,995.9,0.7,1.4,8,19.8,0
2021-12-26 22:54:56,5,57,19.3,97,6.1,990.9,995.8,1,1.4,8,19.8,0
2021-12-26 22:59:56,5,57,19.3,97,6,991,995.9,1.4,1.7,8,19.8,0
2021-12-26 23:04:55,5,57,19.3,97,6,990.9,995.8,0.3,0.7,2,19.8,0
2021-12-26 23:09:55,5,57,19.3,97,6,990.9,995.8,1,1.4,8,19.8,0
2021-12-26 23:14:55,5,57,19.3,97,6,990.8,995.7,1,1.4,10,19.8,0
2021-12-26 23:19:55,5,57,19.3,97,6.1,991,995.9,1,1.7,4,19.8,0
2021-12-26 23:24:55,5,57,19.3,97,6,990.8,995.7,0.7,1,2,19.8,0
2021-12-26 23:29:55,5,57,19.3,97,6,990.8,995.7,0.7,1.4,4,19.8,0
2021-12-26 23:34:55,5,58,19.3,97,5.9,990.8,995.7,0.7,1,8,19.8,0
2021-12-26 23:39:55,5,58,19.3,97,5.9,990.7,995.6,1,1.4,8,19.8,0
2021-12-26 23:44:55,5,58,19.3,97,6.1,990.9,995.8,1,1.4,10,19.8,0
2021-12-26 23:49:55,5,58,19.4,97,6.2,990.8,995.7,1,1.4,8,19.8,0
2021-12-26 23:54:55,5,58,19.4,97,6.2,990.7,995.6,1,1.4,2,19.8,0
2021-12-26 23:59:55,5,58,19.3,97,6.1,990.8,995.7,1,1.4,4,19.8,0
