2021-12-09 00:04:00,5,50,19,82,2.7,1000.4,1005.3,1.4,1.7,10,0,0
2021-12-09 00:09:00,5,50,19,83,2.8,1000.4,1005.3,1.4,1.7,10,0,0
2021-12-09 00:14:00,5,50,19,84,3.1,1000.4,1005.3,2,2.4,10,0,0
2021-12-09 00:19:00,5,50,19,84,3.2,1000.3,1005.2,1.7,2,10,0,0
2021-12-09 00:24:00,5,50,19,84,3.3,1000.3,1005.2,1.7,2,10,0,0
2021-12-09 00:29:00,5,50,19,84,3.5,1000.5,1005.4,1.7,2,10,0,0
2021-12-09 00:34:00,5,50,19,83,3.6,1000.3,1005.2,1.7,2.4,10,0,0
2021-12-09 00:39:00,5,49,19,83,3.4,1000.4,1005.3,1.7,2,10,0,0
2021-12-09 00:44:00,5,49,19,82,3.1,1000.3,1005.2,1.4,1.7,10,0,0
2021-12-09 00:49:00,5,50,18.9,82,2.8,1000.3,1005.2,1,1.4,10,0,0
2021-12-09 00:54:00,5,50,18.9,83,2.6,1000.2,1005.1,1.4,1.7,10,0,0
2021-12-09 00:59:00,5,50,18.9,83,2.5,1000.1,1005,1,1.4,10,0,0
2021-12-09 01:04:00,5,50,18.9,84,2.6,1000.1,1005,1,1.4,10,0,0
2021-12-09 01:09:00,5,50,18.9,85,2.7,1000.2,1005.1,1.7,2,12,0,0
2021-12-09 01:14:00,5,50,18.9,85,3,1000,1004.9,1,1.4,10,0,0
2021-12-09 01:19:00,5,50,18.8,85,2.9,1000.1,1005,1,1.4,10,0,0
2021-12-09 01:24:00,5,50,18.8,85,2.8,1000.2,1005.1,1,1.4,8,0,0
2021-12-09 01:29:00,5,50,18.8,86,2.8,1000.1,1005,1,1.4,8,0,0
2021-12-09 01:34:00,5,50,18.8,86,2.7,1000.3,1005.2,1,1.4,10,0,0
2021-12-09 01:39:00,5,50,18.8,86,2.7,1000.3,1005.2,1,1.4,8,0,0
2021-12-09 01:44:00,5,50,18.8,87,3,1000.1,1005,1.7,2,10,0,0
2021-12-09 01:49:00,5,50,18.8,87,3.1,1000.2,1005.1,1,1.4,10,0,0
2021-12-09 01:54:00,5,49,18.7,88,3.2,999.9,1004.8,1.4,1.7,10,0,0
2021-12-09 01:59:00,5,49,18.7,88,3.2,999.9,1004.8,1.4,2,12,0,0
2021-12-09 02:04:00,5,49,18.7,89,3.2,999.9,1004.8,1.7,2,10,0,0
2021-12-09 02:09:00,5,49,18.7,89,3.4,999.9,1004.8,2.4,3.1,10,0,0
2021-12-09 02:14:00,5,49,18.7,90,3.8,1000,1004.9,1.4,2,12,0,0
2021-12-09 02:19:00,5,49,18.7,89,4,999.9,1004.8,1.7,2.4,12,0,0
2021-12-09 02:24:00,5,49,18.6,88,4,1000,1004.9,1.4,1.7,12,0,0
2021-12-09 02:29:00,5,49,18.6,87,3.9,999.6,1004.5,1.7,2,8,0,0
2021-12-09 02:34:00,5,49,18.6,86,3.6,999.2,1004.1,0.7,1,8,0,0
2021-12-09 02:39:00,5,49,18.6,86,3.5,999.4,1004.3,1,1.4,10,0,0
2021-12-09 02:44:00,5,49,18.6,86,3.5,999.3,1004.2,1.4,1.7,10,0,0
2021-12-09 02:49:00,5,49,18.6,86,3.6,999.3,1004.2,1.4,1.7,9,0,0
2021-12-09 02:54:00,5,49,18.5,86,3.7,999.3,1004.2,1,1.4,10,0,0
2021-12-09 02:59:00,5,49,18.5,86,3.6,999.4,1004.3,1,1.4,8,0,0
2021-12-09 03:04:00,5,49,18.5,86,3.6,999.4,1004.3,1.4,1.7,10,0,0
2021-12-09 03:09:00,5,49,18.5,87,3.5,999.2,1004.1,0.7,1,8,0,0
2021-12-09 03:14:00,5,49,18.5,87,3.4,999.4,1004.3,1.7,2,8,0,0
2021-12-09 03:19:00,5,49,18.5,88,3.5,999.5,1004.4,1.7,2,10,0,0
2021-12-09 03:24:00,5,49,18.5,89,3.5,999.4,1004.3,1.4,1.7,10,0,0
2021-12-09 03:29:00,5,49,18.5,89,3.6,999.5,1004.4,1.4,1.7,10,0,0
2021-12-09 03:34:00,5,49,18.5,90,3.8,999.4,1004.3,1.7,2,10,0,0
2021-12-09 03:39:00,5,49,18.4,90,3.9,999.3,1004.2,1.7,2,8,0,0
2021-12-09 03:44:00,5,49,18.4,90,4,999.3,1004.2,1.4,1.7,10,0,0
2021-12-09 03:49:00,5,49,18.4,90,4.1,999.2,1004.1,1.7,2,10,0,0
2021-12-09 03:54:00,5,49,18.4,90,4.2,999.3,1004.2,1.4,1.7,10,0,0
2021-12-09 03:59:00,5,49,18.4,90,4.4,999.1,1004,1.4,2,8,0,0
2021-12-09 04:04:00,5,49,18.4,90,4.5,999.1,1004,1,1.4,10,0,0
2021-12-09 04:09:00,5,49,18.4,90,4.6,998.9,1003.8,1,1.4,9,0,0
2021-12-09 04:14:00,5,49,18.4,90,4.7,998.9,1003.8,0.7,1.4,10,0,0
2021-12-09 04:19:00,5,49,18.4,90,4.6,998.8,1003.7,0.7,1,10,0,0
2021-12-09 04:24:00,5,49,18.4,90,4.7,998.7,1003.6,1,1.4,10,0,0
2021-12-09 04:29:00,5,49,18.4,90,4.8,998.7,1003.6,1.4,1.7,10,0,0
2021-12-09 04:34:00,5,49,18.4,90,4.9,998.6,1003.5,1.4,1.7,10,0,0
2021-12-09 04:39:00,5,49,18.4,90,5,998.6,1003.5,1.4,2,10,0,0
2021-12-09 04:44:00,5,49,18.4,91,5.1,998.7,1003.6,1,1.4,8,0,0
2021-12-09 04:49:00,5,49,18.4,91,5.3,998.8,1003.7,1,1.4,10,0,0
2021-12-09 04:54:00,5,49,18.3,91,5.5,998.7,1003.6,1.4,1.7,10,0,0
2021-12-09 04:59:00,5,49,18.3,90,5.6,998.6,1003.5,0,0.7,10,0,0
2021-12-09 05:04:00,5,49,18.3,90,5.6,998.6,1003.5,0.3,0.7,8,0,0
2021-12-09 05:09:00,5,49,18.3,90,5.5,998.6,1003.5,0,0.3,8,0,0
2021-12-09 05:14:00,5,49,18.3,90,5.5,998.5,1003.4,1.4,2,10,0,0
2021-12-09 05:19:00,5,49,18.3,90,5.7,998.3,1003.2,1.7,2,10,0,0
2021-12-09 05:24:00,5,49,18.3,90,5.7,998.3,1003.2,0.3,1,8,0,0
2021-12-09 05:29:00,5,49,18.3,90,5.7,998.2,1003.1,0.7,1,10,0,0
2021-12-09 05:34:00,5,49,18.3,91,5.6,998.2,1003.1,1.4,1.7,10,0,0
2021-12-09 05:39:00,5,49,18.3,91,5.7,998.2,1003.1,1,1.4,10,0,0
2021-12-09 05:44:00,5,49,18.3,90,5.7,998.1,1003,1.4,2,10,0,0
2021-12-09 05:49:00,5,49,18.2,90,5.8,998.1,1003,1,1.7,8,0,0
2021-12-09 05:54:00,5,49,18.2,90,5.8,998,1002.9,1,1.4,10,0,0
2021-12-09 05:59:00,5,49,18.2,90,5.8,998.1,1003,1.7,2,8,0,0
2021-12-09 06:04:00,5,49,18.2,91,5.8,998.1,1003,1.4,2,10,0,0
2021-12-09 06:09:00,5,49,18.2,91,5.9,998,1002.9,1.4,1.7,8,0,0
2021-12-09 06:14:00,5,49,18.2,91,5.9,997.9,1002.8,1,1.4,8,0,0
2021-12-09 06:19:00,5,49,18.2,91,5.9,997.7,1002.6,0.7,1,10,0,0
2021-12-09 06:24:00,5,49,18.2,91,5.9,997.6,1002.5,1,1.4,8,0,0
2021-12-09 06:29:00,5,49,18.2,92,5.9,997.8,1002.7,0.3,0.7,10,0,0
2021-12-09 06:34:00,5,49,18.2,92,5.8,997.5,1002.4,0.7,1.4,,0,0
2021-12-09 06:39:00,5,49,18.2,92,5.8,997.4,1002.3,1,1.4,4,0,0
2021-12-09 06:44:00,5,49,18.2,93,5.8,997.3,1002.2,1,1.7,10,0,0
2021-12-09 06:49:00,5,49,18.2,93,5.9,997.3,1002.2,0.7,1.4,4,0,0
2021-12-09 06:54:00,5,49,18.2,94,6,997.2,1002.1,0.7,1.4,4,0,0
2021-12-09 06:59:00,5,49,18.2,94,6,997.3,1002.2,1.7,2,4,0,0
2021-12-09 07:04:00,5,49,18.2,94,5.8,997.1,1002,1.4,1.7,4,0,0
2021-12-09 07:09:00,5,49,18.2,95,5.8,996.9,1001.8,2.4,3.1,2,0,0
2021-12-09 07:14:00,5,49,18.2,95,5.8,996.9,1001.8,2.7,3.4,4,0,0
2021-12-09 07:19:00,5,49,18.2,95,5.8,996.7,1001.6,2,2.7,4,0,0
2021-12-09 07:24:00,5,49,18.2,96,5.7,996.6,1001.5,1.7,2.4,2,0,0
2021-12-09 07:29:00,5,49,18.2,96,5.6,996.4,1001.3,2.7,3.4,2,0,0
2021-12-09 07:34:00,5,49,18.2,97,5.6,996.4,1001.3,2,2.7,4,0,0
2021-12-09 07:39:00,5,49,18.2,97,5.7,996.1,1001,2.4,3.7,4,0,0
2021-12-09 07:44:00,5,49,18.2,98,5.7,996,1000.9,3.4,4.4,12,0,0
2021-12-09 07:49:00,5,49,18.2,98,5.8,995.7,1000.6,3.1,4.1,4,0,0
2021-12-09 07:54:00,5,49,18.2,98,5.7,995.8,1000.7,2.7,4.1,2,0,0
2021-12-09 07:59:00,5,49,18.2,98,5.7,995.7,1000.6,3.1,4.1,4,0,0
2021-12-09 08:04:00,5,49,18.2,99,5.7,995.6,1000.5,3.1,4.1,,0,0
2021-12-09 08:09:00,5,49,18.2,99,5.7,995.6,1000.5,2.7,4.1,0,0,0
2021-12-09 08:14:00,5,49,18.2,99,5.8,995.4,1000.3,2.7,3.7,4,0,0
2021-12-09 08:19:00,5,50,18.3,99,5.8,995.3,1000.2,3.4,4.1,4,0,0
2021-12-09 08:24:00,5,50,18.2,99,5.7,995.1,1000,3.1,4.1,4,0,0
2021-12-09 08:29:00,5,50,18.3,99,5.7,995.1,1000,2.7,3.7,4,0,0
2021-12-09 08:34:00,5,50,18.2,99,5.8,995.2,1000.1,3.1,4.1,11,0,0
2021-12-09 08:39:00,5,50,18.3,99,5.8,995,999.9,2.4,3.7,0,0,0
2021-12-09 08:44:00,5,50,18.3,99,5.9,994.9,999.8,2.7,3.7,4,0,0
2021-12-09 08:49:00,5,50,18.3,99,6,994.9,999.8,1.7,2.7,2,0,0
2021-12-09 08:54:00,5,50,18.3,99,6.1,994.7,999.6,2.4,3.1,2,0,0
2021-12-09 08:59:00,5,50,18.2,99,6.2,994.5,999.4,2.4,3.1,2,0,0
2021-12-09 09:04:00,5,50,18.2,99,6.2,994.4,999.3,2,2.7,4,0,0
2021-12-09 09:09:00,5,50,18.2,99,6.3,994.4,999.3,2,2.7,4,0,0
2021-12-09 09:14:00,5,51,18.2,99,6.4,994.2,999.1,1,1.7,,0,0
2021-12-09 09:19:00,5,51,18.3,99,6.7,994.3,999.2,0.7,1.4,10,0,0
2021-12-09 09:24:00,5,51,18.2,99,7,994.2,999.1,2,2.4,8,0,0
2021-12-09 09:29:00,5,52,18.3,99,7.3,994,998.9,2,2.4,10,0,0
2021-12-09 09:34:00,5,52,18.3,99,7.6,994.1,999,2.7,3.4,8,0.3,0
2021-12-09 09:39:00,5,53,18.4,99,7.8,994.1,999,2,2.7,10,0.3,0
2021-12-09 09:44:00,5,53,18.4,99,8,994,998.9,3.4,4.1,10,0.3,0
2021-12-09 09:49:00,5,53,18.5,99,8.4,993.9,998.8,3.7,4.8,8,0.3,0
2021-12-09 09:54:00,5,54,18.6,99,8.6,993.8,998.7,5.4,6.1,10,0.3,0
2021-12-09 09:59:00,5,54,18.7,99,8.6,993.8,998.7,4.8,6.1,10,0.3,0
2021-12-09 10:04:00,5,54,18.7,99,8.6,993.7,998.6,3.7,4.8,10,0.3,0
2021-12-09 10:09:00,5,54,18.8,99,8.7,993.9,998.8,3.4,4.4,12,0.3,0
2021-12-09 10:14:00,5,53,19.1,99,8.8,993.6,998.5,4.8,6.5,8,0.3,0
2021-12-09 10:19:00,5,53,19.1,99,8.8,993.5,998.4,3.4,4.4,12,0.3,0
2021-12-09 10:24:00,5,53,19.2,99,8.9,993.7,998.6,3.4,4.4,10,0.3,0
2021-12-09 10:29:00,5,53,19.3,99,8.9,993.6,998.5,4.8,6.5,10,0.3,0
2021-12-09 10:34:00,5,53,19.4,99,9,993.5,998.4,3.1,4.4,12,0.3,0
2021-12-09 10:39:00,5,53,19.5,99,9,993.4,998.3,4.1,5.4,10,0.3,0
2021-12-09 10:44:00,5,53,19.5,99,9,993.3,998.2,3.4,4.4,10,0.3,0
2021-12-09 10:49:00,5,53,19.6,99,9,993.2,998.1,2.4,3.4,10,0.3,0
2021-12-09 10:54:00,5,53,19.6,99,9.2,993.2,998.1,5.1,5.8,10,0.3,0
2021-12-09 10:59:00,5,53,19.7,99,9.4,993,997.9,4.1,5.1,10,0.3,0
2021-12-09 11:04:00,5,53,19.7,99,9.4,993,997.9,3.7,4.4,10,0.3,0
2021-12-09 11:09:00,5,53,19.8,99,9.8,992.9,997.8,4.8,6.8,10,0.3,0
2021-12-09 11:14:00,5,53,19.8,99,10,992.8,997.7,4.4,5.4,10,0.3,0
2021-12-09 11:19:00,5,53,19.9,99,10.2,992.7,997.6,4.1,5.8,10,0.3,0
2021-12-09 11:24:00,5,53,19.9,99,10.3,992.6,997.5,4.8,6.5,10,0.3,0
2021-12-09 11:29:00,5,53,19.9,99,10.4,992.5,997.4,5.1,5.8,8,0.3,0
2021-12-09 11:34:00,5,53,19.9,99,10.5,992.3,997.2,3.7,5.1,10,0.3,0
2021-12-09 11:39:00,5,53,19.9,97,10.6,992.2,997.1,4.8,5.8,10,0.3,0
2021-12-09 11:44:00,5,52,20,95,10.6,992.2,997.1,5.4,8.5,8,0.3,0
2021-12-09 11:49:00,5,52,20,94,10.6,992.1,997,5.8,7.8,12,0.3,0
2021-12-09 11:54:00,5,52,20,93,10.5,991.9,996.8,4.1,5.4,9,0.3,0
2021-12-09 11:59:00,5,52,20,92,10.5,991.7,996.6,4.8,6.1,10,0.3,0
2021-12-09 12:04:00,5,52,20,91,10.5,991.8,996.7,5.4,6.5,10,0.3,0
2021-12-09 12:09:00,5,52,20,91,10.4,991.8,996.7,6.5,7.5,10,0.3,0
2021-12-09 12:14:00,5,52,20,91,10.2,991.8,996.7,5.1,6.1,12,0.3,0
2021-12-09 12:19:00,5,52,20,92,10.1,991.6,996.5,3.7,5.4,8,0.3,0
2021-12-09 12:24:00,5,52,20.1,93,10.1,991.5,996.4,5.4,7.8,10,0.3,0
2021-12-09 12:29:00,5,52,20.1,94,10.1,991.5,996.4,4.1,5.8,8,0.3,0
2021-12-09 12:34:00,5,52,20.1,94,10,991.7,996.6,4.1,5.1,12,0.3,0
2021-12-09 12:39:00,5,52,20.1,93,9.8,991.7,996.6,5.1,7.1,14,0.3,0
2021-12-09 12:44:00,5,52,20.1,91,9.6,992,996.9,5.8,6.8,10,0.3,0
2021-12-09 12:49:00,5,52,20.1,90,9.4,991.9,996.8,5.8,7.1,12,0.3,0
2021-12-09 12:54:00,5,52,20.1,89,9.3,992.2,997.1,4.4,6.1,10,0.3,0
2021-12-09 12:59:00,5,52,20.1,88,9.3,991.9,996.8,2.4,3.4,10,0.3,0
2021-12-09 13:04:00,5,52,20.1,86,9.4,992,996.9,3.4,4.1,10,0.3,0
2021-12-09 13:09:00,5,52,20.1,84,9.5,992,996.9,4.8,7.5,12,0.3,0
2021-12-09 13:14:00,5,52,20,82,9.6,992.2,997.1,6.1,7.5,12,0.3,0
2021-12-09 13:19:00,5,52,20,82,9.7,992.2,997.1,3.1,4.1,12,0.3,0
2021-12-09 13:24:00,5,52,20,81,9.7,992.2,997.1,4.1,4.4,10,0.3,0
2021-12-09 13:29:00,5,52,20,81,9.7,991.9,996.8,3.7,4.8,8,0.3,0
2021-12-09 13:34:00,5,52,20,82,9.8,991.9,996.8,4.1,5.4,9,0.3,0
2021-12-09 13:39:00,5,53,19.9,83,9.7,991.9,996.8,3.7,5.1,12,0.3,0
2021-12-09 13:44:00,5,53,19.9,83,9.6,992.1,997,4.1,4.8,10,0.3,0
2021-12-09 13:49:00,5,53,19.9,84,9.6,991.9,996.8,4.1,5.1,10,0.3,0
2021-12-09 13:54:00,5,54,19.9,84,9.6,991.8,996.7,3.4,4.1,12,0.3,0
2021-12-09 13:59:00,5,54,19.9,83,9.6,991.8,996.7,3.4,4.8,10,0.3,0
2021-12-09 14:04:00,5,54,19.9,82,9.5,991.8,996.7,5.1,5.8,12,0.3,0
2021-12-09 14:09:00,5,53,20,81,9.5,991.7,996.6,5.1,6.1,10,0.3,0
2021-12-09 14:14:00,5,54,20,80,9.5,991.6,996.5,3.4,4.4,12,0.3,0
2021-12-09 14:19:00,5,53,20,79,9.4,991.7,996.6,4.1,6.8,12,0.3,0
2021-12-09 14:24:00,5,53,20,79,9.3,991.9,996.8,3.7,5.8,10,0.3,0
2021-12-09 14:29:00,5,53,20,80,9.2,991.9,996.8,2.7,3.7,10,0.3,0
2021-12-09 14:34:00,5,53,20.1,80,9.1,991.9,996.8,4.8,6.8,12,0.3,0
2021-12-09 14:39:00,5,53,20,81,9,991.9,996.8,3.4,5.1,12,0.3,0
2021-12-09 14:44:00,5,53,20,81,8.8,992,996.9,2.7,3.4,8,0.3,0
2021-12-09 14:49:00,5,53,20.1,82,8.7,991.9,996.8,3.1,4.8,12,0.3,0
2021-12-09 14:54:00,5,53,20.1,82,8.7,991.8,996.7,3.4,4.1,12,0.3,0
2021-12-09 14:59:00,5,53,20.1,83,8.7,991.6,996.5,3.7,5.1,12,0.3,0
2021-12-09 15:04:00,5,53,20.1,82,8.6,991.6,996.5,3.7,4.4,12,0.3,0
2021-12-09 15:09:00,5,53,20.1,82,8.6,991.6,996.5,2.7,3.4,10,0.3,0
2021-12-09 15:14:00,5,53,20.1,82,8.5,991.9,996.8,2.7,3.1,12,0.3,0
2021-12-09 15:19:00,5,53,20.1,82,8.4,991.9,996.8,3.1,4.1,10,0.3,0
2021-12-09 15:24:00,5,53,20.2,82,8.4,992,996.9,2.7,3.4,12,0.3,0
2021-12-09 15:29:00,5,53,20.2,82,8.3,991.9,996.8,3.7,4.4,10,0.3,0
2021-12-09 15:34:00,5,53,20.2,82,8.3,992,996.9,3.1,3.7,12,0.3,0
2021-12-09 15:39:00,5,52,20.2,82,8.2,992,996.9,3.4,4.1,10,0.3,0
2021-12-09 15:44:00,5,52,20.2,82,8.3,992,996.9,2.7,3.1,12,0.3,0
2021-12-09 15:49:00,5,52,20.2,82,8.3,992.2,997.1,2.4,4.4,12,0.3,0
2021-12-09 15:54:00,5,52,20.1,81,8.2,992.2,997.1,4.1,6.1,10,0.3,0
2021-12-09 15:59:00,5,52,20.1,80,8.1,992.3,997.2,1.7,2.4,12,0.3,0
2021-12-09 16:04:00,5,52,20.1,80,7.9,992.2,997.1,2.4,3.4,14,0.3,0
2021-12-09 16:09:00,5,52,20.2,81,7.8,992.2,997.1,1.7,2.7,10,0.3,0
2021-12-09 16:14:00,5,52,20.2,81,7.9,992.2,997.1,3.1,3.7,12,0.3,0
2021-12-09 16:19:00,5,52,20.1,81,8,992.3,997.2,2,3.1,10,0.3,0
2021-12-09 16:24:00,5,52,20.2,81,8,992.5,997.4,2.4,3.4,12,0.3,0
2021-12-09 16:29:00,5,52,20.2,80,8.1,992.6,997.5,3.1,3.7,10,0.3,0
2021-12-09 16:34:00,5,52,20.2,80,8,992.8,997.7,4.1,4.8,10,0.3,0
2021-12-09 16:39:00,5,52,20.1,80,7.9,992.9,997.8,4.1,6.5,12,0.3,0
2021-12-09 16:44:00,5,52,20.2,80,7.7,992.9,997.8,2,3.1,10,0.3,0
2021-12-09 16:49:00,5,51,20.2,80,7.6,993,997.9,4.4,6.1,10,0.3,0
2021-12-09 16:54:00,5,51,20.2,80,7.6,993.1,998,1.4,2.7,12,0.3,0
2021-12-09 16:59:00,5,51,20.1,80,7.5,993.2,998.1,3.7,4.8,10,0.3,0
2021-12-09 17:04:00,5,51,20.1,80,7.5,993.4,998.3,2.4,3.4,12,0.3,0
2021-12-09 17:09:00,5,51,20.1,80,7.5,993.6,998.5,4.1,5.1,10,0.3,0
2021-12-09 17:14:00,5,51,20,80,7.5,993.5,998.4,3.1,4.4,10,0.3,0
2021-12-09 17:19:00,5,51,20,80,7.5,993.7,998.6,4.8,6.1,10,0.3,0
2021-12-09 17:24:00,5,51,20,80,7.5,993.8,998.7,5.8,6.8,12,0.3,0
2021-12-09 17:29:00,5,52,19.9,77,7.5,993.7,998.6,6.1,7.8,12,0.3,0
2021-12-09 17:34:00,5,52,19.9,82,7.4,993.6,998.5,2.7,4.1,12,0.3,0
2021-12-09 17:39:00,5,52,19.8,82,7.2,993.6,998.5,2.7,3.7,10,0.3,0
2021-12-09 17:44:00,5,52,19.7,82,7.2,993.8,998.7,2.7,3.1,12,0.3,0
2021-12-09 17:49:00,5,52,19.7,82,7.1,993.6,998.5,3.1,4.4,10,0.3,0
2021-12-09 17:54:00,5,51,19.6,82,7,993.8,998.7,3.7,5.4,12,0.3,0
2021-12-09 17:59:00,5,51,19.4,82,7,993.7,998.6,4.8,7.5,12,0.3,0
2021-12-09 18:04:00,5,51,19.4,82,7.2,993.7,998.6,4.4,5.8,12,0.3,0
2021-12-09 18:09:00,5,51,19.4,82,7.1,993.8,998.7,2.7,4.1,12,0.3,0
2021-12-09 18:14:00,5,51,19.4,82,7,993.9,998.8,1.7,3.4,14,0.3,0
2021-12-09 18:19:00,5,51,19.4,82,6.9,993.9,998.8,1.7,3.7,10,0.3,0
2021-12-09 18:24:00,5,51,19.3,82,6.8,994.2,999.1,3.1,4.1,12,0.3,0
2021-12-09 18:29:00,5,51,19.3,82,6.8,994.1,999,4.1,5.4,10,0.3,0
2021-12-09 18:34:00,5,51,19.2,81,6.8,994.2,999.1,3.4,4.8,12,0.3,0
2021-12-09 18:39:00,5,51,19.2,81,6.7,994.6,999.5,2,2.4,12,0.3,0
2021-12-09 18:44:00,5,51,19.2,81,6.6,994.4,999.3,2.4,3.1,10,0.3,0
2021-12-09 18:49:00,5,51,19.1,81,6.5,994.5,999.4,2,3.1,8,0.3,0
2021-12-09 18:54:00,5,51,19.1,81,6.3,994.5,999.4,1.7,2.4,10,0.3,0
2021-12-09 18:59:00,5,51,19.1,82,6.2,994.4,999.3,2.7,3.1,10,0.3,0
2021-12-09 19:04:00,5,51,19,82,6.3,994.5,999.4,2.4,3.1,10,0.3,0
2021-12-09 19:09:00,5,51,19,82,6.2,994.7,999.6,2,2.7,10,0.3,0
2021-12-09 19:14:00,5,51,19,82,6.2,994.6,999.5,1.4,2,12,0.3,0
2021-12-09 19:19:00,5,52,18.9,82,6.2,994.8,999.7,2.4,3.4,12,0.3,0
2021-12-09 19:24:00,5,52,18.9,83,6.2,994.8,999.7,1.7,2.4,12,0.3,0
2021-12-09 19:29:00,5,52,18.9,83,6.1,994.7,999.6,2.4,3.1,4,0.3,0
2021-12-09 19:34:00,5,52,18.9,83,6.1,994.7,999.6,1.4,2,10,0.3,0
2021-12-09 19:39:00,5,52,18.9,83,6,994.8,999.7,2.7,4.4,10,0.3,0
2021-12-09 19:44:00,5,52,18.8,83,6,994.9,999.8,2.4,2.7,10,0.3,0
2021-12-09 19:49:00,5,52,18.8,82,5.9,994.9,999.8,2.4,3.4,12,0.3,0
2021-12-09 19:54:00,5,52,18.8,83,5.8,994.8,999.7,2,2.4,12,0.3,0
2021-12-09 19:59:00,5,52,18.8,83,5.8,995,999.9,2,3.1,12,0.3,0
2021-12-09 20:04:00,5,52,18.8,83,5.8,994.9,999.8,1.4,2,10,0.3,0
2021-12-09 20:09:00,5,52,18.8,82,5.8,995,999.9,2,3.1,12,0.3,0
2021-12-09 20:14:00,5,52,18.8,82,5.8,994.9,999.8,2.7,3.7,12,0.3,0
2021-12-09 20:19:00,5,52,18.8,82,5.8,995.1,1000,2.7,3.1,14,0.3,0
2021-12-09 20:24:00,5,52,18.8,82,5.7,995.2,1000.1,2.7,3.1,10,0.3,0
2021-12-09 20:29:00,5,52,18.8,82,5.7,995.1,1000,1.7,2.4,10,0.3,0
2021-12-09 20:34:00,5,52,18.8,82,5.6,995.1,1000,2,2.4,12,0.3,0
2021-12-09 20:39:00,5,52,18.8,83,5.5,995.1,1000,2.4,3.1,12,0.3,0
2021-12-09 20:44:00,5,52,18.8,83,5.4,995,999.9,2,2.7,12,0.3,0
2021-12-09 20:49:00,5,52,18.8,83,5.5,995.3,1000.2,3.4,4.4,12,0.3,0
2021-12-09 20:54:00,5,52,18.8,83,5.5,995.2,1000.1,2.4,3.1,12,0.3,0
2021-12-09 20:59:00,5,52,18.8,83,5.4,995.2,1000.1,3.1,4.4,10,0.3,0
2021-12-09 21:04:00,5,52,18.8,82,5.4,995.4,1000.3,2.4,3.1,10,0.3,0
2021-12-09 21:09:00,5,52,18.8,82,5.4,995.5,1000.4,3.7,5.1,10,0.3,0
2021-12-09 21:14:00,5,52,18.8,82,5.5,995.6,1000.5,3.7,4.8,10,0.3,0
2021-12-09 21:19:00,5,52,18.8,81,5.6,995.6,1000.5,3.1,4.1,12,0.3,0
2021-12-09 21:24:00,5,52,18.8,81,5.7,995.8,1000.7,3.4,5.1,10,0.3,0
2021-12-09 21:29:00,5,52,18.8,80,5.7,995.8,1000.7,4.4,6.5,10,0.3,0
2021-12-09 21:34:00,5,52,18.8,80,5.2,995.7,1000.6,3.7,5.4,10,0.3,0
2021-12-09 21:39:00,5,52,18.8,80,4.9,995.9,1000.8,2.4,4.1,12,0.3,0
2021-12-09 21:44:00,5,52,18.8,81,4.6,995.8,1000.7,1.4,2.4,12,0.3,0
2021-12-09 21:49:00,5,52,18.8,81,4.5,995.7,1000.6,1.4,1.7,0,0.3,0
2021-12-09 21:54:00,5,52,18.8,82,4.4,995.7,1000.6,2,2.4,10,0.3,0
2021-12-09 21:59:00,5,52,18.8,83,4.4,995.9,1000.8,2,2.4,12,0.3,0
2021-12-09 22:04:00,5,52,18.8,84,4.6,995.8,1000.7,4.1,7.1,8,0.3,0
2021-12-09 22:09:00,5,52,18.8,85,4.8,995.7,1000.6,3.4,4.1,12,0.3,0
2021-12-09 22:14:00,5,52,18.8,85,4.7,995.7,1000.6,2,2.4,10,0.3,0
2021-12-09 22:19:00,5,52,18.8,86,4.6,995.8,1000.7,2.7,3.4,10,0.3,0
2021-12-09 22:24:00,5,52,18.8,86,4.6,995.6,1000.5,3.4,5.8,10,0.3,0
2021-12-09 22:29:00,5,52,18.8,86,4.5,995.7,1000.6,2.7,3.4,10,0.3,0
2021-12-09 22:34:00,5,52,18.8,86,4.5,995.8,1000.7,2.4,3.1,10,0.3,0
2021-12-09 22:39:00,5,52,18.8,86,4.5,995.8,1000.7,3.4,4.4,10,0.3,0
2021-12-09 22:44:00,5,52,18.8,87,4.6,995.8,1000.7,3.4,4.1,10,0.3,0
2021-12-09 22:49:00,5,52,18.8,86,4.6,995.9,1000.8,3.4,4.4,9,0.3,0
2021-12-09 22:54:00,5,52,18.8,86,4.6,996,1000.9,2.7,3.7,12,0.3,0
2021-12-09 22:59:02,5,52,18.8,85,4.6,996.2,1001.1,2.7,3.7,10,0.3,0
2021-12-09 23:04:00,5,52,18.8,85,4.7,996.2,1001.1,2,3.1,12,0.3,0
2021-12-09 23:09:00,5,52,18.8,86,4.8,996.3,1001.2,2.4,3.1,10,0.3,0
2021-12-09 23:14:00,5,52,18.8,86,4.8,996.3,1001.2,1.7,2.7,12,0.3,0
2021-12-09 23:19:00,5,52,18.8,86,4.8,996.4,1001.3,2,2.7,12,0.3,0
2021-12-09 23:24:00,5,52,18.8,86,4.8,996.2,1001.1,4.4,5.8,10,0.3,0
2021-12-09 23:29:00,5,52,18.8,86,4.6,996.2,1001.1,2.7,3.7,8,0.3,0
2021-12-09 23:34:00,5,52,18.9,86,4.5,996.4,1001.3,3.1,4.4,10,0.3,0
2021-12-09 23:39:00,5,52,18.8,86,4.3,996.5,1001.4,2.7,3.4,10,0.3,0
2021-12-09 23:44:00,5,52,18.9,86,4.3,996.6,1001.5,4.1,5.8,0,0.3,0
2021-12-09 23:49:00,5,52,18.8,87,4.3,996.5,1001.4,2.7,3.7,12,0.3,0
2021-12-09 23:54:00,5,52,18.8,87,4.1,996.8,1001.7,2.7,4.4,12,0.3,0
2021-12-09 23:59:00,5,52,18.8,87,3.8,996.8,1001.7,3.1,3.7,12,0.3,0
