2020-10-31 00:01:47,5,54,21.2,90,10.5,997,1001.9,4.4,5.8,,998.7,0
2020-10-31 00:06:47,5,54,21.1,90,10.6,996.6,1001.5,4.8,5.8,8,998.7,0
2020-10-31 00:11:47,5,54,21.2,90,10.7,996.7,1001.6,3.7,4.4,8,998.7,0
2020-10-31 00:16:47,5,54,21.1,91,10.9,997,1001.9,3.4,4.4,0,998.7,0
2020-10-31 00:21:47,5,54,21.1,91,11,997.2,1002.1,2.7,4.1,4,998.7,0
2020-10-31 00:26:47,5,54,21.1,91,11.1,996.7,1001.6,4.8,6.5,,998.7,0
2020-10-31 00:31:47,5,54,21.1,91,11.3,996.6,1001.5,3.7,4.8,10,998.7,0
2020-10-31 00:36:47,5,54,21.1,92,11.4,996.1,1001,3.4,4.1,,998.7,0
2020-10-31 00:41:47,5,54,21.1,92,11.4,995.9,1000.8,2.7,3.4,,998.7,0
2020-10-31 00:46:47,5,54,21.1,92,11.4,995.9,1000.8,3.4,4.1,,998.7,0
2020-10-31 00:51:47,5,54,21.1,92,11.5,996.3,1001.2,1.7,2.7,4,998.7,0
2020-10-31 00:56:47,5,54,21.1,92,11.5,996.1,1001,1.4,2.4,4,999.3,0
2020-10-31 01:01:47,5,54,21.1,92,11.6,995.9,1000.8,1.7,2.7,4,999.3,0
2020-10-31 01:06:47,5,54,21.1,92,11.7,995.5,1000.4,2.4,3.4,4,999.9,0
2020-10-31 01:11:47,5,54,21.1,93,12,995.3,1000.2,1.7,3.1,,999.9,0
2020-10-31 01:16:47,5,54,21.1,93,12.4,994.9,999.8,2.7,4.4,2,999.9,0
2020-10-31 01:21:47,5,54,21.1,91,12.7,994.5,999.4,2.4,3.1,2,1000.2,0
2020-10-31 01:26:47,5,54,21.1,91,13.2,994.4,999.3,4.8,6.8,10,1000.2,0
2020-10-31 01:31:47,5,54,21.1,92,13.6,994.4,999.3,2.7,3.4,8,1000.2,0
2020-10-31 01:36:47,5,54,21,92,13.8,993.8,998.7,2.4,3.4,4,1000.5,0
2020-10-31 01:41:47,5,54,21,92,13.9,993.6,998.5,3.7,4.8,9,1000.5,0
2020-10-31 01:46:47,5,55,21,92,14.1,993.4,998.3,5.8,8.2,4,1000.5,0
2020-10-31 01:51:47,5,56,20.9,92,14.3,993.2,998.1,4.1,6.1,10,1000.5,0
2020-10-31 01:56:47,5,56,20.9,92,14.4,992.8,997.7,3.7,6.5,0,1000.5,0
2020-10-31 02:01:47,5,56,20.8,91,14.5,992.7,997.6,4.1,7.1,4,1000.5,0
2020-10-31 02:06:47,5,56,20.9,91,14.6,992.5,997.4,4.8,6.5,10,1000.5,0
2020-10-31 02:11:47,5,56,20.9,90,14.6,992.3,997.2,3.4,5.4,,1000.5,0
2020-10-31 02:16:47,5,56,20.9,89,14.7,991.8,996.7,4.4,6.8,4,1000.5,0
2020-10-31 02:21:47,5,56,20.9,88,14.8,991.6,996.5,5.8,6.8,8,1000.5,0
2020-10-31 02:26:47,5,56,20.8,87,14.9,991.5,996.4,4.8,7.5,8,1000.5,0
2020-10-31 02:31:47,5,56,20.8,86,14.9,991.2,996.1,3.7,4.8,4,1000.5,0
2020-10-31 02:36:47,5,56,20.8,85,15,990.9,995.8,4.1,6.5,10,1000.5,0
2020-10-31 02:41:47,5,56,20.8,85,15,990.6,995.5,4.1,6.8,4,1000.5,0
2020-10-31 02:46:47,5,56,20.7,84,15,990,994.9,4.8,6.5,2,1000.5,0
2020-10-31 02:51:47,5,56,20.7,84,15.2,990.2,995.1,5.1,7.1,14,1000.8,0
2020-10-31 02:56:47,5,56,20.7,84,15.3,989.8,994.7,5.8,10.5,8,1000.8,0
2020-10-31 03:01:47,5,56,20.7,84,15.3,989.4,994.3,4.8,6.1,0,1000.8,0
2020-10-31 03:06:47,5,56,20.7,84,15.4,989.5,994.4,3.1,4.4,4,1000.8,0
2020-10-31 03:11:47,5,56,20.6,84,15.5,989.2,994.1,5.4,6.5,4,1000.8,0
2020-10-31 03:16:47,5,57,20.6,84,15.5,988.9,993.8,5.8,9.5,10,1000.8,0
2020-10-31 03:21:47,5,57,20.6,84,15.4,988.6,993.5,4.1,5.8,14,1000.8,0
2020-10-31 03:26:47,5,57,20.5,84,15.4,988.4,993.3,6.1,9.9,,1000.8,0
2020-10-31 03:31:47,5,57,20.5,84,15.4,988,992.9,6.1,8.8,10,1000.8,0
2020-10-31 03:36:47,5,57,20.5,84,15.4,987.8,992.7,6.5,9.2,10,1000.8,0
2020-10-31 03:41:47,5,57,20.5,84,15.3,987.7,992.6,5.8,9.9,2,1000.8,0
2020-10-31 03:46:47,5,57,20.5,84,15.3,987.5,992.4,6.1,8.5,,1000.8,0
2020-10-31 03:51:50,5,57,20.5,84,15.1,987.4,992.3,5.4,7.5,4,1000.8,0
2020-10-31 03:56:47,5,57,20.5,85,15.2,986.8,991.7,6.5,8.5,4,1000.8,0
2020-10-31 04:01:47,5,57,20.5,84,15.2,987,991.9,5.4,8.8,15,1000.8,0
2020-10-31 04:06:47,5,57,20.5,84,15.1,986.9,991.8,4.1,7.1,8,1000.8,0
2020-10-31 04:11:47,5,57,20.5,85,15.1,986.5,991.4,6.5,9.5,2,1000.8,0
2020-10-31 04:16:47,5,57,20.4,85,15.1,986.1,991,7.8,10.2,4,1000.8,0
2020-10-31 04:21:47,5,57,20.4,85,15.1,985.9,990.8,7.1,9.5,4,1000.8,0
2020-10-31 04:26:47,5,57,20.4,85,15,985.9,990.8,4.1,6.1,8,1001.1,0
2020-10-31 04:31:47,5,57,20.4,86,15,985.9,990.8,5.4,6.5,2,1001.1,0
2020-10-31 04:36:47,5,57,20.5,86,15,985.8,990.7,5.1,7.1,8,1001.4,0
2020-10-31 04:41:47,5,57,20.4,87,15,985.6,990.5,5.8,8.2,8,1001.7,0
2020-10-31 04:46:47,5,58,20.4,87,15,985.5,990.4,4.1,6.1,10,1001.7,0
2020-10-31 04:51:47,5,58,20.4,87,15,985.1,990,5.1,8.5,8,1001.7,0
2020-10-31 04:56:47,5,58,20.4,87,15.1,985,989.9,5.4,8.2,10,1001.7,0
2020-10-31 05:01:47,5,58,20.4,86,15.2,984.7,989.6,3.7,5.8,4,1002,0
2020-10-31 05:06:47,5,58,20.4,86,15.2,984.2,989.1,6.1,8.5,4,1002.3,0
2020-10-31 05:11:47,5,58,20.4,86,15.3,984.2,989.1,5.4,7.5,10,1002.3,0
2020-10-31 05:16:47,5,58,20.4,85,15.3,984,988.9,4.1,7.8,10,1002.3,0
2020-10-31 05:21:47,5,58,20.4,85,15.3,984,988.9,5.4,8.2,10,1002.3,0
2020-10-31 05:26:47,5,58,20.4,84,15.3,983.8,988.7,5.4,7.8,10,1002.3,0
2020-10-31 05:31:47,5,58,20.4,84,15.4,983.4,988.3,4.8,7.1,10,1002.3,0
2020-10-31 05:36:47,5,58,20.4,83,15.5,983,987.9,5.4,8.8,10,1002.3,0
2020-10-31 05:41:47,5,58,20.4,83,15.5,983,987.9,6.8,8.8,8,1002.3,0
2020-10-31 05:46:47,5,58,20.3,82,15.6,982.6,987.5,4.8,7.5,6,1002.3,0
2020-10-31 05:51:47,5,58,20.3,82,15.6,982.6,987.5,5.8,8.2,8,1002.3,0
2020-10-31 05:56:47,5,58,20.3,82,15.6,982.4,987.3,5.4,7.5,4,1002.3,0
2020-10-31 06:01:47,5,58,20.3,81,15.7,982.4,987.3,5.4,7.1,10,1002.3,0
2020-10-31 06:06:47,5,58,20.3,81,15.7,982.1,987,7.5,10.9,8,1002.6,0
2020-10-31 06:11:47,5,58,20.3,81,15.7,981.7,986.6,4.4,6.1,8,1002.6,0
2020-10-31 06:16:47,5,58,20.3,81,15.7,981.3,986.2,5.1,8.2,4,1002.6,0
2020-10-31 06:21:47,5,58,20.3,81,15.6,981.5,986.4,3.7,6.1,10,1002.6,0
2020-10-31 06:26:47,5,59,20.3,82,15.6,981.4,986.3,4.4,8.5,,1002.6,0
2020-10-31 06:31:47,5,59,20.3,81,15.7,980.9,985.8,9.2,12.2,10,1002.6,0
2020-10-31 06:36:47,5,59,20.3,81,15.1,983.4,988.3,12.2,15,8,1003.5,0
2020-10-31 06:41:47,5,59,20.3,81,12.6,983.6,988.5,7.5,9.9,10,1004.7,0
2020-10-31 06:46:47,5,59,20.3,87,12.1,983.6,988.5,5.8,7.1,14,1004.7,0
2020-10-31 06:51:47,5,59,20.3,89,11.6,984,988.9,5.1,7.1,10,1005,0
2020-10-31 06:56:47,5,59,20.3,90,11.3,984,988.9,4.4,5.1,10,1005.3,0
2020-10-31 07:01:47,5,59,20.3,90,11.1,984.2,989.1,6.1,7.8,12,1005.3,0
2020-10-31 07:06:47,5,59,20.3,91,11,984.3,989.2,4.4,5.8,12,1005.3,0
2020-10-31 07:11:47,5,59,20.3,91,10.9,984.4,989.3,5.1,6.8,8,1005.3,0
2020-10-31 07:16:47,5,59,20.3,91,10.7,984.4,989.3,3.7,7.5,10,1005.3,0
2020-10-31 07:21:47,5,59,20.2,91,10.6,984.5,989.4,5.1,8.5,10,1005.3,0
2020-10-31 07:26:47,5,59,20.2,91,10.7,984.5,989.4,4.4,5.8,10,1005.3,0
2020-10-31 07:31:47,5,59,20.2,91,10.7,984.7,989.6,5.8,8.8,10,1005.3,0
2020-10-31 07:36:47,5,59,20.2,91,10.7,984.9,989.8,6.8,9.2,10,1005.3,0
2020-10-31 07:41:47,5,59,20.2,90,10.7,985,989.9,5.4,7.1,10,1005.3,0
2020-10-31 07:46:47,5,59,20.2,90,10.6,985,989.9,4.1,6.1,10,1005.3,0
2020-10-31 07:51:47,5,59,20.2,89,10.7,985.2,990.1,5.8,8.5,8,1005.3,0
2020-10-31 07:56:47,5,59,20.2,88,10.8,985.4,990.3,4.8,6.5,8,1005.3,0
2020-10-31 08:01:47,5,59,20.2,88,10.7,985.7,990.6,4.8,7.5,10,1005.3,0
2020-10-31 08:06:47,5,59,20.2,88,10.7,985.7,990.6,4.1,5.8,8,1005.3,0
2020-10-31 08:11:47,5,59,20.2,88,10.6,986.1,991,4.1,5.1,12,1005.3,0
2020-10-31 08:16:47,5,58,20.2,89,10.4,986.5,991.4,5.4,6.8,12,1005.3,0
2020-10-31 08:21:47,5,58,20.2,90,10.3,986.9,991.8,5.8,6.8,12,1005.3,0
2020-10-31 08:26:47,5,58,20.2,90,10.3,987.2,992.1,4.8,6.1,10,1005.3,0
2020-10-31 08:31:47,5,58,20.2,89,10.1,987.2,992.1,6.5,8.8,12,1005.3,0
2020-10-31 08:36:47,5,58,20.2,88,10,987.8,992.7,3.7,4.8,12,1005.3,0
2020-10-31 08:41:47,5,58,20.2,86,10,987.9,992.8,5.1,6.8,10,1005.3,0
2020-10-31 08:46:47,5,58,20.2,84,9.9,988.1,993,5.4,7.1,12,1005.6,0
2020-10-31 08:51:47,5,58,20.2,82,9.8,988.3,993.2,5.4,6.5,12,1005.6,0
2020-10-31 08:56:47,5,58,20.2,81,9.8,988.7,993.6,5.1,6.8,10,1005.6,0
2020-10-31 09:01:47,5,58,20.2,80,9.8,988.8,993.7,7.1,8.8,10,1005.6,0
2020-10-31 09:06:47,5,58,20.1,80,9.7,989,993.9,6.5,9.5,12,1005.6,0
2020-10-31 09:11:47,5,58,20.2,80,9.7,989.3,994.2,7.1,8.8,12,1005.6,0
2020-10-31 09:16:47,5,58,20.2,79,9.8,989.2,994.1,5.4,7.1,12,1005.6,0
2020-10-31 09:21:47,5,58,20.1,77,9.9,989.5,994.4,5.4,6.8,12,1005.6,0
2020-10-31 09:26:47,5,58,20.1,76,9.9,989.7,994.6,5.8,8.5,10,1005.6,0
2020-10-31 09:31:47,5,58,20.1,75,10,989.7,994.6,6.5,7.8,12,1005.6,0
2020-10-31 09:36:47,5,58,20.1,75,10.1,989.9,994.8,6.5,8.2,12,1005.6,0
2020-10-31 09:41:47,5,58,20.1,76,9.9,990.2,995.1,5.8,8.2,10,1005.6,0
2020-10-31 09:46:47,5,58,20.1,76,10,990.1,995,6.8,9.5,12,1005.6,0
2020-10-31 09:51:47,5,58,20.1,76,10,990.2,995.1,6.1,7.1,10,1005.6,0
2020-10-31 09:56:47,5,58,20.2,76,10,990.6,995.5,6.1,8.5,10,1005.6,0
2020-10-31 10:01:47,5,58,20.2,75,10.3,990.8,995.7,5.4,7.5,10,1005.6,0
2020-10-31 10:06:47,5,58,20.2,75,10.6,990.7,995.6,4.1,6.1,10,1005.6,0
2020-10-31 10:11:47,5,58,20.2,75,10.7,990.7,995.6,4.1,5.4,10,1005.6,0
2020-10-31 10:16:47,5,58,20.2,74,10.5,990.9,995.8,5.4,7.1,12,1005.6,0
2020-10-31 10:21:47,5,58,20.2,73,10.5,991.2,996.1,4.4,5.4,8,1005.6,0
2020-10-31 10:26:47,5,58,20.2,74,10.4,991.4,996.3,5.1,8.2,12,1005.6,0
2020-10-31 10:31:47,5,58,20.2,76,10,991.6,996.5,5.1,7.5,8,1005.6,0
2020-10-31 10:36:47,5,58,20.2,77,10.1,991.7,996.6,4.1,5.8,12,1005.6,0
2020-10-31 10:41:47,5,58,20.2,76,10.4,991.6,996.5,6.1,7.1,12,1005.6,0
2020-10-31 10:46:47,5,58,20.2,74,10.4,992,996.9,6.8,9.5,10,1005.6,0
2020-10-31 10:51:47,5,58,20.2,75,10.1,992.3,997.2,6.1,7.1,10,1005.6,0
2020-10-31 10:56:47,5,58,20.2,76,9.9,992.4,997.3,5.8,7.5,12,1005.6,0
2020-10-31 11:01:47,5,58,20.2,77,9.9,992.6,997.5,3.4,4.1,10,1005.6,0
2020-10-31 11:06:47,5,58,20.2,77,9.9,992.7,997.6,4.8,7.1,12,1005.6,0
2020-10-31 11:11:47,5,58,20.2,77,10,992.9,997.8,4.8,6.1,10,1005.6,0
2020-10-31 11:16:47,5,59,20.3,75,10.4,993,997.9,7.5,9.9,12,1005.6,0
2020-10-31 11:21:47,5,60,20.3,72,10.4,993.4,998.3,5.8,7.8,12,1005.6,0
2020-10-31 11:26:47,5,60,20.4,71,10.6,993.4,998.3,4.4,5.4,10,1005.6,0
2020-10-31 11:31:47,5,60,20.5,71,10.8,993.7,998.6,5.4,6.8,12,1005.6,0
2020-10-31 11:36:47,5,60,20.5,70,10.7,993.7,998.6,4.8,7.1,10,1005.6,0
2020-10-31 11:41:47,5,60,20.6,70,10.6,993.9,998.8,6.5,8.5,12,1005.6,0
2020-10-31 11:46:47,5,59,20.6,70,10.6,994.1,999,3.7,4.8,12,1005.6,0
2020-10-31 11:51:47,5,59,20.6,70,10.8,994.2,999.1,5.1,5.8,12,1005.6,0
2020-10-31 11:56:47,5,59,20.7,68,11,994.5,999.4,5.1,7.5,10,1005.6,0
2020-10-31 12:01:47,5,59,20.7,66,11.1,994.5,999.4,6.5,8.8,10,1005.6,0
2020-10-31 12:06:47,5,59,20.8,65,11.2,994.6,999.5,4.4,5.8,12,1005.6,0
2020-10-31 12:11:47,5,59,20.8,64,11.3,994.7,999.6,5.1,6.8,12,1005.6,0
2020-10-31 12:16:47,5,58,20.9,65,11.5,994.8,999.7,5.8,7.8,10,1005.6,0
2020-10-31 12:21:47,5,58,20.9,65,11.5,995,999.9,4.4,5.4,12,1005.6,0
2020-10-31 12:26:47,5,57,21,64,11.4,995.1,1000,6.8,8.5,12,1005.6,0
2020-10-31 12:31:47,5,57,21,64,11.5,995.3,1000.2,7.8,10.9,10,1005.6,0
2020-10-31 12:36:47,5,58,21.2,64,11.4,995.3,1000.2,5.4,7.1,12,1005.6,0
2020-10-31 12:41:47,5,57,21.2,64,11.4,995.5,1000.4,5.4,7.8,12,1005.6,0
2020-10-31 12:46:47,5,58,21.2,63,11.2,995.5,1000.4,5.8,7.5,10,1005.6,0
2020-10-31 12:51:47,5,58,21.2,62,11.4,995.8,1000.7,7.5,10.9,10,1005.6,0
2020-10-31 12:56:47,5,58,21.4,62,11.1,995.8,1000.7,5.4,7.1,10,1005.6,0
2020-10-31 13:01:47,5,58,21.4,62,10.6,996,1000.9,8.2,11.2,12,1005.6,0
2020-10-31 13:06:47,5,58,21.4,63,10.3,996,1000.9,4.8,6.8,12,1005.6,0
2020-10-31 13:11:47,5,58,21.4,63,10,996.1,1001,5.8,8.2,10,1005.6,0
2020-10-31 13:16:47,5,57,21.4,64,10.5,996.1,1001,4.4,5.4,12,1005.6,0
2020-10-31 13:21:47,5,57,21.4,66,10.5,996.1,1001,3.7,5.1,10,1005.6,0
2020-10-31 13:26:47,5,58,21.4,67,10.8,996.2,1001.1,3.7,5.1,10,1005.6,0
2020-10-31 13:31:47,5,58,21.4,67,11.1,996.5,1001.4,4.4,5.4,10,1005.6,0
2020-10-31 13:36:47,5,58,21.5,63,11.1,996.4,1001.3,6.8,8.5,12,1005.6,0
2020-10-31 13:41:47,5,58,21.5,62,11.3,996.6,1001.5,4.8,6.5,12,1005.6,0
2020-10-31 13:46:47,5,58,21.6,61,11.3,996.6,1001.5,7.5,8.5,10,1005.6,0
2020-10-31 13:51:47,5,58,21.7,60,11.2,996.8,1001.7,5.1,6.1,10,1005.6,0
2020-10-31 13:56:47,5,58,21.8,61,11.2,996.8,1001.7,5.4,6.5,12,1005.6,0
2020-10-31 14:01:47,5,58,21.8,61,11.2,996.7,1001.6,5.4,6.1,12,1005.6,0
2020-10-31 14:06:47,5,58,21.8,61,11.3,996.8,1001.7,5.1,6.5,12,1005.6,0
2020-10-31 14:11:47,5,58,21.9,60,11.1,996.9,1001.8,4.4,5.8,12,1005.6,0
2020-10-31 14:16:47,5,58,21.9,61,10.9,996.9,1001.8,4.1,6.1,12,1005.6,0
2020-10-31 14:21:47,5,58,21.9,63,10.4,997.5,1002.4,7.1,8.8,10,1005.6,0
2020-10-31 14:26:47,5,56,22,68,9.3,997.2,1002.1,4.8,6.1,10,1005.6,0
2020-10-31 14:31:47,5,56,22,70,9.7,997.3,1002.2,5.1,7.1,12,1005.6,0
2020-10-31 14:36:47,5,56,22,68,10.2,997.8,1002.7,4.4,5.8,12,1005.6,0
2020-10-31 14:41:47,5,56,22.1,67,9.9,997.6,1002.5,6.1,6.8,12,1005.6,0
2020-10-31 14:46:47,5,56,22.1,67,9.7,997.7,1002.6,5.1,6.1,12,1005.6,0
2020-10-31 14:51:47,5,56,22.2,67,9.8,997.5,1002.4,4.4,6.1,14,1005.6,0
2020-10-31 14:56:47,5,55,22.3,67,9.7,997.6,1002.5,6.5,7.8,12,1005.6,0
2020-10-31 15:01:47,5,54,22.3,70,9.9,997.7,1002.6,4.1,4.8,12,1005.6,0
2020-10-31 15:06:47,5,53,22.4,70,10,997.8,1002.7,5.1,6.5,12,1005.6,0
2020-10-31 15:11:47,5,53,22.4,70,9.9,997.8,1002.7,4.4,6.1,10,1005.6,0
2020-10-31 15:16:47,5,53,22.4,66,10.1,997.9,1002.8,4.8,7.1,12,1005.6,0
2020-10-31 15:21:47,5,51,22.4,63,10.3,997.9,1002.8,4.1,5.4,12,1005.6,0
2020-10-31 15:26:47,5,51,22.4,62,10.3,998.1,1003,3.7,5.4,10,1005.6,0
2020-10-31 15:31:47,5,50,22.4,62,10.2,998,1002.9,4.1,5.8,12,1005.6,0
2020-10-31 15:36:47,5,50,22.3,62,10.1,998,1002.9,3.4,4.1,10,1005.6,0
2020-10-31 15:41:47,5,49,22.3,62,9.9,998.4,1003.3,2.7,3.7,12,1005.6,0
2020-10-31 15:46:47,5,49,22.1,70,8.8,998.6,1003.5,6.5,8.8,14,1005.9,0
2020-10-31 15:51:47,5,50,22.1,73,8.3,998.7,1003.6,3.4,4.4,10,1005.9,0
2020-10-31 15:56:47,5,50,22.1,75,8.3,998.6,1003.5,2.7,3.7,12,1005.9,0
2020-10-31 16:01:47,5,50,22,74,8.4,998.9,1003.8,2.7,3.7,10,1005.9,0
2020-10-31 16:06:47,5,51,22,73,8.5,998.8,1003.7,3.7,5.1,12,1005.9,0
2020-10-31 16:11:47,5,52,21.9,71,8.6,998.9,1003.8,2.4,3.7,14,1005.9,0
2020-10-31 16:16:47,5,50,21.8,70,8.5,998.7,1003.6,2.4,3.1,10,1005.9,0
2020-10-31 16:21:47,5,50,21.8,70,8.5,998.8,1003.7,3.1,4.4,12,1005.9,0
2020-10-31 16:26:47,5,50,21.7,70,8.4,998.8,1003.7,3.1,4.4,10,1005.9,0
2020-10-31 16:31:47,5,50,21.6,70,8.6,999,1003.9,3.1,3.7,12,1005.9,0
2020-10-31 16:36:47,5,51,21.5,70,8.7,999,1003.9,2,3.4,12,1005.9,0
2020-10-31 16:41:47,5,51,21.5,69,8.7,999.1,1004,3.1,3.7,10,1005.9,0
2020-10-31 16:46:47,5,51,21.5,70,8.6,999.4,1004.3,2.4,3.1,10,1005.9,0
2020-10-31 16:51:47,5,51,21.4,70,8.5,999.3,1004.2,2.4,3.7,10,1005.9,0
2020-10-31 16:56:47,5,51,21.4,70,8.4,999.2,1004.1,3.4,3.7,10,1005.9,0
2020-10-31 17:01:47,5,52,21.4,71,8.4,999.6,1004.5,2,2.7,8,1005.9,0
2020-10-31 17:06:47,5,52,21.4,72,8.5,999.8,1004.7,3.7,4.8,14,1005.9,0
2020-10-31 17:11:47,5,52,21.2,72,8.5,999.7,1004.6,2.4,3.1,12,1005.9,0
2020-10-31 17:16:47,5,52,21.2,72,8.3,999.6,1004.5,3.1,3.7,10,1005.9,0
2020-10-31 17:21:47,5,52,21.2,72,8.2,999.5,1004.4,1.7,2,8,1005.9,0
2020-10-31 17:26:47,5,52,21.2,72,8.1,999.7,1004.6,2.4,2.7,10,1005.9,0
2020-10-31 17:31:47,5,52,21.2,73,8.1,999.7,1004.6,2,2.7,10,1005.9,0
2020-10-31 17:36:47,5,52,21.2,74,8.3,999.6,1004.5,4.1,5.1,8,1005.9,0
2020-10-31 17:41:47,5,52,21.2,74,8.5,999.6,1004.5,5.1,6.8,10,1005.9,0
2020-10-31 17:46:47,5,52,21.2,73,8.6,999.4,1004.3,3.4,3.7,10,1005.9,0
2020-10-31 17:51:47,5,52,21.2,72,8.6,999.3,1004.2,3.7,4.8,10,1005.9,0
2020-10-31 17:56:47,5,52,21.2,72,8.6,999.1,1004,4.1,5.4,10,1005.9,0
2020-10-31 18:01:47,5,52,21.1,71,8.6,999.1,1004,3.1,4.1,10,1005.9,0
2020-10-31 18:06:47,5,52,21.1,71,8.6,998.7,1003.6,3.1,4.1,10,1005.9,0
2020-10-31 18:11:47,5,52,21.1,70,8.6,998.6,1003.5,3.1,3.7,10,1005.9,0
2020-10-31 18:16:47,5,52,21.1,71,8.6,998.6,1003.5,3.1,3.7,10,1005.9,0
2020-10-31 18:21:47,5,52,21.1,71,8.6,998.5,1003.4,2.7,3.4,10,1005.9,0
2020-10-31 18:26:47,5,52,21,71,8.6,998.6,1003.5,3.1,4.1,10,1005.9,0
2020-10-31 18:31:47,5,52,21,72,8.6,998.9,1003.8,2,3.1,10,1005.9,0
2020-10-31 18:36:47,5,52,21,72,8.5,998.7,1003.6,3.4,5.1,9,1005.9,0
2020-10-31 18:41:47,5,53,20.9,72,8.5,998.4,1003.3,3.1,4.1,8,1005.9,0
2020-10-31 18:46:47,5,53,20.9,72,8.6,998.6,1003.5,4.4,5.4,12,1005.9,0
2020-10-31 18:51:47,5,53,20.9,71,8.6,998.6,1003.5,2.7,3.4,8,1005.9,0
2020-10-31 18:56:47,5,53,20.9,71,8.6,998.5,1003.4,4.1,5.4,10,1005.9,0
2020-10-31 19:01:47,5,53,20.9,71,8.6,998.7,1003.6,2.7,3.4,9,1005.9,0
2020-10-31 19:06:47,5,54,20.9,71,8.6,998.6,1003.5,2.4,3.7,8,1005.9,0
2020-10-31 19:11:47,5,54,20.9,72,8.6,998.4,1003.3,1.7,2,10,1005.9,0
2020-10-31 19:16:47,5,54,20.9,72,8.5,998.2,1003.1,2.7,3.4,10,1005.9,0
2020-10-31 19:21:47,5,53,20.9,73,8.4,998,1002.9,3.4,4.4,9,1005.9,0
2020-10-31 19:26:47,5,53,20.9,73,8.3,997.8,1002.7,2,3.1,10,1005.9,0
2020-10-31 19:31:47,5,53,20.8,73,8.3,997.8,1002.7,3.1,4.4,12,1005.9,0
2020-10-31 19:36:47,5,53,20.8,73,8.3,997.7,1002.6,2,2.7,,1005.9,0
2020-10-31 19:41:47,5,53,20.8,72,8.3,997.8,1002.7,2.4,2.7,10,1005.9,0
2020-10-31 19:46:47,5,53,20.8,73,8.3,997.8,1002.7,2.4,3.4,10,1005.9,0
2020-10-31 19:51:47,5,53,20.8,73,8.3,997.5,1002.4,3.1,4.1,8,1005.9,0
2020-10-31 19:56:47,5,53,20.8,73,8.3,997.2,1002.1,2.4,3.4,10,1005.9,0
2020-10-31 20:01:47,5,53,20.8,73,8.4,997,1001.9,2.4,3.4,10,1005.9,0
2020-10-31 20:06:47,5,53,20.7,72,8.3,996.9,1001.8,2.4,3.1,8,1005.9,0
2020-10-31 20:11:47,5,53,20.7,72,8.4,996.6,1001.5,3.7,4.8,8,1005.9,0
2020-10-31 20:16:47,5,53,20.7,72,8.4,996.6,1001.5,3.1,4.1,12,1005.9,0
2020-10-31 20:21:47,5,53,20.7,72,8.4,996.7,1001.6,2.7,3.7,8,1005.9,0
2020-10-31 20:26:47,5,53,20.7,72,8.5,996.7,1001.6,3.7,5.1,10,1005.9,0
2020-10-31 20:31:47,5,53,20.7,72,8.5,996.8,1001.7,3.1,4.4,10,1005.9,0
2020-10-31 20:36:47,5,54,20.8,72,8.5,996.6,1001.5,3.4,4.8,8,1005.9,0
2020-10-31 20:41:47,5,54,20.8,71,8.6,996.2,1001.1,2.7,4.4,10,1005.9,0
2020-10-31 20:46:47,5,54,20.8,71,8.6,996.1,1001,3.4,4.4,8,1005.9,0
2020-10-31 20:51:47,5,54,20.8,71,8.6,996,1000.9,2.7,3.7,12,1005.9,0
2020-10-31 20:56:47,5,54,20.8,71,8.6,995.9,1000.8,2.7,3.4,,1005.9,0
2020-10-31 21:01:47,5,54,20.8,72,8.5,995.6,1000.5,2.4,3.4,8,1005.9,0
2020-10-31 21:06:47,5,54,20.8,72,8.5,995.2,1000.1,2.7,3.7,14,1005.9,0
2020-10-31 21:11:47,5,54,20.8,72,8.5,995.4,1000.3,3.4,4.4,,1005.9,0
2020-10-31 21:16:47,5,55,20.8,72,8.5,995.2,1000.1,3.4,4.8,,1005.9,0
2020-10-31 21:21:47,5,55,20.8,72,8.5,995,999.9,4.4,6.5,10,1005.9,0
2020-10-31 21:26:47,5,55,20.8,72,8.5,994.9,999.8,3.7,4.8,2,1005.9,0
2020-10-31 21:31:47,5,55,20.8,72,8.5,994.8,999.7,4.4,4.8,8,1005.9,0
2020-10-31 21:36:47,5,55,20.8,72,8.4,994.5,999.4,2.7,6.1,12,1005.9,0
2020-10-31 21:41:47,5,55,20.8,72,8.4,994.5,999.4,2.7,4.4,0,1005.9,0
2020-10-31 21:46:47,5,55,20.8,72,8.5,994.1,999,2.4,4.8,8,1005.9,0
2020-10-31 21:51:47,5,55,20.8,72,8.5,994,998.9,4.4,5.4,,1005.9,0
2020-10-31 21:56:47,5,55,20.8,72,8.6,993.9,998.8,4.4,5.4,10,1005.9,0
2020-10-31 22:01:47,5,55,20.8,72,8.6,993.5,998.4,4.1,5.8,10,1005.9,0
2020-10-31 22:06:47,5,55,20.8,72,8.6,993.2,998.1,4.4,6.5,8,1005.9,0
2020-10-31 22:11:47,5,55,20.9,72,8.7,993,997.9,5.4,7.1,,1005.9,0
2020-10-31 22:16:47,5,56,20.8,72,8.7,992.8,997.7,4.1,5.1,,1006.2,0
2020-10-31 22:21:47,5,56,20.9,73,8.7,992.5,997.4,2.7,5.4,2,1006.2,0
2020-10-31 22:26:47,5,56,20.9,73,8.6,992,996.9,3.1,5.4,4,1006.2,0
2020-10-31 22:31:47,5,56,20.9,73,8.7,992,996.9,3.1,4.8,13,1006.2,0
2020-10-31 22:36:47,5,56,20.9,74,8.7,991.8,996.7,3.1,5.8,,1006.2,0
2020-10-31 22:41:47,5,56,20.9,74,8.8,991.4,996.3,4.4,5.8,4,1006.2,0
2020-10-31 22:46:47,5,56,20.9,75,8.8,991.3,996.2,3.4,5.4,4,1006.2,0
2020-10-31 22:51:47,5,56,20.9,75,8.9,991,995.9,4.4,6.1,4,1006.2,0
2020-10-31 22:56:47,5,56,20.9,76,8.9,990.9,995.8,6.1,8.5,4,1006.2,0
2020-10-31 23:01:47,5,56,20.9,76,9,990.7,995.6,5.4,8.5,10,1006.2,0
2020-10-31 23:06:47,5,56,20.8,76,9.1,990.4,995.3,4.4,5.8,0,1006.2,0
2020-10-31 23:11:47,5,56,20.9,76,9.1,990.1,995,2.7,3.4,4,1006.2,0
2020-10-31 23:16:47,5,56,20.9,76,9.1,989.7,994.6,3.1,4.8,4,1006.2,0
2020-10-31 23:21:47,5,56,20.9,77,9.1,989.2,994.1,3.1,4.8,2,1006.2,0
2020-10-31 23:26:47,5,56,20.9,78,9.1,989.1,994,3.7,6.5,8,1006.2,0
2020-10-31 23:31:47,5,56,20.9,78,9,988.7,993.6,5.8,7.8,,1006.2,0
2020-10-31 23:36:47,5,56,20.9,80,9,988.2,993.1,5.1,7.8,,1006.2,0
2020-10-31 23:41:47,5,56,20.9,80,9,988.1,993,4.8,5.4,,1006.2,0
2020-10-31 23:46:47,5,56,20.9,81,9,987.7,992.6,5.1,8.5,,1006.2,0
2020-10-31 23:51:47,5,56,20.9,82,9,987.5,992.4,5.8,9.5,4,1006.2,0
2020-10-31 23:56:47,5,56,20.9,82,9.1,987.4,992.3,4.8,6.8,2,1006.2,0
