2015-10-14 00:01:52,5,63,19.6,74,6.6,1022.4,1027.3,0.3,0.7,12,122.1,0
2015-10-14 00:06:52,5,63,19.6,74,6.5,1022.3,1027.2,0,0.3,10,122.1,0
2015-10-14 00:11:52,5,63,19.6,74,6.3,1022.3,1027.2,0,0,10,122.1,0
2015-10-14 00:16:52,5,63,19.5,74,6.2,1022.3,1027.2,0,0,10,122.1,0
2015-10-14 00:21:52,5,63,19.5,74,6,1022.1,1027,0.7,1,2,122.1,0
2015-10-14 00:26:52,5,63,19.5,74,5.6,1022.3,1027.2,0,0,2,122.1,0
2015-10-14 00:31:52,5,63,19.5,74,5.5,1022.2,1027.1,0.3,0.7,2,122.1,0
2015-10-14 00:36:52,5,63,19.5,75,4.8,1022.2,1027.1,0.3,0.7,0,122.1,0
2015-10-14 00:41:52,5,63,19.5,75,4.6,1022.1,1027,0.3,0.7,4,122.1,0
2015-10-14 00:46:52,5,63,19.5,75,5,1021.9,1026.8,0.7,1.4,4,122.1,0
2015-10-14 00:51:52,5,63,19.5,75,5.4,1022,1026.9,0.3,0.7,4,122.1,0
2015-10-14 00:56:52,5,63,19.4,75,5.5,1022,1026.9,0,0.3,4,122.1,0
2015-10-14 01:01:52,5,63,19.4,75,5.4,1022,1026.9,0.3,0.7,4,122.1,0
2015-10-14 01:06:52,5,63,19.4,75,5.4,1022.1,1027,0.3,0.7,4,122.1,0
2015-10-14 01:11:52,5,63,19.4,75,5.3,1022,1026.9,0,0.3,4,122.1,0
2015-10-14 01:16:52,5,63,19.4,75,5.2,1022.1,1027,0.7,1,4,122.1,0
2015-10-14 01:21:52,5,63,19.3,75,5.2,1022.2,1027.1,0,0.7,4,122.1,0
2015-10-14 01:26:52,5,63,19.3,75,5.1,1021.9,1026.8,0.3,0.7,4,122.1,0
2015-10-14 01:31:52,5,63,19.3,75,5.1,1022,1026.9,0.3,0.7,4,122.1,0
2015-10-14 01:36:52,5,63,19.3,75,5.2,1021.8,1026.7,0,0,,122.1,0
2015-10-14 01:41:52,5,63,19.3,75,5.1,1021.8,1026.7,0,0,4,122.1,0
2015-10-14 01:46:52,5,63,19.3,75,5,1021.7,1026.6,0,0.3,2,122.1,0
2015-10-14 01:51:52,5,63,19.3,76,4.7,1021.7,1026.6,0,0.7,4,122.1,0
2015-10-14 01:56:52,5,63,19.3,76,4.9,1021.7,1026.6,0,0.7,4,122.1,0
2015-10-14 02:01:52,5,63,19.3,75,5,1021.7,1026.6,0,0,4,122.1,0
2015-10-14 02:06:52,5,63,19.3,76,4.9,1021.8,1026.7,0.3,0.7,4,122.1,0
2015-10-14 02:11:52,5,63,19.2,75,5,1021.6,1026.5,0,0.3,2,122.1,0
2015-10-14 02:16:52,5,62,19.2,77,4.9,1021.6,1026.5,0,0.7,10,122.1,0
2015-10-14 02:21:52,5,62,19.2,76,5.1,1021.7,1026.6,0,0.7,10,122.1,0
2015-10-14 02:26:52,5,62,19.2,76,5.3,1021.6,1026.5,0.3,0.7,10,122.1,0
2015-10-14 02:31:52,5,62,19.2,76,5.4,1021.5,1026.4,0.3,0.7,10,122.1,0
2015-10-14 02:36:52,5,62,19.1,77,5.9,1021.6,1026.5,0,0.3,2,122.1,0
2015-10-14 02:41:52,5,62,19.1,76,5.3,1021.5,1026.4,0,0.3,4,122.1,0
2015-10-14 02:46:52,5,62,19.1,76,5,1021.5,1026.4,0,0,2,122.1,0
2015-10-14 02:51:52,5,62,19.1,77,4.9,1021.6,1026.5,0,0.7,4,122.1,0
2015-10-14 02:56:52,5,62,19.1,76,5,1021.5,1026.4,0,0.3,4,122.1,0
2015-10-14 03:01:52,5,62,19.1,77,5.1,1021.5,1026.4,0.3,0.7,4,122.1,0
2015-10-14 03:06:52,5,62,19.1,77,5.3,1021.5,1026.4,0.3,0.7,4,122.1,0
2015-10-14 03:11:52,5,62,19.1,76,5.2,1021.5,1026.4,0.3,0.7,2,122.1,0
2015-10-14 03:16:52,5,62,19.1,77,4.6,1021.4,1026.3,0.3,0.3,2,122.1,0
2015-10-14 03:21:52,5,62,19.1,77,4.1,1021.4,1026.3,0.3,0.7,2,122.1,0
2015-10-14 03:26:52,5,62,19.1,77,4.2,1021.4,1026.3,0,0.3,4,122.1,0
2015-10-14 03:31:52,5,62,19,77,4.3,1021.4,1026.3,0.7,1.4,3,122.1,0
2015-10-14 03:36:52,5,62,19,77,4.5,1021.4,1026.3,0.7,1.4,4,122.1,0
2015-10-14 03:41:52,5,62,19,77,4.5,1021.4,1026.3,0.7,1,4,122.1,0
2015-10-14 03:46:52,5,63,18.9,77,4.6,1021.3,1026.2,0.3,0.7,4,122.1,0
2015-10-14 03:51:52,5,63,18.9,77,4.5,1021.4,1026.3,0.3,0.7,4,122.1,0
2015-10-14 03:56:52,5,63,18.9,77,4.3,1021.4,1026.3,0.3,0.7,4,122.1,0
2015-10-14 04:01:52,5,63,18.9,77,4.3,1021.3,1026.2,0.3,0.7,2,122.1,0
2015-10-14 04:06:52,5,63,18.9,77,4,1021.3,1026.2,0.3,0.7,2,122.1,0
2015-10-14 04:11:52,5,63,18.9,77,4,1021.3,1026.2,0,0.7,2,122.1,0
2015-10-14 04:16:52,5,62,19,78,4,1021.3,1026.2,0.7,1.4,4,122.1,0
2015-10-14 04:21:52,5,63,18.9,78,4.2,1021.1,1026,0.7,1,4,122.1,0
2015-10-14 04:26:52,5,63,18.9,78,4.3,1021.2,1026.1,1,1.4,4,122.1,0
2015-10-14 04:31:52,5,63,18.9,78,4.5,1021.1,1026,1,1.7,4,122.1,0
2015-10-14 04:36:52,5,63,18.9,78,4.8,1021,1025.9,1,1.7,3,122.1,0
2015-10-14 04:41:52,5,63,18.9,78,4.7,1021.1,1026,1,1.7,4,122.1,0
2015-10-14 04:46:52,5,63,18.9,78,4.9,1021,1025.9,1,1.4,12,122.1,0
2015-10-14 04:51:52,5,63,18.9,78,4.9,1021.1,1026,0.7,1,4,122.1,0
2015-10-14 04:56:52,5,63,18.9,78,4.8,1021.1,1026,0.3,1,4,122.1,0
2015-10-14 05:01:52,5,63,18.8,78,4.6,1020.9,1025.8,0.7,1,4,122.1,0
2015-10-14 05:06:52,5,63,18.8,78,4.6,1020.9,1025.8,0.7,1,4,122.1,0
2015-10-14 05:11:52,5,63,18.8,78,4.6,1020.9,1025.8,0.7,1,4,122.1,0
2015-10-14 05:16:52,5,63,18.7,78,4.6,1020.8,1025.7,0.3,1,4,122.1,0
2015-10-14 05:21:52,5,63,18.7,78,4.7,1020.7,1025.6,0.3,0.7,4,122.1,0
2015-10-14 05:26:52,5,63,18.7,78,4.9,1020.9,1025.8,0.3,0.7,4,122.1,0
2015-10-14 05:31:52,5,63,18.7,78,4.8,1020.9,1025.8,0.3,0.7,4,122.1,0
2015-10-14 05:36:52,5,63,18.7,78,4.6,1020.9,1025.8,0.3,0.7,2,122.1,0
2015-10-14 05:41:52,5,63,18.7,78,4.6,1020.8,1025.7,0.3,0.7,2,122.1,0
2015-10-14 05:46:52,5,63,18.7,78,4.4,1020.9,1025.8,0,0.7,0,122.1,0
2015-10-14 05:51:52,5,63,18.7,77,4.2,1020.9,1025.8,0.3,1,4,122.1,0
2015-10-14 05:56:52,5,63,18.7,77,4.1,1021,1025.9,0,0.7,2,122.1,0
2015-10-14 06:01:52,5,63,18.7,77,4,1020.8,1025.7,0,0.3,4,122.1,0
2015-10-14 06:06:52,5,63,18.7,77,4.2,1020.9,1025.8,0.3,1,4,122.1,0
2015-10-14 06:11:52,5,63,18.6,78,4.3,1020.8,1025.7,0.3,0.7,4,122.1,0
2015-10-14 06:16:52,5,63,18.6,78,4.3,1021,1025.9,0.3,0.7,4,122.1,0
2015-10-14 06:21:52,5,63,18.6,77,4.3,1020.9,1025.8,0.3,0.7,4,122.1,0
2015-10-14 06:26:52,5,63,18.6,78,4.3,1020.9,1025.8,0.3,0.7,4,122.1,0
2015-10-14 06:31:52,5,63,18.6,78,4.4,1020.9,1025.8,0.7,1,4,122.1,0
2015-10-14 06:36:52,5,63,18.6,78,4.3,1020.8,1025.7,0.3,0.7,2,122.1,0
2015-10-14 06:41:52,5,63,18.6,78,4.3,1020.8,1025.7,0,0.3,2,122.1,0
2015-10-14 06:46:52,5,62,18.6,77,4.2,1020.7,1025.6,0,0.3,2,122.1,0
2015-10-14 06:51:52,5,62,18.6,77,4.1,1020.7,1025.6,0.3,0.7,2,122.1,0
2015-10-14 06:56:52,5,62,18.6,78,3.7,1020.7,1025.6,0.3,0.7,2,122.1,0
2015-10-14 07:01:52,5,62,18.6,78,3.6,1020.7,1025.6,0,0.3,2,122.1,0
2015-10-14 07:06:52,5,62,18.6,78,3.5,1020.7,1025.6,0.3,0.7,2,122.1,0
2015-10-14 07:11:52,5,62,18.6,78,3.5,1020.7,1025.6,0.3,0.7,2,122.1,0
2015-10-14 07:16:52,5,62,18.6,78,3.5,1020.9,1025.8,0.3,0.7,2,122.1,0
2015-10-14 07:21:52,5,62,18.6,78,3.6,1020.9,1025.8,0.3,0.7,2,122.1,0
2015-10-14 07:26:52,5,62,18.6,79,3.8,1020.9,1025.8,0.3,0.7,2,122.1,0
2015-10-14 07:31:52,5,62,18.5,78,4.1,1020.9,1025.8,0.3,0.7,2,122.1,0
2015-10-14 07:36:52,5,62,18.6,78,4.1,1021,1025.9,0.7,1,2,122.1,0
2015-10-14 07:41:52,5,62,18.5,79,3.9,1020.9,1025.8,0.7,1,2,122.1,0
2015-10-14 07:46:52,5,62,18.5,79,3.9,1020.8,1025.7,0,0.3,2,122.1,0
2015-10-14 07:51:52,5,62,18.6,78,4.1,1020.9,1025.8,0,0.3,2,122.1,0
2015-10-14 07:56:52,5,62,18.5,77,5,1020.9,1025.8,0.3,0.7,2,122.1,0
2015-10-14 08:01:52,5,62,18.6,77,5.5,1020.7,1025.6,0.3,0.7,2,122.1,0
2015-10-14 08:06:52,5,62,18.6,76,6.1,1020.9,1025.8,0.3,0.7,2,122.1,0
2015-10-14 08:11:52,5,62,18.6,76,6.6,1020.9,1025.8,1,1.4,2,122.1,0
2015-10-14 08:16:52,5,62,18.6,76,6.7,1020.9,1025.8,0.7,1,0,122.1,0
2015-10-14 08:21:52,5,62,18.6,75,6.9,1020.8,1025.7,0.7,1,0,122.1,0
2015-10-14 08:26:52,5,62,18.6,74,7.1,1020.7,1025.6,0.7,1,2,122.1,0
2015-10-14 08:31:52,5,62,18.6,73,7.3,1020.9,1025.8,0.3,0.7,2,122.1,0
2015-10-14 08:36:52,5,62,18.6,75,8.2,1020.6,1025.5,1.4,2.4,4,122.1,0
2015-10-14 08:41:52,5,62,18.6,74,8.8,1020.7,1025.6,1.4,2.4,4,122.1,0
2015-10-14 08:46:52,5,62,18.6,72,9.3,1020.8,1025.7,1,1.7,4,122.1,0
2015-10-14 08:51:52,5,62,18.7,71,9.7,1020.8,1025.7,1.4,2.4,4,122.1,0
2015-10-14 08:56:52,5,62,18.7,70,9.6,1020.8,1025.7,1.4,2,4,122.1,0
2015-10-14 09:01:52,5,63,18.7,70,9.6,1020.9,1025.8,1.4,2.4,4,122.1,0
2015-10-14 09:06:52,5,63,18.8,70,9.7,1020.9,1025.8,1.4,2.4,0,122.1,0
2015-10-14 09:11:52,5,63,18.7,70,9.7,1020.9,1025.8,1.4,2.4,12,122.1,0
2015-10-14 09:16:52,5,63,18.8,69,9.8,1020.9,1025.8,1,1.7,0,122.1,0
2015-10-14 09:21:52,5,63,18.8,68,10,1020.7,1025.6,1.4,1.7,4,122.1,0
2015-10-14 09:26:52,5,63,18.7,68,10.1,1020.8,1025.7,2,3.1,4,122.1,0
2015-10-14 09:31:52,5,63,18.8,67,10,1020.7,1025.6,2.4,3.4,2,122.1,0
2015-10-14 09:36:52,5,63,18.8,68,9.7,1020.6,1025.5,2.4,3.1,4,122.1,0
2015-10-14 09:41:52,5,63,18.8,68,9.8,1020.7,1025.6,2.7,3.7,4,122.1,0
2015-10-14 09:46:52,5,63,18.8,68,9.9,1020.6,1025.5,2.4,2.7,4,122.1,0
2015-10-14 09:51:52,5,63,18.8,67,10.2,1020.7,1025.6,1.7,2.4,4,122.1,0
2015-10-14 09:56:52,5,63,18.9,67,10.5,1020.5,1025.4,1.4,2.4,4,122.1,0
2015-10-14 10:01:52,5,63,18.9,66,10.9,1020.7,1025.6,2,3.7,4,122.1,0
2015-10-14 10:06:52,5,61,19,65,10.9,1020.7,1025.6,2,3.1,4,122.1,0
2015-10-14 10:11:52,5,61,19,65,11,1020.7,1025.6,2,3.4,4,122.1,0
2015-10-14 10:16:52,5,61,19,64,11.1,1020.6,1025.5,1.7,2.7,4,122.1,0
2015-10-14 10:21:52,5,61,19,64,11.1,1020.8,1025.7,1.4,2.4,4,122.1,0
2015-10-14 10:26:52,5,61,19,65,11.2,1020.7,1025.6,1.4,2.4,4,122.1,0
2015-10-14 10:31:52,5,61,19,65,11.4,1020.7,1025.6,1.7,2.4,12,122.1,0
2015-10-14 10:36:52,5,61,19,64,11.4,1020.6,1025.5,1,1.7,4,122.1,0
2015-10-14 10:41:52,5,62,19,64,11.7,1020.5,1025.4,1.7,2.4,4,122.1,0
2015-10-14 10:46:52,5,62,19,64,11.6,1020.4,1025.3,1.7,2.4,4,122.1,0
2015-10-14 10:51:52,5,62,19.1,64,11.5,1020.6,1025.5,1.7,2,4,122.1,0
2015-10-14 10:56:52,5,62,19.1,64,11.6,1020.6,1025.5,2,2.7,4,122.1,0
2015-10-14 11:01:52,5,62,19.1,64,11.7,1020.7,1025.6,1.4,2,4,122.1,0
2015-10-14 11:06:52,5,62,19.1,63,12,1020.6,1025.5,1.4,2.4,4,122.1,0
2015-10-14 11:11:52,5,62,19.1,64,11.9,1020.6,1025.5,2,3.1,4,122.1,0
2015-10-14 11:16:52,5,62,19.2,64,11.6,1020.5,1025.4,1.7,2.7,12,122.1,0
2015-10-14 11:21:52,5,62,19.2,65,11.5,1020.6,1025.5,1.4,2,4,122.1,0
2015-10-14 11:26:52,5,62,19.2,65,11.7,1020.5,1025.4,1.7,2.4,4,122.1,0
2015-10-14 11:31:52,5,62,19.2,64,11.8,1020.4,1025.3,1.7,3.1,12,122.1,0
2015-10-14 11:36:52,5,61,19.2,63,12,1020.4,1025.3,2,2.7,4,122.1,0
2015-10-14 11:41:52,5,61,19.2,63,12.1,1020.4,1025.3,1.7,2.7,4,122.1,0
2015-10-14 11:46:52,5,61,19.2,63,12.1,1020.4,1025.3,2,2.7,4,122.1,0
2015-10-14 11:51:52,5,61,19.2,63,12.2,1020.3,1025.2,1.7,2.4,4,122.1,0
2015-10-14 11:56:52,5,61,19.2,63,12.1,1020.4,1025.3,2,3.1,4,122.1,0
2015-10-14 12:01:52,5,61,19.2,63,12.1,1020.4,1025.3,1.7,2.4,4,122.1,0
2015-10-14 12:06:52,5,61,19.2,63,12.2,1020.4,1025.3,1.7,3.1,4,122.1,0
2015-10-14 12:11:52,5,62,19.3,63,12.4,1020.4,1025.3,2,3.1,4,122.1,0
2015-10-14 12:17:52,6,62,19.3,62,12.4,1020.3,1025.2,1.7,3.1,3,122.1,0
2015-10-14 12:22:52,5,62,19.4,62,12.4,1020.2,1025.1,2,2.7,4,122.1,0
2015-10-14 12:27:52,5,62,19.4,62,12.5,1020.2,1025.1,1.7,2.7,4,122.1,0
2015-10-14 12:32:52,5,63,19.4,62,12.6,1020.2,1025.1,1.4,2.4,4,122.1,0
2015-10-14 12:37:52,5,64,19.5,61,12.7,1020.3,1025.2,1.4,2.4,4,122.1,0
2015-10-14 12:42:52,5,64,19.5,61,12.7,1020.2,1025.1,1,2.7,4,122.1,0
2015-10-14 12:47:52,5,65,19.5,61,12.7,1020.2,1025.1,1.4,2,4,122.1,0
2015-10-14 12:52:52,5,65,19.6,60,12.9,1020.2,1025.1,0.7,1.4,14,122.1,0
2015-10-14 12:57:52,5,65,19.6,58,13.1,1020,1024.9,0.7,1.7,14,122.1,0
2015-10-14 13:02:52,5,65,19.6,58,12.9,1020.1,1025,0.7,1.4,10,122.1,0
2015-10-14 13:07:52,5,65,19.6,58,12.8,1020.1,1025,1,1.7,10,122.1,0
2015-10-14 13:13:52,6,65,19.7,58,12.9,1020,1024.9,0.3,1,8,122.1,0
2015-10-14 13:18:52,5,65,19.7,57,13,1020,1024.9,0.7,1,10,122.1,0
2015-10-14 13:23:52,5,64,19.7,57,13,1020,1024.9,0.3,1,12,122.1,0
2015-10-14 13:29:52,6,64,19.7,57,12.8,1020,1024.9,0.3,1.4,9,122.1,0
2015-10-14 13:34:52,5,64,19.7,58,12.8,1019.9,1024.8,0.7,1.7,10,122.1,0
2015-10-14 13:39:52,5,65,19.7,58,12.7,1019.9,1024.8,0.7,1.4,10,122.1,0
2015-10-14 13:45:52,6,64,19.7,58,12.8,1019.9,1024.8,0.7,1,10,122.1,0
2015-10-14 13:50:52,5,63,19.7,58,13,1019.5,1024.4,0.7,1.4,8,122.1,0
2015-10-14 13:55:52,5,63,19.7,58,13.3,1019.6,1024.5,0.3,0.7,10,122.1,0
2015-10-14 14:01:52,6,62,19.7,57,13.5,1019.6,1024.5,1.4,2,10,122.1,0
2015-10-14 14:06:52,5,62,19.7,56,13.4,1019.5,1024.4,1,1.7,10,122.1,0
2015-10-14 14:11:52,5,62,19.7,57,13.4,1019.5,1024.4,0.7,1.4,8,122.1,0
2015-10-14 14:17:52,6,62,19.7,57,13.5,1019.4,1024.3,0.7,1.7,9,122.1,0
2015-10-14 14:22:52,5,62,19.7,56,13.6,1019.5,1024.4,1.4,2,8,122.1,0
2015-10-14 14:27:52,5,63,19.8,55,13.5,1019.5,1024.4,1.4,2.4,10,122.1,0
2015-10-14 14:33:52,6,62,19.8,55,13.4,1019.2,1024.1,0.3,1,10,122.1,0
2015-10-14 14:38:52,5,61,19.7,56,13.9,1019.2,1024.1,1,1.7,9,122.1,0
2015-10-14 14:43:52,5,59,19.7,54,14.2,1019.2,1024.1,0.7,1.4,4,122.1,0
2015-10-14 14:49:52,6,57,19.7,54,14.4,1019.1,1024,0.7,1.4,10,122.1,0
2015-10-14 14:54:52,5,56,19.7,54,14.1,1019,1023.9,1,1.7,4,122.1,0
2015-10-14 14:59:52,5,55,19.7,55,13.9,1019.1,1024,0.7,1.4,12,122.1,0
2015-10-14 15:05:52,6,55,19.6,55,13.7,1019,1023.9,1,1.7,4,122.1,0
2015-10-14 15:10:52,5,54,19.6,55,13.5,1018.9,1023.8,0.7,1.4,10,122.1,0
2015-10-14 15:15:52,5,54,19.5,55,13.4,1018.8,1023.7,1.4,2.7,4,122.1,0
2015-10-14 15:21:52,6,53,19.5,56,13.2,1019,1023.9,0.7,1,8,122.1,0
2015-10-14 15:26:52,5,53,19.4,57,13.1,1018.9,1023.8,0.3,0.7,8,122.1,0
2015-10-14 15:31:52,5,53,19.4,57,13.1,1019,1023.9,0.3,1,8,122.1,0
2015-10-14 15:37:52,6,53,19.2,57,13,1018.9,1023.8,0,0.7,4,122.1,0
2015-10-14 15:42:52,5,52,19.2,57,13.1,1018.7,1023.6,0,0,2,122.1,0
2015-10-14 15:47:52,5,52,19.1,57,13,1018.8,1023.7,0.7,1,8,122.1,0
2015-10-14 15:53:52,6,52,19,58,12.7,1018.8,1023.7,0.7,1.4,10,122.1,0
2015-10-14 15:58:52,5,52,19,58,12.6,1018.8,1023.7,0,0.7,10,122.1,0
2015-10-14 16:03:52,5,53,18.9,59,12.5,1018.7,1023.6,0.3,0.7,8,122.1,0
2015-10-14 16:09:52,6,53,18.8,60,12.4,1018.8,1023.7,0.3,0.7,10,122.1,0
2015-10-14 16:14:52,5,54,18.8,60,12.3,1018.8,1023.7,0.3,0.7,8,122.1,0
2015-10-14 16:19:52,5,54,18.8,60,12.2,1018.8,1023.7,0.3,0.7,8,122.1,0
2015-10-14 16:25:52,6,55,18.7,61,12,1018.7,1023.6,0.3,0.7,10,122.1,0
2015-10-14 16:30:52,5,55,18.7,61,12,1018.7,1023.6,0.3,0.7,8,122.1,0
2015-10-14 16:35:52,5,55,18.7,62,11.9,1018.7,1023.6,0.3,0.7,4,122.1,0
2015-10-14 16:41:52,6,56,18.7,62,11.9,1018.9,1023.8,0,0.3,12,122.1,0
2015-10-14 16:46:52,5,56,18.7,62,11.8,1018.8,1023.7,0.3,0.7,4,122.1,0
2015-10-14 16:51:52,5,56,18.7,62,11.8,1018.8,1023.7,0,0,2,122.1,0
2015-10-14 16:57:52,6,56,18.7,62,11.7,1018.8,1023.7,0,0.7,14,122.1,0
2015-10-14 17:02:52,5,57,18.7,63,11.6,1018.8,1023.7,0,0.3,4,122.1,0
2015-10-14 17:07:52,5,57,18.7,63,11.6,1018.8,1023.7,0.7,1.4,4,122.1,0
2015-10-14 17:13:52,6,57,18.7,63,11.5,1018.7,1023.6,0.7,1,4,122.1,0
2015-10-14 17:18:52,5,57,18.7,63,11.5,1018.7,1023.6,0.3,1,4,122.1,0
2015-10-14 17:23:52,5,57,18.7,64,11.4,1018.8,1023.7,0.3,0.7,4,122.1,0
2015-10-14 17:29:52,6,58,18.7,64,11.2,1018.8,1023.7,0.7,1,9,122.1,0
2015-10-14 17:34:52,5,58,18.7,64,11.1,1018.7,1023.6,0.7,1.4,4,122.1,0
2015-10-14 17:39:52,5,58,18.7,65,11.1,1018.9,1023.8,0.7,1.4,4,122.1,0
2015-10-14 17:45:52,6,59,18.7,65,11.1,1018.8,1023.7,0.7,1.4,4,122.1,0
2015-10-14 17:50:52,5,59,18.7,65,11.1,1019,1023.9,0.7,1.4,4,122.1,0
2015-10-14 17:55:52,5,60,18.7,65,11.1,1018.8,1023.7,1,1.7,4,122.1,0
2015-10-14 18:01:52,6,60,18.7,65,11.1,1019,1023.9,1,1.7,4,122.1,0
2015-10-14 18:06:52,5,60,18.7,65,11.1,1018.9,1023.8,1,1.7,4,122.1,0
2015-10-14 18:11:52,5,61,18.7,65,11.1,1018.9,1023.8,1,1.7,3,122.1,0
2015-10-14 18:17:52,6,61,18.7,65,11.1,1019,1023.9,1,2,4,122.1,0
2015-10-14 18:22:52,5,61,18.7,65,11,1019,1023.9,1,1.7,4,122.1,0
2015-10-14 18:27:52,5,62,18.7,65,11,1019.1,1024,1.4,2,4,122.1,0
2015-10-14 18:33:52,6,62,18.8,65,11,1019.1,1024,1.4,1.7,4,122.1,0
2015-10-14 18:38:52,5,62,18.8,65,11,1019.2,1024.1,1,1.7,4,122.1,0
2015-10-14 18:43:52,5,62,18.8,66,10.9,1019,1023.9,1.4,2,4,122.1,0
2015-10-14 18:49:52,6,63,18.8,66,10.9,1019.1,1024,1.4,2,4,122.1,0
2015-10-14 18:54:52,5,63,18.9,66,10.9,1019.2,1024.1,1,1.4,4,122.1,0
2015-10-14 18:59:52,5,63,18.9,66,10.9,1019.3,1024.2,1,1.7,10,122.1,0
2015-10-14 19:05:53,6,63,18.9,67,10.8,1019.3,1024.2,0.7,1.4,4,122.1,0
2015-10-14 19:10:53,5,63,18.9,67,10.8,1019.2,1024.1,0.7,1.4,4,122.1,0
2015-10-14 19:15:53,5,63,19,67,10.8,1019.1,1024,0.3,1,4,122.1,0
2015-10-14 19:21:53,6,63,19,67,10.7,1019.2,1024.1,0.7,1.4,4,122.1,0
2015-10-14 19:26:53,5,63,19,67,10.7,1019.3,1024.2,1,1.7,4,122.1,0
2015-10-14 19:31:53,5,63,19.1,67,10.7,1019.2,1024.1,0.7,1,0,122.1,0
2015-10-14 19:37:53,6,63,19.1,67,10.8,1019.3,1024.2,1,1.7,4,122.1,0
2015-10-14 19:42:53,5,63,19.2,67,10.7,1019.3,1024.2,1.4,2.4,4,122.1,0
2015-10-14 19:47:53,5,64,19.2,67,10.8,1019.3,1024.2,1,2,4,122.1,0
2015-10-14 19:53:53,6,64,19.3,67,10.7,1019.4,1024.3,0.3,1,10,122.1,0
2015-10-14 19:58:53,5,64,19.4,67,10.7,1019.3,1024.2,0.3,1,2,122.1,0
2015-10-14 20:03:53,5,64,19.5,67,10.6,1019.1,1024,0.7,1.4,4,122.1,0
2015-10-14 20:09:53,6,64,19.6,67,10.7,1019.2,1024.1,1,1.7,10,122.1,0
2015-10-14 20:14:53,5,64,19.6,67,10.7,1019.1,1024,0.3,0.7,3,122.1,0
2015-10-14 20:19:53,5,64,19.7,67,10.8,1019,1023.9,1,1.4,11,122.1,0
2015-10-14 20:25:53,6,64,19.9,67,10.8,1019.1,1024,0.7,1.7,10,122.1,0
2015-10-14 20:30:53,5,63,20,66,10.8,1019.1,1024,0.7,1.4,10,122.1,0
2015-10-14 20:35:53,5,63,20,66,10.8,1019.1,1024,0.3,1,8,122.1,0
2015-10-14 20:41:53,6,63,20.1,66,10.8,1019.1,1024,0.3,1,0,122.1,0
2015-10-14 20:46:53,5,63,20.2,66,10.7,1019.1,1024,0.3,0.7,4,122.1,0
2015-10-14 20:51:53,5,63,20.3,66,10.7,1018.9,1023.8,0.3,1,10,122.1,0
2015-10-14 20:57:53,6,63,20.4,66,10.7,1019,1023.9,0.7,1.4,9,122.1,0
2015-10-14 21:02:53,5,62,20.5,66,10.7,1019.2,1024.1,0.3,1,8,122.1,0
2015-10-14 21:07:53,5,62,20.5,66,10.7,1018.9,1023.8,0.7,1.4,10,122.1,0
2015-10-14 21:13:53,6,62,20.4,66,10.6,1018.9,1023.8,0,0.7,10,122.1,0
2015-10-14 21:18:53,5,62,20.4,66,10.6,1019,1023.9,0.7,1,12,122.1,0
2015-10-14 21:23:53,5,62,20.4,66,10.6,1019,1023.9,0.7,1,10,122.1,0
2015-10-14 21:29:53,6,63,20.3,66,10.6,1018.9,1023.8,0.3,1,2,122.1,0
2015-10-14 21:34:53,5,63,20.3,66,10.5,1019,1023.9,0.3,1,8,122.1,0
2015-10-14 21:39:53,5,63,20.3,66,10.5,1019.3,1024.2,0.3,1,10,122.1,0
2015-10-14 21:45:53,6,63,20.3,66,10.5,1019.2,1024.1,0.7,1.7,4,122.1,0
2015-10-14 21:50:53,5,63,20.2,66,10.5,1019.1,1024,0.3,1.7,10,122.1,0
2015-10-14 21:55:53,5,63,20.2,66,10.5,1019.1,1024,0.7,1.4,2,122.1,0
2015-10-14 22:01:53,6,63,20.2,66,10.5,1019.1,1024,1,1.4,8,122.1,0
2015-10-14 22:06:53,5,63,20.2,67,10.3,1019.1,1024,1.4,2,4,122.1,0
2015-10-14 22:11:53,5,63,20.2,67,10.1,1019,1023.9,1,1.7,4,122.1,0
2015-10-14 22:17:53,6,63,20.1,67,10,1019,1023.9,1.4,2.4,4,122.1,0
2015-10-14 22:22:53,5,64,20.2,67,10,1019,1023.9,2,3.1,4,122.1,0
2015-10-14 22:27:53,5,64,20.2,67,10.1,1019,1023.9,2,2.7,4,122.1,0
2015-10-14 22:33:53,6,64,20.2,67,10.2,1019.1,1024,1.7,2.4,4,122.1,0
2015-10-14 22:38:53,5,63,20.1,67,10.1,1018.9,1023.8,1.7,2.7,4,122.1,0
2015-10-14 22:43:53,5,63,20.1,67,10.1,1019,1023.9,1.4,2,4,122.1,0
2015-10-14 22:49:53,6,63,20.1,67,10,1018.9,1023.8,1.7,2.4,14,122.1,0
2015-10-14 22:54:53,5,63,20,69,9.8,1018.8,1023.7,2,2.4,12,122.1,0
2015-10-14 22:59:53,5,63,20,69,9.8,1018.9,1023.8,1.7,2.4,14,122.1,0
2015-10-14 23:05:53,6,63,20,69,9.7,1018.8,1023.7,1.4,1.7,4,122.1,0
2015-10-14 23:10:53,5,63,20,69,9.7,1018.9,1023.8,1.4,2,2,122.1,0
2015-10-14 23:15:53,5,64,19.9,69,9.7,1018.9,1023.8,1,1.7,14,122.1,0
2015-10-14 23:20:53,5,64,19.9,69,9.7,1019,1023.9,1,1.7,4,122.1,0
2015-10-14 23:25:53,5,64,19.8,69,9.6,1018.9,1023.8,1,1.7,4,122.1,0
2015-10-14 23:30:53,5,64,19.8,70,9.6,1018.9,1023.8,1.7,2,4,122.1,0
2015-10-14 23:35:53,5,64,19.8,69,9.6,1019.1,1024,1.4,2.4,4,122.1,0
2015-10-14 23:40:53,5,64,19.7,69,9.5,1019,1023.9,1.4,2,4,122.1,0
2015-10-14 23:45:53,5,64,19.7,70,9.5,1018.9,1023.8,1.7,2.4,12,122.1,0
2015-10-14 23:50:53,5,64,19.7,70,9.4,1018.9,1023.8,1.7,2.4,4,122.1,0
2015-10-14 23:55:53,5,64,19.7,70,9.5,1018.9,1023.8,1.4,2,4,122.1,0
