2015-10-12 00:01:53,5,71,20.2,76,9.8,1017.3,1022.2,0.3,0.7,0,122.1,0
2015-10-12 00:06:53,5,71,20.2,76,9.9,1017.4,1022.3,0.7,1,0,122.1,0
2015-10-12 00:11:53,5,71,20.2,75,10,1017.4,1022.3,1.4,1.7,0,122.1,0
2015-10-12 00:16:53,5,71,20.2,75,10.1,1017.3,1022.2,1,1.7,0,122.1,0
2015-10-12 00:21:53,5,71,20.2,76,10.1,1017.3,1022.2,1.4,2,0,122.1,0
2015-10-12 00:26:53,5,71,20.2,76,10.1,1017.3,1022.2,1,1.4,0,122.1,0
2015-10-12 00:31:53,5,71,20.2,76,10.2,1017.4,1022.3,1.4,1.7,14,122.1,0
2015-10-12 00:36:53,5,71,20.2,76,10.2,1017.4,1022.3,1,1.7,14,122.1,0
2015-10-12 00:41:53,5,71,20.2,76,10.2,1017.5,1022.4,1.4,2.4,14,122.1,0
2015-10-12 00:46:53,5,71,20.1,76,10.2,1017.5,1022.4,1,1.4,14,122.1,0
2015-10-12 00:51:53,5,71,20.1,76,10.2,1017.6,1022.5,0.7,1,14,122.1,0
2015-10-12 00:56:53,5,71,20.1,76,10.2,1017.6,1022.5,1,1.7,12,122.1,0
2015-10-12 01:01:53,5,71,20.1,75,10.2,1017.5,1022.4,0.7,1.7,12,122.1,0
2015-10-12 01:06:53,5,71,20.1,75,10.2,1017.5,1022.4,1,1.4,14,122.1,0
2015-10-12 01:11:53,5,71,20.1,75,10.1,1017.6,1022.5,1,1.4,14,122.1,0
2015-10-12 01:16:53,5,71,20.1,75,10.1,1017.5,1022.4,0.7,1,14,122.1,0
2015-10-12 01:21:53,5,71,20.1,75,10.1,1017.7,1022.6,0.7,1.4,14,122.1,0
2015-10-12 01:26:53,5,71,20,75,10,1017.8,1022.7,0.7,1,14,122.1,0
2015-10-12 01:31:53,5,71,20,75,10,1017.7,1022.6,0.3,0.7,14,122.1,0
2015-10-12 01:36:53,5,71,20,75,10,1017.9,1022.8,0.7,1,14,122.1,0
2015-10-12 01:41:53,5,71,20,75,10,1017.9,1022.8,0,0.3,14,122.1,0
2015-10-12 01:46:53,5,71,20,75,10,1018.1,1023,0.3,1,12,122.1,0
2015-10-12 01:51:53,5,70,20,75,10,1018,1022.9,0.7,1,14,122.1,0
2015-10-12 01:56:53,5,70,20,75,10,1018,1022.9,0.7,1,14,122.1,0
2015-10-12 02:01:53,5,70,20,75,10,1018,1022.9,1.4,2,14,122.1,0
2015-10-12 02:06:53,5,70,20,75,10,1018.1,1023,1.4,2,14,122.1,0
2015-10-12 02:11:53,5,70,20,75,10,1018.1,1023,2,2.7,14,122.1,0
2015-10-12 02:16:53,5,71,19.9,75,10,1018.2,1023.1,1.7,2.7,14,122.1,0
2015-10-12 02:21:53,5,70,20,75,10,1018.1,1023,0.7,1.4,14,122.1,0
2015-10-12 02:26:53,5,70,20,74,10,1018.2,1023.1,0.7,1,0,122.1,0
2015-10-12 02:31:53,5,71,19.9,75,9.9,1018.1,1023,0.7,1.4,15,122.1,0
2015-10-12 02:36:53,5,71,19.9,75,9.9,1018.2,1023.1,0.7,1,14,122.1,0
2015-10-12 02:41:53,5,71,19.9,75,9.8,1018.2,1023.1,1,1.4,14,122.1,0
2015-10-12 02:46:53,5,71,19.9,75,9.8,1018.2,1023.1,1,1.7,14,122.1,0
2015-10-12 02:51:53,5,71,19.9,75,9.7,1018.4,1023.3,0.7,1,12,122.1,0
2015-10-12 02:56:53,5,71,19.9,75,9.7,1018.3,1023.2,0.3,0.7,12,122.1,0
2015-10-12 03:01:53,5,71,19.9,75,9.7,1018.4,1023.3,1,1.4,14,122.1,0
2015-10-12 03:06:53,5,71,19.9,75,9.7,1018.3,1023.2,0.7,1,14,122.1,0
2015-10-12 03:11:53,5,71,19.9,75,9.7,1018.4,1023.3,0.7,1.4,14,122.1,0
2015-10-12 03:16:53,5,71,19.9,75,9.7,1018.3,1023.2,0.7,1,14,122.1,0
2015-10-12 03:21:53,5,71,19.9,75,9.6,1018.4,1023.3,0.3,1,0,122.1,0
2015-10-12 03:26:53,5,71,19.9,75,9.6,1018.3,1023.2,1,1.7,0,122.1,0
2015-10-12 03:31:53,5,71,19.9,75,9.5,1018.4,1023.3,0.7,1.4,14,122.1,0
2015-10-12 03:36:53,5,71,19.8,75,9.5,1018.4,1023.3,0.7,1,0,122.1,0
2015-10-12 03:41:53,5,71,19.8,75,9.4,1018.5,1023.4,1,1.7,14,122.1,0
2015-10-12 03:46:53,5,71,19.8,75,9.3,1018.6,1023.5,0.3,0.7,0,122.1,0
2015-10-12 03:51:53,5,71,19.8,75,9.1,1018.6,1023.5,1,1.7,12,122.1,0
2015-10-12 03:56:53,5,71,19.8,75,9,1018.6,1023.5,0.3,0.7,14,122.1,0
2015-10-12 04:01:53,5,71,19.8,76,8.8,1018.7,1023.6,1.4,2.4,14,122.1,0
2015-10-12 04:06:53,5,71,19.8,76,8.7,1018.8,1023.7,1.4,2.4,14,122.1,0
2015-10-12 04:11:53,5,71,19.8,76,8.5,1018.7,1023.6,0.3,0.7,14,122.1,0
2015-10-12 04:16:53,5,71,19.8,76,8.3,1018.7,1023.6,1,1.4,14,122.1,0
2015-10-12 04:21:53,5,71,19.8,76,8.2,1018.7,1023.6,0.7,1.4,14,122.1,0
2015-10-12 04:26:53,5,71,19.8,76,8.1,1018.7,1023.6,0.7,1,14,122.1,0
2015-10-12 04:31:53,5,71,19.8,76,7.9,1018.8,1023.7,1,1.7,14,122.1,0
2015-10-12 04:36:53,5,71,19.8,76,7.6,1018.8,1023.7,1,1.4,14,122.1,0
2015-10-12 04:41:53,5,71,19.7,76,7.5,1018.9,1023.8,0.3,0.7,14,122.1,0
2015-10-12 04:46:53,5,71,19.7,76,7.2,1019,1023.9,0,0.3,14,122.1,0
2015-10-12 04:51:53,5,71,19.7,76,7.1,1019,1023.9,0.3,0.7,14,122.1,0
2015-10-12 04:56:53,5,71,19.7,76,7.1,1019,1023.9,0.7,0.7,14,122.1,0
2015-10-12 05:01:53,5,71,19.7,76,7.1,1019,1023.9,0.3,0.7,14,122.1,0
2015-10-12 05:06:53,5,71,19.7,76,7.2,1019.1,1024,0.3,1,14,122.1,0
2015-10-12 05:11:53,5,71,19.6,76,7.2,1019.2,1024.1,0.3,0.7,12,122.1,0
2015-10-12 05:16:53,5,71,19.6,76,7.1,1019.2,1024.1,0,0.3,12,122.1,0
2015-10-12 05:21:53,5,71,19.6,77,6.6,1019.3,1024.2,0,0.3,12,122.1,0
2015-10-12 05:26:53,5,71,19.7,77,6.4,1019.3,1024.2,0,0,12,122.1,0
2015-10-12 05:31:53,5,71,19.6,77,6.2,1019.4,1024.3,0,0,12,122.1,0
2015-10-12 05:36:53,5,71,19.6,77,6.1,1019.4,1024.3,0,0,4,122.1,0
2015-10-12 05:41:53,5,71,19.6,78,5.9,1019.6,1024.5,0,0,4,122.1,0
2015-10-12 05:46:53,5,71,19.6,78,5.8,1019.5,1024.4,0,0,,122.1,0
2015-10-12 05:51:53,5,71,19.6,78,5.7,1019.6,1024.5,0,0,,122.1,0
2015-10-12 05:56:53,5,71,19.6,78,5.6,1019.4,1024.3,0,0,,122.1,0
2015-10-12 06:01:53,5,71,19.6,78,5.6,1019.5,1024.4,0,0,10,122.1,0
2015-10-12 06:06:53,5,71,19.6,78,5.6,1019.6,1024.5,0,0,2,122.1,0
2015-10-12 06:11:53,5,71,19.6,78,5.5,1019.8,1024.7,0,0,2,122.1,0
2015-10-12 06:16:53,5,71,19.6,78,5.4,1019.8,1024.7,0,0,2,122.1,0
2015-10-12 06:21:53,5,71,19.4,78,5.4,1019.9,1024.8,0,0,2,122.1,0
2015-10-12 06:26:53,5,71,19.5,78,5.4,1019.9,1024.8,0,0,,122.1,0
2015-10-12 06:31:53,5,71,19.5,78,5.3,1020,1024.9,0,0,14,122.1,0
2015-10-12 06:36:53,5,71,19.5,78,5.2,1020.1,1025,0,0,14,122.1,0
2015-10-12 06:41:53,5,71,19.4,78,5.2,1020.1,1025,0,0,14,122.1,0
2015-10-12 06:46:53,5,71,19.5,78,5.2,1020.2,1025.1,0,0,14,122.1,0
2015-10-12 06:51:53,5,71,19.4,78,5.2,1020.4,1025.3,0,0,14,122.1,0
2015-10-12 06:56:53,5,71,19.4,78,5.2,1020.3,1025.2,0,0,14,122.1,0
2015-10-12 07:01:53,5,71,19.4,78,5.2,1020.4,1025.3,0,0,14,122.1,0
2015-10-12 07:06:53,5,71,19.4,78,5.2,1020.5,1025.4,0,0,14,122.1,0
2015-10-12 07:11:53,5,71,19.4,78,5.2,1020.7,1025.6,0,0,4,122.1,0
2015-10-12 07:16:53,5,71,19.4,78,5.2,1020.7,1025.6,0.3,0.7,12,122.1,0
2015-10-12 07:21:53,5,71,19.4,78,5.8,1020.7,1025.6,0.7,1,14,122.1,0
2015-10-12 07:26:53,5,71,19.4,77,6,1020.8,1025.7,0.7,1,14,122.1,0
2015-10-12 07:31:53,5,71,19.4,77,6.1,1021,1025.9,0.7,1,14,122.1,0
2015-10-12 07:36:53,5,71,19.4,78,6.2,1021,1025.9,0.3,1,12,122.1,0
2015-10-12 07:41:53,5,71,19.4,78,6.4,1021.2,1026.1,0.7,1,14,122.1,0
2015-10-12 07:46:53,5,71,19.4,78,6.7,1021.1,1026,0.7,1.4,14,122.1,0
2015-10-12 07:51:53,5,71,19.4,78,6.9,1021,1025.9,0.3,0.7,14,122.1,0
2015-10-12 07:56:53,5,71,19.4,77,7.2,1021.1,1026,0,0.3,14,122.1,0
2015-10-12 08:01:53,5,71,19.4,77,8.2,1021,1025.9,0,0,14,122.1,0
2015-10-12 08:06:53,5,71,19.4,77,9.4,1021,1025.9,0,0,14,122.1,0
2015-10-12 08:11:53,5,71,19.4,76,9.7,1021,1025.9,0,0,14,122.1,0
2015-10-12 08:16:53,5,71,19.4,75,11,1021.1,1026,0,0.3,4,122.1,0
2015-10-12 08:21:53,5,71,19.4,75,11.6,1021.1,1026,0,0.3,2,122.1,0
2015-10-12 08:26:53,5,71,19.4,74,11.4,1021.1,1026,0.3,0.7,14,122.1,0
2015-10-12 08:31:53,5,71,19.4,74,11.3,1021.2,1026.1,0.3,1,0,122.1,0
2015-10-12 08:36:53,5,71,19.4,73,11.8,1021.2,1026.1,0.3,0.7,0,122.1,0
2015-10-12 08:41:53,5,71,19.4,71,12.4,1021.2,1026.1,0,0.3,0,122.1,0
2015-10-12 08:46:53,5,71,19.4,69,12.8,1021.3,1026.2,0,0.7,0,122.1,0
2015-10-12 08:51:53,5,71,19.4,62,12.4,1021.3,1026.2,0.7,1.4,14,122.1,0
2015-10-12 08:56:53,5,71,19.4,63,12.1,1021.3,1026.2,0.3,0.7,0,122.1,0
2015-10-12 09:01:53,5,71,19.4,63,12.7,1021.3,1026.2,0.7,1,14,122.1,0
2015-10-12 09:06:53,5,71,19.4,62,13,1021.2,1026.1,0,0.3,0,122.1,0
2015-10-12 09:11:53,5,71,19.4,60,13.5,1021.4,1026.3,1,2,1,122.1,0
2015-10-12 09:16:53,5,71,19.5,60,13.4,1021.3,1026.2,0,0.7,0,122.1,0
2015-10-12 09:21:53,5,71,19.5,57,13.2,1021.4,1026.3,0.3,0.7,14,122.1,0
2015-10-12 09:26:53,5,71,19.4,59,13.2,1021.3,1026.2,0,0.7,14,122.1,0
2015-10-12 09:31:53,5,71,19.5,58,13.7,1021.3,1026.2,0.7,1.4,14,122.1,0
2015-10-12 09:36:53,5,71,19.5,59,13.9,1021.3,1026.2,0.3,1,14,122.1,0
2015-10-12 09:41:53,5,71,19.4,56,14.4,1021.3,1026.2,0.7,1,0,122.1,0
2015-10-12 09:46:53,5,71,19.5,54,14.4,1021.5,1026.4,1,1.7,14,122.1,0
2015-10-12 09:51:53,5,71,19.5,58,13.8,1021.2,1026.1,0.7,1.4,0,122.1,0
2015-10-12 09:56:53,5,71,19.5,55,14.3,1021.5,1026.4,1.7,2.4,2,122.1,0
2015-10-12 10:01:53,5,71,19.4,56,13.9,1021.6,1026.5,1,1.7,0,122.1,0
2015-10-12 10:06:53,5,71,19.5,55,14,1021.4,1026.3,0.7,1.4,0,122.1,0
2015-10-12 10:11:53,5,71,19.5,55,14,1021.5,1026.4,1,1.7,14,122.1,0
2015-10-12 10:16:53,5,71,19.5,55,14.1,1021.4,1026.3,2,3.1,2,122.1,0
2015-10-12 10:21:53,5,71,19.5,56,13.9,1021.5,1026.4,1.4,3.1,2,122.1,0
2015-10-12 10:26:53,5,71,19.6,56,13.6,1021.6,1026.5,2.4,3.7,0,122.1,0
2015-10-12 10:31:53,5,71,19.6,56,13.3,1021.8,1026.7,1.4,2,0,122.1,0
2015-10-12 10:36:53,5,71,19.6,56,13.4,1021.8,1026.7,1.4,2,14,122.1,0
2015-10-12 10:41:53,5,69,19.6,56,13.9,1021.6,1026.5,2.7,3.7,14,122.1,0
2015-10-12 10:46:53,5,68,19.5,54,13.7,1021.6,1026.5,1.4,2,0,122.1,0
2015-10-12 10:51:53,5,68,19.5,55,13.9,1021.7,1026.6,1.7,2.4,0,122.1,0
2015-10-12 10:56:53,5,68,19.6,52,14.1,1021.8,1026.7,3.1,3.4,0,122.1,0
2015-10-12 11:01:53,5,68,19.6,52,14,1021.7,1026.6,2.7,4.1,0,122.1,0
2015-10-12 11:06:53,5,68,19.6,53,13.5,1021.7,1026.6,3.4,4.1,0,122.1,0
2015-10-12 11:11:53,5,68,19.6,54,13.8,1021.7,1026.6,2.4,3.4,0,122.1,0
2015-10-12 11:16:53,5,68,19.6,55,13.9,1021.7,1026.6,1.4,2.7,0,122.1,0
2015-10-12 11:21:53,5,68,19.7,53,14.4,1021.7,1026.6,2.7,3.7,2,122.1,0
2015-10-12 11:26:53,5,66,19.7,51,13.9,1021.8,1026.7,1.7,2.4,2,122.1,0
2015-10-12 11:31:53,5,64,19.6,52,13.5,1021.8,1026.7,2.7,3.1,0,122.1,0
2015-10-12 11:36:53,5,62,19.6,54,13.6,1021.7,1026.6,3.4,4.8,15,122.1,0
2015-10-12 11:41:53,5,61,19.6,51,13.9,1021.8,1026.7,3.4,4.8,0,122.1,0
2015-10-12 11:46:53,5,60,19.6,53,13.9,1021.8,1026.7,2.4,4.4,1,122.1,0
2015-10-12 11:51:53,5,59,19.5,55,13.3,1021.8,1026.7,2.4,3.1,0,122.1,0
2015-10-12 11:56:53,5,58,19.5,53,13.9,1021.9,1026.8,3.7,4.8,0,122.1,0
2015-10-12 12:01:53,5,57,19.4,50,13.9,1021.8,1026.7,3.4,4.8,0,122.1,0
2015-10-12 12:06:53,5,56,19.4,49,14,1021.8,1026.7,2.4,3.4,2,122.1,0
2015-10-12 12:11:53,5,56,19.3,48,14.3,1021.8,1026.7,1.4,2,0,122.1,0
2015-10-12 12:16:53,5,55,19.3,49,14.6,1021.9,1026.8,1,2,10,122.1,0
2015-10-12 12:21:53,5,55,19.3,46,14.5,1022.1,1027,2.4,3.1,0,122.1,0
2015-10-12 12:26:53,5,54,19.2,50,13.2,1022,1026.9,1.7,3.1,0,122.1,0
2015-10-12 12:31:53,5,53,19.2,53,13.5,1022.1,1027,2,2.7,10,122.1,0
2015-10-12 12:36:53,5,53,19.1,49,13.9,1021.8,1026.7,2.4,3.7,2,122.1,0
2015-10-12 12:41:53,5,53,19.1,49,13.8,1021.8,1026.7,3.1,4.1,2,122.1,0
2015-10-12 12:46:53,5,53,19.1,48,14.2,1021.7,1026.6,2.7,3.7,0,122.1,0
2015-10-12 12:51:53,5,53,19,46,14.7,1021.7,1026.6,3.1,3.7,0,122.1,0
2015-10-12 12:56:53,5,52,19,44,15,1021.7,1026.6,3.1,3.7,0,122.1,0
2015-10-12 13:01:53,5,52,19,45,15.2,1021.8,1026.7,2,3.4,15,122.1,0
2015-10-12 13:06:53,5,52,19,43,15,1021.7,1026.6,3.4,4.8,2,122.1,0
2015-10-12 13:11:53,5,52,19.1,46,13.7,1021.7,1026.6,3.7,5.1,0,122.1,0
2015-10-12 13:16:53,5,51,19,47,14.2,1021.7,1026.6,3.1,4.4,2,122.1,0
2015-10-12 13:21:53,5,51,19,46,14.4,1021.7,1026.6,2.7,4.1,0,122.1,0
2015-10-12 13:26:53,5,51,19,48,13.8,1021.7,1026.6,1,1.7,13,122.1,0
2015-10-12 13:31:53,5,51,19,48,13.8,1021.6,1026.5,3.1,3.7,0,122.1,0
2015-10-12 13:36:53,5,51,19,49,13.4,1021.8,1026.7,2.4,4.8,0,122.1,0
2015-10-12 13:41:53,5,52,18.9,49,14.2,1021.6,1026.5,2,3.1,0,122.1,0
2015-10-12 13:46:53,5,51,19,45,15.2,1021.4,1026.3,1.4,1.7,0,122.1,0
2015-10-12 13:51:53,5,51,19,43,15.6,1021.4,1026.3,3.7,5.4,0,122.1,0
2015-10-12 13:56:53,5,50,19,42,16.1,1021.4,1026.3,3.1,4.1,0,122.1,0
2015-10-12 14:01:53,5,50,19.1,42,16.3,1021.6,1026.5,3.7,5.1,0,122.1,0
2015-10-12 14:06:53,5,50,19.1,46,14.5,1021.6,1026.5,4.1,4.8,0,122.1,0
2015-10-12 14:11:53,5,50,19.1,50,13.4,1021.6,1026.5,1.4,2.7,2,122.1,0
2015-10-12 14:16:53,5,50,19.1,51,12.7,1021.5,1026.4,2.7,3.4,0,122.1,0
2015-10-12 14:21:53,5,51,19.1,49,13.3,1021.4,1026.3,3.1,3.7,2,122.1,0
2015-10-12 14:26:53,5,51,19.1,45,13.8,1021.5,1026.4,3.1,4.4,0,122.1,0
2015-10-12 14:31:53,5,52,19.3,44,13.9,1021.4,1026.3,2,3.4,2,122.1,0
2015-10-12 14:36:53,5,53,19.3,46,13.6,1021.5,1026.4,1.7,3.1,0,122.1,0
2015-10-12 14:41:53,5,52,19.4,47,13.7,1021.4,1026.3,2,2.7,0,122.1,0
2015-10-12 14:46:53,5,51,19.5,47,13.7,1021.4,1026.3,1.4,2,14,122.1,0
2015-10-12 14:51:53,5,51,19.5,48,13.7,1021.4,1026.3,2.7,3.7,0,122.1,0
2015-10-12 14:56:53,5,50,19.5,49,13.7,1021.5,1026.4,1.7,2.4,14,122.1,0
2015-10-12 15:01:53,5,50,19.5,49,14.2,1021.5,1026.4,1,2,0,122.1,0
2015-10-12 15:06:53,5,49,19.6,46,14.9,1021.4,1026.3,1.4,2.4,0,122.1,0
2015-10-12 15:11:53,5,49,19.6,45,14.4,1021.3,1026.2,2.7,4.1,0,122.1,0
2015-10-12 15:16:53,5,48,19.5,47,13.7,1021.3,1026.2,2,2.7,0,122.1,0
2015-10-12 15:21:53,5,47,19.6,47,13.7,1021.4,1026.3,2,3.1,0,122.1,0
2015-10-12 15:26:53,5,47,19.6,46,14.1,1021.4,1026.3,1,1.7,0,122.1,0
2015-10-12 15:31:53,5,47,19.6,45,14.7,1021.4,1026.3,1,1.7,0,122.1,0
2015-10-12 15:36:53,5,46,19.6,45,14.5,1021.4,1026.3,2,2.7,0,122.1,0
2015-10-12 15:41:53,5,46,19.6,46,14.4,1021.3,1026.2,1.7,2.7,2,122.1,0
2015-10-12 15:46:53,5,46,19.6,46,14.9,1021.5,1026.4,2.7,3.4,2,122.1,0
2015-10-12 15:51:53,5,46,19.7,45,14.7,1021.5,1026.4,1.4,2,0,122.1,0
2015-10-12 15:56:53,5,46,19.8,45,15,1021.4,1026.3,1,1.7,0,122.1,0
2015-10-12 16:01:53,5,45,19.7,45,14.3,1021.6,1026.5,1,2,2,122.1,0
2015-10-12 16:06:53,5,45,19.7,48,13.9,1021.6,1026.5,1.4,1.7,0,122.1,0
2015-10-12 16:11:53,5,45,19.7,48,13.5,1021.7,1026.6,1,1.7,0,122.1,0
2015-10-12 16:16:53,5,45,19.7,49,13.2,1021.8,1026.7,2,2.4,0,122.1,0
2015-10-12 16:21:53,5,44,19.6,49,12.7,1021.5,1026.4,1.4,2.4,0,122.1,0
2015-10-12 16:26:53,5,44,19.6,51,12.6,1021.6,1026.5,0.3,1,0,122.1,0
2015-10-12 16:31:53,5,44,19.6,51,12.6,1021.7,1026.6,0.7,1,0,122.1,0
2015-10-12 16:36:53,5,44,19.5,52,12.3,1021.7,1026.6,1,2,0,122.1,0
2015-10-12 16:41:53,5,45,19.5,52,12,1021.7,1026.6,1,1.4,0,122.1,0
2015-10-12 16:46:53,5,46,19.5,54,11.8,1021.9,1026.8,1,1.4,0,122.1,0
2015-10-12 16:51:53,5,47,19.5,55,11.5,1021.9,1026.8,1,1.4,0,122.1,0
2015-10-12 16:56:53,5,48,19.5,55,11.4,1021.9,1026.8,0.7,1,0,122.1,0
2015-10-12 17:01:53,5,49,19.5,56,11.3,1021.9,1026.8,1,1.7,14,122.1,0
2015-10-12 17:06:53,5,50,19.5,57,11.2,1022,1026.9,1,2,14,122.1,0
2015-10-12 17:11:53,5,51,19.5,59,10.9,1022,1026.9,0.7,1.4,14,122.1,0
2015-10-12 17:16:53,5,52,19.5,59,10.7,1022.1,1027,0.3,0.7,15,122.1,0
2015-10-12 17:21:53,5,52,19.5,60,10.4,1022.2,1027.1,0.7,1,14,122.1,0
2015-10-12 17:26:53,5,53,19.6,60,10.1,1022.3,1027.2,0.7,1,14,122.1,0
2015-10-12 17:31:53,5,53,19.5,62,9.9,1022.3,1027.2,0.7,1,14,122.1,0
2015-10-12 17:36:53,5,54,19.5,62,9.8,1022.3,1027.2,0.3,0.7,14,122.1,0
2015-10-12 17:41:53,5,54,19.5,63,9.6,1022.4,1027.3,0.3,0.7,14,122.1,0
2015-10-12 17:46:53,5,54,19.5,63,9.5,1022.3,1027.2,0.7,1,14,122.1,0
2015-10-12 17:51:53,5,54,19.4,63,9.4,1022.3,1027.2,0.7,1,14,122.1,0
2015-10-12 17:56:53,5,54,19.4,63,9.1,1022.6,1027.5,0.7,1,14,122.1,0
2015-10-12 18:01:53,5,54,19.3,64,8.9,1022.5,1027.4,0.3,0.7,14,122.1,0
2015-10-12 18:06:53,5,55,19.4,64,8.7,1022.6,1027.5,0.3,0.7,0,122.1,0
2015-10-12 18:11:53,5,55,19.4,64,8.4,1022.6,1027.5,0.3,0.7,0,122.1,0
2015-10-12 18:16:53,5,55,19.4,65,8.1,1022.4,1027.3,0.7,1,0,122.1,0
2015-10-12 18:21:53,5,56,19.5,65,8.1,1022.6,1027.5,0.7,1,0,122.1,0
2015-10-12 18:26:53,5,56,19.5,64,7.9,1022.6,1027.5,0.3,0.7,0,122.1,0
2015-10-12 18:31:53,5,56,19.5,65,7.8,1022.7,1027.6,0.3,0.7,0,122.1,0
2015-10-12 18:36:53,5,56,19.6,65,7.6,1022.6,1027.5,0.7,1.4,0,122.1,0
2015-10-12 18:41:53,5,56,19.6,66,7.5,1022.6,1027.5,0.7,1,0,122.1,0
2015-10-12 18:46:53,5,57,19.7,66,7.5,1022.7,1027.6,0.7,1,0,122.1,0
2015-10-12 18:51:53,5,57,19.7,66,7.3,1022.8,1027.7,0.7,1.4,0,122.1,0
2015-10-12 18:56:53,5,58,19.8,67,7.1,1022.7,1027.6,0.7,1,0,122.1,0
2015-10-12 19:01:53,5,59,19.9,67,7,1022.7,1027.6,0.7,1,0,122.1,0
2015-10-12 19:06:53,5,60,19.9,68,7,1022.7,1027.6,0.7,1,0,122.1,0
2015-10-12 19:11:53,5,61,19.9,69,6.9,1022.9,1027.8,0.7,1,0,122.1,0
2015-10-12 19:16:53,5,60,20,69,6.8,1022.8,1027.7,0.7,1,0,122.1,0
2015-10-12 19:21:53,5,61,20.1,69,6.7,1022.7,1027.6,0.3,0.7,0,122.1,0
2015-10-12 19:26:53,5,61,20.2,69,6.6,1022.8,1027.7,0,0.3,0,122.1,0
2015-10-12 19:31:53,5,62,20.3,69,6.6,1022.8,1027.7,0,0.7,0,122.1,0
2015-10-12 19:36:53,5,63,20.4,69,6.5,1023,1027.9,0.3,0.7,0,122.1,0
2015-10-12 19:41:53,5,63,20.4,70,6.4,1022.9,1027.8,0,0.3,0,122.1,0
2015-10-12 19:46:53,5,63,20.4,70,6.5,1022.7,1027.6,0,0,0,122.1,0
2015-10-12 19:51:53,5,62,20.4,70,6.4,1022.8,1027.7,0,0.3,0,122.1,0
2015-10-12 19:56:53,5,62,20.4,70,6.3,1023,1027.9,0,0.3,0,122.1,0
2015-10-12 20:01:53,5,61,20.4,70,6.1,1023,1027.9,0,0.3,0,122.1,0
2015-10-12 20:06:53,5,61,20.4,70,6,1023,1027.9,0.3,0.7,0,122.1,0
2015-10-12 20:11:53,5,61,20.4,71,5.8,1022.7,1027.6,0.3,0.7,0,122.1,0
2015-10-12 20:16:53,5,61,20.4,72,5.7,1023,1027.9,0.3,0.7,0,122.1,0
2015-10-12 20:21:53,5,61,20.4,72,5.8,1023.1,1028,0,0.3,0,122.1,0
2015-10-12 20:26:53,5,61,20.4,73,5.8,1023.1,1028,0,0,0,122.1,0
2015-10-12 20:31:53,5,61,20.5,72,5.5,1023,1027.9,0,0.3,8,122.1,0
2015-10-12 20:36:53,5,62,20.5,72,5.2,1023,1027.9,0.3,0.7,10,122.1,0
2015-10-12 20:41:53,5,62,20.6,73,5.1,1022.9,1027.8,0,0.3,10,122.1,0
2015-10-12 20:46:53,5,62,20.7,74,4.9,1023.2,1028.1,0.3,0.7,10,122.1,0
2015-10-12 20:51:53,5,62,20.7,74,4.8,1023.2,1028.1,0,0,10,122.1,0
2015-10-12 20:56:53,5,62,20.8,74,4.6,1023.2,1028.1,0,0.3,10,122.1,0
2015-10-12 21:01:53,5,62,20.8,74,4.6,1023.2,1028.1,0,0,4,122.1,0
2015-10-12 21:06:53,5,62,20.9,74,4.4,1023.2,1028.1,0,0,4,122.1,0
2015-10-12 21:11:53,5,62,20.8,74,4.3,1023.2,1028.1,0,0.3,10,122.1,0
2015-10-12 21:16:53,5,62,20.8,75,4.3,1023.3,1028.2,0,0.3,10,122.1,0
2015-10-12 21:21:53,5,62,20.8,75,4.4,1023.2,1028.1,0,0,10,122.1,0
2015-10-12 21:26:53,5,62,20.8,75,4.4,1023.1,1028,0,0,10,122.1,0
2015-10-12 21:31:53,5,61,20.8,75,4.3,1023.3,1028.2,0,0,10,122.1,0
2015-10-12 21:36:53,5,61,20.7,75,4.3,1023.3,1028.2,0,0,4,122.1,0
2015-10-12 21:41:53,5,61,20.7,75,4.2,1023.4,1028.3,0,0,4,122.1,0
2015-10-12 21:46:53,5,61,20.6,75,4,1023.4,1028.3,0,0,4,122.1,0
2015-10-12 21:51:53,5,61,20.6,76,3.9,1023.4,1028.3,0,0,4,122.1,0
2015-10-12 21:56:53,5,61,20.5,77,3.9,1023.4,1028.3,0,0.3,4,122.1,0
2015-10-12 22:01:53,5,62,20.5,77,3.9,1023.4,1028.3,0,0.3,10,122.1,0
2015-10-12 22:06:53,5,62,20.5,77,3.9,1023.4,1028.3,0.3,0.7,10,122.1,0
2015-10-12 22:11:53,5,62,20.4,76,4,1023.3,1028.2,0.3,0.7,10,122.1,0
2015-10-12 22:16:53,5,62,20.4,76,4.2,1023.3,1028.2,0,0,4,122.1,0
2015-10-12 22:21:53,5,62,20.4,76,4,1023.4,1028.3,0,0,4,122.1,0
2015-10-12 22:26:53,5,62,20.3,77,3.9,1023.5,1028.4,0,0,8,122.1,0
2015-10-12 22:31:53,5,62,20.3,77,3.8,1023.4,1028.3,0.3,0.7,10,122.1,0
2015-10-12 22:36:53,5,62,20.3,77,3.6,1023.5,1028.4,0.3,0.7,10,122.1,0
2015-10-12 22:41:53,5,62,20.3,77,3.5,1023.6,1028.5,0.3,0.7,10,122.1,0
2015-10-12 22:46:53,5,62,20.2,77,3.4,1023.5,1028.4,0,0,4,122.1,0
2015-10-12 22:51:53,5,62,20.2,77,3.3,1023.7,1028.6,0.3,0.7,4,122.1,0
2015-10-12 22:56:53,5,62,20.1,78,3.6,1023.6,1028.5,0.3,0.7,10,122.1,0
2015-10-12 23:01:53,5,62,20.1,78,3.7,1023.6,1028.5,0,0.3,8,122.1,0
2015-10-12 23:06:53,5,62,20.1,78,3.7,1023.5,1028.4,0,0.3,4,122.1,0
2015-10-12 23:11:53,5,62,20.1,78,3.7,1023.5,1028.4,0,0.3,4,122.1,0
2015-10-12 23:16:53,5,62,20,78,3.8,1023.6,1028.5,0,0,4,122.1,0
2015-10-12 23:21:53,5,62,20,78,3.5,1023.6,1028.5,0,0.3,10,122.1,0
2015-10-12 23:26:53,5,62,20,78,3.4,1023.5,1028.4,0.3,0.7,8,122.1,0
2015-10-12 23:31:53,5,62,20,78,3.1,1023.6,1028.5,0,0.3,10,122.1,0
2015-10-12 23:36:53,5,62,20,78,3,1023.5,1028.4,0,0,10,122.1,0
2015-10-12 23:41:53,5,63,19.9,78,3.1,1023.8,1028.7,0,0.3,4,122.1,0
2015-10-12 23:46:53,5,62,20,78,3.1,1023.6,1028.5,0,0,4,122.1,0
2015-10-12 23:51:53,5,63,19.9,74,2.9,1023.6,1028.5,0.3,0.3,8,122.1,0
2015-10-12 23:56:53,5,63,19.9,78,3.1,1023.6,1028.5,0.3,0.7,10,122.1,0
