2015-10-26 00:02:50,5,62,20,64,10.6,1001.6,1006.5,4.8,7.5,4,136.5,0
2015-10-26 00:07:50,5,62,20,64,10.6,1001.3,1006.2,6.5,8.8,4,136.5,0
2015-10-26 00:12:50,5,62,20,65,10.6,1001.2,1006.1,5.1,8.8,4,136.5,0
2015-10-26 00:17:50,5,62,20,65,10.6,1001,1005.9,5.1,7.8,4,136.5,0
2015-10-26 00:22:50,5,62,20,66,10.5,1000.9,1005.8,5.1,6.8,15,136.5,0
2015-10-26 00:27:50,5,61,20,67,10.5,1000.8,1005.7,6.5,9.2,4,136.5,0
2015-10-26 00:32:50,5,61,20,67,10.4,1000.8,1005.7,5.1,8.2,4,136.5,0
2015-10-26 00:37:50,5,61,20,67,10.4,1000.7,1005.6,6.5,9.9,8,136.5,0
2015-10-26 00:42:50,5,62,19.9,67,10.4,1000.6,1005.5,3.7,5.8,4,136.5,0
2015-10-26 00:47:50,5,62,19.9,67,10.4,1000.6,1005.5,5.8,9.2,14,136.5,0
2015-10-26 00:52:50,5,62,19.9,67,10.4,1000.5,1005.4,4.8,6.1,14,136.5,0
2015-10-26 00:57:50,5,61,20,67,10.4,1000.3,1005.2,4.4,7.8,4,136.5,0
2015-10-26 01:02:50,5,62,19.9,67,10.4,1000.2,1005.1,5.4,7.5,8,136.5,0
2015-10-26 01:07:50,5,62,19.9,67,10.4,1000.1,1005,5.4,9.9,4,136.5,0
2015-10-26 01:12:50,5,62,19.9,67,10.5,1000,1004.9,4.4,7.5,4,136.5,0
2015-10-26 01:17:50,5,62,19.9,67,10.5,999.9,1004.8,4.8,7.1,4,136.5,0
2015-10-26 01:22:50,5,62,19.9,67,10.6,999.8,1004.7,4.8,8.5,4,136.5,0
2015-10-26 01:27:50,5,62,19.9,67,10.6,999.7,1004.6,5.1,7.8,3,136.5,0
2015-10-26 01:32:50,5,62,19.9,66,10.6,999.4,1004.3,5.8,10.2,14,136.5,0
2015-10-26 01:37:50,5,62,19.9,66,10.7,999.4,1004.3,7.5,10.9,4,136.5,0
2015-10-26 01:42:50,5,62,19.9,66,10.7,999.3,1004.2,5.1,7.5,2,136.5,0
2015-10-26 01:47:50,5,62,19.9,66,10.7,999.3,1004.2,5.8,9.5,4,136.5,0
2015-10-26 01:52:50,5,62,19.9,66,10.7,999.4,1004.3,5.4,7.5,13,136.5,0
2015-10-26 01:57:50,5,62,19.9,66,10.7,999.5,1004.4,4.1,7.1,0,136.5,0
2015-10-26 02:02:50,5,62,19.9,66,10.7,999.4,1004.3,5.4,7.5,4,136.5,0
2015-10-26 02:07:50,5,62,19.9,66,10.7,999.5,1004.4,3.1,4.8,4,136.5,0
2015-10-26 02:12:50,5,62,19.9,66,10.7,999.3,1004.2,5.1,7.1,4,136.5,0
2015-10-26 02:17:50,5,62,19.9,65,10.7,999.1,1004,4.1,6.5,4,136.5,0
2015-10-26 02:22:50,5,62,19.9,65,10.8,999.3,1004.2,4.8,6.5,4,136.5,0
2015-10-26 02:27:50,5,62,19.9,65,10.8,999.1,1004,4.1,6.5,2,136.5,0
2015-10-26 02:32:50,5,62,19.9,65,10.8,998.9,1003.8,4.4,6.5,4,136.5,0
2015-10-26 02:37:50,5,62,19.9,65,10.8,999,1003.9,4.1,5.8,4,136.5,0
2015-10-26 02:42:50,5,62,19.9,65,10.9,999,1003.9,4.4,6.8,2,136.5,0
2015-10-26 02:47:50,5,62,19.9,65,10.9,999.1,1004,4.8,6.5,4,136.5,0
2015-10-26 02:52:50,5,62,19.9,65,11,999.1,1004,4.1,5.8,4,136.5,0
2015-10-26 02:57:50,5,62,19.9,66,10.9,998.9,1003.8,4.1,6.1,2,136.5,0
2015-10-26 03:02:50,5,62,19.9,65,11,998.8,1003.7,5.8,7.5,4,136.5,0
2015-10-26 03:07:50,5,62,19.9,65,11,998.8,1003.7,4.1,5.1,8,136.5,0
2015-10-26 03:12:50,5,62,19.9,66,11,998.8,1003.7,4.4,6.8,10,136.5,0
2015-10-26 03:17:50,5,62,19.9,66,11,998.8,1003.7,4.8,5.8,14,136.5,0
2015-10-26 03:22:50,5,62,19.9,66,11,998.3,1003.2,3.7,5.1,4,136.5,0
2015-10-26 03:27:50,5,62,19.9,66,11,998.2,1003.1,4.1,5.8,12,136.5,0
2015-10-26 03:32:50,5,62,19.9,66,11,998.3,1003.2,3.7,5.4,4,136.5,0
2015-10-26 03:37:50,5,62,19.9,66,11,997.9,1002.8,5.1,6.5,8,136.5,0
2015-10-26 03:42:50,5,62,19.9,65,11.1,998,1002.9,3.4,4.8,4,136.5,0
2015-10-26 03:47:50,5,62,19.9,65,11,997.9,1002.8,4.1,5.4,4,136.5,0
2015-10-26 03:52:50,5,62,19.9,65,11,997.9,1002.8,2,3.1,8,136.5,0
2015-10-26 03:57:50,5,62,19.9,65,11,997.7,1002.6,3.1,4.1,4,136.5,0
2015-10-26 04:02:50,5,62,19.9,65,11,997.5,1002.4,2,2.7,4,136.5,0
2015-10-26 04:07:50,5,62,19.9,65,11,997.4,1002.3,5.4,6.5,4,136.5,0
2015-10-26 04:12:50,5,62,19.9,65,11.1,997.3,1002.2,4.1,6.1,2,136.5,0
2015-10-26 04:17:50,5,62,19.9,65,11.1,997.5,1002.4,5.8,7.8,4,136.5,0
2015-10-26 04:22:50,5,62,19.9,65,11.2,997.3,1002.2,5.8,7.1,13,136.5,0
2015-10-26 04:27:50,5,62,19.9,65,11.2,997.1,1002,5.1,6.5,4,136.5,0
2015-10-26 04:32:50,5,62,19.9,65,11.2,997,1001.9,5.1,8.8,4,136.5,0
2015-10-26 04:37:50,5,62,19.9,65,11.3,997.1,1002,6.1,10.2,4,136.5,0
2015-10-26 04:42:50,5,62,19.8,65,11.3,996.9,1001.8,3.7,5.8,4,136.5,0
2015-10-26 04:47:50,5,62,19.9,65,11.3,996.8,1001.7,4.1,5.8,4,136.5,0
2015-10-26 04:52:50,5,62,19.9,65,11.2,996.7,1001.6,5.4,7.1,4,136.5,0
2015-10-26 04:57:50,5,62,19.9,65,11.3,996.7,1001.6,4.8,6.1,12,136.5,0
2015-10-26 05:02:50,5,62,19.9,65,11.3,996.7,1001.6,6.1,8.2,4,136.5,0
2015-10-26 05:07:50,5,62,19.9,65,11.3,996.7,1001.6,6.5,9.5,3,136.5,0
2015-10-26 05:12:50,5,62,19.9,66,11.2,996.8,1001.7,6.1,8.5,4,136.5,0
2015-10-26 05:17:50,5,62,19.9,66,11.3,996.5,1001.4,3.7,5.1,4,136.5,0
2015-10-26 05:22:50,5,62,19.9,66,11.3,996.6,1001.5,5.4,6.5,4,136.5,0
2015-10-26 05:27:50,5,62,19.9,66,11.3,996.5,1001.4,4.8,7.1,4,136.5,0
2015-10-26 05:32:50,5,62,19.9,66,11.4,996.5,1001.4,4.8,8.5,4,136.5,0
2015-10-26 05:37:50,5,62,19.9,66,11.4,996.6,1001.5,7.1,9.5,13,136.5,0
2015-10-26 05:42:50,5,62,19.9,66,11.4,996.5,1001.4,4.4,6.5,14,136.5,0
2015-10-26 05:47:50,5,62,19.9,66,11.4,996.6,1001.5,4.8,5.8,4,136.5,0
2015-10-26 05:52:50,5,62,19.9,66,11.4,996.2,1001.1,5.4,7.1,4,136.5,0
2015-10-26 05:57:50,5,62,19.8,66,11.4,996.1,1001,5.1,6.1,4,136.5,0
2015-10-26 06:02:50,5,62,19.8,67,11.3,996.1,1001,6.1,7.8,10,136.5,0
2015-10-26 06:07:50,5,62,19.8,68,11,996.1,1001,3.7,7.8,2,136.5,0
2015-10-26 06:12:50,5,62,19.8,70,10.9,996,1000.9,5.8,7.1,4,136.5,0
2015-10-26 06:17:50,5,62,19.9,71,10.9,995.9,1000.8,4.1,7.1,4,136.5,0
2015-10-26 06:22:50,5,62,19.9,71,10.9,996.1,1001,4.1,5.8,3,136.5,0
2015-10-26 06:27:50,5,62,19.9,72,10.9,996,1000.9,3.4,4.4,4,136.5,0
2015-10-26 06:32:50,5,62,19.9,71,11,995.9,1000.8,3.4,5.1,4,136.5,0
2015-10-26 06:37:50,5,62,19.8,71,11,995.6,1000.5,2.7,3.4,4,136.5,0
2015-10-26 06:42:50,5,62,19.8,70,11.1,995.8,1000.7,3.7,5.4,4,136.5,0
2015-10-26 06:47:50,5,62,19.9,70,11.2,995.7,1000.6,5.1,8.2,4,136.5,0
2015-10-26 06:52:50,5,62,19.8,70,11.2,995.5,1000.4,2.4,3.7,4,136.5,0
2015-10-26 06:57:50,5,62,19.8,71,11.2,995.4,1000.3,2.7,4.8,2,136.5,0
2015-10-26 07:02:50,5,62,19.8,71,11.3,995.3,1000.2,2.4,4.4,12,136.5,0
2015-10-26 07:07:50,5,62,19.8,71,11.3,995.2,1000.1,4.1,6.5,12,136.5,0
2015-10-26 07:12:50,5,62,19.8,72,11.3,995.2,1000.1,2.7,4.1,4,136.5,0
2015-10-26 07:17:50,5,62,19.8,72,11.3,995.2,1000.1,2.7,4.8,4,136.5,0
2015-10-26 07:22:50,5,62,19.8,72,11.3,995.1,1000,3.4,5.1,4,136.5,0
2015-10-26 07:27:50,5,62,19.8,72,11.4,995.1,1000,4.1,5.1,4,136.5,0
2015-10-26 07:32:50,5,62,19.8,72,11.6,995,999.9,3.1,4.4,4,136.5,0
2015-10-26 07:37:50,5,62,19.8,72,11.6,994.8,999.7,4.1,4.8,4,136.5,0
2015-10-26 07:42:50,5,63,19.8,73,11.7,994.9,999.8,3.7,6.1,14,136.5,0
2015-10-26 07:47:50,5,63,19.8,73,11.8,994.8,999.7,4.4,5.8,4,136.5,0
2015-10-26 07:52:50,5,63,19.8,73,11.9,994.7,999.6,4.4,5.8,4,136.5,0
2015-10-26 07:57:50,5,63,19.8,73,11.9,994.7,999.6,4.1,5.1,2,136.5,0
2015-10-26 08:02:50,5,63,19.8,73,11.9,994.7,999.6,3.1,5.1,13,136.5,0
2015-10-26 08:07:50,5,63,19.8,73,11.9,994.5,999.4,4.1,6.5,4,136.5,0
2015-10-26 08:12:50,5,63,19.8,72,12,994.6,999.5,4.4,5.4,0,136.5,0
2015-10-26 08:17:50,5,63,19.9,72,12,994.6,999.5,4.4,5.8,4,136.5,0
2015-10-26 08:22:50,5,63,19.8,72,12.1,994.6,999.5,5.8,7.8,4,136.5,0
2015-10-26 08:27:50,5,63,19.8,72,12.3,994.5,999.4,6.1,7.8,13,136.5,0
2015-10-26 08:32:50,5,63,19.8,72,12.3,994.5,999.4,5.1,6.5,2,136.5,0
2015-10-26 08:37:50,5,63,19.8,72,12.4,994.4,999.3,7.5,10.2,4,136.5,0
2015-10-26 08:42:50,5,63,19.8,72,12.4,994.2,999.1,6.1,7.1,4,136.5,0
2015-10-26 08:47:50,5,63,19.8,72,12.4,994.2,999.1,8.2,10.2,12,136.5,0
2015-10-26 08:52:50,5,63,19.9,72,12.5,994,998.9,7.5,11.2,4,136.8,0
2015-10-26 08:57:50,5,63,19.8,72,12.5,994,998.9,8.5,11.9,4,136.8,0
2015-10-26 09:02:50,5,63,19.9,72,12.5,994.1,999,7.8,10.5,4,136.8,0
2015-10-26 09:07:50,5,63,19.8,72,12.5,994.1,999,7.1,9.2,4,136.8,0
2015-10-26 09:12:50,5,63,19.9,72,12.5,994,998.9,6.8,9.5,0,136.8,0
2015-10-26 09:17:50,5,63,19.8,72,12.5,994.1,999,7.1,9.5,2,136.8,0
2015-10-26 09:22:50,5,63,19.8,73,12.5,994.2,999.1,6.1,7.5,4,136.8,0
2015-10-26 09:27:50,5,63,19.8,73,12.5,994.2,999.1,8.2,10.9,15,137.1,0
2015-10-26 09:32:50,5,62,19.9,73,12.5,994.2,999.1,7.8,10.9,4,137.1,0
2015-10-26 09:37:50,5,62,19.9,73,12.5,994.3,999.2,5.8,9.2,4,137.1,0
2015-10-26 09:42:50,5,62,19.9,73,12.5,994.1,999,7.1,9.2,11,137.1,0
2015-10-26 09:47:50,5,62,19.9,73,12.5,994.3,999.2,7.1,9.9,12,137.1,0
2015-10-26 09:52:50,5,62,19.9,73,12.5,994.3,999.2,6.5,8.8,8,137.1,0
2015-10-26 09:57:50,5,62,19.9,73,12.5,994.6,999.5,5.8,8.8,4,137.1,0
2015-10-26 10:02:50,5,62,19.8,73,12.5,994.4,999.3,6.1,7.8,4,137.1,0
2015-10-26 10:07:50,5,62,19.9,73,12.6,994.4,999.3,6.5,8.5,4,137.1,0
2015-10-26 10:12:50,5,62,19.9,73,12.6,994.5,999.4,6.5,7.8,15,137.1,0
2015-10-26 10:17:50,5,62,19.8,73,12.6,994.3,999.2,7.1,10.2,4,137.1,0
2015-10-26 10:22:50,5,62,19.8,73,12.7,994.2,999.1,6.1,8.8,4,137.1,0
2015-10-26 10:27:50,5,62,19.8,73,12.7,994.2,999.1,5.4,8.5,2,137.1,0
2015-10-26 10:32:50,5,62,19.9,73,12.6,994.1,999,6.5,9.5,4,137.4,0
2015-10-26 10:37:50,5,62,19.8,74,12.6,994.1,999,7.1,9.5,2,137.4,0
2015-10-26 10:42:50,5,62,19.8,74,12.6,993.9,998.8,6.8,9.2,4,137.7,0
2015-10-26 10:47:50,5,62,19.8,74,12.6,993.8,998.7,7.5,9.2,4,137.7,0
2015-10-26 10:52:50,5,62,19.8,74,12.6,993.9,998.8,8.2,11.6,12,137.7,0
2015-10-26 10:57:50,5,62,19.8,74,12.7,993.8,998.7,8.5,9.5,4,137.7,0
2015-10-26 11:02:50,5,62,19.9,73,12.8,993.8,998.7,7.1,8.5,15,137.7,0
2015-10-26 11:07:50,5,62,19.9,73,12.8,993.8,998.7,6.8,9.2,13,137.7,0
2015-10-26 11:12:50,5,62,19.9,73,12.8,994,998.9,6.8,8.8,13,137.7,0
2015-10-26 11:17:50,5,62,19.9,73,12.8,993.9,998.8,6.1,7.8,4,137.7,0
2015-10-26 11:22:50,5,63,19.9,74,12.8,993.8,998.7,7.8,9.9,4,137.7,0
2015-10-26 11:27:50,5,64,19.9,74,12.9,993.9,998.8,7.5,8.8,4,137.7,0
2015-10-26 11:32:50,5,64,19.9,73,12.9,993.9,998.8,7.1,8.8,0,137.7,0
2015-10-26 11:37:50,5,64,19.9,74,13,994,998.9,6.1,9.2,0,137.7,0
2015-10-26 11:42:50,5,64,19.9,74,13,993.9,998.8,6.5,7.8,4,137.7,0
2015-10-26 11:47:50,5,64,19.9,74,13,993.9,998.8,4.8,7.8,4,137.7,0
2015-10-26 11:52:50,5,64,19.9,74,13.1,994,998.9,7.1,8.8,4,137.7,0
2015-10-26 11:57:50,5,63,20,74,13.1,993.9,998.8,5.8,8.5,4,137.7,0
2015-10-26 12:02:50,5,63,20.1,74,13.1,993.7,998.6,6.5,9.2,4,137.7,0
2015-10-26 12:07:50,5,64,20.3,74,13.1,993.8,998.7,5.8,7.8,0,137.7,0
2015-10-26 12:12:50,5,64,20.3,74,13.1,993.5,998.4,7.1,9.5,14,137.7,0
2015-10-26 12:17:50,5,64,20.4,74,13.1,993.6,998.5,6.8,10.9,13,137.7,0
2015-10-26 12:22:50,5,64,20.5,74,13.1,993.5,998.4,6.5,9.2,4,138,0
2015-10-26 12:27:50,5,64,20.5,74,13.1,993.4,998.3,6.8,8.5,13,138.3,0
2015-10-26 12:32:50,5,64,20.5,74,13.1,993.5,998.4,6.1,7.5,4,138.6,0
2015-10-26 12:37:50,5,63,20.6,74,13.1,993.8,998.7,6.8,10.5,4,138.9,0
2015-10-26 12:42:50,5,63,20.7,74,13.1,993.7,998.6,6.8,8.5,4,139.5,0
2015-10-26 12:47:50,5,63,20.7,74,13.1,993.5,998.4,5.4,7.8,2,139.8,0
2015-10-26 12:52:50,5,63,20.8,75,13.1,993.4,998.3,5.8,8.5,4,140.1,0
2015-10-26 12:57:50,5,63,20.8,75,13.2,993.4,998.3,6.1,8.5,4,140.1,0
2015-10-26 13:02:50,5,63,20.9,75,13.2,993.5,998.4,4.8,7.1,4,140.1,0
2015-10-26 13:07:50,5,63,20.9,75,13.2,993.1,998,6.1,7.8,4,140.1,0
2015-10-26 13:12:50,5,62,21,75,13.2,993.1,998,5.4,6.8,13,140.4,0
2015-10-26 13:17:50,5,61,21,75,13.2,992.9,997.8,7.5,10.2,4,140.4,0
2015-10-26 13:22:50,5,61,21.1,75,13.2,993.1,998,5.8,8.2,4,140.4,0
2015-10-26 13:27:50,5,61,21,75,13.2,993.1,998,7.1,8.8,2,140.7,0
2015-10-26 13:32:50,5,61,21.1,75,13.2,993.1,998,6.1,7.8,4,140.7,0
2015-10-26 13:37:50,5,61,21.1,74,13.2,993.1,998,7.1,9.2,12,140.7,0
2015-10-26 13:42:50,5,61,21.1,74,13.2,993.1,998,5.8,9.9,4,140.7,0
2015-10-26 13:47:50,5,61,21.1,74,13.3,993.1,998,5.4,7.5,4,140.7,0
2015-10-26 13:52:50,5,61,21.2,74,13.3,992.9,997.8,4.8,6.5,4,140.7,0
2015-10-26 13:57:50,5,61,21.2,74,13.3,993,997.9,5.8,7.8,4,140.7,0
2015-10-26 14:02:50,5,61,21.2,74,13.4,993,997.9,5.8,7.5,0,140.7,0
2015-10-26 14:07:50,5,61,21.3,74,13.4,992.9,997.8,7.1,9.5,4,140.7,0
2015-10-26 14:12:50,5,61,21.3,74,13.4,992.9,997.8,5.4,6.8,4,140.7,0
2015-10-26 14:17:50,5,61,21.3,74,13.4,992.9,997.8,6.5,9.2,4,140.7,0
2015-10-26 14:22:50,5,60,21.3,74,13.3,992.6,997.5,6.1,8.2,4,140.7,0
2015-10-26 14:27:50,5,60,21.3,74,13.2,992.7,997.6,7.1,10.2,4,141,0
2015-10-26 14:32:50,5,60,21.3,74,13.2,992.6,997.5,5.4,9.9,4,141,0
2015-10-26 14:37:50,5,60,21.3,74,13.2,992.4,997.3,5.4,7.1,1,141,0
2015-10-26 14:42:50,5,60,21.3,74,13.3,992.5,997.4,6.8,9.5,4,141,0
2015-10-26 14:47:50,5,60,21.3,74,13.4,992.6,997.5,5.1,7.5,4,141,0
2015-10-26 14:52:50,5,60,21.3,74,13.4,992.6,997.5,6.1,7.1,15,141,0
2015-10-26 14:57:50,5,60,21.3,74,13.3,992.6,997.5,6.8,8.8,10,141,0
2015-10-26 15:02:50,5,60,21.3,74,13.3,992.4,997.3,5.1,7.5,4,141,0
2015-10-26 15:07:50,5,60,21.3,74,13.3,992.6,997.5,5.8,8.2,4,141,0
2015-10-26 15:12:50,5,60,21.3,74,13.3,992.7,997.6,5.4,7.1,8,141,0
2015-10-26 15:17:50,5,60,21.3,74,13.3,992.7,997.6,5.1,7.1,4,141,0
2015-10-26 15:22:50,5,60,21.3,74,13.4,992.6,997.5,4.4,6.8,4,141,0
2015-10-26 15:27:50,5,60,21.3,74,13.4,992.7,997.6,6.1,7.5,4,141,0
2015-10-26 15:32:50,5,60,21.3,74,13.5,992.9,997.8,5.4,7.5,15,141,0
2015-10-26 15:37:50,5,60,21.3,74,13.5,992.8,997.7,4.8,6.5,4,141,0
2015-10-26 15:42:50,5,60,21.3,74,13.6,992.8,997.7,5.4,7.1,4,141,0
2015-10-26 15:47:50,5,60,21.3,74,13.7,992.8,997.7,4.8,5.4,4,141,0
2015-10-26 15:52:50,5,60,21.3,74,13.7,992.7,997.6,5.1,6.8,4,141,0
2015-10-26 15:57:50,5,60,21.3,74,13.8,992.8,997.7,5.8,8.5,4,141,0
2015-10-26 16:02:50,5,60,21.3,74,13.8,992.8,997.7,6.1,8.2,4,141,0
2015-10-26 16:07:50,5,60,21.3,73,13.8,992.7,997.6,3.7,6.5,12,141,0
2015-10-26 16:12:50,5,60,21.3,73,13.8,992.8,997.7,3.7,5.4,14,141,0
2015-10-26 16:17:50,5,60,21.3,73,13.8,992.7,997.6,4.4,5.4,13,141,0
2015-10-26 16:22:50,5,60,21.3,72,13.9,992.8,997.7,5.1,6.8,8,141,0
2015-10-26 16:27:50,5,60,21.3,71,14,992.7,997.6,3.7,5.4,13,141,0
2015-10-26 16:32:50,5,60,21.3,71,14.1,992.4,997.3,4.1,5.4,4,141,0
2015-10-26 16:37:50,5,60,21.2,70,14.1,992.7,997.6,5.8,7.5,4,141,0
2015-10-26 16:42:50,5,60,21.2,69,14,992.7,997.6,5.1,7.5,4,141,0
2015-10-26 16:47:50,5,60,21.2,70,13.9,992.9,997.8,3.7,4.8,4,141,0
2015-10-26 16:52:50,5,60,21.2,70,13.8,992.9,997.8,4.4,5.4,4,141,0
2015-10-26 16:57:50,5,60,21.2,70,13.8,992.9,997.8,4.8,6.1,12,141,0
2015-10-26 17:02:50,5,60,21.1,70,13.8,992.9,997.8,4.8,6.8,14,141,0
2015-10-26 17:07:50,5,60,21.1,70,13.7,993,997.9,5.1,6.8,4,141,0
2015-10-26 17:12:50,5,60,21.1,70,13.7,992.8,997.7,6.5,8.5,4,141,0
2015-10-26 17:17:50,5,60,21.1,70,13.7,992.9,997.8,4.4,6.1,4,141,0
2015-10-26 17:22:50,5,60,21.1,70,13.6,993.1,998,4.4,5.4,4,141,0
2015-10-26 17:27:50,5,60,21.1,70,13.6,993.1,998,4.4,5.8,12,141,0
2015-10-26 17:32:50,5,60,21,70,13.6,993.2,998.1,3.7,4.8,4,141,0
2015-10-26 17:37:50,5,60,21,70,13.6,993.3,998.2,5.1,7.8,4,141,0
2015-10-26 17:42:50,5,60,21,70,13.7,993.2,998.1,5.4,7.8,4,141,0
2015-10-26 17:47:50,5,60,21,70,13.7,993.3,998.2,2.7,4.8,4,141,0
2015-10-26 17:52:50,5,60,21,70,13.6,993.4,998.3,4.1,5.8,4,141,0
2015-10-26 17:57:50,5,61,20.9,70,13.6,993.4,998.3,3.7,5.1,4,141,0
2015-10-26 18:02:50,5,61,20.9,70,13.7,993.4,998.3,4.1,5.1,4,141,0
2015-10-26 18:07:50,5,61,20.9,70,13.6,993.6,998.5,2.7,4.1,14,141,0
2015-10-26 18:12:50,5,61,20.9,70,13.5,993.6,998.5,3.1,4.1,4,141,0
2015-10-26 18:17:50,5,61,20.9,71,13.4,993.6,998.5,3.7,5.4,4,141,0
2015-10-26 18:22:50,5,61,20.9,71,13.4,993.8,998.7,2.7,4.1,0,141,0
2015-10-26 18:27:50,5,61,20.9,71,13.3,993.7,998.6,3.4,4.8,4,141,0
2015-10-26 18:32:50,5,61,20.9,71,13.3,993.9,998.8,2.4,3.4,4,141.3,0
2015-10-26 18:37:50,5,61,20.8,72,13.3,994,998.9,4.1,5.4,3,141.3,0
2015-10-26 18:42:50,5,61,20.8,72,13.3,994.1,999,4.8,6.8,4,141.3,0
2015-10-26 18:47:50,5,61,20.8,72,13.3,994.1,999,3.1,4.8,14,141.3,0
2015-10-26 18:52:50,5,61,20.8,72,13.2,994.2,999.1,1.7,3.1,4,141.3,0
2015-10-26 18:57:50,5,61,20.8,72,13.1,994.4,999.3,2,2.7,10,141.3,0
2015-10-26 19:02:50,5,61,20.8,72,12.9,994.3,999.2,1,2.4,0,141.3,0
2015-10-26 19:07:50,5,61,20.8,72,12.9,994.6,999.5,1.7,3.4,10,141.3,0
2015-10-26 19:12:50,5,61,20.8,72,12.9,994.4,999.3,1.4,2.4,8,141.3,0
2015-10-26 19:17:50,5,61,20.8,72,12.8,994.6,999.5,1,1.7,4,141.3,0
2015-10-26 19:22:50,5,61,20.8,72,12.7,994.7,999.6,1,1.7,8,141.3,0
2015-10-26 19:27:50,5,61,20.8,72,12.6,994.9,999.8,1,1.7,8,141.3,0
2015-10-26 19:32:50,5,61,20.8,72,12.5,994.9,999.8,2,3.1,8,141.3,0
2015-10-26 19:37:50,5,61,20.8,71,12.4,994.9,999.8,1.4,2,8,141.3,0
2015-10-26 19:42:50,5,61,20.8,71,12.3,995.1,1000,1.4,2.4,12,141.3,0
2015-10-26 19:47:50,5,61,20.7,71,12.3,995.1,1000,1,2,8,141.3,0
2015-10-26 19:52:50,5,61,20.8,71,12.2,995.2,1000.1,1.7,3.7,8,141.3,0
2015-10-26 19:57:50,5,61,20.8,71,12.1,995.2,1000.1,1,2,3,141.3,0
2015-10-26 20:02:50,5,61,20.8,71,12.1,995.3,1000.2,1,2.4,4,141.3,0
2015-10-26 20:07:50,5,61,20.9,71,12,995.3,1000.2,0.7,2.4,12,141.3,0
2015-10-26 20:12:50,5,61,20.9,71,12,995.1,1000,0.7,2,4,141.3,0
2015-10-26 20:17:50,5,61,20.9,72,11.9,995.5,1000.4,0.7,1.4,9,141.3,0
2015-10-26 20:22:50,5,61,20.9,72,11.8,995.4,1000.3,1,1.4,10,141.3,0
2015-10-26 20:27:50,5,60,21,72,11.7,995.4,1000.3,1,1.7,12,141.3,0
2015-10-26 20:32:50,5,60,21,72,11.6,995.4,1000.3,1,2,4,141.3,0
2015-10-26 20:37:50,5,61,20.9,72,11.5,995.6,1000.5,0.3,1,8,141.3,0
2015-10-26 20:42:50,5,61,20.9,72,11.5,995.5,1000.4,1.4,1.7,14,141.3,0
2015-10-26 20:47:50,5,61,20.9,72,11.4,995.6,1000.5,0.7,1.4,4,141.3,0
2015-10-26 20:52:50,5,61,20.9,72,11.3,995.7,1000.6,1.4,2,,141.3,0
2015-10-26 20:57:50,5,61,20.8,72,11.3,996,1000.9,1.4,2,4,141.3,0
2015-10-26 21:02:50,5,61,20.8,72,11.2,996,1000.9,1.4,2,4,141.3,0
2015-10-26 21:07:50,5,61,20.8,72,11.2,996.2,1001.1,0.3,0.7,4,141.3,0
2015-10-26 21:12:50,5,61,20.8,72,11.1,996.1,1001,1,1.4,4,141.3,0
2015-10-26 21:17:50,5,61,20.8,72,11.1,996.2,1001.1,1.4,2.4,12,141.3,0
2015-10-26 21:22:50,5,61,20.7,72,11.4,996.1,1001,2.7,4.4,4,141.3,0
2015-10-26 21:27:50,5,61,20.7,72,11.6,996,1000.9,2.4,4.4,0,141.3,0
2015-10-26 21:32:50,5,61,20.7,72,11.7,996.1,1001,1.4,2.4,4,141.3,0
2015-10-26 21:37:50,5,62,20.7,72,11.7,996.2,1001.1,2.7,4.1,8,141.3,0
2015-10-26 21:42:50,5,62,20.7,71,11.8,996.2,1001.1,2,3.1,2,141.3,0
2015-10-26 21:47:50,5,62,20.6,71,11.8,996.1,1001,3.1,5.1,4,141.3,0
2015-10-26 21:52:50,5,62,20.6,71,11.8,996.4,1001.3,3.7,5.1,4,141.3,0
2015-10-26 21:57:50,5,62,20.6,71,11.8,996.4,1001.3,4.4,5.1,4,141.3,0
2015-10-26 22:02:50,5,62,20.6,71,11.7,996.3,1001.2,3.4,4.8,14,141.3,0
2015-10-26 22:07:50,5,62,20.6,71,11.7,996.6,1001.5,2.7,4.4,2,141.3,0
2015-10-26 22:12:50,5,62,20.6,72,11.5,996.5,1001.4,3.4,5.4,4,141.3,0
2015-10-26 22:17:50,5,62,20.6,72,11.5,996.6,1001.5,2.4,3.4,14,141.3,0
2015-10-26 22:22:50,5,62,20.6,72,11.4,996.7,1001.6,2,3.1,4,141.3,0
2015-10-26 22:27:50,5,63,20.6,72,11.4,996.7,1001.6,1,1.7,2,141.3,0
2015-10-26 22:32:50,5,63,20.6,72,11.3,996.8,1001.7,1.7,2.4,2,141.3,0
2015-10-26 22:37:50,5,63,20.6,72,11.2,996.8,1001.7,1.4,2,14,141.3,0
2015-10-26 22:42:50,5,63,20.6,72,11.1,996.7,1001.6,0.7,1.4,4,141.3,0
2015-10-26 22:47:50,5,63,20.6,72,11.1,996.7,1001.6,1.7,2.7,2,141.3,0
2015-10-26 22:52:50,5,63,20.6,72,11,996.9,1001.8,1,1.7,4,141.3,0
2015-10-26 22:57:50,5,63,20.6,73,11,996.6,1001.5,1,1.4,1,141.3,0
2015-10-26 23:02:50,5,63,20.5,74,10.9,996.5,1001.4,0.7,1.4,2,141.3,0
2015-10-26 23:07:50,5,63,20.6,74,10.9,996.5,1001.4,1.4,2,2,141.3,0
2015-10-26 23:12:50,5,64,20.6,74,10.8,996.5,1001.4,0.7,1,4,141.3,0
2015-10-26 23:17:50,5,64,20.6,74,10.8,996.7,1001.6,1.7,2.4,4,141.3,0
2015-10-26 23:22:50,5,64,20.6,74,10.8,996.9,1001.8,1.4,2.7,4,141.3,0
2015-10-26 23:27:50,5,64,20.6,74,10.8,996.8,1001.7,2,3.1,2,141.3,0
2015-10-26 23:32:50,5,64,20.6,74,10.9,996.8,1001.7,2.4,3.4,4,141.3,0
2015-10-26 23:37:50,5,64,20.6,73,11,996.8,1001.7,2,3.4,8,141.3,0
2015-10-26 23:42:50,5,64,20.6,73,11.1,996.8,1001.7,1.7,2.7,4,141.3,0
2015-10-26 23:47:50,5,64,20.6,73,11.1,996.6,1001.5,1,1.7,14,141.3,0
2015-10-26 23:52:50,5,64,20.6,73,11.1,996.8,1001.7,1.7,2.7,4,141.3,0
2015-10-26 23:57:50,5,64,20.6,73,11.1,996.9,1001.8,2,2.7,4,141.3,0
