2023-07-07 00:03:37,5,60,21.4,99,15.9,1001.1,1006,0,0,10,102.6,0
2023-07-07 00:08:37,5,60,21.2,99,15.9,1001,1005.9,0,0,8,102.6,0
2023-07-07 00:13:37,5,60,21.2,99,15.9,1001.2,1006.1,0,0,10,102.6,0
2023-07-07 00:18:37,5,60,21.1,99,15.9,1001.2,1006.1,0,0,10,102.6,0
2023-07-07 00:23:37,5,60,21.1,99,15.9,1001.4,1006.3,0,0,8,102.6,0
2023-07-07 00:28:37,5,60,21.1,99,15.8,1001.4,1006.3,0,0,10,102.6,0
2023-07-07 00:33:37,5,60,21.1,99,15.9,1001.4,1006.3,0,0,8,102.6,0
2023-07-07 00:38:37,5,60,21.2,99,15.9,1001.3,1006.2,0,0,10,102.6,0
2023-07-07 00:43:37,5,60,21.2,99,15.8,1001.5,1006.4,0,0,8,102.6,0
2023-07-07 00:48:37,5,60,21.2,99,15.9,1001.4,1006.3,0,0,8,102.6,0
2023-07-07 00:53:37,5,60,21.2,99,15.9,1001.4,1006.3,0,0,10,102.6,0
2023-07-07 00:58:37,5,60,21.1,99,15.9,1001.5,1006.4,0,0,10,102.6,0
2023-07-07 01:03:37,5,60,21.1,99,15.9,1001.4,1006.3,0,0,11,102.6,0
2023-07-07 01:08:37,5,60,21.1,99,15.9,1001.5,1006.4,0,0,8,102.6,0
2023-07-07 01:13:37,5,60,21.1,99,16,1001.5,1006.4,0,0,10,102.6,0
2023-07-07 01:18:37,5,60,21.2,99,16,1001.4,1006.3,0,0,7,102.6,0
2023-07-07 01:23:37,5,60,21.2,99,16.1,1001.5,1006.4,0,0,10,102.6,0
2023-07-07 01:28:37,5,60,21.2,99,16.1,1001.5,1006.4,0,0,,102.6,0
2023-07-07 01:33:37,5,60,21.1,99,16.2,1001.5,1006.4,0,0,13,102.6,0
2023-07-07 01:38:37,5,60,21.2,99,16.2,1001.4,1006.3,0,0,10,102.6,0
2023-07-07 01:43:37,5,60,21.1,99,16.3,1001.4,1006.3,0,0,,102.6,0
2023-07-07 01:48:37,5,60,21.1,99,16.3,1001.4,1006.3,0,0,12,102.6,0
2023-07-07 01:53:37,5,60,21.1,99,16.3,1001.5,1006.4,0,0,13,102.6,0
2023-07-07 01:58:37,5,60,21.2,99,16.4,1001.3,1006.2,0,0,14,102.6,0
2023-07-07 02:03:37,5,60,21.2,99,16.4,1001.4,1006.3,0,0,14,102.6,0
2023-07-07 02:08:37,5,60,21.1,99,16.4,1001.3,1006.2,0,0,10,102.6,0
2023-07-07 02:13:37,5,60,21.2,99,16.4,1001.3,1006.2,0,0,8,102.6,0
2023-07-07 02:18:37,5,60,21.1,99,16.4,1001.4,1006.3,0,0,10,102.6,0
2023-07-07 02:23:37,5,60,21.1,99,16.4,1001.4,1006.3,0,0,8,102.6,0
2023-07-07 02:28:37,5,60,21.1,99,16.4,1001.4,1006.3,0,0,2,102.6,0
2023-07-07 02:33:37,5,60,21.1,99,16.5,1001.5,1006.4,0,0,10,102.6,0
2023-07-07 02:38:37,5,60,21.2,99,16.5,1001.2,1006.1,0,0,10,102.6,0
2023-07-07 02:43:37,5,60,21.2,99,16.5,1001.3,1006.2,0,0,8,102.6,0
2023-07-07 02:48:37,5,60,21.1,98,16.5,1001.1,1006,0,0,8,102.6,0
2023-07-07 02:53:37,5,60,21.1,98,16.5,1001.1,1006,0,0,10,102.6,0
2023-07-07 02:58:37,5,60,21.2,98,16.5,1001.1,1006,0,0,10,102.6,0
2023-07-07 03:03:37,5,60,21.2,98,16.6,1001.1,1006,0,0,8,102.6,0
2023-07-07 03:08:37,5,60,21.2,98,16.6,1001.1,1006,0,0,0,102.6,0
2023-07-07 03:13:37,5,60,21.1,98,16.6,1001,1005.9,0,0,0,102.6,0
2023-07-07 03:18:37,5,60,21.2,98,16.7,1001.1,1006,0,0,0,102.6,0
2023-07-07 03:23:37,5,60,21.2,98,16.7,1001,1005.9,0,0,12,102.6,0
2023-07-07 03:28:37,5,60,21.2,98,16.7,1001.1,1006,0,0,8,102.6,0
2023-07-07 03:33:37,5,60,21.2,98,16.8,1001,1005.9,0,0,7,102.6,0
2023-07-07 03:38:37,5,60,21.1,97,16.8,1001,1005.9,0,0,8,102.6,0
2023-07-07 03:43:37,5,60,21.1,97,16.8,1001,1005.9,0,0,8,102.6,0
2023-07-07 03:48:37,5,60,21.1,97,16.8,1001.3,1006.2,0,0,10,102.6,0
2023-07-07 03:53:37,5,60,21.1,96,16.7,1001.2,1006.1,0,0,8,102.6,0
2023-07-07 03:58:37,5,60,21.2,96,16.7,1001.3,1006.2,0,0,10,102.6,0
2023-07-07 04:03:37,5,60,21.1,96,16.7,1001.3,1006.2,0,0,8,102.6,0
2023-07-07 04:08:37,5,60,21.1,96,16.7,1001.3,1006.2,0,0,10,102.6,0
2023-07-07 04:13:37,5,60,21.2,97,16.7,1001.4,1006.3,0,0,12,102.6,0
2023-07-07 04:18:39,5,60,21.1,97,16.6,1001.6,1006.5,0,0,8,102.6,0
2023-07-07 04:23:37,5,60,21.1,97,16.6,1001.8,1006.7,0,0,8,102.6,0
2023-07-07 04:28:37,5,60,21.1,97,16.3,1001.8,1006.7,0,0,12,102.6,0
2023-07-07 04:33:37,5,60,21.2,97,15.9,1001.9,1006.8,0,0,12,102.6,0
2023-07-07 04:38:37,5,60,21.1,96,15.6,1002.1,1007,0,0,8,102.6,0
2023-07-07 04:43:37,5,60,21.1,96,15.4,1002.1,1007,0,0,8,102.6,0
2023-07-07 04:48:37,5,60,21.1,97,15.3,1002.2,1007.1,0,0,10,102.6,0
2023-07-07 04:53:37,5,60,21.1,97,15.2,1002.1,1007,0,0,10,102.6,0
2023-07-07 04:58:37,5,60,21.2,97,15.1,1002.2,1007.1,0,0,10,102.6,0
2023-07-07 05:03:37,5,60,21.2,97,15.1,1002.2,1007.1,0,0,10,102.6,0
2023-07-07 05:08:37,5,60,21.1,98,15.1,1002.3,1007.2,0,0,10,102.6,0
2023-07-07 05:13:37,5,60,21.2,98,15.1,1002.3,1007.2,0,0,10,102.6,0
2023-07-07 05:18:37,5,60,21.2,98,15.1,1002.3,1007.2,0,0,10,102.6,0
2023-07-07 05:23:37,5,60,21.2,99,15.1,1002.4,1007.3,0,0,8,102.6,0
2023-07-07 05:28:37,5,60,21.1,99,15.1,1002.4,1007.3,0,0,7,102.6,0
2023-07-07 05:33:37,5,60,21.1,99,15.2,1002.2,1007.1,0,0,10,102.6,0
2023-07-07 05:38:37,5,60,21.1,99,15.2,1002.3,1007.2,0,0,7,102.6,0
2023-07-07 05:43:37,5,60,21.1,99,15.2,1002.3,1007.2,0,0,7,102.6,0
2023-07-07 05:48:37,5,60,21.1,99,15.2,1002.2,1007.1,0,0,7,102.6,0
2023-07-07 05:53:37,5,60,21.1,99,15.3,1002.4,1007.3,0,0,7,102.6,0
2023-07-07 05:58:37,5,60,21.1,99,15.4,1002.4,1007.3,0,0,7,102.6,0
2023-07-07 06:03:37,5,60,21.1,99,15.4,1002.3,1007.2,0,0,,102.6,0
2023-07-07 06:08:37,5,60,21.1,99,15.6,1002.3,1007.2,0,0,1,102.6,0
2023-07-07 06:13:37,5,60,21.1,99,16,1002.2,1007.1,0,0,10,102.6,0
2023-07-07 06:18:37,5,60,21.1,99,16.4,1002.2,1007.1,0,0,8,102.6,0
2023-07-07 06:23:37,5,60,21.1,99,16.6,1002.1,1007,0,0,14,102.6,0
2023-07-07 06:28:37,5,60,21.1,99,16.7,1002.2,1007.1,0,0,14,102.6,0
2023-07-07 06:33:37,5,60,21.1,99,16.9,1002.3,1007.2,0,0,8,102.6,0
2023-07-07 06:38:37,5,60,21.1,99,16.9,1002.4,1007.3,0,0,10,102.6,0
2023-07-07 06:43:37,5,60,21.1,99,16.9,1002.4,1007.3,0,0,10,102.6,0
2023-07-07 06:48:37,5,60,21.1,99,16.9,1002.4,1007.3,0,0,10,102.6,0
2023-07-07 06:53:37,5,60,21.1,99,16.9,1002.4,1007.3,0,0,10,102.6,0
2023-07-07 06:58:37,5,60,21.1,99,17,1002.5,1007.4,0,0,8,102.6,0
2023-07-07 07:03:37,5,60,21.2,99,17.1,1002.4,1007.3,0,0,14,102.6,0
2023-07-07 07:08:37,5,60,21.2,99,17.2,1002.4,1007.3,0,0,8,102.6,0
2023-07-07 07:13:37,5,60,21.1,99,17.4,1002.5,1007.4,0,0,8,102.6,0
2023-07-07 07:18:37,5,60,21.2,99,17.8,1002.5,1007.4,0,0,10,102.6,0
2023-07-07 07:23:37,5,60,21.2,99,18,1002.6,1007.5,0,0,10,102.6,0
2023-07-07 07:28:37,5,60,21.2,99,18.1,1002.6,1007.5,0,0,10,102.6,0
2023-07-07 07:33:37,5,60,21.2,97,18.1,1002.6,1007.5,0,0,8,102.6,0
2023-07-07 07:38:37,5,60,21.2,94,18.2,1002.5,1007.4,0,0,8,102.6,0
2023-07-07 07:43:37,5,60,21.2,92,18.3,1002.7,1007.6,0,0,10,102.6,0
2023-07-07 07:48:37,5,60,21.1,90,18.3,1002.6,1007.5,2.7,4.1,10,102.6,0
2023-07-07 07:53:37,5,60,21.1,89,18.2,1002.6,1007.5,2,2.7,7,102.6,0
2023-07-07 07:58:37,5,60,21.2,88,18.2,1002.7,1007.6,2.4,2.7,,102.6,0
2023-07-07 08:03:37,5,60,21.2,87,18.2,1002.6,1007.5,2.7,3.7,8,102.6,0
2023-07-07 08:08:37,5,60,21.1,86,18.3,1002.8,1007.7,2.7,3.7,10,102.6,0
2023-07-07 08:13:37,5,60,21.1,85,18.4,1002.8,1007.7,2.7,3.4,8,102.6,0
2023-07-07 08:18:37,5,60,21.4,85,18.5,1002.9,1007.8,2.4,2.7,8,102.6,0
2023-07-07 08:23:37,5,60,21.4,85,18.6,1002.8,1007.7,2.4,3.4,8,102.6,0
2023-07-07 08:28:37,5,60,21.4,84,18.6,1002.9,1007.8,2.7,3.4,10,102.6,0
2023-07-07 08:33:37,5,60,21.4,84,18.8,1002.9,1007.8,2,4.1,10,102.6,0
2023-07-07 08:38:37,5,60,21.4,84,19,1002.8,1007.7,1.7,2.4,12,102.6,0
2023-07-07 08:43:37,5,60,21.4,83,19,1003.1,1008,2,2.7,8,102.6,0
2023-07-07 08:48:37,5,60,21.4,82,19,1002.9,1007.8,2.7,6.1,10,102.6,0
2023-07-07 08:53:37,5,60,21.4,82,19.1,1003.1,1008,2,2.7,10,102.6,0
2023-07-07 08:58:37,5,60,21.4,81,19.2,1003.1,1008,3.1,5.1,12,102.6,0
2023-07-07 09:03:37,5,60,21.5,81,19.4,1003.1,1008,1.4,2.4,10,102.6,0
2023-07-07 09:08:37,5,60,21.5,81,19.5,1003.1,1008,1.7,2.4,10,102.6,0
2023-07-07 09:13:37,5,60,21.5,80,19.6,1003.2,1008.1,2.7,3.1,8,102.6,0
2023-07-07 09:18:37,5,60,21.5,80,19.6,1003.1,1008,2.4,3.4,10,102.6,0
2023-07-07 09:23:37,5,60,21.5,80,19.5,1003.2,1008.1,2.7,4.8,10,102.6,0
2023-07-07 09:28:37,5,60,21.5,80,19.6,1003.4,1008.3,2.7,3.4,8,102.6,0
2023-07-07 09:33:37,5,60,21.6,80,19.7,1003.5,1008.4,3.1,4.8,,102.6,0
2023-07-07 09:38:37,5,60,21.6,80,19.7,1003.5,1008.4,3.7,5.4,8,102.6,0
2023-07-07 09:43:37,5,60,21.6,80,19.6,1003.4,1008.3,3.7,5.4,8,102.6,0
2023-07-07 09:48:37,5,60,21.6,79,19.6,1003.5,1008.4,3.4,5.4,8,102.6,0
2023-07-07 09:53:37,5,60,21.6,80,19.8,1003.5,1008.4,2.7,3.7,10,102.6,0
2023-07-07 09:58:37,5,60,21.6,80,20,1003.7,1008.6,2.4,3.1,8,102.6,0
2023-07-07 10:03:37,5,60,21.7,79,19.9,1003.7,1008.6,3.1,4.1,10,102.6,0
2023-07-07 10:08:37,5,60,21.7,79,19.8,1003.8,1008.7,3.1,3.7,8,102.6,0
2023-07-07 10:13:37,5,60,21.7,79,20.2,1003.8,1008.7,2,2.7,10,102.6,0
2023-07-07 10:18:37,5,60,21.8,78,20.4,1004,1008.9,2.4,3.1,8,102.6,0
2023-07-07 10:23:37,5,60,21.8,76,20.4,1004,1008.9,2.4,3.4,9,102.6,0
2023-07-07 10:28:37,5,60,21.8,75,20.3,1004,1008.9,2.4,3.4,10,102.6,0
2023-07-07 10:33:37,5,60,21.8,76,20.7,1003.9,1008.8,3.1,4.4,,102.6,0
2023-07-07 10:38:37,5,60,21.9,75,20.8,1004,1008.9,2.4,3.7,8,102.6,0
2023-07-07 10:43:37,5,60,21.9,75,20.8,1003.9,1008.8,2,2.7,8,102.6,0
2023-07-07 10:48:37,5,60,21.9,75,20.9,1003.9,1008.8,3.1,4.1,8,102.6,0
2023-07-07 10:53:37,5,60,21.9,74,20.7,1003.9,1008.8,3.1,3.7,,102.6,0
2023-07-07 10:58:37,5,60,21.9,74,20.8,1003.8,1008.7,4.1,6.5,10,102.6,0
2023-07-07 11:03:37,5,60,22,73,21.1,1004,1008.9,4.4,5.8,10,102.6,0
2023-07-07 11:08:37,5,60,22,72,21,1004,1008.9,2,3.4,8,102.6,0
2023-07-07 11:13:37,5,60,22.1,72,20.9,1004.4,1009.3,3.4,4.4,,102.6,0
2023-07-07 11:18:37,5,60,22,72,20.7,1004.1,1009,3.4,4.8,8,102.6,0
2023-07-07 11:23:37,5,60,22.1,73,21.4,1004.1,1009,2.4,3.1,8,102.6,0
2023-07-07 11:28:37,5,60,22.1,70,21.6,1004.4,1009.3,3.1,4.4,8,102.6,0
2023-07-07 11:33:37,5,60,22.2,70,21.6,1004.3,1009.2,2.4,3.1,8,102.6,0
2023-07-07 11:38:37,5,60,22.2,69,21.6,1004.2,1009.1,3.7,4.8,8,102.6,0
2023-07-07 11:43:37,5,60,22.2,70,21.5,1004.2,1009.1,2.7,3.7,10,102.6,0
2023-07-07 11:48:37,5,60,22.2,70,21.9,1004.2,1009.1,3.4,4.1,8,102.6,0
2023-07-07 11:53:37,5,60,22.3,69,21.8,1004.4,1009.3,2,2.7,8,102.6,0
2023-07-07 11:58:37,5,60,22.3,70,21.6,1004.3,1009.2,2,3.7,4,102.6,0
2023-07-07 12:03:37,5,60,22.4,70,21.5,1004.4,1009.3,2.4,3.1,10,102.6,0
2023-07-07 12:08:37,5,60,22.4,70,21.4,1004.6,1009.5,2.7,4.8,8,102.6,0
2023-07-07 12:13:37,5,60,22.4,70,21.3,1004.3,1009.2,2.7,3.7,10,102.6,0
2023-07-07 12:18:37,5,60,22.4,70,21.3,1004.3,1009.2,2.7,4.1,10,102.6,0
2023-07-07 12:23:37,5,60,22.4,70,21.3,1004.2,1009.1,3.1,5.4,4,102.6,0
2023-07-07 12:28:37,5,60,22.5,70,21.3,1004.5,1009.4,3.7,4.8,8,102.6,0
2023-07-07 12:33:37,5,60,22.5,70,21.2,1004.5,1009.4,2.4,4.4,8,102.6,0
2023-07-07 12:38:37,5,60,22.5,71,21.2,1004.6,1009.5,6.1,9.5,4,102.6,0
2023-07-07 12:43:37,5,60,22.6,72,20.9,1004.5,1009.4,2,4.4,0,102.6,0
2023-07-07 12:48:37,5,60,22.6,72,20.9,1004.5,1009.4,3.4,5.8,,102.6,0
2023-07-07 12:53:37,5,60,22.6,72,21.1,1004.3,1009.2,5.1,7.5,4,102.6,0
2023-07-07 12:58:37,5,60,22.6,71,21.4,1004.6,1009.5,1.7,2,10,102.6,0
2023-07-07 13:03:37,5,60,22.6,71,21.5,1004.5,1009.4,5.8,8.8,4,102.6,0
2023-07-07 13:08:37,5,60,22.6,70,21.1,1004.4,1009.3,4.8,8.8,4,102.6,0
2023-07-07 13:13:37,5,60,22.7,70,21.3,1004.2,1009.1,3.1,4.4,10,102.6,0
2023-07-07 13:18:37,5,60,22.7,70,21.3,1004.2,1009.1,4.8,7.1,,102.6,0
2023-07-07 13:23:37,5,60,22.7,70,21.2,1004.1,1009,2,3.1,4,102.6,0
2023-07-07 13:28:37,5,60,22.7,70,21.4,1004.3,1009.2,3.4,5.8,,102.6,0
2023-07-07 13:33:37,5,60,22.8,70,21.4,1004.3,1009.2,3.7,4.8,8,102.6,0
2023-07-07 13:38:37,5,60,22.8,70,21.1,1004,1008.9,3.7,5.4,4,102.6,0
2023-07-07 13:43:37,5,60,22.8,70,21.1,1004.2,1009.1,3.4,4.8,,102.6,0
2023-07-07 13:48:37,5,60,22.9,70,21.4,1004.1,1009,4.1,5.4,8,102.6,0
2023-07-07 13:53:37,5,60,22.9,70,21.4,1004.2,1009.1,2.4,5.1,4,102.6,0
2023-07-07 13:58:37,5,60,22.9,70,21.3,1004.2,1009.1,4.1,5.4,2,102.6,0
2023-07-07 14:03:37,5,60,23,70,21.6,1004.2,1009.1,4.1,5.8,10,102.6,0
2023-07-07 14:08:37,5,60,23,70,21.5,1004.1,1009,3.4,5.8,4,102.6,0
2023-07-07 14:13:37,5,60,23.1,70,21.1,1004,1008.9,3.1,6.1,4,102.6,0
2023-07-07 14:18:37,5,60,23,70,21.3,1004.2,1009.1,3.7,6.5,10,102.6,0
2023-07-07 14:23:37,5,60,23.1,70,21.2,1004.1,1009,3.1,5.1,2,102.6,0
2023-07-07 14:28:37,5,60,23.1,70,21.2,1004.4,1009.3,2.4,3.1,10,102.6,0
2023-07-07 14:33:37,5,60,23.2,69,21,1004.2,1009.1,3.1,4.4,8,102.6,0
2023-07-07 14:38:37,5,60,23.1,70,20.6,1004.2,1009.1,2,3.4,0,102.6,0
2023-07-07 14:43:37,5,60,23.1,70,20.6,1004.2,1009.1,3.7,5.4,10,102.6,0
2023-07-07 14:48:37,5,60,23.1,71,20.5,1004.2,1009.1,2.4,3.1,,102.6,0
2023-07-07 14:53:37,5,60,23.2,72,20.8,1004.1,1009,2.7,3.7,8,102.6,0
2023-07-07 14:58:37,5,60,23.2,71,21.5,1003.9,1008.8,3.7,5.8,,102.6,0
2023-07-07 15:03:37,5,60,23.3,69,21.7,1004.2,1009.1,4.4,5.8,4,102.6,0
2023-07-07 15:08:37,5,61,23.3,68,21.2,1004,1008.9,4.8,8.2,12,102.6,0
2023-07-07 15:13:37,5,60,23.3,72,20.3,1004.2,1009.1,3.7,5.4,,102.6,0
2023-07-07 15:18:37,5,61,23.4,75,20.6,1004.1,1009,5.1,6.1,,102.6,0
2023-07-07 15:23:37,5,61,23.4,73,20.8,1004.1,1009,4.4,6.1,,102.6,0
2023-07-07 15:28:37,5,61,23.5,72,20.9,1003.8,1008.7,3.1,4.4,,102.6,0
2023-07-07 15:33:37,5,61,23.5,71,21.3,1003.9,1008.8,8.2,10.9,4,102.6,0
2023-07-07 15:38:37,5,61,23.6,70,21.2,1003.9,1008.8,2.7,4.1,4,102.6,0
2023-07-07 15:43:37,5,61,23.6,70,20.8,1003.9,1008.8,3.4,5.4,10,102.6,0
2023-07-07 15:48:37,5,61,23.6,71,20.6,1003.8,1008.7,4.1,7.1,4,102.6,0
2023-07-07 15:53:37,5,61,23.7,71,20.7,1003.8,1008.7,5.1,9.2,,102.6,0
2023-07-07 15:58:37,5,61,23.8,70,20.9,1003.6,1008.5,4.8,6.1,14,102.6,0
2023-07-07 16:03:37,5,61,23.8,70,20.8,1003.7,1008.6,4.4,7.8,4,102.6,0
2023-07-07 16:08:37,5,61,23.9,71,20.6,1003.5,1008.4,3.7,6.5,2,102.6,0
2023-07-07 16:13:37,5,61,23.9,71,21,1003.7,1008.6,2.7,3.4,4,102.6,0
2023-07-07 16:18:37,5,61,23.9,70,20.4,1003.6,1008.5,6.5,8.5,,102.6,0
2023-07-07 16:23:37,5,60,24,71,20.4,1003.6,1008.5,4.1,5.4,4,102.6,0
2023-07-07 16:28:37,5,60,24,71,20.5,1003.4,1008.3,4.8,6.1,,102.6,0
2023-07-07 16:33:37,5,60,24,70,20.4,1003.6,1008.5,4.1,5.4,,102.6,0
2023-07-07 16:38:37,5,60,24,70,20.4,1003.4,1008.3,8.2,10.5,,102.6,0
2023-07-07 16:43:37,5,60,24,70,20.4,1003.5,1008.4,5.1,7.5,,102.6,0
2023-07-07 16:48:37,5,60,24,70,20.4,1003.4,1008.3,4.4,6.8,13,102.6,0
2023-07-07 16:53:37,5,60,24,69,20.6,1003.3,1008.2,5.1,7.1,4,102.6,0
2023-07-07 16:58:37,5,60,24,66,20.9,1003.2,1008.1,4.4,5.4,4,102.6,0
2023-07-07 17:03:37,5,60,24.1,67,20.8,1003.2,1008.1,4.1,5.4,4,102.6,0
2023-07-07 17:08:37,5,60,24,67,20.7,1003.2,1008.1,4.8,6.8,4,102.6,0
2023-07-07 17:13:37,5,60,24.1,68,20.3,1003.1,1008,5.8,8.2,4,102.6,0
2023-07-07 17:18:37,5,60,24.1,69,20.2,1003.1,1008,3.1,4.4,10,102.6,0
2023-07-07 17:23:37,5,60,24.1,67,20.1,1003.1,1008,4.8,6.8,13,102.6,0
2023-07-07 17:28:37,5,60,24.1,68,20.1,1003.4,1008.3,4.1,6.1,,102.6,0
2023-07-07 17:33:37,5,60,24.1,70,20.1,1003.1,1008,6.1,8.5,4,102.6,0
2023-07-07 17:38:37,5,59,24.1,70,20,1003.3,1008.2,5.1,6.8,4,102.6,0
2023-07-07 17:43:37,5,59,24.1,70,19.9,1003,1007.9,5.4,10.9,4,102.6,0
2023-07-07 17:48:37,5,59,24.1,70,19.9,1002.9,1007.8,8.5,11.6,4,102.6,0
2023-07-07 17:53:37,5,60,24.1,70,20.2,1003.1,1008,3.7,4.8,,102.6,0
2023-07-07 17:58:37,5,60,24.2,68,20.3,1003,1007.9,6.1,8.5,2,102.6,0
2023-07-07 18:03:37,5,60,24.2,70,19.9,1003.2,1008.1,6.8,8.2,4,102.6,0
2023-07-07 18:08:37,5,60,24.2,70,19.6,1003,1007.9,5.1,7.1,4,102.6,0
2023-07-07 18:13:37,5,60,24.3,71,19.6,1003,1007.9,6.5,8.2,12,102.6,0
2023-07-07 18:18:37,5,60,24.3,70,19.8,1003,1007.9,5.8,8.5,4,102.6,0
2023-07-07 18:23:37,5,60,24.4,70,19.5,1002.9,1007.8,5.4,6.5,4,102.6,0
2023-07-07 18:28:37,5,60,24.4,70,19.3,1002.9,1007.8,5.8,7.8,2,102.6,0
2023-07-07 18:33:37,5,60,24.4,70,19.2,1002.7,1007.6,5.8,8.5,4,102.6,0
2023-07-07 18:38:37,5,60,24.4,70,19.1,1002.7,1007.6,6.8,9.5,4,102.6,0
2023-07-07 18:43:37,5,59,24.4,70,19,1002.6,1007.5,6.1,7.8,4,102.6,0
2023-07-07 18:48:37,5,59,24.4,70,19,1002.7,1007.6,6.1,7.8,4,102.6,0
2023-07-07 18:53:37,5,59,24.3,70,18.9,1002.7,1007.6,5.8,6.5,,102.6,0
2023-07-07 18:58:37,5,59,24.4,71,18.9,1002.3,1007.2,5.4,7.8,4,102.6,0
2023-07-07 19:03:37,5,59,24.3,71,18.7,1002.4,1007.3,4.8,6.1,4,102.6,0
2023-07-07 19:08:37,5,59,24.3,71,18.6,1002.5,1007.4,7.1,9.5,2,102.6,0
2023-07-07 19:13:37,5,59,24.2,71,18.5,1002.4,1007.3,7.1,8.8,10,102.6,0
2023-07-07 19:18:37,5,59,24.2,71,18.4,1002.2,1007.1,4.8,6.1,4,102.6,0
2023-07-07 19:23:37,5,59,24.1,71,18.4,1002.2,1007.1,6.5,8.2,4,102.6,0
2023-07-07 19:28:37,5,59,24.1,71,18.3,1002.4,1007.3,5.1,7.5,4,102.6,0
2023-07-07 19:33:37,5,59,24,71,18.3,1002.4,1007.3,5.1,5.8,4,102.6,0
2023-07-07 19:38:37,5,59,24,72,18.1,1002.5,1007.4,6.8,8.8,4,102.6,0
2023-07-07 19:43:37,5,59,24,72,18.1,1002.4,1007.3,5.1,7.5,4,102.6,0
2023-07-07 19:48:37,5,60,23.9,72,18.1,1002.4,1007.3,4.1,5.1,,102.6,0
2023-07-07 19:53:37,5,60,23.9,72,18,1002.4,1007.3,5.4,8.2,4,102.6,0
2023-07-07 19:58:37,5,60,23.8,72,17.9,1002.7,1007.6,6.1,9.2,4,102.6,0
2023-07-07 20:03:37,5,60,23.8,72,17.8,1002.6,1007.5,5.8,7.5,4,102.6,0
2023-07-07 20:08:37,5,60,23.8,72,17.7,1002.6,1007.5,6.5,7.8,4,102.6,0
2023-07-07 20:13:37,5,60,23.7,72,17.6,1002.5,1007.4,5.8,7.1,2,102.6,0
2023-07-07 20:18:37,5,60,23.7,72,17.5,1002.3,1007.2,5.8,7.1,2,102.6,0
2023-07-07 20:23:37,5,60,23.6,75,17.3,1002.3,1007.2,4.1,5.8,,102.6,0
2023-07-07 20:28:37,5,60,23.6,76,17.3,1002.3,1007.2,4.4,6.1,2,102.6,0
2023-07-07 20:33:37,5,60,23.6,76,17.2,1002.3,1007.2,4.1,5.1,2,102.6,0
2023-07-07 20:38:37,5,60,23.5,77,17.1,1002.3,1007.2,3.7,5.1,2,102.6,0
2023-07-07 20:43:37,5,60,23.5,78,17.1,1002.2,1007.1,3.4,4.8,0,102.6,0
2023-07-07 20:48:37,5,60,23.5,79,17.1,1002.2,1007.1,2.7,3.7,4,102.6,0
2023-07-07 20:53:37,5,60,23.4,80,17,1002.3,1007.2,3.7,5.4,4,102.6,0
2023-07-07 20:58:37,5,60,23.4,81,17.1,1002.3,1007.2,3.7,5.1,4,102.6,0
2023-07-07 21:03:37,5,60,23.2,81,17.1,1002.3,1007.2,3.7,5.1,,102.6,0
2023-07-07 21:08:37,5,60,23.2,82,17.2,1002.4,1007.3,4.1,5.8,4,102.6,0
2023-07-07 21:13:37,5,60,23.2,82,17.2,1002.2,1007.1,3.4,5.1,4,102.6,0
2023-07-07 21:18:37,5,60,23.2,83,17.3,1002.2,1007.1,3.1,3.4,,102.6,0
2023-07-07 21:23:37,5,60,23,84,17.3,1002.2,1007.1,3.1,4.1,4,102.6,0
2023-07-07 21:28:37,5,60,23.1,84,17.3,1002.2,1007.1,3.7,4.8,4,102.6,0
2023-07-07 21:33:37,5,60,23,84,17.3,1001.9,1006.8,2.4,3.7,4,102.6,0
2023-07-07 21:38:37,5,60,23,83,17.3,1002,1006.9,1.7,2.4,4,102.6,0
2023-07-07 21:43:37,5,60,23,82,17.3,1001.9,1006.8,3.1,3.7,,102.6,0
2023-07-07 21:48:37,5,60,23,81,17.4,1001.7,1006.6,3.1,4.1,2,102.6,0
2023-07-07 21:53:37,5,60,22.9,80,17.4,1001.6,1006.5,3.4,4.8,4,102.6,0
2023-07-07 21:58:37,5,60,22.9,79,17.4,1001.6,1006.5,2.7,3.7,4,102.6,0
2023-07-07 22:03:37,5,60,22.9,78,17.4,1001.4,1006.3,2,3.7,4,102.6,0
2023-07-07 22:08:37,5,60,22.8,79,17.2,1001.5,1006.4,2.7,3.4,4,102.6,0
2023-07-07 22:13:37,5,60,22.8,80,17.1,1001.4,1006.3,2.4,3.1,0,102.6,0
2023-07-07 22:18:37,5,60,22.8,80,17.1,1001.3,1006.2,4.8,5.8,2,102.6,0
2023-07-07 22:23:37,5,60,22.8,79,17.1,1001.2,1006.1,3.7,5.8,4,102.6,0
2023-07-07 22:28:37,5,60,22.6,79,17.2,1001.1,1006,3.7,4.8,4,102.6,0
2023-07-07 22:33:37,5,60,22.7,78,17.3,1001.1,1006,4.4,6.8,4,102.6,0
2023-07-07 22:38:37,5,60,22.6,78,17.2,1001.1,1006,5.1,6.1,4,102.6,0
2023-07-07 22:43:37,5,60,22.6,78,17.2,1000.9,1005.8,4.4,5.1,4,102.6,0
2023-07-07 22:48:37,5,60,22.6,78,17.2,1000.9,1005.8,4.8,6.1,4,102.6,0
2023-07-07 22:53:37,5,60,22.6,78,17.1,1001,1005.9,5.1,6.1,4,102.6,0
2023-07-07 22:58:37,5,60,22.6,78,17.3,1000.6,1005.5,6.8,8.2,4,102.6,0
2023-07-07 23:03:37,5,60,22.5,77,17.3,1000.5,1005.4,7.1,9.5,0,102.6,0
2023-07-07 23:08:37,5,60,22.5,77,17.2,1000.7,1005.6,5.1,6.8,4,102.6,0
2023-07-07 23:13:37,5,60,22.5,78,17.1,1000.6,1005.5,5.8,7.5,4,102.6,0
2023-07-07 23:18:37,5,60,22.4,78,17.1,1000.3,1005.2,6.1,7.8,4,102.6,0
2023-07-07 23:23:37,5,60,22.5,78,17.2,1000.5,1005.4,5.4,7.5,4,102.6,0
2023-07-07 23:28:37,5,60,22.5,77,17.2,1000.3,1005.2,5.8,8.5,4,102.6,0
2023-07-07 23:33:37,5,60,22.4,77,17.2,1000,1004.9,7.1,9.5,4,102.6,0
2023-07-07 23:38:37,5,60,22.4,76,17.2,1000,1004.9,5.8,7.1,4,102.6,0
2023-07-07 23:43:37,5,60,22.4,76,17.3,999.7,1004.6,6.8,8.2,4,102.6,0
2023-07-07 23:48:37,5,60,22.4,76,17.3,1000,1004.9,7.5,9.2,4,102.6,0
2023-07-07 23:53:37,5,60,22.4,76,17.3,999.7,1004.6,6.1,8.5,4,102.6,0
2023-07-07 23:58:37,5,60,22.4,76,17.3,999.7,1004.6,7.5,9.5,4,102.6,0
