2019-01-17 00:02:00,5,54,19.4,88,5.5,1006.7,1011.6,4.4,6.1,14,5.1,0
2019-01-17 00:07:00,5,54,19.4,86,5.4,1006.8,1011.7,4.8,5.8,14,5.1,0
2019-01-17 00:12:00,5,54,19.4,86,5.2,1007,1011.9,5.4,7.1,0,5.1,0
2019-01-17 00:17:00,5,54,19.4,86,5.1,1007,1011.9,4.8,6.1,14,5.1,0
2019-01-17 00:22:00,5,53,19.3,86,5,1007.6,1012.5,4.4,5.4,0,5.1,0
2019-01-17 00:27:00,5,53,19.3,87,4.9,1007.5,1012.4,2.7,3.4,0,5.1,0
2019-01-17 00:32:00,5,53,19.2,87,4.8,1007.8,1012.7,4.1,4.4,14,5.1,0
2019-01-17 00:37:00,5,53,19.2,88,4.7,1008,1012.9,4.1,4.8,14,5.1,0
2019-01-17 00:42:00,5,53,19.2,88,4.7,1008.1,1013,4.4,5.1,15,5.1,0
2019-01-17 00:47:00,5,53,19.2,89,4.7,1008.4,1013.3,3.7,4.1,14,5.1,0
2019-01-17 00:52:00,5,53,19.2,89,4.5,1008.5,1013.4,2.4,3.1,14,5.1,0
2019-01-17 00:57:00,5,53,19.1,89,4.4,1008.8,1013.7,3.4,3.7,0,5.1,0
2019-01-17 01:02:00,5,53,19.1,90,4.4,1009,1013.9,3.7,4.1,14,5.1,0
2019-01-17 01:07:00,5,53,19.1,90,4.3,1009.2,1014.1,3.4,3.7,0,5.1,0
2019-01-17 01:12:00,5,53,19,90,4.2,1009.3,1014.2,3.4,3.7,14,5.1,0
2019-01-17 01:17:00,5,53,19,89,4,1009.6,1014.5,3.7,4.4,0,5.1,0
2019-01-17 01:22:00,5,53,19,90,3.9,1009.6,1014.5,3.1,3.7,14,5.1,0
2019-01-17 01:27:00,5,53,19,90,3.8,1009.9,1014.8,2.7,4.1,0,5.1,0
2019-01-17 01:32:00,5,53,19,90,3.8,1010,1014.9,2.4,3.4,14,5.1,0
2019-01-17 01:37:00,5,53,19,90,3.7,1010,1014.9,2.4,2.7,14,5.1,0
2019-01-17 01:42:00,5,54,18.9,90,3.7,1010.2,1015.1,2,2.4,14,5.1,0
2019-01-17 01:47:00,5,54,18.8,90,3.6,1010.1,1015,1.4,2,12,5.1,0
2019-01-17 01:52:00,5,54,18.8,90,3.6,1010.1,1015,2,2.4,12,5.1,0
2019-01-17 01:57:00,5,54,18.8,90,3.6,1010.4,1015.3,1.7,2.4,14,5.1,0
2019-01-17 02:02:00,5,54,18.8,90,3.6,1010.4,1015.3,1.7,2,14,5.1,0
2019-01-17 02:07:00,5,54,18.7,90,3.6,1010.7,1015.6,1.7,2,14,5.1,0
2019-01-17 02:12:00,5,54,18.7,90,3.5,1010.7,1015.6,2,2.4,12,5.1,0
2019-01-17 02:17:00,5,54,18.7,90,3.5,1010.8,1015.7,1.7,2.4,14,5.1,0
2019-01-17 02:22:00,5,54,18.7,90,3.4,1010.8,1015.7,2,2.7,12,5.1,0
2019-01-17 02:27:00,5,54,18.6,89,3.4,1011.1,1016,1,1.4,12,5.1,0
2019-01-17 02:32:00,5,54,18.6,89,3.2,1011.3,1016.2,0.7,1.4,0,5.1,0
2019-01-17 02:37:00,5,54,18.6,88,2.8,1011.4,1016.3,1,1.7,14,5.1,0
2019-01-17 02:42:00,5,54,18.6,90,2.9,1011.4,1016.3,2,2.4,12,5.1,0
2019-01-17 02:47:00,5,54,18.6,90,3.1,1011.5,1016.4,2,2.4,12,5.1,0
2019-01-17 02:52:00,5,53,18.6,89,3.1,1011.6,1016.5,2.4,3.1,12,5.1,0
2019-01-17 02:57:00,5,53,18.5,89,3,1011.6,1016.5,2,2.4,12,5.1,0
2019-01-17 03:02:00,5,53,18.5,88,2.9,1011.8,1016.7,2,2.7,0,5.1,0
2019-01-17 03:07:00,5,53,18.5,87,2.6,1011.9,1016.8,1.4,2,14,5.1,0
2019-01-17 03:12:00,5,53,18.5,87,2.6,1011.9,1016.8,3.1,4.1,14,5.1,0
2019-01-17 03:17:00,5,53,18.5,86,2.6,1012,1016.9,1.7,2.4,0,5.1,0
2019-01-17 03:22:00,5,53,18.5,86,2.5,1012.2,1017.1,1,1.4,14,5.1,0
2019-01-17 03:27:00,5,53,18.4,85,2.5,1012.3,1017.2,1.4,1.7,14,5.1,0
2019-01-17 03:32:00,5,53,18.5,85,2.5,1012.3,1017.2,0.7,1,10,5.1,0
2019-01-17 03:37:00,5,53,18.4,85,2.5,1012.3,1017.2,1,1,12,5.1,0
2019-01-17 03:42:00,5,53,18.4,86,2.3,1012.2,1017.1,0.7,1,12,5.1,0
2019-01-17 03:47:00,5,53,18.4,87,2.1,1012.2,1017.1,0.7,1,12,5.1,0
2019-01-17 03:52:00,5,53,18.4,88,2.1,1012.4,1017.3,0.3,0.7,12,5.1,0
2019-01-17 03:57:00,5,53,18.4,88,2,1012.3,1017.2,1,1.7,14,5.1,0
2019-01-17 04:02:00,5,53,18.4,89,2,1012.5,1017.4,1,1.4,14,5.1,0
2019-01-17 04:07:00,5,53,18.3,89,1.9,1012.5,1017.4,1,1.4,14,5.1,0
2019-01-17 04:12:00,5,53,18.3,89,1.8,1012.4,1017.3,0.3,0.7,12,5.1,0
2019-01-17 04:17:00,5,53,18.3,89,1.5,1012.8,1017.7,0.7,1,10,5.1,0
2019-01-17 04:22:00,5,53,18.3,89,1.4,1012.7,1017.6,1.4,1.4,12,5.1,0
2019-01-17 04:27:00,5,53,18.3,89,1.3,1012.8,1017.7,1.4,1.7,10,5.1,0
2019-01-17 04:32:00,5,53,18.3,89,1.2,1012.9,1017.8,1,1.4,12,5.1,0
2019-01-17 04:37:00,5,53,18.3,89,1.2,1013,1017.9,0.7,1,12,5.1,0
2019-01-17 04:42:00,5,53,18.2,90,1.2,1013.1,1018,0.3,0.7,12,5.1,0
2019-01-17 04:47:00,5,53,18.2,90,1.1,1013,1017.9,1,1.4,10,5.1,0
2019-01-17 04:52:00,5,53,18.2,90,1.1,1012.9,1017.8,0.7,1.4,12,5.1,0
2019-01-17 04:57:00,5,53,18.2,90,1,1013.1,1018,0.7,1,12,5.1,0
2019-01-17 05:02:00,5,53,18.2,90,1,1013.2,1018.1,0.7,1,12,5.1,0
2019-01-17 05:07:00,5,53,18.2,90,0.9,1013.3,1018.2,0.7,1,12,5.1,0
2019-01-17 05:12:00,5,53,18.2,90,0.8,1013.3,1018.2,0.7,1,12,5.1,0
2019-01-17 05:17:00,5,53,18.2,90,0.8,1013.4,1018.3,0,0.3,12,5.1,0
2019-01-17 05:22:00,5,53,18.1,90,0.8,1013.5,1018.4,1,1.7,12,5.1,0
2019-01-17 05:27:00,5,53,18.1,90,1.1,1013.6,1018.5,2,2.4,12,5.1,0
2019-01-17 05:32:00,5,53,18.1,90,1.3,1013.6,1018.5,1.4,1.7,14,5.1,0
2019-01-17 05:37:00,5,53,18.1,88,1.3,1013.7,1018.6,1.7,2.4,14,5.1,0
2019-01-17 05:42:00,5,53,18.1,87,1.4,1013.8,1018.7,1.4,2,10,5.1,0
2019-01-17 05:47:00,5,53,18.1,85,1.3,1013.9,1018.8,1.4,2,14,5.1,0
2019-01-17 05:52:00,5,53,18.1,84,1.3,1014,1018.9,1.4,1.7,12,5.1,0
2019-01-17 05:57:00,5,53,18.1,84,1.1,1014,1018.9,0.3,0.7,14,5.1,0
2019-01-17 06:02:00,5,53,18.1,84,0.8,1014.1,1019,0.3,0.7,10,5.1,0
2019-01-17 06:07:00,5,53,18.1,84,0.7,1014.1,1019,1,1,12,5.1,0
2019-01-17 06:12:00,5,53,18,84,0.6,1014.3,1019.2,0,0,12,5.1,0
2019-01-17 06:17:00,5,53,18,85,0.5,1014.2,1019.1,0,0,10,5.1,0
2019-01-17 06:22:00,5,53,18,85,0.3,1014.3,1019.2,0,0,10,5.1,0
2019-01-17 06:27:00,5,53,18,85,0.2,1014.6,1019.5,0,0,10,5.1,0
2019-01-17 06:32:00,5,53,18,86,0.3,1014.6,1019.5,0,0,12,5.1,0
2019-01-17 06:37:00,5,53,18,87,0.6,1014.6,1019.5,0.7,1,12,5.1,0
2019-01-17 06:42:00,5,53,18,88,0.9,1014.6,1019.5,1,1.7,12,5.1,0
2019-01-17 06:47:00,5,53,18,88,1.2,1014.5,1019.4,1,1.4,14,5.1,0
2019-01-17 06:52:00,5,53,18,87,1.4,1014.8,1019.7,1.4,1.7,14,5.1,0
2019-01-17 06:57:00,5,53,18,87,1.5,1014.9,1019.8,0.3,0.7,12,5.1,0
2019-01-17 07:02:00,5,53,18,86,1.5,1014.7,1019.6,0.7,1,12,5.1,0
2019-01-17 07:07:00,5,53,18,86,1.5,1014.9,1019.8,0.3,0.7,11,5.1,0
2019-01-17 07:12:00,5,53,18,86,1.3,1014.8,1019.7,0.7,1,12,5.1,0
2019-01-17 07:17:00,5,53,18,85,1.2,1014.9,1019.8,0,0,10,5.1,0
2019-01-17 07:22:00,5,53,18,85,1.1,1015.1,1020,0,0,,5.1,0
2019-01-17 07:27:00,5,53,18,85,0.9,1015.3,1020.2,0,0,,5.1,0
2019-01-17 07:32:00,5,53,18,86,0.7,1015.3,1020.2,0,0,10,5.1,0
2019-01-17 07:37:00,5,53,18,86,0.6,1015.4,1020.3,0,0,10,5.1,0
2019-01-17 07:42:00,5,52,18,87,0.6,1015.2,1020.1,0,0,10,5.1,0
2019-01-17 07:47:00,5,51,17.9,87,0.6,1015.3,1020.2,0,0,12,5.1,0
2019-01-17 07:52:00,5,51,17.9,87,0.6,1015.4,1020.3,0,0,10,5.1,0
2019-01-17 07:57:00,5,51,17.9,87,0.5,1015.4,1020.3,0,0,10,5.1,0
2019-01-17 08:02:00,5,52,17.9,87,0.5,1015.5,1020.4,0,0,10,5.1,0
2019-01-17 08:07:00,5,52,17.9,88,0.5,1015.5,1020.4,0,0,10,5.1,0
2019-01-17 08:12:00,5,52,17.9,88,0.4,1015.7,1020.6,0,0,12,5.1,0
2019-01-17 08:17:00,5,53,17.9,88,0.4,1015.9,1020.8,0,0,12,5.1,0
2019-01-17 08:22:00,5,53,17.9,88,0.4,1015.9,1020.8,0,0,12,5.1,0
2019-01-17 08:27:00,5,53,17.9,87,0.4,1016,1020.9,0,0,10,5.1,0
2019-01-17 08:32:00,5,54,18,87,0.3,1016,1020.9,0,0,10,5.1,0
2019-01-17 08:37:00,5,54,18,87,0.2,1016,1020.9,0,0,10,5.1,0
2019-01-17 08:42:00,5,54,18,87,0.3,1016.1,1021,0,0,10,5.1,0
2019-01-17 08:47:00,5,54,18,87,0.3,1016.3,1021.2,0,0,10,5.1,0
2019-01-17 08:52:00,5,54,18,87,0.3,1016.2,1021.1,0,0,10,5.1,0
2019-01-17 08:57:00,5,54,18,87,0.2,1016.2,1021.1,0,0,10,5.1,0
2019-01-17 09:02:00,5,54,18,87,0.2,1016.3,1021.2,0,0,10,5.1,0
2019-01-17 09:07:00,5,54,18.1,87,0.4,1016.4,1021.3,0,0,8,5.1,0
2019-01-17 09:12:00,5,54,18.1,87,0.4,1016.4,1021.3,0,0.3,4,5.1,0
2019-01-17 09:17:00,5,54,18.1,87,0.3,1016.3,1021.2,0,0,10,5.1,0
2019-01-17 09:22:00,5,54,18.2,87,0.3,1016.5,1021.4,0,0,4,5.1,0
2019-01-17 09:27:00,5,54,18.2,87,0.6,1016.6,1021.5,0,0,4,5.1,0
2019-01-17 09:32:00,5,54,18.2,87,0.8,1016.5,1021.4,0.3,0.7,4,5.1,0
2019-01-17 09:37:00,5,54,18.2,87,1,1016.5,1021.4,0,0,10,5.1,0
2019-01-17 09:42:00,5,54,18.2,86,1,1016.6,1021.5,0,0,10,5.1,0
2019-01-17 09:47:00,5,54,18.2,86,1.1,1016.4,1021.3,0,0,10,5.1,0
2019-01-17 09:52:00,5,54,18.3,86,1.3,1016.2,1021.1,0.7,1,2,5.1,0
2019-01-17 09:57:00,5,54,18.3,86,1.5,1016.2,1021.1,0,0,4,5.1,0
2019-01-17 10:02:00,5,54,18.3,86,1.7,1016.2,1021.1,0,0,8,5.1,0
2019-01-17 10:07:00,5,54,18.3,86,2,1016.1,1021,0,0,4,5.1,0
2019-01-17 10:12:00,5,54,18.4,85,2,1016.2,1021.1,0,0,8,5.1,0
2019-01-17 10:17:00,5,54,18.4,85,2.1,1016.5,1021.4,0,0,10,5.1,0
2019-01-17 10:22:00,5,54,18.4,85,2.2,1016.5,1021.4,0,0,10,5.1,0
2019-01-17 10:27:00,5,54,18.4,85,2.4,1016.6,1021.5,0,0,10,5.1,0
2019-01-17 10:32:00,5,54,18.5,84,2.4,1016.9,1021.8,0,0,12,5.1,0
2019-01-17 10:37:00,5,54,18.5,84,2.3,1016.7,1021.6,0,0,10,5.1,0
2019-01-17 10:42:00,5,53,18.5,84,2.3,1016.7,1021.6,0,0,10,5.1,0
2019-01-17 10:47:00,5,53,18.4,84,2.3,1016.6,1021.5,0.7,1,10,5.1,0
2019-01-17 10:52:00,5,53,18.4,84,2.2,1016.5,1021.4,0.7,1,10,5.1,0
2019-01-17 10:57:00,5,53,18.4,84,2.3,1016.7,1021.6,0.7,1,10,5.1,0
2019-01-17 11:02:00,5,53,18.4,84,2.4,1016.9,1021.8,0.7,1,10,5.1,0
2019-01-17 11:07:00,5,53,18.4,85,2.4,1016.9,1021.8,0,0.3,12,5.1,0
2019-01-17 11:12:00,5,53,18.4,85,2.5,1016.7,1021.6,0,0,12,5.1,0
2019-01-17 11:17:00,5,53,18.3,85,2.7,1016.8,1021.7,0,0,8,5.1,0
2019-01-17 11:22:00,5,53,18.3,85,2.7,1016.7,1021.6,0,0,12,5.1,0
2019-01-17 11:27:00,5,53,18.3,85,2.7,1016.4,1021.3,0,0,12,5.1,0
2019-01-17 11:32:00,5,53,18.3,85,2.7,1016.6,1021.5,0,0,12,5.1,0
2019-01-17 11:37:00,5,53,18.3,85,2.8,1016.5,1021.4,0,0,12,5.1,0
2019-01-17 11:42:00,5,53,18.3,85,3,1016.5,1021.4,0,0,14,5.1,0
2019-01-17 11:47:00,5,53,18.3,84,3.1,1016.6,1021.5,0,0,12,5.1,0
2019-01-17 11:52:00,5,53,18.3,84,3.3,1016.4,1021.3,0,0,10,5.1,0
2019-01-17 11:57:00,5,53,18.3,84,3.3,1016.3,1021.2,1,1.4,8,5.1,0
2019-01-17 12:02:00,5,53,18.3,84,3.3,1016.4,1021.3,1,1.4,10,5.1,0
2019-01-17 12:07:00,5,53,18.3,84,3.4,1016.4,1021.3,0.3,0.7,10,5.1,0
2019-01-17 12:12:00,5,53,18.3,84,3.5,1016.4,1021.3,0,0,10,5.1,0
2019-01-17 12:17:00,5,53,18.3,84,3.6,1016.2,1021.1,0,0,10,5.1,0
2019-01-17 12:22:00,5,53,18.3,84,3.7,1016.3,1021.2,0.3,0.7,8,5.1,0
2019-01-17 12:27:00,5,53,18.2,84,3.8,1016.2,1021.1,0.3,1,12,5.1,0
2019-01-17 12:32:00,5,53,18.2,84,3.8,1016.3,1021.2,0.7,1,12,5.1,0
2019-01-17 12:37:00,5,53,18.2,84,3.8,1016.3,1021.2,0,0,10,5.1,0
2019-01-17 12:42:00,5,53,18.3,83,3.9,1016.3,1021.2,0,0,12,5.1,0
2019-01-17 12:47:00,5,53,18.2,83,4,1016.3,1021.2,0,0,10,5.1,0
2019-01-17 12:52:00,5,53,18.2,83,4,1016.1,1021,0.7,1.4,10,5.1,0
2019-01-17 12:57:00,5,53,18.2,83,4,1016.3,1021.2,1,1.4,12,5.1,0
2019-01-17 13:02:00,5,52,18.2,83,4,1016.1,1021,0.7,1.4,10,5.1,0
2019-01-17 13:07:00,5,52,18.2,83,4,1016,1020.9,0,0,10,5.1,0
2019-01-17 13:12:00,5,52,18.2,83,4,1015.8,1020.7,0,0,12,5.1,0
2019-01-17 13:17:00,5,52,18.2,83,4.1,1015.9,1020.8,0,0,12,5.1,0
2019-01-17 13:22:00,5,52,18.2,83,4.2,1015.9,1020.8,0,0,12,5.1,0
2019-01-17 13:27:00,5,52,18.2,83,4.4,1016,1020.9,0,0,12,5.1,0
2019-01-17 13:32:00,5,52,18.2,83,4.5,1015.8,1020.7,0,0,12,5.1,0
2019-01-17 13:37:00,5,52,18.2,82,4.6,1015.6,1020.5,0,0,9,5.1,0
2019-01-17 13:42:00,5,52,18.2,82,4.7,1015.8,1020.7,0,0,10,5.1,0
2019-01-17 13:47:00,5,52,18.2,82,4.6,1015.6,1020.5,0,0,12,5.1,0
2019-01-17 13:52:00,5,52,18.2,82,4.6,1015.7,1020.6,0,0,12,5.1,0
2019-01-17 13:57:00,5,52,18.2,82,4.7,1015.6,1020.5,0,0,,5.1,0
2019-01-17 14:02:00,5,52,18.1,82,4.7,1015.6,1020.5,0,0,10,5.1,0
2019-01-17 14:07:00,5,52,18.1,82,4.8,1015.5,1020.4,0,0,10,5.1,0
2019-01-17 14:12:00,5,52,18.1,82,4.7,1015.4,1020.3,0,0,10,5.1,0
2019-01-17 14:17:00,5,52,18.1,82,4.7,1015.4,1020.3,0,0,10,5.1,0
2019-01-17 14:22:00,5,52,18.1,82,4.8,1015.2,1020.1,0,0,10,5.1,0
2019-01-17 14:27:00,5,52,18.1,82,4.8,1015.3,1020.2,0,0,4,5.1,0
2019-01-17 14:32:00,5,52,18.1,83,4.8,1015.3,1020.2,0,0,12,5.1,0
2019-01-17 14:37:00,5,52,18.1,83,4.7,1015.3,1020.2,0,0,12,5.1,0
2019-01-17 14:42:00,5,52,18.1,83,4.7,1015.1,1020,0,0,10,5.1,0
2019-01-17 14:47:00,5,52,18.1,83,4.6,1015.1,1020,0,0,10,5.1,0
2019-01-17 14:52:00,5,52,18.1,83,4.5,1015.1,1020,0,0,10,5.1,0
2019-01-17 14:57:00,5,52,18.1,84,4.5,1015.1,1020,0,0,10,5.1,0
2019-01-17 15:02:00,5,52,18.1,84,4.4,1015.1,1020,0,0,12,5.1,0
2019-01-17 15:07:00,5,52,18.1,84,4.3,1014.9,1019.8,0,0,10,5.1,0
2019-01-17 15:12:00,5,52,18.1,85,4.3,1014.8,1019.7,0,0,12,5.1,0
2019-01-17 15:17:00,5,52,18,85,4.3,1015,1019.9,0,0,10,5.1,0
2019-01-17 15:22:00,5,52,18.1,85,4.3,1014.8,1019.7,0,0,10,5.1,0
2019-01-17 15:27:00,5,52,18,85,4.3,1014.9,1019.8,0,0,10,5.1,0
2019-01-17 15:32:00,5,52,18,83,4.3,1014.7,1019.6,0,0,10,5.1,0
2019-01-17 15:37:00,5,52,18,81,4.3,1014.9,1019.8,0,0,10,5.1,0
2019-01-17 15:42:00,5,52,18,80,4.3,1015.1,1020,0,0,10,5.1,0
2019-01-17 15:47:00,5,52,18,77,4.3,1015,1019.9,1.4,1.7,10,5.1,0
2019-01-17 15:52:00,5,52,18,74,4.2,1015.1,1020,1.4,2,10,5.1,0
2019-01-17 15:57:00,5,52,18,73,4.1,1015.1,1020,1,1.4,10,5.1,0
2019-01-17 16:02:00,5,52,18,73,4,1014.9,1019.8,1,1.4,10,5.1,0
2019-01-17 16:07:00,5,52,18,73,3.9,1015,1019.9,0,0.3,8,5.1,0
2019-01-17 16:12:00,5,52,18,75,3.7,1014.7,1019.6,0,0,4,5.1,0
2019-01-17 16:17:00,5,52,18,75,3.7,1014.6,1019.5,0,0,10,5.1,0
2019-01-17 16:22:00,5,52,18,76,3.6,1014.7,1019.6,0,0,8,5.1,0
2019-01-17 16:27:00,5,52,18,75,3.5,1014.8,1019.7,1,1.4,8,5.1,0
2019-01-17 16:32:00,5,51,17.9,75,3.5,1014.6,1019.5,0.7,1,12,5.1,0
2019-01-17 16:37:00,5,51,17.9,75,3.5,1014.7,1019.6,0.7,1,10,5.1,0
2019-01-17 16:42:00,5,51,17.9,76,3.4,1014.9,1019.8,2,2.4,10,5.1,0
2019-01-17 16:47:00,5,51,17.9,77,3.3,1014.8,1019.7,1.7,2.4,10,5.1,0
2019-01-17 16:52:00,5,51,17.9,77,3.2,1014.7,1019.6,1.4,1.7,10,5.1,0
2019-01-17 16:57:00,5,51,17.9,77,3.2,1014.7,1019.6,0.7,1.4,8,5.1,0
2019-01-17 17:02:00,5,51,17.8,77,3.2,1014.6,1019.5,0.3,1,10,5.1,0
2019-01-17 17:07:00,5,51,17.8,78,3.1,1014.6,1019.5,0.7,1,14,5.1,0
2019-01-17 17:12:00,5,51,17.8,77,3.1,1014.5,1019.4,0.7,1.7,2,5.1,0
2019-01-17 17:17:00,5,51,17.8,77,3.2,1014.3,1019.2,1.7,2.4,8,5.1,0
2019-01-17 17:22:00,5,51,17.8,77,3.2,1014.4,1019.3,1.7,2,8,5.1,0
2019-01-17 17:27:00,5,50,17.8,77,3.2,1014.3,1019.2,1.7,2.4,10,5.1,0
2019-01-17 17:32:00,5,50,17.8,77,3.2,1014.1,1019,1.7,2,10,5.1,0
2019-01-17 17:37:00,5,51,17.7,77,3.2,1014.2,1019.1,1.4,1.7,10,5.1,0
2019-01-17 17:42:00,5,51,17.7,76,3.2,1014.1,1019,1.4,2,8,5.1,0
2019-01-17 17:47:00,5,51,17.7,76,3.2,1014.4,1019.3,1.7,2,10,5.1,0
2019-01-17 17:52:00,5,51,17.7,75,3.1,1014.1,1019,1,1.4,10,5.1,0
2019-01-17 17:57:00,5,51,17.7,75,3.2,1013.9,1018.8,0.7,1.4,,5.1,0
2019-01-17 18:02:00,5,51,17.7,74,3.2,1013.8,1018.7,1,1.4,4,5.1,0
2019-01-17 18:07:00,5,50,17.7,74,3.2,1013.9,1018.8,1,1.7,10,5.1,0
2019-01-17 18:12:00,5,51,17.7,74,3.2,1013.8,1018.7,0.7,1.4,2,5.1,0
2019-01-17 18:17:00,5,51,17.6,73,3.2,1013.6,1018.5,1.4,2,2,5.1,0
2019-01-17 18:23:00,6,51,17.6,73,3.3,1013.5,1018.4,1,1.7,4,5.1,0
2019-01-17 18:28:00,5,51,17.6,73,3.3,1013.3,1018.2,1,2,12,5.1,0
2019-01-17 18:33:00,5,51,17.6,73,3.2,1013.3,1018.2,0.3,0.7,0,5.1,0
2019-01-17 18:39:00,6,51,17.6,73,3.2,1013.3,1018.2,1.7,2.7,,5.1,0
2019-01-17 18:44:00,5,51,17.6,72,3.3,1013.1,1018,1.7,2,,5.1,0
2019-01-17 18:49:00,5,51,17.6,71,3.3,1013.1,1018,1.7,2.4,,5.1,0
2019-01-17 18:55:00,6,51,17.6,74,3,1013.2,1018.1,1.4,2,4,5.1,0
2019-01-17 19:00:00,5,51,17.6,75,2.7,1013,1017.9,1.4,1.7,4,5.1,0
2019-01-17 19:05:00,5,52,17.6,76,2.7,1013,1017.9,1.7,2,4,5.1,0
2019-01-17 19:11:00,6,52,17.6,77,2.6,1012.9,1017.8,1.4,1.7,,5.1,0
2019-01-17 19:16:00,5,53,17.6,79,2.6,1012.9,1017.8,1,1.4,4,5.1,0
2019-01-17 19:21:00,5,53,17.7,79,2.7,1012.8,1017.7,1.7,2,4,5.1,0
2019-01-17 19:27:00,6,54,17.7,79,3.2,1012.9,1017.8,1.7,2.7,,5.1,0
2019-01-17 19:32:00,5,54,17.7,79,3.2,1012.7,1017.6,2,3.4,,5.1,0
2019-01-17 19:37:00,5,54,17.7,80,3.3,1012.6,1017.5,2.7,3.7,,5.1,0
2019-01-17 19:43:00,6,54,17.7,80,3.3,1012.3,1017.2,2.7,4.1,4,5.1,0
2019-01-17 19:48:00,5,54,17.8,80,3.3,1012.3,1017.2,2.7,3.1,4,5.1,0
2019-01-17 19:53:00,5,54,17.8,80,3.2,1012.2,1017.1,2.7,3.7,13,5.1,0
2019-01-17 19:59:00,6,54,17.8,81,3.2,1012,1016.9,3.1,4.1,,5.1,0
2019-01-17 20:04:00,5,54,17.8,81,3.2,1012,1016.9,4.1,5.4,4,5.1,0
2019-01-17 20:09:00,5,54,17.8,81,3.1,1011.9,1016.8,3.4,5.1,4,5.1,0
2019-01-17 20:15:00,6,54,17.8,82,3.1,1011.7,1016.6,2.7,3.7,,5.1,0
2019-01-17 20:20:00,5,54,17.8,83,3.1,1011.6,1016.5,4.4,5.4,4,5.1,0
2019-01-17 20:25:00,5,54,17.8,83,3.1,1011.6,1016.5,3.4,3.7,4,5.1,0
2019-01-17 20:31:00,6,54,17.9,83,3.1,1011.5,1016.4,2.4,3.1,4,5.1,0
2019-01-17 20:36:00,5,54,17.9,83,3,1011.5,1016.4,3.1,3.7,4,5.1,0
2019-01-17 20:41:00,5,54,18,83,3.1,1011.4,1016.3,2.7,3.4,,5.1,0
2019-01-17 20:47:00,6,54,18,83,3,1011.2,1016.1,2.7,3.1,4,5.1,0
2019-01-17 20:52:00,5,55,18,82,3.1,1011.1,1016,2,2.7,2,5.1,0
2019-01-17 20:57:00,5,55,18.1,82,3.2,1011.3,1016.2,2.4,4.1,,5.1,0
2019-01-17 21:03:00,6,56,18.2,81,3.3,1011,1015.9,3.1,4.1,4,5.1,0
2019-01-17 21:08:00,5,56,18.4,80,3.3,1010.9,1015.8,2.4,3.4,4,5.1,0
2019-01-17 21:13:00,5,56,18.5,80,3.2,1010.9,1015.8,4.4,5.1,,5.1,0
2019-01-17 21:19:00,6,56,18.7,80,3.2,1010.9,1015.8,2.7,3.4,14,5.1,0
2019-01-17 21:24:00,5,56,18.8,81,3.1,1011,1015.9,2,2.7,4,5.1,0
2019-01-17 21:29:00,5,56,18.9,81,3.1,1010.8,1015.7,1.7,2.7,2,5.1,0
2019-01-17 21:35:00,6,55,19.1,81,3.2,1010.7,1015.6,1,1.7,12,5.1,0
2019-01-17 21:40:00,5,54,19.1,81,3.2,1010.5,1015.4,2,3.4,2,5.1,0
2019-01-17 21:45:00,5,54,19.1,81,3.2,1010.7,1015.6,2.7,4.1,0,5.1,0
2019-01-17 21:51:00,6,54,19.3,82,2.9,1010.4,1015.3,3.1,4.4,8,5.1,0
2019-01-17 21:56:00,5,54,19.3,83,2.6,1010.2,1015.1,3.4,4.8,4,5.4,0
2019-01-17 22:01:00,5,54,19.4,84,2.5,1010.2,1015.1,1.7,3.7,4,5.4,0
2019-01-17 22:07:00,6,54,19.5,86,2.4,1010.1,1015,2.4,3.4,14,5.4,0
2019-01-17 22:12:00,5,54,19.5,87,2.3,1009.9,1014.8,3.7,5.1,12,5.4,0
2019-01-17 22:17:00,5,54,19.6,88,2.3,1009.7,1014.6,3.4,4.4,4,5.4,0
2019-01-17 22:23:00,6,53,19.6,89,2.4,1009.6,1014.5,3.7,4.8,14,5.4,0
2019-01-17 22:28:00,5,53,19.6,90,2.4,1009.5,1014.4,3.4,4.4,,5.4,0
2019-01-17 22:33:00,5,53,19.6,90,2.5,1009.3,1014.2,3.7,5.4,,5.4,0
2019-01-17 22:39:00,6,53,19.6,90,2.6,1009.2,1014.1,3.7,4.8,8,5.4,0
2019-01-17 22:44:00,5,53,19.6,90,2.6,1009.1,1014,4.8,6.1,4,5.4,0
2019-01-17 22:49:00,5,53,19.6,89,2.6,1009,1013.9,3.4,4.1,2,5.4,0
2019-01-17 22:55:00,6,53,19.6,89,2.6,1008.9,1013.8,3.7,5.1,15,5.4,0
2019-01-17 23:00:00,5,53,19.6,89,2.6,1008.7,1013.6,5.4,6.5,4,5.4,0
2019-01-17 23:05:00,5,53,19.6,89,2.6,1008.5,1013.4,5.1,7.1,4,5.4,0
2019-01-17 23:11:00,6,53,19.6,90,2.6,1008.5,1013.4,5.1,6.1,4,5.4,0
2019-01-17 23:16:00,5,53,19.6,90,2.7,1008.4,1013.3,4.4,5.8,4,5.4,0
2019-01-17 23:21:00,5,53,19.6,90,2.6,1008.4,1013.3,4.8,5.8,4,5.4,0
2019-01-17 23:27:00,6,52,19.6,90,2.5,1008.3,1013.2,6.1,7.5,,5.4,0
2019-01-17 23:32:00,5,52,19.6,90,2.5,1008.2,1013.1,4.4,5.4,4,5.4,0
2019-01-17 23:37:00,5,52,19.6,90,2.5,1008.1,1013,4.1,5.4,4,5.4,0
2019-01-17 23:43:00,6,52,19.6,90,2.5,1007.9,1012.8,4.1,5.4,,5.4,0
2019-01-17 23:48:00,5,52,19.6,90,2.4,1007.7,1012.6,5.8,6.8,,5.4,0
2019-01-17 23:53:00,5,52,19.6,90,2.4,1007.6,1012.5,3.7,4.8,,5.4,0
2019-01-17 23:59:00,6,52,19.6,90,2.4,1007.3,1012.2,4.8,6.1,,5.4,0
