2016-11-16 00:00:59,5,63,19.2,74,9.4,1013.2,1018.1,3.4,4.4,10,419.1,0
2016-11-16 00:05:59,5,63,19.2,74,9.4,1013.1,1018,2.4,3.4,8,419.1,0
2016-11-16 00:10:59,5,63,19.2,74,9.4,1013,1017.9,4.8,6.8,10,419.1,0
2016-11-16 00:15:59,5,63,19.1,74,9.4,1013,1017.9,3.1,5.1,12,419.1,0
2016-11-16 00:20:59,5,63,19.1,74,9.4,1012.9,1017.8,2.7,3.7,10,419.1,0
2016-11-16 00:25:59,5,63,19.1,74,9.4,1012.9,1017.8,2.4,4.1,8,419.1,0
2016-11-16 00:30:59,5,63,19.1,74,9.5,1012.9,1017.8,2.4,3.7,10,419.1,0
2016-11-16 00:35:59,5,63,19.2,74,9.5,1012.7,1017.6,3.1,5.1,9,419.1,0
2016-11-16 00:40:59,5,63,19.2,74,9.5,1012.7,1017.6,4.1,5.4,10,419.1,0
2016-11-16 00:45:59,5,63,19.1,74,9.5,1012.7,1017.6,3.7,5.1,8,419.1,0
2016-11-16 00:50:59,5,63,19.2,74,9.5,1012.5,1017.4,2.7,4.4,10,419.1,0
2016-11-16 00:55:59,5,63,19.1,74,9.5,1012.5,1017.4,2,3.7,9,419.1,0
2016-11-16 01:00:59,5,63,19.1,75,9.6,1012.4,1017.3,3.7,5.4,10,419.1,0
2016-11-16 01:05:59,5,63,19.1,75,9.7,1012.3,1017.2,2.7,4.8,12,419.1,0
2016-11-16 01:10:59,5,63,19.1,75,9.9,1012.3,1017.2,2.4,4.1,10,419.1,0
2016-11-16 01:15:59,5,63,19.1,75,9.9,1012.1,1017,3.4,4.8,10,419.1,0
2016-11-16 01:20:59,5,63,19.1,74,10,1012.1,1017,2.7,3.7,8,419.1,0
2016-11-16 01:25:59,5,63,19.1,74,10.1,1011.9,1016.8,5.4,10.2,11,419.1,0
2016-11-16 01:30:59,5,63,19.1,74,10.2,1011.8,1016.7,3.1,4.1,10,419.1,0
2016-11-16 01:35:59,5,63,19,74,10.3,1011.6,1016.5,4.8,6.1,8,419.1,0
2016-11-16 01:40:59,5,63,19,74,10.3,1011.4,1016.3,2.7,4.4,14,419.1,0
2016-11-16 01:45:59,5,63,19,74,10.3,1011.3,1016.2,4.8,6.8,8,419.1,0
2016-11-16 01:50:59,5,63,19,74,10.4,1011.4,1016.3,4.1,5.8,10,419.1,0
2016-11-16 01:55:59,5,63,19,74,10.4,1011,1015.9,3.7,6.1,8,419.1,0
2016-11-16 02:00:59,5,63,19,74,10.5,1011.2,1016.1,4.1,5.4,10,419.1,0
2016-11-16 02:05:59,5,63,19,74,10.5,1011.1,1016,2.4,3.4,10,419.1,0
2016-11-16 02:10:59,5,63,19,74,10.4,1011.1,1016,3.7,5.1,8,419.1,0
2016-11-16 02:15:59,5,63,19,74,10.4,1011,1015.9,3.1,4.8,8,419.1,0
2016-11-16 02:20:59,5,63,19,74,10.4,1010.7,1015.6,4.8,8.5,8,419.1,0
2016-11-16 02:25:59,5,64,18.9,74,10.6,1010.7,1015.6,3.1,4.1,10,419.1,0
2016-11-16 02:30:59,5,64,18.9,74,10.7,1010.7,1015.6,4.4,6.8,8,419.1,0
2016-11-16 02:35:59,5,64,18.9,74,10.8,1010.5,1015.4,2.7,3.7,8,419.1,0
2016-11-16 02:40:59,5,64,18.9,74,10.8,1010.6,1015.5,3.7,4.8,8,419.1,0
2016-11-16 02:45:59,5,64,18.9,74,10.9,1010.3,1015.2,2.7,3.7,14,419.1,0
2016-11-16 02:50:59,5,64,18.9,74,10.9,1010.3,1015.2,3.1,4.1,12,419.1,0
2016-11-16 02:55:59,5,63,19,74,10.9,1010.3,1015.2,4.1,5.8,10,419.1,0
2016-11-16 03:00:59,5,63,18.9,74,10.9,1010.3,1015.2,2.7,3.4,12,419.1,0
2016-11-16 03:05:59,5,64,18.9,74,10.9,1010.3,1015.2,3.4,5.1,8,419.1,0
2016-11-16 03:10:59,5,63,19,74,10.9,1010.1,1015,3.4,5.1,10,419.1,0
2016-11-16 03:15:59,5,62,19,74,10.9,1009.9,1014.8,3.4,5.1,10,419.1,0
2016-11-16 03:20:59,5,63,18.9,73,11,1009.9,1014.8,4.8,6.1,10,419.1,0
2016-11-16 03:25:59,5,63,18.9,73,11,1009.8,1014.7,3.7,5.4,10,419.1,0
2016-11-16 03:30:59,5,63,18.9,73,11.1,1009.6,1014.5,4.4,7.8,10,419.1,0
2016-11-16 03:35:59,5,63,18.9,73,11.1,1009.6,1014.5,3.7,4.8,10,419.1,0
2016-11-16 03:40:59,5,63,18.9,73,11.1,1009.5,1014.4,3.4,6.1,12,419.1,0
2016-11-16 03:45:59,5,63,18.9,73,11.1,1009.4,1014.3,4.1,5.4,10,419.1,0
2016-11-16 03:50:59,5,63,18.9,73,11.1,1009.5,1014.4,3.1,5.1,10,419.1,0
2016-11-16 03:55:59,5,63,18.9,73,11,1009.3,1014.2,2,3.1,10,419.1,0
2016-11-16 04:00:59,5,63,18.9,73,11.1,1009.2,1014.1,3.4,4.8,8,419.1,0
2016-11-16 04:05:59,5,63,18.9,73,11,1009.2,1014.1,4.1,5.8,10,419.1,0
2016-11-16 04:10:59,5,63,18.9,73,11,1009.1,1014,4.8,8.8,10,419.1,0
2016-11-16 04:15:59,5,63,18.9,74,10.9,1009,1013.9,3.1,5.4,10,419.1,0
2016-11-16 04:20:59,5,63,18.9,74,10.8,1009,1013.9,2.7,4.8,10,419.1,0
2016-11-16 04:25:59,5,63,18.9,75,10.7,1009,1013.9,3.4,4.8,2,419.1,0
2016-11-16 04:30:59,5,63,18.9,75,10.6,1008.9,1013.8,3.4,4.4,12,419.1,0
2016-11-16 04:35:59,5,63,18.9,75,10.5,1009.2,1014.1,4.4,6.8,9,419.7,0
2016-11-16 04:40:59,5,63,18.9,75,10.4,1009.2,1014.1,3.7,4.8,10,420,0
2016-11-16 04:45:59,5,63,18.9,75,10.3,1009.2,1014.1,3.1,4.4,12,420,0
2016-11-16 04:50:59,5,63,18.9,75,10.2,1009.2,1014.1,4.8,5.1,10,420.3,0
2016-11-16 04:55:59,5,63,18.9,75,10.2,1009.1,1014,4.4,6.5,12,420.3,0
2016-11-16 05:00:59,5,63,18.9,75,10.2,1009.2,1014.1,4.4,5.8,10,420.3,0
2016-11-16 05:05:59,5,63,18.9,75,10.2,1009.1,1014,3.4,4.4,9,420.3,0
2016-11-16 05:10:59,5,63,18.9,75,10.1,1009.3,1014.2,4.1,5.1,12,420.6,0
2016-11-16 05:15:59,5,63,18.8,76,9.9,1009.1,1014,5.8,7.8,10,420.6,0
2016-11-16 05:20:59,5,63,18.8,76,9.7,1009.2,1014.1,2.7,4.8,12,420.6,0
2016-11-16 05:25:59,5,63,18.8,76,9.6,1009,1013.9,3.1,4.1,12,420.6,0
2016-11-16 05:30:59,5,63,18.8,76,9.5,1009.2,1014.1,3.1,4.8,10,420.6,0
2016-11-16 05:35:59,5,63,18.9,76,9.5,1009.2,1014.1,2.4,3.7,10,420.9,0
2016-11-16 05:40:59,5,63,18.8,76,9.6,1009.3,1014.2,4.1,5.8,8,420.9,0
2016-11-16 05:45:59,5,63,18.9,76,9.7,1009.4,1014.3,3.7,5.8,10,420.9,0
2016-11-16 05:50:59,5,63,18.8,76,9.7,1009.6,1014.5,2.7,3.7,10,420.9,0
2016-11-16 05:55:59,5,63,18.8,76,9.7,1009.4,1014.3,3.1,3.7,10,420.9,0
2016-11-16 06:00:59,5,63,18.8,76,9.6,1009.4,1014.3,3.7,5.4,12,420.9,0
2016-11-16 06:05:59,5,63,18.8,76,9.5,1009.6,1014.5,3.7,6.1,12,420.9,0
2016-11-16 06:10:59,5,63,18.7,75,9.5,1009.8,1014.7,2,2.7,12,420.9,0
2016-11-16 06:15:59,5,63,18.8,75,9.4,1009.7,1014.6,4.4,6.5,10,420.9,0
2016-11-16 06:20:59,5,63,18.8,74,9.3,1009.7,1014.6,3.1,5.1,10,420.9,0
2016-11-16 06:25:59,5,63,18.8,74,9.2,1009.8,1014.7,2.4,3.4,12,420.9,0
2016-11-16 06:30:59,5,63,18.8,74,9.1,1009.6,1014.5,2.4,4.1,10,420.9,0
2016-11-16 06:35:59,5,63,18.8,74,9.1,1009.6,1014.5,2,2.7,8,420.9,0
2016-11-16 06:40:59,5,63,18.8,74,9,1009.7,1014.6,2.7,4.1,10,420.9,0
2016-11-16 06:45:59,5,63,18.7,74,9,1009.6,1014.5,2.7,4.1,10,420.9,0
2016-11-16 06:50:59,5,63,18.8,74,9.1,1009.7,1014.6,2,2.7,12,420.9,0
2016-11-16 06:55:59,5,63,18.7,74,9.1,1009.6,1014.5,2.4,4.1,12,420.9,0
2016-11-16 07:00:59,5,63,18.7,74,9.1,1009.7,1014.6,1.7,2.4,10,420.9,0
2016-11-16 07:05:59,5,63,18.7,74,9,1009.6,1014.5,3.4,5.1,10,420.9,0
2016-11-16 07:10:59,5,63,18.8,74,9,1009.7,1014.6,2,3.1,12,420.9,0
2016-11-16 07:15:59,5,63,18.8,73,9,1009.7,1014.6,3.1,3.7,12,420.9,0
2016-11-16 07:20:59,5,63,18.7,72,9,1009.9,1014.8,3.7,5.1,8,420.9,0
2016-11-16 07:25:59,5,63,18.7,73,8.9,1009.8,1014.7,2.7,4.1,12,420.9,0
2016-11-16 07:30:59,5,63,18.7,73,8.7,1009.7,1014.6,2.7,4.1,10,420.9,0
2016-11-16 07:35:59,5,63,18.7,73,8.6,1009.7,1014.6,2.4,3.1,10,420.9,0
2016-11-16 07:40:59,5,63,18.7,72,8.4,1010,1014.9,2.7,3.4,10,420.9,0
2016-11-16 07:45:59,5,63,18.7,72,8.3,1009.6,1014.5,2.7,3.7,10,420.9,0
2016-11-16 07:50:59,5,62,18.7,72,8.2,1009.8,1014.7,2,3.1,12,420.9,0
2016-11-16 07:55:59,5,63,18.6,72,8.2,1010,1014.9,1.7,2.4,14,420.9,0
2016-11-16 08:00:59,5,63,18.6,72,8.1,1009.9,1014.8,2.4,3.4,14,420.9,0
2016-11-16 08:05:59,5,63,18.6,72,8,1010,1014.9,2.7,3.7,12,420.9,0
2016-11-16 08:10:59,5,63,18.6,72,8,1010,1014.9,2.7,3.7,12,420.9,0
2016-11-16 08:15:59,5,63,18.6,71,8,1010,1014.9,3.4,5.1,10,420.9,0
2016-11-16 08:20:59,5,63,18.6,70,8.1,1009.9,1014.8,3.1,4.1,10,420.9,0
2016-11-16 08:25:59,5,63,18.6,69,8.1,1010,1014.9,2.7,3.7,10,420.9,0
2016-11-16 08:30:59,5,63,18.6,68,8.1,1010.4,1015.3,3.4,4.4,10,420.9,0
2016-11-16 08:35:59,5,63,18.6,67,8.1,1010.2,1015.1,2.4,3.4,12,420.9,0
2016-11-16 08:40:59,5,63,18.6,67,8.1,1010,1014.9,2.7,3.7,10,420.9,0
2016-11-16 08:45:59,5,63,18.6,67,8.2,1010.3,1015.2,4.1,5.1,8,420.9,0
2016-11-16 08:50:59,5,63,18.6,67,8.2,1010.1,1015,3.4,4.8,10,420.9,0
2016-11-16 08:55:59,5,58,18.6,66,8.3,1010.1,1015,2.7,3.7,12,420.9,0
2016-11-16 09:00:59,5,53,18.6,66,8.3,1010.2,1015.1,3.7,5.4,10,420.9,0
2016-11-16 09:05:59,5,52,18.5,66,8.3,1010.1,1015,2.7,4.4,10,420.9,0
2016-11-16 09:10:59,5,50,18.4,66,8.2,1010.2,1015.1,2.7,3.4,10,420.9,0
2016-11-16 09:15:59,5,53,18.3,66,8.2,1010.2,1015.1,1.7,2.7,10,420.9,0
2016-11-16 09:20:59,5,55,18.3,66,8.1,1010.4,1015.3,3.1,4.1,12,420.9,0
2016-11-16 09:25:59,5,56,18.4,65,8.2,1010.4,1015.3,3.4,4.8,10,420.9,0
2016-11-16 09:30:59,5,57,18.3,65,8.2,1010.4,1015.3,3.4,4.1,10,420.9,0
2016-11-16 09:35:59,5,58,18.3,64,8.3,1010.6,1015.5,2.7,4.4,12,420.9,0
2016-11-16 09:40:59,5,59,18.3,64,8.3,1010.6,1015.5,2.7,5.8,12,420.9,0
2016-11-16 09:45:59,5,59,18.4,64,8.4,1010.6,1015.5,2.4,3.4,14,420.9,0
2016-11-16 09:50:59,5,59,18.5,64,8.3,1010.7,1015.6,2.7,4.4,12,420.9,0
2016-11-16 09:55:59,5,60,18.4,65,8.1,1010.5,1015.4,2.7,4.4,12,420.9,0
2016-11-16 10:00:59,5,60,18.4,65,8.1,1010.6,1015.5,2.7,3.4,10,420.9,0
2016-11-16 10:05:59,5,60,18.5,66,8.1,1010.6,1015.5,1.4,2,12,420.9,0
2016-11-16 10:10:59,5,61,18.5,66,8.1,1010.6,1015.5,1.7,2,10,420.9,0
2016-11-16 10:15:59,5,61,18.5,66,8.3,1010.5,1015.4,1,1.4,10,420.9,0
2016-11-16 10:20:59,5,61,18.5,67,8.4,1010.5,1015.4,2,3.1,14,420.9,0
2016-11-16 10:25:59,5,61,18.5,67,8.1,1010.6,1015.5,2.4,3.7,12,420.9,0
2016-11-16 10:30:59,5,61,18.6,69,7.9,1010.6,1015.5,2.7,4.4,10,420.9,0
2016-11-16 10:35:59,5,62,18.6,68,8,1010.5,1015.4,3.7,5.8,12,420.9,0
2016-11-16 10:40:59,5,62,18.6,68,8.4,1010.5,1015.4,2,2.7,8,420.9,0
2016-11-16 10:45:59,5,62,18.6,68,8.4,1010.6,1015.5,1.7,2.4,10,420.9,0
2016-11-16 10:50:59,5,62,18.6,68,8.2,1010.5,1015.4,2,3.4,12,420.9,0
2016-11-16 10:55:59,5,62,18.6,68,8.4,1010.4,1015.3,1.7,2.4,10,420.9,0
2016-11-16 11:00:59,5,62,18.7,67,8.6,1010.6,1015.5,2.4,3.4,14,420.9,0
2016-11-16 11:05:59,5,62,18.7,67,8.7,1010.6,1015.5,3.4,5.1,12,420.9,0
2016-11-16 11:10:59,5,62,18.7,66,8.7,1010.6,1015.5,2.4,4.4,10,420.9,0
2016-11-16 11:15:59,5,62,18.7,66,8.4,1010.5,1015.4,3.1,4.4,9,420.9,0
2016-11-16 11:20:59,5,62,18.7,66,8.2,1010.6,1015.5,2.4,3.4,12,420.9,0
2016-11-16 11:25:59,5,62,18.7,67,8.1,1010.6,1015.5,1.4,2,12,420.9,0
2016-11-16 11:30:59,5,62,18.8,67,8.4,1010.5,1015.4,2.7,4.1,10,420.9,0
2016-11-16 11:35:59,5,62,18.8,66,9,1010.4,1015.3,3.1,5.1,10,420.9,0
2016-11-16 11:40:59,5,62,18.8,66,9,1010.2,1015.1,2.7,5.1,12,420.9,0
2016-11-16 11:45:59,5,62,18.8,66,8.9,1010.2,1015.1,2,3.1,12,420.9,0
2016-11-16 11:50:59,5,62,18.8,65,9,1010.3,1015.2,3.7,7.5,12,420.9,0
2016-11-16 11:55:59,5,62,18.8,65,9,1010.1,1015,3.4,4.1,12,420.9,0
2016-11-16 12:00:59,5,62,18.9,66,8.9,1010.1,1015,2.4,3.4,12,420.9,0
2016-11-16 12:05:59,5,62,18.9,66,8.7,1010,1014.9,3.4,4.8,14,420.9,0
2016-11-16 12:10:59,5,61,19,66,8.7,1010,1014.9,2.4,3.4,14,420.9,0
2016-11-16 12:15:59,5,61,19,66,8.5,1010,1014.9,3.1,4.8,10,421.2,0
2016-11-16 12:20:59,5,61,19,67,8.4,1010.1,1015,2,3.7,10,421.2,0
2016-11-16 12:25:59,5,61,19,66,8.3,1009.9,1014.8,1.4,2.7,10,421.2,0
2016-11-16 12:30:59,5,61,19,65,8.2,1009.9,1014.8,2.4,3.7,13,421.2,0
2016-11-16 12:35:59,5,61,19,65,8.2,1009.7,1014.6,2.7,4.1,10,421.2,0
2016-11-16 12:40:59,5,61,19,65,8.3,1009.7,1014.6,2,2.7,10,421.2,0
2016-11-16 12:45:59,5,61,19,67,8.1,1009.8,1014.7,2,3.4,10,421.2,0
2016-11-16 12:50:59,5,61,19,70,7.8,1009.7,1014.6,3.4,5.1,8,421.5,0
2016-11-16 12:55:59,5,61,19,71,7.4,1009.6,1014.5,3.1,5.1,12,421.8,0
2016-11-16 13:00:59,5,62,18.9,72,7.5,1009.6,1014.5,2.4,4.8,10,421.8,0
2016-11-16 13:05:59,5,63,18.9,72,7.8,1009.7,1014.6,3.1,4.1,10,421.8,0
2016-11-16 13:10:59,5,63,18.9,71,8.3,1009.5,1014.4,1.7,2.4,10,421.8,0
2016-11-16 13:15:59,5,62,19,70,8.3,1009.3,1014.2,2,3.1,12,421.8,0
2016-11-16 13:20:59,5,62,19,70,8.1,1009.4,1014.3,2.4,3.4,14,421.8,0
2016-11-16 13:25:59,5,62,19,70,8.6,1009.3,1014.2,2.4,3.1,10,421.8,0
2016-11-16 13:30:59,5,62,19.1,69,8.6,1009.2,1014.1,2.4,3.4,12,421.8,0
2016-11-16 13:35:59,5,62,19.1,69,8.5,1009.2,1014.1,3.1,4.1,10,421.8,0
2016-11-16 13:40:59,5,61,19.1,68,8.8,1009,1013.9,3.7,5.1,14,421.8,0
2016-11-16 13:45:59,5,62,19.1,65,9.1,1009,1013.9,3.7,5.8,12,421.8,0
2016-11-16 13:50:59,5,61,19.1,64,9.2,1008.8,1013.7,2.7,5.1,12,421.8,0
2016-11-16 13:55:59,5,61,19.2,64,9.4,1008.7,1013.6,3.7,5.1,14,421.8,0
2016-11-16 14:00:59,5,61,19.2,64,9.3,1008.6,1013.5,3.1,4.1,10,421.8,0
2016-11-16 14:05:59,5,61,19.2,64,9,1008.8,1013.7,2.7,3.7,10,421.8,0
2016-11-16 14:10:59,5,61,19.2,65,8.6,1008.5,1013.4,3.1,3.7,8,421.8,0
2016-11-16 14:15:59,5,61,19.2,66,8.4,1008.6,1013.5,3.7,5.1,12,421.8,0
2016-11-16 14:20:59,5,61,19.2,65,8.6,1008.6,1013.5,3.1,4.1,12,421.8,0
2016-11-16 14:25:59,5,57,19.1,65,8.7,1008.6,1013.5,4.1,6.1,12,421.8,0
2016-11-16 14:30:59,5,51,19.1,65,8.9,1008.7,1013.6,4.1,4.4,12,421.8,0
2016-11-16 14:35:59,5,49,19.1,63,9.1,1008.5,1013.4,3.4,5.1,9,421.8,0
2016-11-16 14:40:59,5,51,19,63,9,1008.6,1013.5,3.1,3.7,10,421.8,0
2016-11-16 14:45:59,5,52,19,64,8.5,1008.6,1013.5,2.7,4.4,14,421.8,0
2016-11-16 14:50:59,5,54,19,63,8.3,1008.6,1013.5,3.7,5.4,12,421.8,0
2016-11-16 14:55:59,5,56,19,63,8.2,1008.6,1013.5,3.7,4.8,10,421.8,0
2016-11-16 15:00:59,5,57,19.1,62,8.3,1008.5,1013.4,3.4,4.8,10,421.8,0
2016-11-16 15:05:59,5,58,19.1,61,8.4,1008.3,1013.2,2.7,4.1,10,421.8,0
2016-11-16 15:10:59,5,59,19.1,61,8.2,1008.3,1013.2,3.1,4.8,12,421.8,0
2016-11-16 15:15:59,5,59,19.1,63,8,1008.5,1013.4,4.1,8.2,14,421.8,0
2016-11-16 15:20:59,5,59,19.1,64,7.6,1008.2,1013.1,3.7,5.4,12,421.8,0
2016-11-16 15:25:59,5,59,19.1,66,7.3,1008.1,1013,3.4,5.4,12,421.8,0
2016-11-16 15:30:59,5,59,19.1,66,7.3,1008.2,1013.1,3.7,4.4,14,421.8,0
2016-11-16 15:35:59,5,59,19.1,66,7.4,1008.3,1013.2,3.7,4.8,10,421.8,0
2016-11-16 15:40:59,5,59,19.1,67,7.4,1008.2,1013.1,2.7,3.7,10,421.8,0
2016-11-16 15:45:59,5,59,19.1,68,7.2,1008.2,1013.1,2,4.4,10,421.8,0
2016-11-16 15:50:59,5,59,19.1,69,7.1,1008.4,1013.3,2.4,3.4,12,421.8,0
2016-11-16 15:55:59,5,59,19,70,7,1008.2,1013.1,1.7,2.4,10,421.8,0
2016-11-16 16:00:59,5,59,19,71,7.1,1008.4,1013.3,3.1,4.1,10,421.8,0
2016-11-16 16:05:59,5,59,19,71,7,1008,1012.9,2.7,3.7,8,421.8,0
2016-11-16 16:10:59,5,59,19,72,6.9,1008.1,1013,2.7,3.7,9,421.8,0
2016-11-16 16:15:59,5,60,18.9,72,6.9,1008,1012.9,1.7,2.7,10,421.8,0
2016-11-16 16:20:59,5,60,18.9,72,6.9,1007.9,1012.8,2,3.1,8,421.8,0
2016-11-16 16:25:59,5,60,18.9,72,6.8,1007.9,1012.8,1.7,3.4,10,421.8,0
2016-11-16 16:30:59,5,60,18.9,72,6.7,1007.9,1012.8,1.7,3.1,10,421.8,0
2016-11-16 16:35:59,5,60,18.8,72,6.7,1007.8,1012.7,2.4,3.4,12,421.8,0
2016-11-16 16:40:59,5,60,18.9,72,6.7,1007.8,1012.7,1.7,2.4,10,421.8,0
2016-11-16 16:45:59,5,60,18.8,72,6.6,1007.7,1012.6,1.7,2.4,10,421.8,0
2016-11-16 16:50:59,5,60,18.8,72,6.6,1007.6,1012.5,2,3.1,10,421.8,0
2016-11-16 16:55:59,5,60,18.8,73,6.5,1007.6,1012.5,1.7,2.7,10,421.8,0
2016-11-16 17:00:59,5,60,18.8,73,6.4,1007.6,1012.5,1.4,2.4,10,421.8,0
2016-11-16 17:05:59,5,60,18.8,73,6.3,1007.5,1012.4,1.4,2.7,10,421.8,0
2016-11-16 17:10:59,5,61,18.8,73,6.3,1007.3,1012.2,1.7,3.4,10,421.8,0
2016-11-16 17:15:59,5,61,18.7,73,6.3,1007.4,1012.3,1.7,2.4,10,421.8,0
2016-11-16 17:20:59,5,61,18.7,73,6.4,1007.3,1012.2,1.4,2,10,421.8,0
2016-11-16 17:25:59,5,61,18.7,73,6.4,1007.1,1012,1.4,2,10,421.8,0
2016-11-16 17:30:59,5,61,18.7,73,6.3,1007.2,1012.1,1.4,2.4,10,421.8,0
2016-11-16 17:35:59,5,61,18.7,73,6.3,1007.1,1012,1.7,2.7,10,421.8,0
2016-11-16 17:40:59,5,61,18.6,73,6.3,1007.3,1012.2,1.4,2.4,10,421.8,0
2016-11-16 17:45:59,5,61,18.6,73,6.4,1007.2,1012.1,1.7,3.1,12,421.8,0
2016-11-16 17:50:59,5,61,18.6,73,6.4,1007.3,1012.2,2,3.4,14,421.8,0
2016-11-16 17:55:59,5,56,18.6,73,6.4,1007.1,1012,2.4,3.1,12,421.8,0
2016-11-16 18:00:59,5,56,18.6,73,6.6,1007.3,1012.2,2.4,3.4,10,422.1,0
2016-11-16 18:05:59,5,56,18.5,73,6.7,1007.1,1012,1.4,2.7,10,422.1,0
2016-11-16 18:10:59,5,57,18.5,72,6.7,1007,1011.9,3.7,4.8,12,422.1,0
2016-11-16 18:15:59,5,57,18.5,72,6.8,1007.1,1012,2.4,3.7,12,422.1,0
2016-11-16 18:20:59,5,57,18.5,73,6.8,1007,1011.9,3.1,4.1,10,422.1,0
2016-11-16 18:25:59,5,57,18.4,73,6.8,1006.9,1011.8,3.1,5.1,8,422.1,0
2016-11-16 18:30:59,5,56,18.4,73,6.7,1006.9,1011.8,2,2.7,12,422.1,0
2016-11-16 18:35:59,5,56,18.4,73,6.5,1006.8,1011.7,1.7,2.4,13,422.1,0
2016-11-16 18:40:59,5,57,18.4,73,6.3,1006.7,1011.6,1.7,2.7,10,422.1,0
2016-11-16 18:45:59,5,57,18.4,73,6.2,1006.5,1011.4,1,1.4,10,422.1,0
2016-11-16 18:50:59,5,57,18.3,73,6.1,1006.5,1011.4,1.4,2.4,10,422.1,0
2016-11-16 18:55:59,5,57,18.3,73,6,1006.3,1011.2,1.7,2,12,422.1,0
2016-11-16 19:00:59,5,57,18.3,73,6,1006.3,1011.2,3.7,5.1,10,422.1,0
2016-11-16 19:05:59,5,57,18.3,73,6.3,1006.4,1011.3,3.1,3.7,12,422.1,0
2016-11-16 19:10:59,5,57,18.3,73,6.5,1006.3,1011.2,2.7,3.7,12,422.1,0
2016-11-16 19:15:59,5,57,18.3,72,6.4,1006.3,1011.2,1.4,2,10,422.1,0
2016-11-16 19:20:59,5,57,18.3,72,6.3,1006.1,1011,1.4,2,10,422.1,0
2016-11-16 19:25:59,5,57,18.3,72,6.3,1006.2,1011.1,1.4,2,10,422.1,0
2016-11-16 19:30:59,5,58,18.2,72,6.2,1006,1010.9,1,1.7,12,422.1,0
2016-11-16 19:35:59,5,58,18.3,72,6.1,1005.9,1010.8,1,1.4,8,422.1,0
2016-11-16 19:40:59,5,58,18.3,72,6,1005.9,1010.8,1,2.4,8,422.1,0
2016-11-16 19:45:59,5,58,18.3,73,6,1005.9,1010.8,1,1.7,8,422.1,0
2016-11-16 19:50:59,5,59,18.3,73,6,1005.8,1010.7,0.7,1,10,422.1,0
2016-11-16 19:55:59,5,59,18.3,73,6,1006,1010.9,1,2,8,422.1,0
2016-11-16 20:00:59,5,59,18.3,73,6.1,1005.9,1010.8,3.1,4.1,10,422.4,0
2016-11-16 20:05:59,5,59,18.3,73,6.2,1005.9,1010.8,4.1,5.4,12,422.4,0
2016-11-16 20:10:59,5,59,18.3,73,6.2,1005.7,1010.6,2.4,3.1,10,422.4,0
2016-11-16 20:15:59,5,60,18.4,73,6.2,1005.6,1010.5,2.7,4.8,12,422.4,0
2016-11-16 20:20:59,5,60,18.4,72,6.2,1005.7,1010.6,3.1,4.4,10,422.4,0
2016-11-16 20:25:59,5,60,18.4,72,6.3,1005.7,1010.6,2,3.7,10,422.4,0
2016-11-16 20:30:59,5,60,18.4,73,6.2,1005.7,1010.6,2,2.7,10,422.4,0
2016-11-16 20:36:59,6,60,18.4,73,6.1,1005.6,1010.5,1.7,2.4,10,422.4,0
2016-11-16 20:41:59,5,60,18.5,73,6.1,1005.4,1010.3,1.7,2.7,10,422.7,0
2016-11-16 20:46:59,5,60,18.4,73,6,1005.4,1010.3,1.7,2.4,10,422.7,0
2016-11-16 20:52:59,6,60,18.4,75,5.9,1005.2,1010.1,1.7,2.4,12,422.7,0
2016-11-16 20:57:59,5,60,18.5,75,5.8,1005,1009.9,1.4,1.7,12,422.7,0
2016-11-16 21:02:59,5,60,18.5,75,5.8,1005,1009.9,1,1.7,10,422.7,0
2016-11-16 21:07:59,5,61,18.4,75,5.8,1004.8,1009.7,1,1.7,12,422.7,0
2016-11-16 21:12:59,5,61,18.5,75,5.8,1004.9,1009.8,1.4,2,10,422.7,0
2016-11-16 21:17:59,5,61,18.5,75,5.8,1004.7,1009.6,1,1.4,10,422.7,0
2016-11-16 21:22:59,5,61,18.5,76,5.8,1004.6,1009.5,1,1.7,0,422.7,0
2016-11-16 21:28:59,6,61,18.5,75,6,1004.6,1009.5,1.7,2.4,10,422.7,0
2016-11-16 21:33:59,5,61,18.5,75,6.1,1004.5,1009.4,1.7,2.4,10,422.7,0
2016-11-16 21:38:59,5,61,18.5,74,6.1,1004.4,1009.3,1,2,10,422.7,0
2016-11-16 21:44:59,6,61,18.5,74,6.2,1004.4,1009.3,1.7,2.7,10,422.7,0
2016-11-16 21:49:59,5,61,18.6,74,6.2,1004.4,1009.3,1.4,3.1,,422.7,0
2016-11-16 21:54:59,5,62,18.6,74,6.2,1004.5,1009.4,2.4,4.4,10,422.7,0
2016-11-16 22:00:59,6,62,18.6,74,6.2,1004.4,1009.3,3.4,4.4,12,422.7,0
2016-11-16 22:05:59,5,62,18.6,74,6.2,1004.1,1009,2,2.7,10,422.7,0
2016-11-16 22:10:59,5,62,18.6,74,6.1,1004,1008.9,2.4,4.1,10,422.7,0
2016-11-16 22:16:59,6,62,18.6,73,6.1,1003.7,1008.6,2,2.4,10,422.7,0
2016-11-16 22:21:59,5,62,18.6,73,6.1,1003.9,1008.8,1.7,2.7,9,422.7,0
2016-11-16 22:26:59,5,62,18.6,72,6,1003.6,1008.5,1.4,2.4,8,422.7,0
2016-11-16 22:32:59,6,62,18.6,73,5.8,1003.8,1008.7,2.4,3.1,10,422.7,0
2016-11-16 22:37:59,5,62,18.6,74,5.8,1003.4,1008.3,2,3.4,10,423,0
2016-11-16 22:42:59,5,62,18.6,74,5.9,1003.4,1008.3,3.1,4.4,12,423,0
2016-11-16 22:48:59,6,62,18.6,74,6,1003.2,1008.1,2.7,3.7,10,423,0
2016-11-16 22:53:59,5,62,18.6,74,6.1,1003.2,1008.1,2.4,4.1,10,423,0
2016-11-16 22:58:59,5,62,18.6,74,6.1,1002.9,1007.8,1.7,3.1,12,423,0
2016-11-16 23:04:59,6,62,18.7,74,6.1,1002.9,1007.8,1.7,2.7,12,423,0
2016-11-16 23:09:59,5,62,18.7,74,6,1002.8,1007.7,1.7,3.4,8,423,0
2016-11-16 23:14:59,5,62,18.7,74,5.9,1002.6,1007.5,1.7,2.4,10,423,0
2016-11-16 23:20:59,6,62,18.7,75,5.9,1002.5,1007.4,2,2.7,8,423,0
2016-11-16 23:25:59,5,62,18.7,74,5.8,1002.2,1007.1,1,2,10,423,0
2016-11-16 23:30:59,5,62,18.7,75,5.7,1002.5,1007.4,2,2.7,14,423,0
2016-11-16 23:36:59,6,62,18.7,75,5.7,1002.5,1007.4,2,2.7,10,423.3,0
2016-11-16 23:41:59,5,62,18.7,75,5.8,1002.4,1007.3,2.4,3.7,10,423.3,0
2016-11-16 23:46:59,5,62,18.7,75,5.8,1002.4,1007.3,2,3.4,12,423.3,0
2016-11-16 23:52:59,6,61,18.7,75,5.7,1002.2,1007.1,1,1.7,12,423.6,0
2016-11-16 23:57:59,5,61,18.7,75,5.7,1002,1006.9,2,3.4,8,423.9,0
