2015-01-19 00:02:01,5,55,19.1,72,-2.3,1017.1,1022,0,0.3,8,74.4,0
2015-01-19 00:07:01,5,55,19.1,76,-1.8,1017,1021.9,0.3,1,8,74.4,0
2015-01-19 00:12:01,5,55,19.1,76,-1.4,1017.2,1022.1,0.3,0.7,9,74.4,0
2015-01-19 00:17:01,5,56,18.9,76,-1.5,1017.1,1022,0.3,1,10,74.4,0
2015-01-19 00:22:01,5,56,18.9,76,-1.5,1017,1021.9,0.7,1.4,10,74.4,0
2015-01-19 00:27:01,5,56,18.9,76,-1.5,1016.9,1021.8,0.3,0.7,10,74.4,0
2015-01-19 00:32:01,5,56,18.8,76,-1.5,1017,1021.9,0.3,0.7,10,74.4,0
2015-01-19 00:37:01,5,55,18.8,76,-1.5,1017,1021.9,0.7,0.7,10,74.4,0
2015-01-19 00:42:01,5,55,18.7,76,-1.5,1016.8,1021.7,0.3,0.7,10,74.4,0
2015-01-19 00:47:01,5,55,18.7,76,-1.5,1016.8,1021.7,0.3,0.7,8,74.4,0
2015-01-19 00:52:01,5,55,18.6,76,-1.6,1016.7,1021.6,0,0.3,10,74.4,0
2015-01-19 00:57:01,5,55,18.6,76,-1.7,1016.7,1021.6,0,0.7,10,74.4,0
2015-01-19 01:02:01,5,55,18.6,77,-1.7,1016.6,1021.5,0,0.3,10,74.4,0
2015-01-19 01:07:01,5,55,18.5,77,-1.6,1016.5,1021.4,0.3,0.7,8,74.4,0
2015-01-19 01:12:01,5,55,18.5,77,-1.6,1016.3,1021.2,0,0.3,8,74.4,0
2015-01-19 01:17:01,5,55,18.4,77,-1.7,1016.4,1021.3,0,0.3,8,74.4,0
2015-01-19 01:22:01,5,55,18.4,77,-1.8,1016.3,1021.2,0,0.3,4,74.4,0
2015-01-19 01:27:01,5,55,18.4,77,-1.8,1016.4,1021.3,0,0.3,4,74.4,0
2015-01-19 01:32:01,5,55,18.3,77,-2,1016.1,1021,0,0.3,4,74.4,0
2015-01-19 01:37:01,5,55,18.3,77,-2,1016,1020.9,0,0.3,8,74.4,0
2015-01-19 01:42:01,5,55,18.3,73,-2.1,1016.2,1021.1,0,0,8,74.4,0
2015-01-19 01:47:01,5,55,18.2,73,-2.2,1016.1,1021,0,0,8,74.4,0
2015-01-19 01:52:01,5,55,18.2,77,-2,1016,1020.9,0,0.7,10,74.4,0
2015-01-19 01:57:01,5,54,18.2,73,-2.1,1016,1020.9,0,0.7,10,74.4,0
2015-01-19 02:02:01,5,54,18.2,73,-2.1,1016,1020.9,0,0.3,8,74.4,0
2015-01-19 02:07:01,5,54,18.1,77,-2,1016.1,1021,0,0.7,12,74.4,0
2015-01-19 02:12:01,5,54,18.1,73,-2.1,1016.1,1021,0.3,0.7,10,74.4,0
2015-01-19 02:17:01,5,54,18.1,73,-2.1,1016,1020.9,0.3,0.7,10,74.4,0
2015-01-19 02:22:01,5,54,18.1,73,-2.2,1016,1020.9,0.7,1,10,74.4,0
2015-01-19 02:27:01,5,54,18.1,73,-2.3,1016.2,1021.1,0.3,0.7,8,74.4,0
2015-01-19 02:32:01,5,54,18,73,-2.3,1016.1,1021,0.3,0.7,8,74.4,0
2015-01-19 02:37:01,5,54,18,73,-2.3,1016,1020.9,0.3,0.7,9,74.4,0
2015-01-19 02:42:01,5,54,18,73,-2.5,1016,1020.9,0.3,0.7,10,74.4,0
2015-01-19 02:47:01,5,54,18,73,-2.6,1015.9,1020.8,0.3,1,9,74.4,0
2015-01-19 02:52:01,5,54,17.9,73,-2.6,1015.7,1020.6,0.3,0.7,8,74.4,0
2015-01-19 02:57:01,5,54,17.9,73,-2.4,1015.7,1020.6,0.3,0.7,8,74.4,0
2015-01-19 03:02:01,5,54,17.9,73,-2.4,1015.6,1020.5,0,0.7,8,74.4,0
2015-01-19 03:07:01,5,54,17.9,73,-2.3,1015.4,1020.3,0.3,1,8,74.4,0
2015-01-19 03:12:01,5,54,17.8,73,-2.1,1015.4,1020.3,0,0.7,8,74.4,0
2015-01-19 03:17:01,5,54,17.9,73,-2.1,1015.3,1020.2,0.3,0.7,4,74.4,0
2015-01-19 03:22:01,5,54,17.8,73,-2.5,1015.1,1020,0,0.3,2,74.4,0
2015-01-19 03:27:01,5,54,17.8,73,-2.6,1015,1019.9,0.3,0.7,8,74.4,0
2015-01-19 03:32:01,5,54,17.8,73,-2.6,1015.1,1020,0,0,8,74.4,0
2015-01-19 03:37:01,5,54,17.8,73,-2.7,1015.1,1020,0,0,4,74.4,0
2015-01-19 03:42:01,5,54,17.7,73,-2.8,1015,1019.9,0.3,0.7,4,74.4,0
2015-01-19 03:47:01,5,54,17.7,73,-2.6,1014.8,1019.7,0.3,0.7,10,74.4,0
2015-01-19 03:52:01,5,54,17.7,73,-2.2,1014.8,1019.7,0.3,0.7,8,74.4,0
2015-01-19 03:57:01,5,54,17.6,77,-2,1014.7,1019.6,0.3,1,8,74.4,0
2015-01-19 04:02:01,5,53,17.6,77,-1.9,1014.8,1019.7,0,0.3,8,74.4,0
2015-01-19 04:07:01,5,53,17.6,77,-2,1014.7,1019.6,0,0,8,74.4,0
2015-01-19 04:12:01,5,53,17.6,73,-2.3,1014.6,1019.5,0,0.3,4,74.4,0
2015-01-19 04:17:01,5,53,17.6,73,-2.2,1014.5,1019.4,0.3,0.7,4,74.4,0
2015-01-19 04:22:01,5,53,17.6,73,-2.1,1014.4,1019.3,0,0.3,2,74.4,0
2015-01-19 04:27:01,5,53,17.5,73,-2.3,1014.4,1019.3,0,0.3,4,74.4,0
2015-01-19 04:32:01,5,53,17.5,73,-2.4,1014.3,1019.2,0,0.3,4,74.4,0
2015-01-19 04:37:01,5,53,17.5,73,-2.6,1014.4,1019.3,0,0,4,74.4,0
2015-01-19 04:42:01,5,53,17.5,73,-2.5,1014.3,1019.2,0,0.3,4,74.4,0
2015-01-19 04:47:01,5,53,17.5,73,-2.6,1014.3,1019.2,0.3,1,4,74.4,0
2015-01-19 04:52:01,5,53,17.5,73,-2.6,1014,1018.9,0,0.3,4,74.4,0
2015-01-19 04:57:01,5,53,17.5,73,-2.4,1014.1,1019,0,0,4,74.4,0
2015-01-19 05:02:01,5,53,17.5,73,-2.4,1014,1018.9,0,0.3,4,74.4,0
2015-01-19 05:07:01,5,53,17.5,73,-2.2,1013.8,1018.7,0.3,1,4,74.4,0
2015-01-19 05:12:01,5,53,17.3,77,-2,1013.6,1018.5,0.7,1,4,74.4,0
2015-01-19 05:17:01,5,53,17.3,78,-1.8,1013.5,1018.4,0,0.3,4,74.4,0
2015-01-19 05:22:01,5,53,17.3,78,-1.8,1013.5,1018.4,0.7,1,4,74.4,0
2015-01-19 05:27:01,5,53,17.3,78,-1.7,1013.2,1018.1,0.3,1,4,74.4,0
2015-01-19 05:32:01,5,53,17.3,78,-1.8,1013.1,1018,1.4,2.4,2,74.4,0
2015-01-19 05:37:01,5,53,17.3,78,-1.6,1012.9,1017.8,0.7,1.4,4,74.4,0
2015-01-19 05:42:01,5,53,17.3,78,-1.6,1012.7,1017.6,0,0.3,0,74.4,0
2015-01-19 05:47:01,5,53,17.3,78,-1.8,1012.6,1017.5,0,0.3,1,74.4,0
2015-01-19 05:52:01,5,53,17.3,73,-2.1,1012.6,1017.5,0.3,0.7,0,74.4,0
2015-01-19 05:57:01,5,53,17.3,73,-2.2,1012.7,1017.6,0,0.3,4,74.4,0
2015-01-19 06:02:01,5,53,17.3,74,-2.1,1012.6,1017.5,0.3,1,4,74.4,0
2015-01-19 06:07:01,5,53,17.2,74,-2.1,1012.7,1017.6,0.3,0.7,4,74.4,0
2015-01-19 06:12:01,5,53,17.3,74,-2.1,1012.6,1017.5,0,0,6,74.4,0
2015-01-19 06:17:01,5,53,17.3,74,-2.1,1012.5,1017.4,0.3,0.7,2,74.4,0
2015-01-19 06:22:01,5,52,17.2,78,-2,1012.3,1017.2,0,0.7,4,74.4,0
2015-01-19 06:27:01,5,52,17.2,78,-2,1012.4,1017.3,0.3,0.7,4,74.4,0
2015-01-19 06:32:01,5,52,17.2,78,-1.8,1012.1,1017,0.3,1,4,74.4,0
2015-01-19 06:37:01,5,52,17.2,78,-1.6,1012,1016.9,0.3,1,4,74.4,0
2015-01-19 06:42:01,5,52,17.2,78,-1.4,1012.1,1017,0,0.7,2,74.4,0
2015-01-19 06:47:01,5,52,17.2,78,-1.4,1011.9,1016.8,0,0.3,2,74.4,0
2015-01-19 06:52:01,5,52,17.2,78,-1.4,1012,1016.9,0.3,0.3,4,74.4,0
2015-01-19 06:57:01,5,52,17.2,78,-1.3,1011.9,1016.8,0,0,4,74.4,0
2015-01-19 07:02:01,5,52,17.2,78,-1.2,1012,1016.9,0,0.7,10,74.4,0
2015-01-19 07:07:01,5,52,17.2,77,-1,1012,1016.9,0.7,1,8,74.4,0
2015-01-19 07:12:01,5,52,17.2,77,-0.8,1012,1016.9,0,0.3,10,74.4,0
2015-01-19 07:17:01,5,52,17.2,77,-0.8,1011.8,1016.7,0,0.3,4,74.4,0
2015-01-19 07:22:01,5,52,17.2,77,-0.8,1011.7,1016.6,0,0.7,2,74.4,0
2015-01-19 07:27:01,5,52,17.2,77,-0.8,1011.7,1016.6,0.3,1,6,74.4,0
2015-01-19 07:32:01,5,52,17.2,77,-0.9,1011.5,1016.4,0.7,1,4,74.4,0
2015-01-19 07:37:01,5,52,17.2,77,-0.8,1011.4,1016.3,0.7,1.4,2,74.4,0
2015-01-19 07:42:01,5,52,17.2,76,-0.8,1011.4,1016.3,0,0.3,10,74.4,0
2015-01-19 07:47:01,5,52,17.2,76,-0.8,1011.3,1016.2,0,0.3,7,74.4,0
2015-01-19 07:52:01,5,52,17.2,76,-0.8,1011.2,1016.1,0,0.3,4,74.4,0
2015-01-19 07:57:01,5,52,17.2,76,-0.7,1011.2,1016.1,0.3,0.7,2,74.4,0
2015-01-19 08:02:01,5,52,17.2,76,-0.7,1011.3,1016.2,0.7,1.4,2,74.4,0
2015-01-19 08:07:01,5,52,17.2,76,-0.6,1011.1,1016,0.7,1.4,4,74.4,0
2015-01-19 08:12:01,5,52,17.2,76,-0.5,1011.2,1016.1,0.7,1,4,74.4,0
2015-01-19 08:17:01,5,52,17.2,76,-0.5,1011.1,1016,0.3,0.7,4,74.4,0
2015-01-19 08:22:01,5,52,17.3,75,-0.7,1011.1,1016,0,0.3,0,74.4,0
2015-01-19 08:27:01,5,52,17.3,76,-1.2,1011.2,1016.1,0.3,0.7,0,74.4,0
2015-01-19 08:32:01,5,52,17.3,76,-1.5,1011.3,1016.2,0.3,0.7,0,74.4,0
2015-01-19 08:37:01,5,52,17.3,76,-1.8,1011.2,1016.1,0,0.3,0,74.4,0
2015-01-19 08:42:01,5,52,17.2,75,-1.9,1011.2,1016.1,0,0,0,74.4,0
2015-01-19 08:47:01,5,52,17.2,76,-1.9,1011.3,1016.2,0,0.3,0,74.4,0
2015-01-19 08:52:01,5,51,17.2,76,-1.9,1011,1015.9,0,0.3,0,74.4,0
2015-01-19 08:57:01,5,51,17.2,76,-1.9,1011,1015.9,0,0.3,0,74.4,0
2015-01-19 09:02:01,5,51,17.2,76,-1.9,1010.8,1015.7,0,0.7,0,74.4,0
2015-01-19 09:07:01,5,51,17.2,76,-1.9,1010.7,1015.6,0.3,0.7,0,74.4,0
2015-01-19 09:12:01,5,51,17.2,76,-2,1010.8,1015.7,0,0.3,0,74.4,0
2015-01-19 09:17:01,5,51,17.2,76,-2,1010.6,1015.5,0,0.3,2,74.4,0
2015-01-19 09:22:01,5,51,17.2,76,-1.9,1010.5,1015.4,0.3,0.7,0,74.4,0
2015-01-19 09:27:01,5,51,17.2,76,-1.8,1010.4,1015.3,0.3,0.7,0,74.4,0
2015-01-19 09:32:01,5,51,17.2,76,-1.8,1010.4,1015.3,0,0,5,74.4,0
2015-01-19 09:37:01,5,52,17.2,76,-1.6,1010.3,1015.2,0,0,4,74.4,0
2015-01-19 09:42:01,5,52,17.2,76,-1.4,1010.2,1015.1,0.3,0.7,4,74.4,0
2015-01-19 09:47:01,5,52,17.2,76,-1.1,1010.1,1015,0.3,0.7,4,74.4,0
2015-01-19 09:52:01,5,52,17.1,75,-0.9,1010,1014.9,0.7,1,2,74.4,0
2015-01-19 09:57:01,5,52,17.2,75,-0.8,1010.1,1015,0.3,1,0,74.4,0
2015-01-19 10:02:01,5,52,17.1,75,-0.4,1009.8,1014.7,1.4,1.7,2,74.4,0
2015-01-19 10:07:01,5,52,17.1,75,-0.2,1009.8,1014.7,1,1.7,4,74.4,0
2015-01-19 10:12:01,5,52,17.2,74,-0.1,1009.7,1014.6,1.4,2,4,74.4,0
2015-01-19 10:17:01,5,52,17.2,73,0,1009.6,1014.5,2,2.7,4,74.4,0
2015-01-19 10:22:01,5,52,17.2,72,0.1,1009.7,1014.6,2,2.7,4,74.4,0
2015-01-19 10:27:01,5,52,17.2,72,0.1,1009.4,1014.3,1.7,2.7,4,74.4,0
2015-01-19 10:32:01,5,52,17.2,71,0.2,1009.2,1014.1,1.7,2,4,74.4,0
2015-01-19 10:37:01,5,52,17.2,72,0.3,1009.2,1014.1,1.7,2.7,4,74.4,0
2015-01-19 10:42:01,5,52,17.2,72,0.3,1009.1,1014,2,3.1,4,74.4,0
2015-01-19 10:47:01,5,52,17.2,72,0.2,1009,1013.9,2,3.7,4,74.4,0
2015-01-19 10:52:01,5,52,17.2,72,0.2,1008.9,1013.8,2.4,3.4,4,74.4,0
2015-01-19 10:57:01,5,52,17.2,72,0.1,1008.8,1013.7,2.4,3.1,4,74.4,0
2015-01-19 11:02:01,5,52,17.2,72,0.1,1008.7,1013.6,2.4,3.1,6,74.4,0
2015-01-19 11:07:01,5,52,17.2,72,0.2,1008.7,1013.6,1.7,2.4,4,74.4,0
2015-01-19 11:12:01,5,52,17.2,72,0.2,1008.6,1013.5,1.7,2.4,3,74.4,0
2015-01-19 11:17:01,5,52,17.2,72,0.2,1008.6,1013.5,2,3.4,4,74.4,0
2015-01-19 11:22:01,5,52,17.2,73,0.2,1008.3,1013.2,2,2.7,4,74.4,0
2015-01-19 11:27:01,5,52,17.2,73,0.3,1008.3,1013.2,2.4,3.4,4,74.4,0
2015-01-19 11:32:01,5,52,17.2,73,0.3,1008.1,1013,2.4,3.4,4,74.4,0
2015-01-19 11:37:01,5,52,17.2,73,0.4,1008,1012.9,2,3.1,4,74.4,0
2015-01-19 11:42:01,5,52,17.2,73,0.6,1007.9,1012.8,1.7,2.7,2,74.4,0
2015-01-19 11:47:01,5,52,17.2,72,0.8,1007.8,1012.7,2.4,3.7,2,74.4,0
2015-01-19 11:52:01,5,52,17.2,71,0.9,1007.7,1012.6,3.1,4.4,6,74.4,0
2015-01-19 11:57:01,5,52,17.2,70,1,1007.7,1012.6,2.7,4.1,4,74.4,0
2015-01-19 12:02:01,5,52,17.2,69,1.1,1007.6,1012.5,2.7,4.4,4,74.7,0
2015-01-19 12:07:01,5,52,17.2,69,1.1,1007.3,1012.2,2.7,3.4,2,74.7,0
2015-01-19 12:12:01,5,52,17.2,69,1.1,1007.2,1012.1,2.7,3.4,4,74.7,0
2015-01-19 12:17:01,5,52,17.2,68,1.2,1007.2,1012.1,3.1,4.1,6,74.7,0
2015-01-19 12:22:01,5,52,17.2,67,1.2,1007,1011.9,2.7,4.1,4,74.7,0
2015-01-19 12:27:01,5,52,17.2,67,1.2,1006.8,1011.7,3.1,4.1,4,74.7,0
2015-01-19 12:32:01,5,52,17.2,67,1.2,1006.7,1011.6,2.7,3.4,4,74.7,0
2015-01-19 12:37:01,5,52,17.2,67,1.2,1006.7,1011.6,2.4,3.1,2,74.7,0
2015-01-19 12:42:01,5,52,17.2,67,1.2,1006.8,1011.7,2.7,3.7,6,74.7,0
2015-01-19 12:47:01,5,52,17.2,66,1.2,1006.7,1011.6,2.4,3.1,4,74.7,0
2015-01-19 12:52:01,5,52,17.2,66,1.3,1006.7,1011.6,1.4,2.7,4,74.7,0
2015-01-19 12:57:01,5,52,17.2,66,1.3,1006.5,1011.4,1.4,1.7,4,74.7,0
2015-01-19 13:02:01,5,52,17.2,66,1.3,1006.5,1011.4,0.3,1.7,10,74.7,0
2015-01-19 13:07:01,5,52,17.2,66,1.3,1006.4,1011.3,1,1.4,4,74.7,0
2015-01-19 13:12:01,5,52,17.2,66,1.4,1006.4,1011.3,0,0.3,0,74.7,0
2015-01-19 13:17:01,5,52,17.2,66,1.4,1006.2,1011.1,1,1.7,4,74.7,0
2015-01-19 13:22:01,5,52,17.2,65,1.4,1006.2,1011.1,1,1.7,4,74.7,0
2015-01-19 13:27:01,5,52,17.2,65,1.4,1006.1,1011,1,2,2,74.7,0
2015-01-19 13:32:01,5,52,17.2,65,1.4,1006,1010.9,1,1.7,2,74.7,0
2015-01-19 13:37:01,5,52,17.2,65,1.4,1005.8,1010.7,1,1.7,4,74.7,0
2015-01-19 13:42:01,5,52,17.2,65,1.3,1005.8,1010.7,2,3.4,4,74.7,0
2015-01-19 13:47:01,5,52,17.1,66,1.2,1005.5,1010.4,1.4,2,2,74.7,0
2015-01-19 13:52:01,5,52,17.2,67,1.1,1005.5,1010.4,2,2.7,3,74.7,0
2015-01-19 13:57:01,5,52,17.2,65,1.2,1005.5,1010.4,1.4,1.7,3,74.7,0
2015-01-19 14:02:01,5,52,17.1,65,1.2,1005.2,1010.1,1.4,2.4,4,74.7,0
2015-01-19 14:07:01,5,52,17.1,65,1.3,1005,1009.9,2.7,4.1,4,74.7,0
2015-01-19 14:12:01,5,52,17.1,64,1.3,1004.9,1009.8,1.4,2.4,3,74.7,0
2015-01-19 14:17:01,5,52,17.1,65,1.3,1004.9,1009.8,1.7,3.1,2,74.7,0
2015-01-19 14:22:01,5,52,17.1,65,1.2,1004.8,1009.7,1.4,2.7,4,74.7,0
2015-01-19 14:27:01,5,52,17.1,66,1.3,1004.7,1009.6,1.4,3.1,2,74.7,0
2015-01-19 14:32:01,5,52,17.1,65,1.3,1004.5,1009.4,2,2.7,3,74.7,0
2015-01-19 14:37:01,5,52,17.1,65,1.5,1004.3,1009.2,1.7,2.7,6,74.7,0
2015-01-19 14:42:01,5,52,17.1,63,1.7,1004.4,1009.3,0.7,1.7,4,74.7,0
2015-01-19 14:47:01,5,52,17.1,63,1.8,1004.5,1009.4,1.4,2.7,2,74.7,0
2015-01-19 14:52:01,5,52,17.1,63,1.8,1004.4,1009.3,0.7,1.4,2,74.7,0
2015-01-19 14:57:01,5,52,17.1,63,1.8,1004.4,1009.3,0.3,1,2,74.7,0
2015-01-19 15:02:01,5,52,17.1,62,1.9,1004.1,1009,1,2,4,74.7,0
2015-01-19 15:07:01,5,52,17,62,1.9,1004,1008.9,1,3.4,2,74.7,0
2015-01-19 15:12:01,5,52,17,62,1.9,1004.1,1009,1.4,1.7,4,74.7,0
2015-01-19 15:17:01,5,52,17,62,1.9,1004.1,1009,1.4,2,4,74.7,0
2015-01-19 15:22:01,5,52,17,62,1.9,1003.7,1008.6,1.4,2.4,0,74.7,0
2015-01-19 15:27:01,5,52,17,63,1.8,1003.8,1008.7,2,4.4,8,74.7,0
2015-01-19 15:32:01,5,52,17,63,1.8,1003.8,1008.7,1.4,2,2,74.7,0
2015-01-19 15:37:01,5,52,17,64,1.8,1003.5,1008.4,1.7,2.4,4,74.7,0
2015-01-19 15:42:01,5,52,17,65,1.7,1003.5,1008.4,1.7,3.1,10,74.7,0
2015-01-19 15:47:01,5,52,17,65,1.6,1003.6,1008.5,2.7,4.1,4,74.7,0
2015-01-19 15:52:01,5,52,17,66,1.6,1003.4,1008.3,2.4,4.4,2,74.7,0
2015-01-19 15:57:01,5,52,17,67,1.6,1003.3,1008.2,4.1,5.1,6,74.7,0
2015-01-19 16:02:01,5,52,17,67,1.6,1003.2,1008.1,4.4,5.8,4,74.7,0
2015-01-19 16:07:01,5,52,17,68,1.5,1003.1,1008,2.7,5.1,3,74.7,0
2015-01-19 16:12:01,5,52,17,68,1.5,1003.1,1008,3.4,4.4,4,74.7,0
2015-01-19 16:17:01,5,52,17,68,1.6,1002.9,1007.8,3.1,3.7,2,74.7,0
2015-01-19 16:22:01,5,53,16.9,67,1.6,1002.8,1007.7,3.7,5.8,4,74.7,0
2015-01-19 16:27:01,5,53,16.9,67,1.6,1002.9,1007.8,3.4,5.4,2,74.7,0
2015-01-19 16:32:01,5,53,16.9,67,1.4,1002.8,1007.7,3.7,5.1,2,74.7,0
2015-01-19 16:37:01,5,53,16.9,67,1.4,1002.9,1007.8,3.1,4.4,4,74.7,0
2015-01-19 16:42:01,5,53,16.9,67,1.5,1002.7,1007.6,4.4,5.8,4,74.7,0
2015-01-19 16:47:01,5,53,16.9,67,1.4,1002.6,1007.5,3.7,5.8,4,74.7,0
2015-01-19 16:52:01,5,53,16.9,67,1.4,1002.6,1007.5,4.4,5.8,4,74.7,0
2015-01-19 16:57:01,5,53,16.8,67,1.3,1002.6,1007.5,3.4,4.8,6,74.7,0
2015-01-19 17:02:01,5,53,16.9,68,1.1,1002.6,1007.5,3.1,4.1,4,74.7,0
2015-01-19 17:07:01,5,53,16.8,69,1,1002.4,1007.3,3.4,5.1,4,74.7,0
2015-01-19 17:12:01,5,53,16.8,71,0.9,1002.3,1007.2,3.7,5.8,4,74.7,0
2015-01-19 17:17:01,5,53,16.8,72,0.7,1002.3,1007.2,4.1,5.4,4,74.7,0
2015-01-19 17:22:01,5,53,16.8,73,0.6,1002.3,1007.2,3.4,5.1,4,74.7,0
2015-01-19 17:27:01,5,53,16.8,73,0.5,1002.1,1007,3.4,4.1,4,74.7,0
2015-01-19 17:32:01,5,53,16.8,73,0.4,1002.1,1007,3.4,4.4,4,74.7,0
2015-01-19 17:37:01,5,53,16.8,73,0.4,1002.1,1007,3.1,4.4,4,74.7,0
2015-01-19 17:42:01,5,53,16.8,73,0.5,1002,1006.9,3.1,5.1,4,74.7,0
2015-01-19 17:47:01,5,53,16.8,73,0.5,1002.1,1007,3.1,4.1,4,74.7,0
2015-01-19 17:52:01,5,53,16.8,72,0.5,1002.1,1007,2.7,4.4,3,74.7,0
2015-01-19 17:57:01,5,53,16.8,72,0.5,1001.9,1006.8,2,3.1,4,74.7,0
2015-01-19 18:02:01,5,53,16.8,72,0.6,1001.8,1006.7,3.1,4.8,4,74.7,0
2015-01-19 18:07:01,5,53,16.7,71,0.6,1002,1006.9,2.7,4.4,4,74.7,0
2015-01-19 18:12:01,5,52,16.7,71,0.6,1001.8,1006.7,3.4,5.4,4,74.7,0
2015-01-19 18:17:01,5,52,16.7,71,0.7,1001.8,1006.7,3.4,4.1,3,74.7,0
2015-01-19 18:22:01,5,52,16.7,71,0.7,1001.8,1006.7,3.4,4.8,4,74.7,0
2015-01-19 18:27:01,5,52,16.7,71,0.8,1001.7,1006.6,3.7,5.1,2,74.7,0
2015-01-19 18:32:01,5,52,16.7,71,0.8,1001.7,1006.6,3.7,4.8,4,74.7,0
2015-01-19 18:37:01,5,52,16.6,71,0.8,1001.5,1006.4,4.4,5.8,6,74.7,0
2015-01-19 18:42:01,5,52,16.7,71,0.8,1001.5,1006.4,4.1,5.4,6,74.7,0
2015-01-19 18:47:01,5,52,16.6,71,0.8,1001.6,1006.5,4.4,6.8,2,74.7,0
2015-01-19 18:52:01,5,52,16.6,72,0.8,1001.6,1006.5,3.1,4.8,4,74.7,0
2015-01-19 18:57:01,5,52,16.6,72,0.8,1001.4,1006.3,2.7,3.7,2,74.7,0
2015-01-19 19:02:01,5,52,16.6,72,0.8,1001.3,1006.2,3.4,6.1,6,74.7,0
2015-01-19 19:07:01,5,52,16.6,72,0.9,1001.3,1006.2,3.4,5.1,4,74.7,0
2015-01-19 19:12:01,5,52,16.6,72,0.9,1001.3,1006.2,3.4,4.1,4,74.7,0
2015-01-19 19:17:01,5,52,16.6,72,0.9,1001.3,1006.2,3.1,4.4,3,74.7,0
2015-01-19 19:22:01,5,52,16.6,72,0.9,1001.1,1006,4.4,5.4,4,74.7,0
2015-01-19 19:27:01,5,52,16.6,73,0.9,1001.1,1006,4.1,5.4,2,74.7,0
2015-01-19 19:32:01,5,52,16.6,73,0.9,1000.9,1005.8,3.4,4.8,2,74.7,0
2015-01-19 19:37:01,5,52,16.6,73,0.9,1001.1,1006,3.4,6.8,4,74.7,0
2015-01-19 19:42:01,5,52,16.6,73,0.9,1001,1005.9,3.4,5.4,4,74.7,0
2015-01-19 19:47:01,5,53,16.6,73,0.9,1000.9,1005.8,3.4,4.8,4,74.7,0
2015-01-19 19:52:01,5,53,16.6,73,0.9,1000.9,1005.8,2.4,4.4,4,74.7,0
2015-01-19 19:57:01,5,53,16.6,73,0.9,1000.9,1005.8,2.7,3.4,4,74.7,0
2015-01-19 20:02:01,5,53,16.6,74,0.9,1001,1005.9,2,3.1,4,74.7,0
2015-01-19 20:07:01,5,53,16.6,74,0.9,1000.8,1005.7,3.7,4.4,4,74.7,0
2015-01-19 20:12:01,5,53,16.6,74,0.9,1000.8,1005.7,3.4,4.8,4,74.7,0
2015-01-19 20:17:01,5,53,16.6,73,1,1000.8,1005.7,2.7,4.4,4,74.7,0
2015-01-19 20:22:01,5,54,16.6,73,1,1000.6,1005.5,2.7,4.1,6,74.7,0
2015-01-19 20:27:01,5,54,16.7,73,1,1000.6,1005.5,3.4,5.1,6,74.7,0
2015-01-19 20:32:01,5,54,16.8,73,1,1000.6,1005.5,3.1,4.4,4,75,0
2015-01-19 20:37:01,5,55,16.8,73,1,1000.6,1005.5,2.4,3.4,4,75,0
2015-01-19 20:42:01,5,55,16.9,74,1.1,1000.6,1005.5,3.7,4.8,4,75,0
2015-01-19 20:47:01,5,54,17.1,74,1,1000.6,1005.5,2.4,3.7,4,75,0
2015-01-19 20:52:01,5,54,17.1,74,1,1000.6,1005.5,2.7,3.4,4,75,0
2015-01-19 20:57:01,5,54,17.2,74,1,1000.6,1005.5,2.7,3.7,4,75,0
2015-01-19 21:02:01,5,54,17.2,74,1,1000.5,1005.4,2.7,3.7,6,75.3,0
2015-01-19 21:07:01,5,55,17.3,75,0.9,1000.5,1005.4,2.7,3.7,4,75.3,0
2015-01-19 21:12:01,5,55,17.5,75,0.9,1000.4,1005.3,3.4,5.1,4,75.3,0
2015-01-19 21:17:01,5,54,17.5,75,0.9,1000.5,1005.4,3.1,4.1,6,75.3,0
2015-01-19 21:22:01,5,54,17.5,75,0.9,1000.2,1005.1,2.7,4.1,2,75.3,0
2015-01-19 21:27:01,5,54,17.2,75,0.9,1000.2,1005.1,3.4,4.4,4,75.3,0
2015-01-19 21:32:01,5,54,17.2,75,0.9,1000.2,1005.1,3.7,4.4,5,75.3,0
2015-01-19 21:37:01,5,54,17.2,75,0.8,1000.2,1005.1,3.4,4.8,4,75.6,0
2015-01-19 21:42:01,5,54,17.2,75,0.8,1000.3,1005.2,2.4,3.4,4,75.6,0
2015-01-19 21:47:01,5,55,17.2,75,0.9,1000.2,1005.1,2,3.1,4,75.6,0
2015-01-19 21:52:01,5,55,17.3,76,0.9,1000.1,1005,2.4,3.7,3,75.6,0
2015-01-19 21:57:01,5,55,17.3,76,0.9,1000,1004.9,2.7,4.1,4,75.9,0
2015-01-19 22:02:01,5,55,17.3,76,0.9,1000.1,1005,3.7,5.1,4,75.9,0
2015-01-19 22:07:01,5,55,17.3,75,1,1000,1004.9,3.7,4.8,4,75.9,0
2015-01-19 22:12:01,5,55,17.3,75,1,999.9,1004.8,3.1,4.8,2,75.9,0
2015-01-19 22:17:01,5,55,17.5,76,0.9,999.9,1004.8,3.1,4.8,4,75.9,0
2015-01-19 22:22:01,5,55,17.5,75,1,999.9,1004.8,2.7,4.1,4,75.9,0
2015-01-19 22:27:01,5,56,17.5,75,1,999.9,1004.8,3.1,4.4,4,76.2,0
2015-01-19 22:32:01,5,56,17.5,75,1.1,999.9,1004.8,2.7,4.1,4,76.2,0
2015-01-19 22:37:01,5,56,17.5,75,1.1,999.9,1004.8,3.7,5.8,4,76.2,0
2015-01-19 22:42:01,5,56,17.5,75,1.1,999.9,1004.8,3.1,4.4,4,76.2,0
2015-01-19 22:47:01,5,56,17.5,75,1.1,999.8,1004.7,2,3.1,4,76.5,0
2015-01-19 22:52:01,5,56,17.5,75,1.1,999.9,1004.8,3.1,4.1,4,76.5,0
2015-01-19 22:57:01,5,56,17.5,75,1.1,999.8,1004.7,3.1,4.8,6,76.5,0
2015-01-19 23:02:01,5,56,17.5,75,1.1,999.7,1004.6,3.1,4.1,2,76.5,0
2015-01-19 23:07:01,5,56,17.5,75,1.1,999.9,1004.8,3.4,4.4,2,76.5,0
2015-01-19 23:12:01,5,56,17.5,75,1.1,999.8,1004.7,3.1,4.8,2,76.8,0
2015-01-19 23:17:01,5,56,17.6,75,1.1,999.9,1004.8,2.4,3.4,2,76.8,0
2015-01-19 23:22:01,5,56,17.6,75,1,999.9,1004.8,3.1,4.1,4,76.8,0
2015-01-19 23:27:01,5,56,17.6,75,1,1000,1004.9,2,2.7,4,76.8,0
2015-01-19 23:32:01,5,56,17.6,75,1,999.9,1004.8,2,3.1,4,76.8,0
2015-01-19 23:37:01,5,56,17.6,75,1,1000,1004.9,2,2.7,2,76.8,0
2015-01-19 23:42:01,5,56,17.6,75,1,999.9,1004.8,2,2.7,2,76.8,0
2015-01-19 23:47:01,5,56,17.6,75,1,999.8,1004.7,1.7,2.7,2,76.8,0
2015-01-19 23:52:01,5,56,17.6,75,1,999.8,1004.7,2.4,3.1,4,76.8,0
2015-01-19 23:57:01,5,56,17.6,75,1,999.9,1004.8,2.4,3.4,6,76.8,0
