2016-12-20 00:00:53,5,57,18.7,78,1.3,1020.8,1025.7,0,0.7,14,450.6,0
2016-12-20 00:05:53,5,57,18.7,78,1.3,1020.7,1025.6,0,0.3,10,450.6,0
2016-12-20 00:10:53,5,57,18.7,77,1.2,1020.6,1025.5,0.3,1,4,450.6,0
2016-12-20 00:15:53,5,57,18.7,77,1.2,1020.4,1025.3,0.3,0.7,4,450.6,0
2016-12-20 00:20:53,5,57,18.7,77,1.2,1020.5,1025.4,0,0.3,4,450.6,0
2016-12-20 00:25:53,5,57,18.7,77,1,1020.5,1025.4,0,0,4,450.6,0
2016-12-20 00:30:53,5,57,18.7,78,0.9,1020.3,1025.2,0.3,0.7,8,450.6,0
2016-12-20 00:35:53,5,57,18.7,78,1.1,1020.1,1025,0.7,1,10,450.6,0
2016-12-20 00:40:53,5,57,18.7,78,1.3,1020.2,1025.1,0,0.3,8,450.6,0
2016-12-20 00:45:53,5,57,18.7,78,1.3,1020.1,1025,0,0.7,8,450.6,0
2016-12-20 00:50:53,5,57,18.7,78,1.3,1020.1,1025,0.3,1,8,450.6,0
2016-12-20 00:55:53,5,57,18.7,78,1.4,1020,1024.9,0.3,0.7,14,450.6,0
2016-12-20 01:00:53,5,57,18.6,78,1.5,1019.8,1024.7,0.3,0.7,14,450.6,0
2016-12-20 01:05:53,5,57,18.6,78,1.5,1019.8,1024.7,0.3,0.7,14,450.6,0
2016-12-20 01:10:53,5,57,18.6,78,1.6,1019.8,1024.7,0.7,1,14,450.6,0
2016-12-20 01:15:53,5,57,18.6,77,1.6,1019.8,1024.7,0.7,1,14,450.6,0
2016-12-20 01:20:53,5,56,18.6,77,1.7,1019.7,1024.6,0.7,1,14,450.6,0
2016-12-20 01:25:53,5,56,18.6,77,1.6,1019.6,1024.5,0.7,1,14,450.6,0
2016-12-20 01:30:53,5,56,18.6,77,1.6,1019.6,1024.5,0.7,1,14,450.6,0
2016-12-20 01:35:53,5,56,18.5,77,1.6,1019.5,1024.4,0.3,0.7,14,450.6,0
2016-12-20 01:40:53,5,56,18.5,76,1.5,1019.4,1024.3,0.7,1,14,450.6,0
2016-12-20 01:45:53,5,56,18.5,76,1.5,1019.3,1024.2,0,0.3,14,450.6,0
2016-12-20 01:50:53,5,56,18.5,76,1.5,1019.2,1024.1,0.3,0.7,14,450.6,0
2016-12-20 01:55:53,5,56,18.5,76,1.6,1019.2,1024.1,0.7,1,14,450.6,0
2016-12-20 02:00:53,5,56,18.5,76,1.5,1019,1023.9,0.3,0.7,14,450.6,0
2016-12-20 02:05:53,5,56,18.4,76,1.5,1019,1023.9,1,1.7,10,450.6,0
2016-12-20 02:10:53,5,56,18.5,76,1.3,1018.9,1023.8,0.7,1.4,10,450.6,0
2016-12-20 02:15:53,5,56,18.5,76,1.3,1018.9,1023.8,0.7,1,8,450.6,0
2016-12-20 02:20:53,5,56,18.4,76,1.3,1019,1023.9,0.7,1,10,450.6,0
2016-12-20 02:25:53,5,56,18.4,76,1.2,1019,1023.9,1,1.4,8,450.6,0
2016-12-20 02:30:53,5,56,18.4,76,1.2,1018.8,1023.7,0.7,1.4,8,450.6,0
2016-12-20 02:35:53,5,56,18.4,76,1.2,1018.8,1023.7,1,1.4,10,450.6,0
2016-12-20 02:40:53,5,56,18.4,76,1.3,1018.7,1023.6,0.7,1.4,10,450.6,0
2016-12-20 02:45:53,5,56,18.4,76,1.4,1018.7,1023.6,1,1.7,8,450.6,0
2016-12-20 02:50:53,5,56,18.4,76,1.6,1018.7,1023.6,0.7,1.4,8,450.6,0
2016-12-20 02:55:53,5,56,18.3,76,1.7,1018.5,1023.4,0.7,1.4,8,450.6,0
2016-12-20 03:00:53,5,56,18.3,76,1.8,1018.5,1023.4,1,1.4,10,450.6,0
2016-12-20 03:05:53,5,56,18.3,75,1.8,1018.3,1023.2,1,1.4,8,450.6,0
2016-12-20 03:10:53,5,56,18.3,75,1.8,1018.3,1023.2,0,0.7,4,450.6,0
2016-12-20 03:15:53,5,56,18.3,75,1.8,1018,1022.9,0,0.7,0,450.6,0
2016-12-20 03:20:53,5,56,18.3,75,1.8,1017.9,1022.8,0.7,1,8,450.6,0
2016-12-20 03:25:53,5,56,18.3,75,1.8,1017.7,1022.6,0.7,1.4,3,450.6,0
2016-12-20 03:30:53,5,55,18.3,75,1.8,1017.5,1022.4,0.7,1.7,2,450.6,0
2016-12-20 03:35:53,5,55,18.3,75,1.9,1017.4,1022.3,0.3,1,0,450.6,0
2016-12-20 03:40:53,5,55,18.3,74,2,1017.3,1022.2,1,1.4,2,450.6,0
2016-12-20 03:45:53,5,55,18.2,74,2.1,1017.1,1022,0.7,1.4,2,450.6,0
2016-12-20 03:50:53,5,55,18.2,74,2.2,1017,1021.9,0.7,1,12,450.6,0
2016-12-20 03:55:53,5,55,18.2,74,2.2,1016.9,1021.8,0.3,1.4,4,450.6,0
2016-12-20 04:00:53,5,55,18.2,74,2.3,1016.7,1021.6,0.3,1,9,450.6,0
2016-12-20 04:05:53,5,55,18.2,74,2.4,1016.7,1021.6,0.7,1,1,450.6,0
2016-12-20 04:10:53,5,55,18.2,73,2.6,1016.5,1021.4,0.3,0.7,13,450.6,0
2016-12-20 04:15:53,5,55,18.2,73,2.7,1016.4,1021.3,0.3,0.7,2,450.6,0
2016-12-20 04:20:53,5,55,18.1,73,2.7,1016.4,1021.3,0.7,1.7,8,450.6,0
2016-12-20 04:25:53,5,55,18.1,73,2.7,1016.2,1021.1,0.3,1,9,450.6,0
2016-12-20 04:30:53,5,55,18.2,72,2.7,1016,1020.9,0.3,1.4,0,450.6,0
2016-12-20 04:35:53,5,55,18.2,72,2.7,1015.8,1020.7,0.3,1,10,450.6,0
2016-12-20 04:40:53,5,55,18.1,72,2.6,1015.8,1020.7,0.3,1,4,450.6,0
2016-12-20 04:45:53,5,55,18.1,72,2.5,1015.8,1020.7,0.7,1.4,4,450.6,0
2016-12-20 04:50:53,5,55,18.1,72,2.4,1015.6,1020.5,1,2,4,450.6,0
2016-12-20 04:55:53,5,55,18.1,72,2.4,1015.6,1020.5,0.7,1.4,13,450.6,0
2016-12-20 05:00:53,5,55,18.1,72,2.3,1015.5,1020.4,0.3,1.4,12,450.6,0
2016-12-20 05:05:53,5,55,18.1,72,2.3,1015.5,1020.4,0.7,1.4,10,450.6,0
2016-12-20 05:10:53,5,55,18.1,72,2.4,1015.2,1020.1,1,1.7,8,450.6,0
2016-12-20 05:15:53,5,55,18.1,72,2.4,1015.2,1020.1,1,1.7,8,450.6,0
2016-12-20 05:20:53,5,55,18.1,72,2.5,1015.2,1020.1,1.7,2.4,8,450.6,0
2016-12-20 05:25:53,5,55,18.1,72,2.6,1015.2,1020.1,1.7,3.1,12,450.6,0
2016-12-20 05:30:53,5,55,18.1,71,2.7,1015.1,1020,1,1.7,10,450.6,0
2016-12-20 05:35:53,5,55,18,71,2.2,1015,1019.9,1.7,2,8,450.6,0
2016-12-20 05:40:53,5,55,18,71,2.1,1014.8,1019.7,1.4,2,10,450.6,0
2016-12-20 05:45:53,5,55,18,71,2.2,1014.8,1019.7,1.4,2,8,450.6,0
2016-12-20 05:50:53,5,55,18,71,2.2,1014.7,1019.6,1,1.7,10,450.6,0
2016-12-20 05:55:53,5,55,18,71,2.2,1014.4,1019.3,1.4,2,10,450.6,0
2016-12-20 06:00:53,5,55,18,71,2.2,1014.4,1019.3,1.4,2.7,10,450.6,0
2016-12-20 06:05:53,5,55,18,71,2.3,1014.5,1019.4,1,1.4,8,450.6,0
2016-12-20 06:10:53,5,55,18,71,2.2,1014.5,1019.4,0.7,1.7,4,450.6,0
2016-12-20 06:15:53,5,55,18,71,2.1,1014,1018.9,0.3,0.7,10,450.6,0
2016-12-20 06:20:53,5,55,18,71,2.1,1013.9,1018.8,0.7,2,4,450.6,0
2016-12-20 06:25:53,5,55,18,71,2.1,1013.9,1018.8,1,1.7,2,450.6,0
2016-12-20 06:30:53,5,55,17.9,72,2.2,1013.8,1018.7,1,1.7,8,450.6,0
2016-12-20 06:35:53,5,55,17.9,72,2.2,1013.7,1018.6,0.7,1.7,10,450.6,0
2016-12-20 06:40:53,5,55,17.9,72,2.2,1013.7,1018.6,0.7,1.4,10,450.6,0
2016-12-20 06:45:53,5,55,17.9,72,2.2,1013.3,1018.2,1,1.7,1,450.6,0
2016-12-20 06:50:53,5,55,17.9,72,2.1,1013.1,1018,0.7,1.4,4,450.6,0
2016-12-20 06:55:53,5,55,17.9,72,2.1,1013.1,1018,0,0.7,8,450.6,0
2016-12-20 07:00:53,5,55,17.9,71,2,1013.1,1018,0.7,1.7,14,450.6,0
2016-12-20 07:05:53,5,55,17.9,72,1.9,1012.8,1017.7,0.7,1.4,12,450.6,0
2016-12-20 07:10:53,5,55,17.9,73,1.9,1012.6,1017.5,1,2,2,450.6,0
2016-12-20 07:15:53,5,55,17.9,72,2.2,1012.4,1017.3,1.4,2.4,10,450.6,0
2016-12-20 07:20:53,5,55,17.9,72,2.6,1012.5,1017.4,1.4,2,10,450.6,0
2016-12-20 07:25:53,5,55,17.9,72,2.9,1012.2,1017.1,1.4,2.7,2,450.6,0
2016-12-20 07:30:53,5,55,17.9,75,3,1012.3,1017.2,1,1.7,0,450.6,0
2016-12-20 07:35:53,5,55,17.9,71,2.7,1012,1016.9,1.7,2.4,4,450.6,0
2016-12-20 07:40:53,5,55,17.9,71,2.5,1012,1016.9,2,3.1,4,450.6,0
2016-12-20 07:45:53,5,55,17.9,71,2.3,1011.9,1016.8,2.4,3.7,4,450.6,0
2016-12-20 07:50:53,5,55,17.9,71,2.3,1011.9,1016.8,3.1,4.1,2,450.6,0
2016-12-20 07:55:53,5,55,17.9,71,2.4,1011.9,1016.8,1.4,2,4,450.6,0
2016-12-20 08:00:53,5,55,17.9,71,2.5,1011.7,1016.6,1.7,3.1,10,450.6,0
2016-12-20 08:05:53,5,55,17.9,71,2.7,1011.9,1016.8,1,2,2,450.6,0
2016-12-20 08:10:53,5,56,17.9,71,2.6,1011.6,1016.5,2,3.1,4,450.6,0
2016-12-20 08:15:53,5,56,17.9,71,2.5,1011.6,1016.5,1.7,3.7,8,450.6,0
2016-12-20 08:20:53,5,56,17.8,71,2.5,1011.6,1016.5,1.4,3.1,2,450.6,0
2016-12-20 08:25:53,5,56,17.9,71,2.4,1011.5,1016.4,1.4,2.7,4,450.6,0
2016-12-20 08:30:53,5,56,17.9,71,2.3,1011.3,1016.2,1.7,3.1,8,450.6,0
2016-12-20 08:35:53,5,56,17.9,72,2.4,1011.3,1016.2,1.4,2.4,9,450.6,0
2016-12-20 08:40:53,5,56,17.9,72,2.6,1011.3,1016.2,1.4,3.1,2,450.6,0
2016-12-20 08:45:53,5,55,17.9,72,2.9,1011.4,1016.3,1,2,12,450.6,0
2016-12-20 08:50:53,5,54,17.8,76,3.4,1011.3,1016.2,1.7,3.4,8,450.6,0
2016-12-20 08:55:53,5,55,17.8,75,3.7,1011.1,1016,1.4,2.7,12,450.6,0
2016-12-20 09:00:53,5,55,17.8,74,3.9,1011.1,1016,2,2.7,8,450.6,0
2016-12-20 09:05:53,5,55,17.8,72,4.1,1011.1,1016,1.4,2.7,4,450.6,0
2016-12-20 09:10:53,5,55,17.8,71,4.3,1011,1015.9,1.7,3.4,8,450.6,0
2016-12-20 09:15:53,5,53,17.8,70,4.5,1010.9,1015.8,1.7,3.1,12,450.6,0
2016-12-20 09:20:53,5,53,17.8,70,4.5,1010.9,1015.8,2.7,5.4,8,450.6,0
2016-12-20 09:25:53,5,51,17.8,69,4.5,1011.1,1016,3.1,4.4,8,450.6,0
2016-12-20 09:30:53,5,53,17.7,69,4.6,1010.8,1015.7,4.1,6.1,10,450.6,0
2016-12-20 09:35:53,5,53,17.7,69,4.8,1010.7,1015.6,3.1,4.4,8,450.6,0
2016-12-20 09:40:53,5,53,17.7,69,4.9,1010.8,1015.7,2,3.4,10,450.6,0
2016-12-20 09:45:53,5,53,17.7,69,4.8,1010.8,1015.7,2.7,3.4,8,450.6,0
2016-12-20 09:50:53,5,53,17.7,69,4.7,1011,1015.9,2,2.7,10,450.6,0
2016-12-20 09:55:53,5,54,17.7,69,4.7,1010.8,1015.7,2,3.1,12,450.6,0
2016-12-20 10:00:53,5,54,17.7,69,4.9,1010.9,1015.8,1.4,4.1,8,450.6,0
2016-12-20 10:05:53,5,54,17.7,68,5,1011,1015.9,2.4,3.1,8,450.6,0
2016-12-20 10:10:53,5,54,17.7,68,5.2,1011,1015.9,2.4,3.7,14,450.6,0
2016-12-20 10:15:53,5,48,17.7,68,5.3,1010.7,1015.6,3.1,4.8,9,450.6,0
2016-12-20 10:20:53,5,44,17.5,68,5.3,1010.8,1015.7,2,3.7,8,450.6,0
2016-12-20 10:25:53,5,48,17.4,68,5.2,1010.7,1015.6,1.7,3.1,8,450.6,0
2016-12-20 10:30:53,5,50,17.4,69,5,1010.4,1015.3,1.7,2.7,10,450.6,0
2016-12-20 10:35:53,5,49,17.4,70,4.8,1010.4,1015.3,1.7,2.7,8,450.6,0
2016-12-20 10:40:53,5,43,17.4,71,4.7,1010.3,1015.2,1.4,2.4,8,450.6,0
2016-12-20 10:45:53,5,42,17.1,72,4.5,1010,1014.9,1.4,3.1,10,450.6,0
2016-12-20 10:50:53,5,42,17.1,74,4.6,1009.9,1014.8,1,2.7,12,450.6,0
2016-12-20 10:55:53,5,42,16.9,74,4.6,1009.7,1014.6,1.4,2.4,12,450.6,0
2016-12-20 11:00:53,5,42,16.8,74,4.6,1009.6,1014.5,1.4,2,2,450.6,0
2016-12-20 11:05:53,5,45,16.7,74,4.5,1009.4,1014.3,1.7,3.1,8,450.6,0
2016-12-20 11:10:53,5,48,16.7,75,4.5,1009.3,1014.2,1.7,3.1,10,450.6,0
2016-12-20 11:15:53,5,49,16.7,75,4.5,1009.1,1014,1.7,3.1,12,450.6,0
2016-12-20 11:20:53,5,49,16.8,75,4.5,1008.9,1013.8,2,3.1,10,450.6,0
2016-12-20 11:25:53,5,50,16.8,76,4.6,1008.8,1013.7,3.7,6.1,9,450.9,0
2016-12-20 11:30:53,5,52,16.9,76,4.7,1008.8,1013.7,2.7,3.4,10,450.9,0
2016-12-20 11:35:53,5,52,17.1,76,4.8,1008.6,1013.5,1.7,2.7,10,450.9,0
2016-12-20 11:40:53,5,52,17.1,76,4.8,1008.3,1013.2,2.4,3.4,4,450.9,0
2016-12-20 11:45:53,5,52,17.4,76,4.7,1008.5,1013.4,1.4,3.1,2,450.9,0
2016-12-20 11:50:53,5,52,17.4,76,4.6,1008.3,1013.2,1.7,4.1,4,451.2,0
2016-12-20 11:55:53,5,52,17.7,77,4.8,1008,1012.9,2,3.1,10,451.2,0
2016-12-20 12:00:53,5,52,17.8,77,4.9,1007.8,1012.7,2,3.1,0,451.2,0
2016-12-20 12:05:53,5,52,17.9,76,5,1007.7,1012.6,2.7,4.1,8,451.2,0
2016-12-20 12:10:53,5,52,18,76,5.1,1007.5,1012.4,2.7,5.1,8,451.2,0
2016-12-20 12:15:53,5,52,18.1,76,5.1,1007.6,1012.5,2,3.7,2,451.2,0
2016-12-20 12:20:53,5,46,18,76,5.1,1007.3,1012.2,3.4,4.8,10,451.2,0
2016-12-20 12:25:53,5,48,17.9,76,5.1,1007.2,1012.1,4.4,7.1,8,451.5,0
2016-12-20 12:30:53,5,49,17.8,76,5.2,1007.1,1012,2,3.7,10,451.5,0
2016-12-20 12:35:53,5,50,17.8,76,5.2,1007.1,1012,2,4.1,8,451.5,0
2016-12-20 12:40:53,5,50,17.8,76,5.3,1007,1011.9,3.4,5.4,8,451.5,0
2016-12-20 12:45:53,5,50,17.8,76,5.3,1006.7,1011.6,3.1,4.4,10,451.5,0
2016-12-20 12:50:53,5,50,17.8,76,5.3,1006.6,1011.5,4.1,6.1,10,451.5,0
2016-12-20 12:55:53,5,51,17.8,77,5.3,1006.7,1011.6,2.7,3.7,8,451.5,0
2016-12-20 13:00:53,5,51,17.7,77,5.3,1006.3,1011.2,2,4.1,13,451.5,0
2016-12-20 13:05:53,5,51,17.7,77,5.4,1006.3,1011.2,3.4,6.8,10,451.5,0
2016-12-20 13:10:53,5,51,17.7,77,5.4,1006,1010.9,4.8,5.8,8,451.5,0
2016-12-20 13:15:53,5,51,17.7,78,5.5,1006,1010.9,1.4,3.4,9,451.5,0
2016-12-20 13:20:53,5,51,17.7,78,5.5,1005.8,1010.7,4.4,7.5,8,451.8,0
2016-12-20 13:25:53,5,51,17.7,78,5.5,1005.7,1010.6,2.4,4.4,2,451.8,0
2016-12-20 13:30:53,5,51,17.7,78,5.5,1005.7,1010.6,2.7,4.4,8,451.8,0
2016-12-20 13:35:53,5,51,17.7,78,5.6,1005.5,1010.4,2,3.7,14,451.8,0
2016-12-20 13:40:53,5,52,17.6,78,5.7,1005.1,1010,3.1,6.8,10,451.8,0
2016-12-20 13:45:53,5,52,17.6,78,5.7,1005,1009.9,2,5.1,4,451.8,0
2016-12-20 13:50:53,5,52,17.6,78,5.8,1004.8,1009.7,3.7,6.8,2,451.8,0
2016-12-20 13:55:53,5,52,17.6,78,5.9,1004.6,1009.5,3.1,5.1,0,452.1,0
2016-12-20 14:00:53,5,52,17.6,78,5.9,1004.7,1009.6,4.1,6.5,10,452.1,0
2016-12-20 14:05:53,5,52,17.6,77,6,1004.4,1009.3,4.1,5.8,10,452.1,0
2016-12-20 14:10:53,5,52,17.6,77,6.1,1004.3,1009.2,4.1,6.5,10,452.1,0
2016-12-20 14:15:53,5,52,17.5,77,6.1,1004.3,1009.2,6.5,8.5,10,452.1,0
2016-12-20 14:20:53,5,52,17.5,77,6.1,1004,1008.9,5.1,7.8,8,452.4,0
2016-12-20 14:25:53,5,52,17.4,77,6.1,1004.2,1009.1,5.4,9.2,9,452.4,0
2016-12-20 14:30:53,5,52,17.5,77,6.2,1004.1,1009,3.4,5.4,8,452.4,0
2016-12-20 14:35:53,5,52,17.4,77,6.1,1004,1008.9,5.8,9.5,8,452.7,0
2016-12-20 14:40:53,5,52,17.4,77,6.2,1003.8,1008.7,5.1,7.8,11,452.7,0
2016-12-20 14:45:53,5,52,17.5,77,6.3,1003.8,1008.7,4.8,6.1,8,453,0
2016-12-20 14:50:53,5,52,17.4,77,6.3,1003.7,1008.6,4.8,6.5,8,453,0
2016-12-20 14:55:53,5,53,17.5,77,6.4,1003.8,1008.7,3.7,6.5,8,453,0
2016-12-20 15:00:53,5,53,17.5,77,6.4,1003.6,1008.5,3.4,5.1,8,453,0
2016-12-20 15:05:53,5,53,17.4,77,6.4,1003.8,1008.7,4.8,6.5,8,453,0
2016-12-20 15:10:53,5,53,17.4,77,6.4,1003.4,1008.3,4.8,6.8,10,453.3,0
2016-12-20 15:15:53,5,53,17.4,77,6.5,1003.6,1008.5,4.4,6.8,8,453.3,0
2016-12-20 15:20:53,5,53,17.4,77,6.6,1003.7,1008.6,4.8,6.8,8,453.3,0
2016-12-20 15:25:53,5,53,17.4,77,6.6,1003.6,1008.5,4.4,7.8,8,453.6,0
2016-12-20 15:30:53,5,53,17.4,77,6.6,1003.6,1008.5,5.8,8.8,10,453.6,0
2016-12-20 15:35:53,5,53,17.4,77,6.6,1003.6,1008.5,5.1,6.8,8,453.9,0
2016-12-20 15:40:53,5,52,17.3,78,6.7,1003.6,1008.5,5.1,6.8,8,453.9,0
2016-12-20 15:45:53,5,52,17.3,78,6.7,1003.7,1008.6,4.1,5.8,10,453.9,0
2016-12-20 15:50:53,5,53,17.3,78,6.7,1003.6,1008.5,3.7,5.8,8,453.9,0
2016-12-20 15:55:53,5,53,17.4,78,6.7,1003.4,1008.3,6.1,7.8,4,454.2,0
2016-12-20 16:00:53,5,53,17.4,78,6.8,1003.4,1008.3,3.4,5.1,8,454.2,0
2016-12-20 16:05:53,5,53,17.4,78,6.8,1003.3,1008.2,3.7,5.1,4,454.2,0
2016-12-20 16:10:53,5,53,17.4,78,6.9,1003.2,1008.1,3.7,5.4,8,454.2,0
2016-12-20 16:15:53,5,53,17.4,77,7,1003.2,1008.1,4.1,6.8,8,454.2,0
2016-12-20 16:20:53,5,53,17.4,77,7,1003.1,1008,3.4,6.1,10,454.2,0
2016-12-20 16:25:53,5,56,17.3,77,7,1003.3,1008.2,4.4,8.5,8,454.2,0
2016-12-20 16:30:53,5,58,17.4,77,7.2,1003.4,1008.3,4.4,5.4,8,454.5,0
2016-12-20 16:35:53,5,58,17.4,77,7.3,1003.5,1008.4,3.4,4.4,8,454.5,0
2016-12-20 16:40:53,5,58,17.4,77,7.2,1003.7,1008.6,4.1,5.1,8,454.5,0
2016-12-20 16:45:53,5,58,17.4,77,7.2,1003.7,1008.6,3.1,4.4,8,454.5,0
2016-12-20 16:50:53,5,57,17.4,78,7.3,1003.9,1008.8,2.7,4.8,10,454.5,0
2016-12-20 16:55:53,5,57,17.4,78,7.3,1004,1008.9,1.7,2.4,8,454.5,0
2016-12-20 17:00:53,5,57,17.4,78,7.3,1004.1,1009,4.1,5.1,10,454.8,0
2016-12-20 17:05:53,5,57,17.4,78,7.3,1004.1,1009,2.7,4.1,8,454.8,0
2016-12-20 17:10:53,5,57,17.4,78,7.2,1004.1,1009,2,2.7,10,454.8,0
2016-12-20 17:15:53,5,57,17.4,78,7.2,1004.2,1009.1,2.4,3.7,12,454.8,0
2016-12-20 17:20:53,5,57,17.4,79,7.2,1004.1,1009,1.4,1.7,10,454.8,0
2016-12-20 17:25:53,5,57,17.4,79,7.2,1004,1008.9,3.1,4.4,10,454.8,0
2016-12-20 17:30:53,5,57,17.4,79,7.1,1004,1008.9,2.7,3.4,9,454.8,0
2016-12-20 17:35:53,5,57,17.4,79,7.1,1004,1008.9,2.7,4.4,8,454.8,0
2016-12-20 17:40:53,5,57,17.4,79,7.2,1004,1008.9,2.4,3.4,8,454.8,0
2016-12-20 17:45:53,5,57,17.1,79,7.2,1004.3,1009.2,2.7,3.4,9,454.8,0
2016-12-20 17:50:53,5,57,17.4,79,7.3,1004.2,1009.1,1.7,3.4,10,454.8,0
2016-12-20 17:55:53,5,57,17.4,79,7.3,1004.4,1009.3,1.4,2,10,454.8,0
2016-12-20 18:00:53,5,57,17.1,79,7.3,1004.5,1009.4,1.4,1.7,10,454.8,0
2016-12-20 18:05:53,5,57,17.1,79,7.3,1004.5,1009.4,1.4,2,10,454.8,0
2016-12-20 18:10:53,5,57,17.1,79,7.2,1004.6,1009.5,0.7,1.4,10,454.8,0
2016-12-20 18:15:53,5,57,17.1,79,7.2,1004.6,1009.5,1.4,2.4,10,454.8,0
2016-12-20 18:20:53,5,57,17.1,79,7.2,1004.7,1009.6,1,2,10,454.8,0
2016-12-20 18:25:53,5,57,17.1,79,7.2,1004.7,1009.6,1,1.4,8,454.8,0
2016-12-20 18:30:53,5,58,17.1,79,7.1,1004.7,1009.6,1.7,2.4,10,454.8,0
2016-12-20 18:35:53,5,58,17.1,79,7.2,1005,1009.9,1.4,2,10,454.8,0
2016-12-20 18:40:53,5,58,17.1,79,7.1,1004.9,1009.8,1,1.7,12,454.8,0
2016-12-20 18:45:53,5,58,17.1,79,7,1005.1,1010,1.4,2,10,454.8,0
2016-12-20 18:50:53,5,58,17.1,79,6.9,1005.1,1010,1,1.7,8,454.8,0
2016-12-20 18:55:53,5,58,17.4,79,6.8,1005.1,1010,0.7,1.4,0,454.8,0
2016-12-20 19:00:53,5,58,17.4,79,6.7,1005.2,1010.1,1,1.4,8,454.8,0
2016-12-20 19:05:53,5,58,17.4,79,6.6,1005.1,1010,0.3,1,4,454.8,0
2016-12-20 19:10:53,5,58,17.4,79,6.5,1005.2,1010.1,1,1.7,8,454.8,0
2016-12-20 19:15:53,5,58,17.4,79,6.4,1005.3,1010.2,0.7,1.4,8,454.8,0
2016-12-20 19:20:53,5,58,17.4,79,6.3,1005.2,1010.1,1,1.4,8,454.8,0
2016-12-20 19:25:53,5,58,17.4,79,6.2,1005.2,1010.1,0.7,1.4,8,454.8,0
2016-12-20 19:30:53,5,58,17.4,79,6.1,1005.3,1010.2,0.7,1,10,454.8,0
2016-12-20 19:35:53,5,59,17.4,79,6,1005.4,1010.3,1,1.4,10,454.8,0
2016-12-20 19:40:53,5,59,17.4,79,6,1005.6,1010.5,1,1.4,12,454.8,0
2016-12-20 19:45:53,5,59,17.4,79,6,1005.7,1010.6,1.4,1.7,12,454.8,0
2016-12-20 19:50:53,5,59,17.4,79,6.1,1005.6,1010.5,1.4,2,10,454.8,0
2016-12-20 19:55:53,5,59,17.4,79,6.1,1005.7,1010.6,1.4,1.7,10,454.8,0
2016-12-20 20:00:53,5,59,17.4,79,6,1005.8,1010.7,0.7,1.4,10,454.8,0
2016-12-20 20:05:53,5,59,17.4,79,5.9,1005.7,1010.6,1,1.4,9,454.8,0
2016-12-20 20:10:53,5,59,17.4,79,5.8,1005.6,1010.5,1.4,1.7,10,454.8,0
2016-12-20 20:15:53,5,59,17.4,79,5.7,1005.8,1010.7,1,1.4,10,454.8,0
2016-12-20 20:20:53,5,59,17.4,78,5.6,1005.7,1010.6,0.7,1,10,454.8,0
2016-12-20 20:25:53,5,59,17.4,78,5.4,1005.8,1010.7,0.7,1,8,454.8,0
2016-12-20 20:30:53,5,60,17.5,78,5.3,1005.7,1010.6,1,1.7,12,454.8,0
2016-12-20 20:35:53,5,61,17.6,78,5.3,1005.6,1010.5,1.4,2,9,454.8,0
2016-12-20 20:40:53,5,62,17.7,78,5.4,1005.7,1010.6,0.7,1.4,8,454.8,0
2016-12-20 20:45:53,5,62,17.8,78,5.4,1005.7,1010.6,0.7,1.4,9,454.8,0
2016-12-20 20:50:53,5,62,18,78,5.3,1005.9,1010.8,0.7,1.4,10,454.8,0
2016-12-20 20:55:53,5,62,18.2,78,5.2,1005.8,1010.7,0.7,1.4,8,454.8,0
2016-12-20 21:00:53,5,62,18.2,78,5.2,1005.7,1010.6,1,1.7,10,454.8,0
2016-12-20 21:05:53,5,62,18.4,78,5.1,1005.8,1010.7,0.3,0.7,8,454.8,0
2016-12-20 21:10:53,5,60,18.5,77,5,1005.8,1010.7,0.7,1,10,454.8,0
2016-12-20 21:15:53,5,58,18.6,77,5,1005.7,1010.6,1,1.4,10,454.8,0
2016-12-20 21:20:53,5,58,18.7,78,4.9,1005.8,1010.7,0.3,1,4,454.8,0
2016-12-20 21:25:53,5,59,18.8,78,4.8,1005.9,1010.8,0,0.3,8,454.8,0
2016-12-20 21:30:53,5,59,18.9,78,4.7,1005.8,1010.7,0,0.3,10,454.8,0
2016-12-20 21:35:53,5,58,19,78,4.5,1005.8,1010.7,0,0.3,,454.8,0
2016-12-20 21:40:53,5,58,19.1,78,4.4,1005.7,1010.6,0,0.7,,454.8,0
2016-12-20 21:45:53,5,58,19.1,78,4.2,1005.9,1010.8,0.3,0.7,4,454.8,0
2016-12-20 21:50:53,5,57,19.2,78,4.2,1006,1010.9,0,0.3,8,454.8,0
2016-12-20 21:55:53,5,57,19.3,78,4.2,1005.9,1010.8,0.3,0.7,4,454.8,0
2016-12-20 22:00:53,5,57,19.3,78,4.2,1005.9,1010.8,0,0.3,4,454.8,0
2016-12-20 22:05:53,5,57,19.4,78,4.2,1005.8,1010.7,0,0.3,4,454.8,0
2016-12-20 22:10:53,5,57,19.5,78,4,1005.7,1010.6,0,0.3,4,454.8,0
2016-12-20 22:15:53,5,57,19.5,79,3.9,1005.7,1010.6,0.7,1,4,454.8,0
2016-12-20 22:20:53,5,57,19.6,79,3.9,1005.7,1010.6,0.3,0.7,4,454.8,0
2016-12-20 22:25:53,5,57,19.6,80,3.8,1005.7,1010.6,0.7,1,10,454.8,0
2016-12-20 22:30:53,5,57,19.6,80,3.8,1005.6,1010.5,1,1.4,8,454.8,0
2016-12-20 22:35:53,5,56,19.6,79,4,1005.7,1010.6,1,1.4,9,454.8,0
2016-12-20 22:40:53,5,57,19.6,79,4.1,1005.7,1010.6,1,1.4,8,454.8,0
2016-12-20 22:45:53,5,57,19.6,79,4.1,1005.8,1010.7,0.7,1.4,9,454.8,0
2016-12-20 22:50:53,5,56,19.6,79,4.2,1006,1010.9,0.7,1.4,8,454.8,0
2016-12-20 22:55:53,5,56,19.6,78,4.2,1006,1010.9,1.4,1.7,8,454.8,0
2016-12-20 23:00:53,5,56,19.6,78,4.2,1005.8,1010.7,1.4,1.7,8,454.8,0
2016-12-20 23:05:53,5,55,19.6,78,4.2,1005.8,1010.7,1.7,2,10,454.8,0
2016-12-20 23:10:53,5,56,19.5,77,4.2,1005.8,1010.7,1.4,2,8,454.8,0
2016-12-20 23:15:53,5,56,19.4,77,4.2,1005.7,1010.6,1,1.7,8,454.8,0
2016-12-20 23:20:53,5,57,19.4,77,4.2,1005.8,1010.7,1,1.7,8,454.8,0
2016-12-20 23:25:53,5,57,19.4,77,4.3,1005.8,1010.7,1,1.7,8,454.8,0
2016-12-20 23:30:53,5,57,19.2,77,4.3,1005.7,1010.6,1.4,1.7,10,454.8,0
2016-12-20 23:35:53,5,57,19.2,77,4.4,1005.6,1010.5,1,1.7,10,454.8,0
2016-12-20 23:40:53,5,57,19.2,77,4.4,1005.6,1010.5,1.4,1.7,9,454.8,0
2016-12-20 23:45:53,5,57,19.1,76,4.4,1005.7,1010.6,1,1.7,10,454.8,0
2016-12-20 23:50:53,5,57,19,76,4.4,1005.6,1010.5,1.4,2.4,10,454.8,0
2016-12-20 23:55:53,5,57,19,76,4.4,1005.7,1010.6,1,1.4,8,454.8,0
