2016-12-16 00:00:54,5,62,18.9,80,6.5,1008.5,1013.4,1,1.7,2,449.1,0
2016-12-16 00:05:54,5,61,19,80,6.4,1008.5,1013.4,1,1.7,2,449.1,0
2016-12-16 00:10:54,5,62,18.9,80,6.4,1008.6,1013.5,0.3,1,4,449.1,0
2016-12-16 00:15:54,5,62,18.9,80,6.4,1008.7,1013.6,0.3,0.7,12,449.4,0
2016-12-16 00:20:54,5,62,18.9,80,6.4,1008.9,1013.8,1,1.4,12,449.4,0
2016-12-16 00:25:54,5,61,19,80,6.3,1008.9,1013.8,0.3,0.7,8,449.4,0
2016-12-16 00:30:54,5,62,18.9,80,6.4,1009,1013.9,0.7,1.4,14,449.4,0
2016-12-16 00:35:54,5,62,18.9,80,6.4,1009.2,1014.1,1,1.7,12,449.4,0
2016-12-16 00:40:54,5,62,18.9,80,6.4,1009.1,1014,0.3,0.7,12,449.4,0
2016-12-16 00:45:54,5,61,19,80,6.3,1009.2,1014.1,0.7,1.4,12,449.4,0
2016-12-16 00:50:54,5,61,19,80,6.3,1009.4,1014.3,1,1.4,12,449.4,0
2016-12-16 00:55:54,5,62,18.9,80,6.3,1009.3,1014.2,0,0.3,12,449.4,0
2016-12-16 01:00:54,5,61,18.9,80,6.2,1009.3,1014.2,0.3,0.7,12,449.4,0
2016-12-16 01:05:54,5,61,18.9,80,6.2,1009.3,1014.2,0,0.3,14,449.4,0
2016-12-16 01:10:54,5,61,18.9,80,6.1,1009.4,1014.3,0,0,14,449.7,0
2016-12-16 01:15:54,5,61,18.9,80,6.1,1009.5,1014.4,0,0,0,449.7,0
2016-12-16 01:20:54,5,61,18.9,80,6.1,1009.5,1014.4,0.3,0.7,2,449.7,0
2016-12-16 01:25:54,5,61,18.9,80,6.1,1009.5,1014.4,1,1.7,0,449.7,0
2016-12-16 01:30:54,5,61,18.9,80,6.1,1009.7,1014.6,1,1.7,0,449.7,0
2016-12-16 01:35:54,5,61,18.9,80,6.1,1009.7,1014.6,0.7,1,0,450,0
2016-12-16 01:40:54,5,61,18.8,80,6.1,1009.8,1014.7,0.7,1,2,450,0
2016-12-16 01:45:54,5,61,18.8,80,6.1,1009.7,1014.6,1.4,1.7,2,450,0
2016-12-16 01:50:54,5,61,18.8,80,6.1,1009.9,1014.8,1.4,2,2,450.3,0
2016-12-16 01:55:54,5,61,18.8,80,6.1,1009.9,1014.8,2,3.1,2,450.3,0
2016-12-16 02:00:54,5,61,18.8,80,6.1,1009.9,1014.8,2,3.4,2,450.3,0
2016-12-16 02:05:54,5,61,18.8,80,6.1,1009.9,1014.8,2.4,3.7,0,450.3,0
2016-12-16 02:10:54,5,60,18.8,80,6.1,1010,1014.9,1.7,2.4,0,450.3,0
2016-12-16 02:15:54,5,60,18.8,80,6.2,1010.1,1015,2.4,2.7,2,450.3,0
2016-12-16 02:20:54,5,60,18.8,79,6.2,1010.3,1015.2,2,3.1,0,450.3,0
2016-12-16 02:25:54,5,60,18.8,79,6.1,1010.2,1015.1,2.4,3.1,2,450.3,0
2016-12-16 02:30:54,5,60,18.8,79,6.2,1010.5,1015.4,1.4,2,0,450.3,0
2016-12-16 02:35:54,5,60,18.8,79,6.2,1010.6,1015.5,1.4,1.7,0,450.3,0
2016-12-16 02:40:54,5,60,18.8,78,6.2,1010.7,1015.6,0.3,1,0,450.3,0
2016-12-16 02:45:54,5,60,18.8,78,6.1,1010.8,1015.7,0.7,1,12,450.3,0
2016-12-16 02:50:54,5,60,18.8,78,6.1,1011,1015.9,0.3,0.7,12,450.3,0
2016-12-16 02:55:54,5,60,18.8,78,6,1011,1015.9,0.7,1.4,12,450.3,0
2016-12-16 03:00:54,5,60,18.8,78,6,1011.2,1016.1,0.7,1,10,450.3,0
2016-12-16 03:05:54,5,60,18.8,78,6,1011.3,1016.2,0.7,1,10,450.3,0
2016-12-16 03:10:54,5,60,18.8,79,5.9,1011.3,1016.2,1,1.4,10,450.3,0
2016-12-16 03:15:54,5,60,18.8,79,5.8,1011.5,1016.4,0.7,1.4,12,450.3,0
2016-12-16 03:20:54,5,60,18.8,79,5.8,1011.7,1016.6,0.7,1,10,450.3,0
2016-12-16 03:25:54,5,60,18.8,79,5.7,1011.6,1016.5,1,1.7,10,450.3,0
2016-12-16 03:30:54,5,59,18.8,79,5.7,1011.9,1016.8,0.3,0.7,10,450.3,0
2016-12-16 03:35:54,5,59,18.8,79,5.6,1012,1016.9,0.7,1,10,450.3,0
2016-12-16 03:40:54,5,59,18.7,79,5.6,1012,1016.9,0,0,10,450.3,0
2016-12-16 03:45:54,5,59,18.8,79,5.5,1012.1,1017,0,0,14,450.3,0
2016-12-16 03:50:54,5,59,18.7,79,5.4,1012.2,1017.1,0,0.3,14,450.3,0
2016-12-16 03:55:54,5,59,18.7,79,5.4,1012.2,1017.1,0.3,0.7,14,450.3,0
2016-12-16 04:00:54,5,59,18.7,79,5.3,1012.2,1017.1,0.3,0.7,14,450.3,0
2016-12-16 04:05:54,5,59,18.8,79,5.3,1012.3,1017.2,0.3,0.7,10,450.3,0
2016-12-16 04:10:54,5,59,18.7,79,5.3,1012.5,1017.4,0,0.7,10,450.3,0
2016-12-16 04:15:54,5,59,18.7,80,5.3,1012.4,1017.3,0.3,0.7,10,450.3,0
2016-12-16 04:20:54,5,59,18.7,80,5.3,1012.6,1017.5,0,0.7,10,450.3,0
2016-12-16 04:25:54,5,59,18.7,80,5.3,1012.6,1017.5,0.3,0.7,14,450.3,0
2016-12-16 04:30:54,5,59,18.7,80,5.3,1012.7,1017.6,0,0,12,450.3,0
2016-12-16 04:35:54,5,59,18.7,80,5.2,1012.9,1017.8,0,0.3,10,450.3,0
2016-12-16 04:40:54,5,59,18.7,80,5.3,1013,1017.9,0.3,0.7,10,450.3,0
2016-12-16 04:45:54,5,59,18.7,80,5.3,1013.1,1018,0,0.3,10,450.3,0
2016-12-16 04:50:54,5,59,18.7,80,5.3,1013.2,1018.1,0,0.7,10,450.3,0
2016-12-16 04:55:54,5,59,18.7,80,5.3,1013.4,1018.3,0,0,10,450.3,0
2016-12-16 05:00:54,5,59,18.7,80,5.3,1013.5,1018.4,0,0,10,450.3,0
2016-12-16 05:05:54,5,59,18.7,80,5.3,1013.5,1018.4,0,0.3,10,450.3,0
2016-12-16 05:10:54,5,59,18.7,80,5.3,1013.5,1018.4,0,0.3,10,450.3,0
2016-12-16 05:15:54,5,59,18.6,80,5.4,1013.5,1018.4,0,0.3,10,450.3,0
2016-12-16 05:20:54,5,59,18.6,80,5.5,1013.7,1018.6,0.3,0.7,10,450.3,0
2016-12-16 05:25:54,5,59,18.6,81,5.6,1013.8,1018.7,0.3,0.7,10,450.3,0
2016-12-16 05:30:54,5,59,18.6,81,5.7,1013.8,1018.7,0.7,1,12,450.3,0
2016-12-16 05:35:54,5,59,18.6,81,5.7,1013.9,1018.8,0.3,0.7,10,450.3,0
2016-12-16 05:40:54,5,59,18.6,81,5.7,1013.9,1018.8,0.3,0.7,10,450.3,0
2016-12-16 05:45:54,5,59,18.6,81,5.7,1014.2,1019.1,0.7,1,8,450.3,0
2016-12-16 05:50:54,5,59,18.6,81,5.6,1014.2,1019.1,0.3,0.7,10,450.3,0
2016-12-16 05:55:54,5,59,18.6,81,5.7,1014.5,1019.4,0.3,0.7,10,450.3,0
2016-12-16 06:00:54,5,59,18.6,81,5.7,1014.5,1019.4,0.7,0.7,10,450.3,0
2016-12-16 06:05:54,5,59,18.6,81,5.7,1014.7,1019.6,0.7,1,10,450.3,0
2016-12-16 06:10:54,5,59,18.6,81,5.7,1014.8,1019.7,0.3,1,10,450.3,0
2016-12-16 06:15:54,5,59,18.6,81,5.7,1014.9,1019.8,0.7,1.4,12,450.3,0
2016-12-16 06:20:54,5,59,18.6,81,5.8,1015,1019.9,0.7,1,10,450.3,0
2016-12-16 06:25:54,5,59,18.6,81,5.8,1015.3,1020.2,1,1.4,12,450.3,0
2016-12-16 06:30:54,5,59,18.6,81,5.8,1015.1,1020,1,1.4,12,450.3,0
2016-12-16 06:35:54,5,58,18.5,81,5.8,1015.3,1020.2,1,1.4,12,450.3,0
2016-12-16 06:40:54,5,58,18.5,81,5.8,1015.3,1020.2,0.3,0.7,12,450.3,0
2016-12-16 06:45:54,5,58,18.5,81,5.8,1015.5,1020.4,0.3,0.7,10,450.3,0
2016-12-16 06:50:54,5,58,18.5,81,5.8,1015.6,1020.5,0.3,0.7,8,450.3,0
2016-12-16 06:55:54,5,58,18.5,81,5.6,1015.8,1020.7,0.3,0.7,10,450.3,0
2016-12-16 07:00:54,5,58,18.5,81,5.5,1015.8,1020.7,0.3,0.7,10,450.3,0
2016-12-16 07:05:54,5,58,18.5,81,5.4,1015.9,1020.8,0.3,0.7,10,450.3,0
2016-12-16 07:10:54,5,58,18.5,81,5.3,1016,1020.9,0.7,1,10,450.3,0
2016-12-16 07:15:54,5,58,18.6,81,5.2,1015.9,1020.8,0,0.3,10,450.3,0
2016-12-16 07:20:54,5,58,18.5,81,5.2,1016.2,1021.1,0.3,0.7,10,450.3,0
2016-12-16 07:25:54,5,58,18.5,81,5.2,1016.2,1021.1,0.3,0.7,10,450.3,0
2016-12-16 07:30:54,5,58,18.5,81,5.1,1016.3,1021.2,0.3,0.7,10,450.3,0
2016-12-16 07:35:54,5,58,18.5,81,5.1,1016.4,1021.3,0.3,1,10,450.3,0
2016-12-16 07:40:54,5,58,18.5,81,5.2,1016.5,1021.4,0.7,1,11,450.3,0
2016-12-16 07:45:54,5,57,18.5,81,5.3,1016.6,1021.5,0.3,1,10,450.3,0
2016-12-16 07:50:54,5,57,18.5,81,5.2,1016.8,1021.7,0.7,1,10,450.3,0
2016-12-16 07:55:54,5,58,18.5,81,5.3,1016.7,1021.6,0.7,1,12,450.3,0
2016-12-16 08:00:54,5,58,18.5,81,5.3,1016.8,1021.7,1,1.4,10,450.3,0
2016-12-16 08:05:54,5,58,18.4,81,5.3,1016.9,1021.8,0.7,1.4,10,450.3,0
2016-12-16 08:10:54,5,58,18.5,81,5.2,1016.9,1021.8,0.7,1,12,450.3,0
2016-12-16 08:15:54,5,58,18.5,81,5.1,1017.1,1022,0.7,1,12,450.3,0
2016-12-16 08:20:54,5,58,18.5,81,5.1,1017.1,1022,0.3,0.7,10,450.3,0
2016-12-16 08:25:54,5,58,18.5,81,5,1017.2,1022.1,0.3,0.7,10,450.3,0
2016-12-16 08:30:54,5,58,18.4,82,4.9,1017.4,1022.3,0.3,0.7,10,450.3,0
2016-12-16 08:35:54,5,58,18.4,82,4.8,1017.5,1022.4,0,0.3,8,450.3,0
2016-12-16 08:40:54,5,58,18.4,82,4.6,1017.5,1022.4,0,0.7,8,450.3,0
2016-12-16 08:45:54,5,58,18.5,82,4.3,1017.6,1022.5,0.3,0.7,8,450.3,0
2016-12-16 08:50:54,5,58,18.5,82,4.2,1017.7,1022.6,0,0.3,8,450.3,0
2016-12-16 08:55:54,5,58,18.4,82,4.1,1017.7,1022.6,0,0.3,4,450.3,0
2016-12-16 09:00:54,5,58,18.4,82,4,1017.9,1022.8,0,0,4,450.3,0
2016-12-16 09:05:54,5,58,18.5,82,4,1017.9,1022.8,0.3,0.7,8,450.3,0
2016-12-16 09:10:54,5,58,18.4,82,4.1,1018,1022.9,1,1.7,12,450.3,0
2016-12-16 09:15:54,5,58,18.4,82,4.3,1018.1,1023,0.7,1,10,450.3,0
2016-12-16 09:20:54,5,58,18.4,82,4.3,1018.3,1023.2,0.3,0.7,10,450.3,0
2016-12-16 09:25:54,5,58,18.4,82,4.3,1018,1022.9,0,0,8,450.3,0
2016-12-16 09:30:54,5,58,18.4,82,4.1,1018.3,1023.2,0.3,0.7,10,450.3,0
2016-12-16 09:35:54,5,58,18.4,82,4.1,1018.4,1023.3,0.3,0.7,10,450.3,0
2016-12-16 09:40:54,5,58,18.4,82,4,1018.5,1023.4,0.3,0.7,10,450.3,0
2016-12-16 09:45:54,5,58,18.4,82,4,1018.6,1023.5,0.3,0.7,8,450.3,0
2016-12-16 09:50:54,5,58,18.4,82,4,1018.7,1023.6,0.3,0.7,10,450.3,0
2016-12-16 09:55:54,5,58,18.4,82,4,1018.7,1023.6,0.3,0.7,10,450.3,0
2016-12-16 10:00:54,5,58,18.4,82,4,1018.8,1023.7,0,0.3,10,450.3,0
2016-12-16 10:05:54,5,58,18.4,82,4,1019,1023.9,0.3,0.7,10,450.3,0
2016-12-16 10:10:54,5,58,18.4,82,4,1019.1,1024,0.3,0.7,10,450.3,0
2016-12-16 10:15:54,5,58,18.4,82,4.1,1019.3,1024.2,0,0.3,10,450.3,0
2016-12-16 10:20:54,5,59,18.4,82,4.3,1019.3,1024.2,0,0.3,10,450.3,0
2016-12-16 10:25:54,5,59,18.5,82,4.4,1019.4,1024.3,0.7,1,10,450.3,0
2016-12-16 10:30:54,5,59,18.5,82,4.5,1019.5,1024.4,0.7,1,10,450.3,0
2016-12-16 10:35:54,5,59,18.4,82,4.6,1019.5,1024.4,0.3,0.7,10,450.3,0
2016-12-16 10:40:54,5,59,18.5,82,4.8,1019.8,1024.7,0.3,0.7,10,450.3,0
2016-12-16 10:45:54,5,59,18.5,82,4.9,1019.8,1024.7,0,0.3,12,450.3,0
2016-12-16 10:50:54,5,59,18.5,82,5.1,1019.9,1024.8,0,0.3,12,450.3,0
2016-12-16 10:55:54,5,59,18.5,82,5.4,1020,1024.9,0,0.7,12,450.3,0
2016-12-16 11:00:54,5,59,18.5,82,5.9,1020,1024.9,0.3,0.7,10,450.3,0
2016-12-16 11:05:54,5,59,18.5,81,6.1,1020.2,1025.1,0.3,0.7,12,450.3,0
2016-12-16 11:10:54,5,59,18.5,81,6.2,1020.1,1025,0.3,0.7,10,450.3,0
2016-12-16 11:15:54,5,60,18.5,81,6.4,1020.2,1025.1,0.3,0.7,10,450.3,0
2016-12-16 11:20:54,5,60,18.5,81,6.3,1020.2,1025.1,0,0,10,450.3,0
2016-12-16 11:25:54,5,54,18.5,81,6.3,1020.2,1025.1,0,0,10,450.3,0
2016-12-16 11:30:54,5,57,18.4,81,6.2,1020.2,1025.1,0,0.3,10,450.3,0
2016-12-16 11:35:54,5,58,18.5,80,6.1,1020.3,1025.2,0.3,0.7,12,450.3,0
2016-12-16 11:40:54,5,58,18.5,80,6.1,1020.4,1025.3,1,1.4,12,450.3,0
2016-12-16 11:45:54,5,58,18.5,81,6.1,1020.5,1025.4,1.4,2,14,450.3,0
2016-12-16 11:50:54,5,58,18.4,81,6.2,1020.6,1025.5,0.7,1,12,450.3,0
2016-12-16 11:55:54,5,58,18.4,81,6.3,1020.7,1025.6,0.7,1,12,450.3,0
2016-12-16 12:00:54,5,58,18.5,81,6.4,1020.8,1025.7,0.3,1,10,450.3,0
2016-12-16 12:05:54,5,58,18.5,80,6.5,1020.7,1025.6,0.3,0.7,12,450.3,0
2016-12-16 12:10:54,5,56,18.6,80,6.6,1020.8,1025.7,0.3,1,10,450.3,0
2016-12-16 12:15:54,5,57,18.6,80,6.7,1020.9,1025.8,0,0.7,10,450.3,0
2016-12-16 12:20:54,5,58,18.5,80,6.8,1020.9,1025.8,0.7,1,10,450.3,0
2016-12-16 12:25:54,5,58,18.5,79,7,1020.9,1025.8,0,0.3,10,450.3,0
2016-12-16 12:30:54,5,58,18.5,79,7.3,1021.1,1026,0.7,1,10,450.3,0
2016-12-16 12:35:54,5,58,18.6,79,7.5,1021.2,1026.1,0.3,1,12,450.3,0
2016-12-16 12:40:54,5,58,18.6,79,7.5,1021.2,1026.1,0.7,1.4,12,450.3,0
2016-12-16 12:45:54,5,59,18.7,78,7.5,1021.6,1026.5,1.7,2,12,450.3,0
2016-12-16 12:50:54,5,59,18.7,78,7.6,1021.6,1026.5,0.7,1.4,12,450.3,0
2016-12-16 12:55:54,5,59,18.7,78,8,1021.7,1026.6,1,2,12,450.3,0
2016-12-16 13:00:54,5,59,18.7,77,8.1,1021.9,1026.8,1.4,1.7,10,450.3,0
2016-12-16 13:05:54,5,59,18.7,77,8.3,1022,1026.9,0.7,2,14,450.3,0
2016-12-16 13:10:54,5,59,18.7,76,8.4,1022,1026.9,1.4,1.7,12,450.3,0
2016-12-16 13:15:54,5,59,18.7,75,8.4,1022,1026.9,1.7,2.4,14,450.3,0
2016-12-16 13:20:54,5,59,18.8,74,8.5,1022.1,1027,1,2.4,14,450.3,0
2016-12-16 13:25:54,5,60,18.8,72,8.5,1022,1026.9,1.7,2.7,12,450.3,0
2016-12-16 13:30:54,5,60,18.8,70,8.7,1022,1026.9,0.7,1,12,450.3,0
2016-12-16 13:35:54,5,60,18.8,69,8.9,1022,1026.9,1.7,2,14,450.3,0
2016-12-16 13:40:54,5,60,18.8,66,9,1021.9,1026.8,0.7,1.4,14,450.3,0
2016-12-16 13:45:54,5,60,18.9,66,9.1,1021.8,1026.7,1,2,14,450.3,0
2016-12-16 13:50:54,5,60,18.9,66,8.9,1021.8,1026.7,1.4,2.4,12,450.3,0
2016-12-16 13:55:54,5,60,18.9,66,8.9,1021.9,1026.8,1,1.4,12,450.3,0
2016-12-16 14:00:53,5,60,18.9,65,9.1,1021.9,1026.8,1,1.4,12,450.3,0
2016-12-16 14:05:53,5,60,18.9,65,9.2,1021.9,1026.8,0.3,1.4,12,450.3,0
2016-12-16 14:10:53,5,60,19,65,9.5,1021.9,1026.8,0.7,1.4,14,450.3,0
2016-12-16 14:15:53,5,60,19,65,9.7,1021.9,1026.8,0.3,1,14,450.3,0
2016-12-16 14:20:53,5,60,19,64,9.8,1022,1026.9,0.3,1,12,450.3,0
2016-12-16 14:25:53,5,60,19.1,64,9.8,1022,1026.9,0.7,1,14,450.3,0
2016-12-16 14:30:53,5,60,19.2,64,9.8,1022,1026.9,0.3,0.7,12,450.3,0
2016-12-16 14:35:53,5,60,19.2,64,9.9,1022.2,1027.1,0.7,0.7,12,450.3,0
2016-12-16 14:40:53,5,60,19.2,63,9.9,1022.1,1027,0.3,0.7,12,450.3,0
2016-12-16 14:45:53,5,60,19.3,63,9.8,1022.1,1027,0.3,0.7,12,450.3,0
2016-12-16 14:50:53,5,60,19.4,63,9.2,1022,1026.9,0,0.7,12,450.3,0
2016-12-16 14:55:53,5,61,19.4,64,9,1022.3,1027.2,0.3,0.7,12,450.3,0
2016-12-16 15:00:53,5,61,19.4,65,8.7,1022.4,1027.3,0.3,0.7,12,450.3,0
2016-12-16 15:05:53,5,61,19.5,65,8.5,1022.5,1027.4,0.3,0.7,12,450.3,0
2016-12-16 15:10:53,5,61,19.5,66,8.2,1022.7,1027.6,0.3,0.7,12,450.3,0
2016-12-16 15:15:53,5,61,19.5,66,8.1,1022.5,1027.4,0,0.3,12,450.3,0
2016-12-16 15:20:53,5,61,19.5,67,8.1,1022.7,1027.6,0.3,0.7,12,450.3,0
2016-12-16 15:25:53,5,61,19.5,67,8.1,1022.7,1027.6,0.3,0.7,12,450.3,0
2016-12-16 15:30:53,5,61,19.6,68,8.5,1022.7,1027.6,0,0,12,450.3,0
2016-12-16 15:35:53,5,61,19.6,66,9,1022.7,1027.6,0,0,12,450.3,0
2016-12-16 15:40:53,5,61,19.6,66,9.1,1023,1027.9,0,0,12,450.3,0
2016-12-16 15:45:53,5,61,19.5,66,8.8,1023.1,1028,0,0,12,450.3,0
2016-12-16 15:50:53,5,61,19.5,66,8,1023.2,1028.1,0,0.3,12,450.3,0
2016-12-16 15:55:53,5,61,19.5,67,7.2,1023.4,1028.3,0.3,0.7,12,450.3,0
2016-12-16 16:00:53,5,61,19.5,69,6.8,1023.5,1028.4,0.3,0.7,12,450.3,0
2016-12-16 16:05:53,5,61,19.4,71,6.5,1023.6,1028.5,0.3,0.7,10,450.3,0
2016-12-16 16:10:53,5,61,19.4,72,6.4,1024,1028.9,0,0,10,450.3,0
2016-12-16 16:15:53,5,56,19.4,72,6.1,1023.9,1028.8,0,0,10,450.3,0
2016-12-16 16:20:53,5,51,19.2,73,5.8,1023.9,1028.8,0,0.3,10,450.3,0
2016-12-16 16:25:53,5,53,19.1,73,5.6,1024.1,1029,0,0.3,9,450.3,0
2016-12-16 16:30:53,5,55,19.1,74,5.4,1024.5,1029.4,0.3,0.7,8,450.3,0
2016-12-16 16:35:53,5,56,19,74,5.3,1024.3,1029.2,0.3,1,8,450.3,0
2016-12-16 16:40:53,5,56,19,75,5.1,1024.5,1029.4,0.3,0.7,8,450.3,0
2016-12-16 16:45:53,5,57,19,75,5,1024.6,1029.5,0.7,1,8,450.3,0
2016-12-16 16:50:53,5,58,19,77,4.9,1025,1029.9,0.7,1,8,450.3,0
2016-12-16 16:55:53,5,60,18.9,77,4.8,1024.7,1029.6,0.3,0.7,8,450.3,0
2016-12-16 17:00:53,5,61,18.9,77,4.7,1025,1029.9,0.3,0.7,8,450.3,0
2016-12-16 17:05:53,5,61,18.9,78,4.6,1025.1,1030,0.3,1,8,450.3,0
2016-12-16 17:10:53,5,61,18.8,78,4.6,1025,1029.9,0.3,1,8,450.3,0
2016-12-16 17:15:53,5,62,18.8,78,4.6,1024.9,1029.8,0.3,0.7,8,450.3,0
2016-12-16 17:20:53,5,62,18.8,79,4.6,1025,1029.9,0.7,1,8,450.3,0
2016-12-16 17:25:53,5,62,18.8,79,4.7,1025.1,1030,0.3,1,8,450.3,0
2016-12-16 17:30:53,5,61,18.8,79,4.6,1025.2,1030.1,0,0,8,450.3,0
2016-12-16 17:35:53,5,61,18.8,79,4.4,1025.3,1030.2,0,0,8,450.3,0
2016-12-16 17:40:53,5,61,18.8,79,4.4,1025.7,1030.6,0.3,0.7,8,450.3,0
2016-12-16 17:45:53,5,61,18.7,79,4.4,1025.7,1030.6,0.3,0.7,8,450.3,0
2016-12-16 17:50:53,5,62,18.7,79,4.4,1025.9,1030.8,0.3,0.7,8,450.3,0
2016-12-16 17:55:53,5,62,18.7,79,4.3,1025.9,1030.8,0.3,0.7,8,450.3,0
2016-12-16 18:00:53,5,62,18.7,79,4.2,1026.1,1031,0.7,0.7,8,450.3,0
2016-12-16 18:05:53,5,62,18.7,79,4.1,1026.3,1031.2,0.3,0.7,8,450.3,0
2016-12-16 18:10:53,5,62,18.7,80,3.9,1026.3,1031.2,0,0.3,8,450.3,0
2016-12-16 18:15:53,5,62,18.7,80,3.8,1026.3,1031.2,0.3,0.7,8,450.3,0
2016-12-16 18:20:53,5,62,18.7,80,3.8,1026.3,1031.2,0.3,1,8,450.3,0
2016-12-16 18:25:53,5,62,18.7,81,3.8,1026.5,1031.4,0.3,1,8,450.3,0
2016-12-16 18:30:53,5,62,18.6,81,3.8,1026.5,1031.4,0.3,0.7,8,450.3,0
2016-12-16 18:35:53,5,62,18.7,81,3.7,1026.4,1031.3,0.3,0.7,8,450.3,0
2016-12-16 18:40:53,5,62,18.7,81,3.8,1026.6,1031.5,0.3,0.7,8,450.3,0
2016-12-16 18:45:53,5,62,18.7,81,3.9,1026.6,1031.5,0.3,1,8,450.3,0
2016-12-16 18:50:53,5,62,18.6,81,3.8,1026.7,1031.6,0.3,0.7,8,450.3,0
2016-12-16 18:55:53,5,63,18.7,81,3.9,1027,1031.9,0.3,0.7,8,450.3,0
2016-12-16 19:00:53,5,63,18.7,81,3.7,1026.9,1031.8,0.3,0.7,10,450.3,0
2016-12-16 19:05:53,5,63,18.7,81,3.4,1027,1031.9,0.3,1,13,450.3,0
2016-12-16 19:10:53,5,63,18.8,81,3,1026.8,1031.7,0.7,1.4,8,450.3,0
2016-12-16 19:15:53,5,63,18.8,77,2.9,1026.9,1031.8,0.3,1,4,450.3,0
2016-12-16 19:20:53,5,63,18.8,77,2.9,1027,1031.9,0.7,1.4,4,450.3,0
2016-12-16 19:25:53,5,63,18.8,81,3.1,1027,1031.9,0.7,1,8,450.3,0
2016-12-16 19:30:53,5,64,18.8,81,3.2,1027.1,1032,0.7,1,8,450.3,0
2016-12-16 19:35:53,5,64,18.8,81,3.2,1027.2,1032.1,0.3,0.7,10,450.3,0
2016-12-16 19:40:53,5,64,18.8,81,3.1,1027,1031.9,0.3,0.3,8,450.3,0
2016-12-16 19:45:53,5,64,18.8,81,3,1027.1,1032,0.3,0.7,4,450.3,0
2016-12-16 19:50:53,5,64,18.8,77,2.9,1027.3,1032.2,0.3,0.7,10,450.3,0
2016-12-16 19:55:53,5,64,18.8,77,2.9,1027.4,1032.3,0.3,0.7,8,450.3,0
2016-12-16 20:00:53,5,64,18.8,77,2.9,1027.2,1032.1,0.3,0.7,8,450.3,0
2016-12-16 20:05:53,5,64,18.8,77,2.8,1027.2,1032.1,0,0.7,4,450.3,0
2016-12-16 20:10:53,5,64,18.8,77,2.6,1027.1,1032,0,0.3,2,450.3,0
2016-12-16 20:15:53,5,64,18.8,77,2.5,1027.4,1032.3,0.3,0.7,4,450.3,0
2016-12-16 20:20:53,5,64,18.8,77,2.7,1027.4,1032.3,0.3,0.3,4,450.3,0
2016-12-16 20:25:53,5,64,18.8,78,2.9,1027.5,1032.4,0.3,0.7,4,450.3,0
2016-12-16 20:30:53,5,63,18.8,82,3.1,1027.6,1032.5,0.3,1,4,450.3,0
2016-12-16 20:35:53,5,63,18.8,77,2.9,1027.5,1032.4,0,0,4,450.3,0
2016-12-16 20:40:53,5,63,18.8,77,2.6,1027.7,1032.6,0,0,2,450.3,0
2016-12-16 20:45:53,5,63,18.8,77,2.3,1027.8,1032.7,0,0.3,2,450.3,0
2016-12-16 20:50:53,5,63,18.8,77,2.5,1027.9,1032.8,0,0,4,450.3,0
2016-12-16 20:55:53,5,63,18.8,77,2.5,1027.6,1032.5,0.3,1,4,450.3,0
2016-12-16 21:00:53,5,63,18.8,77,2.3,1027.7,1032.6,0.3,0.7,4,450.3,0
2016-12-16 21:05:53,5,63,18.8,77,2.2,1027.6,1032.5,0.3,0.7,8,450.3,0
2016-12-16 21:10:53,5,63,18.8,77,2.2,1027.6,1032.5,0,0,8,450.3,0
2016-12-16 21:15:53,5,63,18.8,77,2,1027.8,1032.7,0.3,0.7,8,450.3,0
2016-12-16 21:20:53,5,63,18.8,77,2,1027.6,1032.5,0.3,0.7,10,450.3,0
2016-12-16 21:25:53,5,63,18.8,77,2,1027.8,1032.7,0,0,10,450.3,0
2016-12-16 21:30:53,5,63,18.8,78,1.8,1028.1,1033,0,0,10,450.3,0
2016-12-16 21:35:53,5,63,18.8,78,1.8,1028.2,1033.1,0.3,0.7,10,450.3,0
2016-12-16 21:40:53,5,63,18.8,78,1.9,1028.2,1033.1,0,0,10,450.3,0
2016-12-16 21:45:53,5,63,18.9,78,1.8,1027.9,1032.8,0,0.7,10,450.3,0
2016-12-16 21:50:53,5,63,18.9,78,1.7,1028,1032.9,0.3,0.7,10,450.3,0
2016-12-16 21:55:53,5,63,18.9,78,1.7,1028.1,1033,0,0,10,450.3,0
2016-12-16 22:00:53,5,63,18.9,78,1.6,1028.2,1033.1,0.3,0.7,10,450.3,0
2016-12-16 22:05:53,5,63,18.9,78,1.7,1028.3,1033.2,0,0.3,10,450.3,0
2016-12-16 22:10:53,5,63,18.9,78,1.6,1028.1,1033,0,0.3,10,450.3,0
2016-12-16 22:15:53,5,63,18.9,78,1.5,1028.3,1033.2,0,0,10,450.3,0
2016-12-16 22:20:53,5,63,18.9,78,1.2,1028.4,1033.3,0,0,10,450.3,0
2016-12-16 22:25:53,5,63,18.9,78,1,1028.5,1033.4,0,0.3,10,450.3,0
2016-12-16 22:30:53,5,63,18.9,78,1,1028.6,1033.5,0,0.3,10,450.3,0
2016-12-16 22:35:53,5,63,18.9,78,1,1028.6,1033.5,0.3,0.7,10,450.3,0
2016-12-16 22:40:53,5,62,19,78,1.5,1028.6,1033.5,0.7,1,10,450.3,0
2016-12-16 22:45:53,5,61,19,79,1.7,1028.6,1033.5,0,0.7,10,450.3,0
2016-12-16 22:50:53,5,61,19,79,1.8,1028.6,1033.5,0.7,1,10,450.3,0
2016-12-16 22:55:53,5,61,19,79,1.9,1028.6,1033.5,0.7,0.7,10,450.3,0
2016-12-16 23:00:53,5,61,19,79,1.9,1028.8,1033.7,1,1.4,8,450.3,0
2016-12-16 23:05:53,5,61,19,77,2,1028.7,1033.6,0.7,1,8,450.3,0
2016-12-16 23:10:53,5,61,19,78,1.9,1028.7,1033.6,1,1.4,8,450.3,0
2016-12-16 23:15:53,5,61,19,77,1.8,1028.9,1033.8,1,1.7,8,450.3,0
2016-12-16 23:20:53,5,61,19,77,1.8,1029,1033.9,0.7,1,8,450.3,0
2016-12-16 23:25:53,5,61,19,77,1.9,1029,1033.9,0.7,1.4,8,450.3,0
2016-12-16 23:30:53,5,61,19,77,1.9,1029.1,1034,0,0,10,450.3,0
2016-12-16 23:35:53,5,61,19,76,1.5,1029,1033.9,0,0.3,10,450.3,0
2016-12-16 23:40:53,5,61,19,76,1.3,1028.9,1033.8,0,0,10,450.3,0
2016-12-16 23:45:53,5,61,19,76,1.2,1029.1,1034,0,0,10,450.3,0
2016-12-16 23:50:53,5,61,19,76,1.2,1028.9,1033.8,0.3,0.7,10,450.3,0
2016-12-16 23:55:53,5,61,19,77,1.4,1029.1,1034,0.7,1,8,450.3,0
