2022-11-14 00:01:36,5,67,20.3,87,10.8,1004.9,1009.8,1,1.4,8,247.5,0
2022-11-14 00:06:36,5,67,20.3,87,10.8,1004.9,1009.8,1,1.4,8,247.5,0
2022-11-14 00:11:36,5,67,20.3,87,10.7,1004.9,1009.8,1,1.7,10,247.5,0
2022-11-14 00:16:36,5,67,20.3,87,10.7,1004.7,1009.6,1,1.4,10,247.5,0
2022-11-14 00:21:36,5,67,20.3,87,10.6,1004.7,1009.6,0.7,1.4,4,247.5,0
2022-11-14 00:26:36,5,67,20.3,87,10.5,1004.5,1009.4,0.7,1,4,247.5,0
2022-11-14 00:31:36,5,67,20.3,87,10.5,1004.3,1009.2,1,1.7,4,247.5,0
2022-11-14 00:36:36,5,67,20.3,87,10.4,1004.3,1009.2,1,1.7,4,247.5,0
2022-11-14 00:41:36,5,67,20.3,87,10.4,1004.3,1009.2,1,1.7,,247.5,0
2022-11-14 00:46:36,5,67,20.3,87,10.4,1004.3,1009.2,1,1.7,4,247.5,0
2022-11-14 00:51:36,5,67,20.3,87,10.4,1004.3,1009.2,0.7,1.4,4,247.5,0
2022-11-14 00:56:36,5,67,20.3,87,10.3,1004.2,1009.1,0.7,1,2,247.5,0
2022-11-14 01:01:36,5,67,20.3,87,10.2,1004.4,1009.3,0.7,1.4,2,247.5,0
2022-11-14 01:06:36,5,66,20.3,87,10.2,1004.3,1009.2,1.4,2,4,247.5,0
2022-11-14 01:11:36,5,67,20.3,87,10.2,1004.3,1009.2,0.7,1.4,4,247.5,0
2022-11-14 01:16:36,5,66,20.3,87,10.2,1004.2,1009.1,1,1.4,2,247.5,0
2022-11-14 01:21:36,5,66,20.3,87,10.2,1004.3,1009.2,0.7,1,8,247.5,0
2022-11-14 01:26:36,5,66,20.3,87,10.3,1004.2,1009.1,0.7,1,2,247.5,0
2022-11-14 01:31:36,5,67,20.3,87,10.2,1004.1,1009,0.3,0.7,4,247.5,0
2022-11-14 01:36:36,5,67,20.3,87,10.3,1004,1008.9,0,0.3,4,247.5,0
2022-11-14 01:41:36,5,66,20.3,87,10.2,1004.1,1009,0.3,0.7,8,247.5,0
2022-11-14 01:46:36,5,66,20.2,87,10.2,1003.9,1008.8,1.4,1.7,2,247.5,0
2022-11-14 01:51:36,5,66,20.2,88,10.3,1004.1,1009,0.7,1.7,2,247.5,0
2022-11-14 01:56:36,5,66,20.2,88,10.3,1004,1008.9,1,1.7,4,247.5,0
2022-11-14 02:01:36,5,66,20.2,88,10.3,1004,1008.9,1,1.7,,247.5,0
2022-11-14 02:06:36,5,66,20.2,88,10.3,1004.1,1009,1,1.7,2,247.5,0
2022-11-14 02:11:36,5,66,20.2,88,10.3,1003.9,1008.8,1,1.4,,247.5,0
2022-11-14 02:16:36,5,66,20.2,88,10.3,1003.9,1008.8,0.7,1.7,2,247.5,0
2022-11-14 02:21:36,5,66,20.2,88,10.3,1003.9,1008.8,0.7,1.4,,247.5,0
2022-11-14 02:26:36,5,66,20.2,87,10.3,1003.9,1008.8,0.3,0.7,8,247.5,0
2022-11-14 02:31:36,5,66,20.2,87,10.2,1003.8,1008.7,0,0,8,247.5,0
2022-11-14 02:36:36,5,66,20.2,87,10.1,1003.9,1008.8,0,0,8,247.5,0
2022-11-14 02:41:36,5,66,20.2,87,10.1,1003.8,1008.7,0,0,2,247.5,0
2022-11-14 02:46:36,5,66,20.2,87,10,1003.8,1008.7,0.3,0.7,2,247.5,0
2022-11-14 02:51:36,5,66,20.2,87,10,1003.6,1008.5,0.7,1,2,247.5,0
2022-11-14 02:56:36,5,66,20.2,87,9.9,1003.5,1008.4,0.3,0.7,2,247.5,0
2022-11-14 03:01:36,5,66,20.1,87,9.9,1003.5,1008.4,1.4,1.7,0,247.5,0
2022-11-14 03:06:36,5,66,20.1,87,9.8,1003.5,1008.4,0.7,1,2,247.5,0
2022-11-14 03:11:36,5,66,20.1,88,9.8,1003.4,1008.3,1,1.4,4,247.5,0
2022-11-14 03:16:36,5,66,20.1,88,9.8,1003.4,1008.3,1,1.4,4,247.5,0
2022-11-14 03:21:36,5,66,20.1,88,9.8,1003.4,1008.3,1.4,2,4,247.5,0
2022-11-14 03:26:36,5,66,20.1,88,9.8,1003.2,1008.1,1,1.4,4,247.5,0
2022-11-14 03:31:36,5,66,20.1,88,9.8,1003.3,1008.2,1,1.4,4,247.5,0
2022-11-14 03:36:36,5,66,20.1,89,9.8,1003.2,1008.1,1.4,1.7,4,247.5,0
2022-11-14 03:41:36,5,66,20.1,89,9.7,1003.2,1008.1,1.7,2,4,247.5,0
2022-11-14 03:46:36,5,66,20.1,89,9.7,1003.2,1008.1,1.7,2.4,12,247.5,0
2022-11-14 03:51:36,5,66,20.1,89,9.8,1003.3,1008.2,1.7,2.4,4,247.5,0
2022-11-14 03:56:36,5,66,20.1,89,9.8,1003.2,1008.1,2,3.1,4,247.5,0
2022-11-14 04:01:36,5,66,20.1,89,9.9,1003.2,1008.1,1.7,2.4,10,247.5,0
2022-11-14 04:06:36,5,66,20.1,90,9.9,1003.2,1008.1,1.7,2.4,2,247.5,0
2022-11-14 04:11:36,5,66,20.1,90,9.9,1003.1,1008,0.7,1.4,4,247.5,0
2022-11-14 04:16:36,5,66,20.1,90,10,1003.2,1008.1,1,1.4,4,247.5,0
2022-11-14 04:21:36,5,66,20.1,90,10,1003.1,1008,1.4,1.7,4,247.5,0
2022-11-14 04:26:36,5,66,20,90,9.9,1003,1007.9,1.4,1.7,4,247.5,0
2022-11-14 04:31:36,5,66,20,90,9.9,1003,1007.9,1.7,2.4,10,247.5,0
2022-11-14 04:36:36,5,66,20,90,9.9,1003,1007.9,1.7,2.4,4,247.5,0
2022-11-14 04:41:36,5,66,20,90,9.9,1003,1007.9,1.7,2.4,8,247.5,0
2022-11-14 04:46:36,5,66,20,90,9.9,1003.1,1008,1.4,2,,247.5,0
2022-11-14 04:51:36,5,66,20,90,9.9,1003,1007.9,0.7,1.4,4,247.8,0
2022-11-14 04:56:36,5,66,20,90,10,1003,1007.9,0.7,1,8,247.8,0
2022-11-14 05:01:36,5,67,19.9,90,10,1002.9,1007.8,0.7,1,10,247.8,0
2022-11-14 05:06:36,5,66,20,90,10,1003.2,1008.1,0.3,0.7,8,247.8,0
2022-11-14 05:11:36,5,67,19.9,90,9.9,1003,1007.9,0.3,0.7,8,247.8,0
2022-11-14 05:16:36,5,66,20,90,9.9,1003.2,1008.1,0.7,1,8,247.8,0
2022-11-14 05:21:36,5,66,20,90,9.9,1003.1,1008,0.7,1,4,247.8,0
2022-11-14 05:26:36,5,66,20,90,9.9,1003.1,1008,0.3,0.7,8,247.8,0
2022-11-14 05:31:36,5,67,19.9,90,9.7,1003.1,1008,0.3,0.7,4,247.8,0
2022-11-14 05:36:36,5,67,19.9,90,9.7,1003,1007.9,0.3,1,4,248.1,0
2022-11-14 05:41:36,5,67,19.9,90,9.5,1003.1,1008,0.3,0.7,8,248.1,0
2022-11-14 05:46:36,5,67,19.9,90,9.5,1002.8,1007.7,0.7,1,8,248.1,0
2022-11-14 05:51:36,5,66,20,90,9.4,1002.9,1007.8,0.7,1.4,4,248.1,0
2022-11-14 05:56:36,5,66,20,90,9.4,1002.8,1007.7,0.7,1,2,248.1,0
2022-11-14 06:01:36,5,67,19.9,90,9.4,1002.7,1007.6,0.3,0.7,2,248.1,0
2022-11-14 06:06:36,5,67,19.9,89,9.3,1002.9,1007.8,0.7,1,10,248.1,0
2022-11-14 06:11:36,5,66,20,89,9.2,1002.9,1007.8,0.3,0.7,8,248.1,0
2022-11-14 06:16:36,5,66,20,89,9.2,1002.8,1007.7,0.3,0.7,2,248.1,0
2022-11-14 06:21:36,5,65,20,89,9.1,1002.9,1007.8,0.3,0.7,4,248.1,0
2022-11-14 06:26:36,5,65,20,89,9,1002.9,1007.8,0.7,1,4,248.1,0
2022-11-14 06:31:36,5,65,20,89,9,1002.9,1007.8,0.7,0.7,8,248.1,0
2022-11-14 06:36:36,5,65,20,89,9,1002.9,1007.8,0.7,1,8,248.1,0
2022-11-14 06:41:36,5,65,20,89,9,1002.9,1007.8,1,1.4,8,248.1,0
2022-11-14 06:46:36,5,65,20,89,9,1002.8,1007.7,0.3,1,8,248.1,0
2022-11-14 06:51:36,5,65,20,89,9,1002.8,1007.7,1,1.7,8,248.1,0
2022-11-14 06:56:36,5,65,20,88,9,1002.8,1007.7,0.7,1,10,248.1,0
2022-11-14 07:01:36,5,65,20,88,8.8,1002.8,1007.7,0.3,0.7,10,248.1,0
2022-11-14 07:06:36,5,65,20,88,8.7,1003,1007.9,0,0,10,248.1,0
2022-11-14 07:11:36,5,65,20,88,8.5,1002.8,1007.7,0.3,0.7,4,248.1,0
2022-11-14 07:16:36,5,65,20,88,8.5,1002.9,1007.8,0,0.3,2,248.1,0
2022-11-14 07:21:36,5,65,20,87,8.3,1002.7,1007.6,0.7,0.7,2,248.1,0
2022-11-14 07:26:36,5,66,19.9,87,8.1,1002.7,1007.6,0,0.3,14,248.1,0
2022-11-14 07:31:36,5,66,19.9,87,8,1002.6,1007.5,0.3,0.7,4,248.1,0
2022-11-14 07:36:36,5,66,19.9,87,7.9,1002.8,1007.7,0,0,4,248.1,0
2022-11-14 07:41:36,5,66,19.9,87,7.8,1002.9,1007.8,0,0,4,248.1,0
2022-11-14 07:46:36,5,66,19.9,86,7.6,1002.8,1007.7,0,0,4,248.1,0
2022-11-14 07:51:36,5,66,19.9,91,7.4,1002.8,1007.7,0,0,2,248.1,0
2022-11-14 07:56:36,5,66,19.9,91,7.3,1002.8,1007.7,0,0,10,248.1,0
2022-11-14 08:01:36,5,66,19.9,91,7.2,1002.7,1007.6,0,0,0,248.1,0
2022-11-14 08:06:36,5,66,19.9,91,7.2,1002.8,1007.7,0,0,2,248.1,0
2022-11-14 08:11:36,5,66,19.9,91,7.1,1002.8,1007.7,0.7,1,10,248.1,0
2022-11-14 08:16:36,5,66,19.9,91,7.2,1002.7,1007.6,0.3,0.7,10,248.1,0
2022-11-14 08:21:36,5,66,19.9,92,7.3,1002.7,1007.6,0,0.3,10,248.1,0
2022-11-14 08:26:36,5,66,19.8,92,7.3,1002.7,1007.6,0.7,1.4,4,248.1,0
2022-11-14 08:31:36,5,66,19.8,92,7.3,1002.5,1007.4,0.7,1.4,8,248.1,0
2022-11-14 08:36:36,5,66,19.8,88,7.5,1002.6,1007.5,0.3,0.7,8,248.1,0
2022-11-14 08:41:36,5,66,19.8,88,7.7,1002.5,1007.4,0.3,0.7,10,248.1,0
2022-11-14 08:46:36,5,66,19.8,88,7.8,1002.5,1007.4,0.7,1.4,8,248.1,0
2022-11-14 08:51:36,5,66,19.8,88,8,1002.5,1007.4,0.7,1.4,8,248.1,0
2022-11-14 08:56:36,5,66,19.8,89,8.1,1002.3,1007.2,0.3,1,2,248.1,0
2022-11-14 09:01:36,5,66,19.8,89,8.2,1002.4,1007.3,1,1.4,8,248.1,0
2022-11-14 09:06:36,5,66,19.9,89,8.3,1002.3,1007.2,1.4,2,4,248.1,0
2022-11-14 09:11:36,5,66,19.9,89,8.4,1002.2,1007.1,1,1.4,8,248.1,0
2022-11-14 09:16:36,5,66,19.9,89,8.5,1002.3,1007.2,1.7,2.4,8,248.1,0
2022-11-14 09:21:36,5,66,19.9,89,8.6,1002.2,1007.1,1,2,10,248.1,0
2022-11-14 09:26:36,5,66,19.9,89,8.7,1002.1,1007,1.4,2,8,248.1,0
2022-11-14 09:31:36,5,65,20,88,9.1,1001.9,1006.8,1,1.7,8,248.1,0
2022-11-14 09:36:36,5,65,20,88,9.6,1002,1006.9,1.4,1.7,8,248.1,0
2022-11-14 09:41:36,5,65,20,87,10,1001.9,1006.8,1.4,2,8,248.1,0
2022-11-14 09:46:36,5,66,20.1,84,10.1,1001.9,1006.8,1.4,2,8,248.1,0
2022-11-14 09:51:36,5,66,20.2,82,10.4,1001.8,1006.7,1,1.4,4,248.1,0
2022-11-14 09:56:36,5,66,20.2,80,10.6,1001.8,1006.7,0.7,1,2,248.1,0
2022-11-14 10:01:36,5,66,20.3,79,11.2,1001.9,1006.8,1,1.4,10,248.1,0
2022-11-14 10:06:36,5,67,20.3,77,11.3,1001.7,1006.6,1,1.7,8,248.1,0
2022-11-14 10:11:36,5,67,20.4,74,11.4,1001.5,1006.4,1.4,2,8,248.1,0
2022-11-14 10:16:36,5,67,20.5,73,11.3,1001.5,1006.4,1.7,2.4,10,248.1,0
2022-11-14 10:21:36,5,67,20.6,72,11.3,1001.6,1006.5,1,1.4,8,248.1,0
2022-11-14 10:26:36,5,67,20.6,71,11.3,1001.4,1006.3,1.4,2.7,2,248.1,0
2022-11-14 10:31:36,5,67,20.7,71,11.4,1001.2,1006.1,1.4,1.7,8,248.1,0
2022-11-14 10:36:36,5,67,20.7,71,11.4,1001.3,1006.2,1.7,2.4,4,248.1,0
2022-11-14 10:41:36,5,67,20.8,70,11.2,1001.3,1006.2,1.7,2,10,248.1,0
2022-11-14 10:46:36,5,67,20.9,70,11.2,1001,1005.9,1.7,2.7,0,248.1,0
2022-11-14 10:51:36,5,67,20.9,70,11.4,1000.9,1005.8,2,2.7,4,248.1,0
2022-11-14 10:56:36,5,66,21,70,11.3,1000.8,1005.7,2.4,3.1,2,248.1,0
2022-11-14 11:01:36,5,66,21,70,11.3,1000.9,1005.8,2.4,3.7,2,248.1,0
2022-11-14 11:06:36,5,66,21,70,11.4,1000.8,1005.7,2,2.7,8,248.1,0
2022-11-14 11:11:36,5,66,21.1,70,11.4,1000.8,1005.7,2.4,3.1,15,248.1,0
2022-11-14 11:16:36,5,65,21.1,70,11.4,1000.7,1005.6,1.4,1.7,4,248.1,0
2022-11-14 11:21:36,5,65,21.1,70,11.2,1000.7,1005.6,3.4,4.1,2,248.1,0
2022-11-14 11:26:36,5,65,21.1,70,11,1000.5,1005.4,2,3.1,2,248.1,0
2022-11-14 11:31:36,5,65,21.1,70,10.9,1000.5,1005.4,2.4,4.1,4,248.1,0
2022-11-14 11:36:36,5,65,21.1,70,10.9,1000.5,1005.4,1.4,2,8,248.1,0
2022-11-14 11:41:36,5,65,21.1,70,11,1000.5,1005.4,1.7,3.1,2,248.1,0
2022-11-14 11:46:36,5,65,21.1,70,11,1000.3,1005.2,2.4,3.1,8,248.1,0
2022-11-14 11:51:36,5,65,21.4,70,11,1000.3,1005.2,1.7,2.4,10,248.1,0
2022-11-14 11:56:36,5,65,21.4,70,11.1,1000.2,1005.1,1.7,2,8,248.1,0
2022-11-14 12:01:36,5,65,21.4,70,11.1,1000.1,1005,3.4,5.4,4,248.1,0
2022-11-14 12:06:36,5,65,21.4,70,11.1,999.9,1004.8,1.7,2,8,248.1,0
2022-11-14 12:11:36,5,65,21.4,69,11.2,999.8,1004.7,2.7,3.7,12,248.1,0
2022-11-14 12:16:36,5,65,21.4,69,11.3,999.8,1004.7,2.7,4.1,10,248.1,0
2022-11-14 12:21:36,5,64,21.4,68,11.5,999.6,1004.5,2.4,3.7,9,248.1,0
2022-11-14 12:26:36,5,64,21.4,67,11.8,999.6,1004.5,2.7,3.4,8,248.1,0
2022-11-14 12:31:36,5,64,21.4,65,12.1,999.4,1004.3,1.7,3.7,10,248.1,0
2022-11-14 12:36:36,5,64,21.5,64,12.1,999.3,1004.2,1.7,3.4,10,248.1,0
2022-11-14 12:41:36,5,64,21.5,64,12.1,999.2,1004.1,2.7,4.4,8,248.1,0
2022-11-14 12:46:36,5,64,21.5,64,12.2,998.9,1003.8,3.4,5.4,4,248.1,0
2022-11-14 12:51:36,5,64,21.5,64,12,998.8,1003.7,2.7,4.1,2,248.1,0
2022-11-14 12:56:36,5,64,21.5,64,11.9,998.5,1003.4,3.4,4.4,4,248.1,0
2022-11-14 13:01:36,5,64,21.5,65,12,998.5,1003.4,3.1,4.4,,248.1,0
2022-11-14 13:06:36,5,64,21.5,65,12.1,998.3,1003.2,2.7,3.7,2,248.1,0
2022-11-14 13:11:36,5,63,21.5,65,12,998.2,1003.1,2.4,3.7,0,248.1,0
2022-11-14 13:16:36,5,63,21.5,66,12,998.2,1003.1,4.1,6.5,4,248.1,0
2022-11-14 13:21:36,5,63,21.5,66,11.9,998.1,1003,3.7,5.4,8,248.1,0
2022-11-14 13:26:36,5,63,21.5,65,11.9,998,1002.9,4.8,6.5,2,248.1,0
2022-11-14 13:31:36,5,63,21.4,66,11.8,997.9,1002.8,5.1,7.5,4,248.1,0
2022-11-14 13:36:36,5,62,21.5,65,11.8,997.8,1002.7,3.1,4.8,2,248.1,0
2022-11-14 13:41:36,5,62,21.5,65,11.3,997.5,1002.4,5.1,7.1,4,248.1,0
2022-11-14 13:46:36,5,62,21.4,66,11.2,997.5,1002.4,4.8,6.1,2,248.1,0
2022-11-14 13:51:36,5,61,21.4,67,11.5,997.4,1002.3,3.7,5.4,8,248.1,0
2022-11-14 13:56:36,5,61,21.3,67,11.4,997.2,1002.1,3.7,4.8,4,248.1,0
2022-11-14 14:01:36,5,61,21.3,67,11.8,997,1001.9,3.1,4.4,12,248.1,0
2022-11-14 14:06:36,5,61,21.3,64,11.9,997,1001.9,4.8,5.8,0,248.1,0
2022-11-14 14:11:36,5,61,21.4,63,11.9,997,1001.9,3.7,5.4,,248.1,0
2022-11-14 14:16:36,5,61,21.3,63,11.8,996.8,1001.7,3.7,5.1,4,248.1,0
2022-11-14 14:21:36,5,61,21.4,63,11.8,996.7,1001.6,2.7,3.7,2,248.1,0
2022-11-14 14:26:36,5,61,21.4,62,11.7,996.7,1001.6,5.1,8.2,2,248.1,0
2022-11-14 14:31:36,5,61,21.5,62,11.8,996.4,1001.3,3.7,5.1,4,248.1,0
2022-11-14 14:36:36,5,61,21.6,61,11.6,996.2,1001.1,6.5,8.8,2,248.1,0
2022-11-14 14:41:36,5,61,21.7,61,11.5,996.3,1001.2,3.7,5.1,0,248.1,0
2022-11-14 14:46:36,5,61,21.8,61,11.4,995.8,1000.7,4.4,5.4,4,248.1,0
2022-11-14 14:51:36,5,61,21.8,61,11.1,995.5,1000.4,4.8,6.5,4,248.1,0
2022-11-14 14:56:36,5,60,21.9,63,11,995.3,1000.2,6.5,9.9,2,248.1,0
2022-11-14 15:01:36,5,60,21.9,63,11,995,999.9,4.4,5.8,2,248.1,0
2022-11-14 15:06:36,5,60,21.9,63,10.7,995.2,1000.1,4.4,5.8,4,248.1,0
2022-11-14 15:11:36,5,60,21.9,64,10.6,995.1,1000,4.8,7.8,8,248.1,0
2022-11-14 15:16:36,5,60,21.9,64,10.6,994.8,999.7,4.4,6.1,8,248.1,0
2022-11-14 15:21:36,5,59,21.9,65,10.5,994.7,999.6,3.7,5.8,,248.1,0
2022-11-14 15:26:36,5,59,21.9,66,10.4,994.7,999.6,4.4,5.8,2,248.1,0
2022-11-14 15:31:36,5,59,21.9,66,10.2,994.4,999.3,5.1,6.1,4,248.1,0
2022-11-14 15:36:36,5,59,21.9,67,10.3,994.3,999.2,4.8,6.8,4,248.1,0
2022-11-14 15:41:36,5,59,21.9,67,10.3,994,998.9,4.8,6.8,4,248.1,0
2022-11-14 15:46:36,5,59,21.9,67,10.3,993.9,998.8,4.1,6.8,4,248.1,0
2022-11-14 15:51:36,5,59,21.9,67,10.2,993.6,998.5,6.1,7.5,,248.1,0
2022-11-14 15:56:36,5,59,21.9,67,10.2,993.5,998.4,5.8,7.1,4,248.1,0
2022-11-14 16:01:36,5,59,21.9,68,10.2,993.4,998.3,6.1,9.9,4,248.1,0
2022-11-14 16:06:36,5,59,21.9,68,10.2,993.2,998.1,6.5,10.9,4,248.1,0
2022-11-14 16:11:36,5,58,21.8,68,10.2,993.1,998,6.8,7.5,4,248.1,0
2022-11-14 16:16:36,5,59,21.8,69,10.2,993.1,998,6.8,8.5,4,248.1,0
2022-11-14 16:21:36,5,59,21.9,70,10.2,992.7,997.6,7.8,9.5,4,248.1,0
2022-11-14 16:26:36,5,59,21.8,70,10.2,992.4,997.3,7.8,8.5,,248.1,0
2022-11-14 16:31:36,5,59,21.8,70,10.2,992.4,997.3,7.8,9.9,13,248.1,0
2022-11-14 16:36:36,5,59,21.8,70,10.2,992.4,997.3,8.8,9.9,4,248.1,0
2022-11-14 16:41:36,5,59,21.8,70,10.3,992.2,997.1,9.9,11.2,4,248.1,0
2022-11-14 16:46:36,5,59,21.8,70,10.3,992,996.9,7.1,9.2,4,248.1,0
2022-11-14 16:51:36,5,59,21.8,70,10.2,991.9,996.8,7.1,10.2,4,248.1,0
2022-11-14 16:56:36,5,59,21.8,70,10.2,991.9,996.8,5.8,7.8,4,248.1,0
2022-11-14 17:01:36,5,59,21.7,70,10.2,992,996.9,6.1,10.5,4,248.1,0
2022-11-14 17:06:36,5,58,21.6,70,10.3,991.8,996.7,7.8,9.5,,248.1,0
2022-11-14 17:11:36,5,57,21.5,70,10.4,991.5,996.4,6.8,8.2,4,248.1,0
2022-11-14 17:16:36,5,57,21.4,70,10.4,991.3,996.2,6.1,7.8,4,248.1,0
2022-11-14 17:21:36,5,57,21.4,70,10.5,991.1,996,7.5,9.5,4,248.1,0
2022-11-14 17:26:36,5,56,21.4,71,10.3,990.8,995.7,7.5,9.5,2,248.1,0
2022-11-14 17:31:36,5,57,21.1,72,10.1,990.6,995.5,7.1,11.2,4,248.4,0
2022-11-14 17:36:36,5,57,21.1,72,10.2,990.5,995.4,7.1,8.8,,248.4,0
2022-11-14 17:41:36,5,57,21.1,73,10.1,990.3,995.2,7.8,10.2,4,248.4,0
2022-11-14 17:46:36,5,58,21.1,74,10,990.1,995,7.8,10.5,4,248.4,0
2022-11-14 17:51:36,5,58,21.4,75,10,990,994.9,6.5,8.5,4,248.4,0
2022-11-14 17:56:36,5,58,21.3,75,10.1,989.8,994.7,6.5,8.2,4,248.4,0
2022-11-14 18:01:36,5,58,21.4,75,10.1,989.7,994.6,7.8,9.5,4,248.4,0
2022-11-14 18:06:36,5,58,21.3,75,10.2,989.5,994.4,6.8,8.8,0,248.4,0
2022-11-14 18:11:36,5,59,21.4,75,10.3,989.3,994.2,5.1,6.1,,248.4,0
2022-11-14 18:16:36,5,59,21.5,75,10.3,989,993.9,6.8,8.8,,248.4,0
2022-11-14 18:21:36,5,59,21.5,75,10.4,988.9,993.8,6.1,8.8,4,248.4,0
2022-11-14 18:26:36,5,59,21.5,75,10.4,988.5,993.4,7.1,8.8,4,248.4,0
2022-11-14 18:31:36,5,59,21.5,75,10.6,988.2,993.1,8.5,10.2,4,248.4,0
2022-11-14 18:36:36,5,59,21.4,76,10.4,988.1,993,8.2,10.2,4,248.4,0
2022-11-14 18:41:36,5,60,21.4,76,10.5,987.9,992.8,7.8,9.9,4,248.4,0
2022-11-14 18:46:36,5,61,21.4,76,10.6,988,992.9,7.1,8.2,,248.4,0
2022-11-14 18:51:36,5,62,21.4,77,10.5,987.8,992.7,7.1,9.5,4,248.4,0
2022-11-14 18:56:36,5,62,21.1,78,10.5,987.5,992.4,8.8,11.2,4,248.4,0
2022-11-14 19:01:36,5,62,21.1,77,10.7,987.6,992.5,9.9,14.3,4,248.4,0
2022-11-14 19:06:36,5,63,21.1,77,10.7,987.5,992.4,9.5,11.6,4,248.4,0
2022-11-14 19:11:36,5,63,21.1,78,10.7,987.4,992.3,7.5,9.9,4,248.4,0
2022-11-14 19:16:36,5,63,21.1,80,10.5,987.4,992.3,9.9,12.6,4,248.7,0
2022-11-14 19:21:36,5,63,21.1,81,10.4,987.2,992.1,7.5,9.2,4,248.7,0
2022-11-14 19:26:36,5,63,21.1,82,10.4,986.9,991.8,8.5,10.9,4,249,0
2022-11-14 19:31:36,5,63,21,83,10.4,986.6,991.5,8.5,10.5,4,249,0
2022-11-14 19:36:36,5,63,21.1,84,10.4,986.4,991.3,10.5,11.9,,249,0
2022-11-14 19:41:36,5,62,21.1,85,10.4,986.4,991.3,9.9,12.6,4,249,0
2022-11-14 19:46:36,5,62,21,85,10.4,986.2,991.1,7.8,9.5,,249,0
2022-11-14 19:51:36,5,62,21,86,10.5,985.9,990.8,10.9,12.6,4,249.6,0
2022-11-14 19:56:36,5,63,20.9,86,10.6,986.1,991,9.9,12.2,12,249.6,0
2022-11-14 20:01:36,5,63,20.9,86,10.7,985.8,990.7,10.5,12.2,4,249.6,0
2022-11-14 20:06:36,5,63,20.8,86,10.8,985.7,990.6,9.9,12.6,4,249.6,0
2022-11-14 20:11:36,5,63,20.9,86,10.9,985.8,990.7,9.5,11.2,4,249.9,0
2022-11-14 20:16:36,5,63,20.8,86,11,985.6,990.5,9.2,11.9,,249.9,0
2022-11-14 20:21:36,5,63,20.8,86,11,985.5,990.4,7.8,10.5,4,250.2,0
2022-11-14 20:26:36,5,63,20.8,86,11,985.2,990.1,8.2,9.5,4,250.2,0
2022-11-14 20:31:36,5,63,20.8,86,11,985.1,990,9.9,12.6,4,250.2,0
2022-11-14 20:36:36,5,63,20.8,86,11.1,984.9,989.8,11.2,15.3,4,250.5,0
2022-11-14 20:41:36,5,63,20.8,86,11.1,985,989.9,8.2,9.5,,250.5,0
2022-11-14 20:46:36,5,63,20.8,87,11.1,984.9,989.8,10.2,12.2,4,250.5,0
2022-11-14 20:51:36,5,63,20.7,87,11.2,984.8,989.7,8.8,10.5,4,250.5,0
2022-11-14 20:56:36,5,63,20.7,87,11.2,984.8,989.7,10.5,13.3,4,250.5,0
2022-11-14 21:01:36,5,63,20.7,87,11.2,984.7,989.6,8.5,10.2,4,250.5,0
2022-11-14 21:06:36,5,63,20.7,88,11.3,984.6,989.5,8.8,11.6,,250.8,0
2022-11-14 21:11:36,5,63,20.7,88,11.3,984.4,989.3,8.2,10.2,4,250.8,0
2022-11-14 21:16:36,5,63,20.7,88,11.3,984.2,989.1,8.5,10.9,4,250.8,0
2022-11-14 21:21:36,5,63,20.7,88,11.3,984.1,989,9.2,11.6,4,250.8,0
2022-11-14 21:26:36,5,63,20.7,89,11.4,984,988.9,9.2,11.2,10,250.8,0
2022-11-14 21:31:36,5,63,20.7,89,11.4,983.9,988.8,8.5,10.5,2,250.8,0
2022-11-14 21:36:36,5,62,20.7,89,11.4,983.7,988.6,7.5,9.9,4,251.1,0
2022-11-14 21:41:36,5,63,20.7,90,11.4,983.7,988.6,8.8,10.9,,251.1,0
2022-11-14 21:46:36,5,63,20.7,90,11.4,983.7,988.6,7.8,9.9,4,251.4,0
2022-11-14 21:51:36,5,63,20.7,90,11.5,983.7,988.6,7.1,8.5,4,251.4,0
2022-11-14 21:56:36,5,63,20.7,90,11.6,983.9,988.8,6.8,8.8,,251.4,0
2022-11-14 22:01:36,5,63,20.7,90,11.7,983.8,988.7,6.1,7.1,4,251.4,0
2022-11-14 22:06:36,5,63,20.7,90,11.7,983.9,988.8,5.1,6.8,4,251.7,0
2022-11-14 22:11:36,5,63,20.8,90,11.8,983.8,988.7,5.4,8.5,2,251.7,0
2022-11-14 22:16:36,5,64,20.8,90,11.8,983.8,988.7,4.8,7.1,4,251.7,0
2022-11-14 22:21:36,5,64,20.8,90,11.9,983.9,988.8,5.8,8.8,4,251.7,0
2022-11-14 22:26:36,5,64,20.8,91,11.9,984.1,989,2.7,4.1,10,251.7,0
2022-11-14 22:31:36,5,64,20.8,91,12,984.9,989.8,8.8,10.5,10,252.3,0
2022-11-14 22:36:36,5,64,20.8,90,11.2,985.3,990.2,4.8,6.5,10,252.3,0
2022-11-14 22:41:36,5,64,20.8,90,10.9,985.3,990.2,6.1,7.5,8,252.3,0
2022-11-14 22:46:36,5,64,20.8,89,10.7,985.7,990.6,3.7,4.4,10,252.3,0
2022-11-14 22:51:36,5,64,20.8,89,10.6,985.8,990.7,4.4,6.5,10,252.3,0
2022-11-14 22:56:36,5,64,20.8,89,10.4,985.9,990.8,4.4,5.8,12,252.3,0
2022-11-14 23:01:36,5,64,20.8,88,10.2,986,990.9,5.1,6.5,4,252.3,0
2022-11-14 23:06:36,5,64,20.8,88,10.1,986,990.9,3.4,4.4,8,252.3,0
2022-11-14 23:11:36,5,64,20.9,88,10,986.3,991.2,2.7,3.4,8,252.3,0
2022-11-14 23:16:36,5,65,20.9,88,9.9,986.4,991.3,2.4,3.1,10,252.3,0
2022-11-14 23:21:36,5,65,20.9,88,9.8,986.5,991.4,2.7,4.1,9,252.3,0
2022-11-14 23:26:36,5,65,20.9,88,9.7,986.6,991.5,2,2.7,10,252.3,0
2022-11-14 23:31:36,5,65,20.9,88,9.6,986.9,991.8,3.7,4.4,10,252.3,0
2022-11-14 23:36:36,5,65,20.9,88,9.5,986.7,991.6,2,2.7,10,252.3,0
2022-11-14 23:41:36,5,65,20.9,87,9.3,986.7,991.6,3.4,4.4,10,252.3,0
2022-11-14 23:46:36,5,65,20.9,87,9.2,986.9,991.8,2.4,3.1,10,252.3,0
2022-11-14 23:51:36,5,65,20.9,86,9.1,986.8,991.7,3.4,3.7,12,252.3,0
2022-11-14 23:56:36,5,65,20.9,85,9,987,991.9,2.4,3.1,8,252.3,0
