2014-05-16 00:04:42,5,67,20.2,79,9.6,1027.9,1032.8,0,0,6,350.4,0
2014-05-16 00:09:42,5,67,20.2,79,9.6,1027.8,1032.7,0,0.3,6,350.4,0
2014-05-16 00:14:42,5,68,20.2,79,9.5,1027.9,1032.8,0,0.3,8,350.4,0
2014-05-16 00:19:42,5,68,20.2,80,9.4,1027.8,1032.7,0,0,10,350.4,0
2014-05-16 00:24:42,5,68,20.2,80,9.4,1027.8,1032.7,0,0,8,350.4,0
2014-05-16 00:29:42,5,68,20.1,79,9.4,1027.6,1032.5,0.3,0.7,4,350.4,0
2014-05-16 00:34:42,5,68,20.2,79,9.3,1027.7,1032.6,0.3,0.7,4,350.4,0
2014-05-16 00:39:42,5,68,20.2,80,9.3,1027.6,1032.5,0,0,4,350.4,0
2014-05-16 00:44:42,5,68,20.1,80,9.2,1027.7,1032.6,0,0,4,350.4,0
2014-05-16 00:49:42,5,68,20.1,80,9.1,1027.5,1032.4,0,0,4,350.4,0
2014-05-16 00:54:42,5,68,20.1,80,9.2,1027.5,1032.4,0,0,4,350.4,0
2014-05-16 00:59:42,5,68,20.1,80,9.2,1027.4,1032.3,0,0,4,350.4,0
2014-05-16 01:04:42,5,68,20.1,80,9.2,1027.4,1032.3,0,0,4,350.4,0
2014-05-16 01:09:42,5,68,20.1,80,9.1,1027.4,1032.3,0,0,4,350.4,0
2014-05-16 01:14:42,5,68,20.1,80,9.1,1027.4,1032.3,0,0,4,350.4,0
2014-05-16 01:19:42,5,68,20.1,80,9.1,1027.3,1032.2,0,0,4,350.4,0
2014-05-16 01:24:42,5,68,20,80,9,1027.3,1032.2,0,0,4,350.4,0
2014-05-16 01:29:42,5,68,20,80,9,1027.2,1032.1,0,0,4,350.4,0
2014-05-16 01:34:42,5,68,20,80,9,1027.2,1032.1,0,0,14,350.4,0
2014-05-16 01:39:42,5,69,19.9,81,8.9,1027.2,1032.1,0,0,14,350.4,0
2014-05-16 01:44:42,5,69,20,81,8.8,1027,1031.9,0,0,14,350.4,0
2014-05-16 01:49:42,5,69,20,80,8.6,1027.1,1032,0,0,14,350.4,0
2014-05-16 01:54:42,5,69,20,80,8.5,1027,1031.9,0,0,14,350.4,0
2014-05-16 01:59:42,5,70,19.9,80,8.5,1027,1031.9,0,0,14,350.4,0
2014-05-16 02:04:42,5,70,19.9,81,8.4,1026.9,1031.8,0,0,2,350.4,0
2014-05-16 02:09:42,5,70,19.9,81,8.3,1026.9,1031.8,0,0.7,4,350.4,0
2014-05-16 02:14:42,5,70,19.9,81,8.1,1026.7,1031.6,0.3,0.7,8,350.4,0
2014-05-16 02:19:42,5,70,19.9,81,8.2,1026.7,1031.6,0.7,1,6,350.4,0
2014-05-16 02:24:42,5,70,19.9,82,8.3,1026.6,1031.5,0.3,1,4,350.4,0
2014-05-16 02:29:42,5,70,19.9,82,8.3,1026.5,1031.4,0.3,0.7,4,350.4,0
2014-05-16 02:34:42,5,70,19.9,82,8.1,1026.5,1031.4,0.3,0.7,4,350.4,0
2014-05-16 02:39:42,5,70,19.8,82,8.2,1026.5,1031.4,0,0.3,4,350.4,0
2014-05-16 02:44:42,5,70,19.8,82,8.4,1026.4,1031.3,0,0,6,350.4,0
2014-05-16 02:49:42,5,70,19.8,82,8.4,1026.4,1031.3,0,0,6,350.4,0
2014-05-16 02:54:42,5,70,19.8,82,8.4,1026.5,1031.4,0,0,4,350.4,0
2014-05-16 02:59:42,5,70,19.8,82,8.4,1026.5,1031.4,0,0.3,10,350.4,0
2014-05-16 03:04:42,5,71,19.8,82,8.3,1026.4,1031.3,0,0,4,350.4,0
2014-05-16 03:09:42,5,71,19.7,82,8.2,1026.3,1031.2,0,0.3,4,350.4,0
2014-05-16 03:14:42,5,71,19.8,82,8.1,1026.5,1031.4,0,0,12,350.4,0
2014-05-16 03:19:42,5,71,19.8,82,8.1,1026.3,1031.2,0,0,6,350.4,0
2014-05-16 03:24:42,5,71,19.7,82,8.1,1026.5,1031.4,0,0,4,350.4,0
2014-05-16 03:29:42,5,71,19.7,82,8.1,1026.4,1031.3,0,0,14,350.4,0
2014-05-16 03:34:42,5,71,19.7,82,8.2,1026.3,1031.2,0,0,14,350.4,0
2014-05-16 03:39:42,5,71,19.7,82,8.2,1026.5,1031.4,0,0,4,350.4,0
2014-05-16 03:44:42,5,71,19.7,82,8.3,1026.4,1031.3,0,0,10,350.4,0
2014-05-16 03:49:42,5,71,19.7,82,8.3,1026.3,1031.2,0,0,10,350.4,0
2014-05-16 03:54:42,5,71,19.7,82,8.3,1026.3,1031.2,0,0.7,4,350.4,0
2014-05-16 03:59:42,5,71,19.7,83,8.4,1026.2,1031.1,0,0.3,4,350.4,0
2014-05-16 04:04:42,5,71,19.6,83,8.4,1026.1,1031,0,0,0,350.4,0
2014-05-16 04:09:42,5,71,19.6,83,8.3,1026.3,1031.2,0,0,6,350.4,0
2014-05-16 04:14:42,5,71,19.6,83,8.3,1026.1,1031,0,0,6,350.4,0
2014-05-16 04:19:42,5,71,19.6,83,8.3,1026.1,1031,0,0.3,4,350.4,0
2014-05-16 04:24:42,5,71,19.6,83,8.3,1026.2,1031.1,0,0.3,4,350.4,0
2014-05-16 04:29:42,5,71,19.6,83,8.3,1026.1,1031,0,0.3,3,350.4,0
2014-05-16 04:34:42,5,71,19.6,83,8.3,1026.1,1031,0,0,4,350.4,0
2014-05-16 04:39:42,5,71,19.6,83,8.3,1026.3,1031.2,0,0.3,6,350.4,0
2014-05-16 04:44:42,5,71,19.6,83,8.3,1026.1,1031,0,0,2,350.4,0
2014-05-16 04:49:42,5,71,19.6,83,8.3,1026.2,1031.1,0,0,4,350.4,0
2014-05-16 04:54:42,5,71,19.6,83,8.3,1026.1,1031,0,0,4,350.4,0
2014-05-16 04:59:42,5,71,19.6,83,8.2,1026.3,1031.2,0,0,0,350.4,0
2014-05-16 05:04:42,5,71,19.5,83,8.2,1026.1,1031,0,0,0,350.4,0
2014-05-16 05:09:42,5,71,19.5,83,8.3,1026.1,1031,0,0.3,2,350.4,0
2014-05-16 05:14:42,5,71,19.5,83,8.3,1026.1,1031,0.3,0.7,4,350.4,0
2014-05-16 05:19:42,5,71,19.5,83,8.2,1026.1,1031,0,0.3,4,350.4,0
2014-05-16 05:24:42,5,71,19.5,83,8.1,1026.2,1031.1,0,0.3,4,350.4,0
2014-05-16 05:29:42,5,71,19.5,83,8.3,1026.2,1031.1,0,0,4,350.4,0
2014-05-16 05:34:42,5,71,19.5,83,8.5,1026.1,1031,0.3,0.7,4,350.4,0
2014-05-16 05:39:42,5,71,19.5,83,8.5,1026.2,1031.1,0,0.3,6,350.4,0
2014-05-16 05:44:42,5,71,19.5,84,8.6,1026.2,1031.1,0,0.3,4,350.4,0
2014-05-16 05:49:42,5,71,19.5,84,8.8,1026.1,1031,0,0.3,8,350.4,0
2014-05-16 05:54:42,5,71,19.5,83,9.1,1026.2,1031.1,0,0.3,14,350.4,0
2014-05-16 05:59:42,5,71,19.5,84,9.5,1026,1030.9,0.3,0.7,4,350.4,0
2014-05-16 06:04:42,5,71,19.5,84,9.8,1026.1,1031,0.3,0.7,4,350.4,0
2014-05-16 06:09:42,5,71,19.5,84,9.9,1026,1030.9,0,0,4,350.4,0
2014-05-16 06:14:42,5,70,19.5,83,10.1,1026.1,1031,0,0.3,4,350.4,0
2014-05-16 06:19:42,5,70,19.5,83,10.3,1026.1,1031,0,0.3,8,350.4,0
2014-05-16 06:24:42,5,70,19.5,83,10.4,1026.1,1031,0.3,0.7,10,350.4,0
2014-05-16 06:29:42,5,70,19.5,83,10.6,1026,1030.9,0,0.7,8,350.4,0
2014-05-16 06:34:42,5,70,19.5,82,10.9,1026,1030.9,0,0.7,8,350.4,0
2014-05-16 06:39:42,5,70,19.6,81,11.2,1026.1,1031,0,0.7,10,350.4,0
2014-05-16 06:44:42,5,70,19.6,81,11.6,1026.1,1031,0,0.3,8,350.4,0
2014-05-16 06:49:42,5,70,19.6,81,11.9,1026,1030.9,0.3,0.7,6,350.4,0
2014-05-16 06:54:42,5,70,19.6,79,12.3,1026,1030.9,0.3,1,10,350.4,0
2014-05-16 06:59:42,5,70,19.6,79,12.7,1025.9,1030.8,0.3,1,11,350.4,0
2014-05-16 07:04:42,5,70,19.7,78,12.9,1025.9,1030.8,0.7,1.4,10,350.4,0
2014-05-16 07:09:42,5,70,19.7,77,13.1,1025.9,1030.8,0.7,1,8,350.4,0
2014-05-16 07:14:42,5,70,19.7,76,13.1,1025.8,1030.7,1,1.7,10,350.4,0
2014-05-16 07:19:42,5,67,19.8,75,13,1026,1030.9,0.7,1.4,8,350.4,0
2014-05-16 07:24:42,5,66,19.7,76,13.1,1025.8,1030.7,0.7,1.4,10,350.4,0
2014-05-16 07:29:42,5,67,19.8,76,13.5,1025.8,1030.7,1,1.7,8,350.4,0
2014-05-16 07:34:42,5,66,19.7,75,13.8,1025.8,1030.7,0.7,1,8,350.4,0
2014-05-16 07:39:42,5,66,19.7,74,13.9,1025.8,1030.7,1,1.7,14,350.4,0
2014-05-16 07:44:42,5,66,19.7,73,13.9,1025.6,1030.5,0.7,2,10,350.4,0
2014-05-16 07:49:42,5,66,19.8,71,13.9,1025.7,1030.6,1.4,2.4,8,350.4,0
2014-05-16 07:54:42,5,66,19.8,71,13.9,1025.5,1030.4,1,1.7,10,350.4,0
2014-05-16 07:59:42,5,66,19.7,70,14,1025.5,1030.4,0.7,1.4,10,350.4,0
2014-05-16 08:04:42,5,67,19.8,71,13.9,1025.7,1030.6,1.4,1.4,10,350.4,0
2014-05-16 08:09:42,5,67,19.9,72,13.9,1025.7,1030.6,0.7,1.4,8,350.4,0
2014-05-16 08:14:42,5,67,19.9,70,13.9,1025.6,1030.5,1,2,10,350.4,0
2014-05-16 08:19:42,5,67,19.9,70,13.9,1025.7,1030.6,1,1.4,10,350.4,0
2014-05-16 08:24:42,5,66,20,69,14.2,1025.6,1030.5,1.7,2.7,12,350.4,0
2014-05-16 08:29:42,5,66,20,68,14.2,1025.7,1030.6,2,3.7,8,350.4,0
2014-05-16 08:34:42,5,66,20,68,14.1,1025.6,1030.5,1.7,2.7,10,350.4,0
2014-05-16 08:39:42,5,66,20.1,68,14.2,1025.5,1030.4,0.7,1.7,10,350.4,0
2014-05-16 08:44:42,5,66,20.1,67,14.4,1025.5,1030.4,1.7,2.7,9,350.4,0
2014-05-16 08:49:42,5,66,20.1,66,14.3,1025.5,1030.4,1,1.4,11,350.4,0
2014-05-16 08:54:42,5,66,20.1,65,14.2,1025.5,1030.4,2,3.1,10,350.4,0
2014-05-16 08:59:42,5,66,20.2,67,14.1,1025.5,1030.4,1.7,2.4,8,350.4,0
2014-05-16 09:04:42,5,65,20.1,67,14.2,1025.4,1030.3,1,1.4,10,350.4,0
2014-05-16 09:09:42,5,62,20.1,67,14.7,1025.5,1030.4,1.4,2,10,350.4,0
2014-05-16 09:14:42,5,61,20.1,66,14.9,1025.5,1030.4,0.7,1.7,10,350.4,0
2014-05-16 09:19:42,5,60,20.1,63,15,1025.4,1030.3,1,1.7,10,350.4,0
2014-05-16 09:24:42,5,59,20.1,64,14.8,1025.3,1030.2,1,2.4,10,350.4,0
2014-05-16 09:29:42,5,59,20,61,14.4,1025.3,1030.2,1.4,2,10,350.4,0
2014-05-16 09:34:42,5,57,20,62,14.2,1025.5,1030.4,1,2,12,350.4,0
2014-05-16 09:39:42,5,56,20,64,14.5,1025.2,1030.1,1.4,2,10,350.4,0
2014-05-16 09:44:42,5,57,19.9,63,14.7,1025.4,1030.3,1,1.4,12,350.4,0
2014-05-16 09:49:42,5,57,19.9,62,14.8,1025.3,1030.2,1.4,2.7,10,350.4,0
2014-05-16 09:54:42,5,56,19.9,62,14.6,1025.3,1030.2,1,2.4,10,350.4,0
2014-05-16 09:59:42,5,56,19.8,62,14.6,1025.2,1030.1,1.7,2.4,10,350.4,0
2014-05-16 10:04:42,5,56,19.8,62,14.6,1025.2,1030.1,1.4,2,10,350.4,0
2014-05-16 10:09:42,5,55,19.8,61,14.6,1025.1,1030,1.7,3.1,14,350.4,0
2014-05-16 10:14:42,5,55,19.8,62,14.5,1025.3,1030.2,1,1.7,10,350.4,0
2014-05-16 10:19:42,5,55,19.8,63,14.6,1025.1,1030,1.4,2.4,14,350.4,0
2014-05-16 10:24:42,5,55,19.8,63,14.6,1025.1,1030,1.4,2,14,350.4,0
2014-05-16 10:29:42,5,55,19.8,63,14.6,1025.1,1030,1,1.7,10,350.4,0
2014-05-16 10:34:42,5,55,19.8,64,14.8,1025,1029.9,0.7,1.4,10,350.4,0
2014-05-16 10:39:42,5,56,19.8,61,15.1,1024.9,1029.8,2,2.7,8,350.4,0
2014-05-16 10:44:42,5,55,19.8,59,15.2,1024.9,1029.8,1.7,3.4,10,350.4,0
2014-05-16 10:49:42,5,55,19.8,59,15.3,1024.9,1029.8,1.4,2,10,350.4,0
2014-05-16 10:54:42,5,55,19.8,60,15.6,1024.8,1029.7,0.7,1.7,8,350.4,0
2014-05-16 10:59:42,5,55,19.9,59,15.8,1024.9,1029.8,1.4,2.7,10,350.4,0
2014-05-16 11:04:42,5,54,19.8,56,15.5,1024.8,1029.7,1.4,2.4,10,350.4,0
2014-05-16 11:09:42,5,54,19.9,57,15.5,1024.8,1029.7,0.7,1.4,10,350.4,0
2014-05-16 11:14:42,5,53,19.9,55,15.8,1024.7,1029.6,1.4,1.7,10,350.4,0
2014-05-16 11:19:42,5,53,19.9,54,16.2,1024.7,1029.6,1,2,10,350.4,0
2014-05-16 11:24:42,5,53,19.9,53,16.7,1024.7,1029.6,2.4,4.4,8,350.4,0
2014-05-16 11:29:42,5,53,19.9,52,16.7,1024.7,1029.6,1.4,2.7,8,350.4,0
2014-05-16 11:34:42,5,53,19.9,49,16.4,1024.6,1029.5,1.7,2.4,10,350.4,0
2014-05-16 11:39:42,5,54,19.9,52,16.3,1024.6,1029.5,1.4,2.4,8,350.4,0
2014-05-16 11:44:42,5,56,19.9,52,16.2,1024.6,1029.5,1.4,2.4,10,350.4,0
2014-05-16 11:49:42,5,57,19.9,51,16.2,1024.6,1029.5,1.7,2.4,10,350.4,0
2014-05-16 11:54:42,5,56,20,52,16.4,1024.6,1029.5,1.7,2.4,12,350.4,0
2014-05-16 11:59:42,5,57,20,52,16.8,1024.4,1029.3,1,1.7,6,350.4,0
2014-05-16 12:04:42,5,58,20,52,17.3,1024.3,1029.2,1.4,2.7,12,350.4,0
2014-05-16 12:09:42,5,58,20,51,17.4,1024.4,1029.3,1.4,3.1,14,350.4,0
2014-05-16 12:14:42,5,57,20,51,17.4,1024.4,1029.3,1,2.7,10,350.4,0
2014-05-16 12:19:42,5,55,20,50,17.5,1024.3,1029.2,1,2,10,350.4,0
2014-05-16 12:24:42,5,54,20,49,17.8,1024.1,1029,1,2.4,2,350.4,0
2014-05-16 12:29:42,5,54,20.1,46,17.8,1024,1028.9,1.4,2.4,8,350.4,0
2014-05-16 12:34:42,5,53,20.1,48,17.9,1024.1,1029,1.4,2.7,10,350.4,0
2014-05-16 12:39:42,5,52,20.1,47,17.9,1024,1028.9,1.4,2.4,10,350.4,0
2014-05-16 12:44:42,5,52,20.2,45,17.7,1024,1028.9,2,3.1,10,350.4,0
2014-05-16 12:49:42,5,51,20.2,47,17.4,1023.9,1028.8,0.7,1.7,8,350.4,0
2014-05-16 12:54:42,5,51,20.2,47,17.4,1024.1,1029,2,2.7,10,350.4,0
2014-05-16 12:59:42,5,50,20.2,45,17.3,1023.9,1028.8,1.4,2.4,12,350.4,0
2014-05-16 13:04:42,5,50,20.3,46,17.5,1023.9,1028.8,1.7,2.4,11,350.4,0
2014-05-16 13:09:42,5,50,20.3,45,17.7,1023.9,1028.8,2.7,4.8,10,350.4,0
2014-05-16 13:14:42,5,50,20.3,46,17.6,1023.9,1028.8,1,1.7,10,350.4,0
2014-05-16 13:19:42,5,50,20.4,45,17.8,1023.8,1028.7,2,3.4,10,350.4,0
2014-05-16 13:24:42,5,50,20.4,45,17.7,1023.7,1028.6,1.7,2.7,10,350.4,0
2014-05-16 13:29:42,5,49,20.3,43,17.6,1023.7,1028.6,1.4,2,10,350.4,0
2014-05-16 13:34:42,5,49,20.4,43,17.4,1023.7,1028.6,1,1.7,12,350.4,0
2014-05-16 13:39:42,5,49,20.4,44,17.4,1023.7,1028.6,1.4,2,6,350.4,0
2014-05-16 13:44:42,5,49,20.5,44,17.3,1023.7,1028.6,2,3.7,10,350.4,0
2014-05-16 13:49:42,5,47,20.5,43,17.2,1023.7,1028.6,1,2,12,350.4,0
2014-05-16 13:54:42,5,47,20.5,43,17.3,1023.6,1028.5,1.7,2.4,10,350.4,0
2014-05-16 13:59:42,5,47,20.5,42,17.3,1023.6,1028.5,2,3.4,8,350.4,0
2014-05-16 14:04:42,5,46,20.5,44,17.6,1023.7,1028.6,1,1.7,10,350.4,0
2014-05-16 14:09:42,5,47,20.6,44,18,1023.6,1028.5,2,3.4,10,350.4,0
2014-05-16 14:14:42,5,47,20.6,45,17.9,1023.6,1028.5,2,3.1,14,350.4,0
2014-05-16 14:19:42,5,47,20.6,43,18.1,1023.5,1028.4,2,2.7,14,350.4,0
2014-05-16 14:24:42,5,47,20.6,42,18.3,1023.4,1028.3,2,3.4,10,350.4,0
2014-05-16 14:29:42,5,47,20.7,45,18.5,1023.4,1028.3,1,2,8,350.4,0
2014-05-16 14:34:42,5,47,20.8,42,18.9,1023.4,1028.3,1.7,3.4,10,350.4,0
2014-05-16 14:39:42,5,47,20.8,40,19,1023.4,1028.3,1.7,2.7,12,350.4,0
2014-05-16 14:44:42,5,47,20.8,43,18.9,1023.4,1028.3,1.7,2.7,10,350.4,0
2014-05-16 14:49:42,5,47,20.9,42,18.5,1023.4,1028.3,1.7,3.7,10,350.4,0
2014-05-16 14:54:42,5,46,20.9,43,18.2,1023.4,1028.3,1.4,2.4,8,350.4,0
2014-05-16 14:59:42,5,46,20.9,40,18.1,1023.3,1028.2,1,1.7,10,350.4,0
2014-05-16 15:04:42,5,45,21,48,17.4,1023.3,1028.2,2,2.7,2,350.4,0
2014-05-16 15:09:42,5,46,21,52,16.9,1023.3,1028.2,1.7,3.1,12,350.4,0
2014-05-16 15:14:42,5,46,21,52,16.6,1023.2,1028.1,2,3.7,8,350.4,0
2014-05-16 15:19:42,5,47,21.1,53,16.8,1023.3,1028.2,1.7,2.7,9,350.4,0
2014-05-16 15:24:42,5,47,21.1,52,17.2,1023.1,1028,1,1.7,10,350.4,0
2014-05-16 15:29:42,5,48,21.1,49,17.7,1023.1,1028,1.4,2.4,10,350.4,0
2014-05-16 15:34:42,5,48,21.2,47,18.1,1023,1027.9,1.4,2.4,4,350.4,0
2014-05-16 15:39:42,5,47,21.2,44,18.4,1023.1,1028,1.7,2.7,12,350.4,0
2014-05-16 15:44:42,5,47,21.3,45,18.6,1022.9,1027.8,1.7,2.4,10,350.4,0
2014-05-16 15:49:42,5,47,21.3,40,18.3,1022.8,1027.7,3.1,4.1,10,350.4,0
2014-05-16 15:54:42,5,46,21.4,45,18.2,1022.8,1027.7,1.7,3.1,10,350.4,0
2014-05-16 15:59:42,5,45,21.5,45,18.2,1022.7,1027.6,2.4,4.1,12,350.4,0
2014-05-16 16:04:42,5,45,21.5,43,17.9,1022.7,1027.6,1.7,2.7,8,350.4,0
2014-05-16 16:09:42,5,45,21.5,45,18.1,1022.6,1027.5,2,3.1,8,350.4,0
2014-05-16 16:14:42,5,45,21.5,44,17.9,1022.4,1027.3,2.7,4.1,8,350.4,0
2014-05-16 16:19:42,5,45,21.5,45,17.6,1022.5,1027.4,2.4,3.4,8,350.4,0
2014-05-16 16:24:42,5,45,21.8,46,17.4,1022.5,1027.4,1.7,2.7,10,350.4,0
2014-05-16 16:29:42,5,45,21.8,46,17.4,1022.4,1027.3,1.7,2.7,13,350.4,0
2014-05-16 16:34:42,5,45,21.8,46,17.3,1022.4,1027.3,1.4,2.4,8,350.4,0
2014-05-16 16:39:42,5,45,21.8,45,17.3,1022.4,1027.3,2,3.1,8,350.4,0
2014-05-16 16:44:42,5,45,21.9,45,17.4,1022.4,1027.3,2.4,3.1,8,350.4,0
2014-05-16 16:49:42,5,44,21.9,45,17.4,1022.4,1027.3,2,3.4,8,350.4,0
2014-05-16 16:54:42,5,43,22,53,17.5,1022.3,1027.2,1,2,10,350.4,0
2014-05-16 16:59:42,5,45,22,56,16.8,1022.4,1027.3,3.4,4.8,14,350.4,0
2014-05-16 17:04:42,5,46,22.1,60,16,1022.3,1027.2,1.4,2.4,12,350.4,0
2014-05-16 17:09:42,5,47,22.1,60,15.9,1022.4,1027.3,1.7,2.7,14,350.4,0
2014-05-16 17:14:42,5,48,22.1,59,15.5,1022.4,1027.3,2.7,3.7,12,350.4,0
2014-05-16 17:19:42,5,49,22,62,15.1,1022.5,1027.4,2.7,4.8,10,350.4,0
2014-05-16 17:24:42,5,50,21.9,64,14.8,1022.6,1027.5,2.4,3.7,14,350.4,0
2014-05-16 17:29:42,5,50,22,64,14.5,1022.3,1027.2,1.7,2.4,14,350.4,0
2014-05-16 17:34:42,5,50,22,64,14.4,1022.4,1027.3,2,2.7,12,350.4,0
2014-05-16 17:39:42,5,51,21.9,64,14.2,1022.3,1027.2,1.4,2.4,10,350.4,0
2014-05-16 17:44:42,5,52,21.9,65,14.2,1022.3,1027.2,2,3.1,11,350.4,0
2014-05-16 17:49:42,5,52,21.9,66,14.1,1022.4,1027.3,1,1.7,12,350.4,0
2014-05-16 17:54:42,5,52,21.8,66,14,1022.2,1027.1,1.4,2.4,10,350.4,0
2014-05-16 17:59:42,5,52,21.8,68,13.9,1022.3,1027.2,0.7,1,10,350.4,0
2014-05-16 18:04:42,5,53,21.8,68,13.8,1022.2,1027.1,1,1.7,10,350.4,0
2014-05-16 18:09:42,5,52,21.8,68,13.7,1022.2,1027.1,1.7,3.1,10,350.4,0
2014-05-16 18:14:42,5,52,21.5,68,13.6,1022.4,1027.3,0.7,1.4,14,350.4,0
2014-05-16 18:19:42,5,53,21.5,69,13.7,1022.3,1027.2,1,1.7,10,350.4,0
2014-05-16 18:24:42,5,53,21.5,69,13.6,1022.3,1027.2,0.7,1.7,14,350.4,0
2014-05-16 18:29:42,5,54,21.5,70,13.6,1022.3,1027.2,2,2.7,10,350.4,0
2014-05-16 18:34:42,5,54,21.5,70,13.4,1022.2,1027.1,0.7,1.4,12,350.4,0
2014-05-16 18:39:42,5,54,21.5,71,13.3,1022.3,1027.2,0.7,1.4,0,350.4,0
2014-05-16 18:44:42,5,54,21.5,72,12.9,1022.3,1027.2,2,3.1,10,350.4,0
2014-05-16 18:49:42,5,54,21.5,72,12.7,1022.3,1027.2,1,2,9,350.4,0
2014-05-16 18:54:42,5,54,21.5,72,12.6,1022.3,1027.2,1,3.1,12,350.4,0
2014-05-16 18:59:42,5,54,21.5,72,12.6,1022.3,1027.2,1.4,2.4,9,350.4,0
2014-05-16 19:04:42,5,55,21.4,73,12.4,1022.3,1027.2,0.7,1.4,12,350.4,0
2014-05-16 19:09:42,5,55,21.4,73,12.4,1022.2,1027.1,1,1.7,8,350.4,0
2014-05-16 19:14:42,5,55,21.3,73,12.3,1022.1,1027,0.7,1,12,350.4,0
2014-05-16 19:19:42,5,55,21.3,74,12.3,1022,1026.9,0.7,1.4,10,350.4,0
2014-05-16 19:24:42,5,55,21.3,74,12.6,1021.9,1026.8,0.7,1.4,10,350.4,0
2014-05-16 19:29:42,5,55,21.2,74,12.7,1022,1026.9,0.3,0.7,10,350.4,0
2014-05-16 19:34:42,5,56,21.2,74,13.3,1021.9,1026.8,0.3,1,8,350.4,0
2014-05-16 19:39:42,5,55,21.2,72,13.6,1021.9,1026.8,1,1.4,14,350.4,0
2014-05-16 19:44:42,5,56,21.2,71,13.5,1022.1,1027,0.7,1,14,350.4,0
2014-05-16 19:49:42,5,56,21.1,70,13.4,1022,1026.9,1,1.7,11,350.4,0
2014-05-16 19:54:42,5,57,21.1,70,13.2,1022,1026.9,0,0.3,12,350.4,0
2014-05-16 19:59:42,5,57,21.1,70,13.4,1021.9,1026.8,0.3,1,10,350.4,0
2014-05-16 20:04:42,5,57,21.1,70,13.2,1021.8,1026.7,0.3,0.7,10,350.4,0
2014-05-16 20:09:42,5,58,21.1,71,12.6,1021.8,1026.7,0,0.3,10,350.4,0
2014-05-16 20:14:42,5,58,21,71,12.3,1021.9,1026.8,0,0.3,8,350.4,0
2014-05-16 20:19:42,5,59,21,71,12.1,1021.9,1026.8,0,0.3,10,350.4,0
2014-05-16 20:24:42,5,59,21,72,11.8,1021.9,1026.8,0,0.3,6,350.4,0
2014-05-16 20:29:42,5,59,21,72,11.7,1021.8,1026.7,0.3,0.7,4,350.4,0
2014-05-16 20:34:42,5,59,21,72,11.5,1022,1026.9,0.7,1,4,350.4,0
2014-05-16 20:39:42,5,60,20.9,72,11.3,1021.8,1026.7,0,0,2,350.4,0
2014-05-16 20:44:42,5,60,20.9,72,11.2,1021.9,1026.8,0,0.7,4,350.4,0
2014-05-16 20:49:42,5,60,20.9,72,11,1021.9,1026.8,0,0.3,0,350.4,0
2014-05-16 20:54:42,5,60,20.9,72,11,1021.9,1026.8,1,1.4,0,350.4,0
2014-05-16 20:59:42,5,60,20.8,72,11,1022,1026.9,0.3,1,6,350.4,0
2014-05-16 21:04:42,5,60,20.8,73,10.8,1022,1026.9,0.7,1,14,350.4,0
2014-05-16 21:09:42,5,60,20.7,74,10.8,1022,1026.9,0.7,1.4,10,350.4,0
2014-05-16 21:14:42,5,60,20.7,75,10.7,1022,1026.9,1,1.4,10,350.4,0
2014-05-16 21:19:42,5,60,20.8,75,10.6,1021.9,1026.8,1.4,1.7,10,350.4,0
2014-05-16 21:24:42,5,60,20.7,76,10.5,1021.8,1026.7,0.7,1.7,10,350.4,0
2014-05-16 21:29:42,5,60,20.7,76,10.4,1021.9,1026.8,2,3.1,10,350.4,0
2014-05-16 21:34:42,5,60,20.7,77,10.4,1021.8,1026.7,1.7,2.7,10,350.4,0
2014-05-16 21:39:42,5,60,20.6,77,10.3,1021.8,1026.7,1.4,2,12,350.4,0
2014-05-16 21:44:42,5,60,20.6,78,10.1,1021.7,1026.6,0.7,1.4,6,350.4,0
2014-05-16 21:49:42,5,60,20.6,78,10.1,1021.4,1026.3,1.4,3.1,12,350.4,0
2014-05-16 21:54:42,5,60,20.6,79,10,1021.4,1026.3,1,1.7,10,350.4,0
2014-05-16 21:59:42,5,60,20.6,80,9.9,1021.3,1026.2,0.7,1.7,4,350.4,0
2014-05-16 22:04:42,5,60,20.6,81,9.9,1021.4,1026.3,0.7,1.4,10,350.4,0
2014-05-16 22:09:42,5,61,20.5,81,9.8,1021.3,1026.2,0.3,1,14,350.4,0
2014-05-16 22:14:42,5,60,20.5,81,9.8,1021.3,1026.2,1,1.7,0,350.4,0
2014-05-16 22:19:42,5,60,20.5,81,9.7,1021.2,1026.1,0,0.3,2,350.4,0
2014-05-16 22:24:42,5,61,20.5,81,9.7,1021.3,1026.2,1,2,2,350.4,0
2014-05-16 22:29:42,5,61,20.5,81,9.7,1021.1,1026,0,0.3,6,350.4,0
2014-05-16 22:34:42,5,61,20.5,81,9.7,1021.2,1026.1,0,0.3,14,350.4,0
2014-05-16 22:39:42,5,61,20.5,81,9.8,1021.2,1026.1,0.3,0.7,4,350.4,0
2014-05-16 22:44:42,5,61,20.4,81,9.9,1021.2,1026.1,0,0.3,2,350.4,0
2014-05-16 22:49:42,5,61,20.4,80,10,1021.5,1026.4,0,0.3,12,350.4,0
2014-05-16 22:54:42,5,61,20.4,80,10,1021.4,1026.3,0,0,10,350.4,0
2014-05-16 22:59:42,5,61,20.4,80,10.1,1021.5,1026.4,1,1.7,10,350.4,0
2014-05-16 23:04:42,5,61,20.4,80,10,1021.5,1026.4,0.7,1.4,10,350.4,0
2014-05-16 23:09:42,5,61,20.4,80,10,1021.1,1026,1,2,10,350.4,0
2014-05-16 23:14:42,5,61,20.4,81,9.9,1021,1025.9,1.4,2,10,350.4,0
2014-05-16 23:19:42,5,61,20.4,81,9.9,1021.1,1026,1.4,2,10,350.4,0
2014-05-16 23:24:42,5,61,20.4,81,9.8,1020.9,1025.8,1.4,1.7,9,350.4,0
2014-05-16 23:29:42,5,61,20.4,81,9.8,1021.1,1026,1.4,2,12,350.4,0
2014-05-16 23:34:42,5,61,20.4,81,9.7,1020.9,1025.8,1,1.7,13,350.4,0
2014-05-16 23:39:42,5,61,20.3,81,9.7,1020.9,1025.8,1,1.7,10,350.4,0
2014-05-16 23:44:42,5,61,20.3,81,9.7,1020.9,1025.8,0.7,1.4,8,350.4,0
2014-05-16 23:49:42,5,61,20.3,81,9.7,1020.7,1025.6,0.7,1,10,350.4,0
2014-05-16 23:54:42,5,61,20.3,81,9.6,1020.4,1025.3,1.4,2,8,350.4,0
2014-05-16 23:59:42,5,61,20.3,81,9.6,1020.4,1025.3,0.3,0.7,8,350.4,0
