2019-08-19 00:02:34,5,59,21.5,90,12,1005.2,1010.1,0.3,0.7,10,545.1,0
2019-08-19 00:07:34,5,59,21.5,90,12,1005.2,1010.1,0.3,0.7,10,545.1,0
2019-08-19 00:12:34,5,59,21.5,90,12,1005.3,1010.2,0.3,1,9,545.1,0
2019-08-19 00:17:34,5,59,21.5,90,12,1005.3,1010.2,0,0.3,10,545.1,0
2019-08-19 00:22:34,5,59,21.5,90,12,1005.3,1010.2,0.3,0.7,10,545.1,0
2019-08-19 00:27:34,5,59,21.2,91,12.1,1005.3,1010.2,0.3,1,10,545.1,0
2019-08-19 00:32:34,5,59,21.2,91,12.2,1005.6,1010.5,0.7,1,12,545.1,0
2019-08-19 00:37:34,5,59,21.2,91,12.3,1005.4,1010.3,0.7,1,10,545.1,0
2019-08-19 00:42:34,5,59,21.2,91,12.4,1005.4,1010.3,0.3,0.7,10,545.1,0
2019-08-19 00:47:34,5,59,21.2,92,12.4,1005.6,1010.5,0.7,1,14,545.1,0
2019-08-19 00:52:34,5,59,21.1,89,12.5,1005.6,1010.5,1,1.4,10,545.1,0
2019-08-19 00:57:35,5,59,21.2,89,12.6,1005.5,1010.4,0.7,1.4,12,545.1,0
2019-08-19 01:02:35,5,59,21.2,89,12.6,1005.7,1010.6,1,1.4,10,545.1,0
2019-08-19 01:07:35,5,59,21.2,89,12.6,1005.6,1010.5,1,1.4,10,545.1,0
2019-08-19 01:12:35,5,59,21.2,89,12.7,1005.6,1010.5,0.7,1,12,545.1,0
2019-08-19 01:17:35,5,59,21.2,88,12.6,1005.8,1010.7,0.7,1,12,545.1,0
2019-08-19 01:22:35,5,59,21.2,88,12.6,1005.7,1010.6,0.7,1,12,545.1,0
2019-08-19 01:27:35,5,59,21.2,88,12.5,1005.6,1010.5,0.3,0.7,10,545.1,0
2019-08-19 01:32:35,5,59,21.2,88,12.5,1005.7,1010.6,0.7,1,10,545.1,0
2019-08-19 01:37:35,5,59,21.2,88,12.5,1005.7,1010.6,0.7,1,14,545.1,0
2019-08-19 01:42:35,5,59,21.2,88,12.5,1005.8,1010.7,1,1.4,10,545.1,0
2019-08-19 01:47:35,5,59,21.1,88,12.5,1006,1010.9,1,1.7,10,545.1,0
2019-08-19 01:52:35,5,59,21.2,88,12.5,1005.8,1010.7,1,1.7,10,545.4,0
2019-08-19 01:57:35,5,59,21.2,88,12.5,1005.9,1010.8,0.7,1,10,545.4,0
2019-08-19 02:02:35,5,59,21.2,89,12.5,1005.8,1010.7,0.7,1,14,545.4,0
2019-08-19 02:07:35,5,59,21.2,92,12.4,1005.9,1010.8,0.7,1.4,10,545.4,0
2019-08-19 02:12:35,5,59,21.2,92,12.4,1005.9,1010.8,0.7,0.7,12,545.4,0
2019-08-19 02:17:35,5,59,21.2,92,12.3,1006,1010.9,0.7,1.4,10,545.4,0
2019-08-19 02:22:35,5,59,21.1,92,12.2,1005.9,1010.8,1,1.4,10,545.4,0
2019-08-19 02:27:35,5,59,21.2,92,12.1,1005.9,1010.8,0.7,1,14,545.4,0
2019-08-19 02:32:35,5,59,21.2,92,12,1005.8,1010.7,0.7,1,13,545.4,0
2019-08-19 02:37:35,5,59,21.1,92,12.1,1005.9,1010.8,1,1.4,10,545.4,0
2019-08-19 02:42:35,5,59,21.1,92,12.1,1005.9,1010.8,0.7,1,10,545.4,0
2019-08-19 02:47:35,5,59,21.1,92,12.1,1006,1010.9,0.7,1.4,10,545.4,0
2019-08-19 02:52:35,5,59,21.1,93,12.2,1006,1010.9,0.3,1,0,545.4,0
2019-08-19 02:57:35,5,59,21.1,93,12.2,1006,1010.9,0.7,1,10,545.4,0
2019-08-19 03:02:35,5,59,21,93,12.2,1006,1010.9,0.7,1,14,545.4,0
2019-08-19 03:07:35,5,59,21,93,12.1,1006.1,1011,0.7,1,10,545.4,0
2019-08-19 03:12:35,5,59,21,93,12,1006,1010.9,0.3,1,10,545.4,0
2019-08-19 03:17:35,5,59,21,93,11.9,1006.2,1011.1,0.3,0.7,10,545.4,0
2019-08-19 03:22:35,5,59,21,93,11.8,1006.2,1011.1,0.7,1,10,545.4,0
2019-08-19 03:27:35,5,60,20.9,93,11.7,1006.3,1011.2,0.3,0.7,10,545.4,0
2019-08-19 03:32:35,5,59,21,93,11.6,1006.3,1011.2,0.7,0.7,10,545.4,0
2019-08-19 03:37:35,5,59,21,93,11.5,1006.3,1011.2,0.7,1,10,545.4,0
2019-08-19 03:42:35,5,59,21,93,11.4,1006.3,1011.2,0.3,0.7,0,545.4,0
2019-08-19 03:47:35,5,59,21,92,11.3,1006.3,1011.2,0.3,1,10,545.4,0
2019-08-19 03:52:35,5,59,21,92,11.2,1006.5,1011.4,0.3,0.7,10,545.4,0
2019-08-19 03:57:35,5,60,20.9,92,11.2,1006.5,1011.4,0.3,0.7,12,545.4,0
2019-08-19 04:02:35,5,60,20.9,93,11.2,1006.4,1011.3,0.3,0.7,10,545.4,0
2019-08-19 04:07:35,5,60,20.9,93,11.2,1006.5,1011.4,0.3,0.7,10,545.4,0
2019-08-19 04:12:35,5,60,20.9,93,11.1,1006.5,1011.4,0.7,1,14,545.4,0
2019-08-19 04:17:35,5,60,20.9,93,11.1,1006.5,1011.4,0.3,0.7,10,545.4,0
2019-08-19 04:22:35,5,60,20.9,92,11,1006.5,1011.4,0.3,0.7,10,545.4,0
2019-08-19 04:27:35,5,60,20.9,92,11,1006.5,1011.4,0.3,0.7,10,545.4,0
2019-08-19 04:32:35,5,60,20.9,92,10.9,1006.6,1011.5,0.3,0.7,10,545.4,0
2019-08-19 04:37:35,5,60,20.9,92,10.9,1006.6,1011.5,0.3,0.7,10,545.4,0
2019-08-19 04:42:35,5,60,20.9,92,10.9,1006.6,1011.5,0.7,1,10,545.4,0
2019-08-19 04:47:35,5,60,20.9,92,10.9,1006.6,1011.5,0.3,0.7,10,545.4,0
2019-08-19 04:52:35,5,60,20.8,92,11,1006.7,1011.6,0.7,1,10,545.4,0
2019-08-19 04:57:35,5,60,20.8,92,11,1006.7,1011.6,0.7,1,10,545.4,0
2019-08-19 05:02:35,5,60,20.8,93,11.1,1006.9,1011.8,0.7,1,10,545.4,0
2019-08-19 05:07:35,5,60,20.8,93,11.2,1006.8,1011.7,0.7,1,14,545.4,0
2019-08-19 05:12:35,5,60,20.8,93,11.3,1007,1011.9,0.7,1,10,545.4,0
2019-08-19 05:17:35,5,60,20.8,93,11.3,1007,1011.9,1,1.4,12,545.4,0
2019-08-19 05:22:35,5,60,20.8,93,11.3,1007.1,1012,1,1.7,12,545.4,0
2019-08-19 05:27:35,5,60,20.8,93,11.3,1007.1,1012,0.3,0.7,10,545.4,0
2019-08-19 05:32:35,5,60,20.7,92,11.2,1007.2,1012.1,1.4,1.7,14,545.4,0
2019-08-19 05:37:35,5,60,20.7,92,11.1,1007.2,1012.1,0.7,1,10,545.4,0
2019-08-19 05:42:35,5,60,20.7,92,11,1007.2,1012.1,0.3,0.7,8,545.4,0
2019-08-19 05:47:35,5,59,20.7,92,10.9,1007.1,1012,0.7,1,10,545.4,0
2019-08-19 05:52:35,5,59,20.7,92,10.9,1007.2,1012.1,0.7,1.4,10,545.4,0
2019-08-19 05:57:35,5,59,20.7,92,10.9,1007.3,1012.2,1,1.7,10,545.4,0
2019-08-19 06:02:35,5,59,20.7,92,11,1007.2,1012.1,0.7,1,10,545.4,0
2019-08-19 06:07:35,5,59,20.6,92,11.2,1007.2,1012.1,0.7,1,10,545.4,0
2019-08-19 06:12:35,5,59,20.6,92,11.3,1007.4,1012.3,0.7,1,12,545.4,0
2019-08-19 06:17:35,5,59,20.6,92,11.4,1007.3,1012.2,1,1.4,10,545.4,0
2019-08-19 06:22:35,5,59,20.7,92,11.4,1007.4,1012.3,0.7,1,8,545.4,0
2019-08-19 06:27:35,5,59,20.7,92,11.4,1007.2,1012.1,0.7,1,12,545.4,0
2019-08-19 06:32:35,5,59,20.7,92,11.7,1007.4,1012.3,0.7,1,10,545.4,0
2019-08-19 06:37:35,5,59,20.7,92,12.1,1007.4,1012.3,0.3,0.7,12,545.4,0
2019-08-19 06:42:35,5,59,20.7,92,12.4,1007.3,1012.2,1,1.4,10,545.4,0
2019-08-19 06:47:34,5,59,20.7,89,12.6,1007.4,1012.3,1,1.4,10,545.4,0
2019-08-19 06:52:34,5,59,20.7,88,12.8,1007.5,1012.4,0.7,1,10,545.4,0
2019-08-19 06:57:34,5,59,20.7,87,12.9,1007.5,1012.4,0.7,1,13,545.4,0
2019-08-19 07:02:34,5,59,20.7,87,13,1007.6,1012.5,0.7,1,10,545.4,0
2019-08-19 07:07:34,5,59,20.7,86,13.3,1007.6,1012.5,1,1.7,12,545.4,0
2019-08-19 07:12:34,5,59,20.7,85,13.6,1007.8,1012.7,0.7,1,14,545.4,0
2019-08-19 07:17:34,5,59,20.7,84,13.9,1007.8,1012.7,0.7,1,10,545.4,0
2019-08-19 07:22:34,5,59,20.7,84,14.3,1007.6,1012.5,0.7,1,8,545.4,0
2019-08-19 07:27:34,5,59,20.7,83,14.5,1007.8,1012.7,0.7,1,14,545.4,0
2019-08-19 07:32:34,5,59,20.7,82,14.5,1007.8,1012.7,1,1.4,12,545.4,0
2019-08-19 07:37:34,5,59,20.7,81,14.5,1007.9,1012.8,1,1.7,14,545.4,0
2019-08-19 07:42:34,5,59,20.8,81,14.7,1008,1012.9,1.4,2,10,545.4,0
2019-08-19 07:47:34,5,59,20.8,80,14.9,1008.1,1013,1,1.7,10,545.4,0
2019-08-19 07:52:34,5,59,20.8,80,14.6,1008,1012.9,1,1.4,10,545.4,0
2019-08-19 07:57:34,5,59,20.8,80,14.5,1008.1,1013,1,1.4,10,545.4,0
2019-08-19 08:02:34,5,59,20.8,80,14.3,1008.1,1013,1,1.4,10,545.4,0
2019-08-19 08:07:34,5,59,20.8,80,14.3,1008.4,1013.3,1,1.7,0,545.4,0
2019-08-19 08:12:34,5,59,20.8,80,14.7,1008.2,1013.1,1,1.7,10,545.4,0
2019-08-19 08:17:34,5,59,20.8,79,15,1008.1,1013,1,1.7,13,545.4,0
2019-08-19 08:22:34,5,59,20.8,77,15.2,1008.2,1013.1,1,1.4,10,545.4,0
2019-08-19 08:27:34,5,59,20.8,77,15.7,1008.3,1013.2,1,1.7,14,545.4,0
2019-08-19 08:32:34,5,59,20.9,75,15.7,1008.3,1013.2,1,1.4,12,545.4,0
2019-08-19 08:37:34,5,59,20.9,75,15.8,1008.3,1013.2,1.4,1.7,14,545.4,0
2019-08-19 08:42:34,5,59,20.9,75,15.9,1008.4,1013.3,1.7,3.1,14,545.4,0
2019-08-19 08:47:34,5,59,20.9,76,16.3,1008.4,1013.3,1.7,2.4,4,545.4,0
2019-08-19 08:52:34,5,59,20.9,75,15.4,1008.5,1013.4,1,1.7,12,545.4,0
2019-08-19 08:57:34,5,59,20.9,76,14.5,1008.6,1013.5,1,1.4,14,545.4,0
2019-08-19 09:02:34,5,59,20.9,79,14.6,1008.6,1013.5,1.4,1.7,12,545.4,0
2019-08-19 09:07:34,5,59,20.9,80,15.2,1008.7,1013.6,1,1.4,12,545.4,0
2019-08-19 09:12:34,5,58,21,80,15.7,1008.6,1013.5,1.4,2,14,545.4,0
2019-08-19 09:17:34,5,59,20.9,76,15.9,1008.6,1013.5,2,2.4,14,545.4,0
2019-08-19 09:22:34,5,59,20.9,75,16,1008.6,1013.5,2,3.1,12,545.4,0
2019-08-19 09:27:34,5,59,20.9,76,16.5,1008.7,1013.6,1.4,2,10,545.4,0
2019-08-19 09:32:34,5,59,20.9,74,16.7,1008.7,1013.6,1.4,1.7,14,545.4,0
2019-08-19 09:37:34,5,59,20.9,71,16.2,1008.7,1013.6,1.7,2,12,545.4,0
2019-08-19 09:42:34,5,58,20.9,71,15.5,1008.8,1013.7,2.7,3.4,10,545.4,0
2019-08-19 09:47:34,5,58,20.9,72,14.6,1008.8,1013.7,1.4,2,10,545.4,0
2019-08-19 09:52:34,5,58,20.8,74,15.1,1008.8,1013.7,3.4,4.8,8,545.4,0
2019-08-19 09:57:34,5,57,20.8,71,15.5,1008.8,1013.7,3.1,4.4,10,545.4,0
2019-08-19 10:02:34,5,57,20.8,70,15.9,1009,1013.9,3.1,4.4,10,545.4,0
2019-08-19 10:07:34,5,57,20.7,71,16.2,1009,1013.9,1.4,1.7,10,545.4,0
2019-08-19 10:12:34,5,58,20.8,71,16.7,1009.1,1014,1.7,2,12,545.4,0
2019-08-19 10:17:34,5,58,20.8,70,16.8,1009.1,1014,1.4,2,12,545.4,0
2019-08-19 10:22:34,5,58,20.8,69,17,1009.2,1014.1,2.7,3.4,12,545.4,0
2019-08-19 10:27:34,5,58,20.8,66,16.9,1009.1,1014,2.7,3.4,12,545.4,0
2019-08-19 10:32:34,5,58,20.8,67,16.7,1009.1,1014,3.7,5.8,12,545.7,0
2019-08-19 10:37:34,5,58,20.8,70,15.6,1009.4,1014.3,3.4,5.1,0,546,0
2019-08-19 10:42:34,5,58,20.8,71,14.1,1009.2,1014.1,3.1,4.4,12,546,0
2019-08-19 10:47:34,5,57,20.8,74,13.9,1009.3,1014.2,1.7,2.4,12,546,0
2019-08-19 10:52:34,5,57,20.7,79,15,1009.5,1014.4,3.1,4.4,12,546,0
2019-08-19 10:57:34,5,58,20.8,74,15.1,1009.5,1014.4,3.1,4.1,12,546,0
2019-08-19 11:02:34,5,58,20.7,73,14.7,1009.5,1014.4,1.7,2.4,14,546,0
2019-08-19 11:07:34,5,58,20.7,76,15.1,1009.5,1014.4,3.7,5.8,12,546,0
2019-08-19 11:12:34,5,58,20.7,75,15.8,1009.5,1014.4,2,2.7,10,546,0
2019-08-19 11:17:34,5,58,20.7,73,16.1,1009.7,1014.6,2.7,4.1,10,546,0
2019-08-19 11:22:34,5,58,20.7,72,16.5,1009.6,1014.5,2,3.1,10,546,0
2019-08-19 11:27:34,5,58,20.7,73,17.2,1009.5,1014.4,3.4,4.1,14,546,0
2019-08-19 11:32:34,5,58,20.7,68,17,1009.6,1014.5,3.4,4.1,12,546,0
2019-08-19 11:37:34,5,58,20.7,69,16.9,1009.6,1014.5,2.7,3.4,14,546,0
2019-08-19 11:42:34,5,58,20.7,68,17.2,1009.7,1014.6,2.7,3.7,12,546,0
2019-08-19 11:47:34,5,57,20.7,66,17.3,1009.7,1014.6,2.4,3.4,10,546,0
2019-08-19 11:52:34,5,57,20.7,62,17.5,1009.9,1014.8,2,2.4,12,546,0
2019-08-19 11:57:34,5,57,20.7,67,17,1010,1014.9,3.4,5.4,12,546,0
2019-08-19 12:02:34,5,57,20.7,73,15,1010.1,1015,3.1,5.1,0,546,0
2019-08-19 12:07:34,5,57,20.7,77,14.6,1010.1,1015,3.4,4.8,10,546,0
2019-08-19 12:12:34,5,58,20.7,80,14.8,1010,1014.9,3.7,4.8,12,546.3,0
2019-08-19 12:17:34,5,58,20.7,79,15.5,1010,1014.9,3.7,5.4,13,546.3,0
2019-08-19 12:22:34,5,59,20.6,78,16.4,1010.1,1015,2.7,3.7,12,546.3,0
2019-08-19 12:27:34,5,59,20.6,72,16.7,1010.1,1015,2.4,3.4,12,546.3,0
2019-08-19 12:32:34,5,59,20.7,70,17.3,1010.1,1015,2.4,3.4,12,546.3,0
2019-08-19 12:37:34,5,59,20.7,64,17.5,1010.2,1015.1,3.1,3.7,12,546.3,0
2019-08-19 12:42:34,5,59,20.7,67,17.4,1010.4,1015.3,3.1,4.1,12,546.3,0
2019-08-19 12:47:34,5,58,20.7,64,17.5,1010.2,1015.1,2.4,3.1,12,546.3,0
2019-08-19 12:52:34,5,58,20.7,65,17.4,1010.4,1015.3,3.1,4.1,12,546.3,0
2019-08-19 12:57:34,5,58,20.7,63,17.6,1010.5,1015.4,2,3.1,12,546.3,0
2019-08-19 13:02:34,5,58,20.7,63,17.4,1010.5,1015.4,2.7,4.1,12,546.3,0
2019-08-19 13:07:34,5,57,20.7,64,17.1,1010.5,1015.4,2.7,3.4,12,546.3,0
2019-08-19 13:12:34,5,56,20.7,65,17.2,1010.6,1015.5,2.7,4.1,12,546.3,0
2019-08-19 13:17:34,5,56,20.7,64,17.4,1010.6,1015.5,2.7,3.7,8,546.3,0
2019-08-19 13:22:34,5,56,20.7,62,17.3,1010.7,1015.6,4.1,4.8,12,546.3,0
2019-08-19 13:27:34,5,56,20.8,62,17.3,1010.8,1015.7,2.7,3.4,12,546.3,0
2019-08-19 13:32:34,5,55,20.8,62,17.2,1010.8,1015.7,3.1,4.1,12,546.3,0
2019-08-19 13:37:34,5,55,20.8,63,17.2,1010.8,1015.7,2.4,3.4,10,546.3,0
2019-08-19 13:42:34,5,55,20.9,64,17.3,1011,1015.9,3.1,4.1,12,546.3,0
2019-08-19 13:47:34,5,55,20.9,59,17.5,1010.8,1015.7,3.1,3.7,14,546.3,0
2019-08-19 13:52:34,5,54,20.9,60,17.4,1011,1015.9,2.4,3.1,12,546.3,0
2019-08-19 13:57:34,5,53,21,59,17.5,1010.9,1015.8,3.7,4.4,12,546.3,0
2019-08-19 14:02:34,5,53,21,62,17.4,1011,1015.9,2.4,4.1,14,546.3,0
2019-08-19 14:07:34,5,53,21,62,17.3,1011.1,1016,2.4,3.4,10,546.3,0
2019-08-19 14:12:34,5,53,21.1,61,17.1,1011,1015.9,3.1,4.1,12,546.3,0
2019-08-19 14:17:34,5,52,21.2,62,17.2,1011,1015.9,3.1,4.8,12,546.3,0
2019-08-19 14:22:34,5,52,21.1,63,17,1011.2,1016.1,4.4,5.8,15,546.3,0
2019-08-19 14:27:34,5,52,21.2,64,16.8,1011.3,1016.2,4.1,5.8,10,546.3,0
2019-08-19 14:32:34,5,52,21.2,64,16.3,1011.4,1016.3,3.7,5.1,12,546.3,0
2019-08-19 14:37:34,5,52,21.2,64,16,1011.4,1016.3,2,2.4,14,546.3,0
2019-08-19 14:42:34,5,52,21.2,62,16.1,1011.3,1016.2,5.1,6.8,10,546.3,0
2019-08-19 14:47:34,5,51,21.2,61,15.9,1011.1,1016,3.1,5.8,14,546.3,0
2019-08-19 14:52:34,5,51,21.2,60,16.9,1011.2,1016.1,3.4,4.4,12,546.3,0
2019-08-19 14:57:34,5,50,21.2,60,16.8,1011.2,1016.1,2,2.4,12,546.3,0
2019-08-19 15:02:34,5,50,21.2,61,16.5,1011.5,1016.4,2,2.7,12,546.3,0
2019-08-19 15:07:34,5,50,21.2,61,16.5,1011.5,1016.4,2.4,3.1,10,546.3,0
2019-08-19 15:12:34,5,50,21.2,61,16.5,1011.6,1016.5,3.7,5.4,10,546.3,0
2019-08-19 15:17:34,5,50,21.2,61,16.4,1011.4,1016.3,2.4,3.1,12,546.3,0
2019-08-19 15:22:34,5,50,21.2,62,16.2,1011.6,1016.5,2.7,3.4,10,546.3,0
2019-08-19 15:27:34,5,50,21.2,63,16.3,1011.6,1016.5,2.4,3.1,10,546.3,0
2019-08-19 15:32:34,5,50,21.2,64,16.1,1011.6,1016.5,2.4,3.4,10,546.3,0
2019-08-19 15:37:34,5,50,21.2,64,16,1011.5,1016.4,1.7,2.4,12,546.3,0
2019-08-19 15:42:34,5,50,21.2,63,16,1011.7,1016.6,3.1,4.4,12,546.3,0
2019-08-19 15:47:34,5,49,21.1,64,16,1011.6,1016.5,2.4,3.4,14,546.3,0
2019-08-19 15:52:34,5,49,21.1,65,15.9,1011.7,1016.6,2.7,3.7,14,546.3,0
2019-08-19 15:57:34,5,49,21,66,15.5,1011.9,1016.8,2.4,2.7,12,546.3,0
2019-08-19 16:02:34,5,49,21,69,14.9,1012.2,1017.1,3.7,6.1,14,546.3,0
2019-08-19 16:07:34,5,50,21,71,14.3,1012.2,1017.1,3.7,4.4,14,546.3,0
2019-08-19 16:12:34,5,51,20.9,72,14.5,1012.1,1017,2,2.4,14,546.3,0
2019-08-19 16:17:34,5,51,20.9,73,14.8,1011.9,1016.8,1.4,2,14,546.3,0
2019-08-19 16:22:34,5,52,20.9,73,15.9,1012,1016.9,1,1.7,12,546.3,0
2019-08-19 16:27:34,5,51,21,66,16.6,1012.1,1017,2.7,3.7,12,546.3,0
2019-08-19 16:32:34,5,51,21,63,16.5,1012.1,1017,1.7,2.7,12,546.3,0
2019-08-19 16:37:34,5,51,21.1,64,16.3,1012.3,1017.2,2,3.1,12,546.3,0
2019-08-19 16:42:34,5,51,21.1,64,15.8,1012,1016.9,1.7,2.4,10,546.3,0
2019-08-19 16:47:34,5,51,21.1,67,16.3,1012.1,1017,2,3.1,12,546.3,0
2019-08-19 16:52:34,5,50,21.2,65,15.7,1012.2,1017.1,2.7,3.7,12,546.3,0
2019-08-19 16:57:34,5,50,21.2,65,15.3,1012.1,1017,2,2.7,12,546.3,0
2019-08-19 17:02:34,5,50,21.2,67,15.5,1012.2,1017.1,2.7,3.7,12,546.3,0
2019-08-19 17:07:34,5,50,21.2,68,15.2,1012.3,1017.2,2.4,3.1,14,546.3,0
2019-08-19 17:12:34,5,50,21.2,70,14.9,1012.4,1017.3,3.4,5.1,12,546.3,0
2019-08-19 17:17:34,5,50,21.1,70,15.2,1012.3,1017.2,1.7,2,10,546.3,0
2019-08-19 17:22:34,5,50,21.1,67,15.5,1012.6,1017.5,2,2.4,12,546.3,0
2019-08-19 17:27:34,5,50,21.1,63,15,1012.7,1017.6,2.7,3.7,12,546.3,0
2019-08-19 17:32:34,5,49,21.1,63,14.8,1012.6,1017.5,1.7,2,12,546.3,0
2019-08-19 17:37:34,5,49,21,64,14.8,1012.9,1017.8,2.7,4.1,14,546.3,0
2019-08-19 17:42:34,5,49,21.2,63,14.9,1012.7,1017.6,1.4,1.7,12,546.3,0
2019-08-19 17:47:34,5,49,21.2,63,14.9,1012.9,1017.8,1.7,2,12,546.3,0
2019-08-19 17:52:34,5,48,21.2,64,14.8,1012.9,1017.8,2.4,3.1,12,546.3,0
2019-08-19 17:57:34,5,48,21.2,64,14.6,1013,1017.9,3.4,4.1,8,546.3,0
2019-08-19 18:02:34,5,47,21.1,64,14.6,1012.9,1017.8,2.7,3.7,12,546.3,0
2019-08-19 18:07:34,5,47,21.1,62,14.9,1012.9,1017.8,1.4,2,8,546.3,0
2019-08-19 18:12:34,5,47,21,62,14.9,1013.1,1018,1.7,2.4,12,546.3,0
2019-08-19 18:17:34,5,47,21,64,14.5,1013.2,1018.1,1.4,1.7,0,546.3,0
2019-08-19 18:22:34,5,48,20.9,66,14.1,1013.1,1018,2,2.4,14,546.3,0
2019-08-19 18:27:34,5,48,20.9,69,13.8,1013.2,1018.1,1.4,1.7,14,546.3,0
2019-08-19 18:32:34,5,49,20.8,70,13.7,1013.3,1018.2,1.7,2,10,546.3,0
2019-08-19 18:37:34,5,49,20.7,70,13.7,1013.2,1018.1,2,2.7,12,546.3,0
2019-08-19 18:42:34,5,49,20.7,70,13.8,1013.5,1018.4,1.7,2.7,10,546.3,0
2019-08-19 18:47:34,5,49,20.6,70,13.8,1013.5,1018.4,1,1.4,10,546.3,0
2019-08-19 18:52:34,5,50,20.6,70,13.9,1013.4,1018.3,1.7,2.4,12,546.3,0
2019-08-19 18:57:34,5,50,20.6,70,13.9,1013.6,1018.5,1,1.7,12,546.3,0
2019-08-19 19:02:34,5,50,20.6,70,13.7,1013.6,1018.5,1.7,2.4,12,546.3,0
2019-08-19 19:07:34,5,50,20.6,71,13.6,1013.6,1018.5,1,1.4,10,546.3,0
2019-08-19 19:12:34,5,50,20.6,71,13.6,1013.7,1018.6,1.4,2,12,546.3,0
2019-08-19 19:17:34,5,50,20.6,71,13.6,1013.8,1018.7,1.4,2,12,546.3,0
2019-08-19 19:22:34,5,51,20.5,72,13.6,1014,1018.9,1,1.4,12,546.3,0
2019-08-19 19:27:34,5,51,20.6,72,13.6,1013.9,1018.8,1,1.4,12,546.3,0
2019-08-19 19:32:34,5,51,20.5,72,13.5,1014,1018.9,1,1.4,12,546.3,0
2019-08-19 19:37:34,5,51,20.5,72,13.4,1014,1018.9,1,1.4,12,546.3,0
2019-08-19 19:42:34,5,51,20.6,72,13.4,1014.1,1019,1,1.7,10,546.3,0
2019-08-19 19:47:34,5,51,20.6,72,13.3,1014.2,1019.1,1,1.4,10,546.3,0
2019-08-19 19:52:34,5,51,20.6,72,13.1,1014.2,1019.1,1,1.4,14,546.3,0
2019-08-19 19:57:34,5,51,20.5,72,13,1014.1,1019,1,1.4,10,546.3,0
2019-08-19 20:02:34,5,51,20.5,73,13,1014.4,1019.3,1.4,1.7,12,546.3,0
2019-08-19 20:07:34,5,52,20.6,73,13,1014.4,1019.3,1.4,2,12,546.3,0
2019-08-19 20:12:34,5,52,20.6,72,13,1014.3,1019.2,1,1.4,12,546.3,0
2019-08-19 20:17:34,5,52,20.5,72,13,1014.6,1019.5,1,1.4,10,546.3,0
2019-08-19 20:22:34,5,52,20.5,72,12.9,1014.6,1019.5,1,1.7,12,546.3,0
2019-08-19 20:27:34,5,52,20.5,72,12.8,1014.7,1019.6,1.4,2.4,14,546.3,0
2019-08-19 20:32:34,5,52,20.6,72,12.7,1014.8,1019.7,1,1.4,14,546.3,0
2019-08-19 20:37:34,5,52,20.6,72,12.6,1014.9,1019.8,1,1.7,10,546.3,0
2019-08-19 20:42:34,5,52,20.7,73,12.5,1014.8,1019.7,1,1.4,12,546.3,0
2019-08-19 20:47:34,5,52,20.7,76,12.4,1015,1019.9,0.7,1,12,546.3,0
2019-08-19 20:52:34,5,52,20.8,77,12.2,1015,1019.9,0.7,1.4,0,546.3,0
2019-08-19 20:57:34,5,52,20.8,77,12.1,1014.9,1019.8,0.7,1,12,546.3,0
2019-08-19 21:02:34,5,52,20.8,78,12,1015,1019.9,0.7,1.4,12,546.3,0
2019-08-19 21:07:34,5,52,20.9,78,11.8,1015,1019.9,0.7,1,14,546.3,0
2019-08-19 21:12:34,5,52,20.9,78,11.7,1015,1019.9,0.7,1,12,546.3,0
2019-08-19 21:17:34,5,52,20.9,79,11.6,1015,1019.9,0.3,0.7,12,546.3,0
2019-08-19 21:22:34,5,52,20.9,79,11.5,1015.1,1020,0.3,0.7,12,546.3,0
2019-08-19 21:27:34,5,52,20.9,80,11.4,1015.3,1020.2,0.3,0.7,10,546.3,0
2019-08-19 21:32:34,5,52,20.9,80,11.5,1015.3,1020.2,0.3,0.7,14,546.3,0
2019-08-19 21:37:34,5,51,21,80,11.5,1015.3,1020.2,0.3,0.7,12,546.3,0
2019-08-19 21:42:34,5,51,21,80,11.5,1015.4,1020.3,0.3,0.7,12,546.3,0
2019-08-19 21:47:34,5,51,20.9,80,11.4,1015.4,1020.3,0,0.3,10,546.3,0
2019-08-19 21:52:34,5,51,20.9,80,11.2,1015.5,1020.4,0,0.3,10,546.3,0
2019-08-19 21:57:34,5,51,20.9,80,11,1015.6,1020.5,0.3,0.7,4,546.3,0
2019-08-19 22:02:34,5,51,20.9,80,10.8,1015.6,1020.5,0,0.3,8,546.3,0
2019-08-19 22:07:34,5,51,20.9,80,10.6,1015.7,1020.6,0,0.3,10,546.3,0
2019-08-19 22:12:34,5,52,20.9,80,10.4,1015.7,1020.6,0,0,12,546.3,0
2019-08-19 22:17:34,5,52,20.9,81,10.3,1015.6,1020.5,0,0.3,10,546.3,0
2019-08-19 22:22:34,5,51,21,81,10.2,1015.6,1020.5,0,0,10,546.3,0
2019-08-19 22:27:34,5,51,21,82,10.1,1015.8,1020.7,0.3,0.7,10,546.3,0
2019-08-19 22:32:34,5,51,21,82,10.1,1015.8,1020.7,0.3,0.7,10,546.3,0
2019-08-19 22:37:34,5,51,21,83,10,1015.8,1020.7,0.3,0.7,10,546.3,0
2019-08-19 22:42:34,5,51,21,83,10,1015.8,1020.7,0.3,0.7,10,546.3,0
2019-08-19 22:47:34,5,51,21,84,9.9,1015.8,1020.7,0.3,0.7,10,546.3,0
2019-08-19 22:52:34,5,51,21,84,9.9,1015.8,1020.7,0.3,0.7,10,546.3,0
2019-08-19 22:57:34,5,51,21,84,9.9,1015.8,1020.7,0.3,0.3,10,546.3,0
2019-08-19 23:02:34,5,52,20.9,84,9.8,1015.9,1020.8,0,0,4,546.3,0
2019-08-19 23:07:34,5,52,20.9,84,9.6,1016.1,1021,0.3,0.7,4,546.3,0
2019-08-19 23:12:34,5,52,20.9,84,9.6,1016,1020.9,0.3,0.7,4,546.3,0
2019-08-19 23:17:34,5,52,20.9,84,9.6,1016,1020.9,0,0.7,4,546.3,0
2019-08-19 23:22:34,5,52,20.8,84,9.5,1015.9,1020.8,0.3,0.7,,546.3,0
2019-08-19 23:27:34,5,52,20.8,84,9.5,1015.9,1020.8,0.3,0.3,4,546.3,0
2019-08-19 23:32:34,5,52,20.8,84,9.4,1016,1020.9,0,0.3,4,546.3,0
2019-08-19 23:37:34,5,52,20.7,84,9.3,1016,1020.9,0.3,0.7,4,546.3,0
2019-08-19 23:42:34,5,52,20.7,84,9.2,1016.3,1021.2,0.3,0.7,,546.3,0
2019-08-19 23:47:34,5,52,20.7,85,9.2,1016.3,1021.2,0.3,0.7,4,546.3,0
2019-08-19 23:52:34,5,52,20.7,85,9.2,1016.2,1021.1,0.3,0.7,4,546.3,0
2019-08-19 23:57:34,5,52,20.6,85,9.1,1016.3,1021.2,0.7,1,8,546.3,0
