2019-08-24 00:02:34,5,60,22.1,80,15.3,1013,1017.9,0.7,1,8,566.7,0
2019-08-24 00:07:34,5,60,22.1,80,15.2,1013.1,1018,0.7,1,8,566.7,0
2019-08-24 00:12:34,5,60,22.1,81,15.1,1013,1017.9,1,1.4,10,566.7,0
2019-08-24 00:17:34,5,60,22.1,81,15.1,1013,1017.9,0.7,1,14,566.7,0
2019-08-24 00:22:34,5,60,22.1,81,15,1012.9,1017.8,1,1.4,4,566.7,0
2019-08-24 00:27:34,5,60,22.1,81,15,1013,1017.9,0.7,1.4,10,566.7,0
2019-08-24 00:32:34,5,60,22.1,81,15,1012.9,1017.8,1,1.4,10,566.7,0
2019-08-24 00:37:34,5,60,22.1,81,15,1012.9,1017.8,0.7,1.4,14,566.7,0
2019-08-24 00:42:34,5,60,22.1,81,15,1012.9,1017.8,1,2,4,566.7,0
2019-08-24 00:47:34,5,60,22.1,81,15,1012.9,1017.8,0.7,1,8,566.7,0
2019-08-24 00:52:34,5,60,22.1,81,15,1012.8,1017.7,1,1.4,10,566.7,0
2019-08-24 00:57:34,5,60,22.1,81,15,1012.8,1017.7,2,3.1,,566.7,0
2019-08-24 01:02:34,5,60,22.1,80,15,1012.7,1017.6,1.4,1.7,4,566.7,0
2019-08-24 01:07:34,5,60,22.1,80,15,1012.7,1017.6,1,1.4,8,566.7,0
2019-08-24 01:12:34,5,60,22.1,80,15,1012.7,1017.6,1.7,3.4,10,566.7,0
2019-08-24 01:17:35,5,60,22,80,15,1012.8,1017.7,0.7,1,4,566.7,0
2019-08-24 01:22:34,5,60,22,80,14.9,1012.7,1017.6,1,1.7,,566.7,0
2019-08-24 01:27:34,5,60,22,80,14.9,1012.5,1017.4,1.4,2,0,566.7,0
2019-08-24 01:32:33,5,60,22,79,15,1012.7,1017.6,1.4,2,,566.7,0
2019-08-24 01:37:33,5,60,22,78,15,1012.6,1017.5,1.4,2.4,4,566.7,0
2019-08-24 01:42:33,5,60,22,77,15.1,1012.6,1017.5,1,1.7,8,566.7,0
2019-08-24 01:47:33,5,60,22,76,15,1012.6,1017.5,1,1.7,2,566.7,0
2019-08-24 01:52:33,5,60,22,76,15,1012.5,1017.4,1.7,2.4,4,566.7,0
2019-08-24 01:57:33,5,60,22,76,15,1012.6,1017.5,0.7,1,14,566.7,0
2019-08-24 02:02:33,5,60,22,76,15,1012.4,1017.3,2.7,4.1,15,566.7,0
2019-08-24 02:07:33,5,60,22,76,15.1,1012.4,1017.3,1,1.4,12,566.7,0
2019-08-24 02:12:33,5,60,22,76,15.1,1012.6,1017.5,1,1.4,0,566.7,0
2019-08-24 02:17:33,5,60,22,76,15.1,1012.4,1017.3,1,1.4,12,566.7,0
2019-08-24 02:22:33,5,60,22,76,15,1012.5,1017.4,0.7,1,4,566.7,0
2019-08-24 02:27:33,5,60,22,76,15,1012.6,1017.5,1,1.4,8,566.7,0
2019-08-24 02:32:33,5,60,22,76,15,1012.6,1017.5,1,1.7,,566.7,0
2019-08-24 02:37:33,5,61,21.9,77,14.9,1012.3,1017.2,0.3,0.7,10,566.7,0
2019-08-24 02:42:33,5,61,21.9,77,14.8,1012.6,1017.5,0.3,0.7,12,566.7,0
2019-08-24 02:47:33,5,60,21.9,78,14.8,1012.3,1017.2,1,1.7,1,566.7,0
2019-08-24 02:52:33,5,60,21.9,79,14.8,1012.3,1017.2,2,2.7,4,566.7,0
2019-08-24 02:57:33,5,60,21.9,79,14.8,1012.2,1017.1,1.7,2.4,4,566.7,0
2019-08-24 03:02:33,5,60,21.9,79,14.8,1012.4,1017.3,2.4,3.1,4,566.7,0
2019-08-24 03:07:33,5,60,21.9,79,14.8,1012.3,1017.2,1.7,2.4,2,566.7,0
2019-08-24 03:12:33,5,60,21.9,79,14.8,1012.4,1017.3,2,3.1,4,566.7,0
2019-08-24 03:17:33,5,60,21.9,79,14.8,1012.3,1017.2,2,2.7,4,566.7,0
2019-08-24 03:22:33,5,60,21.9,80,14.7,1012.3,1017.2,0.7,1.4,2,566.7,0
2019-08-24 03:27:33,5,60,21.9,80,14.7,1012.4,1017.3,0.7,1,10,566.7,0
2019-08-24 03:32:33,5,60,21.9,80,14.6,1012.2,1017.1,2,2.7,2,566.7,0
2019-08-24 03:37:33,5,60,21.9,80,14.6,1012.1,1017,2.4,3.1,4,566.7,0
2019-08-24 03:42:33,5,60,21.8,80,14.6,1012.1,1017,2.4,3.4,4,566.7,0
2019-08-24 03:47:33,5,60,21.8,80,14.6,1012.1,1017,2,3.1,4,566.7,0
2019-08-24 03:52:33,5,60,21.8,80,14.5,1011.9,1016.8,2.4,3.1,4,566.7,0
2019-08-24 03:57:33,5,60,21.8,80,14.5,1012,1016.9,2,2.7,4,566.7,0
2019-08-24 04:02:33,5,60,21.8,81,14.5,1011.8,1016.7,2.4,3.1,4,566.7,0
2019-08-24 04:07:33,5,60,21.8,81,14.4,1011.9,1016.8,1.7,2,4,566.7,0
2019-08-24 04:12:33,5,60,21.8,81,14.4,1012,1016.9,1,1.7,2,566.7,0
2019-08-24 04:17:33,5,60,21.8,81,14.4,1012.1,1017,0,0.3,12,566.7,0
2019-08-24 04:22:33,5,60,21.8,81,14.3,1011.9,1016.8,0.7,1,4,566.7,0
2019-08-24 04:27:33,5,60,21.8,81,14.3,1011.7,1016.6,1.7,2,,566.7,0
2019-08-24 04:32:33,5,60,21.8,82,14.3,1011.7,1016.6,1.4,2,2,566.7,0
2019-08-24 04:37:33,5,60,21.8,82,14.3,1011.6,1016.5,2,3.1,4,566.7,0
2019-08-24 04:42:33,5,60,21.8,83,14.4,1011.3,1016.2,3.1,3.7,,566.7,0
2019-08-24 04:47:33,5,60,21.8,83,14.3,1011.3,1016.2,3.4,4.4,,566.7,0
2019-08-24 04:52:33,5,60,21.8,84,14.3,1011.3,1016.2,3.4,4.8,,566.7,0
2019-08-24 04:57:33,5,60,21.7,84,14.3,1011.4,1016.3,4.1,5.1,4,566.7,0
2019-08-24 05:02:33,5,60,21.8,85,14.3,1011.5,1016.4,3.4,4.4,,566.7,0
2019-08-24 05:07:33,5,60,21.7,85,14.3,1011.5,1016.4,2.7,3.7,2,566.7,0
2019-08-24 05:12:33,5,60,21.7,85,14.3,1011.5,1016.4,3.1,4.1,4,566.7,0
2019-08-24 05:17:33,5,60,21.7,85,14.4,1011,1015.9,3.4,4.4,,566.7,0
2019-08-24 05:22:33,5,60,21.8,85,14.4,1010.9,1015.8,3.7,5.1,4,566.7,0
2019-08-24 05:27:33,5,60,21.8,85,14.6,1010.9,1015.8,4.1,5.4,4,566.7,0
2019-08-24 05:32:33,5,60,21.8,85,14.6,1010.9,1015.8,4.1,6.1,4,566.7,0
2019-08-24 05:37:33,5,60,21.7,85,14.6,1011.1,1016,4.1,5.1,,566.7,0
2019-08-24 05:42:33,5,60,21.6,85,14.6,1011.2,1016.1,5.1,6.1,12,566.7,0
2019-08-24 05:47:33,5,60,21.6,85,14.6,1011.2,1016.1,4.8,6.1,0,566.7,0
2019-08-24 05:52:33,5,60,21.6,85,14.5,1010.9,1015.8,4.1,5.1,4,566.7,0
2019-08-24 05:57:33,5,60,21.6,86,14.5,1010.9,1015.8,4.1,5.1,4,566.7,0
2019-08-24 06:02:33,5,60,21.6,86,14.4,1010.9,1015.8,3.4,4.8,,566.7,0
2019-08-24 06:07:33,5,60,21.6,86,14.4,1011.1,1016,3.1,4.1,4,566.7,0
2019-08-24 06:12:33,5,60,21.6,87,14.5,1011.2,1016.1,2.4,3.1,13,566.7,0
2019-08-24 06:17:33,5,60,21.6,87,14.5,1011.2,1016.1,1.7,2.4,4,566.7,0
2019-08-24 06:22:33,5,60,21.6,87,14.6,1011.3,1016.2,0.7,1.4,,566.7,0
2019-08-24 06:27:33,5,61,21.6,87,14.7,1011.4,1016.3,1,1.4,2,566.7,0
2019-08-24 06:32:33,5,61,21.6,87,14.8,1011.4,1016.3,0.3,0.7,14,566.7,0
2019-08-24 06:37:33,5,61,21.6,87,14.9,1011.4,1016.3,0.3,1,0,566.7,0
2019-08-24 06:42:33,5,61,21.6,87,15,1011.4,1016.3,0.3,1,2,566.7,0
2019-08-24 06:47:33,5,61,21.6,87,15.1,1011.4,1016.3,1.7,2.7,4,566.7,0
2019-08-24 06:52:33,5,61,21.6,86,15.1,1011.3,1016.2,0.3,0.7,0,566.7,0
2019-08-24 06:57:33,5,61,21.6,86,15.2,1011.3,1016.2,0.3,1,14,566.7,0
2019-08-24 07:02:33,5,61,21.6,86,15.2,1011.2,1016.1,0.3,0.7,10,566.7,0
2019-08-24 07:07:33,5,61,21.6,86,15.3,1011.3,1016.2,1.4,2.4,0,566.7,0
2019-08-24 07:12:33,5,61,21.6,85,15.3,1011.3,1016.2,1.7,2,12,566.7,0
2019-08-24 07:17:33,5,61,21.6,85,15.4,1011.5,1016.4,1,1.4,4,566.7,0
2019-08-24 07:22:33,5,61,21.6,85,15.5,1011.3,1016.2,1.7,2.4,2,566.7,0
2019-08-24 07:27:33,5,61,21.6,85,15.7,1011.3,1016.2,1.4,1.7,13,566.7,0
2019-08-24 07:32:33,5,61,21.6,85,15.9,1011.4,1016.3,0.7,1,8,566.7,0
2019-08-24 07:37:33,5,61,21.6,85,16.1,1011.6,1016.5,0.7,1.4,10,566.7,0
2019-08-24 07:42:33,5,61,21.6,85,16.4,1011.7,1016.6,0.3,0.3,14,566.7,0
2019-08-24 07:47:33,5,61,21.6,85,16.8,1011.6,1016.5,0,0.3,0,566.7,0
2019-08-24 07:52:33,5,61,21.7,84,17.1,1011.7,1016.6,0,0.3,0,566.7,0
2019-08-24 07:57:33,5,61,21.7,83,17.2,1011.5,1016.4,1.4,1.7,4,566.7,0
2019-08-24 08:02:33,5,61,21.8,81,17.4,1011.5,1016.4,0.3,1,4,566.7,0
2019-08-24 08:07:33,5,61,21.8,78,18.2,1011.6,1016.5,0.3,0.7,4,566.7,0
2019-08-24 08:12:33,5,61,21.8,74,18.2,1011.4,1016.3,1.7,2,,566.7,0
2019-08-24 08:17:33,5,61,21.8,73,17.9,1011.4,1016.3,1.7,2,4,566.7,0
2019-08-24 08:22:33,5,61,21.8,73,17.8,1011.6,1016.5,0.7,1.4,4,566.7,0
2019-08-24 08:27:33,5,61,21.8,74,17.8,1011.5,1016.4,1,1.7,4,566.7,0
2019-08-24 08:32:33,5,61,21.8,74,17.7,1011.5,1016.4,0.3,0.7,4,566.7,0
2019-08-24 08:37:33,5,61,21.8,74,17.6,1011.6,1016.5,1.4,1.7,4,566.7,0
2019-08-24 08:42:33,5,61,21.9,75,17.5,1011.5,1016.4,1,1.4,4,566.7,0
2019-08-24 08:47:33,5,61,21.8,76,17.5,1011.6,1016.5,0.7,1.4,2,566.7,0
2019-08-24 08:52:33,5,61,21.9,76,17.5,1011.6,1016.5,0.3,0.7,2,566.7,0
2019-08-24 08:57:33,5,61,21.9,76,17.5,1011.5,1016.4,0.7,1,2,566.7,0
2019-08-24 09:02:33,5,61,21.9,76,17.6,1011.7,1016.6,1.7,2,4,566.7,0
2019-08-24 09:07:33,5,61,21.9,77,17.6,1011.6,1016.5,1.7,2,4,566.7,0
2019-08-24 09:12:33,5,61,21.9,78,17.7,1011.7,1016.6,1.7,2,4,566.7,0
2019-08-24 09:17:33,5,60,22,78,17.8,1011.6,1016.5,1.7,2.4,4,566.7,0
2019-08-24 09:22:33,5,60,22,77,17.8,1011.4,1016.3,1.7,2,4,566.7,0
2019-08-24 09:27:33,5,60,22,78,17.9,1011.6,1016.5,1.7,2,,566.7,0
2019-08-24 09:32:33,5,60,22,77,18,1011.7,1016.6,1.4,1.7,2,566.7,0
2019-08-24 09:37:33,5,61,22,77,18.1,1011.7,1016.6,1.7,2.4,,566.7,0
2019-08-24 09:42:33,5,61,22,77,18.4,1011.7,1016.6,1.7,2.4,4,566.7,0
2019-08-24 09:47:33,5,61,22,76,18.5,1011.6,1016.5,2,2.7,4,566.7,0
2019-08-24 09:52:33,5,62,22,76,18.6,1011.6,1016.5,1,1.4,4,566.7,0
2019-08-24 09:57:33,5,62,22,75,18.7,1011.6,1016.5,1,1.7,14,566.7,0
2019-08-24 10:02:33,5,62,22,75,18.7,1011.5,1016.4,2.7,3.7,4,566.7,0
2019-08-24 10:07:33,5,62,22,75,18.5,1011.4,1016.3,3.7,4.4,4,566.7,0
2019-08-24 10:12:33,5,62,22,75,18.4,1011.1,1016,3.4,4.1,4,566.7,0
2019-08-24 10:17:33,5,62,22.1,75,18.3,1011.2,1016.1,2.4,3.1,4,566.7,0
2019-08-24 10:22:33,5,62,22.1,74,18.3,1011.2,1016.1,2,2.7,4,566.7,0
2019-08-24 10:27:33,5,62,22.1,74,18.3,1011,1015.9,2,2.7,4,566.7,0
2019-08-24 10:32:33,5,62,22.1,74,18.5,1011.1,1016,2,2.7,4,566.7,0
2019-08-24 10:37:33,5,62,22.1,74,18.6,1011,1015.9,1.4,2,4,566.7,0
2019-08-24 10:42:33,5,62,22.1,73,18.8,1011,1015.9,2,2.7,0,566.7,0
2019-08-24 10:47:33,5,62,22.1,73,18.8,1010.9,1015.8,2.7,3.1,2,566.7,0
2019-08-24 10:52:33,5,62,22.1,73,18.8,1010.9,1015.8,2.7,3.4,2,566.7,0
2019-08-24 10:57:33,5,62,22.1,73,18.9,1011.1,1016,1.7,2.4,4,566.7,0
2019-08-24 11:02:33,5,62,22.1,74,18.9,1010.9,1015.8,2,3.1,2,566.7,0
2019-08-24 11:07:33,5,62,22.1,74,18.9,1010.9,1015.8,2.7,3.7,2,566.7,0
2019-08-24 11:12:33,5,62,22.1,75,19.1,1010.7,1015.6,2.7,4.1,,566.7,0
2019-08-24 11:17:33,5,63,22.1,74,19.1,1010.6,1015.5,4.4,5.4,4,566.7,0
2019-08-24 11:22:33,5,63,22.1,74,19,1010.6,1015.5,5.1,5.8,,566.7,0
2019-08-24 11:27:33,5,63,22.1,74,19,1010.5,1015.4,5.1,6.1,4,566.7,0
2019-08-24 11:32:33,5,63,22.1,75,19,1010.4,1015.3,4.8,5.4,4,566.7,0
2019-08-24 11:37:33,5,63,22.1,75,19,1010.5,1015.4,3.7,4.1,4,566.7,0
2019-08-24 11:42:33,5,63,22.1,75,19.1,1010.4,1015.3,3.4,4.8,2,566.7,0
2019-08-24 11:47:33,5,63,22.2,75,19.2,1010.4,1015.3,3.1,4.1,4,566.7,0
2019-08-24 11:52:33,5,63,22.2,75,19.2,1010.5,1015.4,2.7,3.1,,566.7,0
2019-08-24 11:57:33,5,63,22.2,75,19.3,1010.9,1015.8,2,2.7,,566.7,0
2019-08-24 12:02:33,5,63,22.2,75,19.5,1011,1015.9,0.3,0.7,12,566.7,0
2019-08-24 12:07:33,5,63,22.3,75,20,1011.1,1016,0.7,1,10,566.7,0
2019-08-24 12:12:33,5,63,22.3,74,20.4,1011.1,1016,0.3,0.7,4,566.7,0
2019-08-24 12:17:33,5,63,22.3,73,20.7,1011.1,1016,1,1.4,10,566.7,0
2019-08-24 12:22:33,5,62,22.4,72,21.1,1011.2,1016.1,0.7,1,4,566.7,0
2019-08-24 12:27:33,5,62,22.4,71,21.3,1011,1015.9,0.7,1,4,566.7,0
2019-08-24 12:32:33,5,62,22.5,70,21.6,1011.1,1016,0.7,1.4,4,566.7,0
2019-08-24 12:37:33,5,62,22.5,69,21.4,1011.1,1016,0.3,0.7,2,566.7,0
2019-08-24 12:42:33,5,62,22.5,69,21.2,1010.9,1015.8,0.3,1,2,566.7,0
2019-08-24 12:47:33,5,63,22.5,70,21,1010.9,1015.8,1,1.7,2,566.7,0
2019-08-24 12:52:33,5,63,22.5,70,21.3,1011,1015.9,0,0,2,566.7,0
2019-08-24 12:57:33,5,63,22.6,69,22.1,1010.9,1015.8,0.7,1,4,566.7,0
2019-08-24 13:02:33,5,63,22.6,67,22.3,1010.9,1015.8,0.7,0.7,4,566.7,0
2019-08-24 13:07:33,5,63,22.6,63,22.6,1010.8,1015.7,0.3,0.7,4,566.7,0
2019-08-24 13:12:33,5,63,22.7,63,22.6,1010.8,1015.7,0.7,1,2,566.7,0
2019-08-24 13:17:33,5,63,22.7,63,22.6,1010.8,1015.7,0.3,0.7,10,566.7,0
2019-08-24 13:22:33,5,63,22.7,63,22.9,1010.8,1015.7,0.7,1,12,566.7,0
2019-08-24 13:27:33,5,63,22.7,64,23.1,1010.8,1015.7,0.3,0.7,14,566.7,0
2019-08-24 13:32:33,5,63,22.8,63,23.4,1010.8,1015.7,0.7,1,10,566.7,0
2019-08-24 13:37:33,5,63,22.8,62,23,1011,1015.9,0.3,0.7,10,566.7,0
2019-08-24 13:42:33,5,63,22.9,62,22.6,1010.8,1015.7,0.3,0.7,12,566.7,0
2019-08-24 13:47:33,5,63,22.9,63,23.1,1010.8,1015.7,0.3,0.7,12,566.7,0
2019-08-24 13:52:33,5,63,23,63,23.8,1010.5,1015.4,0.7,1,10,566.7,0
2019-08-24 13:57:33,5,63,23,61,23.8,1010.7,1015.6,0.7,1,10,566.7,0
2019-08-24 14:02:33,5,63,23,62,23.5,1010.7,1015.6,0.7,1,14,566.7,0
2019-08-24 14:07:33,5,63,23.1,62,23.1,1010.7,1015.6,1.7,2.4,12,566.7,0
2019-08-24 14:12:33,5,63,23.1,65,22.5,1010.5,1015.4,1.4,1.7,12,566.7,0
2019-08-24 14:17:33,5,63,23.1,66,22.5,1010.8,1015.7,1,1.4,12,566.7,0
2019-08-24 14:22:33,5,63,23,69,22.3,1010.5,1015.4,0.3,0.7,12,566.7,0
2019-08-24 14:27:33,5,63,23.1,69,22.2,1010.5,1015.4,1.4,1.7,12,566.7,0
2019-08-24 14:32:33,5,64,23.1,70,21.8,1010.7,1015.6,1.4,2,12,566.7,0
2019-08-24 14:37:33,5,64,23.2,70,21.8,1010.6,1015.5,1.4,1.7,14,566.7,0
2019-08-24 14:42:33,5,64,23.2,70,21.9,1010.7,1015.6,0.7,1,12,566.7,0
2019-08-24 14:47:33,5,64,23.2,70,21.8,1010.5,1015.4,1.7,2,12,566.7,0
2019-08-24 14:52:33,5,64,23.2,70,21.7,1010.7,1015.6,2.4,2.7,14,566.7,0
2019-08-24 14:57:33,5,64,23.3,71,21.5,1010.6,1015.5,1.7,2,12,566.7,0
2019-08-24 15:02:33,5,64,23.2,71,21.2,1010.5,1015.4,1.7,2.4,12,566.7,0
2019-08-24 15:07:33,5,64,23.3,72,21.2,1010.7,1015.6,1.4,2,14,566.7,0
2019-08-24 15:12:33,5,64,23.3,72,21,1010.6,1015.5,3.1,3.4,12,566.7,0
2019-08-24 15:17:33,5,65,23.3,73,20.9,1010.4,1015.3,1,1.7,12,566.7,0
2019-08-24 15:22:33,5,65,23.3,72,20.9,1010.5,1015.4,3.1,3.7,14,566.7,0
2019-08-24 15:27:33,5,65,23.3,73,21,1010.4,1015.3,1.4,2,14,566.7,0
2019-08-24 15:32:33,5,65,23.3,73,21.4,1010.3,1015.2,1,1.4,15,566.7,0
2019-08-24 15:37:33,5,65,23.3,72,21.7,1010.5,1015.4,1,1.7,14,566.7,0
2019-08-24 15:42:33,5,65,23.4,71,21.8,1010.5,1015.4,2,2.7,14,566.7,0
2019-08-24 15:47:33,5,65,23.4,71,21.7,1010.5,1015.4,3.4,3.7,14,566.7,0
2019-08-24 15:52:33,5,65,23.4,71,21.7,1010.7,1015.6,1,1.4,8,566.7,0
2019-08-24 15:57:33,5,65,23.4,71,21.8,1010.7,1015.6,1.7,2.4,14,566.7,0
2019-08-24 16:02:33,5,65,23.5,71,21.6,1010.7,1015.6,1.4,2,14,566.7,0
2019-08-24 16:07:33,5,65,23.5,71,21.3,1010.7,1015.6,1.4,2,12,566.7,0
2019-08-24 16:12:33,5,65,23.5,71,21.3,1010.6,1015.5,1.7,2,12,566.7,0
2019-08-24 16:17:33,5,65,23.5,72,21.3,1010.7,1015.6,2,2.4,14,566.7,0
2019-08-24 16:22:33,5,65,23.5,72,21.1,1010.8,1015.7,2,3.7,10,566.7,0
2019-08-24 16:27:33,5,65,23.5,72,20.9,1010.6,1015.5,1.4,1.7,12,566.7,0
2019-08-24 16:32:33,5,65,23.5,72,20.6,1010.8,1015.7,2,2.7,12,566.7,0
2019-08-24 16:37:33,5,65,23.5,73,20.6,1010.7,1015.6,1.4,1.7,14,566.7,0
2019-08-24 16:42:33,5,65,23.5,74,20.8,1010.7,1015.6,0.7,1,10,566.7,0
2019-08-24 16:47:33,5,65,23.5,74,21,1010.7,1015.6,1.4,2,12,566.7,0
2019-08-24 16:52:33,5,65,23.5,75,20.9,1010.7,1015.6,1,1.4,12,566.7,0
2019-08-24 16:57:33,5,65,23.5,76,20.8,1010.6,1015.5,1,1,12,566.7,0
2019-08-24 17:02:33,5,66,23.5,75,20.4,1010.8,1015.7,2.4,2.7,10,566.7,0
2019-08-24 17:07:33,5,66,23.5,75,20.3,1010.8,1015.7,0.3,1,12,566.7,0
2019-08-24 17:12:33,5,66,23.5,76,20.1,1010.7,1015.6,1.7,2.4,12,566.7,0
2019-08-24 17:17:33,5,65,23.5,77,19.9,1010.8,1015.7,1.4,2,10,566.7,0
2019-08-24 17:22:33,5,65,23.4,77,19.8,1010.9,1015.8,0.7,1.4,12,566.7,0
2019-08-24 17:27:33,5,65,23.4,77,19.7,1010.9,1015.8,1.4,1.7,12,566.7,0
2019-08-24 17:32:33,5,65,23.3,78,19.6,1011,1015.9,0.7,1,10,566.7,0
2019-08-24 17:37:33,5,66,23.3,77,19.3,1010.9,1015.8,0.7,1,12,566.7,0
2019-08-24 17:42:33,5,66,23.3,77,19.2,1011,1015.9,1,1.4,12,566.7,0
2019-08-24 17:47:33,5,66,23.3,78,19.2,1011,1015.9,1,1.7,12,566.7,0
2019-08-24 17:52:33,5,66,23.3,79,19.1,1010.8,1015.7,1,1.4,12,566.7,0
2019-08-24 17:57:33,5,66,23.3,78,19.1,1010.9,1015.8,1.4,1.7,12,566.7,0
2019-08-24 18:02:33,5,66,23.3,79,19.1,1010.9,1015.8,1,1.4,15,566.7,0
2019-08-24 18:07:33,5,66,23.3,78,19,1011,1015.9,1.4,2,12,566.7,0
2019-08-24 18:12:33,5,65,23.3,77,18.8,1011.1,1016,1.7,2,12,566.7,0
2019-08-24 18:17:33,5,65,23.3,75,18.5,1011.3,1016.2,1.7,2.4,12,566.7,0
2019-08-24 18:22:33,5,65,23.3,75,18.3,1011.2,1016.1,1,1.4,14,566.7,0
2019-08-24 18:27:33,5,65,23.3,76,18.2,1011.2,1016.1,0.7,1,12,566.7,0
2019-08-24 18:32:33,5,65,23.4,77,18.1,1011.2,1016.1,1.4,1.7,12,566.7,0
2019-08-24 18:37:33,5,65,23.4,77,18,1011.5,1016.4,1,1.4,12,566.7,0
2019-08-24 18:42:33,5,65,23.4,78,17.9,1011.3,1016.2,0.7,1,12,566.7,0
2019-08-24 18:47:33,5,64,23.4,78,17.9,1011.5,1016.4,0.7,1,12,566.7,0
2019-08-24 18:52:33,5,64,23.4,79,17.8,1011.5,1016.4,1.4,2,12,566.7,0
2019-08-24 18:57:33,5,64,23.4,79,17.7,1011.5,1016.4,1.4,1.7,14,566.7,0
2019-08-24 19:02:33,5,64,23.3,79,17.7,1011.5,1016.4,1.4,1.7,14,566.7,0
2019-08-24 19:07:33,5,64,23.3,79,17.5,1011.6,1016.5,1,1.7,12,566.7,0
2019-08-24 19:12:33,5,64,23.3,82,17.3,1011.6,1016.5,0.7,1.4,12,566.7,0
2019-08-24 19:17:33,5,63,23.2,82,17.2,1011.7,1016.6,0.7,1,12,566.7,0
2019-08-24 19:22:33,5,63,23.2,82,17.1,1011.6,1016.5,1,1.4,12,566.7,0
2019-08-24 19:27:33,5,63,23.2,82,17.1,1011.7,1016.6,0.3,0.7,8,566.7,0
2019-08-24 19:32:33,5,63,23.1,82,17,1011.9,1016.8,1,1.4,10,566.7,0
2019-08-24 19:37:33,5,63,23.1,82,16.9,1011.8,1016.7,1.7,2.4,12,566.7,0
2019-08-24 19:42:33,5,63,23.1,83,16.9,1011.8,1016.7,0.7,1,12,566.7,0
2019-08-24 19:47:33,5,63,23.1,83,16.8,1012,1016.9,1,1.7,12,566.7,0
2019-08-24 19:52:33,5,63,23.1,83,16.8,1012,1016.9,1,1,12,566.7,0
2019-08-24 19:57:33,5,63,23.1,83,16.7,1012.1,1017,0.7,1,12,566.7,0
2019-08-24 20:02:33,5,63,23.1,83,16.7,1012.2,1017.1,1,1.4,12,566.7,0
2019-08-24 20:07:33,5,63,23,84,16.6,1012.2,1017.1,1,1.4,12,566.7,0
2019-08-24 20:12:33,5,63,23,84,16.6,1012.3,1017.2,0.7,1,12,566.7,0
2019-08-24 20:17:33,5,63,23.1,84,16.5,1012.3,1017.2,0.7,1,10,566.7,0
2019-08-24 20:22:33,5,64,23,84,16.5,1012.4,1017.3,0.7,1,12,566.7,0
2019-08-24 20:27:33,5,64,23,84,16.4,1012.2,1017.1,0.3,0.7,12,566.7,0
2019-08-24 20:32:33,5,64,23,84,16.4,1012.2,1017.1,0.7,1,14,566.7,0
2019-08-24 20:37:33,5,64,23.1,84,16.3,1012.3,1017.2,0.3,0.7,12,566.7,0
2019-08-24 20:42:33,5,64,23.1,84,16.3,1012.4,1017.3,0.3,0.7,12,566.7,0
2019-08-24 20:47:33,5,64,23.1,84,16.3,1012.4,1017.3,0.7,1,12,566.7,0
2019-08-24 20:52:33,5,64,23.1,84,16.2,1012.4,1017.3,0.3,0.7,12,566.7,0
2019-08-24 20:57:33,5,64,23.1,84,16.2,1012.4,1017.3,0.3,0.7,12,566.7,0
2019-08-24 21:02:33,5,64,23.1,84,16.2,1012.4,1017.3,0,0,12,566.7,0
2019-08-24 21:07:33,5,64,23.1,84,16.2,1012.5,1017.4,0.3,0.7,12,566.7,0
2019-08-24 21:12:33,5,64,23.1,84,16.1,1012.5,1017.4,0.3,0.3,12,566.7,0
2019-08-24 21:17:33,5,64,23.1,84,16.1,1012.4,1017.3,0.3,0.7,12,566.7,0
2019-08-24 21:22:33,5,64,23.1,84,16,1012.5,1017.4,0,0,14,566.7,0
2019-08-24 21:27:33,5,64,23.2,85,16,1012.5,1017.4,0,0.3,10,566.7,0
2019-08-24 21:32:33,5,64,23.1,85,16,1012.5,1017.4,0,0.3,10,566.7,0
2019-08-24 21:37:33,5,64,23.1,85,16,1012.5,1017.4,0,0.3,12,566.7,0
2019-08-24 21:42:33,5,64,23.2,85,16,1012.4,1017.3,0,0.3,10,566.7,0
2019-08-24 21:47:33,5,64,23.2,85,16,1012.3,1017.2,0.3,0.3,12,566.7,0
2019-08-24 21:52:33,5,64,23.2,85,15.9,1012.6,1017.5,0.3,0.7,12,566.7,0
2019-08-24 21:57:33,5,63,23.2,86,15.9,1012.5,1017.4,0,0.3,10,566.7,0
2019-08-24 22:02:33,5,63,23.2,86,15.8,1012.6,1017.5,0.3,0.7,14,566.7,0
2019-08-24 22:07:33,5,63,23.1,86,15.8,1012.5,1017.4,0.3,0.7,14,566.7,0
2019-08-24 22:12:33,5,63,23.2,86,15.9,1012.5,1017.4,0.3,0.7,10,566.7,0
2019-08-24 22:17:33,5,63,23,87,15.9,1012.6,1017.5,0.3,0.7,14,566.7,0
2019-08-24 22:22:33,5,63,23.2,87,15.9,1012.7,1017.6,0.3,0.7,10,566.7,0
2019-08-24 22:27:33,5,63,23.1,88,15.9,1012.6,1017.5,0.7,0.7,12,566.7,0
2019-08-24 22:32:33,5,63,23.1,88,15.9,1012.6,1017.5,0.3,0.7,14,566.7,0
2019-08-24 22:37:33,5,63,23.1,88,15.9,1012.7,1017.6,0.3,0.7,14,566.7,0
2019-08-24 22:42:33,5,63,23.1,88,15.9,1012.7,1017.6,0.3,1,14,566.7,0
2019-08-24 22:47:33,5,63,23,89,15.9,1012.7,1017.6,0.3,0.7,10,566.7,0
2019-08-24 22:52:33,5,63,23,89,15.9,1012.6,1017.5,0.7,1,14,566.7,0
2019-08-24 22:57:33,5,63,23,89,15.9,1012.8,1017.7,0.3,0.7,14,566.7,0
2019-08-24 23:02:33,5,63,23,89,15.9,1012.8,1017.7,0.3,0.7,10,566.7,0
2019-08-24 23:07:33,5,63,22.9,89,15.8,1012.8,1017.7,0.7,1,14,566.7,0
2019-08-24 23:12:33,5,63,22.9,89,15.8,1012.8,1017.7,0.7,1,10,566.7,0
2019-08-24 23:17:33,5,63,22.9,89,15.8,1012.9,1017.8,0.7,1,14,566.7,0
2019-08-24 23:22:33,5,63,22.9,89,15.8,1013,1017.9,0.3,0.7,14,566.7,0
2019-08-24 23:27:33,5,63,22.9,90,15.8,1012.9,1017.8,0.3,0.7,14,566.7,0
2019-08-24 23:32:33,5,63,22.9,90,15.8,1012.9,1017.8,0.7,1,14,566.7,0
2019-08-24 23:37:33,5,63,22.8,90,15.7,1012.9,1017.8,0.3,0.7,12,566.7,0
2019-08-24 23:42:33,5,63,22.8,90,15.7,1013,1017.9,0.3,0.7,14,566.7,0
2019-08-24 23:47:33,5,63,22.8,90,15.7,1012.9,1017.8,0.7,0.7,14,566.7,0
2019-08-24 23:52:33,5,63,22.8,90,15.7,1013,1017.9,0.3,0.7,14,566.7,0
2019-08-24 23:57:33,5,63,22.7,90,15.7,1012.9,1017.8,0.3,0.7,14,566.7,0
