2019-08-09 00:02:38,5,56,23,99,14.1,991.6,996.5,4.4,5.8,2,501.9,0
2019-08-09 00:07:37,5,56,23,99,14.1,991.4,996.3,4.8,7.8,4,501.9,0
2019-08-09 00:12:37,5,56,23,99,14.2,991,995.9,4.1,6.1,0,501.9,0
2019-08-09 00:17:37,5,56,23.1,99,14.2,991.1,996,3.1,3.7,0,502.2,0
2019-08-09 00:22:37,5,56,23,99,14.3,991.1,996,4.4,6.1,2,502.5,0
2019-08-09 00:27:37,5,56,23,99,14.3,990.9,995.8,3.4,4.4,15,502.8,0
2019-08-09 00:32:37,5,56,23,99,14.3,990.6,995.5,4.4,5.1,4,503.1,0
2019-08-09 00:37:37,5,56,23,99,14.4,990.4,995.3,3.4,4.4,2,504,0
2019-08-09 00:42:37,5,56,23,99,14.4,990.3,995.2,3.4,4.1,4,504.6,0
2019-08-09 00:47:37,5,56,23,99,14.5,990.1,995,3.7,5.1,2,504.9,0
2019-08-09 00:52:37,5,56,23,99,14.6,990.1,995,0.7,2.4,2,504.9,0
2019-08-09 00:57:37,5,56,23,99,14.6,989.7,994.6,2.4,3.4,2,505.2,0
2019-08-09 01:02:37,5,56,23,99,14.7,989.7,994.6,3.7,4.4,0,505.2,0
2019-08-09 01:07:37,5,56,23,99,14.8,989.7,994.6,3.4,4.4,0,505.2,0
2019-08-09 01:12:37,5,56,23,99,14.9,989.3,994.2,4.4,6.1,2,505.2,0
2019-08-09 01:17:37,5,56,23,99,15,989.3,994.2,4.1,6.5,2,505.2,0
2019-08-09 01:22:37,5,56,23,99,15.1,989.1,994,4.4,5.1,0,505.2,0
2019-08-09 01:27:37,5,56,23,99,15.1,989.1,994,3.1,4.4,4,505.2,0
2019-08-09 01:32:37,5,56,23,99,15.2,988.9,993.8,3.7,4.4,0,505.2,0
2019-08-09 01:37:37,5,56,23,99,15.2,988.7,993.6,3.1,3.7,2,505.2,0
2019-08-09 01:42:37,5,56,23,99,15.3,988.7,993.6,3.4,4.1,4,505.5,0
2019-08-09 01:47:37,5,56,23,99,15.3,988.3,993.2,3.7,5.4,4,505.8,0
2019-08-09 01:52:37,5,56,23,99,15.4,988.2,993.1,2.4,3.4,2,505.8,0
2019-08-09 01:57:37,5,56,23,99,15.4,987.9,992.8,3.1,4.1,2,506.1,0
2019-08-09 02:02:37,5,56,23,99,15.5,987.7,992.6,4.4,5.1,2,506.1,0
2019-08-09 02:07:37,5,56,23,99,15.6,987.7,992.6,3.1,4.1,1,506.1,0
2019-08-09 02:12:37,5,56,23,99,15.7,987.6,992.5,3.1,4.8,2,506.1,0
2019-08-09 02:17:37,5,56,23,99,15.7,987.5,992.4,2.7,4.4,2,506.1,0
2019-08-09 02:22:37,5,56,23,99,15.8,987.6,992.5,3.1,4.4,,506.1,0
2019-08-09 02:27:37,5,56,23,99,15.9,987.3,992.2,3.4,4.1,2,506.1,0
2019-08-09 02:32:37,5,58,22.9,99,16,987.2,992.1,2.7,3.4,2,506.4,0
2019-08-09 02:37:37,5,58,22.9,99,16.1,987.2,992.1,2.4,3.7,2,506.4,0
2019-08-09 02:42:37,5,58,22.9,99,16.2,987.2,992.1,2,3.4,2,506.4,0
2019-08-09 02:47:37,5,58,22.9,99,16.2,987,991.9,2,2.7,2,506.4,0
2019-08-09 02:52:37,5,58,22.9,99,16.2,987.1,992,2,2.7,4,506.4,0
2019-08-09 02:57:37,5,58,22.9,99,16.2,987.1,992,1.4,2.4,2,506.4,0
2019-08-09 03:02:37,5,58,22.9,99,16.3,987,991.9,0.7,2.4,,506.7,0
2019-08-09 03:07:37,5,58,22.9,99,16.3,987.1,992,0.3,2,4,506.7,0
2019-08-09 03:12:37,5,58,22.9,99,16.4,987.1,992,0.7,1.7,4,507,0
2019-08-09 03:17:37,5,58,22.9,99,16.5,987,991.9,0.3,1.7,0,507,0
2019-08-09 03:22:37,5,58,22.9,99,16.6,986.8,991.7,0.3,1.4,2,507,0
2019-08-09 03:27:37,5,58,22.9,99,16.6,986.8,991.7,1,1.7,0,507,0
2019-08-09 03:32:37,5,58,22.9,99,16.6,986.7,991.6,1,1.7,2,507,0
2019-08-09 03:37:37,5,58,22.9,99,16.7,986.5,991.4,0,0.3,,507,0
2019-08-09 03:42:37,5,58,22.9,99,16.8,986.4,991.3,0,1,4,507,0
2019-08-09 03:47:37,5,58,22.9,99,16.9,986.3,991.2,0,0.3,4,507,0
2019-08-09 03:52:37,5,58,22.9,99,17,986.3,991.2,0,0.7,4,507,0
2019-08-09 03:57:37,5,58,22.9,99,17,986.4,991.3,0.3,1.4,8,507,0
2019-08-09 04:02:37,5,58,22.9,99,17.1,986.4,991.3,1,1.4,13,507,0
2019-08-09 04:07:37,5,58,22.9,99,17,986.6,991.5,0.7,1,10,507,0
2019-08-09 04:12:37,5,58,22.9,99,16.8,986.6,991.5,0.7,1,,507,0
2019-08-09 04:17:37,5,58,22.9,99,16.7,986.4,991.3,0.7,1,10,507,0
2019-08-09 04:22:37,5,58,22.9,99,16.5,986.6,991.5,0.7,1,10,507,0
2019-08-09 04:27:37,5,58,22.9,99,16.4,986.4,991.3,0.7,1.4,10,507,0
2019-08-09 04:32:37,5,58,22.9,99,16.4,986.5,991.4,0.7,1.4,8,507,0
2019-08-09 04:37:37,5,58,22.9,99,16.3,986.6,991.5,1,1.4,12,507,0
2019-08-09 04:42:37,5,58,22.9,99,16.2,986.4,991.3,0.7,1,14,507,0
2019-08-09 04:47:37,5,58,22.9,99,16.1,986.3,991.2,0.7,1,10,507,0
2019-08-09 04:52:37,5,58,22.9,99,16,986.5,991.4,0.7,1,8,507,0
2019-08-09 04:57:37,5,58,22.9,99,15.9,986.6,991.5,0.7,1,10,507,0
2019-08-09 05:02:37,5,58,22.9,99,15.8,986.4,991.3,0.7,1,14,507,0
2019-08-09 05:07:37,5,58,22.9,99,15.8,986.5,991.4,0.3,1,,507,0
2019-08-09 05:12:37,5,58,22.9,99,15.7,986.4,991.3,0.7,1,4,507,0
2019-08-09 05:17:37,5,58,22.9,99,15.7,986.4,991.3,0.7,1,4,507,0
2019-08-09 05:22:37,5,58,22.9,99,15.5,986.2,991.1,0.7,1,,507,0
2019-08-09 05:27:37,5,58,22.9,99,15.5,986.2,991.1,0.3,0.7,2,507,0
2019-08-09 05:32:37,5,58,22.9,99,15.6,986,990.9,0.7,1,2,507,0
2019-08-09 05:37:37,5,58,22.9,99,15.5,986.2,991.1,0.3,0.7,2,507,0
2019-08-09 05:42:37,5,58,22.9,99,15.5,986.2,991.1,0.7,1,0,507,0
2019-08-09 05:47:37,5,58,22.9,99,15.6,986.1,991,0.3,1,2,507,0
2019-08-09 05:52:37,5,58,22.9,99,15.6,986,990.9,0.7,1,2,507,0
2019-08-09 05:57:37,5,58,22.9,98,15.7,986.1,991,0.7,1,,507,0
2019-08-09 06:02:37,5,58,22.9,97,15.8,986.1,991,0.7,1,2,507,0
2019-08-09 06:07:37,5,58,22.9,97,16,986.2,991.1,0.3,0.7,2,507,0
2019-08-09 06:12:37,5,58,22.9,96,16.2,986.3,991.2,0.7,1,4,507,0
2019-08-09 06:17:37,5,58,22.9,94,16.4,986,990.9,0.3,1,2,507,0
2019-08-09 06:22:37,5,58,22.9,93,16.7,986.1,991,0.3,1,4,507,0
2019-08-09 06:27:37,5,58,22.9,92,16.8,986,990.9,1.4,1.7,4,507,0
2019-08-09 06:32:37,5,58,22.9,90,16.8,985.9,990.8,3.4,4.4,2,507,0
2019-08-09 06:37:37,5,58,22.9,90,16.7,985.9,990.8,4.1,5.1,4,507,0
2019-08-09 06:42:37,5,58,22.9,90,16.5,985.6,990.5,3.7,4.4,4,507,0
2019-08-09 06:47:37,5,58,22.9,90,16.5,985.9,990.8,3.1,4.4,4,507,0
2019-08-09 06:52:37,5,58,22.9,91,16.4,985.7,990.6,4.1,5.4,4,507,0
2019-08-09 06:57:37,5,58,22.9,91,16.4,985.7,990.6,4.8,6.8,,507,0
2019-08-09 07:02:37,5,58,22.9,91,16.5,985.6,990.5,3.7,5.1,4,507,0
2019-08-09 07:07:37,5,58,22.9,91,16.5,985.6,990.5,3.1,3.7,4,507,0
2019-08-09 07:12:37,5,58,22.9,91,16.5,985.9,990.8,2.4,3.4,4,507,0
2019-08-09 07:17:37,5,58,22.9,91,16.4,985.5,990.4,2,2.7,2,507,0
2019-08-09 07:22:37,5,58,22.9,92,16.3,985.5,990.4,3.1,4.4,4,507,0
2019-08-09 07:27:37,5,59,22.8,92,16.3,985.4,990.3,3.1,3.4,4,507,0
2019-08-09 07:32:37,5,59,22.9,92,16.3,985.4,990.3,3.4,4.4,,507,0
2019-08-09 07:37:37,5,59,22.9,92,16.4,985.4,990.3,3.4,4.1,2,507,0
2019-08-09 07:42:37,5,59,22.9,93,16.4,985.3,990.2,4.1,5.4,0,507,0
2019-08-09 07:47:37,5,59,22.9,93,16.5,985.4,990.3,2.7,3.7,4,507,0
2019-08-09 07:52:37,5,59,23,93,16.4,985.2,990.1,3.1,3.7,4,507,0
2019-08-09 07:57:37,5,60,23,93,16.5,985.3,990.2,3.7,4.4,2,507,0
2019-08-09 08:02:37,5,60,23,93,16.5,985.2,990.1,3.7,5.1,2,507,0
2019-08-09 08:07:37,5,60,23,93,16.5,985.1,990,2.4,3.4,4,507,0
2019-08-09 08:12:37,5,60,23,93,16.5,985.1,990,3.7,5.4,4,507,0
2019-08-09 08:17:37,5,60,23.1,94,16.4,984.9,989.8,3.7,5.8,2,507,0
2019-08-09 08:22:37,5,60,23,94,16.4,984.8,989.7,3.7,4.4,4,507,0
2019-08-09 08:27:37,5,60,23.1,95,16.4,984.8,989.7,3.1,3.7,4,507,0
2019-08-09 08:32:37,5,60,23.1,95,16.4,984.7,989.6,1.4,2.4,,507,0
2019-08-09 08:37:37,5,60,23.1,95,16.4,984.6,989.5,3.1,4.4,15,507,0
2019-08-09 08:42:37,5,60,23.1,96,16.3,984.5,989.4,3.7,4.8,,507,0
2019-08-09 08:47:37,5,60,23.1,96,16.3,984.5,989.4,4.4,5.4,4,507.3,0
2019-08-09 08:52:37,5,60,23.2,96,16.4,984.4,989.3,3.1,3.7,,507.3,0
2019-08-09 08:57:37,5,60,23.2,96,16.5,984.3,989.2,4.1,5.8,4,507.3,0
2019-08-09 09:02:37,5,60,23.3,97,16.6,984.3,989.2,2,3.1,2,507.3,0
2019-08-09 09:07:37,5,60,23.2,97,16.6,984.2,989.1,3.1,4.4,4,507.3,0
2019-08-09 09:12:37,5,60,23.3,97,16.6,984.3,989.2,3.4,4.1,4,507.3,0
2019-08-09 09:17:37,5,60,23.3,97,16.5,984.3,989.2,2.7,3.7,2,507.3,0
2019-08-09 09:22:37,5,60,23.3,98,16.7,984.3,989.2,2.4,3.1,2,507.3,0
2019-08-09 09:27:37,5,60,23.3,99,16.8,984.2,989.1,2,2.7,4,507.3,0
2019-08-09 09:32:37,5,60,23.4,99,17.1,984.2,989.1,3.4,4.4,2,507.3,0
2019-08-09 09:37:37,5,60,23.4,98,17.7,983.9,988.8,3.7,5.1,4,507.3,0
2019-08-09 09:42:37,5,61,23.5,98,18.1,983.9,988.8,4.4,6.1,4,507.3,0
2019-08-09 09:47:37,5,61,23.5,97,19.2,983.8,988.7,2.4,3.1,4,507.3,0
2019-08-09 09:52:37,5,61,23.5,92,19.8,983.7,988.6,2.7,3.4,4,507.3,0
2019-08-09 09:57:37,5,61,23.5,86,19.4,983.7,988.6,3.7,5.4,12,507.3,0
2019-08-09 10:02:37,5,61,23.6,85,19.2,983.6,988.5,3.4,3.7,14,507.3,0
2019-08-09 10:07:37,5,61,23.6,85,19.3,983.5,988.4,3.1,3.4,0,507.3,0
2019-08-09 10:12:37,5,61,23.6,85,19.7,983.4,988.3,3.7,4.8,2,507.3,0
2019-08-09 10:17:37,5,62,23.6,82,19.8,983.2,988.1,4.8,6.1,4,507.3,0
2019-08-09 10:22:37,5,62,23.7,81,19.8,983.3,988.2,4.4,5.1,2,507.3,0
2019-08-09 10:27:37,5,62,23.7,80,19.9,983.1,988,3.7,4.8,4,507.3,0
2019-08-09 10:32:37,5,62,23.7,79,19.6,983.1,988,4.8,5.1,4,507.3,0
2019-08-09 10:37:37,5,62,23.7,80,19.5,983.1,988,4.8,5.4,0,507.3,0
2019-08-09 10:42:37,5,62,23.8,80,19.4,983,987.9,3.7,5.4,,507.3,0
2019-08-09 10:47:37,5,61,23.7,80,19.5,982.8,987.7,3.4,4.4,,507.3,0
2019-08-09 10:52:37,5,61,23.8,80,19.5,982.8,987.7,5.1,6.5,4,507.3,0
2019-08-09 10:57:37,5,61,23.7,80,19.3,982.8,987.7,4.1,5.8,4,507.3,0
2019-08-09 11:02:37,5,61,23.8,81,19.2,982.8,987.7,4.8,6.1,14,507.3,0
2019-08-09 11:07:37,5,61,23.8,82,19,982.7,987.6,5.8,7.5,4,507.3,0
2019-08-09 11:12:37,5,61,23.8,83,18.8,982.7,987.6,5.1,6.5,,507.3,0
2019-08-09 11:17:37,5,61,23.9,84,19.2,982.4,987.3,4.8,5.8,0,507.3,0
2019-08-09 11:22:37,5,60,24,82,19.9,982.5,987.4,4.8,5.8,4,507.3,0
2019-08-09 11:27:37,5,61,24,81,19.7,982.3,987.2,5.1,7.1,,507.3,0
2019-08-09 11:32:37,5,60,24.1,80,19.7,982.2,987.1,5.4,6.5,4,507.3,0
2019-08-09 11:37:37,5,60,24.1,81,20.1,982.1,987,4.4,5.8,4,507.3,0
2019-08-09 11:42:37,5,60,24.1,80,19.9,982,986.9,4.4,5.4,2,507.3,0
2019-08-09 11:47:37,5,60,24.1,80,19.8,981.9,986.8,3.1,3.7,,507.3,0
2019-08-09 11:52:37,5,60,24.1,80,19.6,981.8,986.7,3.4,4.4,4,507.3,0
2019-08-09 11:57:37,5,60,24.1,80,19.6,981.8,986.7,6.5,9.5,4,507.3,0
2019-08-09 12:02:37,5,60,24.1,79,19.6,981.7,986.6,4.1,4.8,2,507.3,0
2019-08-09 12:07:37,5,60,24.1,80,19.5,981.6,986.5,4.8,5.1,4,507.3,0
2019-08-09 12:12:37,5,60,24.1,80,19.3,981.6,986.5,4.1,5.1,4,507.6,0
2019-08-09 12:17:37,5,60,24.1,82,19,981.6,986.5,3.4,4.8,11,507.9,0
2019-08-09 12:22:37,5,60,24.1,85,18.7,981.4,986.3,3.4,4.1,0,508.5,0
2019-08-09 12:27:37,5,61,24.1,86,18.7,981.6,986.5,2.7,3.4,4,508.5,0
2019-08-09 12:32:37,5,61,24.1,85,18.6,981.4,986.3,2,3.1,4,508.5,0
2019-08-09 12:37:37,5,60,24.1,84,18.6,981.6,986.5,2.4,3.1,4,508.5,0
2019-08-09 12:42:37,5,60,24.2,86,19,981.3,986.2,1.7,2.4,0,508.5,0
2019-08-09 12:47:37,5,60,24.2,86,19.4,981.2,986.1,1.4,2,4,508.5,0
2019-08-09 12:52:37,5,61,24.2,83,19.9,981,985.9,4.4,5.4,4,508.5,0
2019-08-09 12:57:37,5,61,24.3,79,20.5,981,985.9,3.4,4.1,4,508.5,0
2019-08-09 13:02:37,5,61,24.3,76,20.4,981,985.9,6.1,6.8,4,508.5,0
2019-08-09 13:07:37,5,60,24.3,77,20,980.8,985.7,4.4,5.4,,508.5,0
2019-08-09 13:12:37,5,60,24.3,77,20.2,980.8,985.7,4.8,5.8,13,508.5,0
2019-08-09 13:17:37,5,60,24.3,76,20.5,980.7,985.6,5.1,7.5,4,508.5,0
2019-08-09 13:22:37,5,60,24.4,75,20.2,980.8,985.7,4.8,5.4,0,508.5,0
2019-08-09 13:27:37,5,60,24.4,75,20.2,980.7,985.6,4.4,5.8,,508.5,0
2019-08-09 13:32:37,5,60,24.4,75,20,980.9,985.8,5.1,6.1,4,508.8,0
2019-08-09 13:37:37,5,60,24.4,80,19.1,980.5,985.4,4.8,5.8,,509.1,0
2019-08-09 13:42:37,5,60,24.5,84,19.6,980.5,985.4,3.4,4.4,4,509.1,0
2019-08-09 13:47:37,5,60,24.5,82,20.1,980.5,985.4,4.1,5.1,4,509.1,0
2019-08-09 13:52:37,5,60,24.6,81,19.2,980.4,985.3,2.7,3.4,0,510.6,0
2019-08-09 13:57:37,5,60,24.6,85,18.7,980.2,985.1,3.4,4.8,,510.6,0
2019-08-09 14:02:37,5,60,24.7,89,18.9,980.1,985,3.1,3.7,2,510.6,0
2019-08-09 14:07:37,5,60,24.7,88,18.9,979.9,984.8,3.7,4.4,0,510.6,0
2019-08-09 14:12:37,5,60,24.7,87,19,979.9,984.8,3.7,4.8,4,510.6,0
2019-08-09 14:17:37,5,60,24.7,86,19.7,979.7,984.6,5.4,6.8,4,510.9,0
2019-08-09 14:22:37,5,60,24.7,84,20.3,979.6,984.5,3.4,4.8,4,510.9,0
2019-08-09 14:27:37,5,60,24.9,81,20.8,979.6,984.5,4.1,5.4,2,510.9,0
2019-08-09 14:32:37,5,59,25,76,20.4,979.4,984.3,4.1,4.8,4,510.9,0
2019-08-09 14:37:37,5,59,25,76,20.1,979.3,984.2,3.1,4.4,2,510.9,0
2019-08-09 14:42:37,5,59,25,78,20,979.2,984.1,5.4,6.5,4,510.9,0
2019-08-09 14:47:37,5,59,25,79,19.3,979.1,984,4.4,5.4,12,510.9,0
2019-08-09 14:52:37,5,59,25,82,18.6,979.1,984,3.7,5.1,0,510.9,0
2019-08-09 14:57:37,5,59,25,86,18.3,979.1,984,4.1,4.8,8,510.9,0
2019-08-09 15:02:37,5,59,25,89,18.3,979,983.9,2.4,2.7,4,510.9,0
2019-08-09 15:07:37,5,59,25,90,18.1,978.9,983.8,1.4,2,2,510.9,0
2019-08-09 15:12:37,5,59,25,90,18,979.1,984,0.7,1.4,2,510.9,0
2019-08-09 15:18:37,6,59,25,91,18,978.7,983.6,1,1.7,2,511.2,0
2019-08-09 15:23:37,5,60,24.9,91,18,978.6,983.5,2.4,3.4,4,511.2,0
2019-08-09 15:28:37,5,60,24.8,92,18.1,978.5,983.4,2.7,3.7,,511.2,0
2019-08-09 15:34:37,6,61,24.8,91,18.4,978.5,983.4,3.1,3.7,4,511.2,0
2019-08-09 15:39:37,5,61,24.7,91,18.5,978.5,983.4,2.7,3.4,4,511.2,0
2019-08-09 15:44:37,5,61,24.7,91,18.6,978.3,983.2,2.4,3.4,2,511.2,0
2019-08-09 15:50:37,6,61,24.6,90,18.5,978.4,983.3,2.4,3.1,2,511.2,0
2019-08-09 15:55:37,5,61,24.5,90,18.4,978.3,983.2,3.4,4.8,4,511.2,0
2019-08-09 16:00:37,5,61,24.5,90,18.4,978.3,983.2,3.4,5.4,0,511.2,0
2019-08-09 16:06:37,6,61,24.4,90,18.5,978.2,983.1,1.4,1.7,2,511.2,0
2019-08-09 16:11:37,5,61,24.4,91,18.6,978.3,983.2,2,2.4,,511.2,0
2019-08-09 16:16:37,5,61,24.3,90,18.8,978.2,983.1,2,3.1,0,511.2,0
2019-08-09 16:22:37,6,62,24.3,90,19,978.2,983.1,2,2.4,,511.2,0
2019-08-09 16:27:37,5,61,24.2,90,18.9,978.2,983.1,1.4,2,4,511.2,0
2019-08-09 16:32:37,5,61,24.1,90,18.8,978.2,983.1,1.7,2,2,511.2,0
2019-08-09 16:38:37,6,61,24.2,90,18.9,978.1,983,1.7,2,4,511.2,0
2019-08-09 16:43:37,5,61,24.2,91,19,978,982.9,0.7,1,4,511.2,0
2019-08-09 16:48:37,5,61,24.2,91,19,977.9,982.8,1.4,2,2,511.5,0
2019-08-09 16:54:37,6,62,24.2,91,18.9,977.9,982.8,1,1.4,2,511.5,0
2019-08-09 16:59:37,5,62,24.2,91,18.8,978,982.9,1.7,2,2,511.5,0
2019-08-09 17:04:37,5,62,24.1,91,18.7,978,982.9,2.4,3.1,,511.8,0
2019-08-09 17:10:37,6,63,24.1,91,18.7,978,982.9,1.7,2,4,512.1,0
2019-08-09 17:15:37,5,63,24.1,91,18.7,977.9,982.8,0.7,1,4,512.1,0
2019-08-09 17:20:37,5,63,24,91,18.6,977.9,982.8,1.4,1.7,,512.1,0
2019-08-09 17:26:37,6,63,24,91,18.6,977.9,982.8,2.4,2.7,,512.4,0
2019-08-09 17:31:37,5,64,23.9,92,18.6,978,982.9,1,1.7,0,512.4,0
2019-08-09 17:36:37,5,64,23.9,92,18.5,977.9,982.8,1.7,2.4,4,512.4,0
2019-08-09 17:42:37,6,65,23.9,92,18.4,978,982.9,1,1.7,2,512.4,0
2019-08-09 17:47:37,5,65,23.8,93,18.5,978,982.9,1.7,2.4,1,512.4,0
2019-08-09 17:52:37,5,65,23.8,93,18.6,977.9,982.8,1,1.4,4,512.4,0
2019-08-09 17:58:37,6,65,23.8,94,18.8,977.8,982.7,1.7,2.4,4,512.4,0
2019-08-09 18:03:37,5,66,23.8,94,18.9,977.9,982.8,0.7,1,4,512.4,0
2019-08-09 18:08:37,5,66,23.8,93,19,978,982.9,1.7,2.4,4,512.4,0
2019-08-09 18:14:37,6,66,23.8,92,18.8,978.1,983,0.7,1.4,4,512.4,0
2019-08-09 18:19:37,5,66,23.8,92,18.9,978.2,983.1,0.3,0.3,2,512.4,0
2019-08-09 18:24:37,5,66,23.8,93,19,978.2,983.1,0.3,0.7,2,512.4,0
2019-08-09 18:30:37,6,67,23.8,92,19.1,978.2,983.1,0,0.3,8,512.4,0
2019-08-09 18:35:37,5,67,23.7,92,19.1,978,982.9,0.3,0.7,10,512.4,0
2019-08-09 18:40:37,5,67,23.7,92,19.1,978.4,983.3,0,0.3,14,512.4,0
2019-08-09 18:46:37,6,67,23.7,92,19.2,978.3,983.2,0.3,0.7,10,512.4,0
2019-08-09 18:51:37,5,68,23.7,92,19.2,978.5,983.4,1.7,2,14,512.4,0
2019-08-09 18:56:37,5,68,23.7,92,19.1,978.4,983.3,0.7,1,12,512.4,0
2019-08-09 19:02:37,6,68,23.7,93,19,978.5,983.4,0.7,1.4,14,512.4,0
2019-08-09 19:07:37,5,68,23.6,93,18.9,978.6,983.5,0.7,1,10,512.4,0
2019-08-09 19:12:37,5,68,23.7,93,18.8,978.6,983.5,0.7,1.4,12,512.4,0
2019-08-09 19:18:37,6,68,23.6,93,18.5,978.8,983.7,0.3,0.7,10,513,0
2019-08-09 19:23:37,5,68,23.6,93,18.5,978.9,983.8,0.3,0.7,12,513,0
2019-08-09 19:28:37,5,68,23.6,94,18.5,978.9,983.8,0.7,1.7,12,513,0
2019-08-09 19:34:37,6,68,23.6,94,18.4,978.9,983.8,0.7,1,12,513,0
2019-08-09 19:39:37,5,68,23.6,95,18.3,978.9,983.8,0.3,1,4,513,0
2019-08-09 19:44:37,5,68,23.6,95,18.3,979.1,984,1,1.4,10,513.3,0
2019-08-09 19:50:37,6,68,23.6,96,18.2,979.1,984,0.7,1,10,513.6,0
2019-08-09 19:55:37,5,68,23.6,96,18.2,979,983.9,1,1.4,12,513.6,0
2019-08-09 20:00:37,5,68,23.6,97,18.1,979.3,984.2,1,1.4,10,513.6,0
2019-08-09 20:06:37,6,68,23.7,97,18.1,979.4,984.3,1,1.4,,513.9,0
2019-08-09 20:11:37,5,68,23.6,97,18,979.5,984.4,1.4,1.7,12,513.9,0
2019-08-09 20:16:37,5,68,23.6,97,17.9,979.7,984.6,1.4,2,10,513.9,0
2019-08-09 20:22:37,6,68,23.7,97,17.8,979.9,984.8,0.7,1.4,10,513.9,0
2019-08-09 20:27:37,5,68,23.7,98,17.7,979.9,984.8,0.7,1.4,10,513.9,0
2019-08-09 20:32:37,5,67,23.7,98,17.7,979.9,984.8,1,1.4,12,513.9,0
2019-08-09 20:38:37,6,67,23.7,98,17.7,980,984.9,1,1.4,10,513.9,0
2019-08-09 20:43:37,5,67,23.7,99,17.6,980.2,985.1,0.7,1.4,12,513.9,0
2019-08-09 20:48:37,5,67,23.7,99,17.7,980.2,985.1,2,2.7,10,513.9,0
2019-08-09 20:54:37,6,67,23.7,99,17.7,980.4,985.3,1.7,2,12,513.9,0
2019-08-09 20:59:37,5,67,23.7,99,17.6,980.3,985.2,1.7,2.4,,513.9,0
2019-08-09 21:04:37,5,67,23.8,99,17.6,980.4,985.3,1,1.4,10,513.9,0
2019-08-09 21:10:37,6,67,23.7,99,17.6,980.5,985.4,1.7,2,12,513.9,0
2019-08-09 21:15:37,5,67,23.8,99,17.5,980.5,985.4,1.4,2,12,513.9,0
2019-08-09 21:20:37,5,67,23.7,99,17.5,980.6,985.5,1,1.4,10,513.9,0
2019-08-09 21:26:37,6,67,23.8,99,17.5,980.7,985.6,1.4,1.7,12,513.9,0
2019-08-09 21:31:37,5,67,23.8,99,17.5,980.8,985.7,1,1.4,12,513.9,0
2019-08-09 21:36:37,5,67,23.8,99,17.5,981,985.9,1.7,2.4,14,513.9,0
2019-08-09 21:41:37,5,67,23.8,99,17.5,980.9,985.8,1.4,1.7,12,513.9,0
2019-08-09 21:46:37,5,67,23.8,99,17.5,981.1,986,1,1,12,513.9,0
2019-08-09 21:51:37,5,67,23.8,99,17.5,981.1,986,1.4,1.7,12,513.9,0
2019-08-09 21:56:37,5,67,23.8,99,17.5,981.2,986.1,1,1.4,12,513.9,0
2019-08-09 22:01:37,5,67,23.8,99,17.5,981.2,986.1,1,1.4,10,513.9,0
2019-08-09 22:06:37,5,67,23.8,99,17.5,981.3,986.2,0.7,1.4,10,513.9,0
2019-08-09 22:11:37,5,67,23.8,99,17.4,981.5,986.4,0.7,1,10,513.9,0
2019-08-09 22:16:37,5,67,23.8,99,17.4,981.5,986.4,1,1.4,14,513.9,0
2019-08-09 22:21:37,5,67,23.8,99,17.4,981.5,986.4,0.7,1,14,513.9,0
2019-08-09 22:26:37,5,67,23.8,99,17.4,981.5,986.4,1,1.4,10,513.9,0
2019-08-09 22:31:37,5,67,23.7,99,17.4,981.6,986.5,0.7,1.4,12,513.9,0
2019-08-09 22:36:37,5,67,23.7,99,17.4,981.6,986.5,0.7,1.4,2,513.9,0
2019-08-09 22:41:37,5,67,23.7,99,17.3,981.7,986.6,1,1.4,14,513.9,0
2019-08-09 22:46:37,5,67,23.7,99,17.3,981.8,986.7,0.7,1,10,513.9,0
2019-08-09 22:51:37,5,67,23.7,99,17.3,981.8,986.7,0.7,1.4,12,513.9,0
2019-08-09 22:56:37,5,67,23.7,99,17.3,982,986.9,1,1.4,12,513.9,0
2019-08-09 23:01:37,5,67,23.7,99,17.2,981.9,986.8,1,2,10,513.9,0
2019-08-09 23:06:37,5,67,23.7,99,17.2,982,986.9,1,1.7,10,513.9,0
2019-08-09 23:11:37,5,67,23.7,99,17.2,982,986.9,1,1.4,10,513.9,0
2019-08-09 23:16:37,5,66,23.7,99,17.2,982,986.9,1,1.7,12,513.9,0
2019-08-09 23:21:37,5,66,23.7,99,17.1,982.1,987,0.7,1.4,12,513.9,0
2019-08-09 23:26:37,5,66,23.7,99,17.1,982.3,987.2,1,1.4,10,513.9,0
2019-08-09 23:31:37,5,66,23.7,99,17.1,982.1,987,1,1.4,10,513.9,0
2019-08-09 23:36:37,5,66,23.7,99,17,982.3,987.2,0.7,1,13,513.9,0
2019-08-09 23:41:37,5,66,23.7,99,17,982.3,987.2,1,1,10,513.9,0
2019-08-09 23:46:37,5,66,23.7,99,17,982.5,987.4,0.7,1,10,513.9,0
2019-08-09 23:51:37,5,66,23.7,99,17,982.6,987.5,0.3,1,14,513.9,0
2019-08-09 23:56:37,5,66,23.7,99,17,982.6,987.5,0.7,1,10,513.9,0
