2019-08-31 00:01:32,5,64,22.3,88,15.7,999.9,1004.8,0,0,4,591,0
2019-08-31 00:06:32,5,64,22.3,88,15.7,999.9,1004.8,0,0.3,14,591,0
2019-08-31 00:11:32,5,64,22.3,88,15.7,999.7,1004.6,0,0.7,14,591.3,0
2019-08-31 00:16:32,5,64,22.3,89,15.7,999.7,1004.6,0,0,,591.3,0
2019-08-31 00:21:32,5,64,22.3,89,15.6,999.5,1004.4,0,0,8,591.6,0
2019-08-31 00:26:32,5,64,22.3,89,15.6,999.3,1004.2,0,0,4,591.6,0
2019-08-31 00:31:32,5,64,22.3,89,15.6,999.2,1004.1,0,0,10,591.9,0
2019-08-31 00:36:32,5,64,22.3,89,15.6,999,1003.9,0,0,10,591.9,0
2019-08-31 00:41:32,5,64,22.3,89,15.6,998.9,1003.8,0,0,10,591.9,0
2019-08-31 00:46:32,5,64,22.3,90,15.6,998.8,1003.7,0,0,10,592.2,0
2019-08-31 00:51:32,5,64,22.3,90,15.5,998.7,1003.6,0,0,8,592.2,0
2019-08-31 00:56:32,5,64,22.3,90,15.5,998.6,1003.5,0,0,10,592.2,0
2019-08-31 01:01:32,5,64,22.3,89,15.5,998.7,1003.6,0,0,8,592.5,0
2019-08-31 01:06:32,5,64,22.3,89,15.5,998.4,1003.3,0,0,13,592.5,0
2019-08-31 01:11:32,5,64,22.3,88,15.4,998.2,1003.1,0,0.3,10,592.5,0
2019-08-31 01:16:32,5,64,22.3,88,15.5,998.5,1003.4,0,0,13,592.8,0
2019-08-31 01:21:32,5,64,22.2,89,15.5,998.4,1003.3,0,0,0,592.8,0
2019-08-31 01:26:32,5,64,22.3,89,15.5,998,1002.9,0,0.3,14,592.8,0
2019-08-31 01:31:32,5,64,22.3,89,15.5,998.1,1003,0,0,10,593.1,0
2019-08-31 01:36:32,5,64,22.2,89,15.5,998.3,1003.2,0,0,8,593.1,0
2019-08-31 01:41:32,5,64,22.2,89,15.5,997.8,1002.7,0,0,14,593.4,0
2019-08-31 01:46:32,5,63,22.2,89,15.5,997.2,1002.1,0,0,8,593.4,0
2019-08-31 01:51:32,5,63,22.3,89,15.5,997.2,1002.1,0,0,8,593.4,0
2019-08-31 01:56:33,5,63,22.2,89,15.5,997.2,1002.1,0,0,14,593.4,0
2019-08-31 02:01:32,5,63,22.2,89,15.5,997.4,1002.3,0,0,10,593.7,0
2019-08-31 02:06:32,5,63,22.2,89,15.5,997.4,1002.3,0,0,0,594,0
2019-08-31 02:11:32,5,63,22.2,89,15.5,997.8,1002.7,0,0,8,594.6,0
2019-08-31 02:16:32,5,63,22.2,90,15.5,998,1002.9,0,0,10,594.9,0
2019-08-31 02:21:32,5,63,22.2,89,15,998.3,1003.2,0,0,14,594.9,0
2019-08-31 02:26:32,5,63,22.2,85,13.4,998.7,1003.6,0,0,14,595.2,0
2019-08-31 02:31:32,5,63,22.2,87,13,998.8,1003.7,0,0,14,595.2,0
2019-08-31 02:36:32,5,63,22.2,87,12.8,998.9,1003.8,0,0,14,595.2,0
2019-08-31 02:41:32,5,63,22.1,88,12.6,999,1003.9,0,0,4,595.2,0
2019-08-31 02:46:32,5,63,22.1,88,12.5,998.6,1003.5,0,0,14,595.2,0
2019-08-31 02:51:32,5,63,22.1,92,12.4,999.2,1004.1,0,0,14,595.2,0
2019-08-31 02:56:32,5,63,22.1,92,12.3,999.3,1004.2,0,0,14,595.2,0
2019-08-31 03:01:32,5,63,22.1,92,12.3,999.6,1004.5,0,0,12,595.2,0
2019-08-31 03:06:32,5,62,22.1,92,12.3,999.9,1004.8,0,0,12,595.2,0
2019-08-31 03:11:32,5,62,22.1,92,12.3,1000.3,1005.2,0,0,14,595.2,0
2019-08-31 03:16:32,5,62,22.1,92,12.2,1000.3,1005.2,0,0,12,595.5,0
2019-08-31 03:21:32,5,62,22,92,12.2,1000.4,1005.3,0,0,10,595.5,0
2019-08-31 03:26:32,5,62,22,92,12.2,1000.5,1005.4,0,0,14,595.5,0
2019-08-31 03:31:32,5,62,22.1,92,12.1,1000.4,1005.3,0,0,14,595.5,0
2019-08-31 03:36:32,5,62,22,92,12,1000.4,1005.3,0,0.3,10,595.8,0
2019-08-31 03:41:32,5,62,22,92,12,1000.5,1005.4,0,0,10,595.8,0
2019-08-31 03:46:32,5,62,22.1,92,12,1000.4,1005.3,0,0,13,595.8,0
2019-08-31 03:51:32,5,62,22.1,92,12,1000.3,1005.2,0,0.3,12,595.8,0
2019-08-31 03:56:32,5,62,22,92,12,1000.2,1005.1,0,0,14,595.8,0
2019-08-31 04:01:32,5,62,22,92,12,1000.2,1005.1,0,0,14,595.8,0
2019-08-31 04:06:32,5,62,22,92,12,1000.3,1005.2,0,0,10,595.8,0
2019-08-31 04:11:32,5,62,22,92,11.9,1000.4,1005.3,0,0,12,595.8,0
2019-08-31 04:16:32,5,62,22,92,11.8,1000.5,1005.4,0,0,14,595.8,0
2019-08-31 04:21:32,5,62,22,92,11.8,1000.7,1005.6,0,0,14,595.8,0
2019-08-31 04:26:32,5,62,22,92,11.8,1000.7,1005.6,0,0,12,595.8,0
2019-08-31 04:31:32,5,62,22,92,11.7,1000.9,1005.8,0,0,11,595.8,0
2019-08-31 04:36:32,5,62,22,92,11.7,1001,1005.9,0,0,13,595.8,0
2019-08-31 04:41:32,5,62,22,92,11.7,1001.1,1006,0,0,12,595.8,0
2019-08-31 04:46:32,5,62,22,92,11.7,1001.1,1006,0,0,14,595.8,0
2019-08-31 04:51:32,5,62,22,92,11.7,1001.2,1006.1,0,0,10,595.8,0
2019-08-31 04:56:32,5,62,22,92,11.7,1001.5,1006.4,0,0,15,595.8,0
2019-08-31 05:01:32,5,62,22,92,11.7,1001.6,1006.5,0,0,12,595.8,0
2019-08-31 05:06:32,5,62,22,92,11.7,1001.7,1006.6,0,0,14,595.8,0
2019-08-31 05:11:32,5,62,22,92,11.8,1001.7,1006.6,0,0,14,595.8,0
2019-08-31 05:16:32,5,63,21.9,92,11.8,1001.9,1006.8,0,0,14,595.8,0
2019-08-31 05:21:32,5,63,21.9,92,11.8,1002,1006.9,0,0,12,595.8,0
2019-08-31 05:26:32,5,63,21.9,92,11.8,1002.1,1007,0,0.3,12,595.8,0
2019-08-31 05:31:32,5,63,21.9,92,11.8,1002.1,1007,0,0,13,595.8,0
2019-08-31 05:36:32,5,63,21.9,92,11.8,1002.2,1007.1,0,0,14,595.8,0
2019-08-31 05:41:32,5,63,21.9,92,11.7,1002.5,1007.4,0,0,10,595.8,0
2019-08-31 05:46:32,5,63,21.9,92,11.7,1002.7,1007.6,0,0,14,595.8,0
2019-08-31 05:51:32,5,63,21.9,92,11.8,1002.8,1007.7,0,0.3,12,595.8,0
2019-08-31 05:56:32,5,63,21.9,92,11.8,1002.8,1007.7,0,0,14,595.8,0
2019-08-31 06:01:32,5,63,21.9,92,11.8,1002.8,1007.7,0,0,14,595.8,0
2019-08-31 06:06:32,5,63,21.9,92,11.8,1002.9,1007.8,0,0.3,12,595.8,0
2019-08-31 06:11:32,5,63,21.9,92,11.8,1003.1,1008,0,0,14,595.8,0
2019-08-31 06:16:32,5,63,21.9,92,11.8,1003.3,1008.2,0,0,10,595.8,0
2019-08-31 06:21:32,5,63,21.9,92,11.8,1003.4,1008.3,0,0,14,595.8,0
2019-08-31 06:26:32,5,63,21.8,92,11.8,1003.4,1008.3,0,0,12,595.8,0
2019-08-31 06:31:32,5,63,21.8,92,11.8,1003.5,1008.4,0,0,14,595.8,0
2019-08-31 06:36:32,5,63,21.9,92,11.8,1003.5,1008.4,0,0,12,595.8,0
2019-08-31 06:41:32,5,63,21.8,92,11.8,1003.8,1008.7,0,0,14,595.8,0
2019-08-31 06:46:32,5,63,21.9,92,11.8,1003.9,1008.8,0,0,14,595.8,0
2019-08-31 06:51:32,5,63,21.9,92,11.9,1003.9,1008.8,0,0,14,595.8,0
2019-08-31 06:56:32,5,63,21.9,92,12.3,1004,1008.9,0,0,10,595.8,0
2019-08-31 07:01:32,5,63,21.9,89,12.6,1004,1008.9,0,0,14,595.8,0
2019-08-31 07:06:32,5,63,21.9,89,12.9,1004,1008.9,0,0,14,595.8,0
2019-08-31 07:11:32,5,63,21.9,89,13,1004.2,1009.1,0,0,12,595.8,0
2019-08-31 07:16:32,5,63,21.9,88,13.2,1004.4,1009.3,0,0,14,595.8,0
2019-08-31 07:21:32,5,63,21.9,87,13.1,1004.4,1009.3,0,0,14,595.8,0
2019-08-31 07:26:32,5,63,21.9,87,13.2,1004.6,1009.5,0,0,10,595.8,0
2019-08-31 07:31:32,5,63,21.9,86,13.7,1004.6,1009.5,0,0,14,595.8,0
2019-08-31 07:36:32,5,62,22,85,13.6,1004.8,1009.7,0,0,10,595.8,0
2019-08-31 07:41:32,5,62,22,83,13.3,1004.8,1009.7,0.3,0.7,14,595.8,0
2019-08-31 07:46:32,5,62,22,83,13,1005,1009.9,0.3,1,10,595.8,0
2019-08-31 07:51:32,5,62,22,82,12.9,1005.1,1010,0.7,1,10,595.8,0
2019-08-31 07:56:32,5,62,22,82,12.8,1005.3,1010.2,0.7,1.4,14,595.8,0
2019-08-31 08:01:32,5,62,22,82,12.7,1005.3,1010.2,1,1.4,14,595.8,0
2019-08-31 08:06:32,5,62,22,82,12.8,1005.3,1010.2,1,1.4,10,595.8,0
2019-08-31 08:11:32,5,62,22,81,13,1005.4,1010.3,1.7,2,14,595.8,0
2019-08-31 08:16:32,5,62,22,81,13,1005.4,1010.3,2,2.7,14,595.8,0
2019-08-31 08:21:32,5,61,22,81,13,1005.5,1010.4,1.4,2,12,595.8,0
2019-08-31 08:26:32,5,60,22,81,13.5,1005.7,1010.6,2,2.7,14,595.8,0
2019-08-31 08:31:32,5,60,22,80,13.8,1005.7,1010.6,2,3.1,14,595.8,0
2019-08-31 08:36:32,5,60,22,76,13.9,1005.8,1010.7,2.4,3.1,14,595.8,0
2019-08-31 08:41:32,5,60,22,74,14,1005.8,1010.7,2.7,3.1,13,595.8,0
2019-08-31 08:46:32,5,60,22,73,14.1,1005.8,1010.7,2,3.1,14,595.8,0
2019-08-31 08:51:32,5,60,22,73,14.2,1005.7,1010.6,2.4,3.1,14,595.8,0
2019-08-31 08:56:32,5,60,22,74,14.6,1005.9,1010.8,1.7,2.7,14,595.8,0
2019-08-31 09:01:32,5,60,22.1,73,14.6,1006,1010.9,3.7,4.8,14,595.8,0
2019-08-31 09:06:32,5,60,22.1,73,14.4,1005.9,1010.8,1.4,2,12,595.8,0
2019-08-31 09:11:32,5,60,22.1,73,14.8,1006.2,1011.1,1.7,3.1,14,595.8,0
2019-08-31 09:16:32,5,60,22.1,72,14.8,1006,1010.9,2.7,3.1,14,595.8,0
2019-08-31 09:21:32,5,60,22.1,72,14.6,1006.2,1011.1,2,3.1,8,595.8,0
2019-08-31 09:26:32,5,60,22.1,72,14.5,1006.2,1011.1,1,1.4,12,595.8,0
2019-08-31 09:31:32,5,61,22.1,71,14.5,1006.4,1011.3,4.1,4.8,14,595.8,0
2019-08-31 09:36:32,5,61,22.1,70,14.4,1006.4,1011.3,2,3.1,14,595.8,0
2019-08-31 09:41:32,5,60,22.1,71,15,1006.4,1011.3,1,1.7,12,595.8,0
2019-08-31 09:46:32,5,61,22.1,72,15.7,1006.3,1011.2,1.7,2.4,12,595.8,0
2019-08-31 09:51:32,5,60,22.2,70,16,1006.5,1011.4,2,2.7,12,595.8,0
2019-08-31 09:56:32,5,58,22.1,69,16.1,1006.5,1011.4,2,2.4,10,595.8,0
2019-08-31 10:01:32,5,56,22.1,67,15.5,1006.6,1011.5,1.7,2.4,10,595.8,0
2019-08-31 10:06:32,5,54,22,69,15.2,1006.8,1011.7,1.4,2,12,595.8,0
2019-08-31 10:11:32,5,53,22,71,14.6,1006.8,1011.7,1.7,2,10,595.8,0
2019-08-31 10:16:32,5,54,21.9,71,13.8,1006.8,1011.7,2,3.4,12,596.1,0
2019-08-31 10:21:32,5,55,21.9,73,13.2,1006.9,1011.8,2,2.7,10,596.4,0
2019-08-31 10:26:32,5,56,21.9,74,13.2,1006.9,1011.8,1.7,2.4,12,596.4,0
2019-08-31 10:31:32,5,57,21.9,76,13.3,1007.2,1012.1,2,2.4,12,596.4,0
2019-08-31 10:36:32,5,57,21.9,76,13,1007.2,1012.1,1.4,2,10,596.4,0
2019-08-31 10:41:32,5,58,21.9,78,12.3,1007.3,1012.2,1,1.4,10,597,0
2019-08-31 10:46:32,5,58,21.9,78,11.9,1007.2,1012.1,1,1.4,12,597,0
2019-08-31 10:51:32,5,58,21.9,81,12.4,1007.2,1012.1,0.7,1.4,10,597,0
2019-08-31 10:56:32,5,58,21.9,81,13.5,1007.2,1012.1,1.4,1.7,12,597,0
2019-08-31 11:01:32,5,57,21.9,80,14.2,1007.3,1012.2,3.4,4.4,13,597,0
2019-08-31 11:06:32,5,56,21.9,78,14.9,1007.4,1012.3,1.7,2,14,597,0
2019-08-31 11:11:32,5,56,21.9,73,15.1,1007.4,1012.3,1.7,2.4,12,597,0
2019-08-31 11:16:32,5,56,21.8,72,15.4,1007.4,1012.3,2.7,4.1,12,597,0
2019-08-31 11:21:31,5,56,21.8,72,15.9,1007.5,1012.4,2,2.7,12,597,0
2019-08-31 11:26:31,5,55,21.8,67,15.6,1007.7,1012.6,2.7,3.7,12,597,0
2019-08-31 11:31:31,5,55,21.6,68,15.4,1007.5,1012.4,2.7,3.7,10,597,0
2019-08-31 11:36:31,5,55,21.6,65,15,1007.6,1012.5,4.1,4.8,12,597,0
2019-08-31 11:41:31,5,56,21.6,70,15.6,1007.6,1012.5,1.7,2,10,597,0
2019-08-31 11:46:31,5,56,21.6,67,15.9,1007.7,1012.6,2.7,4.1,10,597,0
2019-08-31 11:51:31,5,57,21.6,70,16.3,1007.7,1012.6,1.7,2.4,12,597,0
2019-08-31 11:56:31,5,57,21.7,70,16.1,1007.7,1012.6,2,2.7,14,597,0
2019-08-31 12:01:31,5,57,21.7,69,15.9,1007.9,1012.8,2,3.1,12,597,0
2019-08-31 12:06:31,5,57,21.8,66,15.9,1007.8,1012.7,2,2.7,12,597,0
2019-08-31 12:11:31,5,58,21.8,64,16.1,1007.8,1012.7,3.4,4.8,12,597,0
2019-08-31 12:16:31,5,58,21.9,65,16.2,1008.1,1013,3.1,4.4,10,597,0
2019-08-31 12:21:31,5,58,21.9,65,16.2,1008,1012.9,4.4,5.1,12,597,0
2019-08-31 12:26:31,5,59,21.9,65,16.1,1008.1,1013,1.7,2.4,12,597,0
2019-08-31 12:31:31,5,57,22,66,16.2,1008.1,1013,2.7,3.7,10,597,0
2019-08-31 12:36:31,5,56,22,64,16.1,1008.2,1013.1,3.1,4.8,10,597,0
2019-08-31 12:41:31,5,57,22,64,16.1,1008,1012.9,4.1,6.8,14,597,0
2019-08-31 12:46:31,5,57,22.1,64,16.4,1008.1,1013,2.7,3.4,12,597,0
2019-08-31 12:51:31,5,58,22.1,64,15.9,1008.3,1013.2,5.4,6.8,14,597,0
2019-08-31 12:56:31,5,58,22.2,67,15.3,1008.4,1013.3,2.4,3.1,12,597,0
2019-08-31 13:01:31,5,58,22.2,67,14.9,1008.4,1013.3,2.7,3.4,12,597,0
2019-08-31 13:06:31,5,59,22.3,66,15.4,1008.5,1013.4,2.4,3.1,12,597,0
2019-08-31 13:11:31,5,59,22.4,64,15.8,1008.3,1013.2,2.7,4.1,12,597,0
2019-08-31 13:16:31,5,59,22.5,66,16.4,1008.3,1013.2,2.4,3.4,10,597,0
2019-08-31 13:21:31,5,59,22.6,67,17,1008.3,1013.2,2.7,3.7,12,597,0
2019-08-31 13:26:31,5,59,22.7,65,17.3,1008.3,1013.2,2.7,4.4,12,597,0
2019-08-31 13:31:31,5,60,22.8,60,16.3,1008.4,1013.3,3.4,5.1,14,597,0
2019-08-31 13:36:31,5,59,22.8,62,15.6,1008.4,1013.3,2.7,3.1,10,597,0
2019-08-31 13:41:31,5,59,22.9,64,15.4,1008.4,1013.3,1.7,2.4,12,597,0
2019-08-31 13:46:31,5,59,22.9,70,16.6,1008.3,1013.2,1.7,2,10,597,0
2019-08-31 13:51:31,5,60,23.1,64,17.4,1008.2,1013.1,2.4,3.7,12,597,0
2019-08-31 13:56:31,5,59,23.1,57,17.6,1008.1,1013,4.1,7.5,8,597,0
2019-08-31 14:01:31,5,59,23.2,61,17.4,1008.4,1013.3,2.4,3.7,10,597,0
2019-08-31 14:06:31,5,59,23.2,61,16.5,1008.4,1013.3,2.7,3.4,10,597,0
2019-08-31 14:11:31,5,59,23.3,63,16.2,1008.3,1013.2,2,2.7,12,597,0
2019-08-31 14:16:31,5,59,23.3,63,15.6,1008.3,1013.2,5.1,5.8,14,597,0
2019-08-31 14:21:31,5,59,23.3,64,15.6,1008.4,1013.3,3.1,4.1,12,597,0
2019-08-31 14:26:31,5,59,23.3,66,15.4,1008.6,1013.5,2.7,3.4,10,597,0
2019-08-31 14:31:31,5,58,23.3,65,16.3,1008.5,1013.4,2,3.1,4,597,0
2019-08-31 14:36:31,5,56,23.3,63,16.9,1008.5,1013.4,2.4,3.4,14,597,0
2019-08-31 14:41:31,5,54,23.4,61,17.5,1008.5,1013.4,1.7,2.4,12,597,0
2019-08-31 14:46:31,5,54,23.3,60,17.1,1008.6,1013.5,2.7,3.4,8,597,0
2019-08-31 14:51:31,5,54,23.3,62,16.1,1008.8,1013.7,3.1,5.4,14,597,0
2019-08-31 14:56:31,5,54,23.3,65,15.3,1008.9,1013.8,2,3.1,12,597,0
2019-08-31 15:01:31,5,55,23.3,67,15.1,1008.8,1013.7,2.4,3.1,10,597,0
2019-08-31 15:06:31,5,55,23.3,63,15.7,1008.8,1013.7,4.1,5.1,14,597,0
2019-08-31 15:11:31,5,55,23.3,61,16.5,1008.8,1013.7,1.7,2.4,12,597,0
2019-08-31 15:16:31,5,56,23.4,60,16.9,1008.8,1013.7,1.4,2.4,10,597,0
2019-08-31 15:21:31,5,56,23.4,59,16.3,1008.6,1013.5,1.7,2.4,0,597,0
2019-08-31 15:26:31,5,56,23.5,60,16.6,1008.7,1013.6,2,2.7,14,597,0
2019-08-31 15:31:31,5,56,23.6,61,16.8,1008.9,1013.8,1.4,2.4,12,597,0
2019-08-31 15:36:31,5,56,23.6,61,17.1,1008.9,1013.8,2.4,2.7,12,597,0
2019-08-31 15:41:31,5,56,23.6,61,16.5,1009.1,1014,2.4,2.7,14,597,0
2019-08-31 15:46:31,5,56,23.7,62,16.5,1009,1013.9,2.4,3.7,10,597,0
2019-08-31 15:51:31,5,57,23.7,62,16.7,1009,1013.9,2.4,3.4,10,597,0
2019-08-31 15:56:31,5,57,23.8,61,16.9,1009,1013.9,2.4,3.4,10,597,0
2019-08-31 16:01:31,5,57,23.9,61,16.8,1009,1013.9,1.7,2.4,14,597,0
2019-08-31 16:06:31,5,56,24,60,16.4,1009.2,1014.1,2.7,3.4,14,597,0
2019-08-31 16:11:31,5,55,24,63,15.5,1009.5,1014.4,4.1,6.5,12,597,0
2019-08-31 16:16:31,5,55,24,69,14.3,1009.4,1014.3,2,2.7,10,597,0
2019-08-31 16:21:31,5,55,24,70,14,1009.4,1014.3,1.7,2.4,10,597.3,0
2019-08-31 16:26:31,5,55,24,71,14.1,1009.4,1014.3,2,3.1,14,597.3,0
2019-08-31 16:31:31,5,55,24,71,15,1009.4,1014.3,3.1,4.1,14,597.3,0
2019-08-31 16:36:31,5,55,24.1,70,15.4,1009.4,1014.3,4.1,4.8,14,597.3,0
2019-08-31 16:41:31,5,55,24.1,70,16.2,1009.4,1014.3,2.4,4.1,14,597.3,0
2019-08-31 16:46:31,5,55,24.1,66,16.7,1009.5,1014.4,1.4,2,10,597.3,0
2019-08-31 16:51:31,5,56,24.2,63,16.7,1009.7,1014.6,1.4,2,12,597.3,0
2019-08-31 16:56:31,5,55,24.2,62,15.8,1009.6,1014.5,1.7,2.4,12,597.3,0
2019-08-31 17:01:31,5,53,24.2,62,16.1,1009.5,1014.4,2.7,4.1,14,597.3,0
2019-08-31 17:06:31,5,52,24.2,62,15.9,1009.6,1014.5,2,3.4,12,597.3,0
2019-08-31 17:11:31,5,51,24.1,63,15.9,1009.6,1014.5,1.7,2.4,10,597.3,0
2019-08-31 17:16:31,5,50,24.1,63,16.3,1009.8,1014.7,1.7,2.7,14,597.3,0
2019-08-31 17:21:31,5,50,24.1,62,16.4,1009.9,1014.8,3.1,5.1,14,597.3,0
2019-08-31 17:26:31,5,49,24,60,15.6,1009.9,1014.8,2.4,3.1,14,597.3,0
2019-08-31 17:31:31,5,48,23.9,62,15.4,1010,1014.9,4.1,4.8,10,597.3,0
2019-08-31 17:36:31,5,48,23.8,63,15.5,1010.2,1015.1,2.4,2.7,12,597.3,0
2019-08-31 17:41:31,5,48,23.8,63,15.6,1010.3,1015.2,1.7,2.4,12,597.3,0
2019-08-31 17:46:31,5,48,23.8,64,15.7,1010.3,1015.2,1.4,1.7,12,597.3,0
2019-08-31 17:51:31,5,48,23.7,64,15.9,1010.3,1015.2,1.4,2,12,597.3,0
2019-08-31 17:56:31,5,47,23.6,64,16,1010.4,1015.3,1.4,1.7,10,597.3,0
2019-08-31 18:01:31,5,47,23.5,64,15.6,1010.6,1015.5,1.4,2,8,597.3,0
2019-08-31 18:06:31,5,47,23.3,65,15.1,1010.6,1015.5,0.7,1.4,8,597.3,0
2019-08-31 18:11:31,5,47,23.2,66,14.6,1010.6,1015.5,2,2.7,12,597.3,0
2019-08-31 18:16:31,5,46,23.1,65,14.4,1010.7,1015.6,1.4,1.7,12,597.3,0
2019-08-31 18:21:31,5,46,23,66,14.2,1010.6,1015.5,1.7,3.1,12,597.3,0
2019-08-31 18:26:31,5,46,22.9,66,14.1,1010.9,1015.8,1.4,1.7,12,597.3,0
2019-08-31 18:31:31,5,46,22.8,66,13.9,1010.8,1015.7,1,1.7,12,597.3,0
2019-08-31 18:36:31,5,47,22.8,67,13.8,1011.1,1016,1,1.7,12,597.3,0
2019-08-31 18:41:31,5,48,22.8,68,13.7,1011.1,1016,0.7,1,12,597.3,0
2019-08-31 18:46:31,5,49,22.7,68,13.6,1011.1,1016,1,1.7,10,597.3,0
2019-08-31 18:51:31,5,50,22.7,69,13.5,1011.1,1016,1.4,1.7,12,597.3,0
2019-08-31 18:56:31,5,51,22.7,68,13.4,1011,1015.9,2,3.1,12,597.3,0
2019-08-31 19:01:31,5,49,22.7,69,13.3,1011.1,1016,1.4,1.7,12,597.3,0
2019-08-31 19:06:31,5,48,22.6,70,13.2,1011.3,1016.2,1,1.4,12,597.3,0
2019-08-31 19:11:31,5,47,22.5,70,12.9,1011.3,1016.2,1.7,2,12,597.3,0
2019-08-31 19:16:31,5,46,22.4,70,12.9,1011.3,1016.2,1.4,1.7,12,597.3,0
2019-08-31 19:21:31,5,46,22.3,70,12.8,1011.4,1016.3,1.4,1.7,12,597.3,0
2019-08-31 19:26:31,5,45,22.2,70,12.6,1011.4,1016.3,1.4,1.7,12,597.3,0
2019-08-31 19:31:31,5,44,22,70,12.5,1011.5,1016.4,0.7,1,12,597.3,0
2019-08-31 19:36:31,5,45,21.9,73,12.3,1011.7,1016.6,1,1.4,10,597.3,0
2019-08-31 19:41:31,5,45,21.8,74,12.2,1011.7,1016.6,0.7,1,10,597.3,0
2019-08-31 19:46:31,5,47,21.6,74,12.1,1011.8,1016.7,1,1.4,10,597.3,0
2019-08-31 19:51:31,5,48,21.6,75,12.1,1011.8,1016.7,1,1.4,12,597.3,0
2019-08-31 19:56:31,5,49,21.6,75,12.1,1011.9,1016.8,1,1.7,12,597.3,0
2019-08-31 20:01:31,5,49,21.6,75,12.1,1012.1,1017,1,1.4,10,597.3,0
2019-08-31 20:06:31,5,49,21.6,75,12,1012.1,1017,1.4,2,12,597.3,0
2019-08-31 20:11:31,5,49,21.6,75,11.9,1012.1,1017,0.3,0.7,12,597.3,0
2019-08-31 20:16:31,5,49,21.6,75,11.7,1012.3,1017.2,0.3,0.7,12,597.3,0
2019-08-31 20:21:31,5,49,21.6,75,11.6,1012.3,1017.2,0.3,0.7,12,597.3,0
2019-08-31 20:26:31,5,50,21.6,76,11.5,1012.4,1017.3,0.3,0.3,12,597.3,0
2019-08-31 20:31:31,5,50,21.6,77,11.4,1012.4,1017.3,0.3,0.7,10,597.3,0
2019-08-31 20:36:31,5,50,21.6,78,11.3,1012.5,1017.4,0.3,0.7,0,597.3,0
2019-08-31 20:41:31,5,50,21.6,78,11.3,1012.5,1017.4,0.3,0.7,12,597.3,0
2019-08-31 20:46:31,5,51,21.6,78,11.2,1012.6,1017.5,0,0,10,597.3,0
2019-08-31 20:51:31,5,51,21.6,79,11,1012.6,1017.5,0,0,10,597.3,0
2019-08-31 20:56:31,5,50,21.6,79,10.9,1012.6,1017.5,0,0,10,597.3,0
2019-08-31 21:01:31,5,50,21.6,80,10.8,1012.8,1017.7,0.3,0.7,10,597.3,0
2019-08-31 21:06:31,5,51,21.7,80,10.8,1012.7,1017.6,0.7,1,10,597.3,0
2019-08-31 21:11:31,5,51,21.8,80,10.8,1012.7,1017.6,0.3,0.7,12,597.3,0
2019-08-31 21:16:31,5,52,21.8,80,10.8,1012.9,1017.8,0.7,1,12,597.3,0
2019-08-31 21:21:31,5,52,21.8,80,10.8,1012.8,1017.7,0.7,1,12,597.3,0
2019-08-31 21:26:31,5,52,21.8,80,10.8,1012.8,1017.7,0.3,0.7,12,597.3,0
2019-08-31 21:31:31,5,52,21.8,80,10.7,1012.7,1017.6,0.3,1,14,597.3,0
2019-08-31 21:36:31,5,53,21.8,80,10.6,1012.8,1017.7,0.3,1,10,597.3,0
2019-08-31 21:41:31,5,53,21.8,81,10.6,1013,1017.9,0.7,1,10,597.3,0
2019-08-31 21:46:31,5,53,21.9,81,10.6,1012.9,1017.8,0.7,1,10,597.3,0
2019-08-31 21:51:31,5,53,21.9,81,10.7,1012.9,1017.8,0.7,1,12,597.3,0
2019-08-31 21:56:31,5,53,21.9,82,10.8,1012.9,1017.8,0.3,1,10,597.3,0
2019-08-31 22:01:31,5,53,21.9,82,10.8,1012.9,1017.8,0.3,0.7,12,597.3,0
2019-08-31 22:06:31,5,54,21.9,82,10.7,1013.1,1018,0.7,1,10,597.3,0
2019-08-31 22:11:31,5,54,21.9,82,10.7,1013.1,1018,0.3,0.7,10,597.3,0
2019-08-31 22:16:31,5,54,21.9,82,10.7,1013.2,1018.1,0.3,0.7,10,597.3,0
2019-08-31 22:21:31,5,54,21.9,82,10.6,1013.3,1018.2,0.3,1,8,597.3,0
2019-08-31 22:26:31,5,53,22,82,10.6,1013.2,1018.1,0.3,0.7,8,597.3,0
2019-08-31 22:31:31,5,54,22,83,10.4,1013.3,1018.2,0,0,8,597.3,0
2019-08-31 22:36:31,5,54,22,83,10.3,1013.4,1018.3,0.3,0.7,12,597.3,0
2019-08-31 22:41:31,5,54,22,83,10.3,1013.5,1018.4,0,0.3,10,597.3,0
2019-08-31 22:46:31,5,54,22,83,10.2,1013.4,1018.3,0,0.3,10,597.3,0
2019-08-31 22:51:31,5,54,22,83,10.2,1013.4,1018.3,0.3,0.7,10,597.3,0
2019-08-31 22:56:31,5,54,22,84,10.3,1013.4,1018.3,0.3,0.7,10,597.3,0
2019-08-31 23:01:31,5,54,22,84,10.4,1013.4,1018.3,0.3,0.7,10,597.3,0
2019-08-31 23:06:31,5,55,22,84,10.4,1013.4,1018.3,0,0,8,597.3,0
2019-08-31 23:11:31,5,55,22,84,10.4,1013.6,1018.5,0,0,10,597.3,0
2019-08-31 23:16:31,5,55,22,84,10.3,1013.6,1018.5,0,0,10,597.3,0
2019-08-31 23:21:31,5,55,22,84,10.2,1013.5,1018.4,0,0,10,597.3,0
2019-08-31 23:26:31,5,55,22,84,10.1,1013.6,1018.5,0,0,10,597.3,0
2019-08-31 23:31:31,5,55,22,84,10,1013.7,1018.6,0,0.3,8,597.3,0
2019-08-31 23:36:31,5,55,22,84,9.9,1013.8,1018.7,0.3,0.7,10,597.3,0
2019-08-31 23:41:31,5,55,22,84,9.8,1013.6,1018.5,0.7,1,10,597.3,0
2019-08-31 23:46:31,5,55,22,85,9.8,1013.8,1018.7,0.3,0.7,10,597.3,0
2019-08-31 23:51:31,5,55,22,85,9.8,1013.8,1018.7,0.3,0.7,10,597.3,0
2019-08-31 23:56:31,5,55,22,85,9.7,1013.8,1018.7,0.3,0.7,10,597.3,0
