2022-12-20 00:03:28,5,52,20.2,74,7.7,992.2,997.1,3.7,4.8,10,299.4,0
2022-12-20 00:08:28,5,52,20.2,74,7.7,992.1,997,4.1,5.4,10,299.4,0
2022-12-20 00:13:28,5,52,20.2,74,7.8,992.2,997.1,3.7,4.4,8,299.4,0
2022-12-20 00:18:28,5,52,20.2,74,7.6,992.2,997.1,3.4,4.4,8,299.4,0
2022-12-20 00:23:28,5,52,20.2,75,7.6,992.3,997.2,3.7,5.1,8,299.4,0
2022-12-20 00:28:28,5,52,20.2,75,7.8,992.3,997.2,3.7,4.4,8,299.4,0
2022-12-20 00:33:28,5,52,20.2,74,7.9,992.2,997.1,4.4,4.8,8,299.4,0
2022-12-20 00:38:28,5,52,20.2,74,8.1,992.3,997.2,5.4,7.5,8,299.4,0
2022-12-20 00:43:28,5,52,20.2,73,8.5,992.4,997.3,6.8,9.2,10,299.4,0
2022-12-20 00:48:28,5,52,20.2,72,8.6,992.7,997.6,3.4,4.1,10,299.4,0
2022-12-20 00:53:28,5,52,20.2,73,8.4,992.8,997.7,6.1,7.1,10,299.4,0
2022-12-20 00:58:28,5,52,20.2,74,8.1,992.8,997.7,6.1,7.1,10,299.4,0
2022-12-20 01:03:28,5,52,20.2,75,7.9,992.8,997.7,4.4,5.4,8,299.4,0
2022-12-20 01:08:28,5,52,20.2,76,7.9,992.5,997.4,4.4,6.5,8,299.4,0
2022-12-20 01:13:28,5,52,20.2,75,8,992.5,997.4,4.8,5.4,10,299.4,0
2022-12-20 01:18:28,5,52,20.2,75,8,993.2,998.1,2.4,2.7,10,299.4,0
2022-12-20 01:23:28,5,52,20.2,75,7.7,992.9,997.8,3.4,5.4,8,299.4,0
2022-12-20 01:28:28,5,52,20.2,76,7.5,992.9,997.8,2.7,3.1,10,299.4,0
2022-12-20 01:33:28,5,52,20.2,83,7.4,993.1,998,3.1,4.8,8,299.7,0
2022-12-20 01:38:28,5,52,20.2,84,7.4,993.2,998.1,3.4,4.4,10,299.7,0
2022-12-20 01:43:28,5,52,20.2,84,7.4,992.9,997.8,3.7,4.8,10,299.7,0
2022-12-20 01:48:28,5,52,20.2,84,7.4,992.8,997.7,3.1,4.1,8,299.7,0
2022-12-20 01:53:28,5,52,20.2,84,7.3,992.9,997.8,3.4,4.4,10,299.7,0
2022-12-20 01:58:28,5,52,20.2,84,7.2,992.8,997.7,3.4,5.4,8,299.7,0
2022-12-20 02:03:28,5,51,20.1,84,7.2,993,997.9,4.1,5.1,10,299.7,0
2022-12-20 02:08:28,5,51,20.1,84,7.1,992.9,997.8,4.1,4.8,10,299.7,0
2022-12-20 02:13:28,5,51,20.1,84,7.1,993.1,998,5.1,6.1,8,299.7,0
2022-12-20 02:18:28,5,51,20.1,85,7.4,993.2,998.1,3.7,4.4,10,299.7,0
2022-12-20 02:23:28,5,51,20.1,85,7.3,992.9,997.8,3.4,4.1,10,299.7,0
2022-12-20 02:28:28,5,51,20.1,85,7.4,993,997.9,5.8,6.8,8,300,0
2022-12-20 02:33:28,5,51,20.1,85,7.4,993.2,998.1,4.8,5.8,10,300,0
2022-12-20 02:38:28,5,51,20.1,84,7.2,993.1,998,3.7,4.4,10,300,0
2022-12-20 02:43:28,5,51,20.1,84,7.2,993.1,998,3.7,4.8,8,300,0
2022-12-20 02:48:28,5,51,20.1,84,7.2,993.3,998.2,4.1,5.1,8,300,0
2022-12-20 02:53:28,5,51,20.1,84,7.3,993.2,998.1,5.1,6.1,8,300,0
2022-12-20 02:58:28,5,51,20.1,84,7.4,993.3,998.2,3.4,4.8,10,300,0
2022-12-20 03:03:28,5,51,20.1,79,7.5,993.3,998.2,5.1,7.5,8,300,0
2022-12-20 03:08:28,5,51,20.1,84,7.4,993.5,998.4,4.8,5.4,8,300,0
2022-12-20 03:13:28,5,51,20.1,83,7.4,993.5,998.4,5.8,7.1,8,300,0
2022-12-20 03:18:28,5,51,20.1,76,7.5,993.6,998.5,4.8,6.8,10,300,0
2022-12-20 03:23:28,5,51,20.1,76,7.5,993.7,998.6,4.8,5.4,10,300,0
2022-12-20 03:28:28,5,51,20.1,76,7.5,993.8,998.7,5.8,7.5,8,300,0
2022-12-20 03:33:28,5,51,20.1,76,7.5,994,998.9,5.4,7.1,10,300,0
2022-12-20 03:38:28,5,51,20.1,83,7.3,994.1,999,5.4,7.1,10,300,0
2022-12-20 03:43:28,5,51,20.1,83,7.1,993.8,998.7,4.4,5.4,10,300,0
2022-12-20 03:48:28,5,51,20,84,6.9,993.6,998.5,2.7,3.7,8,300,0
2022-12-20 03:53:28,5,51,20,85,6.8,994,998.9,2.7,3.7,10,300,0
2022-12-20 03:58:28,5,51,20,85,6.8,993.8,998.7,2.7,3.7,10,300,0
2022-12-20 04:03:28,5,51,20,85,6.7,994,998.9,3.4,5.1,8,300,0
2022-12-20 04:08:28,5,51,20,86,6.8,993.8,998.7,3.4,4.4,10,300,0
2022-12-20 04:13:28,5,51,20,86,6.8,994.1,999,3.7,4.8,8,300,0
2022-12-20 04:18:28,5,51,20,86,6.9,993.9,998.8,3.7,4.8,8,300.3,0
2022-12-20 04:23:28,5,51,20,86,6.9,994,998.9,3.7,5.1,10,300.3,0
2022-12-20 04:28:28,5,51,20,85,6.9,994,998.9,3.4,4.1,8,300.3,0
2022-12-20 04:33:28,5,51,20,85,6.8,993.9,998.8,4.4,6.1,8,300.3,0
2022-12-20 04:38:28,5,50,20,85,6.7,993.8,998.7,4.4,5.8,8,300.3,0
2022-12-20 04:43:28,5,50,20,85,6.8,993.6,998.5,7.1,7.8,10,300.3,0
2022-12-20 04:48:28,5,50,20,84,6.7,993.7,998.6,5.8,7.1,8,300.3,0
2022-12-20 04:53:28,5,50,20,84,6.7,993.7,998.6,5.4,7.1,8,300.3,0
2022-12-20 04:58:28,5,51,19.9,84,6.7,993.9,998.8,4.1,5.1,8,300.3,0
2022-12-20 05:03:28,5,51,19.9,84,6.7,993.9,998.8,4.8,5.8,8,300.3,0
2022-12-20 05:08:28,5,51,19.9,84,6.6,994,998.9,4.4,5.4,8,300.3,0
2022-12-20 05:13:28,5,51,19.9,84,6.6,993.8,998.7,5.8,6.8,8,300.3,0
2022-12-20 05:18:28,5,51,19.9,84,6.8,994,998.9,4.8,6.5,8,300.3,0
2022-12-20 05:23:28,5,51,19.9,83,6.8,994.1,999,6.1,7.5,8,300.3,0
2022-12-20 05:28:28,5,51,19.9,83,6.8,994.2,999.1,5.4,7.5,10,300.3,0
2022-12-20 05:33:28,5,51,19.9,83,6.7,994.1,999,3.7,5.1,8,300.6,0
2022-12-20 05:38:28,5,51,19.9,84,6.5,994.3,999.2,4.1,4.8,10,300.6,0
2022-12-20 05:43:28,5,51,19.9,84,6.6,994.3,999.2,5.1,6.1,9,300.6,0
2022-12-20 05:48:28,5,51,19.8,84,6.6,994.3,999.2,4.1,4.8,10,300.6,0
2022-12-20 05:53:28,5,51,19.8,84,6.6,994,998.9,4.1,4.8,10,300.6,0
2022-12-20 05:58:28,5,51,19.8,83,6.3,994.1,999,4.4,6.8,10,300.6,0
2022-12-20 06:03:28,5,51,19.8,83,6.2,994.2,999.1,3.4,4.4,10,300.6,0
2022-12-20 06:08:28,5,51,19.8,83,6.2,994.2,999.1,3.4,4.1,8,300.6,0
2022-12-20 06:13:28,5,51,19.8,84,6.2,994.1,999,4.8,6.5,10,300.6,0
2022-12-20 06:18:28,5,51,19.8,84,6.3,994.4,999.3,3.1,4.4,10,300.6,0
2022-12-20 06:23:28,5,51,19.8,85,6.2,994.8,999.7,3.1,4.4,10,300.6,0
2022-12-20 06:28:28,5,51,19.8,85,6.2,994.7,999.6,3.1,3.4,10,300.6,0
2022-12-20 06:33:28,5,51,19.8,85,6.1,994.8,999.7,2.7,4.4,10,300.6,0
2022-12-20 06:38:28,5,51,19.8,86,6.1,995,999.9,4.4,6.5,10,300.6,0
2022-12-20 06:43:28,5,51,19.8,86,6,994.4,999.3,3.1,4.1,10,300.6,0
2022-12-20 06:48:28,5,51,19.8,86,5.7,994.6,999.5,5.1,6.5,10,300.6,0
2022-12-20 06:53:28,5,51,19.8,85,5.6,994.6,999.5,6.8,8.5,10,300.9,0
2022-12-20 06:58:28,5,51,19.8,84,5.5,994.6,999.5,4.8,5.8,10,300.9,0
2022-12-20 07:03:28,5,51,19.7,84,5.4,994.6,999.5,5.8,7.5,8,300.9,0
2022-12-20 07:08:28,5,51,19.8,84,5.5,994.5,999.4,4.4,7.1,8,300.9,0
2022-12-20 07:13:28,5,51,19.8,84,5.5,994.6,999.5,5.4,7.5,8,300.9,0
2022-12-20 07:18:28,5,51,19.8,84,5.5,994.7,999.6,5.8,7.5,10,300.9,0
2022-12-20 07:23:28,5,51,19.8,83,5.5,994.8,999.7,4.8,5.8,10,300.9,0
2022-12-20 07:28:28,5,51,19.8,83,5.5,994.8,999.7,5.4,6.8,10,300.9,0
2022-12-20 07:33:28,5,51,19.8,82,5.6,994.9,999.8,6.5,8.5,8,300.9,0
2022-12-20 07:38:28,5,51,19.7,82,5.8,994.9,999.8,8.2,9.9,8,300.9,0
2022-12-20 07:43:28,5,51,19.7,82,5.6,994.8,999.7,5.1,5.8,10,300.9,0
2022-12-20 07:48:28,5,51,19.7,82,5.6,994.8,999.7,5.8,7.8,8,300.9,0
2022-12-20 07:53:28,5,51,19.7,81,5.6,994.9,999.8,6.1,7.5,8,300.9,0
2022-12-20 07:58:29,5,50,19.7,81,5.7,994.8,999.7,6.1,7.8,8,300.9,0
2022-12-20 08:03:28,5,50,19.7,81,5.6,995.1,1000,6.1,7.5,10,300.9,0
2022-12-20 08:08:28,5,50,19.7,81,5.8,995.4,1000.3,10.9,12.2,8,300.9,0
2022-12-20 08:13:28,5,50,19.7,81,5.6,995.1,1000,4.4,5.4,10,300.9,0
2022-12-20 08:18:28,5,50,19.7,82,5.5,995.1,1000,5.4,7.1,9,300.9,0
2022-12-20 08:23:28,5,50,19.7,82,5.5,995.2,1000.1,4.8,5.4,10,300.9,0
2022-12-20 08:28:28,5,50,19.7,81,5.4,995.3,1000.2,5.4,6.5,10,300.9,0
2022-12-20 08:33:28,5,50,19.7,82,5.5,995.5,1000.4,7.8,9.5,9,300.9,0
2022-12-20 08:38:28,5,50,19.7,82,5.4,995.4,1000.3,6.1,7.1,8,300.9,0
2022-12-20 08:43:28,5,50,19.7,81,5.4,995.4,1000.3,6.5,7.1,10,300.9,0
2022-12-20 08:48:28,5,50,19.6,81,5.3,995.4,1000.3,4.8,5.4,10,300.9,0
2022-12-20 08:53:28,5,50,19.6,82,5.3,995.6,1000.5,4.1,5.1,8,300.9,0
2022-12-20 08:58:28,5,50,19.6,82,5.3,995.6,1000.5,5.8,6.5,10,300.9,0
2022-12-20 09:03:28,5,49,19.6,82,5.2,995.5,1000.4,4.8,6.1,12,300.9,0
2022-12-20 09:08:28,5,49,19.6,82,5.3,995.6,1000.5,5.1,6.1,8,300.9,0
2022-12-20 09:13:28,5,49,19.6,82,5.5,995.8,1000.7,7.8,9.9,8,300.9,0
2022-12-20 09:18:28,5,49,19.6,82,5.4,995.6,1000.5,5.1,7.5,9,300.9,0
2022-12-20 09:23:28,5,49,19.6,82,5.4,995.7,1000.6,6.5,8.8,8,300.9,0
2022-12-20 09:28:28,5,50,19.5,82,5.4,995.9,1000.8,5.8,6.8,10,300.9,0
2022-12-20 09:33:28,5,51,19.6,82,5.8,996.2,1001.1,5.4,7.1,8,301.2,0
2022-12-20 09:38:28,5,51,19.7,82,5.7,996.4,1001.3,3.7,4.1,8,301.2,0
2022-12-20 09:43:28,5,51,19.7,82,5.4,996.3,1001.2,4.1,5.8,12,301.2,0
2022-12-20 09:48:28,5,52,19.9,82,5.2,996.2,1001.1,3.4,4.1,8,301.2,0
2022-12-20 09:53:28,5,52,19.9,83,5.2,996.3,1001.2,4.8,6.5,8,301.2,0
2022-12-20 09:58:28,5,51,20,83,5.2,996.2,1001.1,4.4,6.5,8,301.2,0
2022-12-20 10:03:28,5,51,20,83,5.4,996.4,1001.3,4.8,5.8,10,301.2,0
2022-12-20 10:08:28,5,51,20.1,83,5.5,996.3,1001.2,4.8,5.8,9,301.2,0
2022-12-20 10:13:28,5,51,20.1,84,5.6,996.1,1001,3.7,4.8,8,301.2,0
2022-12-20 10:18:28,5,52,20.2,84,5.6,996,1000.9,4.1,4.8,10,301.5,0
2022-12-20 10:23:28,5,52,20.2,84,5.6,996.1,1001,5.8,7.8,8,301.5,0
2022-12-20 10:28:28,5,52,20.3,83,5.8,996.2,1001.1,5.1,6.8,8,301.5,0
2022-12-20 10:33:28,5,52,20.4,82,5.9,996.1,1001,5.1,6.1,9,301.5,0
2022-12-20 10:38:28,5,52,20.4,81,6,996.3,1001.2,5.8,7.1,8,301.5,0
2022-12-20 10:43:28,5,52,20.5,81,6,996.2,1001.1,6.1,9.2,8,301.5,0
2022-12-20 10:48:28,5,51,20.5,81,6.1,996.3,1001.2,5.4,6.5,10,301.5,0
2022-12-20 10:53:28,5,50,20.5,80,6.1,996.2,1001.1,5.1,7.5,10,301.5,0
2022-12-20 10:58:28,5,50,20.5,80,6.2,996.3,1001.2,3.7,4.4,8,301.5,0
2022-12-20 11:03:28,5,50,20.4,80,6.6,996.4,1001.3,4.8,5.4,10,301.5,0
2022-12-20 11:08:28,5,50,20.4,80,6.6,996.5,1001.4,6.5,7.8,10,301.5,0
2022-12-20 11:13:28,5,50,20.4,79,6.4,996.6,1001.5,7.1,9.2,8,301.5,0
2022-12-20 11:18:28,5,50,20.3,80,6.7,996.6,1001.5,4.4,5.8,8,301.5,0
2022-12-20 11:23:28,5,50,20.3,80,6.9,996.7,1001.6,4.8,5.4,10,301.5,0
2022-12-20 11:28:28,5,50,20.3,78,7,996.7,1001.6,4.8,5.4,8,301.5,0
2022-12-20 11:33:28,5,50,20.3,78,6.8,996.8,1001.7,3.1,4.1,8,301.5,0
2022-12-20 11:38:28,5,50,20.3,78,6.7,996.8,1001.7,4.4,7.1,8,301.5,0
2022-12-20 11:43:28,5,50,20.2,79,6.7,996.6,1001.5,5.8,7.5,10,301.5,0
2022-12-20 11:48:28,5,50,20.2,80,6.8,996.6,1001.5,6.1,8.8,8,301.5,0
2022-12-20 11:53:28,5,50,20.2,80,6.9,996.6,1001.5,4.1,5.4,8,301.5,0
2022-12-20 11:58:28,5,51,20.3,80,7,996.6,1001.5,5.4,6.8,10,301.5,0
2022-12-20 12:03:28,5,51,20.3,80,7.3,996.5,1001.4,4.4,5.4,10,301.5,0
2022-12-20 12:08:28,5,51,20.3,72,7.5,996.5,1001.4,6.5,7.5,8,301.5,0
2022-12-20 12:13:28,5,51,20.4,72,7.6,996.6,1001.5,4.1,4.8,8,301.5,0
2022-12-20 12:18:28,5,51,20.4,76,7.1,996.3,1001.2,7.5,8.8,10,301.5,0
2022-12-20 12:23:28,5,51,20.5,77,6.8,996.6,1001.5,9.9,15.3,10,301.5,0
2022-12-20 12:28:28,5,51,20.5,80,6.3,996.4,1001.3,7.5,9.2,8,301.5,0
2022-12-20 12:33:28,5,51,20.5,80,6.4,996.5,1001.4,6.1,7.1,10,301.5,0
2022-12-20 12:38:28,5,51,20.6,80,6.8,996.5,1001.4,6.5,8.8,10,301.5,0
2022-12-20 12:43:28,5,51,20.7,79,7,996.6,1001.5,5.8,7.8,10,301.5,0
2022-12-20 12:48:28,5,51,20.7,78,7,996.5,1001.4,4.4,5.1,8,301.5,0
2022-12-20 12:53:28,5,51,20.7,78,7.3,996.4,1001.3,4.4,5.4,10,301.5,0
2022-12-20 12:58:28,5,51,20.8,76,7.4,996.4,1001.3,5.1,6.1,10,301.5,0
2022-12-20 13:03:28,5,51,20.8,76,7.1,996.6,1001.5,6.8,8.2,10,301.5,0
2022-12-20 13:08:28,5,51,20.8,78,6.6,996.5,1001.4,4.1,5.1,10,301.5,0
2022-12-20 13:13:28,5,51,20.9,80,6.4,996.5,1001.4,4.1,5.1,10,301.5,0
2022-12-20 13:18:28,5,51,20.8,81,6.8,996.2,1001.1,3.1,4.1,10,301.5,0
2022-12-20 13:23:28,5,51,20.8,74,7.5,996.2,1001.1,5.1,5.8,10,301.5,0
2022-12-20 13:28:28,5,51,20.8,72,7.9,996.2,1001.1,6.1,6.8,10,301.5,0
2022-12-20 13:33:28,5,51,20.8,71,7.9,996.1,1001,4.8,6.1,10,301.8,0
2022-12-20 13:38:28,5,51,20.8,70,7.8,996.5,1001.4,7.1,9.5,10,301.8,0
2022-12-20 13:43:28,5,51,20.8,68,7.7,996.4,1001.3,5.4,6.8,10,301.8,0
2022-12-20 13:48:28,5,51,20.8,67,7.9,996.4,1001.3,5.8,7.1,8,301.8,0
2022-12-20 13:53:28,5,50,20.7,66,7.9,996.4,1001.3,4.1,5.1,10,301.8,0
2022-12-20 13:58:28,5,50,20.6,65,7.8,996.1,1001,4.8,6.5,8,301.8,0
2022-12-20 14:03:28,5,50,20.6,64,7.5,996.3,1001.2,5.8,7.8,8,301.8,0
2022-12-20 14:08:28,5,50,20.6,64,7.6,996.1,1001,7.1,8.2,10,301.8,0
2022-12-20 14:13:28,5,50,20.6,63,7.6,996.1,1001,6.1,7.8,10,301.8,0
2022-12-20 14:18:28,5,50,20.6,62,7.6,996.3,1001.2,7.8,8.5,10,301.8,0
2022-12-20 14:23:28,5,50,20.6,66,7.4,996.4,1001.3,6.8,8.2,8,301.8,0
2022-12-20 14:28:28,5,50,20.6,66,7.3,996.2,1001.1,5.1,6.1,10,301.8,0
2022-12-20 14:33:28,5,50,20.6,66,7.4,996.6,1001.5,6.5,8.5,10,301.8,0
2022-12-20 14:38:28,5,50,20.6,68,7.2,996.6,1001.5,8.8,10.2,10,301.8,0
2022-12-20 14:43:28,5,50,20.6,70,7.1,996.4,1001.3,5.1,7.5,8,301.8,0
2022-12-20 14:48:28,5,50,20.7,71,6.9,996.3,1001.2,5.8,7.5,8,301.8,0
2022-12-20 14:53:28,5,50,20.7,71,6.8,996.3,1001.2,4.8,5.8,10,301.8,0
2022-12-20 14:58:28,5,50,20.7,72,6.9,996.4,1001.3,5.1,6.1,8,301.8,0
2022-12-20 15:03:28,5,50,20.8,72,6.9,996.4,1001.3,5.1,7.1,10,301.8,0
2022-12-20 15:08:28,5,50,20.8,73,6.9,996.5,1001.4,3.7,4.8,10,301.8,0
2022-12-20 15:13:28,5,49,21,72,6.9,996.3,1001.2,5.4,6.5,8,301.8,0
2022-12-20 15:18:28,5,48,21,72,7,996.4,1001.3,4.8,6.1,12,301.8,0
2022-12-20 15:23:28,5,48,21.1,72,7,996.6,1001.5,8.5,11.2,10,301.8,0
2022-12-20 15:28:28,5,48,21.1,74,6.8,996.4,1001.3,5.4,7.5,10,301.8,0
2022-12-20 15:33:28,5,47,21.1,75,6.7,996.5,1001.4,6.1,7.1,10,301.8,0
2022-12-20 15:38:28,5,47,21.1,73,6.9,996.4,1001.3,7.1,9.2,10,301.8,0
2022-12-20 15:43:28,5,47,21.1,72,6.9,996.5,1001.4,7.1,8.5,10,301.8,0
2022-12-20 15:48:28,5,47,21.1,71,7,996.6,1001.5,6.1,7.1,8,301.8,0
2022-12-20 15:53:28,5,47,21.1,71,7,996.4,1001.3,7.5,9.9,8,301.8,0
2022-12-20 15:58:28,5,46,21.1,70,6.9,996.4,1001.3,6.5,8.5,8,301.8,0
2022-12-20 16:03:28,5,46,21.1,70,6.8,996.2,1001.1,6.8,8.5,10,301.8,0
2022-12-20 16:08:28,5,46,21.1,71,6.6,996.3,1001.2,6.1,7.1,10,301.8,0
2022-12-20 16:13:28,5,45,21.1,71,6.6,996.5,1001.4,5.8,7.1,8,301.8,0
2022-12-20 16:18:28,5,45,21.1,71,6.5,996.6,1001.5,4.4,5.8,10,301.8,0
2022-12-20 16:23:28,5,45,21.1,71,6.4,996.7,1001.6,4.8,6.5,10,301.8,0
2022-12-20 16:28:28,5,45,21.1,70,6.4,996.7,1001.6,3.4,4.1,8,301.8,0
2022-12-20 16:33:28,5,45,21.1,70,6.4,996.6,1001.5,4.8,5.8,8,301.8,0
2022-12-20 16:38:28,5,44,21,70,6.4,996.8,1001.7,5.1,6.1,2,301.8,0
2022-12-20 16:43:28,5,44,21,71,6.4,997.1,1002,5.4,6.5,8,301.8,0
2022-12-20 16:48:28,5,45,20.9,71,6.2,996.9,1001.8,7.1,8.8,8,301.8,0
2022-12-20 16:53:28,5,45,20.8,71,6,996.9,1001.8,5.8,6.8,10,301.8,0
2022-12-20 16:58:28,5,46,20.8,72,5.8,997.2,1002.1,5.1,6.5,8,301.8,0
2022-12-20 17:03:28,5,46,20.7,73,5.8,997.2,1002.1,7.1,7.8,10,301.8,0
2022-12-20 17:08:28,5,46,20.6,73,5.7,997.2,1002.1,8.2,9.5,8,301.8,0
2022-12-20 17:13:28,5,46,20.5,73,5.7,997.1,1002,5.4,6.1,10,301.8,0
2022-12-20 17:18:28,5,46,20.5,73,5.6,997.1,1002,6.1,7.5,10,301.8,0
2022-12-20 17:23:28,5,46,20.5,74,5.4,996.8,1001.7,4.8,6.5,10,301.8,0
2022-12-20 17:28:28,5,46,20.4,74,5.3,996.8,1001.7,4.8,6.8,9,301.8,0
2022-12-20 17:33:28,5,46,20.3,75,5.3,997,1001.9,4.1,5.1,8,301.8,0
2022-12-20 17:38:28,5,46,20.2,76,5.3,996.7,1001.6,3.1,3.7,8,301.8,0
2022-12-20 17:43:28,5,46,20.2,76,5.2,996.6,1001.5,4.4,5.4,10,301.8,0
2022-12-20 17:48:28,5,46,20.2,76,5.3,996.7,1001.6,3.7,4.1,8,301.8,0
2022-12-20 17:53:28,5,46,20.1,77,5.4,997,1001.9,5.8,7.5,10,301.8,0
2022-12-20 17:58:28,5,46,20.1,78,5.7,997.1,1002,8.5,10.5,10,301.8,0
2022-12-20 18:03:28,5,46,20.1,78,5.8,997.1,1002,6.8,9.2,10,301.8,0
2022-12-20 18:08:28,5,46,20,77,5.8,997.1,1002,5.4,8.2,9,301.8,0
2022-12-20 18:13:28,5,46,20,77,5.6,997.3,1002.2,6.1,7.5,10,301.8,0
2022-12-20 18:18:28,5,48,19.9,78,5.5,997.1,1002,4.8,5.4,8,301.8,0
2022-12-20 18:23:28,5,48,19.9,78,5.4,997.1,1002,5.8,6.5,8,301.8,0
2022-12-20 18:28:28,5,48,19.9,78,5.6,997,1001.9,3.4,5.1,8,301.8,0
2022-12-20 18:33:28,5,48,19.8,78,5.5,997,1001.9,5.8,7.1,8,301.8,0
2022-12-20 18:38:28,5,49,19.8,80,5.7,997.5,1002.4,5.8,7.5,10,301.8,0
2022-12-20 18:43:28,5,49,19.8,80,5.6,997.4,1002.3,6.8,9.2,9,301.8,0
2022-12-20 18:48:28,5,49,19.7,81,5.5,997.5,1002.4,7.5,9.2,10,301.8,0
2022-12-20 18:53:28,5,50,19.7,81,5.1,997.1,1002,5.1,6.8,8,302.1,0
2022-12-20 18:58:28,5,50,19.7,82,5,997.1,1002,4.1,5.1,10,302.1,0
2022-12-20 19:03:28,5,51,19.7,82,4.8,996.9,1001.8,5.8,7.1,8,302.1,0
2022-12-20 19:08:28,5,51,19.7,82,4.9,997,1001.9,4.1,4.8,8,302.1,0
2022-12-20 19:13:28,5,51,19.7,81,4.8,996.9,1001.8,5.8,7.1,9,302.1,0
2022-12-20 19:18:28,5,51,19.7,81,4.8,997.1,1002,6.1,7.1,10,302.1,0
2022-12-20 19:23:28,5,51,19.7,81,4.9,997.2,1002.1,4.8,5.8,10,302.1,0
2022-12-20 19:28:28,5,51,19.7,81,5.2,997.6,1002.5,6.1,7.8,8,302.1,0
2022-12-20 19:33:28,5,51,19.6,80,5.3,997.3,1002.2,7.1,8.8,8,302.1,0
2022-12-20 19:38:28,5,52,19.6,80,5.1,997.5,1002.4,5.4,6.5,8,302.1,0
2022-12-20 19:43:28,5,52,19.7,80,5,997.6,1002.5,7.5,9.5,8,302.1,0
2022-12-20 19:48:28,5,52,19.6,80,4.6,997.6,1002.5,7.1,8.2,10,302.1,0
2022-12-20 19:53:28,5,52,19.6,81,4.5,997.3,1002.2,5.4,7.1,10,302.1,0
2022-12-20 19:58:28,5,52,19.7,81,4.6,997.1,1002,8.2,9.5,10,302.1,0
2022-12-20 20:03:28,5,52,19.7,82,4.7,997.1,1002,6.5,8.5,8,302.1,0
2022-12-20 20:08:28,5,52,19.6,81,4.8,996.9,1001.8,7.5,9.2,8,302.1,0
2022-12-20 20:13:28,5,52,19.7,81,4.8,996.9,1001.8,6.8,10.5,8,302.1,0
2022-12-20 20:18:28,5,52,19.7,81,4.6,996.8,1001.7,5.4,6.5,8,302.1,0
2022-12-20 20:23:28,5,52,19.7,81,4.6,996.7,1001.6,5.8,8.5,10,302.1,0
2022-12-20 20:28:28,5,52,19.7,81,4.6,996.6,1001.5,3.4,4.1,8,302.1,0
2022-12-20 20:33:28,5,52,19.7,81,4.6,996.8,1001.7,4.8,5.8,8,302.1,0
2022-12-20 20:38:28,5,52,19.7,81,4.6,996.8,1001.7,3.4,5.4,10,302.1,0
2022-12-20 20:43:28,5,52,19.7,81,4.6,996.6,1001.5,4.8,6.1,10,302.1,0
2022-12-20 20:48:28,5,52,19.7,81,4.6,996.7,1001.6,4.4,5.1,10,302.1,0
2022-12-20 20:53:28,5,52,19.7,81,4.6,996.8,1001.7,4.8,5.4,9,302.1,0
2022-12-20 20:58:28,5,53,19.8,82,4.7,996.5,1001.4,4.8,5.4,8,302.1,0
2022-12-20 21:03:28,5,53,19.8,82,4.8,996.6,1001.5,4.8,7.1,8,302.1,0
2022-12-20 21:08:28,5,53,19.9,82,5,996.5,1001.4,5.1,5.8,8,302.1,0
2022-12-20 21:13:28,5,53,19.9,82,5,996.4,1001.3,4.8,6.5,8,302.1,0
2022-12-20 21:18:28,5,52,20,82,5.1,996.4,1001.3,5.4,7.5,10,302.1,0
2022-12-20 21:23:28,5,51,20,82,5.1,996.3,1001.2,4.8,5.4,8,302.1,0
2022-12-20 21:28:28,5,51,20,82,5.2,996.4,1001.3,5.1,6.5,10,302.1,0
2022-12-20 21:33:28,5,51,20,82,5.2,996.3,1001.2,6.1,7.1,8,302.1,0
2022-12-20 21:38:28,5,51,20,81,5.3,996.4,1001.3,4.4,5.4,10,302.1,0
2022-12-20 21:43:28,5,51,20,81,5.3,996.3,1001.2,6.1,7.8,8,302.1,0
2022-12-20 21:48:28,5,51,20,81,5.2,996.3,1001.2,4.1,5.1,10,302.1,0
2022-12-20 21:53:28,5,51,20,81,5.2,996.2,1001.1,5.1,6.8,8,302.1,0
2022-12-20 21:58:28,5,50,20,81,5.2,996.4,1001.3,4.1,5.1,10,302.1,0
2022-12-20 22:03:28,5,50,20,81,5.2,996.3,1001.2,6.1,8.2,10,302.1,0
2022-12-20 22:08:28,5,50,20,81,5.3,996.3,1001.2,7.1,9.2,10,302.1,0
2022-12-20 22:13:28,5,50,20,81,5.3,996.3,1001.2,5.4,7.1,10,302.1,0
2022-12-20 22:18:28,5,50,20,81,5.2,996,1000.9,5.1,6.1,8,302.1,0
2022-12-20 22:23:28,5,50,20,81,5.2,996.1,1001,5.8,7.1,8,302.1,0
2022-12-20 22:28:28,5,50,20,81,5.1,996.1,1001,5.8,7.5,8,302.1,0
2022-12-20 22:33:28,5,50,20,81,5,996.1,1001,4.8,5.1,8,302.1,0
2022-12-20 22:38:28,5,50,20,81,5.1,995.9,1000.8,6.1,6.8,8,302.1,0
2022-12-20 22:43:28,5,50,20,80,5.1,996.2,1001.1,5.1,5.8,8,302.1,0
2022-12-20 22:48:28,5,50,20,81,5.2,996,1000.9,4.8,7.1,10,302.4,0
2022-12-20 22:53:28,5,50,20,81,5.3,996.2,1001.1,6.5,7.1,8,302.4,0
2022-12-20 22:58:28,5,51,19.9,81,5.3,996.2,1001.1,5.8,8.2,8,302.4,0
2022-12-20 23:03:28,5,51,19.9,80,5.4,996.1,1001,6.1,7.8,8,302.4,0
2022-12-20 23:08:28,5,51,19.9,80,5.2,996.1,1001,5.4,7.1,8,302.4,0
2022-12-20 23:13:28,5,51,19.9,81,5.1,996,1000.9,4.4,6.1,10,302.4,0
2022-12-20 23:18:28,5,51,19.9,81,5,995.8,1000.7,4.4,5.8,10,302.4,0
2022-12-20 23:23:28,5,51,19.9,81,5,995.8,1000.7,6.1,7.8,8,302.4,0
2022-12-20 23:28:28,5,51,19.9,82,5.1,995.8,1000.7,6.1,8.8,10,302.4,0
2022-12-20 23:33:28,5,51,19.9,82,5.2,995.7,1000.6,5.8,7.8,8,302.4,0
2022-12-20 23:38:28,5,51,19.9,82,5.2,995.7,1000.6,5.1,6.8,10,302.4,0
2022-12-20 23:43:28,5,51,19.9,82,5.2,995.6,1000.5,5.4,7.5,10,302.4,0
2022-12-20 23:48:28,5,51,19.9,82,5.2,995.6,1000.5,6.8,8.2,8,302.4,0
2022-12-20 23:53:28,5,51,19.9,82,5.3,995.5,1000.4,6.1,7.5,10,302.4,0
2022-12-20 23:58:28,5,51,19.9,82,5.4,995.6,1000.5,7.5,8.8,8,302.4,0
