2022-12-05 00:01:31,5,55,18.9,90,5.5,1021.2,1026.1,3.1,4.4,0,290.4,0
2022-12-05 00:06:31,5,55,18.9,90,5.5,1021.2,1026.1,3.1,3.4,2,290.4,0
2022-12-05 00:11:31,5,55,18.9,90,5.5,1021.2,1026.1,3.1,4.1,2,290.4,0
2022-12-05 00:16:31,5,55,18.9,90,5.5,1021.2,1026.1,2.4,3.1,2,290.4,0
2022-12-05 00:21:31,5,55,18.9,90,5.5,1021.2,1026.1,2.4,4.4,2,290.4,0
2022-12-05 00:26:31,5,55,18.9,90,5.5,1021.3,1026.2,2.7,4.1,2,290.4,0
2022-12-05 00:31:31,5,56,18.9,90,5.5,1021.3,1026.2,2,2.4,0,290.4,0
2022-12-05 00:36:31,5,56,18.9,90,5.4,1021.4,1026.3,2,2.4,1,290.4,0
2022-12-05 00:41:31,5,56,18.9,90,5.4,1021.4,1026.3,2,3.4,4,290.4,0
2022-12-05 00:46:31,5,56,18.9,90,5.4,1021.4,1026.3,2.4,3.7,0,290.4,0
2022-12-05 00:51:31,5,56,18.9,90,5.4,1021.4,1026.3,4.4,5.8,2,290.4,0
2022-12-05 00:56:31,5,56,18.9,90,5.3,1021.5,1026.4,1.7,2.4,0,290.4,0
2022-12-05 01:01:31,5,56,18.9,90,5.3,1021.6,1026.5,1.7,2.4,2,290.4,0
2022-12-05 01:06:31,5,56,18.9,90,5.3,1021.6,1026.5,2,2.7,2,290.4,0
2022-12-05 01:11:31,5,56,18.9,90,5.4,1021.6,1026.5,2,2.7,14,290.4,0
2022-12-05 01:16:31,5,56,18.9,90,5.4,1021.4,1026.3,2.4,2.7,0,290.4,0
2022-12-05 01:21:31,5,56,18.9,90,5.4,1021.7,1026.6,2,3.1,2,290.7,0
2022-12-05 01:26:31,5,56,18.9,90,5.3,1021.7,1026.6,1.7,2.4,0,290.7,0
2022-12-05 01:31:31,5,56,18.9,90,5.2,1021.8,1026.7,1.4,2.7,2,290.7,0
2022-12-05 01:36:31,5,56,18.9,90,5.1,1021.8,1026.7,2,2.7,2,290.7,0
2022-12-05 01:41:31,5,56,18.9,90,5.1,1021.7,1026.6,1.7,3.4,2,290.7,0
2022-12-05 01:46:31,5,56,18.9,90,5.3,1021.9,1026.8,2,2.7,2,290.7,0
2022-12-05 01:51:31,5,56,18.9,90,5.3,1021.7,1026.6,1,1.7,0,290.7,0
2022-12-05 01:56:31,5,56,18.9,90,5.4,1021.7,1026.6,2.4,3.4,0,290.7,0
2022-12-05 02:01:31,5,56,18.9,91,5.5,1021.7,1026.6,2,2.7,2,290.7,0
2022-12-05 02:06:31,5,56,18.9,91,5.5,1021.8,1026.7,2,3.7,2,290.7,0
2022-12-05 02:11:31,5,56,18.9,91,5.6,1021.8,1026.7,2.4,4.1,2,290.7,0
2022-12-05 02:16:31,5,56,18.9,91,5.6,1021.7,1026.6,2.7,3.4,2,290.7,0
2022-12-05 02:21:31,5,56,18.9,91,5.6,1021.8,1026.7,1.4,2.7,2,290.7,0
2022-12-05 02:26:31,5,56,18.9,91,5.6,1021.8,1026.7,2.4,2.7,2,290.7,0
2022-12-05 02:31:31,5,56,18.9,91,5.6,1021.7,1026.6,1.7,2,2,290.7,0
2022-12-05 02:36:31,5,56,18.9,91,5.5,1021.9,1026.8,1.7,2.4,2,290.7,0
2022-12-05 02:41:31,5,56,18.9,91,5.4,1021.9,1026.8,1.7,2.7,2,290.7,0
2022-12-05 02:46:31,5,56,18.9,91,5.4,1021.8,1026.7,2,3.1,0,290.7,0
2022-12-05 02:51:31,5,56,18.9,91,5.4,1022,1026.9,2,3.1,0,290.7,0
2022-12-05 02:56:31,5,56,18.9,91,5.3,1022,1026.9,2.4,3.4,2,290.7,0
2022-12-05 03:01:31,5,55,18.9,91,5.2,1022,1026.9,1.7,2.4,0,290.7,0
2022-12-05 03:06:31,5,55,18.9,91,5.1,1022.1,1027,2,3.1,0,290.7,0
2022-12-05 03:11:31,5,55,18.9,91,5,1022.2,1027.1,2,3.4,2,290.7,0
2022-12-05 03:16:31,5,55,18.9,91,5,1022.2,1027.1,2,2.7,2,290.7,0
2022-12-05 03:21:31,5,56,18.9,91,5,1022.1,1027,2.4,3.4,1,290.7,0
2022-12-05 03:26:31,5,56,18.9,91,5,1022.1,1027,2,3.7,2,290.7,0
2022-12-05 03:31:31,5,56,18.8,91,5.2,1022.1,1027,2.7,3.4,0,290.7,0
2022-12-05 03:36:31,5,56,18.8,91,5.3,1022.2,1027.1,2,2.7,2,290.7,0
2022-12-05 03:41:31,5,56,18.8,91,5.4,1022.3,1027.2,2,4.4,0,290.7,0
2022-12-05 03:46:31,5,56,18.8,91,5.4,1022.4,1027.3,2,3.1,0,290.7,0
2022-12-05 03:51:31,5,56,18.8,91,5.4,1022.3,1027.2,2,2.7,2,290.7,0
2022-12-05 03:56:31,5,56,18.8,91,5.4,1022.3,1027.2,2.4,3.4,2,290.7,0
2022-12-05 04:01:31,5,55,18.8,91,5.4,1022.3,1027.2,1.7,2.4,2,290.7,0
2022-12-05 04:06:31,5,55,18.8,91,5.5,1022.2,1027.1,2,2.7,2,290.7,0
2022-12-05 04:11:31,5,55,18.8,91,5.6,1022.3,1027.2,3.7,5.1,2,290.7,0
2022-12-05 04:16:31,5,55,18.8,91,5.6,1022.4,1027.3,3.7,4.4,2,290.7,0
2022-12-05 04:21:31,5,55,18.8,91,5.6,1022.2,1027.1,3.1,3.7,0,290.7,0
2022-12-05 04:26:31,5,55,18.8,91,5.4,1022.4,1027.3,2.4,4.4,0,290.7,0
2022-12-05 04:31:31,5,55,18.8,91,5.3,1022.3,1027.2,2,4.1,0,290.7,0
2022-12-05 04:36:31,5,55,18.8,91,5.3,1022.3,1027.2,2.4,3.4,0,290.7,0
2022-12-05 04:41:31,5,55,18.8,90,5.2,1022.4,1027.3,3.4,4.8,0,290.7,0
2022-12-05 04:46:31,5,55,18.8,90,5.1,1022.4,1027.3,2.7,4.1,2,290.7,0
2022-12-05 04:51:31,5,55,18.8,90,5,1022.5,1027.4,2,3.1,2,290.7,0
2022-12-05 04:56:31,5,55,18.8,90,5,1022.5,1027.4,2,2.7,0,290.7,0
2022-12-05 05:01:31,5,55,18.8,90,4.9,1022.5,1027.4,1.7,2.7,0,290.7,0
2022-12-05 05:06:31,5,55,18.8,90,4.8,1022.6,1027.5,2.4,3.4,0,290.7,0
2022-12-05 05:11:31,5,55,18.7,90,4.7,1022.6,1027.5,2.7,3.7,0,290.7,0
2022-12-05 05:16:31,5,55,18.7,90,4.6,1022.8,1027.7,3.1,4.1,0,290.7,0
2022-12-05 05:21:31,5,55,18.7,90,4.5,1022.7,1027.6,2.7,3.4,0,290.7,0
2022-12-05 05:26:31,5,55,18.7,90,4.6,1022.9,1027.8,3.7,4.1,2,290.7,0
2022-12-05 05:31:31,5,55,18.7,90,4.8,1022.8,1027.7,2.7,3.4,0,290.7,0
2022-12-05 05:36:31,5,55,18.7,90,4.9,1022.9,1027.8,2.4,3.1,0,290.7,0
2022-12-05 05:41:31,5,55,18.7,90,4.9,1022.9,1027.8,4.4,6.1,0,290.7,0
2022-12-05 05:46:31,5,55,18.7,90,4.8,1023,1027.9,3.1,4.8,2,290.7,0
2022-12-05 05:51:31,5,55,18.7,90,4.6,1023,1027.9,2.4,4.1,2,290.7,0
2022-12-05 05:56:31,5,55,18.7,90,4.4,1023.1,1028,3.1,4.4,2,290.7,0
2022-12-05 06:01:31,5,55,18.7,90,4.3,1023.3,1028.2,2.4,3.1,2,290.7,0
2022-12-05 06:06:31,5,54,18.6,90,4.3,1023.3,1028.2,3.1,4.1,2,290.7,0
2022-12-05 06:11:31,5,54,18.6,90,4.2,1023.2,1028.1,2.7,4.8,0,290.7,0
2022-12-05 06:16:31,5,54,18.6,90,4.2,1023.3,1028.2,3.1,4.4,2,290.7,0
2022-12-05 06:21:31,5,54,18.6,90,4.3,1023.3,1028.2,2.7,4.1,2,290.7,0
2022-12-05 06:26:31,5,54,18.6,90,4.3,1023.3,1028.2,2.7,3.4,2,290.7,0
2022-12-05 06:31:31,5,54,18.6,90,4.3,1023.5,1028.4,3.1,4.8,2,290.7,0
2022-12-05 06:36:31,5,54,18.6,90,4.5,1023.5,1028.4,3.1,4.1,0,290.7,0
2022-12-05 06:41:31,5,54,18.6,90,4.6,1023.4,1028.3,2,2.7,2,290.7,0
2022-12-05 06:46:33,5,54,18.6,90,4.6,1023.5,1028.4,2.4,3.1,0,290.7,0
2022-12-05 06:51:30,5,54,18.6,90,4.7,1023.6,1028.5,1.7,2.4,2,290.7,0
2022-12-05 06:56:30,5,54,18.6,90,4.7,1023.5,1028.4,2.7,4.4,0,290.7,0
2022-12-05 07:01:30,5,54,18.6,90,4.8,1023.6,1028.5,2,2.7,2,290.7,0
2022-12-05 07:06:30,5,54,18.6,90,4.9,1023.5,1028.4,2.4,4.1,0,290.7,0
2022-12-05 07:11:30,5,54,18.6,90,4.9,1023.7,1028.6,2.7,4.1,2,290.7,0
2022-12-05 07:16:30,5,54,18.6,90,5,1023.8,1028.7,2,4.1,2,290.7,0
2022-12-05 07:21:30,5,54,18.6,90,5.1,1023.7,1028.6,3.1,5.1,0,290.7,0
2022-12-05 07:26:30,5,54,18.6,90,5.2,1023.7,1028.6,3.4,5.1,2,290.7,0
2022-12-05 07:31:30,5,54,18.6,90,5.3,1023.9,1028.8,3.7,5.4,0,290.7,0
2022-12-05 07:36:30,5,54,18.6,90,5.3,1024,1028.9,2,3.4,0,290.7,0
2022-12-05 07:41:30,5,54,18.6,90,5.4,1024,1028.9,3.1,4.8,0,290.7,0
2022-12-05 07:46:30,5,54,18.6,90,5.4,1024.1,1029,4.1,5.1,2,290.7,0
2022-12-05 07:51:30,5,54,18.6,90,5.5,1024.3,1029.2,3.4,4.4,2,290.7,0
2022-12-05 07:56:30,5,54,18.6,90,5.5,1024.3,1029.2,4.4,5.8,2,290.7,0
2022-12-05 08:01:30,5,54,18.6,90,5.5,1024.3,1029.2,3.7,5.8,2,290.7,0
2022-12-05 08:06:30,5,54,18.6,90,5.5,1024.3,1029.2,3.7,4.8,2,290.7,0
2022-12-05 08:11:30,5,54,18.6,90,5.5,1024.2,1029.1,3.1,4.1,2,290.7,0
2022-12-05 08:16:30,5,54,18.6,90,5.6,1024.4,1029.3,4.1,5.4,0,290.7,0
2022-12-05 08:21:30,5,54,18.6,90,5.6,1024.4,1029.3,4.1,5.1,0,290.7,0
2022-12-05 08:26:30,5,54,18.6,90,5.5,1024.5,1029.4,3.1,4.4,2,290.7,0
2022-12-05 08:31:30,5,54,18.5,90,5.5,1024.4,1029.3,3.4,4.8,0,290.7,0
2022-12-05 08:36:30,5,54,18.5,90,5.5,1024.6,1029.5,3.1,3.4,0,290.7,0
2022-12-05 08:41:30,5,54,18.5,90,5.5,1024.7,1029.6,3.4,4.8,2,290.7,0
2022-12-05 08:46:30,5,54,18.5,90,5.5,1024.6,1029.5,4.4,5.4,2,290.7,0
2022-12-05 08:51:30,5,54,18.5,90,5.5,1024.6,1029.5,3.4,5.1,2,290.7,0
2022-12-05 08:56:30,5,54,18.5,90,5.5,1024.8,1029.7,2.7,3.4,2,290.7,0
2022-12-05 09:01:30,5,54,18.5,90,5.5,1024.7,1029.6,2.7,3.4,4,290.7,0
2022-12-05 09:06:30,5,54,18.5,90,5.5,1024.8,1029.7,4.8,5.8,2,290.7,0
2022-12-05 09:11:30,5,52,18.5,90,5.6,1024.8,1029.7,3.7,4.8,2,290.7,0
2022-12-05 09:16:30,5,53,18.4,90,5.5,1024.8,1029.7,3.7,4.8,0,290.7,0
2022-12-05 09:21:30,5,53,18.4,89,5.5,1024.9,1029.8,3.4,4.1,2,290.7,0
2022-12-05 09:26:30,5,53,18.4,89,5.5,1024.9,1029.8,3.4,4.4,2,290.7,0
2022-12-05 09:31:30,5,53,18.4,89,5.6,1025,1029.9,3.7,5.1,0,290.7,0
2022-12-05 09:36:30,5,53,18.4,89,5.6,1025,1029.9,3.1,4.1,1,290.7,0
2022-12-05 09:41:30,5,53,18.4,89,5.7,1025.1,1030,4.8,6.1,2,290.7,0
2022-12-05 09:46:30,5,54,18.5,89,5.8,1025,1029.9,2.4,3.4,15,290.7,0
2022-12-05 09:51:30,5,55,18.5,89,5.9,1024.9,1029.8,3.7,5.4,2,290.7,0
2022-12-05 09:56:30,5,55,18.6,89,5.9,1025,1029.9,2.7,3.7,2,290.7,0
2022-12-05 10:01:30,5,56,18.7,89,6,1025,1029.9,2.4,3.7,0,290.7,0
2022-12-05 10:06:30,5,56,18.8,88,6.1,1024.9,1029.8,2.7,3.4,0,290.7,0
2022-12-05 10:11:30,5,56,18.8,88,6.1,1025,1029.9,2.4,3.4,0,290.7,0
2022-12-05 10:16:30,5,56,18.9,88,6.2,1025,1029.9,3.1,4.1,0,290.7,0
2022-12-05 10:21:30,5,56,18.9,87,6.2,1025,1029.9,2,2.7,2,290.7,0
2022-12-05 10:26:30,5,57,18.9,87,6.2,1025,1029.9,3.1,5.4,2,290.7,0
2022-12-05 10:31:30,5,57,18.9,87,6.2,1025.2,1030.1,3.7,5.1,2,290.7,0
2022-12-05 10:36:30,5,56,19,87,6.2,1025.3,1030.2,4.4,5.4,2,290.7,0
2022-12-05 10:41:30,5,56,19.1,87,6.2,1025.2,1030.1,3.4,5.8,2,290.7,0
2022-12-05 10:46:30,5,56,19.1,87,6.2,1025.1,1030,4.1,5.4,0,290.7,0
2022-12-05 10:51:30,5,56,19.2,87,6.3,1025.3,1030.2,3.4,4.8,2,290.7,0
2022-12-05 10:56:30,5,56,19.3,88,6.4,1025,1029.9,3.4,4.1,2,290.7,0
2022-12-05 11:01:30,5,56,19.4,88,6.7,1025.2,1030.1,3.4,5.4,2,290.7,0
2022-12-05 11:06:30,5,56,19.4,87,6.8,1025,1029.9,3.7,4.4,14,290.7,0
2022-12-05 11:11:30,5,56,19.5,87,6.6,1025.1,1030,5.1,8.2,0,290.7,0
2022-12-05 11:16:30,5,56,19.6,87,6.5,1024.9,1029.8,3.4,4.8,0,290.7,0
2022-12-05 11:21:30,5,56,19.6,87,6.5,1024.9,1029.8,4.8,6.5,2,290.7,0
2022-12-05 11:26:30,5,56,19.6,87,6.6,1024.8,1029.7,3.1,5.1,2,290.7,0
2022-12-05 11:31:30,5,56,19.5,87,6.7,1025,1029.9,4.8,6.8,2,290.7,0
2022-12-05 11:36:30,5,56,19.5,86,6.8,1025,1029.9,3.1,4.4,2,290.7,0
2022-12-05 11:41:30,5,56,19.5,86,6.8,1024.9,1029.8,2.7,4.4,0,290.7,0
2022-12-05 11:46:30,5,56,19.6,86,6.8,1025.2,1030.1,4.4,5.8,2,290.7,0
2022-12-05 11:51:30,5,56,19.7,85,6.8,1024.9,1029.8,4.1,5.1,0,290.7,0
2022-12-05 11:56:30,5,56,19.7,85,6.8,1024.9,1029.8,3.7,5.1,2,290.7,0
2022-12-05 12:01:30,5,56,19.7,85,6.9,1024.9,1029.8,3.7,4.8,2,290.7,0
2022-12-05 12:06:30,5,56,19.7,85,6.9,1025,1029.9,4.1,5.4,0,290.7,0
2022-12-05 12:11:30,5,56,19.8,85,6.9,1024.8,1029.7,4.1,4.8,0,290.7,0
2022-12-05 12:16:30,5,56,19.8,85,6.9,1024.7,1029.6,5.1,8.5,0,290.7,0
2022-12-05 12:21:30,5,56,19.9,85,6.9,1024.9,1029.8,4.1,5.4,2,290.7,0
2022-12-05 12:26:30,5,56,19.9,85,6.9,1024.8,1029.7,4.4,5.4,2,290.7,0
2022-12-05 12:31:30,5,56,19.9,85,6.9,1024.7,1029.6,4.8,6.1,0,290.7,0
2022-12-05 12:36:30,5,55,20,85,7,1024.7,1029.6,4.1,6.1,0,290.7,0
2022-12-05 12:41:30,5,55,20,85,7.1,1024.7,1029.6,4.1,5.1,2,290.7,0
2022-12-05 12:46:30,5,55,20.1,85,7.2,1024.7,1029.6,4.4,5.8,0,290.7,0
2022-12-05 12:51:30,5,55,20.1,85,7.2,1024.6,1029.5,4.8,6.1,0,290.7,0
2022-12-05 12:56:30,5,55,20.1,84,7.2,1024.7,1029.6,3.4,4.8,4,290.7,0
2022-12-05 13:01:30,5,55,20.1,84,7.3,1024.7,1029.6,3.1,4.1,1,290.7,0
2022-12-05 13:06:30,5,55,20.1,84,7.3,1024.8,1029.7,2.4,3.4,0,290.7,0
2022-12-05 13:11:30,5,55,20.1,83,7.2,1024.6,1029.5,3.7,4.4,0,290.7,0
2022-12-05 13:16:30,5,55,20.1,83,7.2,1024.6,1029.5,4.4,5.8,0,290.7,0
2022-12-05 13:21:30,5,55,20.1,83,7.2,1024.6,1029.5,4.1,5.8,0,290.7,0
2022-12-05 13:26:30,5,55,20.1,83,7.2,1024.7,1029.6,3.1,3.7,0,290.7,0
2022-12-05 13:31:30,5,55,20.1,83,7.1,1024.6,1029.5,3.7,5.1,2,290.7,0
2022-12-05 13:36:30,5,55,20,83,7.1,1024.7,1029.6,4.1,4.8,2,290.7,0
2022-12-05 13:41:30,5,55,20,83,7,1024.7,1029.6,2.4,3.7,2,290.7,0
2022-12-05 13:46:30,5,55,20,84,7,1024.6,1029.5,4.8,6.1,0,290.7,0
2022-12-05 13:51:30,5,55,19.9,84,7,1024.5,1029.4,3.4,4.8,2,290.7,0
2022-12-05 13:56:30,5,56,19.8,84,7,1024.5,1029.4,4.1,5.4,2,290.7,0
2022-12-05 14:01:30,5,56,19.8,84,7.1,1024.4,1029.3,4.4,6.5,0,290.7,0
2022-12-05 14:06:30,5,56,19.7,83,7.1,1024.4,1029.3,3.4,5.1,0,290.7,0
2022-12-05 14:11:30,5,56,19.7,83,7.1,1024.5,1029.4,3.7,5.1,1,290.7,0
2022-12-05 14:16:30,5,56,19.7,83,7,1024.5,1029.4,4.4,6.1,2,290.7,0
2022-12-05 14:21:30,5,56,19.6,83,6.9,1024.5,1029.4,2.4,5.1,2,290.7,0
2022-12-05 14:26:30,5,56,19.6,83,6.8,1024.4,1029.3,3.4,3.7,2,290.7,0
2022-12-05 14:31:30,5,56,19.6,83,6.8,1024.4,1029.3,3.7,4.8,2,290.7,0
2022-12-05 14:36:30,5,57,19.6,83,6.8,1024.4,1029.3,3.4,4.4,0,290.7,0
2022-12-05 14:41:30,5,57,19.7,84,6.9,1024.5,1029.4,4.1,5.1,2,290.7,0
2022-12-05 14:46:30,5,57,19.7,84,6.9,1024.6,1029.5,4.4,6.1,0,290.7,0
2022-12-05 14:51:30,5,57,19.7,84,6.9,1024.5,1029.4,3.1,4.1,0,290.7,0
2022-12-05 14:56:30,5,57,19.7,84,6.8,1024.4,1029.3,3.7,4.4,2,290.7,0
2022-12-05 15:01:30,5,57,19.8,84,6.8,1024.4,1029.3,3.7,4.4,2,290.7,0
2022-12-05 15:06:30,5,57,19.8,84,6.8,1024.5,1029.4,2.4,4.1,2,290.7,0
2022-12-05 15:11:30,5,57,19.8,84,6.8,1024.4,1029.3,4.1,6.1,2,290.7,0
2022-12-05 15:16:30,5,57,19.9,85,6.8,1024.4,1029.3,2.4,3.1,0,290.7,0
2022-12-05 15:21:30,5,57,19.9,85,6.8,1024.5,1029.4,3.4,4.4,2,290.7,0
2022-12-05 15:26:30,5,57,19.9,85,6.8,1024.5,1029.4,3.1,4.1,0,290.7,0
2022-12-05 15:31:30,5,57,19.9,85,6.8,1024.5,1029.4,3.7,5.1,2,290.7,0
2022-12-05 15:36:30,5,56,20,85,6.8,1024.4,1029.3,2.4,3.1,2,290.7,0
2022-12-05 15:41:30,5,56,20,85,6.8,1024.4,1029.3,4.8,7.5,2,290.7,0
2022-12-05 15:46:30,5,55,20,85,6.8,1024.6,1029.5,4.1,6.5,2,290.7,0
2022-12-05 15:51:30,5,55,20,85,6.8,1024.4,1029.3,4.1,5.8,0,290.7,0
2022-12-05 15:56:30,5,55,20.1,85,6.7,1024.6,1029.5,4.4,6.5,2,290.7,0
2022-12-05 16:01:30,5,55,20.1,85,6.6,1024.6,1029.5,5.4,6.8,2,290.7,0
2022-12-05 16:06:30,5,55,20,85,6.6,1024.5,1029.4,4.4,7.1,2,290.7,0
2022-12-05 16:11:30,5,55,20,85,6.6,1024.6,1029.5,4.4,5.8,2,290.7,0
2022-12-05 16:16:30,5,55,20,85,6.5,1024.6,1029.5,3.1,5.1,2,290.7,0
2022-12-05 16:21:30,5,55,20.1,85,6.5,1024.7,1029.6,2.7,4.4,2,290.7,0
2022-12-05 16:26:30,5,55,20.1,84,6.4,1024.7,1029.6,4.4,6.5,0,290.7,0
2022-12-05 16:31:30,5,55,20.1,84,6.4,1025,1029.9,2.7,3.1,2,290.7,0
2022-12-05 16:36:30,5,54,20.1,85,6.3,1024.9,1029.8,3.7,4.8,2,290.7,0
2022-12-05 16:41:30,5,54,20.1,85,6.3,1025,1029.9,3.4,4.8,0,290.7,0
2022-12-05 16:46:30,5,54,20.1,85,6.4,1025,1029.9,2.4,3.1,0,290.7,0
2022-12-05 16:51:30,5,54,20,85,6.4,1025,1029.9,3.1,3.7,2,290.7,0
2022-12-05 16:56:30,5,54,20,85,6.4,1025,1029.9,3.7,4.1,1,290.7,0
2022-12-05 17:01:30,5,54,20,85,6.4,1025.3,1030.2,5.4,6.1,0,290.7,0
2022-12-05 17:06:30,5,55,19.9,85,6.3,1025.3,1030.2,3.1,4.4,2,290.7,0
2022-12-05 17:11:30,5,55,19.8,85,6.3,1025.4,1030.3,3.4,4.1,0,290.7,0
2022-12-05 17:16:30,5,54,19.7,85,6.3,1025.5,1030.4,2.4,4.1,2,290.7,0
2022-12-05 17:21:30,5,54,19.6,85,6.2,1025.4,1030.3,4.4,6.5,2,290.7,0
2022-12-05 17:26:30,5,54,19.6,86,6.2,1025.4,1030.3,3.4,4.4,2,290.7,0
2022-12-05 17:31:30,5,54,19.5,86,6.2,1025.5,1030.4,2.7,3.7,2,290.7,0
2022-12-05 17:36:30,5,54,19.4,86,6.1,1025.6,1030.5,3.7,5.4,2,290.7,0
2022-12-05 17:41:30,5,54,19.4,86,6.1,1025.5,1030.4,4.1,4.8,0,290.7,0
2022-12-05 17:46:30,5,54,19.2,86,6.1,1025.6,1030.5,3.1,4.1,2,290.7,0
2022-12-05 17:51:30,5,54,19.2,86,6.1,1025.4,1030.3,3.4,4.4,2,290.7,0
2022-12-05 17:56:30,5,54,19.2,86,6.1,1025.7,1030.6,2.7,4.1,0,290.7,0
2022-12-05 18:01:30,5,54,19.1,86,6.1,1025.8,1030.7,2.4,3.7,0,290.7,0
2022-12-05 18:06:30,5,54,19.1,87,6.1,1025.9,1030.8,2.7,4.4,4,290.7,0
2022-12-05 18:11:30,5,54,19,87,6,1025.9,1030.8,2.7,3.7,15,290.7,0
2022-12-05 18:16:30,5,54,19,87,6,1025.9,1030.8,3.1,4.1,2,290.7,0
2022-12-05 18:21:30,5,55,18.9,87,6,1025.9,1030.8,3.1,4.4,0,290.7,0
2022-12-05 18:26:30,5,55,18.9,87,5.9,1026.1,1031,3.1,4.8,2,290.7,0
2022-12-05 18:31:30,5,55,18.9,88,6,1026.1,1031,3.4,5.1,2,290.7,0
2022-12-05 18:36:30,5,56,18.9,87,5.9,1026,1030.9,4.1,5.4,0,290.7,0
2022-12-05 18:41:30,5,56,18.8,87,5.8,1026,1030.9,3.4,4.4,1,290.7,0
2022-12-05 18:46:30,5,56,18.8,87,5.7,1026,1030.9,3.1,4.1,2,290.7,0
2022-12-05 18:51:30,5,56,18.8,87,5.7,1026.2,1031.1,4.1,5.1,2,290.7,0
2022-12-05 18:56:30,5,56,18.7,87,5.8,1026.3,1031.2,3.4,5.1,4,290.7,0
2022-12-05 19:01:30,5,56,18.7,87,5.8,1026.2,1031.1,2.4,3.7,0,290.7,0
2022-12-05 19:06:30,5,56,18.7,87,5.7,1026.2,1031.1,2.7,3.7,2,290.7,0
2022-12-05 19:11:30,5,56,18.7,87,5.7,1026.3,1031.2,3.4,5.8,2,290.7,0
2022-12-05 19:16:30,5,56,18.7,87,5.7,1026.2,1031.1,2.7,3.7,2,290.7,0
2022-12-05 19:21:30,5,56,18.7,87,5.7,1026.3,1031.2,2.7,4.1,2,290.7,0
2022-12-05 19:26:30,5,57,18.7,87,5.7,1026.4,1031.3,2.4,3.7,2,290.7,0
2022-12-05 19:31:30,5,57,18.6,87,5.8,1026.3,1031.2,3.1,4.4,0,290.7,0
2022-12-05 19:36:30,5,57,18.7,87,5.9,1026.4,1031.3,2,3.1,0,290.7,0
2022-12-05 19:41:30,5,57,18.6,87,5.8,1026.4,1031.3,2,2.7,2,290.7,0
2022-12-05 19:46:30,5,57,18.7,87,5.8,1026.5,1031.4,2,2.7,2,290.7,0
2022-12-05 19:51:30,5,57,18.7,87,5.8,1026.7,1031.6,2.4,3.4,2,290.7,0
2022-12-05 19:56:30,5,57,18.6,87,5.7,1026.5,1031.4,3.1,4.4,2,290.7,0
2022-12-05 20:01:30,5,57,18.6,87,5.6,1026.6,1031.5,3.1,4.1,2,290.7,0
2022-12-05 20:06:30,5,57,18.6,87,5.6,1026.7,1031.6,3.4,5.1,0,290.7,0
2022-12-05 20:11:30,5,58,18.7,86,5.5,1026.5,1031.4,3.4,5.8,2,290.7,0
2022-12-05 20:16:30,5,58,18.8,86,5.5,1026.5,1031.4,2.7,4.1,0,290.7,0
2022-12-05 20:21:30,5,59,18.8,86,5.5,1026.6,1031.5,3.1,5.8,2,290.7,0
2022-12-05 20:26:30,5,58,19,86,5.5,1026.6,1031.5,3.4,5.1,0,290.7,0
2022-12-05 20:31:30,5,58,19.1,86,5.5,1026.6,1031.5,3.7,5.1,2,290.7,0
2022-12-05 20:36:30,5,59,19.2,86,5.5,1026.5,1031.4,3.4,5.8,0,290.7,0
2022-12-05 20:41:30,5,59,19.3,86,5.5,1026.4,1031.3,2,3.1,2,290.7,0
2022-12-05 20:46:30,5,59,19.4,86,5.4,1026.6,1031.5,2.4,4.1,0,290.7,0
2022-12-05 20:51:30,5,59,19.5,86,5.4,1026.6,1031.5,2.4,3.4,2,290.7,0
2022-12-05 20:56:30,5,59,19.6,86,5.3,1026.6,1031.5,2.7,4.1,0,290.7,0
2022-12-05 21:01:30,5,59,19.7,86,5.3,1026.4,1031.3,2,3.1,0,290.7,0
2022-12-05 21:06:30,5,58,19.7,87,5.3,1026.7,1031.6,2.4,3.1,10,290.7,0
2022-12-05 21:11:30,5,58,19.7,87,5.2,1026.5,1031.4,3.1,4.1,2,290.7,0
2022-12-05 21:16:30,5,58,19.7,87,5.2,1026.5,1031.4,2.7,3.1,2,290.7,0
2022-12-05 21:21:30,5,57,19.8,87,5.2,1026.4,1031.3,2.7,3.7,2,290.7,0
2022-12-05 21:26:30,5,57,19.7,87,5.3,1026.5,1031.4,3.1,4.1,0,290.7,0
2022-12-05 21:31:30,5,57,19.8,87,5.3,1026.3,1031.2,2.4,3.7,2,290.7,0
2022-12-05 21:36:30,5,57,19.8,88,5.3,1026.3,1031.2,4.1,4.8,14,290.7,0
2022-12-05 21:41:30,5,57,19.7,88,5.3,1026.3,1031.2,2.7,3.7,0,290.7,0
2022-12-05 21:46:30,5,57,19.7,88,5.3,1026.4,1031.3,3.7,5.4,0,290.7,0
2022-12-05 21:51:30,5,57,19.7,88,5.4,1026.3,1031.2,2.7,4.1,2,290.7,0
2022-12-05 21:56:30,5,57,19.7,88,5.4,1026.3,1031.2,5.1,7.1,0,290.7,0
2022-12-05 22:01:30,5,57,19.7,88,5.4,1026.2,1031.1,4.1,6.5,2,290.7,0
2022-12-05 22:06:30,5,57,19.7,88,5.3,1026.3,1031.2,5.1,7.1,2,290.7,0
2022-12-05 22:11:30,5,57,19.7,87,5.2,1026.1,1031,3.7,4.8,2,290.7,0
2022-12-05 22:16:30,5,57,19.7,88,5.2,1026.3,1031.2,5.1,7.8,0,290.7,0
2022-12-05 22:21:30,5,57,19.7,88,5.2,1026.2,1031.1,5.1,7.8,2,290.7,0
2022-12-05 22:26:30,5,57,19.8,88,5.2,1026.3,1031.2,5.4,8.2,2,290.7,0
2022-12-05 22:31:30,5,57,19.8,88,5.2,1026.3,1031.2,4.8,6.8,0,290.7,0
2022-12-05 22:36:30,5,57,19.8,88,5.2,1026.4,1031.3,4.1,5.4,2,290.7,0
2022-12-05 22:41:30,5,56,19.8,88,5.3,1026.3,1031.2,4.1,5.4,0,290.7,0
2022-12-05 22:46:30,5,56,19.7,88,5.2,1026.2,1031.1,3.1,4.1,2,290.7,0
2022-12-05 22:51:30,5,56,19.7,88,5.2,1026.2,1031.1,6.1,7.8,0,290.7,0
2022-12-05 22:56:30,5,56,19.7,87,5.2,1026.2,1031.1,4.1,5.4,0,290.7,0
2022-12-05 23:01:30,5,56,19.7,87,5.3,1026.3,1031.2,4.4,6.5,0,290.7,0
2022-12-05 23:06:30,5,56,19.7,87,5.3,1026.2,1031.1,3.7,5.4,1,290.7,0
2022-12-05 23:11:30,5,55,19.7,87,5.4,1026.1,1031,4.4,6.5,2,290.7,0
2022-12-05 23:16:30,5,55,19.7,87,5.4,1026.2,1031.1,4.1,5.8,2,290.7,0
2022-12-05 23:21:30,5,55,19.7,87,5.3,1026.3,1031.2,5.1,6.1,0,290.7,0
2022-12-05 23:26:30,5,55,19.6,87,5.3,1026.1,1031,3.7,4.8,2,290.7,0
2022-12-05 23:31:30,5,55,19.6,87,5.3,1026.1,1031,3.4,4.8,0,290.7,0
2022-12-05 23:36:30,5,55,19.6,87,5.3,1026.2,1031.1,4.8,6.1,2,290.7,0
2022-12-05 23:41:30,5,55,19.6,87,5.2,1026.2,1031.1,4.1,6.5,2,290.7,0
2022-12-05 23:46:30,5,55,19.6,87,5.2,1026.3,1031.2,2.7,4.1,2,290.7,0
2022-12-05 23:51:30,5,55,19.6,87,5.2,1026.4,1031.3,3.4,5.8,2,290.7,0
2022-12-05 23:56:30,5,55,19.6,87,5.3,1026.4,1031.3,4.4,5.4,2,290.7,0
