2022-12-01 00:01:32,5,61,20.5,82,11.6,1023.4,1028.3,1.7,2.4,8,289.8,0
2022-12-01 00:06:32,5,61,20.5,81,11.6,1023.2,1028.1,1.4,1.7,10,289.8,0
2022-12-01 00:11:32,5,61,20.5,81,11.6,1023.2,1028.1,1.4,1.7,8,289.8,0
2022-12-01 00:16:32,5,61,20.5,81,11.6,1023,1027.9,1.4,2,8,289.8,0
2022-12-01 00:21:32,5,61,20.5,81,11.6,1023,1027.9,0.7,1,8,289.8,0
2022-12-01 00:26:32,5,61,20.5,81,11.6,1023,1027.9,2,2.7,8,289.8,0
2022-12-01 00:31:32,5,61,20.5,81,11.6,1023.1,1028,2,2.7,10,289.8,0
2022-12-01 00:36:32,5,61,20.5,81,11.6,1023.2,1028.1,3.1,4.4,10,289.8,0
2022-12-01 00:41:32,5,61,20.5,81,11.6,1023.2,1028.1,1.4,1.7,8,289.8,0
2022-12-01 00:46:32,5,61,20.5,81,11.6,1023,1027.9,1.4,1.7,4,289.8,0
2022-12-01 00:51:32,5,61,20.5,81,11.5,1023.1,1028,2.4,4.1,4,289.8,0
2022-12-01 00:56:32,5,61,20.5,81,11.5,1023,1027.9,1.7,2.4,2,289.8,0
2022-12-01 01:01:32,5,61,20.5,81,11.4,1023,1027.9,1.4,2,12,289.8,0
2022-12-01 01:06:32,5,61,20.4,81,11.4,1023,1027.9,1.7,2.4,12,289.8,0
2022-12-01 01:11:31,5,61,20.5,81,11.4,1023.1,1028,2.4,3.1,8,289.8,0
2022-12-01 01:16:31,5,61,20.4,81,11.4,1023.2,1028.1,2.4,3.1,8,289.8,0
2022-12-01 01:21:31,5,61,20.4,81,11.4,1023.2,1028.1,2.4,3.1,10,289.8,0
2022-12-01 01:26:31,5,61,20.4,81,11.5,1023,1027.9,1.7,2,8,289.8,0
2022-12-01 01:31:31,5,61,20.4,81,11.5,1023,1027.9,1.4,2.4,10,289.8,0
2022-12-01 01:36:31,5,61,20.4,81,11.5,1023.2,1028.1,1.4,1.7,12,289.8,0
2022-12-01 01:41:31,5,61,20.4,81,11.5,1023.2,1028.1,1.4,1.7,8,289.8,0
2022-12-01 01:46:31,5,61,20.4,81,11.5,1023.3,1028.2,2,2.7,8,289.8,0
2022-12-01 01:51:31,5,61,20.4,81,11.5,1023.3,1028.2,1,1.4,8,289.8,0
2022-12-01 01:56:31,5,61,20.4,81,11.5,1023.5,1028.4,2,3.1,8,289.8,0
2022-12-01 02:01:31,5,61,20.4,81,11.5,1023.4,1028.3,2,2.4,8,289.8,0
2022-12-01 02:06:31,5,61,20.4,81,11.5,1023.5,1028.4,2.7,3.4,10,289.8,0
2022-12-01 02:11:31,5,61,20.4,81,11.5,1023.4,1028.3,1.7,2.4,8,289.8,0
2022-12-01 02:16:31,5,61,20.4,81,11.4,1023.5,1028.4,0.7,1,8,289.8,0
2022-12-01 02:21:31,5,61,20.4,81,11.4,1023.4,1028.3,0.7,1,9,289.8,0
2022-12-01 02:26:31,5,61,20.3,81,11.4,1023.4,1028.3,1.4,1.7,8,289.8,0
2022-12-01 02:31:31,5,61,20.3,81,11.3,1023.6,1028.5,1.4,1.7,8,289.8,0
2022-12-01 02:36:31,5,61,20.3,81,11.3,1023.5,1028.4,1.4,2.4,8,289.8,0
2022-12-01 02:41:31,5,61,20.3,81,11.3,1023.7,1028.6,1,1.4,8,289.8,0
2022-12-01 02:46:31,5,61,20.4,82,11.3,1023.6,1028.5,1.4,2.4,10,289.8,0
2022-12-01 02:51:31,5,61,20.4,82,11.3,1023.6,1028.5,0.3,0.7,4,289.8,0
2022-12-01 02:56:31,5,61,20.3,82,11.3,1023.4,1028.3,1.4,1.7,8,289.8,0
2022-12-01 03:01:31,5,61,20.4,82,11.3,1023.4,1028.3,1.7,2.4,10,289.8,0
2022-12-01 03:06:31,5,61,20.3,82,11.3,1023.4,1028.3,1.4,2,10,289.8,0
2022-12-01 03:11:31,5,61,20.3,82,11.2,1023.5,1028.4,2.4,2.7,10,289.8,0
2022-12-01 03:16:31,5,61,20.3,82,11.2,1023.4,1028.3,1.4,1.7,10,289.8,0
2022-12-01 03:21:31,5,61,20.3,82,11.2,1023.5,1028.4,1.7,2,8,289.8,0
2022-12-01 03:26:31,5,61,20.3,82,11.2,1023.5,1028.4,2.4,3.1,10,289.8,0
2022-12-01 03:31:31,5,61,20.3,82,11.2,1023.4,1028.3,1.7,2,9,289.8,0
2022-12-01 03:36:31,5,60,20.3,82,11.2,1023.3,1028.2,1.7,2,8,289.8,0
2022-12-01 03:41:31,5,61,20.3,83,11.2,1023.2,1028.1,1.7,2,12,289.8,0
2022-12-01 03:46:31,5,60,20.3,83,11.2,1023.2,1028.1,1.7,2,8,289.8,0
2022-12-01 03:51:31,5,60,20.3,83,11.2,1023.3,1028.2,1.7,2,8,289.8,0
2022-12-01 03:56:31,5,60,20.3,83,11.2,1023.2,1028.1,2,2.7,8,289.8,0
2022-12-01 04:01:31,5,60,20.3,83,11.3,1023.3,1028.2,2,3.1,8,289.8,0
2022-12-01 04:06:31,5,60,20.3,83,11.3,1023.2,1028.1,1.4,2.4,8,289.8,0
2022-12-01 04:11:31,5,60,20.3,83,11.3,1023.1,1028,1.4,2,10,289.8,0
2022-12-01 04:16:31,5,60,20.2,83,11.3,1023.1,1028,1.7,2.4,8,289.8,0
2022-12-01 04:21:31,5,60,20.2,83,11.3,1023.2,1028.1,2,3.1,9,289.8,0
2022-12-01 04:26:31,5,60,20.2,83,11.3,1023.2,1028.1,2.4,2.7,10,289.8,0
2022-12-01 04:31:31,5,60,20.3,83,11.3,1023.1,1028,2,3.1,4,289.8,0
2022-12-01 04:36:31,5,60,20.2,83,11.3,1023.1,1028,1.4,2,9,289.8,0
2022-12-01 04:41:31,5,60,20.3,83,11.3,1023,1027.9,2.4,2.7,8,289.8,0
2022-12-01 04:46:31,5,60,20.2,83,11.3,1022.9,1027.8,1.7,2.4,8,289.8,0
2022-12-01 04:51:31,5,60,20.2,83,11.3,1023,1027.9,3.1,4.4,8,289.8,0
2022-12-01 04:56:31,5,60,20.2,83,11.3,1022.9,1027.8,1.7,2,10,289.8,0
2022-12-01 05:01:31,5,60,20.2,83,11.2,1023,1027.9,2.7,3.1,10,289.8,0
2022-12-01 05:06:31,5,60,20.2,83,11.2,1022.9,1027.8,2,2.7,12,289.8,0
2022-12-01 05:11:31,5,60,20.2,83,11.2,1022.9,1027.8,2.7,3.7,15,289.8,0
2022-12-01 05:16:31,5,60,20.2,84,11.2,1023,1027.9,1.7,2.4,8,289.8,0
2022-12-01 05:21:31,5,60,20.2,84,11.2,1022.9,1027.8,1.7,2.4,2,289.8,0
2022-12-01 05:26:31,5,60,20.2,84,11.2,1023,1027.9,1.7,2.4,10,289.8,0
2022-12-01 05:31:31,5,60,20.2,84,11.2,1023,1027.9,2.4,3.1,8,289.8,0
2022-12-01 05:36:31,5,60,20.2,84,11.2,1023,1027.9,2,3.4,8,289.8,0
2022-12-01 05:41:31,5,60,20.2,84,11.2,1023.1,1028,2,2.7,8,289.8,0
2022-12-01 05:46:31,5,60,20.2,84,11.1,1023,1027.9,1.7,2,10,289.8,0
2022-12-01 05:51:31,5,60,20.2,84,11.1,1023,1027.9,2,2.7,8,289.8,0
2022-12-01 05:56:31,5,60,20.1,84,11.1,1022.9,1027.8,1.7,2,10,289.8,0
2022-12-01 06:01:31,5,60,20.1,84,11.1,1022.9,1027.8,1.7,2.4,10,289.8,0
2022-12-01 06:06:31,5,60,20.2,84,11.1,1022.9,1027.8,1.4,1.4,10,289.8,0
2022-12-01 06:11:31,5,60,20.2,84,11.1,1023,1027.9,1.7,2.4,10,289.8,0
2022-12-01 06:16:31,5,60,20.2,84,11.1,1023,1027.9,1.7,2,8,289.8,0
2022-12-01 06:21:33,5,60,20.2,84,11.1,1023,1027.9,2,2.7,8,289.8,0
2022-12-01 06:26:30,5,60,20.2,84,11,1023.1,1028,1.4,1.7,10,289.8,0
2022-12-01 06:31:31,5,60,20.1,84,11,1023.1,1028,1.7,2,8,289.8,0
2022-12-01 06:36:31,5,60,20.2,84,11,1023.1,1028,1,1.7,4,289.8,0
2022-12-01 06:41:31,5,60,20.1,84,11,1023,1027.9,1.4,1.7,8,289.8,0
2022-12-01 06:46:31,5,60,20.2,84,10.9,1022.9,1027.8,1.4,2.4,2,289.8,0
2022-12-01 06:51:31,5,60,20.1,84,10.9,1023,1027.9,2.4,3.1,8,289.8,0
2022-12-01 06:56:31,5,60,20.1,84,10.9,1023.1,1028,1.7,3.1,12,289.8,0
2022-12-01 07:01:31,5,60,20.1,84,10.9,1023.1,1028,2.7,3.1,8,289.8,0
2022-12-01 07:06:31,5,60,20.1,84,10.9,1023.1,1028,1.4,2,4,289.8,0
2022-12-01 07:11:31,5,60,20.1,84,10.8,1023.1,1028,1.4,2,8,289.8,0
2022-12-01 07:16:31,5,60,20.1,84,10.8,1023.2,1028.1,1.7,2.4,,289.8,0
2022-12-01 07:21:31,5,60,20.1,84,10.8,1023.1,1028,1.7,2,,289.8,0
2022-12-01 07:26:31,5,60,20.1,84,10.8,1023,1027.9,1.7,2.7,4,289.8,0
2022-12-01 07:31:31,5,60,20.1,84,10.8,1023.2,1028.1,2.4,3.7,2,289.8,0
2022-12-01 07:36:31,5,60,20.1,84,10.8,1023.2,1028.1,1.7,2.4,10,289.8,0
2022-12-01 07:41:31,5,60,20,84,10.8,1023.2,1028.1,1.4,2,4,289.8,0
2022-12-01 07:46:31,5,60,20.1,84,10.8,1023.3,1028.2,1.4,2,4,289.8,0
2022-12-01 07:51:31,5,60,20.1,84,10.9,1023.3,1028.2,3.4,5.1,2,289.8,0
2022-12-01 07:56:31,5,60,20.1,84,10.9,1023.3,1028.2,1.4,2,4,289.8,0
2022-12-01 08:01:31,5,60,20,84,10.9,1023.4,1028.3,1.7,2.7,,289.8,0
2022-12-01 08:06:31,5,60,20.1,84,11,1023.5,1028.4,2,3.1,10,289.8,0
2022-12-01 08:11:31,5,60,20.1,83,11,1023.7,1028.6,0.7,1.4,4,289.8,0
2022-12-01 08:16:31,5,60,20,83,11.1,1023.6,1028.5,1.4,2.4,,289.8,0
2022-12-01 08:21:31,5,60,20.1,82,11.1,1023.6,1028.5,1.4,2.7,,289.8,0
2022-12-01 08:26:31,5,60,20,82,11.1,1023.6,1028.5,2,3.1,2,289.8,0
2022-12-01 08:31:31,5,60,20,82,11.1,1023.6,1028.5,1.7,2.4,4,289.8,0
2022-12-01 08:36:31,5,60,20.1,81,11.1,1023.8,1028.7,3.1,4.1,4,289.8,0
2022-12-01 08:41:31,5,60,20,81,11.1,1023.8,1028.7,1.7,2.4,4,289.8,0
2022-12-01 08:46:31,5,60,20.1,81,11.1,1024,1028.9,2,2.4,4,289.8,0
2022-12-01 08:51:31,5,60,20.1,81,11.1,1023.8,1028.7,1.4,2,2,289.8,0
2022-12-01 08:56:31,5,59,20.1,81,11.1,1024,1028.9,1.4,2,8,289.8,0
2022-12-01 09:01:31,5,59,20,81,11.1,1023.9,1028.8,1.4,2.4,10,289.8,0
2022-12-01 09:06:31,5,60,20.1,81,11.1,1023.8,1028.7,0.7,1,8,289.8,0
2022-12-01 09:11:31,5,60,20,81,11.1,1023.9,1028.8,2,3.7,4,289.8,0
2022-12-01 09:16:31,5,60,20,81,11.1,1024.1,1029,1,2,10,289.8,0
2022-12-01 09:21:31,5,60,20,81,11.2,1024.2,1029.1,1.7,2,8,289.8,0
2022-12-01 09:26:31,5,60,20.1,81,11.2,1024.2,1029.1,0.7,1.4,8,289.8,0
2022-12-01 09:31:31,5,58,20,80,11.3,1024.3,1029.2,0.7,1,8,289.8,0
2022-12-01 09:36:31,5,57,19.9,80,11.3,1024.4,1029.3,1.7,2.4,10,289.8,0
2022-12-01 09:41:31,5,56,19.9,80,11.2,1024.3,1029.2,1.7,2,8,289.8,0
2022-12-01 09:46:31,5,55,19.7,80,11.2,1024.3,1029.2,1.4,1.7,10,289.8,0
2022-12-01 09:51:31,5,54,19.6,80,11.2,1024.3,1029.2,1,1.7,10,289.8,0
2022-12-01 09:56:31,5,54,19.5,80,11.2,1024.2,1029.1,1.4,1.7,10,289.8,0
2022-12-01 10:01:31,5,54,19.5,80,11.2,1024.4,1029.3,1.4,1.7,,289.8,0
2022-12-01 10:06:31,5,54,19.4,80,11.3,1024.3,1029.2,0.7,1,0,289.8,0
2022-12-01 10:11:31,5,53,19.2,80,11.3,1024.4,1029.3,1,1.4,10,289.8,0
2022-12-01 10:16:31,5,54,19.2,80,11.3,1024.3,1029.2,0.7,1.4,10,289.8,0
2022-12-01 10:21:31,5,54,19.2,80,11.4,1024.3,1029.2,2,2.7,8,289.8,0
2022-12-01 10:26:31,5,55,19.3,80,11.4,1024.3,1029.2,0.7,1.4,2,289.8,0
2022-12-01 10:31:31,5,56,19.3,79,11.5,1024.3,1029.2,1.7,2.4,8,289.8,0
2022-12-01 10:36:31,5,56,19.3,79,11.5,1024.1,1029,1.4,2,2,289.8,0
2022-12-01 10:41:31,5,57,19.3,78,11.5,1024.1,1029,2.4,2.7,,289.8,0
2022-12-01 10:46:31,5,57,19.4,78,11.5,1024.1,1029,2,3.1,,289.8,0
2022-12-01 10:51:31,5,58,19.4,77,11.5,1024.1,1029,2.4,2.7,8,289.8,0
2022-12-01 10:56:31,5,58,19.4,76,11.4,1024.2,1029.1,3.4,4.4,8,289.8,0
2022-12-01 11:01:31,5,59,19.5,76,11.4,1024.1,1029,3.4,4.8,2,289.8,0
2022-12-01 11:06:31,5,59,19.5,75,11.4,1023.9,1028.8,4.4,6.8,8,289.8,0
2022-12-01 11:11:31,5,59,19.5,75,11.3,1024.2,1029.1,3.4,4.1,12,289.8,0
2022-12-01 11:16:31,5,60,19.6,74,11.3,1024,1028.9,3.1,4.1,8,289.8,0
2022-12-01 11:21:31,5,60,19.7,74,11.3,1024,1028.9,3.1,4.4,10,289.8,0
2022-12-01 11:26:31,5,60,19.7,74,11.4,1023.9,1028.8,4.1,5.8,10,289.8,0
2022-12-01 11:31:31,5,61,19.7,73,11.4,1024,1028.9,2.4,3.4,8,289.8,0
2022-12-01 11:36:31,5,61,19.7,73,11.4,1023.8,1028.7,2.4,3.7,14,289.8,0
2022-12-01 11:41:31,5,61,19.7,72,11.5,1023.9,1028.8,2,3.1,8,289.8,0
2022-12-01 11:46:31,5,61,19.8,72,11.6,1024,1028.9,3.4,3.7,8,289.8,0
2022-12-01 11:51:31,5,61,19.8,72,11.6,1023.7,1028.6,2.4,3.1,4,289.8,0
2022-12-01 11:56:31,5,61,19.9,72,11.6,1023.9,1028.8,1.4,1.7,10,289.8,0
2022-12-01 12:01:31,5,60,20,71,11.6,1023.6,1028.5,2.4,3.1,10,289.8,0
2022-12-01 12:06:31,5,60,20.1,71,11.6,1023.6,1028.5,2,2.7,8,289.8,0
2022-12-01 12:11:31,5,60,20.1,71,11.6,1023.5,1028.4,2.7,3.4,8,289.8,0
2022-12-01 12:16:31,5,60,20.2,71,11.6,1023.3,1028.2,2.4,3.1,8,289.8,0
2022-12-01 12:21:31,5,60,20.2,71,11.5,1023.3,1028.2,1.7,2,0,289.8,0
2022-12-01 12:26:31,5,60,20.4,71,11.6,1023.3,1028.2,2,3.1,8,289.8,0
2022-12-01 12:31:31,5,60,20.4,71,11.6,1023.2,1028.1,2.4,3.7,8,289.8,0
2022-12-01 12:36:31,5,60,20.5,72,11.5,1023.1,1028,1.7,3.1,4,289.8,0
2022-12-01 12:41:31,5,59,20.6,72,11.5,1023.1,1028,1.4,1.7,8,289.8,0
2022-12-01 12:46:31,5,59,20.7,72,11.6,1023.2,1028.1,1.4,2.7,2,289.8,0
2022-12-01 12:51:31,5,59,20.7,72,11.6,1023.1,1028,1.4,2,10,289.8,0
2022-12-01 12:56:31,5,59,20.7,72,11.6,1023.1,1028,2,2.7,8,289.8,0
2022-12-01 13:01:31,5,59,20.8,72,11.6,1023,1027.9,1.4,1.7,8,289.8,0
2022-12-01 13:06:31,5,59,20.9,72,11.7,1022.9,1027.8,2.4,3.1,8,289.8,0
2022-12-01 13:11:31,5,58,20.9,72,11.9,1022.9,1027.8,2,2.7,,289.8,0
2022-12-01 13:16:31,5,57,20.9,72,11.9,1022.9,1027.8,2.4,3.1,10,289.8,0
2022-12-01 13:21:31,5,56,21,71,11.7,1022.8,1027.7,2.4,2.7,8,289.8,0
2022-12-01 13:26:31,5,56,21,72,11.5,1023,1027.9,2,2.7,8,289.8,0
2022-12-01 13:31:31,5,56,21,72,11.6,1023,1027.9,1.4,1.7,10,289.8,0
2022-12-01 13:36:31,5,56,21,72,11.6,1022.9,1027.8,1,1.4,8,289.8,0
2022-12-01 13:41:31,5,57,20.9,72,11.5,1022.8,1027.7,1.4,1.7,8,289.8,0
2022-12-01 13:46:31,5,57,20.9,72,11.4,1022.7,1027.6,0.3,0.7,,289.8,0
2022-12-01 13:51:31,5,57,20.8,72,11.4,1022.7,1027.6,1.4,1.7,10,289.8,0
2022-12-01 13:56:31,5,57,20.8,72,11.4,1022.8,1027.7,1,2,9,289.8,0
2022-12-01 14:01:31,5,57,20.8,72,11.3,1022.8,1027.7,1,1.4,8,289.8,0
2022-12-01 14:06:31,5,58,20.8,72,11.2,1022.8,1027.7,1.4,1.7,8,289.8,0
2022-12-01 14:11:31,5,58,20.8,72,11.1,1022.7,1027.6,1.4,2,8,289.8,0
2022-12-01 14:16:31,5,59,20.9,72,11.1,1022.7,1027.6,1.4,2.4,10,289.8,0
2022-12-01 14:21:31,5,59,20.9,73,11.1,1022.8,1027.7,1,1.4,10,289.8,0
2022-12-01 14:26:31,5,59,20.9,73,11,1022.9,1027.8,1,1.4,10,289.8,0
2022-12-01 14:31:31,5,59,20.9,73,10.9,1022.7,1027.6,1.4,2,10,289.8,0
2022-12-01 14:36:31,5,59,20.9,74,10.8,1022.8,1027.7,1.7,2.4,4,289.8,0
2022-12-01 14:41:31,5,58,21,74,10.8,1022.8,1027.7,1.4,2.7,,289.8,0
2022-12-01 14:46:31,5,58,21,75,10.7,1022.9,1027.8,1.4,2.4,12,289.8,0
2022-12-01 14:51:31,5,58,21,75,10.7,1022.7,1027.6,1.7,2.4,4,289.8,0
2022-12-01 14:56:31,5,58,21,75,10.6,1022.7,1027.6,3.1,4.4,10,289.8,0
2022-12-01 15:01:31,5,58,21,74,10.6,1022.8,1027.7,2.4,3.1,10,289.8,0
2022-12-01 15:06:31,5,58,21,73,10.6,1022.8,1027.7,3.4,4.4,12,289.8,0
2022-12-01 15:11:31,5,58,21,72,10.6,1022.7,1027.6,2.7,3.1,8,289.8,0
2022-12-01 15:16:31,5,58,21,72,10.6,1022.8,1027.7,1.4,1.7,8,289.8,0
2022-12-01 15:21:31,5,58,21.1,72,10.6,1022.7,1027.6,2.4,3.7,10,289.8,0
2022-12-01 15:26:31,5,58,21.1,72,10.6,1022.6,1027.5,2.4,3.1,8,289.8,0
2022-12-01 15:31:31,5,58,21.1,72,10.6,1022.7,1027.6,1.4,2,8,289.8,0
2022-12-01 15:36:31,5,58,21.1,72,10.5,1022.5,1027.4,3.7,4.8,4,289.8,0
2022-12-01 15:41:31,5,58,21.1,72,10.5,1022.6,1027.5,1.4,2.7,8,289.8,0
2022-12-01 15:46:31,5,58,21.1,71,10.4,1022.7,1027.6,1.7,2,8,289.8,0
2022-12-01 15:51:31,5,58,21.1,72,10.4,1022.7,1027.6,1.7,2,8,289.8,0
2022-12-01 15:51:32,5,58,21.1,72,10.4,1022.7,1027.6,1.7,2,8,289.8,0
2022-12-01 15:56:31,5,58,21.1,71,10.4,1022.8,1027.7,1.7,2,,289.8,0
2022-12-01 16:01:31,5,58,21.1,71,10.4,1022.8,1027.7,1.7,2.4,8,289.8,0
2022-12-01 16:06:31,5,58,21.1,71,10.3,1022.6,1027.5,2,2.7,8,289.8,0
2022-12-01 16:11:31,5,58,21.1,71,10.3,1022.8,1027.7,1.4,2,,289.8,0
2022-12-01 16:16:31,5,58,21.1,71,10.2,1022.7,1027.6,1.7,2.7,2,289.8,0
2022-12-01 16:21:31,5,58,21.1,72,10.2,1022.7,1027.6,1.7,3.1,10,289.8,0
2022-12-01 16:26:31,5,57,21.1,71,10.1,1022.7,1027.6,2.4,2.7,,289.8,0
2022-12-01 16:31:31,5,58,21.1,71,10.1,1022.6,1027.5,1.4,1.7,4,289.8,0
2022-12-01 16:36:31,5,57,21.1,70,10,1022.5,1027.4,2,2.4,8,289.8,0
2022-12-01 16:41:31,5,57,21,70,10,1022.6,1027.5,1.4,2.7,4,289.8,0
2022-12-01 16:46:31,5,58,21.1,70,10,1022.7,1027.6,0.7,1.4,8,289.8,0
2022-12-01 16:51:31,5,58,21.1,70,9.9,1022.5,1027.4,1.7,2.7,4,289.8,0
2022-12-01 16:56:31,5,58,21.1,70,9.9,1022.6,1027.5,1,1.7,10,289.8,0
2022-12-01 17:01:31,5,58,21.1,70,9.8,1022.7,1027.6,0.7,1,4,289.8,0
2022-12-01 17:06:31,5,57,21.1,70,9.8,1022.6,1027.5,1,1.7,2,289.8,0
2022-12-01 17:11:31,5,57,21.1,70,9.7,1022.5,1027.4,2,2.7,12,289.8,0
2022-12-01 17:16:31,5,57,21.1,70,9.6,1022.5,1027.4,1.4,2,4,289.8,0
2022-12-01 17:21:31,5,57,21.1,71,9.6,1022.5,1027.4,0.7,1,2,289.8,0
2022-12-01 17:26:31,5,57,21.1,71,9.6,1022.5,1027.4,0.7,1,10,289.8,0
2022-12-01 17:31:31,5,57,21,71,9.5,1022.3,1027.2,1,1.7,10,289.8,0
2022-12-01 17:36:31,5,57,21,71,9.5,1022.5,1027.4,1,1.4,14,289.8,0
2022-12-01 17:41:31,5,56,21.1,71,9.5,1022.4,1027.3,1,1.4,10,289.8,0
2022-12-01 17:46:31,5,56,21,71,9.5,1022.4,1027.3,1.4,1.7,10,289.8,0
2022-12-01 17:51:31,5,57,21.1,70,9.5,1022.5,1027.4,1.4,2,8,289.8,0
2022-12-01 17:56:31,5,57,21.1,70,9.5,1022.4,1027.3,0.7,1.7,8,289.8,0
2022-12-01 18:01:31,5,57,21.1,70,9.4,1022.4,1027.3,0.7,1,,289.8,0
2022-12-01 18:06:31,5,57,21,70,9.3,1022.4,1027.3,0.7,1,2,289.8,0
2022-12-01 18:11:31,5,57,20.9,70,9.3,1022.3,1027.2,1.7,2,,289.8,0
2022-12-01 18:16:31,5,57,20.9,70,9.3,1022.5,1027.4,1.4,2,8,289.8,0
2022-12-01 18:21:31,5,57,20.8,70,9.4,1022.5,1027.4,1.4,1.7,8,289.8,0
2022-12-01 18:26:31,5,57,20.7,70,9.4,1022.5,1027.4,1.7,2,10,289.8,0
2022-12-01 18:31:31,5,57,20.7,70,9.3,1022.5,1027.4,1.4,1.7,8,289.8,0
2022-12-01 18:36:31,5,57,20.7,70,9.3,1022.6,1027.5,1.4,1.7,8,289.8,0
2022-12-01 18:41:31,5,58,20.7,70,9.2,1022.5,1027.4,1,1.7,,289.8,0
2022-12-01 18:46:31,5,58,20.6,70,9.1,1022.6,1027.5,2,2.7,10,289.8,0
2022-12-01 18:51:31,5,58,20.6,70,9,1022.5,1027.4,1.7,2.4,8,289.8,0
2022-12-01 18:56:31,5,58,20.6,70,9,1022.5,1027.4,1,1.7,,289.8,0
2022-12-01 19:01:31,5,58,20.6,70,9,1022.3,1027.2,1.4,2,4,289.8,0
2022-12-01 19:06:31,5,58,20.5,70,8.9,1022.3,1027.2,1.7,2.4,10,289.8,0
2022-12-01 19:11:31,5,58,20.5,70,8.9,1022.6,1027.5,1.7,2,8,289.8,0
2022-12-01 19:16:31,5,58,20.5,70,8.9,1022.5,1027.4,2,2.7,8,289.8,0
2022-12-01 19:21:31,5,58,20.4,70,8.8,1022.4,1027.3,1.4,2,8,289.8,0
2022-12-01 19:26:31,5,58,20.4,70,8.7,1022.4,1027.3,2.4,3.7,8,289.8,0
2022-12-01 19:31:31,5,58,20.4,70,8.6,1022.5,1027.4,1.4,1.7,4,289.8,0
2022-12-01 19:36:31,5,59,20.3,70,8.5,1022.6,1027.5,1,1.4,10,289.8,0
2022-12-01 19:41:31,5,59,20.3,70,8.4,1022.4,1027.3,1.4,2,2,289.8,0
2022-12-01 19:46:31,5,59,20.3,71,8.3,1022.4,1027.3,1.7,2.7,2,289.8,0
2022-12-01 19:51:31,5,59,20.3,71,8.3,1022.3,1027.2,2.4,3.4,4,289.8,0
2022-12-01 19:56:31,5,59,20.2,71,8.4,1022.3,1027.2,2.7,3.4,4,289.8,0
2022-12-01 20:01:31,5,59,20.3,71,8.5,1022.4,1027.3,2.7,3.4,2,289.8,0
2022-12-01 20:06:31,5,59,20.3,71,8.4,1022.4,1027.3,1.7,3.1,2,289.8,0
2022-12-01 20:11:31,5,59,20.2,71,8.3,1022.4,1027.3,2,3.1,14,289.8,0
2022-12-01 20:16:31,5,59,20.3,71,8.3,1022.4,1027.3,1.7,2,2,289.8,0
2022-12-01 20:21:31,5,59,20.3,71,8.2,1022.5,1027.4,2,2.7,14,289.8,0
2022-12-01 20:26:31,5,59,20.2,71,8.1,1022.3,1027.2,1.7,2.4,4,289.8,0
2022-12-01 20:31:31,5,59,20.3,71,8.1,1022.4,1027.3,1.4,2,,289.8,0
2022-12-01 20:36:31,5,59,20.3,71,8.1,1022.4,1027.3,1.7,2,4,289.8,0
2022-12-01 20:41:31,5,60,20.2,71,8.1,1022.2,1027.1,1.7,2,2,289.8,0
2022-12-01 20:46:31,5,60,20.3,71,8,1022.2,1027.1,1.7,2.4,2,289.8,0
2022-12-01 20:51:31,5,60,20.3,71,8,1022.4,1027.3,1.4,1.7,4,289.8,0
2022-12-01 20:56:31,5,60,20.3,71,8,1022.3,1027.2,1.4,1.7,4,289.8,0
2022-12-01 21:01:31,5,60,20.4,71,7.9,1022.4,1027.3,1.7,2.4,,289.8,0
2022-12-01 21:06:31,5,60,20.4,71,7.9,1022.4,1027.3,1.7,2.4,,289.8,0
2022-12-01 21:11:31,5,60,20.5,71,7.9,1022.3,1027.2,0.7,1.7,,289.8,0
2022-12-01 21:16:31,5,60,20.5,71,7.9,1022.3,1027.2,1,1.7,0,289.8,0
2022-12-01 21:21:31,5,60,20.5,71,7.8,1022.5,1027.4,1,1.4,10,289.8,0
2022-12-01 21:26:31,5,61,20.5,71,7.8,1022.3,1027.2,1,1.7,4,289.8,0
2022-12-01 21:31:31,5,61,20.5,71,7.9,1022.4,1027.3,0.3,1,0,289.8,0
2022-12-01 21:36:31,5,61,20.5,71,8,1022.3,1027.2,0.7,1.4,8,289.8,0
2022-12-01 21:41:31,5,61,20.5,71,7.9,1022.3,1027.2,1.4,2,8,289.8,0
2022-12-01 21:46:31,5,61,20.6,71,7.9,1022.4,1027.3,1.4,2,4,289.8,0
2022-12-01 21:51:31,5,61,20.6,72,8.1,1022.4,1027.3,1.4,1.7,,289.8,0
2022-12-01 21:56:31,5,61,20.6,72,8.2,1022.4,1027.3,0.7,1.4,,289.8,0
2022-12-01 22:01:31,5,61,20.6,71,8.3,1022.4,1027.3,0.7,1,,289.8,0
2022-12-01 22:06:31,5,61,20.6,71,8.3,1022.4,1027.3,1,1.7,10,289.8,0
2022-12-01 22:11:31,5,61,20.6,71,8.4,1022.3,1027.2,1.4,2,2,289.8,0
2022-12-01 22:16:31,5,61,20.6,71,8.4,1022.4,1027.3,1,1.7,2,289.8,0
2022-12-01 22:21:31,5,61,20.6,71,8.4,1022.4,1027.3,0.7,1,2,289.8,0
2022-12-01 22:26:31,5,61,20.6,72,8.4,1022.5,1027.4,1.4,2,4,289.8,0
2022-12-01 22:31:31,5,61,20.6,72,8.4,1022.3,1027.2,1,1.7,4,289.8,0
2022-12-01 22:36:31,5,61,20.7,72,8.5,1022.4,1027.3,1,1.4,,289.8,0
2022-12-01 22:41:31,5,61,20.8,72,8.4,1022.4,1027.3,0.7,1,4,289.8,0
2022-12-01 22:46:31,5,61,20.8,72,8.3,1022.5,1027.4,0.7,1,4,289.8,0
2022-12-01 22:51:31,5,61,20.9,72,8.2,1022.3,1027.2,1,1.4,4,289.8,0
2022-12-01 22:56:31,5,60,21.1,72,8.1,1022.4,1027.3,0.7,1,4,289.8,0
2022-12-01 23:01:31,5,60,21.1,73,8,1022.3,1027.2,1.7,2.4,4,289.8,0
2022-12-01 23:06:31,5,60,21.1,74,7.9,1022.3,1027.2,1.7,2.7,4,289.8,0
2022-12-01 23:11:31,5,60,21.1,74,7.9,1022.2,1027.1,1.7,2.4,2,289.8,0
2022-12-01 23:16:31,5,60,21.1,74,7.9,1022.4,1027.3,1.4,2.4,4,289.8,0
2022-12-01 23:21:31,5,59,21.1,74,7.9,1022.4,1027.3,2,2.7,4,289.8,0
2022-12-01 23:26:31,5,59,21.1,75,7.8,1022.3,1027.2,1.7,2,4,289.8,0
2022-12-01 23:31:31,5,59,21.1,75,7.8,1022.3,1027.2,1.7,2.4,4,289.8,0
2022-12-01 23:36:31,5,59,21.1,75,7.8,1022.3,1027.2,1.4,2.4,4,289.8,0
2022-12-01 23:41:31,5,59,21,75,7.8,1022.2,1027.1,2,2.4,4,289.8,0
2022-12-01 23:46:31,5,59,21,75,7.8,1022.2,1027.1,1.7,2,2,289.8,0
2022-12-01 23:51:31,5,59,21,76,7.8,1022.2,1027.1,2,2.4,4,289.8,0
2022-12-01 23:56:31,5,59,21,76,7.8,1022.3,1027.2,1,1.4,4,289.8,0
