2022-12-27 00:03:27,5,54,18.7,86,4.5,1015.6,1020.5,1.7,2.4,10,316.8,0
2022-12-27 00:08:27,5,54,18.7,86,4.6,1015.8,1020.7,1.4,2,8,316.8,0
2022-12-27 00:13:27,5,54,18.7,86,4.6,1015.6,1020.5,1.7,2,,316.8,0
2022-12-27 00:18:27,5,54,18.7,86,4.7,1015.5,1020.4,2,2.7,8,316.8,0
2022-12-27 00:23:27,5,54,18.7,86,4.8,1015.4,1020.3,1.7,2,10,316.8,0
2022-12-27 00:28:27,5,54,18.7,86,4.8,1015.4,1020.3,1.7,2,8,316.8,0
2022-12-27 00:33:27,5,54,18.7,86,4.9,1015.4,1020.3,1.4,1.7,8,316.8,0
2022-12-27 00:38:27,5,54,18.7,86,4.9,1015.4,1020.3,2,3.4,10,316.8,0
2022-12-27 00:43:27,5,54,18.7,85,5,1015.2,1020.1,1.4,1.7,10,316.8,0
2022-12-27 00:48:27,5,54,18.7,85,5.1,1015.2,1020.1,1.7,2,14,316.8,0
2022-12-27 00:53:27,5,54,18.7,85,5.1,1014.9,1019.8,1.7,3.7,,316.8,0
2022-12-27 00:58:27,5,54,18.7,85,5.2,1014.8,1019.7,1.4,2.4,,316.8,0
2022-12-27 01:03:27,5,54,18.7,85,5.3,1014.7,1019.6,1.7,2.4,13,316.8,0
2022-12-27 01:08:27,5,54,18.7,85,5.3,1014.7,1019.6,1.4,2,2,316.8,0
2022-12-27 01:13:27,5,54,18.7,84,5.4,1014.7,1019.6,2,3.1,10,316.8,0
2022-12-27 01:18:27,5,54,18.7,84,5.5,1014.4,1019.3,2.4,3.7,8,316.8,0
2022-12-27 01:23:27,5,54,18.7,84,5.6,1014.4,1019.3,2.7,3.4,8,316.8,0
2022-12-27 01:28:27,5,54,18.7,84,5.6,1014,1018.9,2,3.1,2,316.8,0
2022-12-27 01:33:27,5,54,18.7,83,5.7,1014,1018.9,2,2.7,8,316.8,0
2022-12-27 01:38:27,5,54,18.7,83,5.7,1014.1,1019,1.7,2.7,,316.8,0
2022-12-27 01:43:27,5,54,18.7,83,5.6,1014,1018.9,1.7,2.7,4,316.8,0
2022-12-27 01:48:27,5,54,18.7,83,5.5,1014,1018.9,1.4,2,10,316.8,0
2022-12-27 01:53:27,5,54,18.7,83,5.4,1013.8,1018.7,1,1.7,10,316.8,0
2022-12-27 01:58:27,5,54,18.7,83,5.4,1013.6,1018.5,1.4,2,4,316.8,0
2022-12-27 02:03:27,5,54,18.7,83,5.4,1013.5,1018.4,2.4,3.4,13,316.8,0
2022-12-27 02:08:27,5,54,18.7,83,5.4,1013.4,1018.3,2,3.4,,316.8,0
2022-12-27 02:13:27,5,54,18.7,83,5.4,1013.3,1018.2,2.4,3.4,4,316.8,0
2022-12-27 02:18:27,5,54,18.7,83,5.4,1013.1,1018,2.4,3.1,4,316.8,0
2022-12-27 02:23:27,5,54,18.7,84,5.4,1013.1,1018,1.4,2.4,4,316.8,0
2022-12-27 02:28:27,5,54,18.7,84,5.5,1013,1017.9,1.7,2.7,8,316.8,0
2022-12-27 02:33:27,5,54,18.7,84,5.6,1012.7,1017.6,1.4,2.4,4,316.8,0
2022-12-27 02:38:27,5,54,18.7,84,5.6,1012.7,1017.6,1.7,2.4,,316.8,0
2022-12-27 02:43:27,5,54,18.7,84,5.6,1012.7,1017.6,1.7,2.4,12,316.8,0
2022-12-27 02:48:27,5,54,18.7,84,5.7,1012.7,1017.6,2,2.7,8,316.8,0
2022-12-27 02:53:27,5,54,18.7,84,5.7,1012.5,1017.4,2.4,3.4,,316.8,0
2022-12-27 02:58:27,5,54,18.7,84,5.8,1012.3,1017.2,2,3.1,14,316.8,0
2022-12-27 03:03:27,5,54,18.7,83,5.9,1012.4,1017.3,3.4,4.1,12,316.8,0
2022-12-27 03:08:27,5,54,18.7,83,5.8,1012.1,1017,2.4,4.1,4,316.8,0
2022-12-27 03:13:27,5,54,18.7,83,5.8,1012,1016.9,3.1,4.1,2,316.8,0
2022-12-27 03:18:27,5,54,18.7,83,5.8,1011.9,1016.8,3.1,4.4,14,316.8,0
2022-12-27 03:23:27,5,54,18.7,83,5.9,1011.8,1016.7,3.4,5.1,,316.8,0
2022-12-27 03:28:27,5,54,18.7,83,5.9,1011.7,1016.6,4.1,5.1,4,316.8,0
2022-12-27 03:33:27,5,54,18.7,84,5.9,1011.4,1016.3,2.7,4.4,4,316.8,0
2022-12-27 03:38:27,5,54,18.6,84,5.9,1011.2,1016.1,3.1,3.7,2,316.8,0
2022-12-27 03:43:27,5,54,18.6,84,5.7,1011.1,1016,2.7,3.7,2,316.8,0
2022-12-27 03:48:27,5,54,18.6,84,5.6,1011.1,1016,2,2.7,4,316.8,0
2022-12-27 03:53:27,5,54,18.6,84,5.4,1010.8,1015.7,3.1,4.1,4,316.8,0
2022-12-27 03:58:27,5,54,18.6,85,5.4,1010.6,1015.5,3.4,4.4,2,316.8,0
2022-12-27 04:03:27,5,53,18.6,85,5.5,1010.6,1015.5,2,3.1,4,316.8,0
2022-12-27 04:08:27,5,53,18.6,86,5.5,1010.3,1015.2,2,2.7,4,316.8,0
2022-12-27 04:13:27,5,53,18.6,86,5.5,1010.3,1015.2,2.4,2.7,4,316.8,0
2022-12-27 04:18:27,5,53,18.6,87,5.8,1010.1,1015,2.4,3.4,,316.8,0
2022-12-27 04:23:27,5,53,18.6,88,6.2,1009.8,1014.7,2.7,4.8,4,316.8,0
2022-12-27 04:28:27,5,53,18.5,88,6.6,1009.5,1014.4,4.1,5.4,4,316.8,0
2022-12-27 04:33:27,5,53,18.5,89,6.8,1009.4,1014.3,3.1,4.8,12,316.8,0
2022-12-27 04:38:27,5,53,18.5,88,6.9,1009.3,1014.2,2.7,5.4,4,316.8,0
2022-12-27 04:43:27,5,53,18.5,88,7,1008.9,1013.8,3.7,6.1,4,316.8,0
2022-12-27 04:48:27,5,53,18.6,88,7.1,1008.7,1013.6,2.7,5.1,,316.8,0
2022-12-27 04:53:27,5,53,18.6,87,7.1,1008.6,1013.5,3.1,3.7,8,316.8,0
2022-12-27 04:58:27,5,53,18.6,87,7.1,1008.6,1013.5,3.7,5.1,10,316.8,0
2022-12-27 05:03:27,5,53,18.5,87,7.2,1008.3,1013.2,3.7,4.8,,316.8,0
2022-12-27 05:08:27,5,53,18.5,87,7.3,1008.3,1013.2,3.4,4.1,8,316.8,0
2022-12-27 05:13:27,5,53,18.5,87,7.4,1008.1,1013,3.4,4.8,,316.8,0
2022-12-27 05:18:27,5,53,18.5,87,7.4,1007.8,1012.7,2.7,3.7,9,316.8,0
2022-12-27 05:23:27,5,53,18.5,87,7.4,1007.8,1012.7,2.4,4.1,8,316.8,0
2022-12-27 05:28:27,5,53,18.5,87,7.4,1007.6,1012.5,4.1,6.5,10,316.8,0
2022-12-27 05:33:27,5,53,18.5,82,7.5,1007.5,1012.4,3.1,3.7,8,316.8,0
2022-12-27 05:38:27,5,53,18.5,82,7.5,1007.4,1012.3,3.4,5.1,8,316.8,0
2022-12-27 05:43:27,5,53,18.5,82,7.6,1007.4,1012.3,2.7,4.4,8,316.8,0
2022-12-27 05:48:27,5,53,18.5,83,7.6,1007.2,1012.1,3.1,4.1,9,316.8,0
2022-12-27 05:53:27,5,53,18.5,83,7.7,1007.1,1012,3.7,5.4,8,316.8,0
2022-12-27 05:58:27,5,53,18.5,83,7.9,1006.9,1011.8,2.7,4.1,10,316.8,0
2022-12-27 06:03:27,5,53,18.5,83,7.9,1007,1011.9,3.7,4.8,8,316.8,0
2022-12-27 06:08:27,5,53,18.5,83,8.1,1006.7,1011.6,2.4,3.7,8,316.8,0
2022-12-27 06:13:27,5,53,18.5,83,8.1,1006.7,1011.6,4.8,7.5,10,316.8,0
2022-12-27 06:18:27,5,53,18.5,83,8.2,1006.6,1011.5,4.1,5.8,10,316.8,0
2022-12-27 06:23:27,5,53,18.5,83,8.3,1006.5,1011.4,3.4,4.4,8,316.8,0
2022-12-27 06:28:27,5,53,18.5,83,8.4,1006.4,1011.3,4.8,6.5,2,316.8,0
2022-12-27 06:33:27,5,53,18.5,83,8.4,1006.1,1011,5.4,6.8,2,316.8,0
2022-12-27 06:38:27,5,53,18.5,83,8.5,1006.1,1011,5.1,6.8,10,316.8,0
2022-12-27 06:43:27,5,53,18.5,83,8.5,1006.2,1011.1,4.4,6.5,8,316.8,0
2022-12-27 06:48:27,5,53,18.5,84,8.6,1006.3,1011.2,4.8,6.5,8,316.8,0
2022-12-27 06:53:27,5,53,18.5,84,8.6,1006.2,1011.1,4.4,6.8,8,316.8,0
2022-12-27 06:58:27,5,53,18.5,84,8.6,1006.1,1011,4.4,5.4,8,316.8,0
2022-12-27 07:03:27,5,53,18.5,84,8.7,1005.8,1010.7,4.8,6.1,8,316.8,0
2022-12-27 07:08:27,5,53,18.5,84,8.7,1005.9,1010.8,4.4,5.8,8,316.8,0
2022-12-27 07:13:27,5,53,18.5,84,8.7,1005.8,1010.7,4.1,4.8,10,316.8,0
2022-12-27 07:18:27,5,53,18.5,85,8.8,1005.6,1010.5,4.1,5.4,8,316.8,0
2022-12-27 07:23:27,5,53,18.5,85,8.8,1005.5,1010.4,3.1,4.4,8,316.8,0
2022-12-27 07:28:27,5,53,18.5,85,8.8,1005.5,1010.4,4.8,6.1,8,316.8,0
2022-12-27 07:33:27,5,53,18.5,85,8.9,1005.5,1010.4,4.8,5.8,9,316.8,0
2022-12-27 07:38:27,5,53,18.5,85,9,1005.3,1010.2,4.8,5.8,,316.8,0
2022-12-27 07:43:27,5,53,18.5,85,9.1,1005.4,1010.3,4.1,5.1,10,316.8,0
2022-12-27 07:48:27,5,53,18.5,85,9.2,1005.1,1010,5.1,6.1,8,316.8,0
2022-12-27 07:53:27,5,53,18.5,85,9.3,1005.2,1010.1,4.4,6.5,8,316.8,0
2022-12-27 07:58:27,5,53,18.5,85,9.4,1005.1,1010,3.4,4.4,8,316.8,0
2022-12-27 08:03:27,5,53,18.5,85,9.4,1005.2,1010.1,5.4,5.8,8,316.8,0
2022-12-27 08:08:27,5,53,18.5,85,9.5,1005.2,1010.1,3.7,5.1,8,316.8,0
2022-12-27 08:13:27,5,53,18.5,85,9.5,1005,1009.9,4.4,5.8,8,316.8,0
2022-12-27 08:18:27,5,53,18.5,85,9.5,1004.9,1009.8,6.1,7.5,8,316.8,0
2022-12-27 08:23:27,5,53,18.5,86,9.5,1004.9,1009.8,4.1,5.1,8,316.8,0
2022-12-27 08:28:27,5,53,18.5,86,9.5,1005,1009.9,4.4,5.8,8,316.8,0
2022-12-27 08:33:27,5,53,18.5,87,9.6,1004.8,1009.7,4.4,5.1,8,316.8,0
2022-12-27 08:38:28,5,53,18.5,88,9.7,1004.7,1009.6,5.1,6.5,8,316.8,0
2022-12-27 08:43:26,5,53,18.5,88,9.8,1004.7,1009.6,5.1,6.1,8,316.8,0
2022-12-27 08:48:26,5,53,18.5,88,9.8,1004.7,1009.6,4.8,6.1,8,316.8,0
2022-12-27 08:53:26,5,53,18.5,89,9.8,1004.7,1009.6,4.4,5.4,8,316.8,0
2022-12-27 08:58:26,5,53,18.5,89,9.8,1004.8,1009.7,4.4,5.1,10,316.8,0
2022-12-27 09:03:26,5,53,18.5,89,9.9,1004.7,1009.6,3.7,4.8,8,316.8,0
2022-12-27 09:08:26,5,53,18.5,89,9.9,1004.7,1009.6,3.7,4.8,9,316.8,0
2022-12-27 09:13:26,5,53,18.5,89,10,1004.9,1009.8,3.7,4.8,8,316.8,0
2022-12-27 09:18:26,5,53,18.5,90,10,1004.9,1009.8,2.7,3.7,12,316.8,0
2022-12-27 09:23:26,5,53,18.5,90,10,1004.9,1009.8,1.7,2.4,12,316.8,0
2022-12-27 09:28:26,5,53,18.5,89,9.6,1005,1009.9,1.4,2,10,316.8,0
2022-12-27 09:33:26,5,53,18.5,89,9.5,1004.9,1009.8,3.4,4.1,10,317.1,0
2022-12-27 09:38:26,5,53,18.5,90,9.7,1005,1009.9,3.7,4.4,10,317.1,0
2022-12-27 09:43:26,5,53,18.5,90,9.7,1005.1,1010,5.8,7.1,10,317.1,0
2022-12-27 09:48:26,5,53,18.5,90,9.6,1005.2,1010.1,2.4,2.7,10,317.1,0
2022-12-27 09:53:26,5,53,18.5,90,9.5,1004.9,1009.8,1.7,2.4,10,317.1,0
2022-12-27 09:58:26,5,53,18.5,90,9.4,1005.1,1010,3.7,4.8,10,317.1,0
2022-12-27 10:03:26,5,54,18.5,90,9.3,1005,1009.9,2.4,3.1,8,317.1,0
2022-12-27 10:08:26,5,54,18.5,90,9.3,1005,1009.9,3.1,4.1,10,317.1,0
2022-12-27 10:13:26,5,54,18.5,90,9.2,1004.8,1009.7,3.4,4.8,10,317.1,0
2022-12-27 10:18:26,5,54,18.5,90,9.3,1004.8,1009.7,3.1,3.7,10,317.1,0
2022-12-27 10:23:26,5,54,18.5,90,9.3,1004.8,1009.7,3.1,3.7,10,317.1,0
2022-12-27 10:28:26,5,54,18.5,90,9.3,1004.7,1009.6,2.4,2.7,10,317.1,0
2022-12-27 10:33:26,5,54,18.5,90,9.3,1004.9,1009.8,4.8,6.1,10,317.1,0
2022-12-27 10:38:26,5,54,18.5,90,9.3,1004.8,1009.7,2.4,3.4,10,317.1,0
2022-12-27 10:43:26,5,54,18.6,90,9.3,1004.8,1009.7,3.4,4.4,10,317.1,0
2022-12-27 10:48:26,5,54,18.6,90,9.3,1004.8,1009.7,2.7,3.4,10,317.1,0
2022-12-27 10:53:26,5,54,18.6,90,9.3,1004.8,1009.7,2.7,3.7,10,317.1,0
2022-12-27 10:58:26,5,54,18.6,90,9.3,1004.9,1009.8,2.7,3.4,10,317.1,0
2022-12-27 11:03:26,5,54,18.6,90,9.3,1004.9,1009.8,2.7,3.7,10,317.1,0
2022-12-27 11:08:26,5,54,18.6,90,9.3,1004.7,1009.6,2,2.7,10,317.1,0
2022-12-27 11:13:26,5,54,18.6,90,9.3,1004.7,1009.6,4.1,4.8,10,317.1,0
2022-12-27 11:18:26,5,54,18.6,90,9.4,1004.7,1009.6,4.1,5.4,10,317.1,0
2022-12-27 11:23:26,5,54,18.6,90,9.4,1004.5,1009.4,2.4,3.4,10,317.1,0
2022-12-27 11:28:26,5,54,18.6,89,9.4,1004.3,1009.2,2.7,3.7,10,317.1,0
2022-12-27 11:33:26,5,54,18.6,89,9.5,1004.4,1009.3,2.4,3.4,10,317.1,0
2022-12-27 11:38:26,5,54,18.6,89,9.5,1004.4,1009.3,2.7,3.7,10,317.1,0
2022-12-27 11:43:26,5,54,18.6,89,9.5,1004.4,1009.3,4.1,6.5,10,317.1,0
2022-12-27 11:48:26,5,54,18.6,88,9.5,1004.2,1009.1,4.1,5.4,10,317.1,0
2022-12-27 11:53:26,5,54,18.6,88,9.4,1004.3,1009.2,3.7,4.8,10,317.1,0
2022-12-27 11:58:26,5,54,18.6,87,9.4,1004,1008.9,3.1,4.8,10,317.1,0
2022-12-27 12:03:26,5,54,18.6,87,9.5,1004,1008.9,3.1,3.7,10,317.1,0
2022-12-27 12:08:26,5,54,18.6,86,9.5,1003.8,1008.7,3.1,4.1,10,317.1,0
2022-12-27 12:13:26,5,55,18.7,85,9.5,1003.7,1008.6,3.1,4.1,8,317.1,0
2022-12-27 12:18:26,5,55,18.7,84,9.4,1003.9,1008.8,4.1,5.4,10,317.1,0
2022-12-27 12:23:26,5,56,18.7,84,9.3,1003.9,1008.8,2.4,2.7,10,317.1,0
2022-12-27 12:28:26,5,57,18.7,83,9.3,1003.8,1008.7,2.7,3.4,12,317.1,0
2022-12-27 12:33:26,5,57,18.7,83,9.4,1003.6,1008.5,2.4,3.7,10,317.1,0
2022-12-27 12:38:26,5,57,18.8,83,9.4,1003.8,1008.7,4.1,6.1,10,317.1,0
2022-12-27 12:43:26,5,57,18.7,83,9.2,1003.8,1008.7,4.8,6.1,10,317.1,0
2022-12-27 12:48:26,5,58,18.8,83,9.1,1003.8,1008.7,3.7,4.4,10,317.1,0
2022-12-27 12:53:26,5,58,18.8,83,9.1,1003.7,1008.6,2.4,3.1,12,317.1,0
2022-12-27 12:58:26,5,58,18.8,84,9.1,1003.7,1008.6,2.4,4.1,8,317.1,0
2022-12-27 13:03:26,5,58,18.8,84,9.1,1003.4,1008.3,2.4,3.4,10,317.1,0
2022-12-27 13:08:26,5,58,18.8,84,9.1,1003.7,1008.6,3.1,3.7,10,317.1,0
2022-12-27 13:13:26,5,57,18.8,84,9.1,1003.5,1008.4,2.7,3.7,10,317.1,0
2022-12-27 13:18:26,5,57,18.8,84,9.2,1003.4,1008.3,3.4,4.1,10,317.1,0
2022-12-27 13:23:26,5,57,18.8,84,9.2,1003.4,1008.3,3.4,4.8,10,317.1,0
2022-12-27 13:28:26,5,57,18.8,84,9.2,1003.3,1008.2,3.1,3.1,10,317.1,0
2022-12-27 13:33:26,5,57,18.8,84,9.2,1003.3,1008.2,2.7,3.4,10,317.1,0
2022-12-27 13:38:26,5,57,18.8,83,9.3,1003.3,1008.2,3.7,4.1,10,317.1,0
2022-12-27 13:43:26,5,57,18.8,83,9.3,1003.1,1008,3.1,4.4,2,317.1,0
2022-12-27 13:48:26,5,57,18.9,84,9.5,1003.1,1008,2.7,3.4,10,317.1,0
2022-12-27 13:53:26,5,57,18.9,84,9.7,1003.1,1008,4.8,7.8,10,317.1,0
2022-12-27 13:58:26,5,57,18.9,83,9.6,1002.8,1007.7,5.1,6.8,10,317.1,0
2022-12-27 14:03:26,5,57,18.9,82,9.5,1002.9,1007.8,4.4,5.4,12,317.1,0
2022-12-27 14:08:26,5,57,18.9,82,9.5,1002.9,1007.8,3.4,4.8,9,317.1,0
2022-12-27 14:13:26,5,57,18.9,81,9.5,1002.8,1007.7,2.7,3.4,8,317.1,0
2022-12-27 14:18:26,5,57,18.9,81,9.6,1002.9,1007.8,3.1,4.1,10,317.1,0
2022-12-27 14:23:26,5,57,18.9,80,9.5,1002.9,1007.8,3.4,4.8,12,317.1,0
2022-12-27 14:28:26,5,57,18.9,80,9.5,1002.9,1007.8,3.4,5.1,10,317.1,0
2022-12-27 14:33:26,5,57,18.9,78,9.5,1003.1,1008,3.4,4.4,10,317.1,0
2022-12-27 14:38:26,5,57,18.9,77,9.5,1003,1007.9,3.1,3.7,10,317.1,0
2022-12-27 14:43:26,5,57,18.9,75,9.5,1003,1007.9,4.4,4.8,10,317.1,0
2022-12-27 14:48:26,5,56,18.9,74,9.5,1003,1007.9,2.4,3.1,10,317.1,0
2022-12-27 14:53:26,5,55,18.9,74,9.4,1003.1,1008,3.4,4.8,12,317.1,0
2022-12-27 14:58:26,5,55,18.9,74,9.3,1003.2,1008.1,5.1,6.1,12,317.1,0
2022-12-27 15:03:26,5,55,18.9,75,9,1003.1,1008,3.1,4.1,10,317.1,0
2022-12-27 15:08:26,5,55,18.9,77,8.8,1003.1,1008,2.7,3.1,10,317.1,0
2022-12-27 15:13:26,5,55,18.9,79,8.7,1003.1,1008,3.7,4.4,12,317.1,0
2022-12-27 15:18:26,5,55,18.8,80,8.6,1003.1,1008,2.7,4.1,10,317.1,0
2022-12-27 15:23:26,5,55,18.7,80,8.6,1002.9,1007.8,2.7,3.4,,317.1,0
2022-12-27 15:28:26,5,55,18.7,80,8.6,1003,1007.9,2.7,3.4,10,317.1,0
2022-12-27 15:33:26,5,55,18.7,80,8.6,1003,1007.9,3.4,4.8,12,317.1,0
2022-12-27 15:38:26,5,55,18.7,80,8.6,1003.1,1008,3.4,4.1,10,317.1,0
2022-12-27 15:43:26,5,55,18.7,80,8.6,1002.9,1007.8,2.7,3.4,10,317.1,0
2022-12-27 15:48:26,5,55,18.7,80,8.6,1002.9,1007.8,2.4,3.4,10,317.1,0
2022-12-27 15:53:26,5,55,18.7,79,8.6,1003,1007.9,3.4,4.4,10,317.1,0
2022-12-27 15:58:26,5,55,18.6,79,8.6,1002.8,1007.7,3.4,4.1,10,317.1,0
2022-12-27 16:03:26,5,55,18.6,78,8.6,1003,1007.9,3.1,3.4,12,317.1,0
2022-12-27 16:08:26,5,55,18.6,78,8.6,1003,1007.9,3.7,4.4,8,317.1,0
2022-12-27 16:13:26,5,54,18.6,77,8.7,1003.1,1008,3.7,4.8,10,317.1,0
2022-12-27 16:18:26,5,54,18.6,77,8.7,1002.9,1007.8,3.1,3.7,10,317.1,0
2022-12-27 16:23:26,5,54,18.6,76,8.6,1002.9,1007.8,3.1,4.1,8,317.1,0
2022-12-27 16:28:26,5,55,18.6,76,8.5,1002.8,1007.7,3.7,5.1,8,317.1,0
2022-12-27 16:33:26,5,56,18.6,76,8.5,1003,1007.9,3.1,3.7,8,317.1,0
2022-12-27 16:38:26,5,56,18.6,76,8.5,1002.8,1007.7,2.7,3.4,15,317.1,0
2022-12-27 16:43:26,5,57,18.6,75,8.6,1002.9,1007.8,3.1,3.7,12,317.1,0
2022-12-27 16:48:26,5,57,18.6,74,8.6,1002.8,1007.7,3.4,3.7,10,317.1,0
2022-12-27 16:53:26,5,57,18.6,73,8.6,1002.9,1007.8,3.7,5.1,10,317.1,0
2022-12-27 16:58:26,5,57,18.7,73,8.6,1003.1,1008,2.7,4.1,10,317.1,0
2022-12-27 17:03:26,5,57,18.7,73,8.5,1003,1007.9,4.1,4.8,8,317.1,0
2022-12-27 17:08:26,5,57,18.7,73,8.5,1003.1,1008,4.1,4.8,10,317.1,0
2022-12-27 17:13:26,5,58,18.7,73,8.5,1003.2,1008.1,4.4,5.4,10,317.1,0
2022-12-27 17:18:26,5,58,18.7,73,8.5,1003.2,1008.1,2.7,4.1,10,317.1,0
2022-12-27 17:23:26,5,58,18.6,73,8.4,1003.4,1008.3,2.7,3.4,8,317.1,0
2022-12-27 17:28:26,5,58,18.7,73,8.4,1003.5,1008.4,2.7,4.1,,317.1,0
2022-12-27 17:34:26,6,59,18.8,74,8.4,1003.8,1008.7,3.4,4.4,12,317.1,0
2022-12-27 17:39:26,5,60,18.7,74,8.5,1003.8,1008.7,3.7,4.4,10,317.1,0
2022-12-27 17:44:26,5,60,18.6,74,8.5,1003.6,1008.5,3.1,4.1,8,317.1,0
2022-12-27 17:50:26,6,62,18.7,74,8.5,1003.5,1008.4,2.7,3.7,10,317.1,0
2022-12-27 17:55:26,5,63,18.8,74,8.5,1003.7,1008.6,4.1,4.8,12,317.1,0
2022-12-27 18:00:26,5,64,18.8,75,8.3,1003.5,1008.4,3.7,4.4,8,317.1,0
2022-12-27 18:06:26,6,64,18.8,76,8.2,1003.6,1008.5,3.1,3.7,10,317.1,0
2022-12-27 18:11:26,5,64,18.8,76,8.1,1003.6,1008.5,3.1,3.7,10,317.1,0
2022-12-27 18:16:26,5,64,18.8,76,8.2,1003.6,1008.5,3.7,4.1,10,317.1,0
2022-12-27 18:22:26,6,63,18.8,76,8.2,1003.5,1008.4,3.1,4.1,10,317.1,0
2022-12-27 18:27:26,5,63,18.8,76,8.2,1003.6,1008.5,3.7,5.1,10,317.1,0
2022-12-27 18:32:26,5,63,18.8,76,8.3,1003.4,1008.3,3.4,4.4,10,317.1,0
2022-12-27 18:38:26,6,63,18.8,75,8.3,1003.4,1008.3,2.4,3.1,10,317.1,0
2022-12-27 18:43:26,5,63,18.8,75,8.3,1003.5,1008.4,2.7,3.4,10,317.1,0
2022-12-27 18:48:26,5,63,18.8,74,8.3,1003.4,1008.3,3.1,3.7,10,317.1,0
2022-12-27 18:54:26,6,63,18.8,74,8.3,1003.6,1008.5,3.4,4.4,10,317.1,0
2022-12-27 18:59:26,5,63,18.8,74,8.4,1003.4,1008.3,2,2.7,10,317.1,0
2022-12-27 19:04:26,5,63,18.8,74,8.3,1003.4,1008.3,3.1,4.1,12,317.1,0
2022-12-27 19:10:26,6,63,18.8,74,8.2,1003.1,1008,3.1,4.1,12,317.1,0
2022-12-27 19:15:26,5,63,18.8,74,8.1,1003,1007.9,3.7,4.8,10,317.1,0
2022-12-27 19:20:26,5,63,18.8,74,8.1,1003,1007.9,3.4,4.8,10,317.1,0
2022-12-27 19:26:26,6,63,18.8,74,8.1,1003.2,1008.1,2.7,3.7,12,317.1,0
2022-12-27 19:31:26,5,63,18.8,74,8.1,1003.3,1008.2,2.7,3.7,10,317.1,0
2022-12-27 19:36:26,5,63,18.8,74,8.1,1003.2,1008.1,3.1,4.4,10,317.1,0
2022-12-27 19:42:26,6,63,18.8,74,8.1,1003.5,1008.4,2.4,2.7,8,317.1,0
2022-12-27 19:47:26,5,63,18.8,74,8,1003.7,1008.6,2.7,3.4,12,317.1,0
2022-12-27 19:52:26,5,63,18.8,74,8.1,1004,1008.9,1.4,2,10,317.1,0
2022-12-27 19:58:26,6,63,18.9,74,8.1,1003.8,1008.7,1.7,2.4,10,317.1,0
2022-12-27 20:03:26,5,63,18.9,74,8,1003.6,1008.5,3.4,4.4,10,317.1,0
2022-12-27 20:08:26,5,63,18.9,74,7.8,1003.4,1008.3,3.1,4.1,12,317.1,0
2022-12-27 20:14:26,6,63,18.9,74,7.7,1003.6,1008.5,2.7,3.7,10,317.1,0
2022-12-27 20:19:26,5,63,18.9,73,7.7,1003.8,1008.7,2.4,3.4,9,317.1,0
2022-12-27 20:24:26,5,61,19,73,7.8,1003.8,1008.7,2.4,3.1,12,317.1,0
2022-12-27 20:30:26,6,61,19,72,8,1003.8,1008.7,2.4,3.1,14,317.1,0
2022-12-27 20:35:26,5,61,19,71,8,1003.7,1008.6,3.7,4.4,10,317.1,0
2022-12-27 20:40:26,5,61,19,70,8.1,1003.6,1008.5,3.4,4.4,10,317.1,0
2022-12-27 20:46:26,6,61,19,70,8,1003.8,1008.7,2.7,4.1,10,317.1,0
2022-12-27 20:51:26,5,61,19,70,7.9,1003.9,1008.8,2.4,3.4,10,317.1,0
2022-12-27 20:56:26,5,61,19,70,7.9,1003.8,1008.7,2.4,3.1,8,317.1,0
2022-12-27 21:02:26,6,61,19,70,7.9,1003.6,1008.5,3.1,4.1,10,317.1,0
2022-12-27 21:07:26,5,61,19.1,70,7.9,1003.4,1008.3,3.1,3.7,10,317.1,0
2022-12-27 21:12:26,5,61,19.1,70,7.8,1003.2,1008.1,3.1,3.4,12,317.1,0
2022-12-27 21:18:26,6,61,19.1,70,7.6,1003.6,1008.5,2.4,3.4,,317.1,0
2022-12-27 21:23:26,5,61,19.1,70,7.5,1003.6,1008.5,1.4,1.7,8,317.1,0
2022-12-27 21:28:26,5,61,19.1,73,7.3,1003.7,1008.6,0.3,0.7,4,317.1,0
2022-12-27 21:34:26,6,61,19.1,74,7.1,1003.7,1008.6,0.7,1,4,317.1,0
2022-12-27 21:39:26,5,61,19.1,75,7.1,1003.8,1008.7,1.4,1.7,8,317.1,0
2022-12-27 21:44:26,5,61,19.1,76,7.1,1003.7,1008.6,1.4,1.7,10,317.1,0
2022-12-27 21:50:26,6,61,19.2,77,7.2,1003.8,1008.7,2,2.7,8,317.1,0
2022-12-27 21:55:26,5,61,19.2,78,7.2,1003.9,1008.8,1.7,2.4,8,317.1,0
2022-12-27 22:00:26,5,61,19.2,79,7.3,1003.7,1008.6,2,2.7,10,317.1,0
2022-12-27 22:06:26,6,61,19.2,80,7.3,1003.8,1008.7,1.4,1.7,10,317.1,0
2022-12-27 22:11:26,5,61,19.2,80,7.3,1003.9,1008.8,1.7,2.7,10,317.1,0
2022-12-27 22:16:26,5,61,19.2,80,7.3,1003.8,1008.7,2,2.4,10,317.1,0
2022-12-27 22:22:26,6,61,19.2,80,7.3,1003.7,1008.6,1.7,2,10,317.1,0
2022-12-27 22:27:26,5,61,19.2,80,7.3,1003.6,1008.5,1.4,2,10,317.1,0
2022-12-27 22:32:26,5,61,19.2,79,7.3,1003.4,1008.3,1.7,2,8,317.1,0
2022-12-27 22:38:26,6,61,19.3,79,7.2,1003.3,1008.2,2,2.7,8,317.1,0
2022-12-27 22:43:26,5,60,19.3,79,7.1,1003.2,1008.1,2,2.7,10,317.1,0
2022-12-27 22:48:26,5,60,19.3,80,7.1,1003.2,1008.1,2,2.7,10,317.1,0
2022-12-27 22:54:26,6,60,19.3,80,7.1,1003.3,1008.2,1.7,2,10,317.1,0
2022-12-27 22:59:26,5,60,19.3,80,7,1003.3,1008.2,1.4,2,10,317.1,0
2022-12-27 23:04:26,5,60,19.4,80,7,1003.2,1008.1,2,2.7,10,317.1,0
2022-12-27 23:10:26,6,60,19.4,80,7,1003.1,1008,2.4,2.7,8,317.1,0
2022-12-27 23:15:26,5,60,19.4,80,7,1003.2,1008.1,2,2.4,10,317.1,0
2022-12-27 23:20:26,5,60,19.4,80,7,1003.4,1008.3,1,1.7,10,317.1,0
2022-12-27 23:26:26,6,59,19.4,80,6.7,1003.4,1008.3,1.4,1.7,10,317.1,0
2022-12-27 23:31:26,5,59,19.4,80,6.5,1003.4,1008.3,1.7,2,8,317.1,0
2022-12-27 23:36:26,5,59,19.4,80,6.4,1003.3,1008.2,1.7,2.4,8,317.1,0
2022-12-27 23:42:26,6,59,19.4,81,6.5,1003.4,1008.3,2.7,3.7,8,317.1,0
2022-12-27 23:47:26,5,59,19.4,81,6.6,1003.3,1008.2,2,3.1,8,317.1,0
2022-12-27 23:52:26,5,59,19.4,81,6.6,1003.3,1008.2,1.7,2,8,317.1,0
2022-12-27 23:58:26,6,59,19.4,81,6.5,1003.2,1008.1,2,2.7,8,317.1,0
