2022-12-21 00:03:28,5,51,19.9,82,5.4,995.5,1000.4,5.8,7.8,8,302.4,0
2022-12-21 00:08:28,5,51,19.9,82,5.4,995.3,1000.2,6.1,6.8,12,302.4,0
2022-12-21 00:13:28,5,51,19.8,81,5.6,995.4,1000.3,6.1,7.8,8,302.4,0
2022-12-21 00:18:28,5,51,19.8,81,5.6,995.6,1000.5,5.8,6.8,10,302.4,0
2022-12-21 00:23:28,5,51,19.8,81,5.6,995.4,1000.3,4.4,6.1,8,302.4,0
2022-12-21 00:28:28,5,51,19.8,81,5.6,995.4,1000.3,7.5,10.5,10,302.4,0
2022-12-21 00:33:28,5,51,19.8,81,5.6,995.4,1000.3,6.1,6.8,10,302.4,0
2022-12-21 00:38:28,5,51,19.8,81,5.7,995.4,1000.3,8.2,11.2,8,302.4,0
2022-12-21 00:43:28,5,51,19.8,81,5.8,995.2,1000.1,6.5,8.5,10,302.4,0
2022-12-21 00:48:28,5,51,19.8,80,5.8,995,999.9,6.1,8.2,8,302.4,0
2022-12-21 00:53:28,5,51,19.8,80,5.7,995.1,1000,6.8,9.5,8,302.4,0
2022-12-21 00:58:28,5,51,19.8,81,5.7,995.1,1000,6.8,8.5,8,302.4,0
2022-12-21 01:03:28,5,51,19.8,81,5.7,995.2,1000.1,7.1,8.8,8,302.4,0
2022-12-21 01:08:28,5,51,19.8,81,5.8,995.1,1000,6.1,8.2,10,302.4,0
2022-12-21 01:13:28,5,51,19.8,81,5.8,995.1,1000,7.1,8.5,10,302.4,0
2022-12-21 01:18:28,5,50,19.7,81,5.8,995,999.9,6.5,8.5,8,302.4,0
2022-12-21 01:23:28,5,50,19.7,80,5.8,995,999.9,6.5,7.5,10,302.4,0
2022-12-21 01:28:28,5,50,19.7,80,5.9,995,999.9,8.8,9.9,8,302.4,0
2022-12-21 01:33:28,5,50,19.7,80,5.8,994.8,999.7,7.5,11.6,12,302.4,0
2022-12-21 01:38:28,5,50,19.7,80,5.8,994.9,999.8,6.1,8.8,8,302.4,0
2022-12-21 01:43:28,5,50,19.7,80,5.9,994.8,999.7,7.1,8.8,8,302.4,0
2022-12-21 01:48:28,5,50,19.7,80,5.9,994.8,999.7,5.8,8.5,8,302.4,0
2022-12-21 01:53:28,5,50,19.7,80,5.9,994.9,999.8,4.8,7.1,10,302.4,0
2022-12-21 01:58:28,5,50,19.7,80,6,994.9,999.8,6.5,7.8,8,302.4,0
2022-12-21 02:03:28,5,50,19.7,80,6,995,999.9,5.1,5.8,10,302.4,0
2022-12-21 02:08:28,5,50,19.7,80,6.1,994.8,999.7,6.8,9.2,8,302.4,0
2022-12-21 02:13:28,5,49,19.7,80,6.2,994.9,999.8,8.2,9.9,10,302.4,0
2022-12-21 02:18:28,5,49,19.7,80,6.1,994.8,999.7,6.1,7.5,8,302.4,0
2022-12-21 02:23:28,5,49,19.6,80,6.1,994.6,999.5,6.1,7.5,8,302.4,0
2022-12-21 02:28:28,5,49,19.6,80,6.1,994.6,999.5,7.1,9.2,8,302.4,0
2022-12-21 02:33:28,5,49,19.6,79,6.2,994.6,999.5,6.1,7.8,8,302.4,0
2022-12-21 02:38:28,5,49,19.6,78,6.1,994.7,999.6,5.8,7.5,8,302.4,0
2022-12-21 02:43:27,5,49,19.6,78,6,994.6,999.5,5.4,6.8,8,302.4,0
2022-12-21 02:48:27,5,49,19.6,78,6.1,994.7,999.6,5.8,6.5,10,302.4,0
2022-12-21 02:53:27,5,49,19.5,79,6.1,994.7,999.6,6.1,6.8,8,302.4,0
2022-12-21 02:58:27,5,48,19.6,79,6.2,994.6,999.5,7.5,9.2,8,302.4,0
2022-12-21 03:03:27,5,48,19.6,79,6.2,994.6,999.5,5.8,7.8,8,302.4,0
2022-12-21 03:08:27,5,48,19.6,79,6.1,994.7,999.6,5.4,6.5,8,302.4,0
2022-12-21 03:13:27,5,48,19.6,78,6.3,994.5,999.4,7.1,8.8,10,302.4,0
2022-12-21 03:18:27,5,48,19.5,76,6.4,994.7,999.6,7.5,8.5,8,302.4,0
2022-12-21 03:23:27,5,48,19.5,74,6.7,994.5,999.4,6.1,8.8,10,302.4,0
2022-12-21 03:28:27,5,48,19.5,73,6.8,994.6,999.5,5.4,7.5,10,302.4,0
2022-12-21 03:33:27,5,48,19.5,73,6.9,994.6,999.5,5.8,6.8,8,302.4,0
2022-12-21 03:38:27,5,48,19.5,73,6.9,994.6,999.5,5.4,6.5,8,302.4,0
2022-12-21 03:43:27,5,48,19.5,73,6.8,994.4,999.3,5.8,6.5,8,302.4,0
2022-12-21 03:48:27,5,48,19.5,74,6.7,994.6,999.5,6.1,7.8,10,302.4,0
2022-12-21 03:53:27,5,47,19.4,74,6.8,994.5,999.4,6.5,8.5,10,302.4,0
2022-12-21 03:58:27,5,47,19.4,73,7,994.7,999.6,6.5,7.8,8,302.4,0
2022-12-21 04:03:27,5,47,19.4,73,7.1,994.7,999.6,7.5,8.8,10,302.4,0
2022-12-21 04:08:27,5,47,19.4,72,7.2,994.7,999.6,5.8,7.5,10,302.4,0
2022-12-21 04:13:27,5,47,19.4,72,7.3,994.7,999.6,7.1,8.5,10,302.4,0
2022-12-21 04:18:27,5,47,19.4,72,7.3,994.8,999.7,4.8,5.4,9,302.4,0
2022-12-21 04:23:27,5,47,19.4,72,7.3,994.9,999.8,5.8,6.8,10,302.4,0
2022-12-21 04:28:27,5,47,19.3,72,7.4,994.8,999.7,4.8,5.1,10,302.4,0
2022-12-21 04:33:27,5,47,19.4,68,7.5,995,999.9,6.5,7.5,10,302.4,0
2022-12-21 04:38:27,5,47,19.4,72,7.4,995,999.9,7.5,8.5,10,302.4,0
2022-12-21 04:43:27,5,47,19.2,72,7.4,995.2,1000.1,6.5,7.5,8,302.4,0
2022-12-21 04:48:27,5,47,19.4,72,7.4,995,999.9,4.8,6.1,8,302.4,0
2022-12-21 04:53:27,5,47,19.3,72,7.4,994.9,999.8,4.8,6.5,10,302.4,0
2022-12-21 04:58:27,5,47,19.3,72,7.4,994.9,999.8,5.1,5.8,8,302.4,0
2022-12-21 05:03:27,5,47,19.4,72,7.3,994.9,999.8,4.4,5.8,10,302.4,0
2022-12-21 05:08:27,5,47,19.3,72,7.3,994.8,999.7,7.1,8.5,10,302.4,0
2022-12-21 05:13:27,5,47,19.3,72,7.3,994.8,999.7,5.8,7.5,8,302.4,0
2022-12-21 05:18:27,5,47,19.3,73,7.4,994.8,999.7,5.4,6.5,8,302.4,0
2022-12-21 05:23:27,5,47,19.3,69,7.6,994.7,999.6,7.5,9.9,9,302.4,0
2022-12-21 05:28:27,5,47,19.3,68,7.6,994.8,999.7,6.1,7.5,8,302.4,0
2022-12-21 05:33:27,5,47,19.3,68,7.7,994.8,999.7,6.1,7.8,8,302.4,0
2022-12-21 05:38:27,5,47,19.3,68,7.7,994.8,999.7,4.8,6.5,10,302.4,0
2022-12-21 05:43:27,5,46,19.3,68,7.6,994.9,999.8,5.1,6.8,8,302.4,0
2022-12-21 05:48:27,5,46,19.3,68,7.8,994.8,999.7,6.1,7.5,10,302.4,0
2022-12-21 05:53:27,5,46,19.3,68,7.8,994.8,999.7,5.4,6.1,8,302.4,0
2022-12-21 05:58:27,5,46,19.2,69,7.7,995,999.9,6.5,8.5,8,302.4,0
2022-12-21 06:03:27,5,46,19.2,69,7.6,995.1,1000,4.8,6.1,10,302.4,0
2022-12-21 06:08:27,5,46,19.2,70,7.6,995.2,1000.1,4.8,5.8,9,302.4,0
2022-12-21 06:13:27,5,46,19.2,70,7.6,995.5,1000.4,4.1,5.4,10,302.4,0
2022-12-21 06:18:27,5,46,19.2,75,7.4,995.3,1000.2,5.8,7.1,10,302.4,0
2022-12-21 06:23:27,5,46,19.2,78,7,995.5,1000.4,3.1,4.1,10,302.4,0
2022-12-21 06:28:27,5,46,19.2,80,6.9,995.3,1000.2,4.4,5.4,10,302.4,0
2022-12-21 06:33:27,5,46,19.2,80,6.9,995.4,1000.3,5.4,6.5,8,302.4,0
2022-12-21 06:38:27,5,46,19.2,80,6.8,995.3,1000.2,3.7,4.4,8,302.4,0
2022-12-21 06:43:27,5,46,19.2,80,6.8,995.3,1000.2,4.4,4.8,10,302.4,0
2022-12-21 06:48:27,5,46,19.2,80,6.9,995.3,1000.2,3.4,5.1,8,302.4,0
2022-12-21 06:53:27,5,46,19.2,80,6.9,995.5,1000.4,4.8,6.5,10,302.4,0
2022-12-21 06:58:27,5,47,19.2,80,6.9,995.5,1000.4,4.8,5.8,8,302.4,0
2022-12-21 07:03:27,5,47,19.2,80,7,995.7,1000.6,5.8,8.2,10,302.4,0
2022-12-21 07:08:27,5,47,19.2,80,6.8,995.5,1000.4,6.1,7.8,10,302.4,0
2022-12-21 07:13:27,5,47,19.2,81,6.6,995.5,1000.4,3.4,5.1,10,302.4,0
2022-12-21 07:18:27,5,47,19.2,81,6.6,995.5,1000.4,4.1,5.1,8,302.4,0
2022-12-21 07:23:27,5,47,19.2,81,6.7,995.6,1000.5,3.4,4.4,9,302.4,0
2022-12-21 07:28:27,5,47,19.2,81,6.7,995.7,1000.6,5.4,6.5,8,302.4,0
2022-12-21 07:33:27,5,47,19.2,81,6.9,995.5,1000.4,5.1,6.1,9,302.4,0
2022-12-21 07:38:27,5,47,19.2,81,6.9,995.5,1000.4,5.1,5.8,8,302.4,0
2022-12-21 07:43:27,5,47,19.2,81,6.9,995.5,1000.4,2.7,3.7,10,302.4,0
2022-12-21 07:48:27,5,47,19.2,81,6.9,995.8,1000.7,3.7,5.4,10,302.4,0
2022-12-21 07:53:27,5,47,19.2,81,6.9,995.6,1000.5,4.8,5.8,8,302.4,0
2022-12-21 07:58:27,5,47,19.2,82,6.9,995.6,1000.5,3.4,4.4,8,302.4,0
2022-12-21 08:03:29,5,47,19.2,82,6.8,995.7,1000.6,3.7,4.8,8,302.4,0
2022-12-21 08:08:27,5,47,19.2,82,6.8,995.8,1000.7,4.1,4.8,10,302.4,0
2022-12-21 08:13:27,5,47,19.1,82,6.7,995.8,1000.7,3.7,5.4,10,302.4,0
2022-12-21 08:18:27,5,47,19.1,82,6.7,995.8,1000.7,5.8,7.1,8,302.4,0
2022-12-21 08:23:27,5,47,19.1,82,6.7,995.8,1000.7,4.4,5.8,10,302.4,0
2022-12-21 08:28:27,5,47,19.1,82,6.8,995.9,1000.8,4.1,6.1,10,302.4,0
2022-12-21 08:33:27,5,47,19.1,82,6.8,995.9,1000.8,3.7,5.1,8,302.4,0
2022-12-21 08:38:27,5,47,19.1,82,6.8,995.8,1000.7,3.7,4.8,10,302.4,0
2022-12-21 08:43:27,5,47,19.1,83,6.9,996.1,1001,3.7,5.1,8,302.4,0
2022-12-21 08:48:27,5,47,19.1,83,7.1,996.1,1001,3.4,4.4,10,302.4,0
2022-12-21 08:53:27,5,47,19.1,82,7.2,995.9,1000.8,3.1,4.4,10,302.4,0
2022-12-21 08:58:27,5,47,19.1,82,7.3,996.1,1001,5.1,6.5,8,302.4,0
2022-12-21 09:03:27,5,47,19.1,82,7.4,996.2,1001.1,4.1,4.8,8,302.4,0
2022-12-21 09:08:27,5,47,19.1,82,7.4,996.2,1001.1,5.4,6.8,8,302.4,0
2022-12-21 09:13:27,5,46,19,82,7.3,996.2,1001.1,4.1,5.4,10,302.4,0
2022-12-21 09:18:27,5,46,19,82,7.3,996.2,1001.1,4.1,4.8,10,302.4,0
2022-12-21 09:23:27,5,46,19,82,7.3,996.3,1001.2,4.4,5.1,10,302.4,0
2022-12-21 09:28:27,5,46,19,82,7.4,996.4,1001.3,4.8,6.8,8,302.4,0
2022-12-21 09:33:27,5,46,19,76,7.6,996.5,1001.4,4.8,5.8,10,302.4,0
2022-12-21 09:38:27,5,46,19,75,7.6,996.6,1001.5,4.8,5.8,10,302.4,0
2022-12-21 09:43:27,5,46,19,75,7.7,996.4,1001.3,6.1,8.2,8,302.4,0
2022-12-21 09:48:27,5,46,19,75,7.7,996.6,1001.5,5.4,6.8,8,302.4,0
2022-12-21 09:53:27,5,48,18.9,75,7.6,996.7,1001.6,5.1,7.1,8,302.4,0
2022-12-21 09:58:27,5,48,18.9,76,7.5,996.7,1001.6,3.7,5.1,9,302.4,0
2022-12-21 10:03:27,5,48,18.9,76,7.6,996.8,1001.7,5.1,6.5,10,302.4,0
2022-12-21 10:08:27,5,48,18.9,76,7.8,996.8,1001.7,3.4,4.8,4,302.4,0
2022-12-21 10:13:27,5,48,18.9,76,8,996.7,1001.6,4.4,5.8,8,302.4,0
2022-12-21 10:18:27,5,48,18.9,75,8,996.9,1001.8,4.1,5.1,10,302.4,0
2022-12-21 10:23:27,5,48,18.9,75,8.2,996.7,1001.6,6.5,8.5,10,302.4,0
2022-12-21 10:28:27,5,48,18.9,75,8.2,996.7,1001.6,5.1,5.8,10,302.4,0
2022-12-21 10:33:27,5,48,19,74,8.2,996.7,1001.6,5.4,7.5,10,302.4,0
2022-12-21 10:38:27,5,48,19,74,8.2,996.9,1001.8,6.5,8.5,10,302.4,0
2022-12-21 10:43:27,5,48,19,74,8.1,996.8,1001.7,4.8,6.5,8,302.4,0
2022-12-21 10:48:27,5,48,19,74,8,996.9,1001.8,3.7,4.4,9,302.4,0
2022-12-21 10:53:27,5,48,19,74,8,997,1001.9,4.8,5.8,10,302.4,0
2022-12-21 10:58:27,5,49,19,75,8,996.9,1001.8,3.4,5.1,10,302.4,0
2022-12-21 11:03:27,5,49,19.1,75,8,996.9,1001.8,4.1,5.4,12,302.4,0
2022-12-21 11:08:27,5,49,19.1,75,8.1,997,1001.9,4.4,5.4,10,302.4,0
2022-12-21 11:13:27,5,50,19.1,75,8.3,996.9,1001.8,3.4,4.8,8,302.4,0
2022-12-21 11:18:27,5,50,19.1,75,8.4,996.9,1001.8,4.4,5.8,10,302.4,0
2022-12-21 11:23:27,5,50,19.1,75,8.4,997.1,1002,4.4,5.4,9,302.4,0
2022-12-21 11:28:27,5,50,19.2,75,8.4,997,1001.9,3.7,4.8,8,302.4,0
2022-12-21 11:33:27,5,51,19.2,75,8.5,997.2,1002.1,4.1,5.8,8,302.4,0
2022-12-21 11:38:27,5,51,19.2,74,8.6,997.2,1002.1,3.7,4.4,8,302.4,0
2022-12-21 11:43:27,5,51,19.2,74,8.7,997.3,1002.2,3.4,4.8,10,302.4,0
2022-12-21 11:48:27,5,51,19.2,74,8.9,997.1,1002,4.8,5.4,10,302.4,0
2022-12-21 11:53:27,5,50,19.2,73,8.8,997.1,1002,5.1,7.8,8,302.4,0
2022-12-21 11:58:27,5,50,19.2,74,8.5,997.1,1002,5.4,6.1,10,302.4,0
2022-12-21 12:03:27,5,50,19.2,74,8.3,996.9,1001.8,3.4,4.4,10,302.4,0
2022-12-21 12:08:27,5,50,19.2,75,8.2,997,1001.9,3.4,4.8,10,302.4,0
2022-12-21 12:13:27,5,50,19.2,76,8.1,997,1001.9,2.7,3.1,10,302.4,0
2022-12-21 12:18:27,5,50,19.2,77,8,997,1001.9,3.1,4.1,10,302.4,0
2022-12-21 12:23:27,5,50,19.2,78,8.2,997,1001.9,3.1,4.1,10,302.4,0
2022-12-21 12:28:27,5,50,19.2,79,8.4,996.9,1001.8,2.4,2.7,10,302.4,0
2022-12-21 12:33:27,5,50,19.2,79,8.7,996.8,1001.7,2.7,3.7,10,302.4,0
2022-12-21 12:38:27,5,50,19.2,78,8.9,996.8,1001.7,3.4,4.1,10,302.4,0
2022-12-21 12:43:27,5,50,19.3,77,9.1,996.9,1001.8,3.7,5.1,10,302.4,0
2022-12-21 12:48:27,5,50,19.2,76,9,997,1001.9,3.1,4.1,10,302.4,0
2022-12-21 12:53:27,5,50,19.3,75,9,996.9,1001.8,3.1,3.4,10,302.4,0
2022-12-21 12:58:27,5,50,19.3,75,9.1,996.9,1001.8,3.7,5.1,10,302.4,0
2022-12-21 13:03:27,5,50,19.3,75,9.2,996.9,1001.8,2.4,3.1,10,302.4,0
2022-12-21 13:08:27,5,50,19.3,74,9.5,996.7,1001.6,3.1,4.1,10,302.4,0
2022-12-21 13:13:27,5,50,19.3,74,9.4,996.7,1001.6,3.4,4.4,10,302.4,0
2022-12-21 13:18:27,5,50,19.3,73,9.4,996.8,1001.7,3.7,4.4,10,302.4,0
2022-12-21 13:23:27,5,50,19.3,73,9.1,996.7,1001.6,3.4,4.1,,302.4,0
2022-12-21 13:28:27,5,50,19.4,73,9.4,996.8,1001.7,4.1,5.4,8,302.4,0
2022-12-21 13:33:27,5,50,19.4,73,9.5,996.6,1001.5,2,2.7,12,302.4,0
2022-12-21 13:38:27,5,50,19.4,72,9.7,996.7,1001.6,4.1,5.8,10,302.4,0
2022-12-21 13:43:27,5,50,19.4,71,9.9,996.6,1001.5,4.8,6.1,10,302.4,0
2022-12-21 13:48:27,5,50,19.4,71,10.1,996.7,1001.6,3.7,5.1,10,302.4,0
2022-12-21 13:53:27,5,50,19.5,70,10.1,996.8,1001.7,4.1,5.4,8,302.4,0
2022-12-21 13:58:27,5,50,19.4,70,10.1,996.9,1001.8,3.7,4.4,10,302.4,0
2022-12-21 14:03:27,5,50,19.4,70,10.1,997,1001.9,4.4,5.8,10,302.4,0
2022-12-21 14:08:27,5,50,19.5,70,10,997.2,1002.1,4.8,6.8,8,302.4,0
2022-12-21 14:13:27,5,49,19.5,70,9.7,996.9,1001.8,4.8,6.1,,302.4,0
2022-12-21 14:18:27,5,49,19.5,71,9.4,996.8,1001.7,4.4,5.1,10,302.4,0
2022-12-21 14:23:27,5,49,19.5,71,9.5,996.8,1001.7,5.1,6.5,8,302.4,0
2022-12-21 14:28:27,5,49,19.5,71,9.8,996.8,1001.7,3.7,4.4,10,302.4,0
2022-12-21 14:33:27,5,49,19.5,71,9.8,996.9,1001.8,4.8,6.5,10,302.4,0
2022-12-21 14:38:27,5,49,19.6,71,9.5,997.1,1002,4.4,5.4,10,302.4,0
2022-12-21 14:43:27,5,49,19.6,71,9.3,997,1001.9,3.4,4.1,10,302.4,0
2022-12-21 14:48:27,5,49,19.6,71,9.2,997.1,1002,2.7,3.7,10,302.4,0
2022-12-21 14:53:27,5,49,19.6,71,9.1,997,1001.9,3.4,4.4,10,302.4,0
2022-12-21 14:58:27,5,49,19.6,72,9,997.1,1002,2,3.1,10,302.4,0
2022-12-21 15:03:27,5,50,19.5,72,8.9,997.2,1002.1,3.4,4.4,8,302.4,0
2022-12-21 15:08:27,5,50,19.5,72,8.8,997,1001.9,2.7,3.7,8,302.4,0
2022-12-21 15:13:27,5,50,19.6,72,8.9,996.9,1001.8,2.7,3.7,10,302.4,0
2022-12-21 15:18:27,5,50,19.7,72,8.9,996.9,1001.8,3.4,4.8,10,302.4,0
2022-12-21 15:23:27,5,50,19.7,71,8.9,996.8,1001.7,3.1,3.4,10,302.4,0
2022-12-21 15:28:27,5,50,19.7,71,8.8,996.9,1001.8,2.4,3.7,10,302.4,0
2022-12-21 15:33:27,5,50,19.8,71,8.7,997.1,1002,2,2.7,10,302.4,0
2022-12-21 15:38:27,5,50,19.8,72,8.5,997.3,1002.2,2.4,4.4,8,302.4,0
2022-12-21 15:43:27,5,50,19.8,73,8.3,997.3,1002.2,4.4,6.8,10,302.4,0
2022-12-21 15:48:27,5,50,19.8,73,8.2,997.3,1002.2,4.4,5.1,10,302.4,0
2022-12-21 15:53:27,5,50,19.9,74,8.1,997.1,1002,3.4,4.8,12,302.4,0
2022-12-21 15:58:27,5,50,19.9,75,7.9,997.3,1002.2,3.4,4.8,10,302.4,0
2022-12-21 16:03:27,5,50,19.9,75,7.6,997.3,1002.2,2,3.1,8,302.4,0
2022-12-21 16:08:27,5,50,19.9,81,7.4,997.2,1002.1,1.7,2.4,10,302.4,0
2022-12-21 16:13:27,5,50,19.9,82,7.3,997.2,1002.1,2,2.7,10,302.4,0
2022-12-21 16:18:27,5,50,19.9,82,7.1,997.1,1002,2,2.7,9,302.4,0
2022-12-21 16:23:27,5,50,19.9,83,7.1,997.1,1002,1.7,2.4,10,302.4,0
2022-12-21 16:28:27,5,50,20,83,7,997.2,1002.1,2.4,2.7,10,302.4,0
2022-12-21 16:33:27,5,50,20,83,6.9,997.4,1002.3,2.4,3.1,8,302.4,0
2022-12-21 16:38:27,5,50,20,83,6.9,997.4,1002.3,2.4,3.4,8,302.4,0
2022-12-21 16:43:27,5,50,20,83,7,997.2,1002.1,3.7,4.8,8,302.4,0
2022-12-21 16:48:27,5,50,20,83,7,997.4,1002.3,2.7,3.4,10,302.4,0
2022-12-21 16:53:27,5,50,20,82,7,997.2,1002.1,2.7,3.4,10,302.4,0
2022-12-21 16:58:27,5,50,20,82,7,997.2,1002.1,3.1,3.7,10,302.4,0
2022-12-21 17:03:27,5,50,20,82,6.9,997.3,1002.2,3.4,4.4,10,302.4,0
2022-12-21 17:08:27,5,51,20,82,6.8,997.3,1002.2,2.7,3.4,12,302.4,0
2022-12-21 17:13:27,5,51,20,82,6.9,997.1,1002,3.4,4.1,10,302.4,0
2022-12-21 17:18:27,5,51,20,81,6.8,997.2,1002.1,1.7,2.4,10,302.4,0
2022-12-21 17:23:27,5,50,20,81,6.7,997.3,1002.2,2.4,3.1,10,302.4,0
2022-12-21 17:28:27,5,50,20,81,6.6,997.3,1002.2,2.4,2.7,8,302.4,0
2022-12-21 17:33:27,5,50,20,81,6.5,997.5,1002.4,2.4,3.4,10,302.4,0
2022-12-21 17:38:27,5,50,20,81,6.6,997.5,1002.4,2,2.7,10,302.4,0
2022-12-21 17:43:27,5,50,20,81,6.6,997.5,1002.4,1.7,2,10,302.4,0
2022-12-21 17:48:27,5,50,20,81,6.6,997.5,1002.4,1.4,2,10,302.4,0
2022-12-21 17:53:27,5,50,20,81,6.6,997.8,1002.7,1.7,2.4,10,302.4,0
2022-12-21 17:58:27,5,50,20,81,6.6,997.8,1002.7,1.4,2,10,302.4,0
2022-12-21 18:03:27,5,50,20,82,6.5,997.9,1002.8,2,2.7,10,302.4,0
2022-12-21 18:08:27,5,50,20,82,6.5,997.8,1002.7,2,2.7,12,302.4,0
2022-12-21 18:13:27,5,50,20,82,6.4,997.8,1002.7,2.4,2.7,10,302.4,0
2022-12-21 18:18:27,5,50,20,82,6.4,997.7,1002.6,1.7,2.4,10,302.4,0
2022-12-21 18:23:27,5,50,20,82,6.4,997.8,1002.7,2.7,3.1,12,302.4,0
2022-12-21 18:28:27,5,50,20,82,6.4,997.7,1002.6,1.7,2,10,302.4,0
2022-12-21 18:33:27,5,50,20,82,6.3,997.5,1002.4,1.7,2,10,302.4,0
2022-12-21 18:38:27,5,50,20,81,6.1,997.4,1002.3,2,2.4,12,302.4,0
2022-12-21 18:43:27,5,50,20,81,6,997.4,1002.3,2,2.7,12,302.4,0
2022-12-21 18:48:27,5,50,20,81,5.9,997.5,1002.4,1.7,2,8,302.4,0
2022-12-21 18:53:27,5,50,20,81,5.8,997.5,1002.4,1.4,1.7,8,302.4,0
2022-12-21 18:58:27,5,50,20,81,5.6,997.5,1002.4,1.4,1.7,8,302.4,0
2022-12-21 19:03:27,5,50,20,81,5.6,997.7,1002.6,1,1.4,8,302.4,0
2022-12-21 19:08:27,5,50,20,82,5.4,997.7,1002.6,0.7,1,8,302.4,0
2022-12-21 19:13:27,5,50,20,82,5.4,997.5,1002.4,1,1.4,10,302.4,0
2022-12-21 19:18:27,5,50,20,82,5.4,997.7,1002.6,1,1.4,8,302.4,0
2022-12-21 19:23:27,5,51,19.9,82,5.4,997.6,1002.5,1,1.4,8,302.4,0
2022-12-21 19:28:27,5,51,19.9,82,5.5,997.6,1002.5,1.4,1.7,8,302.4,0
2022-12-21 19:33:27,5,51,19.9,82,5.6,997.6,1002.5,1.4,1.4,10,302.4,0
2022-12-21 19:38:27,5,51,19.9,82,5.7,997.6,1002.5,1.4,2,10,302.4,0
2022-12-21 19:43:27,5,51,19.8,82,5.8,997.6,1002.5,1.7,2,8,302.4,0
2022-12-21 19:48:27,5,51,19.8,82,5.8,997.6,1002.5,1,1.4,10,302.4,0
2022-12-21 19:53:27,5,51,19.8,82,5.8,997.7,1002.6,1.4,1.7,9,302.4,0
2022-12-21 19:58:27,5,51,19.7,82,5.9,997.9,1002.8,1,1.4,10,302.4,0
2022-12-21 20:03:27,5,51,19.7,82,5.8,997.7,1002.6,1,1.4,10,302.4,0
2022-12-21 20:08:27,5,51,19.7,82,5.8,997.7,1002.6,1.4,1.7,8,302.4,0
2022-12-21 20:13:27,5,51,19.7,82,5.9,997.9,1002.8,1,1.7,10,302.4,0
2022-12-21 20:18:27,5,51,19.6,82,5.8,997.8,1002.7,0.7,1,10,302.4,0
2022-12-21 20:23:27,5,52,19.6,82,5.8,997.9,1002.8,1.4,1.7,10,302.4,0
2022-12-21 20:28:27,5,52,19.7,82,5.8,997.8,1002.7,0.7,1,8,302.4,0
2022-12-21 20:33:27,5,52,19.7,82,5.8,997.8,1002.7,0,0.3,8,302.4,0
2022-12-21 20:38:27,5,52,19.7,82,5.8,997.9,1002.8,0.7,1,10,302.4,0
2022-12-21 20:43:27,5,52,19.7,83,5.8,997.8,1002.7,1,1.4,9,302.4,0
2022-12-21 20:48:27,5,53,19.7,83,5.7,997.9,1002.8,1,1.4,10,302.4,0
2022-12-21 20:53:27,5,53,19.6,83,5.7,997.8,1002.7,0.7,1,10,302.4,0
2022-12-21 20:58:27,5,53,19.6,83,5.9,997.9,1002.8,1.4,1.7,10,302.4,0
2022-12-21 21:03:27,5,53,19.6,84,5.9,997.9,1002.8,1,1.7,10,302.4,0
2022-12-21 21:08:27,5,53,19.6,84,6,997.8,1002.7,1.7,2,8,302.4,0
2022-12-21 21:13:27,5,53,19.7,84,6,997.8,1002.7,1,1.4,10,302.4,0
2022-12-21 21:18:27,5,53,19.6,84,5.9,997.7,1002.6,0.7,1,8,302.4,0
2022-12-21 21:23:27,5,53,19.6,84,5.9,997.7,1002.6,0.7,1,10,302.4,0
2022-12-21 21:28:27,5,53,19.6,84,5.9,997.9,1002.8,0.7,0.7,10,302.4,0
2022-12-21 21:33:27,5,53,19.6,84,5.9,997.8,1002.7,1,1.4,8,302.4,0
2022-12-21 21:38:27,5,53,19.6,84,5.9,997.8,1002.7,1.4,1.7,8,302.4,0
2022-12-21 21:43:27,5,53,19.6,84,6,998,1002.9,1.4,1.7,8,302.4,0
2022-12-21 21:48:27,5,53,19.6,84,5.9,997.9,1002.8,1,1.4,10,302.4,0
2022-12-21 21:53:27,5,53,19.6,84,5.8,998,1002.9,1.4,1.7,8,302.4,0
2022-12-21 21:58:27,5,53,19.6,84,5.8,998.2,1003.1,1,1.4,10,302.4,0
2022-12-21 22:03:27,5,53,19.6,84,5.7,998.2,1003.1,1,1.7,8,302.4,0
2022-12-21 22:08:27,5,53,19.6,84,5.7,998.2,1003.1,1,1.4,9,302.4,0
2022-12-21 22:13:27,5,53,19.6,84,5.7,998.1,1003,1,1.4,8,302.4,0
2022-12-21 22:18:27,5,53,19.6,84,5.8,998.2,1003.1,1.4,1.7,8,302.4,0
2022-12-21 22:23:27,5,54,19.6,85,5.9,998.2,1003.1,1,1.7,8,302.4,0
2022-12-21 22:28:27,5,54,19.7,85,6,998.1,1003,1,1.7,8,302.4,0
2022-12-21 22:33:27,5,54,19.6,85,6.1,998.1,1003,1,1.4,8,302.4,0
2022-12-21 22:38:27,5,54,19.6,85,6.2,998.2,1003.1,1,1.4,8,302.4,0
2022-12-21 22:43:27,5,54,19.6,85,6.3,998,1002.9,0.7,1,10,302.4,0
2022-12-21 22:48:27,5,54,19.6,85,6.3,998,1002.9,0.7,1,8,302.4,0
2022-12-21 22:53:27,5,54,19.6,85,6.3,998,1002.9,0.3,0.7,8,302.4,0
2022-12-21 22:58:27,5,54,19.7,85,6.3,998,1002.9,0,0.3,8,302.4,0
2022-12-21 23:03:27,5,54,19.7,85,6.4,997.7,1002.6,0,0.3,8,302.4,0
2022-12-21 23:08:27,5,54,19.6,85,6.4,997.8,1002.7,0.3,0.3,8,302.4,0
2022-12-21 23:13:27,5,54,19.6,85,6.4,998,1002.9,0.7,1,8,302.4,0
2022-12-21 23:18:27,5,54,19.7,85,6.4,997.8,1002.7,0,0,8,302.4,0
2022-12-21 23:23:27,5,54,19.7,85,6.4,997.9,1002.8,0,0,8,302.4,0
2022-12-21 23:28:27,5,54,19.7,85,6.2,997.9,1002.8,0.3,0.7,8,302.4,0
2022-12-21 23:33:27,5,54,19.7,85,6.1,997.9,1002.8,0.3,0.7,2,302.4,0
2022-12-21 23:38:27,5,54,19.7,85,6.1,997.9,1002.8,0.7,0.7,2,302.4,0
2022-12-21 23:43:27,5,54,19.6,85,6.1,997.9,1002.8,0.3,0.7,4,302.4,0
2022-12-21 23:48:27,5,54,19.7,85,6.2,997.9,1002.8,0,0.3,4,302.4,0
2022-12-21 23:53:27,5,54,19.7,85,6.1,997.9,1002.8,0.3,0.7,14,302.4,0
2022-12-21 23:58:27,5,54,19.7,85,5.9,997.9,1002.8,0.7,1,0,302.4,0
