2020-05-23 00:02:28,5,42,21,74,10.2,1007.3,1012.2,2,3.1,10,457.2,0
2020-05-23 00:07:28,5,42,21,74,10.1,1007.2,1012.1,2.4,3.1,12,457.2,0
2020-05-23 00:12:28,5,42,21,75,10.2,1007.5,1012.4,2.7,4.4,12,457.2,0
2020-05-23 00:17:28,5,42,21,75,10.2,1007.5,1012.4,3.1,3.7,10,457.2,0
2020-05-23 00:22:28,5,42,21,75,10.2,1007.5,1012.4,3.4,4.8,4,457.2,0
2020-05-23 00:27:28,5,42,21,75,10.1,1007.5,1012.4,2.7,3.4,12,457.2,0
2020-05-23 00:32:28,5,43,20.9,75,10.1,1007.4,1012.3,3.4,4.8,10,457.2,0
2020-05-23 00:37:28,5,43,20.9,74,10.1,1007.5,1012.4,3.1,4.8,10,457.2,0
2020-05-23 00:42:28,5,43,20.9,74,10,1007.9,1012.8,2,3.4,15,457.2,0
2020-05-23 00:47:28,5,43,20.9,75,10,1007.8,1012.7,2.4,3.7,10,457.2,0
2020-05-23 00:52:28,5,44,20.9,75,10.1,1007.7,1012.6,2.7,4.4,12,457.2,0
2020-05-23 00:57:28,5,44,20.9,75,10.2,1007.9,1012.8,2.7,4.1,12,457.2,0
2020-05-23 01:02:28,5,44,20.8,75,10.3,1007.8,1012.7,2,3.4,12,457.2,0
2020-05-23 01:07:28,5,44,20.8,75,10.3,1007.7,1012.6,2,3.1,10,457.2,0
2020-05-23 01:12:28,5,44,20.8,75,10.3,1007.7,1012.6,3.1,4.4,12,457.2,0
2020-05-23 01:17:28,5,44,20.8,75,10.2,1007.8,1012.7,2,3.1,10,457.2,0
2020-05-23 01:22:28,5,44,20.9,75,10.3,1007.6,1012.5,3.4,4.8,12,457.2,0
2020-05-23 01:27:28,5,44,20.8,75,10.3,1007.9,1012.8,2,2.7,14,457.2,0
2020-05-23 01:32:28,5,44,20.8,75,10.3,1007.9,1012.8,2,3.1,12,457.2,0
2020-05-23 01:37:28,5,44,20.8,74,10.4,1007.8,1012.7,2.4,3.1,12,457.2,0
2020-05-23 01:42:28,5,44,20.8,74,10.4,1007.8,1012.7,3.4,5.1,8,457.2,0
2020-05-23 01:47:28,5,44,20.8,74,10.3,1008,1012.9,2,3.1,10,457.2,0
2020-05-23 01:52:28,5,44,20.8,74,10.3,1008.2,1013.1,2.7,3.7,12,457.2,0
2020-05-23 01:57:28,5,44,20.8,73,10.3,1008,1012.9,3.1,3.4,10,457.2,0
2020-05-23 02:02:28,5,44,20.8,73,10.4,1008,1012.9,3.1,4.4,10,457.2,0
2020-05-23 02:07:28,5,44,20.8,72,10.4,1008,1012.9,2.4,2.7,12,457.2,0
2020-05-23 02:12:28,5,44,20.8,72,10.3,1008.1,1013,4.1,5.4,10,457.2,0
2020-05-23 02:17:28,5,44,20.8,72,10.3,1008.1,1013,3.7,5.8,12,457.2,0
2020-05-23 02:22:28,5,43,20.7,72,10.2,1007.9,1012.8,3.4,4.1,10,457.2,0
2020-05-23 02:27:28,5,43,20.7,72,10,1008.1,1013,2,3.7,12,457.2,0
2020-05-23 02:32:28,5,43,20.7,73,10,1008.1,1013,2.4,2.7,10,457.2,0
2020-05-23 02:37:28,5,43,20.7,74,9.9,1008.2,1013.1,3.1,4.1,12,457.2,0
2020-05-23 02:42:28,5,43,20.7,75,9.7,1008.2,1013.1,2,2.7,10,457.2,0
2020-05-23 02:47:28,5,43,20.7,76,9.6,1008.1,1013,2.4,3.7,10,457.2,0
2020-05-23 02:52:28,5,43,20.7,77,9.7,1008.1,1013,1.7,2.7,10,457.2,0
2020-05-23 02:57:28,5,43,20.7,77,9.7,1008.1,1013,2.4,3.1,14,457.2,0
2020-05-23 03:02:28,5,43,20.6,78,9.6,1008.4,1013.3,5.8,7.1,10,457.5,0
2020-05-23 03:07:28,5,43,20.6,77,8.6,1008.2,1013.1,3.7,6.1,8,457.8,0
2020-05-23 03:12:28,5,43,20.6,80,8.4,1008.4,1013.3,3.1,4.1,12,458.1,0
2020-05-23 03:17:28,5,43,20.6,81,8.5,1008.5,1013.4,2.7,4.1,14,458.1,0
2020-05-23 03:22:28,5,43,20.6,82,8.7,1008.4,1013.3,2,3.4,10,458.1,0
2020-05-23 03:27:28,5,43,20.5,83,8.8,1008.4,1013.3,2,3.4,8,458.1,0
2020-05-23 03:32:28,5,44,20.6,83,8.8,1008.3,1013.2,1.7,3.1,12,458.1,0
2020-05-23 03:37:28,5,44,20.6,83,8.8,1008.4,1013.3,2.7,4.1,10,458.1,0
2020-05-23 03:42:28,5,44,20.5,82,8.8,1008.4,1013.3,2.4,3.1,12,458.1,0
2020-05-23 03:47:28,5,44,20.5,82,8.8,1008.3,1013.2,2.4,3.4,10,458.1,0
2020-05-23 03:52:28,5,44,20.5,82,8.9,1008.2,1013.1,1.7,2.7,14,458.1,0
2020-05-23 03:57:28,5,44,20.5,82,9,1008.3,1013.2,2.4,3.4,12,458.1,0
2020-05-23 04:02:28,5,44,20.5,81,9.1,1008.4,1013.3,3.7,5.1,10,458.1,0
2020-05-23 04:07:28,5,44,20.5,81,9.3,1008.4,1013.3,2.7,3.4,10,458.1,0
2020-05-23 04:12:28,5,44,20.5,80,9.3,1008.4,1013.3,3.1,4.1,10,458.1,0
2020-05-23 04:17:28,5,44,20.5,80,9.3,1008.5,1013.4,2.7,3.4,10,458.1,0
2020-05-23 04:22:28,5,44,20.5,80,9.4,1008.7,1013.6,2.7,4.1,14,458.1,0
2020-05-23 04:27:28,5,44,20.4,80,9.5,1008.6,1013.5,2.7,4.1,12,458.1,0
2020-05-23 04:32:28,5,44,20.4,79,9.6,1008.7,1013.6,3.7,4.4,12,458.1,0
2020-05-23 04:37:28,5,44,20.4,78,9.8,1008.8,1013.7,4.1,5.4,10,458.1,0
2020-05-23 04:42:28,5,44,20.4,77,9.7,1008.9,1013.8,2.7,4.1,12,458.1,0
2020-05-23 04:47:28,5,43,20.4,77,9.7,1009.1,1014,3.1,4.4,12,458.1,0
2020-05-23 04:52:28,5,44,20.4,77,9.6,1009.3,1014.2,3.7,5.1,12,458.4,0
2020-05-23 04:57:28,5,43,20.4,77,9.5,1009.2,1014.1,3.1,3.7,8,458.4,0
2020-05-23 05:02:28,5,43,20.4,77,9.4,1009.4,1014.3,2.7,4.4,12,458.4,0
2020-05-23 05:07:28,5,43,20.4,77,9.2,1009.4,1014.3,3.4,4.4,10,458.4,0
2020-05-23 05:12:28,5,43,20.4,76,9.1,1009.5,1014.4,2.7,3.4,10,458.4,0
2020-05-23 05:17:28,5,43,20.4,76,9,1009.5,1014.4,2,2.7,10,458.4,0
2020-05-23 05:22:28,5,43,20.4,77,9,1009.5,1014.4,1.7,2.4,12,458.4,0
2020-05-23 05:27:28,5,43,20.4,78,9.1,1009.5,1014.4,2,2.7,12,458.4,0
2020-05-23 05:32:28,5,43,20.4,79,9.2,1009.6,1014.5,2,2.7,12,458.4,0
2020-05-23 05:37:28,5,44,20.4,79,9.4,1009.6,1014.5,2.4,3.4,0,458.4,0
2020-05-23 05:42:28,5,44,20.4,79,9.5,1009.6,1014.5,4.8,6.5,14,458.4,0
2020-05-23 05:47:28,5,43,20.3,78,9.5,1009.8,1014.7,2,3.1,12,458.4,0
2020-05-23 05:52:28,5,43,20.3,78,9.5,1009.9,1014.8,2.4,3.1,8,458.4,0
2020-05-23 05:57:28,5,43,20.3,78,9.5,1009.9,1014.8,2.7,3.4,12,458.4,0
2020-05-23 06:02:28,5,43,20.3,78,9.6,1010,1014.9,2.4,3.4,12,458.4,0
2020-05-23 06:07:28,5,44,20.3,78,9.7,1010,1014.9,2.4,2.7,12,458.4,0
2020-05-23 06:12:28,5,44,20.3,79,9.8,1010,1014.9,2.7,3.4,10,458.4,0
2020-05-23 06:17:28,5,44,20.3,79,10,1010.1,1015,2.4,3.1,12,458.4,0
2020-05-23 06:22:28,5,44,20.3,79,10.1,1010.3,1015.2,2.4,3.1,12,458.4,0
2020-05-23 06:27:28,5,44,20.3,78,10.2,1010.2,1015.1,2.4,3.1,8,458.4,0
2020-05-23 06:32:28,5,44,20.3,77,10.1,1010.2,1015.1,2.7,3.4,12,458.4,0
2020-05-23 06:37:28,5,44,20.3,76,10.2,1010.4,1015.3,3.1,4.1,10,458.4,0
2020-05-23 06:42:28,5,44,20.4,75,10.4,1010.4,1015.3,3.1,4.1,10,458.4,0
2020-05-23 06:47:28,5,44,20.4,74,10.7,1010.6,1015.5,3.1,4.4,10,458.4,0
2020-05-23 06:52:28,5,44,20.4,73,10.9,1010.5,1015.4,3.1,3.7,12,458.4,0
2020-05-23 06:57:28,5,44,20.4,73,11.1,1010.5,1015.4,3.4,4.4,12,458.4,0
2020-05-23 07:02:28,5,44,20.4,72,11,1011,1015.9,3.1,4.1,12,458.4,0
2020-05-23 07:07:28,5,44,20.4,72,11.1,1010.7,1015.6,4.1,5.1,10,458.4,0
2020-05-23 07:12:28,5,44,20.4,72,11.3,1011,1015.9,2.4,3.1,12,458.4,0
2020-05-23 07:17:28,5,44,20.4,71,11.4,1011.1,1016,3.4,4.4,10,458.4,0
2020-05-23 07:22:28,5,44,20.4,70,11.1,1011.3,1016.2,4.1,5.1,10,458.4,0
2020-05-23 07:27:28,5,43,20.4,71,10.4,1011.4,1016.3,4.8,6.8,12,458.4,0
2020-05-23 07:32:28,5,43,20.4,74,9.8,1011.5,1016.4,3.1,3.7,12,458.4,0
2020-05-23 07:37:28,5,43,20.4,76,9.9,1011.4,1016.3,2,2.7,12,458.4,0
2020-05-23 07:42:28,5,43,20.4,77,10.3,1011.5,1016.4,2,3.4,12,458.4,0
2020-05-23 07:47:28,5,43,20.5,77,11,1011.4,1016.3,2,3.7,12,458.4,0
2020-05-23 07:52:28,5,43,20.5,76,11.3,1011.8,1016.7,2.7,3.7,12,458.4,0
2020-05-23 07:57:28,5,43,20.5,75,11.5,1011.7,1016.6,3.7,5.1,10,458.4,0
2020-05-23 08:02:28,5,43,20.5,73,11.5,1011.9,1016.8,4.4,6.5,12,458.4,0
2020-05-23 08:07:28,5,43,20.5,72,11.6,1012,1016.9,2.4,3.4,12,458.4,0
2020-05-23 08:12:28,5,43,20.5,71,11.6,1011.9,1016.8,2.7,3.4,10,458.4,0
2020-05-23 08:17:28,5,43,20.5,71,11.8,1012,1016.9,5.1,7.8,12,458.4,0
2020-05-23 08:22:28,5,43,20.6,71,11.7,1012.2,1017.1,2.7,3.7,10,458.4,0
2020-05-23 08:27:28,5,43,20.6,71,12,1012.2,1017.1,3.7,5.4,10,458.4,0
2020-05-23 08:32:28,5,43,20.5,71,12.4,1012.3,1017.2,2.7,4.1,12,458.4,0
2020-05-23 08:37:28,5,43,20.5,66,12.5,1012.4,1017.3,3.1,3.4,12,458.4,0
2020-05-23 08:42:28,5,43,20.5,70,12.1,1012.4,1017.3,3.7,5.1,12,458.4,0
2020-05-23 08:47:28,5,43,20.6,70,12.4,1012.5,1017.4,2.7,3.4,10,458.4,0
2020-05-23 08:52:28,5,43,20.6,64,12.6,1012.6,1017.5,4.4,5.4,12,458.4,0
2020-05-23 08:57:28,5,42,20.6,67,12.3,1012.8,1017.7,3.7,5.4,10,458.4,0
2020-05-23 09:02:28,5,43,20.7,68,12.1,1012.8,1017.7,5.1,6.1,12,458.4,0
2020-05-23 09:07:28,5,43,20.7,69,12.1,1012.8,1017.7,3.1,3.7,10,458.4,0
2020-05-23 09:12:28,5,43,20.7,69,12.4,1012.9,1017.8,2.7,4.4,10,458.4,0
2020-05-23 09:17:28,5,43,20.8,64,12.9,1013,1017.9,3.4,4.8,10,458.4,0
2020-05-23 09:22:28,5,43,20.9,62,13,1013,1017.9,4.4,6.5,12,458.4,0
2020-05-23 09:27:28,5,43,20.9,65,12.4,1013.1,1018,5.1,6.1,12,458.4,0
2020-05-23 09:32:28,5,43,20.9,67,12.2,1013.2,1018.1,5.1,6.8,12,458.4,0
2020-05-23 09:37:28,5,42,21,65,11.8,1013.2,1018.1,3.7,5.1,12,458.4,0
2020-05-23 09:42:28,5,42,21,68,12.4,1013.4,1018.3,4.4,5.4,12,458.4,0
2020-05-23 09:47:28,5,42,21.1,64,12.8,1013.3,1018.2,4.1,5.4,12,458.4,0
2020-05-23 09:52:28,5,42,21.1,64,13,1013.4,1018.3,4.1,5.1,12,458.4,0
2020-05-23 09:57:28,5,43,21.2,64,12.9,1013.4,1018.3,4.1,6.8,10,458.4,0
2020-05-23 10:02:28,5,43,21.2,64,13,1013.7,1018.6,3.4,3.7,12,458.4,0
2020-05-23 10:07:28,5,42,21.2,62,12.6,1013.7,1018.6,3.4,4.4,14,458.4,0
2020-05-23 10:12:28,5,42,21.5,66,12.1,1013.8,1018.7,4.1,5.1,12,458.4,0
2020-05-23 10:17:28,5,42,21.5,65,12.5,1013.9,1018.8,3.7,5.1,10,458.4,0
2020-05-23 10:22:28,5,42,21.5,62,12.8,1013.9,1018.8,4.4,5.4,12,458.4,0
2020-05-23 10:27:28,5,42,21.5,62,12.5,1014,1018.9,4.8,5.8,12,458.4,0
2020-05-23 10:32:28,5,42,21.5,67,12.3,1014.2,1019.1,3.7,4.8,10,458.4,0
2020-05-23 10:37:28,5,42,21.6,63,12.8,1014.3,1019.2,4.1,5.1,12,458.4,0
2020-05-23 10:42:28,5,42,21.6,61,13.2,1014.2,1019.1,5.4,6.8,10,458.4,0
2020-05-23 10:47:28,5,42,21.6,61,13.4,1014.2,1019.1,5.1,6.5,10,458.4,0
2020-05-23 10:52:28,5,42,21.7,61,13.5,1014.6,1019.5,5.1,6.5,10,458.4,0
2020-05-23 10:57:28,5,42,21.8,60,13.2,1014.5,1019.4,4.8,5.8,12,458.4,0
2020-05-23 11:02:28,5,41,21.8,60,13.1,1014.5,1019.4,5.8,7.5,12,458.4,0
2020-05-23 11:07:28,5,41,21.9,60,13.3,1014.4,1019.3,4.1,6.5,12,458.4,0
2020-05-23 11:12:28,5,41,21.9,60,13.4,1014.5,1019.4,4.4,5.8,14,458.4,0
2020-05-23 11:17:28,5,41,21.9,61,13.7,1014.6,1019.5,4.1,6.5,12,458.4,0
2020-05-23 11:22:28,5,40,22,60,13.5,1014.8,1019.7,3.4,4.1,0,458.4,0
2020-05-23 11:27:28,5,40,22,61,13.4,1014.8,1019.7,4.4,6.1,10,458.4,0
2020-05-23 11:32:28,5,40,22.1,60,12.8,1015,1019.9,5.8,7.8,12,458.4,0
2020-05-23 11:37:28,5,40,22.1,61,12.6,1015.2,1020.1,4.4,5.4,12,458.4,0
2020-05-23 11:42:28,5,40,22.2,64,12.3,1015.1,1020,4.1,5.4,12,458.4,0
2020-05-23 11:47:28,5,40,22.2,66,12.4,1015.3,1020.2,3.4,4.4,10,458.4,0
2020-05-23 11:52:28,5,40,22.2,62,12.5,1015.3,1020.2,3.4,5.4,12,458.4,0
2020-05-23 11:57:28,5,40,22.2,63,12.8,1015.4,1020.3,3.4,4.1,10,458.4,0
2020-05-23 12:02:28,5,40,22.3,61,13,1015.5,1020.4,5.8,7.8,12,458.4,0
2020-05-23 12:07:28,5,40,22.3,62,13.2,1015.6,1020.5,3.7,4.4,14,458.4,0
2020-05-23 12:12:28,5,41,22.3,62,13.9,1015.9,1020.8,3.7,5.8,12,458.4,0
2020-05-23 12:17:28,5,41,22.3,61,13.5,1015.7,1020.6,4.1,6.1,12,458.4,0
2020-05-23 12:22:28,5,41,22.3,61,12.9,1015.8,1020.7,4.4,5.4,13,458.4,0
2020-05-23 12:27:28,5,40,22.3,63,12.9,1016,1020.9,4.1,5.8,10,458.4,0
2020-05-23 12:32:28,5,40,22.3,70,11.8,1016.1,1021,3.7,5.1,12,458.4,0
2020-05-23 12:37:28,5,40,22.3,72,11.8,1016.3,1021.2,4.8,6.1,12,458.4,0
2020-05-23 12:42:28,5,40,22.3,73,11.4,1016.5,1021.4,3.7,5.4,12,458.4,0
2020-05-23 12:47:28,5,40,22.3,75,11.5,1016.3,1021.2,3.7,4.8,12,458.4,0
2020-05-23 12:52:28,5,40,22.3,75,11.9,1016.3,1021.2,3.1,3.7,12,458.4,0
2020-05-23 12:57:28,5,40,22.2,75,12.3,1016.3,1021.2,4.8,5.8,12,458.4,0
2020-05-23 13:02:28,5,40,22.2,72,13.1,1016.5,1021.4,3.4,5.1,12,458.4,0
2020-05-23 13:07:28,5,40,22.2,70,13.7,1016.5,1021.4,4.4,5.8,12,458.4,0
2020-05-23 13:12:28,5,40,22.2,65,13.7,1016.6,1021.5,5.8,7.1,12,458.4,0
2020-05-23 13:17:28,5,40,22.2,65,14,1016.7,1021.6,3.4,5.4,10,458.4,0
2020-05-23 13:22:28,5,40,22.2,63,14.1,1016.7,1021.6,5.8,7.8,12,458.4,0
2020-05-23 13:27:28,5,40,22.2,62,13.7,1016.8,1021.7,5.4,7.5,12,458.4,0
2020-05-23 13:32:28,5,41,22.2,63,13.8,1016.9,1021.8,5.1,6.1,10,458.4,0
2020-05-23 13:37:28,5,41,22.2,62,14.1,1016.9,1021.8,4.4,8.5,12,458.4,0
2020-05-23 13:42:28,5,41,22.2,62,14.5,1016.8,1021.7,3.7,4.8,12,458.4,0
2020-05-23 13:47:28,5,40,22.2,60,14.3,1017.1,1022,4.1,5.8,12,458.4,0
2020-05-23 13:52:28,5,40,22.2,60,14.2,1017.3,1022.2,5.8,7.1,12,458.4,0
2020-05-23 13:57:28,5,40,22.3,62,14.5,1017.3,1022.2,4.1,5.8,10,458.4,0
2020-05-23 14:02:28,5,40,22.3,60,13.8,1017.3,1022.2,3.4,5.1,12,458.4,0
2020-05-23 14:07:28,5,40,22.3,61,13.3,1017.5,1022.4,4.8,6.5,10,458.4,0
2020-05-23 14:12:28,5,40,22.2,62,13.2,1017.7,1022.6,5.1,7.1,12,458.4,0
2020-05-23 14:17:28,5,40,22.2,63,13,1017.7,1022.6,3.4,4.4,10,458.4,0
2020-05-23 14:22:28,5,40,22.2,64,13.4,1017.6,1022.5,4.4,5.8,12,458.4,0
2020-05-23 14:27:28,5,40,22.2,64,13.6,1018,1022.9,4.1,5.4,8,458.4,0
2020-05-23 14:32:28,5,40,22.1,64,13.3,1018,1022.9,3.1,4.1,14,458.4,0
2020-05-23 14:37:28,5,40,22.1,65,13.4,1017.7,1022.6,4.1,6.1,12,458.4,0
2020-05-23 14:42:28,5,40,22.1,65,13.7,1018,1022.9,3.7,6.1,12,458.4,0
2020-05-23 14:47:28,5,40,22.1,65,13.2,1018,1022.9,2.7,3.4,12,458.4,0
2020-05-23 14:52:28,5,40,22,66,13,1018.2,1023.1,2.7,4.1,12,458.4,0
2020-05-23 14:57:28,5,40,22,67,12.6,1018.3,1023.2,2.4,3.1,12,458.4,0
2020-05-23 15:02:28,5,41,21.9,71,12.3,1018.3,1023.2,3.4,4.1,12,458.4,0
2020-05-23 15:07:28,5,40,21.8,71,12.1,1018.3,1023.2,2,3.1,14,458.4,0
2020-05-23 15:12:28,5,40,21.7,72,12.2,1018.4,1023.3,2.7,4.4,12,458.4,0
2020-05-23 15:17:28,5,41,21.6,72,12.2,1018.4,1023.3,2,2.7,12,458.4,0
2020-05-23 15:22:28,5,41,21.6,73,12,1018.5,1023.4,3.1,4.4,10,458.4,0
2020-05-23 15:27:28,5,41,21.5,74,12,1018.7,1023.6,2.4,3.4,10,458.4,0
2020-05-23 15:32:28,5,41,21.5,75,12.1,1018.7,1023.6,2,2.4,10,458.4,0
2020-05-23 15:37:28,5,41,21.5,75,12.1,1018.6,1023.5,4.4,7.1,8,458.4,0
2020-05-23 15:42:28,5,41,21.4,74,12.1,1018.6,1023.5,3.4,4.4,10,458.4,0
2020-05-23 15:47:28,5,42,21.5,74,12.2,1018.9,1023.8,3.7,4.8,9,458.4,0
2020-05-23 15:52:28,5,42,21.4,75,12,1019,1023.9,2.4,2.7,8,458.4,0
2020-05-23 15:57:28,5,43,21.5,76,11.7,1019,1023.9,2,3.1,12,458.4,0
2020-05-23 16:02:28,5,43,21.2,77,11.5,1018.9,1023.8,2.4,3.4,12,458.4,0
2020-05-23 16:07:28,5,43,21.1,79,11.5,1018.9,1023.8,1.7,2.4,10,458.4,0
2020-05-23 16:12:28,5,43,21.1,79,11.6,1018.8,1023.7,1.7,2.4,13,458.4,0
2020-05-23 16:17:28,5,43,21.1,79,11.8,1018.8,1023.7,2.4,3.1,12,458.4,0
2020-05-23 16:22:28,5,44,21.2,79,11.8,1018.8,1023.7,2.7,4.1,12,458.4,0
2020-05-23 16:27:28,5,44,21.2,80,11.5,1018.8,1023.7,1.7,3.1,14,458.4,0
2020-05-23 16:32:28,5,45,21.2,81,11.4,1018.9,1023.8,1.7,2.4,14,458.4,0
2020-05-23 16:37:28,5,45,21.2,82,11.4,1019,1023.9,2,2.7,12,458.4,0
2020-05-23 16:42:28,5,45,21.2,82,11.6,1018.9,1023.8,2,2.7,12,458.4,0
2020-05-23 16:47:28,5,45,21.2,83,11.7,1018.9,1023.8,2.7,3.4,10,458.4,0
2020-05-23 16:52:28,5,45,21.1,83,11.7,1019.1,1024,2,3.1,10,458.4,0
2020-05-23 16:57:28,5,45,21.1,84,11.7,1019.1,1024,2.7,3.4,10,458.4,0
2020-05-23 17:02:28,5,45,21.1,84,11.8,1018.9,1023.8,2.4,3.4,12,458.4,0
2020-05-23 17:07:28,5,45,21,84,11.8,1019.1,1024,2.4,3.7,12,458.4,0
2020-05-23 17:12:28,5,46,21,84,11.8,1018.9,1023.8,2.7,3.4,10,458.4,0
2020-05-23 17:17:28,5,46,21,84,11.8,1019.1,1024,1.4,2.4,10,458.4,0
2020-05-23 17:22:28,5,46,21,85,11.8,1019.2,1024.1,2.4,3.4,10,458.4,0
2020-05-23 17:27:28,5,46,21,85,11.8,1019,1023.9,2.4,3.1,12,458.4,0
2020-05-23 17:32:28,5,47,21,86,11.8,1019.2,1024.1,1.7,2.4,12,458.7,0
2020-05-23 17:37:28,5,48,20.9,86,11.7,1019.1,1024,1.7,2.7,10,458.7,0
2020-05-23 17:42:28,5,48,20.9,87,11.7,1019.3,1024.2,1.7,2.7,12,458.7,0
2020-05-23 17:47:28,5,48,20.9,87,11.8,1019.2,1024.1,2,2.7,10,458.7,0
2020-05-23 17:52:28,5,48,20.9,88,11.8,1019.2,1024.1,3.1,4.8,12,458.7,0
2020-05-23 17:57:28,5,48,20.9,88,11.9,1019.4,1024.3,2.7,3.7,8,458.7,0
2020-05-23 18:02:28,5,48,20.8,88,11.9,1019.5,1024.4,2.7,3.4,12,458.7,0
2020-05-23 18:07:28,5,48,20.8,88,12,1019.5,1024.4,2.4,3.4,10,458.7,0
2020-05-23 18:12:28,5,48,20.8,88,12,1019.4,1024.3,2.7,3.1,12,458.7,0
2020-05-23 18:17:28,5,48,20.8,88,12,1019.6,1024.5,2,3.1,10,458.7,0
2020-05-23 18:22:28,5,49,20.8,88,12,1019.6,1024.5,2.4,3.4,8,458.7,0
2020-05-23 18:27:28,5,49,20.8,88,12.1,1019.6,1024.5,2.7,3.7,12,458.7,0
2020-05-23 18:32:28,5,49,20.8,88,12.2,1019.7,1024.6,2.7,3.7,12,458.7,0
2020-05-23 18:37:28,5,49,20.7,87,12.2,1019.9,1024.8,2.4,3.1,8,458.7,0
2020-05-23 18:42:28,5,49,20.7,87,12.2,1019.7,1024.6,2.4,3.4,10,458.7,0
2020-05-23 18:47:30,5,49,20.7,86,12.2,1019.8,1024.7,3.1,4.4,12,458.7,0
2020-05-23 18:52:28,5,49,20.7,86,12.2,1020,1024.9,3.1,4.1,12,458.7,0
2020-05-23 18:57:28,5,50,20.7,86,12.2,1020,1024.9,2.4,3.7,12,458.7,0
2020-05-23 19:02:28,5,50,20.7,86,12.2,1020,1024.9,2.7,3.7,14,458.7,0
2020-05-23 19:07:28,5,50,20.7,86,12.2,1020,1024.9,2.4,3.4,0,458.7,0
2020-05-23 19:12:28,5,50,20.7,86,12.1,1020,1024.9,2,3.1,12,458.7,0
2020-05-23 19:17:28,5,50,20.7,86,12.1,1020.1,1025,2.4,3.1,14,458.7,0
2020-05-23 19:22:28,5,50,20.7,86,12.2,1020.2,1025.1,3.4,4.4,12,458.7,0
2020-05-23 19:27:28,5,50,20.7,86,12.2,1020.1,1025,3.1,4.1,12,458.7,0
2020-05-23 19:32:28,5,50,20.6,85,12.2,1020.1,1025,3.1,4.1,,458.7,0
2020-05-23 19:37:28,5,50,20.6,85,12.2,1020.2,1025.1,2.7,4.1,8,458.7,0
2020-05-23 19:42:28,5,50,20.6,85,12.2,1020.3,1025.2,2,3.1,12,458.7,0
2020-05-23 19:47:28,5,50,20.6,85,12.2,1020.3,1025.2,3.1,3.7,13,458.7,0
2020-05-23 19:52:28,5,50,20.6,85,12.2,1020.2,1025.1,3.4,4.1,9,458.7,0
2020-05-23 19:57:28,5,50,20.6,85,12.2,1020.2,1025.1,2.4,3.4,10,458.7,0
2020-05-23 20:02:28,5,50,20.6,85,12.2,1020.3,1025.2,2,2.7,12,458.7,0
2020-05-23 20:07:28,5,50,20.6,85,12.2,1020.3,1025.2,3.1,3.7,12,458.7,0
2020-05-23 20:12:28,5,50,20.6,85,12.2,1020.4,1025.3,3.4,3.7,14,458.7,0
2020-05-23 20:17:28,5,50,20.6,85,12.3,1020.6,1025.5,1.7,2.4,10,458.7,0
2020-05-23 20:22:28,5,50,20.6,85,12.2,1020.6,1025.5,3.1,4.1,12,458.7,0
2020-05-23 20:27:28,5,50,20.6,85,12.2,1020.7,1025.6,2.7,3.7,12,458.7,0
2020-05-23 20:32:28,5,50,20.6,85,12.1,1020.7,1025.6,2.7,4.1,12,458.7,0
2020-05-23 20:37:28,5,51,20.6,85,12.1,1020.6,1025.5,4.1,5.1,10,458.7,0
2020-05-23 20:42:28,5,51,20.6,86,12.1,1020.8,1025.7,3.1,3.4,10,458.7,0
2020-05-23 20:47:28,5,51,20.6,86,12.2,1020.7,1025.6,3.1,4.1,8,458.7,0
2020-05-23 20:52:28,5,51,20.6,85,12.2,1020.7,1025.6,2.4,3.4,12,458.7,0
2020-05-23 20:57:28,5,51,20.6,85,12.2,1021,1025.9,2.7,3.7,12,458.7,0
2020-05-23 21:02:28,5,51,20.6,85,12.2,1020.9,1025.8,3.4,4.8,10,458.7,0
2020-05-23 21:07:28,5,51,20.6,85,12.2,1020.9,1025.8,2.7,4.1,10,458.7,0
2020-05-23 21:12:28,5,51,20.6,85,12.2,1021.2,1026.1,2.4,3.4,10,458.7,0
2020-05-23 21:17:28,5,51,20.6,85,12.2,1021.2,1026.1,2.7,3.7,12,458.7,0
2020-05-23 21:22:28,5,51,20.6,85,12.2,1021.4,1026.3,2.7,3.7,12,458.7,0
2020-05-23 21:27:28,5,51,20.6,84,12.2,1021.4,1026.3,3.4,4.4,10,458.7,0
2020-05-23 21:32:28,5,51,20.6,84,12.2,1021.5,1026.4,2.7,4.1,12,458.7,0
2020-05-23 21:37:28,5,51,20.5,84,12.2,1021.6,1026.5,2.4,2.7,12,458.7,0
2020-05-23 21:42:28,5,51,20.5,84,12.3,1021.6,1026.5,3.1,5.1,10,458.7,0
2020-05-23 21:47:28,5,51,20.5,84,12.3,1021.8,1026.7,2.4,3.1,12,458.7,0
2020-05-23 21:52:28,5,51,20.5,84,12.3,1021.8,1026.7,2,3.4,12,458.7,0
2020-05-23 21:57:28,5,51,20.5,84,12.3,1021.8,1026.7,2.4,3.4,0,458.7,0
2020-05-23 22:02:28,5,51,20.5,84,12.3,1022,1026.9,1.7,2.7,12,458.7,0
2020-05-23 22:07:28,5,51,20.5,84,12.2,1021.9,1026.8,2,2.4,10,458.7,0
2020-05-23 22:12:28,5,51,20.5,84,12.2,1022,1026.9,2.4,3.4,10,458.7,0
2020-05-23 22:17:28,5,51,20.5,84,12.2,1022.2,1027.1,2,2.7,10,458.7,0
2020-05-23 22:22:28,5,51,20.5,84,12.2,1022.2,1027.1,3.4,4.1,10,458.7,0
2020-05-23 22:27:28,5,51,20.5,84,12.2,1022.1,1027,3.1,4.4,10,458.7,0
2020-05-23 22:32:28,5,51,20.5,84,12.2,1022.1,1027,2.4,3.1,12,458.7,0
2020-05-23 22:37:28,5,51,20.5,84,12.2,1022.3,1027.2,2.4,3.1,12,458.7,0
2020-05-23 22:42:28,5,51,20.5,84,12.2,1022.4,1027.3,2.4,3.4,12,458.7,0
2020-05-23 22:47:28,5,51,20.4,84,12.2,1022.3,1027.2,2.7,4.1,12,458.7,0
2020-05-23 22:52:28,5,51,20.4,84,12.2,1022.5,1027.4,2.4,3.1,12,458.7,0
2020-05-23 22:57:28,5,51,20.4,84,12.2,1022.4,1027.3,3.4,3.7,12,458.7,0
2020-05-23 23:02:28,5,51,20.4,84,12.2,1022.6,1027.5,2.7,3.7,12,458.7,0
2020-05-23 23:07:28,5,51,20.4,84,12.1,1022.6,1027.5,2.7,3.7,12,458.7,0
2020-05-23 23:12:28,5,51,20.4,84,12.1,1022.4,1027.3,2,3.1,8,458.7,0
2020-05-23 23:17:28,5,51,20.4,84,12.1,1022.6,1027.5,2.4,3.4,8,458.7,0
2020-05-23 23:23:28,6,51,20.3,84,12.1,1022.7,1027.6,2.4,3.4,10,458.7,0
2020-05-23 23:28:28,5,51,20.4,84,12.1,1022.7,1027.6,2,3.1,12,458.7,0
2020-05-23 23:33:28,5,51,20.3,84,12.1,1022.7,1027.6,3.4,4.1,12,458.7,0
2020-05-23 23:39:28,6,51,20.4,84,12.1,1022.9,1027.8,2.4,3.7,14,458.7,0
2020-05-23 23:44:28,5,51,20.4,84,12,1023.1,1028,2,3.4,10,458.7,0
2020-05-23 23:49:28,5,51,20.4,84,12,1023,1027.9,2,2.7,12,458.7,0
2020-05-23 23:55:28,6,51,20.3,84,12,1023.2,1028.1,2,2.4,14,458.7,0
