2020-05-20 00:02:29,5,51,22,89,10.9,1017.5,1022.4,0,0,4,436.5,0
2020-05-20 00:07:29,5,52,21.9,89,10.8,1017.7,1022.6,0,0.3,2,436.5,0
2020-05-20 00:12:29,5,52,21.9,89,10.7,1017.5,1022.4,0,0,2,436.5,0
2020-05-20 00:17:29,5,52,21.9,89,10.7,1017.4,1022.3,0,0,2,436.5,0
2020-05-20 00:22:29,5,52,21.8,89,10.7,1017.5,1022.4,0,0,2,436.5,0
2020-05-20 00:27:29,5,52,21.8,89,10.5,1017.4,1022.3,0.7,1,4,436.5,0
2020-05-20 00:32:29,5,52,21.8,89,10.2,1017.4,1022.3,0,0.3,4,436.5,0
2020-05-20 00:37:29,5,52,21.6,89,10.2,1017.3,1022.2,0.7,1,4,436.5,0
2020-05-20 00:42:29,5,52,21.6,89,10.4,1017.2,1022.1,0.3,0.7,,436.5,0
2020-05-20 00:47:29,5,51,21.5,90,10.9,1017.3,1022.2,0.7,1,4,436.5,0
2020-05-20 00:52:29,5,52,21.5,90,11.1,1017.3,1022.2,0.3,0.7,4,436.5,0
2020-05-20 00:57:29,5,52,21.5,90,11.4,1017.1,1022,0.3,0.3,2,436.5,0
2020-05-20 01:02:29,5,52,21.5,91,11.5,1017.4,1022.3,0,0.3,10,436.5,0
2020-05-20 01:07:29,5,52,21.4,91,11.5,1017.2,1022.1,0,0.3,8,436.5,0
2020-05-20 01:12:29,5,52,21.4,91,11.3,1017.1,1022,0.7,1.4,4,436.5,0
2020-05-20 01:17:29,5,52,21.4,91,11.2,1017.1,1022,0,0.3,8,436.5,0
2020-05-20 01:22:29,5,52,21.5,91,11.4,1017.1,1022,0,0.3,10,436.5,0
2020-05-20 01:27:29,5,52,21.4,91,11.5,1017.2,1022.1,0,0,12,436.5,0
2020-05-20 01:32:29,5,52,21.5,91,11.6,1017,1021.9,0,0,12,436.5,0
2020-05-20 01:37:29,5,52,21.5,91,11.4,1017.1,1022,0,0,0,436.5,0
2020-05-20 01:42:29,5,52,21.4,91,11.2,1017.1,1022,0,0,0,436.5,0
2020-05-20 01:47:29,5,52,21.2,91,11,1017.2,1022.1,0,0.3,14,436.5,0
2020-05-20 01:52:29,5,52,21.2,90,10.9,1017,1021.9,0.3,0.7,2,436.5,0
2020-05-20 01:57:29,5,52,21.2,91,11,1016.9,1021.8,0.3,0.7,8,436.5,0
2020-05-20 02:02:29,5,52,21.2,91,11,1016.9,1021.8,0.7,1,4,436.5,0
2020-05-20 02:07:29,5,52,21.2,91,11,1016.9,1021.8,0,0.3,4,436.5,0
2020-05-20 02:12:29,5,52,21.2,91,11.1,1016.7,1021.6,0.7,1,10,436.5,0
2020-05-20 02:17:29,5,52,21.2,91,11.5,1016.7,1021.6,1,1.7,12,436.5,0
2020-05-20 02:22:29,5,52,21.2,92,11.8,1016.7,1021.6,1.7,2.4,12,436.5,0
2020-05-20 02:27:29,5,52,21.2,92,11.9,1016.6,1021.5,0.7,1,4,436.5,0
2020-05-20 02:32:29,5,52,21.2,92,11.9,1016.4,1021.3,0.3,1,,436.5,0
2020-05-20 02:37:29,5,52,21.2,92,12,1016.5,1021.4,0.7,1,,436.5,0
2020-05-20 02:42:29,5,52,21.2,92,11.9,1016.3,1021.2,2,2.4,4,436.5,0
2020-05-20 02:47:29,5,52,21.2,91,11.7,1016.1,1021,1.7,2,4,436.5,0
2020-05-20 02:52:29,5,52,21.2,91,11.6,1016.4,1021.3,1.4,1.7,2,436.5,0
2020-05-20 02:57:29,5,52,21.2,91,11.6,1016.2,1021.1,1,1.7,2,436.5,0
2020-05-20 03:02:29,5,52,21.2,91,11.7,1016.2,1021.1,1,1.4,2,436.5,0
2020-05-20 03:07:29,5,52,21.1,91,11.7,1016.2,1021.1,1,1.4,2,436.5,0
2020-05-20 03:12:29,5,52,21.1,91,11.7,1016.2,1021.1,1,1.4,2,436.5,0
2020-05-20 03:17:29,5,52,21.1,91,11.6,1016,1020.9,1,1.4,2,436.5,0
2020-05-20 03:22:29,5,53,21.2,91,11.7,1016,1020.9,1.7,2.4,2,436.5,0
2020-05-20 03:27:29,5,53,21.1,91,11.6,1015.9,1020.8,1.4,2,2,436.5,0
2020-05-20 03:32:29,5,53,21.1,91,11.4,1015.8,1020.7,1,1.4,2,436.5,0
2020-05-20 03:37:29,5,53,21.1,90,11.3,1015.8,1020.7,0.7,1,2,436.5,0
2020-05-20 03:42:29,5,52,21.1,90,11.3,1015.8,1020.7,0.3,0.7,2,436.5,0
2020-05-20 03:47:29,5,52,21.1,90,11.2,1015.8,1020.7,0,0.3,4,436.5,0
2020-05-20 03:52:29,5,52,21,90,11,1015.9,1020.8,1.4,1.7,4,436.5,0
2020-05-20 03:57:29,5,52,21,90,11.1,1016,1020.9,0.7,1,2,436.5,0
2020-05-20 04:02:29,5,52,21,90,11,1016,1020.9,0,0,,436.5,0
2020-05-20 04:07:28,5,52,21,90,11,1016.1,1021,0,0,12,436.5,0
2020-05-20 04:12:28,5,52,21,91,11.1,1016,1020.9,0.3,0.7,2,436.5,0
2020-05-20 04:17:28,5,52,21,91,11.2,1015.9,1020.8,0.3,0.7,4,436.5,0
2020-05-20 04:22:28,5,52,21,91,11.4,1015.8,1020.7,0.7,1.4,4,436.5,0
2020-05-20 04:27:28,5,52,21,91,11.6,1015.7,1020.6,0.7,1,8,436.5,0
2020-05-20 04:32:28,5,53,20.9,91,11.7,1015.6,1020.5,0.7,1,10,436.5,0
2020-05-20 04:37:28,5,54,20.9,91,11.8,1015.6,1020.5,0.3,0.7,10,436.5,0
2020-05-20 04:42:28,5,54,20.9,91,11.9,1015.5,1020.4,0.7,1,4,436.5,0
2020-05-20 04:47:28,5,54,20.9,92,12,1015.4,1020.3,1.4,1.7,4,436.5,0
2020-05-20 04:52:28,5,54,20.9,91,12,1015.4,1020.3,1.4,2,2,436.5,0
2020-05-20 04:57:28,5,54,20.9,91,12,1015.3,1020.2,2.7,3.4,8,436.5,0
2020-05-20 05:02:28,5,54,20.9,91,12,1015.3,1020.2,1,1.7,4,436.5,0
2020-05-20 05:07:28,5,54,20.9,91,12,1015.3,1020.2,3.7,4.8,4,436.5,0
2020-05-20 05:12:28,5,54,20.9,91,12.1,1015.4,1020.3,1.4,2.4,0,436.5,0
2020-05-20 05:17:28,5,54,20.9,91,12.1,1015.3,1020.2,3.1,4.4,15,436.5,0
2020-05-20 05:22:28,5,54,20.8,91,12.2,1015.5,1020.4,1,2,12,436.5,0
2020-05-20 05:27:28,5,54,20.8,91,12.2,1015.4,1020.3,0.7,1,10,436.5,0
2020-05-20 05:32:28,5,54,20.8,90,12.2,1015.3,1020.2,1,1.4,0,436.5,0
2020-05-20 05:37:28,5,54,20.8,90,12.3,1015.3,1020.2,1,1.7,10,436.5,0
2020-05-20 05:42:28,5,54,20.8,90,12.3,1015.2,1020.1,1.4,1.7,12,436.5,0
2020-05-20 05:47:28,5,54,20.8,90,12.4,1015.3,1020.2,1.7,2.4,2,436.5,0
2020-05-20 05:52:28,5,54,20.8,90,12.4,1015.4,1020.3,1,1.7,4,436.5,0
2020-05-20 05:57:28,5,54,20.8,85,12.6,1015.3,1020.2,1,1.7,8,436.5,0
2020-05-20 06:02:28,5,54,20.8,85,12.7,1015.3,1020.2,0.7,1,0,436.5,0
2020-05-20 06:07:28,5,54,20.8,84,12.7,1015.4,1020.3,3.1,4.1,2,436.5,0
2020-05-20 06:12:28,5,54,20.8,83,12.7,1015.2,1020.1,4.1,5.8,2,436.5,0
2020-05-20 06:17:28,5,54,20.9,82,12.7,1015.4,1020.3,4.4,5.8,2,436.5,0
2020-05-20 06:22:28,5,54,20.8,81,12.8,1015.1,1020,3.1,5.4,2,436.5,0
2020-05-20 06:27:28,5,53,20.9,80,12.8,1015,1019.9,5.1,6.1,,436.5,0
2020-05-20 06:32:28,5,53,20.9,80,12.9,1015,1019.9,4.1,5.1,4,436.5,0
2020-05-20 06:37:28,5,53,20.9,79,13,1014.9,1019.8,3.1,4.1,4,436.5,0
2020-05-20 06:42:28,5,53,20.9,78,13.2,1015,1019.9,4.1,6.1,4,436.5,0
2020-05-20 06:47:28,5,53,20.9,76,13.6,1014.8,1019.7,4.1,5.8,8,436.5,0
2020-05-20 06:52:28,5,53,20.9,74,13.7,1014.8,1019.7,2.4,4.1,4,436.5,0
2020-05-20 06:57:28,5,53,20.9,73,13.9,1014.8,1019.7,4.1,5.8,4,436.5,0
2020-05-20 07:02:28,5,53,20.9,72,14.2,1014.7,1019.6,4.1,5.1,4,436.5,0
2020-05-20 07:07:28,5,53,20.9,72,14.5,1014.8,1019.7,1.7,3.1,4,436.5,0
2020-05-20 07:12:28,5,53,20.9,71,14.5,1014.7,1019.6,4.8,6.1,0,436.5,0
2020-05-20 07:17:28,5,53,20.9,70,14.6,1014.6,1019.5,3.4,4.8,10,436.5,0
2020-05-20 07:22:28,5,53,20.9,70,14.6,1014.7,1019.6,2.7,3.4,10,436.5,0
2020-05-20 07:27:28,5,53,20.9,70,14.8,1014.9,1019.8,4.4,5.4,4,436.5,0
2020-05-20 07:32:28,5,52,21,68,14.7,1014.7,1019.6,3.1,4.4,10,436.5,0
2020-05-20 07:37:28,5,52,21,69,15.1,1014.8,1019.7,1.7,2.4,0,436.5,0
2020-05-20 07:42:28,5,52,21,68,15.5,1014.6,1019.5,2.4,3.1,0,436.5,0
2020-05-20 07:47:28,5,52,21,66,15.3,1014.7,1019.6,3.1,4.1,0,436.5,0
2020-05-20 07:52:28,5,52,21,66,15.7,1014.6,1019.5,1,2,10,436.5,0
2020-05-20 07:57:28,5,53,21.1,67,16.3,1014.8,1019.7,1,1.7,,436.5,0
2020-05-20 08:02:28,5,53,21.2,62,16.4,1014.7,1019.6,4.1,5.4,4,436.5,0
2020-05-20 08:07:28,5,54,21.2,62,15.8,1014.9,1019.8,3.7,5.1,2,436.5,0
2020-05-20 08:12:28,5,54,21.2,63,15.6,1014.6,1019.5,2.7,4.1,4,436.5,0
2020-05-20 08:17:28,5,54,21.2,63,15.2,1014.6,1019.5,3.4,4.1,4,436.5,0
2020-05-20 08:22:28,5,53,21.5,62,15.2,1014.7,1019.6,3.7,4.8,4,436.5,0
2020-05-20 08:27:28,5,53,21.4,61,15.5,1014.5,1019.4,1.7,3.7,4,436.5,0
2020-05-20 08:32:28,5,52,21.5,60,15.9,1014.4,1019.3,2.7,4.1,4,436.5,0
2020-05-20 08:37:28,5,52,21.6,60,16.2,1014.3,1019.2,2.4,3.4,4,436.5,0
2020-05-20 08:42:28,5,51,21.7,59,16.9,1014.1,1019,3.7,4.8,4,436.5,0
2020-05-20 08:47:28,5,51,21.8,54,16.7,1014,1018.9,4.1,5.8,10,436.5,0
2020-05-20 08:52:28,5,51,21.8,53,16.8,1014,1018.9,2.4,3.4,,436.5,0
2020-05-20 08:57:28,5,51,21.9,54,17.2,1013.8,1018.7,4.4,6.8,4,436.5,0
2020-05-20 09:02:28,5,51,21.9,52,17,1013.7,1018.6,2.7,3.7,4,436.5,0
2020-05-20 09:07:28,5,50,22,51,17.3,1013.6,1018.5,4.8,6.1,4,436.5,0
2020-05-20 09:12:28,5,50,22.1,51,17.1,1013.7,1018.6,2.7,3.7,4,436.5,0
2020-05-20 09:17:28,5,50,22.1,51,17.2,1013.6,1018.5,1.4,2.4,2,436.5,0
2020-05-20 09:22:28,5,50,22.1,49,17,1013.6,1018.5,6.1,8.2,0,436.5,0
2020-05-20 09:27:28,5,50,22.2,50,16.9,1013.6,1018.5,2.7,4.4,4,436.5,0
2020-05-20 09:32:28,5,50,22.2,50,16.9,1013.6,1018.5,2.7,4.4,4,436.5,0
2020-05-20 09:37:28,5,50,22.2,50,17.2,1013.5,1018.4,1.4,1.7,4,436.5,0
2020-05-20 09:42:28,5,50,22.3,43,17.5,1013.6,1018.5,2,2.7,10,436.5,0
2020-05-20 09:47:28,5,50,22.4,44,17.5,1013.7,1018.6,1.4,1.7,,436.5,0
2020-05-20 09:52:28,5,50,22.4,41,17.7,1013.3,1018.2,2.4,3.1,13,436.5,0
2020-05-20 09:57:28,5,50,22.4,40,17.8,1013.5,1018.4,1.7,2.7,10,436.5,0
2020-05-20 10:02:28,5,50,22.4,40,18.2,1013.3,1018.2,2.4,3.1,4,436.5,0
2020-05-20 10:07:28,5,50,22.4,41,18.6,1013.3,1018.2,1.4,2,12,436.5,0
2020-05-20 10:12:28,5,50,22.4,40,18.7,1013.2,1018.1,3.4,4.1,0,436.5,0
2020-05-20 10:17:28,5,49,22.5,40,18.8,1013.2,1018.1,1.7,2.4,10,436.5,0
2020-05-20 10:22:28,5,49,22.5,41,18.9,1013.1,1018,1,1.7,10,436.5,0
2020-05-20 10:27:28,5,49,22.6,40,19.1,1013.2,1018.1,2,4.1,,436.5,0
2020-05-20 10:32:28,5,49,22.6,41,19.4,1013.1,1018,1.4,2,12,436.5,0
2020-05-20 10:37:28,5,49,22.6,38,19.6,1013.1,1018,2.7,4.1,10,436.5,0
2020-05-20 10:42:28,5,49,22.7,40,19.4,1013.3,1018.2,1.7,3.4,9,436.5,0
2020-05-20 10:47:28,5,50,22.7,39,19.7,1013.3,1018.2,1.4,2.7,14,436.5,0
2020-05-20 10:52:28,5,50,22.8,40,19.7,1013.1,1018,1.7,2,10,436.5,0
2020-05-20 10:57:28,5,49,22.8,37,19.6,1013,1017.9,2,3.1,0,436.5,0
2020-05-20 11:02:28,5,49,22.8,40,19.7,1013.1,1018,0.7,1.4,0,436.5,0
2020-05-20 11:07:28,5,49,22.8,37,19.7,1013.1,1018,2,2.7,10,436.5,0
2020-05-20 11:12:28,5,49,22.8,36,19.4,1013,1017.9,2.7,3.4,4,436.5,0
2020-05-20 11:17:28,5,49,22.9,40,19.6,1013.1,1018,1.7,2.7,15,436.5,0
2020-05-20 11:22:28,5,49,22.9,37,19.5,1013,1017.9,2,2.7,4,436.5,0
2020-05-20 11:27:28,5,49,23,41,19.6,1013,1017.9,1,1.4,2,436.5,0
2020-05-20 11:32:28,5,49,23,40,19.7,1012.9,1017.8,1.4,2,0,436.5,0
2020-05-20 11:37:28,5,49,23,40,19.6,1012.9,1017.8,0.7,1.7,2,436.5,0
2020-05-20 11:42:28,5,49,23.1,41,19.7,1012.8,1017.7,1.4,1.7,12,436.5,0
2020-05-20 11:47:28,5,49,23.2,42,19.9,1012.6,1017.5,1.4,1.7,2,436.5,0
2020-05-20 11:52:28,5,49,23.2,35,19.6,1012.7,1017.6,2.7,3.1,,436.5,0
2020-05-20 11:57:28,5,48,23.2,37,19.5,1012.6,1017.5,1,2,10,436.5,0
2020-05-20 12:02:28,5,48,23.2,39,19.5,1012.8,1017.7,1.7,2.7,8,436.5,0
2020-05-20 12:07:28,5,47,23.2,38,19.5,1012.8,1017.7,0.7,1.4,8,436.5,0
2020-05-20 12:12:28,5,47,23.2,40,19.5,1012.6,1017.5,1.4,2.4,12,436.5,0
2020-05-20 12:17:28,5,47,23.2,40,19.4,1012.4,1017.3,1.7,2.7,4,436.5,0
2020-05-20 12:22:28,5,46,23.2,37,19.2,1012.4,1017.3,2.4,3.1,10,436.5,0
2020-05-20 12:27:28,5,46,23.1,38,18.7,1012.4,1017.3,2,3.4,12,436.5,0
2020-05-20 12:32:28,5,46,23.2,39,18.7,1012.4,1017.3,2,3.1,12,436.5,0
2020-05-20 12:37:28,5,46,23.2,40,18.6,1012.5,1017.4,2,2.7,10,436.5,0
2020-05-20 12:42:28,5,46,23.2,37,18.7,1012.5,1017.4,1.4,1.7,10,436.5,0
2020-05-20 12:47:28,5,47,23.2,38,18.5,1012.4,1017.3,2.4,3.1,8,436.5,0
2020-05-20 12:52:28,5,47,23.3,38,18.6,1012.6,1017.5,1.7,2,8,436.5,0
2020-05-20 12:57:28,5,47,23.3,38,18.8,1012.5,1017.4,1.7,3.1,4,436.5,0
2020-05-20 13:02:28,5,47,23.3,39,19,1012.5,1017.4,2,3.1,12,436.5,0
2020-05-20 13:07:28,5,47,23.4,41,19.2,1012.3,1017.2,2,3.4,12,436.5,0
2020-05-20 13:12:28,5,47,23.4,39,19.1,1012.3,1017.2,1.7,2.7,0,436.5,0
2020-05-20 13:17:28,5,47,23.4,36,19.1,1012.1,1017,2,3.4,,436.5,0
2020-05-20 13:22:28,5,47,23.4,39,19.1,1012.2,1017.1,1.7,2.4,12,436.5,0
2020-05-20 13:27:28,5,47,23.5,40,19.5,1012.2,1017.1,1,1.7,10,436.5,0
2020-05-20 13:32:28,5,46,23.5,39,19.5,1012.3,1017.2,1.4,2,8,436.5,0
2020-05-20 13:37:28,5,46,23.5,39,19.4,1012.2,1017.1,2.4,4.1,8,436.5,0
2020-05-20 13:42:28,5,46,23.5,40,19.3,1012.1,1017,1,2,12,436.5,0
2020-05-20 13:47:28,5,45,23.5,40,19.2,1012.1,1017,2.4,4.1,14,436.5,0
2020-05-20 13:52:28,5,45,23.5,38,19.3,1012,1016.9,3.1,5.1,0,436.5,0
2020-05-20 13:57:28,5,45,23.5,36,19.1,1011.8,1016.7,3.4,4.4,2,436.5,0
2020-05-20 14:02:28,5,45,23.6,37,19.2,1011.9,1016.8,4.1,5.4,0,436.5,0
2020-05-20 14:07:28,5,45,23.5,39,19.5,1011.7,1016.6,3.1,4.8,8,436.5,0
2020-05-20 14:12:28,5,45,23.6,40,19.6,1011.6,1016.5,2.4,3.4,2,436.5,0
2020-05-20 14:17:28,5,45,23.6,38,19.5,1011.4,1016.3,3.1,4.1,4,436.5,0
2020-05-20 14:22:28,5,45,23.6,39,19.1,1011.5,1016.4,3.4,5.1,0,436.5,0
2020-05-20 14:27:28,5,45,23.7,40,19.2,1011.4,1016.3,1.4,2.7,15,436.5,0
2020-05-20 14:32:28,5,45,23.7,40,19.3,1011.6,1016.5,2,2.7,14,436.5,0
2020-05-20 14:37:28,5,45,23.7,41,19.4,1011.4,1016.3,1.7,3.1,8,436.5,0
2020-05-20 14:42:28,5,45,23.7,41,19.5,1011.3,1016.2,2.7,3.7,4,436.5,0
2020-05-20 14:47:28,5,45,23.7,41,18.7,1010.9,1015.8,6.8,8.2,4,436.5,0
2020-05-20 14:52:28,5,45,23.7,43,18.6,1011,1015.9,2.7,3.7,8,436.5,0
2020-05-20 14:57:28,5,45,23.7,44,18.7,1010.8,1015.7,3.1,4.1,,436.5,0
2020-05-20 15:02:28,5,45,23.7,43,18.9,1011,1015.9,2,3.4,8,436.5,0
2020-05-20 15:07:28,5,45,23.7,44,19,1010.9,1015.8,4.1,6.1,2,436.5,0
2020-05-20 15:12:28,5,45,23.7,44,18.9,1011.1,1016,3.1,3.7,10,436.5,0
2020-05-20 15:17:28,5,45,23.7,44,18.9,1011.1,1016,6.1,7.8,4,436.5,0
2020-05-20 15:22:28,5,45,23.7,46,18.9,1010.9,1015.8,2,3.1,,436.5,0
2020-05-20 15:27:28,5,45,23.8,47,19,1011.1,1016,2,2.7,8,436.5,0
2020-05-20 15:32:28,5,45,23.8,47,19.1,1011.2,1016.1,1.7,2.7,10,436.5,0
2020-05-20 15:37:28,5,45,23.8,48,19.2,1011.4,1016.3,1.4,1.7,8,436.5,0
2020-05-20 15:42:28,5,46,23.9,48,19.2,1011.4,1016.3,2,3.4,8,436.5,0
2020-05-20 15:47:28,5,46,23.8,49,19,1011.4,1016.3,1.7,2.7,10,436.5,0
2020-05-20 15:52:28,5,46,23.8,50,19,1011.3,1016.2,1.4,2,12,436.5,0
2020-05-20 15:57:28,5,46,23.8,50,18.9,1011.4,1016.3,1.7,2.7,2,436.5,0
2020-05-20 16:02:28,5,46,23.8,50,18.7,1011.3,1016.2,2,3.4,10,436.5,0
2020-05-20 16:07:28,5,46,23.8,51,18.5,1011.4,1016.3,2,2.7,10,436.5,0
2020-05-20 16:12:28,5,46,23.8,52,18.5,1011.4,1016.3,1.4,1.7,12,436.5,0
2020-05-20 16:17:28,5,46,23.7,52,18.5,1011.4,1016.3,2.4,4.1,,436.5,0
2020-05-20 16:22:28,5,46,23.7,53,18.5,1011.5,1016.4,2,3.4,12,436.5,0
2020-05-20 16:27:28,5,46,23.7,52,18.5,1011.3,1016.2,2.7,4.4,8,436.5,0
2020-05-20 16:32:28,5,46,23.7,53,18.6,1011.4,1016.3,1.7,3.1,10,436.5,0
2020-05-20 16:37:28,5,46,23.6,53,18.6,1011.4,1016.3,2.7,3.1,12,436.5,0
2020-05-20 16:42:28,5,46,23.6,54,18.7,1011.2,1016.1,1.4,2.4,14,436.5,0
2020-05-20 16:47:28,5,46,23.6,54,18.6,1011.2,1016.1,1.7,2.4,8,436.5,0
2020-05-20 16:52:28,5,46,23.5,55,18.7,1011.2,1016.1,2,3.1,,436.5,0
2020-05-20 16:57:28,5,46,23.5,54,18.6,1011.2,1016.1,2,4.4,10,436.5,0
2020-05-20 17:02:28,5,46,23.6,55,18.5,1011.1,1016,1.7,2.4,10,436.5,0
2020-05-20 17:07:28,5,46,23.5,55,18.7,1011.2,1016.1,1.7,2.4,2,436.5,0
2020-05-20 17:12:28,5,46,23.5,54,18.7,1011.2,1016.1,2,3.1,10,436.5,0
2020-05-20 17:17:28,5,46,23.5,56,18.7,1011,1015.9,1,1.4,8,436.5,0
2020-05-20 17:22:28,5,46,23.5,55,18.7,1011.2,1016.1,1.4,2.7,14,436.5,0
2020-05-20 17:27:28,5,46,23.5,54,18.6,1011.2,1016.1,2,3.1,8,436.5,0
2020-05-20 17:32:28,5,46,23.5,54,18.7,1011.2,1016.1,1.4,2,10,436.5,0
2020-05-20 17:37:28,5,46,23.5,55,18.8,1011.1,1016,1.4,2,,436.5,0
2020-05-20 17:42:28,5,46,23.4,55,18.8,1011.1,1016,0.7,1,8,436.5,0
2020-05-20 17:47:28,5,46,23.4,55,18.8,1011,1015.9,2.7,3.7,,436.5,0
2020-05-20 17:52:28,5,46,23.5,56,18.9,1011.2,1016.1,0.7,1,8,436.5,0
2020-05-20 17:57:28,5,46,23.4,56,18.8,1011.2,1016.1,0.7,1,8,436.5,0
2020-05-20 18:02:28,5,46,23.4,55,18.7,1011.4,1016.3,3.4,4.1,10,436.5,0
2020-05-20 18:07:28,5,45,23.3,56,18.5,1011.5,1016.4,1.4,2.4,8,436.5,0
2020-05-20 18:12:28,5,45,23.3,58,18.4,1011.5,1016.4,0.7,1,8,436.5,0
2020-05-20 18:17:28,5,46,23.3,57,18.2,1011.6,1016.5,1.7,2.4,10,436.5,0
2020-05-20 18:22:28,5,45,23.1,60,18,1011.9,1016.8,1.4,1.7,14,436.5,0
2020-05-20 18:27:30,5,46,23.2,65,17.2,1011.7,1016.6,1,1.7,15,436.5,0
2020-05-20 18:32:29,5,46,23.1,68,16.7,1011.6,1016.5,1.7,2,12,436.5,0
2020-05-20 18:37:29,5,47,23.2,70,16,1011.6,1016.5,3.7,4.8,12,436.5,0
2020-05-20 18:42:29,5,47,23.2,72,15.6,1011.6,1016.5,2.7,3.4,12,436.5,0
2020-05-20 18:47:29,5,47,23.3,73,15.3,1012,1016.9,1.7,2.7,12,436.5,0
2020-05-20 18:52:29,5,48,23.2,73,15.1,1012.1,1017,2.4,2.7,12,436.5,0
2020-05-20 18:57:29,5,48,23.2,74,15,1011.9,1016.8,2.4,3.1,14,436.5,0
2020-05-20 19:02:29,5,48,23.2,74,15,1012.1,1017,0.7,1,12,436.5,0
2020-05-20 19:07:29,5,49,23.2,74,15,1012.1,1017,1.7,2.4,12,436.5,0
2020-05-20 19:12:29,5,49,23.2,75,15,1012.1,1017,1,1.7,14,436.5,0
2020-05-20 19:17:29,5,49,23.2,75,15.1,1012.1,1017,0.3,1,14,436.5,0
2020-05-20 19:22:29,5,49,23.2,75,15,1011.9,1016.8,0.7,1,14,436.5,0
2020-05-20 19:27:29,5,49,23.2,75,15,1012,1016.9,0.7,1,10,436.5,0
2020-05-20 19:32:29,5,49,23.1,75,14.9,1012.1,1017,0,0.3,0,436.5,0
2020-05-20 19:37:29,5,49,23.1,75,15,1012,1016.9,0.3,0.7,14,436.5,0
2020-05-20 19:42:29,5,50,23.1,75,15,1012,1016.9,0.3,0.7,14,436.5,0
2020-05-20 19:47:29,5,50,23.1,74,15,1012,1016.9,0,0,12,436.5,0
2020-05-20 19:52:29,5,50,23.2,74,15,1012.1,1017,0,0,10,436.5,0
2020-05-20 19:57:29,5,50,23.2,74,15,1012.2,1017.1,0.3,0.7,10,436.5,0
2020-05-20 20:02:29,5,50,23.3,74,15,1012,1016.9,0.3,0.7,12,436.5,0
2020-05-20 20:07:29,5,50,23.3,74,14.9,1012.1,1017,0,0,12,436.5,0
2020-05-20 20:12:29,5,50,23.3,74,14.9,1012,1016.9,0,0,12,436.5,0
2020-05-20 20:17:29,5,50,23.3,74,14.8,1012.2,1017.1,0,0,12,436.5,0
2020-05-20 20:22:29,5,50,23.3,74,14.7,1012.2,1017.1,0,0.3,12,436.5,0
2020-05-20 20:27:29,5,50,23.3,75,14.4,1012.5,1017.4,1.4,2,14,436.5,0
2020-05-20 20:32:29,5,50,23.4,77,14.3,1012.5,1017.4,1,1.4,12,436.5,0
2020-05-20 20:37:29,5,50,23.4,77,14.3,1012.4,1017.3,1,1.4,14,436.5,0
2020-05-20 20:42:29,5,50,23.4,77,14.2,1012.5,1017.4,0.7,1,14,436.5,0
2020-05-20 20:47:29,5,50,23.4,78,14.1,1012.5,1017.4,0.7,1,12,436.5,0
2020-05-20 20:52:29,5,50,23.4,78,14.1,1012.8,1017.7,0.3,0.7,12,436.5,0
2020-05-20 20:57:29,5,50,23.4,78,14.1,1012.6,1017.5,0.7,1.4,12,436.5,0
2020-05-20 21:02:29,5,50,23.4,77,14.1,1012.8,1017.7,1,1.4,14,436.5,0
2020-05-20 21:07:29,5,50,23.4,76,14.2,1012.8,1017.7,0.7,1,12,436.5,0
2020-05-20 21:12:29,5,50,23.4,76,14.2,1013,1017.9,1,1.7,12,436.5,0
2020-05-20 21:17:29,5,50,23.4,75,14.2,1013,1017.9,1,1,10,436.5,0
2020-05-20 21:22:29,5,50,23.4,75,14.1,1012.9,1017.8,1,1.7,10,436.5,0
2020-05-20 21:27:29,5,50,23.4,76,14.1,1013.4,1018.3,1,1.4,10,436.5,0
2020-05-20 21:32:29,5,50,23.4,76,14,1013.4,1018.3,1,1.4,4,436.5,0
2020-05-20 21:37:29,5,50,23.4,76,14,1013.6,1018.5,1,1.4,10,436.5,0
2020-05-20 21:42:29,5,50,23.4,77,13.9,1013.6,1018.5,0.7,1,12,436.5,0
2020-05-20 21:47:29,5,50,23.4,78,13.8,1013.6,1018.5,0.7,1,10,436.5,0
2020-05-20 21:52:28,5,50,23.4,78,13.8,1013.6,1018.5,1.4,2,12,436.5,0
2020-05-20 21:57:28,5,50,23.4,79,13.7,1013.8,1018.7,0.3,0.7,10,436.5,0
2020-05-20 22:02:28,5,50,23.4,80,13.7,1013.6,1018.5,0.7,1.4,12,436.5,0
2020-05-20 22:07:28,5,50,23.4,80,13.6,1013.7,1018.6,0.3,0.7,12,436.5,0
2020-05-20 22:12:28,5,50,23.4,80,13.5,1013.7,1018.6,0.3,0.7,10,436.5,0
2020-05-20 22:17:28,5,50,23.3,81,13.3,1013.6,1018.5,0.3,0.7,10,436.5,0
2020-05-20 22:22:28,5,50,23.3,81,13.2,1013.8,1018.7,0.3,0.7,10,436.5,0
2020-05-20 22:27:28,5,50,23.2,82,13.1,1013.7,1018.6,0.7,1,8,436.5,0
2020-05-20 22:32:28,5,50,23.2,82,13.1,1013.9,1018.8,1.4,2,12,436.5,0
2020-05-20 22:37:28,5,50,23.1,83,12.8,1013.9,1018.8,1.4,1.7,12,436.5,0
2020-05-20 22:42:28,5,50,23.1,83,12.5,1013.7,1018.6,1.7,2,14,436.5,0
2020-05-20 22:47:28,5,50,23,88,12.2,1013.9,1018.8,2.4,2.7,12,436.5,0
2020-05-20 22:52:28,5,50,23,88,12.1,1014.1,1019,2.7,3.4,14,436.5,0
2020-05-20 22:57:28,5,49,23,89,12.1,1014.2,1019.1,1.4,2,12,436.5,0
2020-05-20 23:02:28,5,50,22.9,89,12,1014.1,1019,1.7,2.4,10,436.5,0
2020-05-20 23:07:28,5,50,22.9,89,11.9,1014.3,1019.2,0.7,1.4,10,436.5,0
2020-05-20 23:12:28,5,50,22.8,89,11.9,1014.2,1019.1,1,1.4,10,436.5,0
2020-05-20 23:17:28,5,50,22.8,89,11.8,1014.3,1019.2,1,1.7,12,436.5,0
2020-05-20 23:22:28,5,50,22.8,89,11.8,1014.6,1019.5,1,1.7,12,436.5,0
2020-05-20 23:27:28,5,50,22.8,89,11.8,1014.5,1019.4,1,1.4,10,436.5,0
2020-05-20 23:32:28,5,50,22.8,89,11.8,1014.7,1019.6,0.7,1.4,10,436.5,0
2020-05-20 23:37:28,5,50,22.7,89,11.7,1014.7,1019.6,1.4,2,12,436.5,0
2020-05-20 23:42:28,5,50,22.6,89,11.7,1014.4,1019.3,1,1.4,12,436.5,0
2020-05-20 23:47:28,5,50,22.6,89,11.6,1014.4,1019.3,1.4,1.7,10,436.5,0
2020-05-20 23:52:28,5,50,22.6,89,11.6,1014.4,1019.3,1.4,2,12,436.5,0
2020-05-20 23:57:28,5,50,22.6,89,11.6,1014.4,1019.3,1.7,2.7,12,436.5,0
