2020-05-03 00:00:33,5,43,21.4,75,7.7,1011.1,1016,0,0,2,425.1,0
2020-05-03 00:05:33,5,43,21.2,75,7.5,1011.3,1016.2,0,0,2,425.1,0
2020-05-03 00:10:33,5,43,21.2,75,7.6,1011.2,1016.1,0,0.3,2,425.1,0
2020-05-03 00:15:33,5,43,21.2,75,7.8,1011.4,1016.3,0,0.3,2,425.1,0
2020-05-03 00:20:33,5,43,21.2,76,7.8,1011.1,1016,0,0,2,425.1,0
2020-05-03 00:25:33,5,43,21.1,76,8,1011.3,1016.2,0.7,1,4,425.1,0
2020-05-03 00:30:33,5,43,21.1,76,8.2,1011.2,1016.1,0.3,0.7,4,425.1,0
2020-05-03 00:35:33,5,43,21,76,8.4,1011.4,1016.3,0.7,0.7,,425.1,0
2020-05-03 00:40:33,5,43,21,75,8.6,1011.2,1016.1,0.3,0.7,4,425.1,0
2020-05-03 00:45:33,5,44,20.9,74,8.6,1011.2,1016.1,0.3,0.7,2,425.1,0
2020-05-03 00:50:33,5,44,20.9,74,8.8,1011.2,1016.1,0.3,0.7,4,425.1,0
2020-05-03 00:55:33,5,45,20.8,74,8.8,1011.1,1016,0.3,0.7,4,425.1,0
2020-05-03 01:00:33,5,45,20.8,73,8.7,1011.1,1016,1,1.4,,425.1,0
2020-05-03 01:05:33,5,45,20.8,73,8.4,1011.1,1016,0.3,1,,425.1,0
2020-05-03 01:10:33,5,45,20.7,73,8.2,1011,1015.9,0.3,0.7,2,425.1,0
2020-05-03 01:15:33,5,45,20.7,74,8.2,1011,1015.9,0.7,0.7,4,425.1,0
2020-05-03 01:20:33,5,45,20.7,74,8.2,1011,1015.9,0.7,1,4,425.1,0
2020-05-03 01:25:33,5,45,20.7,74,8.1,1010.8,1015.7,1.4,1.7,4,425.1,0
2020-05-03 01:30:33,5,45,20.6,75,8,1011,1015.9,0.7,1,4,425.1,0
2020-05-03 01:35:33,5,45,20.6,76,8,1010.9,1015.8,0.7,1,2,425.1,0
2020-05-03 01:40:33,5,45,20.6,78,8.1,1011,1015.9,0.7,1,4,425.1,0
2020-05-03 01:45:33,5,45,20.6,78,8.1,1010.9,1015.8,0.7,1,4,425.1,0
2020-05-03 01:50:33,5,45,20.5,78,7.9,1010.8,1015.7,1,1.4,4,425.1,0
2020-05-03 01:55:33,5,45,20.5,78,7.7,1010.8,1015.7,0.3,0.7,4,425.1,0
2020-05-03 02:00:33,5,45,20.5,78,7.6,1010.8,1015.7,0.3,0.7,2,425.1,0
2020-05-03 02:05:33,5,45,20.4,80,7.6,1011.1,1016,0.7,1,2,425.1,0
2020-05-03 02:10:33,5,45,20.4,85,7.4,1011,1015.9,0.3,0.7,2,425.1,0
2020-05-03 02:15:33,5,45,20.4,85,7.1,1010.9,1015.8,0.3,0.7,2,425.1,0
2020-05-03 02:20:33,5,45,20.3,86,7,1010.9,1015.8,0.7,1,2,425.1,0
2020-05-03 02:25:33,5,45,20.3,87,7,1010.9,1015.8,1.4,1.7,2,425.1,0
2020-05-03 02:30:33,5,45,20.3,89,7,1011,1015.9,0.7,1.4,2,425.1,0
2020-05-03 02:35:33,5,45,20.3,89,7,1010.7,1015.6,1,1.7,2,425.1,0
2020-05-03 02:40:33,5,45,20.2,89,7,1010.9,1015.8,0.7,1,2,425.1,0
2020-05-03 02:45:33,5,46,20.3,89,7.1,1010.7,1015.6,0.7,1.4,2,425.1,0
2020-05-03 02:50:33,5,46,20.3,90,7.1,1010.8,1015.7,0.7,1,2,425.1,0
2020-05-03 02:55:33,5,46,20.2,89,7.2,1010.9,1015.8,1,1.4,2,425.1,0
2020-05-03 03:00:33,5,46,20.2,89,7.1,1010.8,1015.7,0.7,1,2,425.1,0
2020-05-03 03:05:33,5,46,20.2,89,7.2,1010.9,1015.8,1,1.7,2,425.1,0
2020-05-03 03:10:33,5,46,20.2,89,7.1,1010.9,1015.8,1.4,1.7,2,425.1,0
2020-05-03 03:15:33,5,46,20.2,89,7.2,1011.1,1016,1,1.4,4,425.1,0
2020-05-03 03:20:33,5,46,20.2,89,7.2,1011.2,1016.1,0.7,1,,425.1,0
2020-05-03 03:25:33,5,46,20.1,88,7,1011.2,1016.1,0.7,1,4,425.1,0
2020-05-03 03:30:33,5,46,20.1,88,6.8,1011.3,1016.2,0,0.3,4,425.1,0
2020-05-03 03:35:33,5,46,20,88,6.9,1011.3,1016.2,0.3,0.7,2,425.1,0
2020-05-03 03:40:33,5,46,20.1,88,6.9,1011.3,1016.2,0.3,1,4,425.1,0
2020-05-03 03:45:33,5,46,20,88,6.8,1011.4,1016.3,0.3,0.7,4,425.1,0
2020-05-03 03:50:33,5,46,20,88,6.8,1011.4,1016.3,0,0,4,425.1,0
2020-05-03 03:55:33,5,46,20,88,6.8,1011.4,1016.3,0.3,0.7,4,425.1,0
2020-05-03 04:00:33,5,46,20,88,6.8,1011.2,1016.1,0.3,0.7,4,425.1,0
2020-05-03 04:05:33,5,46,20,88,6.8,1011.2,1016.1,0.7,1,2,425.1,0
2020-05-03 04:10:33,5,46,20,89,6.9,1011,1015.9,0.7,1,2,425.1,0
2020-05-03 04:15:33,5,46,20,89,6.9,1011.2,1016.1,0.7,1,0,425.1,0
2020-05-03 04:20:33,5,46,20,90,7,1011.1,1016,1,1.4,4,425.1,0
2020-05-03 04:25:33,5,47,19.9,90,7.1,1011.2,1016.1,1,1.4,4,425.1,0
2020-05-03 04:30:33,5,47,19.9,90,7.1,1011.2,1016.1,0.3,0.7,2,425.1,0
2020-05-03 04:35:33,5,47,19.9,89,7,1011.3,1016.2,0.7,1,0,425.1,0
2020-05-03 04:40:33,5,47,19.8,89,7.1,1011.3,1016.2,0.7,1,4,425.1,0
2020-05-03 04:45:33,5,47,19.9,89,7.1,1011.5,1016.4,0.7,1,4,425.1,0
2020-05-03 04:50:33,5,47,19.9,89,7.1,1011.3,1016.2,1,1.4,4,425.1,0
2020-05-03 04:55:33,5,47,19.9,89,7,1011.4,1016.3,1.4,1.7,4,425.1,0
2020-05-03 05:00:33,5,47,19.9,89,7,1011.4,1016.3,0.7,1,4,425.1,0
2020-05-03 05:05:33,5,47,19.8,89,7.1,1011.5,1016.4,0.7,1,2,425.1,0
2020-05-03 05:10:33,5,48,19.8,89,7.2,1011.7,1016.6,0.7,1,0,425.1,0
2020-05-03 05:15:33,5,48,19.8,89,7.3,1011.9,1016.8,1,1.7,2,425.1,0
2020-05-03 05:20:33,5,48,19.8,89,7.4,1011.8,1016.7,0.7,1,4,425.1,0
2020-05-03 05:25:33,5,48,19.8,83,7.5,1011.7,1016.6,1,1.7,4,425.1,0
2020-05-03 05:30:33,5,48,19.8,82,7.6,1011.9,1016.8,1,1.7,4,425.1,0
2020-05-03 05:35:33,5,48,19.8,82,7.7,1011.8,1016.7,1,1.7,0,425.1,0
2020-05-03 05:40:33,5,48,19.8,81,7.7,1011.9,1016.8,1,1.4,4,425.1,0
2020-05-03 05:45:33,5,48,19.8,81,7.6,1012,1016.9,1,1.4,2,425.1,0
2020-05-03 05:50:33,5,48,19.8,81,7.6,1011.8,1016.7,1.7,2.4,4,425.1,0
2020-05-03 05:55:33,5,48,19.8,80,7.6,1011.9,1016.8,1,1.4,4,425.1,0
2020-05-03 06:00:33,5,48,19.8,80,7.6,1011.9,1016.8,1.4,2,,425.1,0
2020-05-03 06:05:33,5,48,19.8,80,7.7,1012.1,1017,1.4,1.7,4,425.1,0
2020-05-03 06:10:33,5,48,19.8,80,7.8,1012.1,1017,1,1.4,4,425.1,0
2020-05-03 06:15:33,5,48,19.8,80,7.8,1012.2,1017.1,0.7,1,4,425.1,0
2020-05-03 06:20:33,5,48,19.8,81,7.8,1012.1,1017,0.3,1,2,425.1,0
2020-05-03 06:25:33,5,48,19.8,81,8,1012.3,1017.2,0.7,1,0,425.1,0
2020-05-03 06:30:33,5,48,19.8,81,8.2,1012.4,1017.3,0.3,0.7,4,425.1,0
2020-05-03 06:35:33,5,48,19.8,81,8.4,1012.5,1017.4,0.7,1,4,425.1,0
2020-05-03 06:40:33,5,48,19.8,81,8.6,1012.7,1017.6,1,1.4,14,425.1,0
2020-05-03 06:45:33,5,48,19.8,80,9.1,1012.7,1017.6,1,1.4,4,425.1,0
2020-05-03 06:50:33,5,48,19.8,80,10.1,1012.7,1017.6,0.7,1,4,425.1,0
2020-05-03 06:55:33,5,48,19.8,76,10.5,1012.9,1017.8,1.4,1.7,4,425.1,0
2020-05-03 07:00:33,5,48,19.8,72,10.7,1012.9,1017.8,1,1.4,0,425.1,0
2020-05-03 07:05:33,5,48,19.8,70,10.9,1012.8,1017.7,1.7,2.4,4,425.1,0
2020-05-03 07:10:33,5,48,19.8,70,10.8,1012.9,1017.8,0.7,1.4,2,425.1,0
2020-05-03 07:15:33,5,48,19.9,69,10.8,1013.1,1018,1.4,1.7,2,425.1,0
2020-05-03 07:20:33,5,48,19.9,69,10.5,1013,1017.9,1.4,2,14,425.1,0
2020-05-03 07:25:33,5,48,19.9,70,10.4,1013,1017.9,1,1.7,4,425.1,0
2020-05-03 07:30:33,5,48,19.9,70,10.4,1013.3,1018.2,1.4,1.7,4,425.1,0
2020-05-03 07:35:33,5,48,19.9,71,10.4,1013.2,1018.1,1.4,2,4,425.1,0
2020-05-03 07:40:33,5,48,19.9,72,10.4,1013.3,1018.2,0.7,1.4,4,425.1,0
2020-05-03 07:45:33,5,48,19.9,72,10.5,1013.4,1018.3,1,1.7,4,425.1,0
2020-05-03 07:50:33,5,48,19.9,72,10.5,1013.3,1018.2,2,2.4,,425.1,0
2020-05-03 07:55:33,5,47,20,72,10.4,1013.5,1018.4,1,1.7,4,425.1,0
2020-05-03 08:00:33,5,48,19.9,72,10.4,1013.4,1018.3,1.4,2,2,425.1,0
2020-05-03 08:05:33,5,48,20,72,10.5,1013.4,1018.3,1.4,1.7,,425.1,0
2020-05-03 08:10:33,5,48,20,73,10.6,1013.4,1018.3,1.7,2,4,425.1,0
2020-05-03 08:15:33,5,48,20,73,10.7,1013.4,1018.3,2,2.4,4,425.1,0
2020-05-03 08:20:33,5,48,20,73,10.7,1013.4,1018.3,1.4,2,4,425.1,0
2020-05-03 08:25:33,5,48,20.1,73,10.8,1013.5,1018.4,1.4,1.7,4,425.1,0
2020-05-03 08:30:33,5,48,20.1,73,10.9,1013.7,1018.6,1,1.7,4,425.1,0
2020-05-03 08:35:33,5,48,20.1,74,11,1013.5,1018.4,1.4,2,10,425.1,0
2020-05-03 08:40:33,5,48,20.1,74,11.2,1013.5,1018.4,1.4,1.7,4,425.1,0
2020-05-03 08:45:33,5,48,20.1,74,11.3,1013.5,1018.4,1,1.4,4,425.1,0
2020-05-03 08:50:33,5,48,20.2,74,11.5,1013.6,1018.5,1,1.4,4,425.1,0
2020-05-03 08:55:33,5,48,20.2,73,11.6,1013.4,1018.3,1.4,1.7,,425.1,0
2020-05-03 09:00:33,5,48,20.2,73,11.6,1013.5,1018.4,1.7,2.4,4,425.1,0
2020-05-03 09:05:33,5,48,20.2,71,11.7,1013.5,1018.4,1.7,2,2,425.1,0
2020-05-03 09:10:33,5,48,20.2,71,11.9,1013.6,1018.5,1.7,2.4,2,425.1,0
2020-05-03 09:15:33,5,48,20.2,70,12,1013.6,1018.5,1.4,1.7,2,425.1,0
2020-05-03 09:20:33,5,46,20.3,70,12,1013.7,1018.6,1.4,2,4,425.1,0
2020-05-03 09:25:33,5,45,20.2,70,11.9,1013.6,1018.5,1.4,2,4,425.1,0
2020-05-03 09:30:33,5,45,20.2,67,12,1013.8,1018.7,1.4,2,,425.1,0
2020-05-03 09:35:33,5,46,20.2,69,12.3,1013.6,1018.5,1.7,2.4,2,425.1,0
2020-05-03 09:40:33,5,46,20.2,68,12.3,1013.6,1018.5,1.7,2,4,425.1,0
2020-05-03 09:45:33,5,47,20.1,65,12.3,1013.7,1018.6,1.7,2,2,425.1,0
2020-05-03 09:50:33,5,47,20.2,63,12.4,1013.6,1018.5,2.4,3.4,2,425.1,0
2020-05-03 09:55:33,5,47,20.2,59,12.6,1013.7,1018.6,1.7,2.7,4,425.1,0
2020-05-03 10:00:33,5,46,20.2,59,12.8,1013.9,1018.8,1.7,2,4,425.1,0
2020-05-03 10:05:33,5,46,20.2,58,13,1013.8,1018.7,0.7,1,2,425.1,0
2020-05-03 10:10:33,5,46,20.3,58,13.2,1013.8,1018.7,1,1.4,4,425.1,0
2020-05-03 10:15:33,5,46,20.3,58,13.2,1013.8,1018.7,1.7,2,,425.1,0
2020-05-03 10:20:33,5,45,20.3,57,13.2,1013.9,1018.8,2,2.7,,425.1,0
2020-05-03 10:25:33,5,45,20.4,58,13.6,1013.9,1018.8,2,2.4,4,425.1,0
2020-05-03 10:30:33,5,45,20.4,55,13.5,1013.9,1018.8,1,1.4,2,425.1,0
2020-05-03 10:35:33,5,45,20.4,56,13.7,1013.9,1018.8,2,2.7,2,425.1,0
2020-05-03 10:40:33,5,44,20.5,55,13.4,1013.8,1018.7,1.4,1.7,2,425.1,0
2020-05-03 10:45:33,5,44,20.5,55,13.7,1014,1018.9,1.7,2.4,4,425.1,0
2020-05-03 10:50:33,5,44,20.5,55,13.9,1013.9,1018.8,1.4,2,2,425.1,0
2020-05-03 10:55:33,5,44,20.5,55,13.9,1013.8,1018.7,1.7,2,4,425.1,0
2020-05-03 11:00:33,5,44,20.5,56,14.1,1013.9,1018.8,1.4,1.7,0,425.1,0
2020-05-03 11:05:33,5,44,20.6,54,14.1,1013.7,1018.6,1.4,2.4,,425.1,0
2020-05-03 11:10:33,5,44,20.6,55,14.5,1013.7,1018.6,2,2.7,4,425.1,0
2020-05-03 11:15:33,5,44,20.6,54,14.8,1013.6,1018.5,1.7,2.4,,425.1,0
2020-05-03 11:20:33,5,44,20.6,53,15.3,1013.7,1018.6,1.4,1.7,2,425.1,0
2020-05-03 11:25:33,5,44,20.7,51,15.4,1013.8,1018.7,1.4,2,2,425.1,0
2020-05-03 11:30:33,5,45,20.7,51,15.6,1013.7,1018.6,1.7,2.4,2,425.1,0
2020-05-03 11:35:33,5,45,20.7,50,15.2,1013.8,1018.7,2.7,3.7,1,425.1,0
2020-05-03 11:40:33,5,45,20.8,51,14.8,1013.6,1018.5,1.7,2.4,2,425.1,0
2020-05-03 11:45:33,5,45,20.8,52,15.4,1013.8,1018.7,2,2.7,2,425.1,0
2020-05-03 11:50:33,5,45,20.8,51,15.9,1013.7,1018.6,1.7,2.4,0,425.1,0
2020-05-03 11:55:33,5,45,20.8,50,16.4,1013.6,1018.5,0.7,1,2,425.1,0
2020-05-03 12:00:33,5,46,20.9,47,16.3,1013.8,1018.7,2.7,3.7,2,425.1,0
2020-05-03 12:05:33,5,46,20.9,50,15.9,1013.7,1018.6,1.7,2,2,425.1,0
2020-05-03 12:10:33,5,45,21,50,15.9,1013.8,1018.7,3.7,5.4,2,425.1,0
2020-05-03 12:15:33,5,46,21,47,15.7,1013.8,1018.7,2.7,3.4,0,425.1,0
2020-05-03 12:20:33,5,46,21.1,48,15.9,1014,1018.9,0.7,1,2,425.1,0
2020-05-03 12:25:33,5,46,21.1,47,16.2,1013.9,1018.8,2,2.4,2,425.1,0
2020-05-03 12:30:33,5,46,21.2,46,16.2,1014,1018.9,1.4,2,0,425.1,0
2020-05-03 12:35:33,5,46,21.2,50,16.5,1013.8,1018.7,1.4,2.4,0,425.1,0
2020-05-03 12:40:33,5,46,21.2,46,16.1,1013.8,1018.7,1.4,2,2,425.1,0
2020-05-03 12:45:33,5,45,21.2,47,16.5,1013.8,1018.7,2.4,3.4,2,425.1,0
2020-05-03 12:50:33,5,44,21.2,50,17,1013.8,1018.7,1.7,2.4,,425.1,0
2020-05-03 12:55:33,5,44,21.4,46,16.5,1013.8,1018.7,2.4,3.1,2,425.1,0
2020-05-03 13:00:33,5,44,21.4,42,16.4,1013.7,1018.6,2.4,3.4,0,425.1,0
2020-05-03 13:05:33,5,44,21.4,47,16.8,1013.8,1018.7,1.7,2,0,425.1,0
2020-05-03 13:10:33,5,44,21.5,42,16.9,1013.7,1018.6,2,2.4,2,425.1,0
2020-05-03 13:15:33,5,44,21.5,44,17.3,1013.8,1018.7,3.1,3.7,,425.1,0
2020-05-03 13:20:33,5,44,21.5,41,17.1,1013.9,1018.8,2.4,3.4,,425.1,0
2020-05-03 13:25:33,5,45,21.6,41,17.1,1013.8,1018.7,3.7,4.4,4,425.1,0
2020-05-03 13:30:33,5,45,21.7,43,17,1013.8,1018.7,3.1,3.7,,425.1,0
2020-05-03 13:35:33,5,45,21.8,41,16.9,1013.9,1018.8,3.1,4.4,,425.1,0
2020-05-03 13:40:33,5,45,21.9,42,17.2,1013.8,1018.7,0.7,1.4,0,425.1,0
2020-05-03 13:45:33,5,45,21.9,42,16.9,1013.8,1018.7,2,3.4,4,425.1,0
2020-05-03 13:50:33,5,43,22,43,16.7,1013.8,1018.7,1,1.7,2,425.1,0
2020-05-03 13:55:33,5,43,22,43,17.1,1014,1018.9,0.3,1,9,425.1,0
2020-05-03 14:00:33,5,43,22,41,17,1013.9,1018.8,0.7,1,2,425.1,0
2020-05-03 14:05:33,5,43,22,45,16.7,1014,1018.9,1.7,2.4,2,425.1,0
2020-05-03 14:10:33,5,43,22.1,50,16.4,1014,1018.9,2,2.7,1,425.1,0
2020-05-03 14:15:33,5,43,22.1,50,16.1,1013.9,1018.8,1.7,2.7,2,425.1,0
2020-05-03 14:20:33,5,42,22.1,50,16.1,1014,1018.9,2,2.4,1,425.1,0
2020-05-03 14:25:33,5,42,22.1,51,16.2,1014,1018.9,1.4,2.4,0,425.1,0
2020-05-03 14:30:33,5,42,22.1,51,16.4,1013.9,1018.8,1.7,2,0,425.1,0
2020-05-03 14:35:33,5,41,22.1,51,16.6,1014,1018.9,1,1.4,0,425.1,0
2020-05-03 14:40:33,5,41,22,50,16.5,1014,1018.9,1.4,2,2,425.1,0
2020-05-03 14:45:33,5,41,22,48,15.7,1014,1018.9,1.7,2.7,4,425.1,0
2020-05-03 14:50:33,5,41,22,48,15.6,1014.1,1019,2,2.4,2,425.1,0
2020-05-03 14:55:33,5,41,22,48,15.6,1014.1,1019,1,1.7,2,425.1,0
2020-05-03 15:00:33,5,42,21.9,47,15.7,1014.1,1019,0.3,1,2,425.1,0
2020-05-03 15:05:33,5,41,22,47,16,1014.2,1019.1,0.3,0.7,2,425.1,0
2020-05-03 15:10:33,5,41,22,47,16,1014.2,1019.1,1,1.4,0,425.1,0
2020-05-03 15:15:33,5,41,22,44,16.1,1014.2,1019.1,0.3,0.7,4,425.1,0
2020-05-03 15:20:33,5,41,22.1,46,16.6,1014.2,1019.1,0.7,1,4,425.1,0
2020-05-03 15:25:33,5,41,22.1,45,16.8,1014.3,1019.2,1.4,1.7,2,425.1,0
2020-05-03 15:30:33,5,41,22.1,43,16.7,1014.3,1019.2,1.7,2,4,425.1,0
2020-05-03 15:35:33,5,41,22.2,44,16.7,1014.2,1019.1,0,0.3,2,425.1,0
2020-05-03 15:40:33,5,40,22.2,44,16.9,1014.1,1019,1,1.7,2,425.1,0
2020-05-03 15:45:33,5,40,22.2,43,16.6,1014,1018.9,0.7,1.4,2,425.1,0
2020-05-03 15:50:33,5,40,22.3,44,16.3,1013.9,1018.8,0.7,1,2,425.1,0
2020-05-03 15:55:33,5,40,22.3,46,16.3,1013.8,1018.7,0.7,1.4,0,425.1,0
2020-05-03 16:00:33,5,40,22.3,45,16.3,1013.9,1018.8,1,1.4,2,425.1,0
2020-05-03 16:05:33,5,40,22.3,45,16.6,1013.8,1018.7,0.7,1,2,425.1,0
2020-05-03 16:10:33,5,40,22.3,45,17.1,1013.8,1018.7,0,0.3,4,425.1,0
2020-05-03 16:15:33,5,41,22.3,42,17.8,1013.8,1018.7,0.7,1,0,425.1,0
2020-05-03 16:20:33,5,42,22.4,42,18.5,1013.7,1018.6,0,0.3,0,425.1,0
2020-05-03 16:25:33,5,42,22.4,40,18.7,1013.8,1018.7,1,1.4,,425.1,0
2020-05-03 16:30:33,5,43,22.5,40,18.2,1013.7,1018.6,1,1.7,2,425.1,0
2020-05-03 16:35:33,5,42,22.6,41,18.5,1013.8,1018.7,0.3,0.7,2,425.1,0
2020-05-03 16:40:33,5,40,22.6,41,18.9,1013.6,1018.5,0,0,2,425.1,0
2020-05-03 16:45:33,5,41,22.7,40,20.2,1013.8,1018.7,0.3,0.7,12,425.1,0
2020-05-03 16:50:33,5,41,22.7,40,20.2,1013.7,1018.6,0.3,0.7,12,425.1,0
2020-05-03 16:55:33,5,42,22.8,36,19.7,1013.7,1018.6,0,0.3,14,425.1,0
2020-05-03 17:00:37,5,42,22.9,39,19.5,1013.8,1018.7,1,1.7,2,425.1,0
2020-05-03 17:05:33,5,43,23,40,18.9,1013.8,1018.7,1,1.4,14,425.1,0
2020-05-03 17:10:33,5,44,23,40,18.4,1013.7,1018.6,1.7,2,0,425.1,0
2020-05-03 17:15:33,5,45,23.1,40,18.4,1013.8,1018.7,1.7,2,0,425.1,0
2020-05-03 17:20:33,5,45,23.2,40,18.1,1013.8,1018.7,1,1.7,2,425.1,0
2020-05-03 17:25:33,5,45,23.3,37,17.7,1013.7,1018.6,0.7,1.4,2,425.1,0
2020-05-03 17:30:33,5,45,23.4,37,17.5,1013.8,1018.7,1.7,2.4,2,425.1,0
2020-05-03 17:35:33,5,46,23.4,40,18,1013.7,1018.6,1,1.4,2,425.1,0
2020-05-03 17:40:33,5,46,23.6,37,18.3,1013.8,1018.7,1,1.4,0,425.1,0
2020-05-03 17:45:33,5,47,23.7,39,19.7,1013.7,1018.6,0.7,1,0,425.1,0
2020-05-03 17:50:33,5,47,23.9,36,20.1,1013.6,1018.5,0.3,0.3,0,425.1,0
2020-05-03 17:55:33,5,45,24.1,34,18.7,1013.6,1018.5,0.3,0.7,2,425.1,0
2020-05-03 18:00:33,5,45,24.1,40,17.5,1013.8,1018.7,0.3,0.7,0,425.1,0
2020-05-03 18:05:33,5,46,24.2,45,17.2,1013.7,1018.6,0,0,0,425.1,0
2020-05-03 18:10:33,5,46,24.2,48,17.4,1013.6,1018.5,0,0,12,425.1,0
2020-05-03 18:15:33,5,46,24.4,48,17.3,1013.2,1018.1,0.3,0.7,12,425.1,0
2020-05-03 18:20:33,5,46,24.7,48,17,1013.7,1018.6,0,0.3,12,425.1,0
2020-05-03 18:25:33,5,46,24.9,46,16.8,1013.6,1018.5,0,0,12,425.1,0
2020-05-03 18:30:33,5,45,24.9,46,16.7,1013.7,1018.6,0,0,12,425.1,0
2020-05-03 18:35:33,5,44,24.8,45,16.6,1013.9,1018.8,0,0,12,425.1,0
2020-05-03 18:40:33,5,42,24.8,44,16.5,1013.8,1018.7,0,0,12,425.1,0
2020-05-03 18:45:33,5,41,24.8,48,16.2,1013.9,1018.8,0,0,12,425.1,0
2020-05-03 18:50:33,5,40,24.8,50,15.9,1014.1,1019,0.3,0.7,12,425.1,0
2020-05-03 18:55:33,5,39,24.6,51,15.5,1014,1018.9,0,0,12,425.1,0
2020-05-03 19:00:33,5,38,24.4,49,15.3,1013.9,1018.8,0,0,12,425.1,0
2020-05-03 19:05:33,5,38,24.3,49,15.1,1013.8,1018.7,0,0,12,425.1,0
2020-05-03 19:10:33,5,37,24.2,50,15.2,1014.4,1019.3,0,0,12,425.1,0
2020-05-03 19:15:33,5,36,24,50,15.2,1014.3,1019.2,0,0,12,425.1,0
2020-05-03 19:20:33,5,36,23.9,54,14.9,1014.4,1019.3,1.4,1.7,0,425.1,0
2020-05-03 19:25:33,5,36,23.7,60,14.1,1014.4,1019.3,1.4,1.7,2,425.1,0
2020-05-03 19:30:33,5,35,23.4,61,13.8,1014.6,1019.5,0.7,1,2,425.1,0
2020-05-03 19:35:33,5,35,23.2,61,13.6,1014.8,1019.7,0.7,1.4,2,425.1,0
2020-05-03 19:40:33,5,35,23,62,13.5,1014.7,1019.6,1,1.7,2,425.1,0
2020-05-03 19:45:33,5,36,22.9,63,13.4,1014.8,1019.7,1,1.7,0,425.1,0
2020-05-03 19:50:33,5,37,22.8,62,13.3,1014.8,1019.7,1.7,2,0,425.1,0
2020-05-03 19:55:33,5,38,22.7,62,13.2,1014.7,1019.6,0.7,1,2,425.1,0
2020-05-03 20:00:33,5,38,22.8,62,13,1014.8,1019.7,0.3,1,2,425.1,0
2020-05-03 20:05:33,5,39,22.6,63,12.8,1014.9,1019.8,0.7,1,2,425.1,0
2020-05-03 20:10:33,5,39,22.6,63,12.7,1015.1,1020,1,1.7,0,425.1,0
2020-05-03 20:15:33,5,39,22.6,69,12.4,1015.2,1020.1,3.1,3.7,0,425.1,0
2020-05-03 20:20:33,5,39,22.6,69,12.4,1015.3,1020.2,2.4,3.1,0,425.1,0
2020-05-03 20:25:33,5,40,22.6,69,12.1,1015.5,1020.4,1,1.4,0,425.1,0
2020-05-03 20:30:33,5,40,22.6,69,11.9,1015.5,1020.4,1,1.4,14,425.1,0
2020-05-03 20:35:33,5,40,22.6,70,11.6,1015.5,1020.4,1.4,1.7,15,425.1,0
2020-05-03 20:40:33,5,41,22.5,69,11.3,1015.6,1020.5,1.7,2.7,0,425.1,0
2020-05-03 20:45:33,5,41,22.6,69,11.1,1015.7,1020.6,2.7,3.7,0,425.1,0
2020-05-03 20:50:33,5,40,22.5,69,11,1015.8,1020.7,2,2.7,0,425.1,0
2020-05-03 20:55:33,5,40,22.5,70,10.8,1015.9,1020.8,1.4,2,0,425.1,0
2020-05-03 21:00:33,5,41,22.4,70,10.5,1016,1020.9,1,1.7,0,425.1,0
2020-05-03 21:05:33,5,41,22.4,70,10.3,1015.9,1020.8,1,1.4,0,425.1,0
2020-05-03 21:10:33,5,41,22.3,70,10.1,1016.1,1021,0.7,1.4,0,425.1,0
2020-05-03 21:15:33,5,41,22.3,70,9.9,1015.8,1020.7,1.4,1.4,0,425.1,0
2020-05-03 21:20:33,5,42,22.3,70,9.7,1015.9,1020.8,1,1.7,0,425.1,0
2020-05-03 21:25:33,5,42,22.2,70,9.5,1016,1020.9,0.7,1,0,425.1,0
2020-05-03 21:30:33,5,42,22.2,70,9.4,1016.2,1021.1,0.7,1,0,425.1,0
2020-05-03 21:35:33,5,43,22.1,71,9.3,1016.1,1021,0.7,1,0,425.1,0
2020-05-03 21:40:33,5,43,22.1,71,9.1,1016.2,1021.1,1,1.4,0,425.1,0
2020-05-03 21:45:33,5,43,22,71,9,1016.3,1021.2,1,1.4,0,425.1,0
2020-05-03 21:50:33,5,43,22,71,8.9,1016.3,1021.2,0.7,1.4,0,425.1,0
2020-05-03 21:55:33,5,44,22,71,8.8,1016.3,1021.2,0.7,1,0,425.1,0
2020-05-03 22:00:33,5,44,22,71,8.7,1016.3,1021.2,0.7,1,0,425.1,0
2020-05-03 22:05:33,5,44,22,71,8.6,1016.5,1021.4,0.3,0.7,0,425.1,0
2020-05-03 22:10:33,5,45,21.9,71,8.5,1016.6,1021.5,0.3,0.7,0,425.1,0
2020-05-03 22:15:33,5,45,21.9,71,8.4,1016.5,1021.4,0.3,0.7,0,425.1,0
2020-05-03 22:20:33,5,46,21.9,71,8.2,1016.5,1021.4,0,0.3,14,425.1,0
2020-05-03 22:25:33,5,46,21.8,72,8.2,1016.5,1021.4,0,0.3,14,425.1,0
2020-05-03 22:30:33,5,46,21.8,72,8,1016.7,1021.6,0.3,0.7,14,425.1,0
2020-05-03 22:35:33,5,46,21.8,72,7.7,1016.6,1021.5,0.7,1,10,425.1,0
2020-05-03 22:40:33,5,46,21.6,80,7.4,1016.7,1021.6,0.7,1,10,425.1,0
2020-05-03 22:45:33,5,46,21.6,81,7.2,1016.9,1021.8,0.7,1,10,425.1,0
2020-05-03 22:50:33,5,46,21.6,81,7.1,1016.8,1021.7,0.3,0.7,12,425.1,0
2020-05-03 22:55:33,5,46,21.5,82,7,1017.1,1022,0.3,0.7,10,425.1,0
2020-05-03 23:00:33,5,47,21.5,82,7,1016.9,1021.8,0,0.3,10,425.1,0
2020-05-03 23:05:33,5,47,21.5,82,6.9,1016.9,1021.8,0.3,0.7,12,425.1,0
2020-05-03 23:10:33,5,47,21.5,82,6.7,1017,1021.9,0.3,0.7,12,425.1,0
2020-05-03 23:15:33,5,47,21.4,82,6.6,1017,1021.9,0.3,0.7,12,425.1,0
2020-05-03 23:20:33,5,47,21.4,82,6.5,1017,1021.9,0,0.3,4,425.1,0
2020-05-03 23:25:33,5,47,21.4,83,6.3,1016.9,1021.8,0.3,0.3,10,425.1,0
2020-05-03 23:30:33,5,47,21.4,83,6.3,1017.1,1022,0,0,10,425.1,0
2020-05-03 23:35:33,5,47,21.5,83,6.4,1017,1021.9,0.7,1,14,425.1,0
2020-05-03 23:40:33,5,47,21.4,85,6.9,1017,1021.9,1,1.4,12,425.1,0
2020-05-03 23:45:33,5,47,21.4,85,7,1017,1021.9,1,1,14,425.1,0
2020-05-03 23:50:33,5,47,21.5,84,6.7,1017.1,1022,0.7,1,10,425.1,0
2020-05-03 23:55:33,5,47,21.2,84,6.4,1017.1,1022,0.3,0.3,10,425.1,0
