2024-10-29 00:00:33,5,70,20,94,12.8,1022.3,1027.2,0,0,10,908.4,0
2024-10-29 00:05:33,5,70,20,95,12.8,1022.3,1027.2,0,0,,908.4,0
2024-10-29 00:11:33,6,71,19.9,95,12.8,1022.3,1027.2,0,0,10,908.4,0
2024-10-29 00:16:33,5,71,19.9,95,12.9,1022.3,1027.2,0,0,10,908.4,0
2024-10-29 00:21:33,5,71,19.9,95,12.9,1022.2,1027.1,0,0,10,908.4,0
2024-10-29 00:27:33,6,71,19.9,95,13,1022.3,1027.2,0,0,10,908.4,0
2024-10-29 00:32:33,5,71,19.9,95,13,1022.4,1027.3,0,0,,908.4,0
2024-10-29 00:37:33,5,71,19.9,95,13,1022.4,1027.3,0,0,10,908.4,0
2024-10-29 00:43:33,6,71,19.9,95,13,1022.4,1027.3,0,0,10,908.4,0
2024-10-29 00:48:33,5,71,19.8,95,13,1022.2,1027.1,0,0,10,908.4,0
2024-10-29 00:53:33,5,71,19.9,95,13,1022.3,1027.2,0,0,10,908.4,0
2024-10-29 00:59:33,6,71,19.8,95,13,1022.3,1027.2,0,0,10,908.4,0
2024-10-29 01:04:33,5,71,19.9,95,13,1022.4,1027.3,0,0,8,908.4,0
2024-10-29 01:09:33,5,71,19.9,95,13,1022.4,1027.3,0,0,8,908.4,0
2024-10-29 01:15:33,6,71,19.8,95,13,1022.3,1027.2,0,0,8,908.4,0
2024-10-29 01:20:33,5,71,19.9,95,12.9,1022.5,1027.4,0,0,8,908.4,0
2024-10-29 01:25:33,5,71,19.8,95,12.9,1022.5,1027.4,0,0,8,908.4,0
2024-10-29 01:31:33,6,71,19.8,95,12.9,1022.6,1027.5,0,0,8,908.4,0
2024-10-29 01:36:33,5,71,19.8,95,12.9,1022.6,1027.5,0,0,8,908.4,0
2024-10-29 01:41:33,5,71,19.8,95,12.9,1022.6,1027.5,0,0,8,908.4,0
2024-10-29 01:47:33,6,71,19.8,95,12.9,1022.6,1027.5,0,0,8,908.4,0
2024-10-29 01:52:33,5,71,19.8,95,12.9,1022.9,1027.8,0,0,8,908.4,0
2024-10-29 01:57:33,5,71,19.8,95,12.9,1022.9,1027.8,0,0,8,908.4,0
2024-10-29 02:03:33,6,71,19.8,95,12.8,1023,1027.9,0,0,8,908.4,0
2024-10-29 02:08:33,5,71,19.7,95,12.7,1022.8,1027.7,0,0,8,908.4,0
2024-10-29 02:13:33,5,71,19.7,95,12.7,1023,1027.9,0,0,8,908.4,0
2024-10-29 02:19:33,6,71,19.8,95,12.7,1023.1,1028,0,0,8,908.4,0
2024-10-29 02:24:33,5,71,19.7,95,12.8,1023.1,1028,0,0,8,908.4,0
2024-10-29 02:29:33,5,71,19.7,95,12.8,1023.1,1028,0,0,8,908.4,0
2024-10-29 02:35:33,6,71,19.7,95,12.9,1023.1,1028,0,0,10,908.4,0
2024-10-29 02:40:33,5,71,19.7,95,12.9,1022.9,1027.8,0,0,10,908.4,0
2024-10-29 02:45:33,5,71,19.7,95,12.9,1023,1027.9,0,0,8,908.4,0
2024-10-29 02:51:33,6,71,19.7,95,12.9,1023.1,1028,0,0,8,908.4,0
2024-10-29 02:56:33,5,71,19.7,95,12.9,1022.9,1027.8,0,0,8,908.4,0
2024-10-29 03:01:33,5,71,19.7,95,12.9,1023,1027.9,0,0,8,908.4,0
2024-10-29 03:07:33,6,71,19.7,95,12.9,1023,1027.9,0,0,8,908.4,0
2024-10-29 03:12:33,5,71,19.7,95,12.8,1023,1027.9,0,0,8,908.4,0
2024-10-29 03:17:33,5,71,19.7,95,12.8,1023.1,1028,0,0,8,908.4,0
2024-10-29 03:23:33,6,70,19.7,95,12.7,1023.1,1028,0,0,8,908.4,0
2024-10-29 03:28:33,5,70,19.6,95,12.7,1023.1,1028,0,0,8,908.4,0
2024-10-29 03:33:33,5,70,19.6,95,12.7,1023,1027.9,0,0,8,908.4,0
2024-10-29 03:39:33,6,70,19.6,95,12.7,1022.9,1027.8,0,0,8,908.4,0
2024-10-29 03:44:33,5,70,19.6,96,12.7,1022.9,1027.8,0,0,8,908.4,0
2024-10-29 03:49:33,5,70,19.7,96,12.6,1022.9,1027.8,0,0,8,908.4,0
2024-10-29 03:55:33,6,70,19.6,96,12.6,1022.8,1027.7,0,0,8,908.4,0
2024-10-29 04:00:33,5,70,19.6,96,12.6,1022.9,1027.8,0,0,8,908.4,0
2024-10-29 04:05:33,5,70,19.6,96,12.6,1022.9,1027.8,0,0,8,908.4,0
2024-10-29 04:11:33,6,70,19.7,96,12.6,1023,1027.9,0,0,8,908.4,0
2024-10-29 04:16:33,5,70,19.7,96,12.6,1023.1,1028,0,0,8,908.4,0
2024-10-29 04:21:33,5,70,19.7,96,12.6,1023.3,1028.2,0,0,8,908.4,0
2024-10-29 04:27:33,6,70,19.6,96,12.6,1023.2,1028.1,0,0,8,908.4,0
2024-10-29 04:32:33,5,70,19.6,96,12.6,1023.6,1028.5,0,0,8,908.4,0
2024-10-29 04:37:33,5,70,19.6,96,12.6,1023.5,1028.4,0,0,8,908.4,0
2024-10-29 04:43:33,6,70,19.6,96,12.6,1023.5,1028.4,0,0,8,908.4,0
2024-10-29 04:48:33,5,70,19.6,96,12.6,1023.6,1028.5,0,0,8,908.4,0
2024-10-29 04:53:33,5,70,19.6,96,12.6,1023.7,1028.6,0,0,8,908.4,0
2024-10-29 04:59:33,6,70,19.6,96,12.7,1023.7,1028.6,0,0,8,908.4,0
2024-10-29 05:04:33,5,70,19.6,96,12.7,1023.5,1028.4,0,0,8,908.4,0
2024-10-29 05:09:33,5,70,19.6,96,12.7,1023.6,1028.5,0,0,8,908.4,0
2024-10-29 05:15:33,6,70,19.6,96,12.7,1023.7,1028.6,0,0,8,908.4,0
2024-10-29 05:20:33,5,70,19.5,96,12.7,1023.5,1028.4,0,0,8,908.4,0
2024-10-29 05:25:33,5,70,19.5,96,12.7,1023.6,1028.5,0,0,8,908.4,0
2024-10-29 05:31:33,6,70,19.5,96,12.7,1023.5,1028.4,0,0,8,908.4,0
2024-10-29 05:36:33,5,70,19.5,96,12.7,1023.4,1028.3,0,0,8,908.4,0
2024-10-29 05:41:33,5,70,19.5,96,12.7,1023.6,1028.5,0,0,8,908.4,0
2024-10-29 05:47:33,6,70,19.5,96,12.6,1023.6,1028.5,0,0,8,908.4,0
2024-10-29 05:52:33,5,70,19.5,96,12.5,1023.7,1028.6,0,0,8,908.4,0
2024-10-29 05:57:33,5,70,19.5,96,12.5,1023.7,1028.6,0,0,8,908.4,0
2024-10-29 06:03:33,6,70,19.5,99,12.3,1023.8,1028.7,0,0,8,908.4,0
2024-10-29 06:08:33,5,70,19.5,99,12.2,1023.9,1028.8,0,0,8,908.4,0
2024-10-29 06:13:33,5,70,19.5,99,12.2,1023.8,1028.7,0,0,8,908.4,0
2024-10-29 06:19:33,6,70,19.5,99,12.3,1023.9,1028.8,0,0,8,908.4,0
2024-10-29 06:24:33,5,70,19.5,99,12.3,1024,1028.9,0,0,8,908.4,0
2024-10-29 06:29:33,5,70,19.5,99,12.4,1024,1028.9,0,0,8,908.4,0
2024-10-29 06:35:33,6,70,19.5,99,12.4,1023.9,1028.8,0,0,8,908.4,0
2024-10-29 06:40:33,5,70,19.4,99,12.4,1024,1028.9,0,0,8,908.4,0
2024-10-29 06:45:33,5,70,19.4,96,12.5,1024.1,1029,0,0,8,908.4,0
2024-10-29 06:51:33,6,70,19.4,96,12.5,1024,1028.9,0,0,8,908.4,0
2024-10-29 06:56:33,5,70,19.4,96,12.5,1024.1,1029,0,0,8,908.4,0
2024-10-29 07:01:33,5,70,19.4,96,12.5,1024.2,1029.1,0,0,8,908.4,0
2024-10-29 07:07:33,6,70,19.4,99,12.4,1024.3,1029.2,0,0,8,908.4,0
2024-10-29 07:12:33,5,70,19.4,99,12.4,1024.3,1029.2,0,0,8,908.4,0
2024-10-29 07:17:33,5,70,19.4,99,12.3,1024.4,1029.3,0,0,8,908.4,0
2024-10-29 07:23:33,6,70,19.4,99,12.3,1024.4,1029.3,0,0,8,908.4,0
2024-10-29 07:28:33,5,70,19.4,99,12.2,1024.4,1029.3,0,0,8,908.4,0
2024-10-29 07:33:33,5,70,19.4,99,12.2,1024.4,1029.3,0,0,8,908.4,0
2024-10-29 07:39:33,6,70,19.4,99,12.2,1024.3,1029.2,0,0,8,908.4,0
2024-10-29 07:44:33,5,70,19.4,99,12.2,1024.4,1029.3,0,0,8,908.4,0
2024-10-29 07:49:33,5,70,19.4,99,12.2,1024.5,1029.4,0,0,8,908.4,0
2024-10-29 07:55:33,6,70,19.4,99,12.3,1024.6,1029.5,0,0,8,908.4,0
2024-10-29 08:00:33,5,70,19.4,99,12.3,1024.6,1029.5,0,0,8,908.4,0
2024-10-29 08:05:33,5,70,19.4,99,12.4,1024.5,1029.4,0,0,8,908.4,0
2024-10-29 08:11:33,6,70,19.4,96,12.5,1024.6,1029.5,0,0,8,908.4,0
2024-10-29 08:16:33,5,70,19.4,96,12.6,1024.7,1029.6,0,0,8,908.4,0
2024-10-29 08:21:33,5,70,19.4,96,12.6,1024.7,1029.6,0,0,8,908.4,0
2024-10-29 08:26:33,5,70,19.4,96,12.7,1024.8,1029.7,0,0,8,908.4,0
2024-10-29 08:31:33,5,70,19.4,97,12.8,1024.8,1029.7,0,0,8,908.4,0
2024-10-29 08:36:33,5,70,19.4,97,12.9,1024.8,1029.7,0,0,8,908.4,0
2024-10-29 08:41:33,5,70,19.4,97,13,1024.8,1029.7,0,0,8,908.4,0
2024-10-29 08:47:33,6,70,19.4,97,13,1024.9,1029.8,0,0,8,908.4,0
2024-10-29 08:52:33,5,70,19.4,97,12.9,1025,1029.9,0,0,8,908.4,0
2024-10-29 08:57:33,5,70,19.4,97,13,1025,1029.9,0,0,8,908.4,0
2024-10-29 09:02:33,5,70,19.4,97,13,1025,1029.9,0,0,8,908.4,0
2024-10-29 09:07:33,5,70,19.4,97,13,1025.1,1030,0,0,8,908.4,0
2024-10-29 09:12:33,5,70,19.4,97,13.1,1025,1029.9,0,0,8,908.4,0
2024-10-29 09:17:33,5,70,19.4,97,13.1,1024.9,1029.8,0,0,8,908.4,0
2024-10-29 09:22:33,5,70,19.5,97,13,1025.1,1030,0,0,8,908.4,0
2024-10-29 09:27:33,5,71,19.4,97,13,1025,1029.9,0,0,8,908.4,0
2024-10-29 09:32:33,5,71,19.6,97,13.3,1025.1,1030,0,0,8,908.4,0
2024-10-29 09:37:33,5,71,19.6,97,13.3,1025.2,1030.1,0,0,8,908.4,0
2024-10-29 09:42:33,5,71,19.7,97,13.5,1025.2,1030.1,0,0,8,908.4,0
2024-10-29 09:47:33,5,71,19.8,97,13.5,1025.3,1030.2,0,0,8,908.4,0
2024-10-29 09:52:33,5,71,19.8,97,13.4,1025.3,1030.2,0,0,8,908.4,0
2024-10-29 09:57:33,5,71,19.9,97,13.5,1025.3,1030.2,0,0,8,908.4,0
2024-10-29 10:02:33,5,71,19.9,97,13.6,1025.5,1030.4,0,0,8,908.4,0
2024-10-29 10:07:33,5,71,19.9,97,13.7,1025.3,1030.2,0,0,8,908.4,0
2024-10-29 10:12:33,5,70,20,97,14,1025.2,1030.1,0,0,8,908.4,0
2024-10-29 10:17:33,5,70,20,97,13.9,1025.4,1030.3,0,0,8,908.4,0
2024-10-29 10:22:33,5,70,20.1,97,13.8,1025.3,1030.2,0,0,8,908.4,0
2024-10-29 10:27:33,5,70,20.1,97,13.9,1025.2,1030.1,0,0,8,908.4,0
2024-10-29 10:32:33,5,70,20.2,97,13.9,1025.4,1030.3,0,0,8,908.4,0
2024-10-29 10:37:33,5,70,20.3,97,14,1025.5,1030.4,0,0,8,908.4,0
2024-10-29 10:42:33,5,70,20.3,97,14.1,1025.5,1030.4,0,0,8,908.4,0
2024-10-29 10:47:33,5,70,20.4,97,14.1,1025.7,1030.6,0,0,8,908.4,0
2024-10-29 10:52:33,5,70,20.4,97,14.1,1025.6,1030.5,0,0,8,908.4,0
2024-10-29 10:57:33,5,70,20.4,97,14,1025.5,1030.4,0,0,8,908.4,0
2024-10-29 11:02:33,5,70,20.5,97,14.2,1025.4,1030.3,0,0,8,908.4,0
2024-10-29 11:07:33,5,70,20.5,97,14.2,1025.5,1030.4,0,0,8,908.4,0
2024-10-29 11:12:33,5,69,20.5,97,14.2,1025.5,1030.4,0,0,8,908.4,0
2024-10-29 11:17:33,5,69,20.6,97,14.2,1025.6,1030.5,0,0,8,908.4,0
2024-10-29 11:22:33,5,69,20.6,97,14.3,1025.5,1030.4,0,0,8,908.4,0
2024-10-29 11:27:33,5,69,20.6,98,14.4,1025.5,1030.4,0,0,8,908.4,0
2024-10-29 11:32:33,5,69,20.6,98,14.4,1025.6,1030.5,0,0,8,908.4,0
2024-10-29 11:37:33,5,68,20.7,98,14.4,1025.5,1030.4,0,0,8,908.4,0
2024-10-29 11:42:33,5,68,20.7,98,14.4,1025.7,1030.6,0,0,8,908.4,0
2024-10-29 11:47:33,5,68,20.7,98,14.5,1025.8,1030.7,0,0,8,908.4,0
2024-10-29 11:52:33,5,68,20.7,98,14.5,1025.8,1030.7,0,0,8,908.4,0
2024-10-29 11:57:33,5,68,20.8,98,14.5,1025.5,1030.4,0,0,8,908.4,0
2024-10-29 12:02:33,5,68,20.8,98,14.6,1025.8,1030.7,0,0,8,908.4,0
2024-10-29 12:07:33,5,68,20.8,98,14.6,1025.8,1030.7,0,0,8,908.4,0
2024-10-29 12:12:33,5,68,20.8,98,14.6,1025.7,1030.6,0,0,8,908.4,0
2024-10-29 12:17:33,5,67,20.8,98,14.7,1025.8,1030.7,0,0,8,908.4,0
2024-10-29 12:22:33,5,67,20.8,98,14.8,1025.2,1030.1,0,0,8,908.4,0
2024-10-29 12:27:33,5,67,20.8,98,14.9,1025.1,1030,0,0,8,908.4,0
2024-10-29 12:32:33,5,67,20.8,98,15,1025.4,1030.3,0,0,8,908.4,0
2024-10-29 12:37:33,5,67,20.8,98,15.3,1025.6,1030.5,0,0,8,908.4,0
2024-10-29 12:42:33,5,67,20.9,98,15.3,1025.4,1030.3,0,0,8,908.4,0
2024-10-29 12:47:33,5,67,20.9,98,15.3,1025.5,1030.4,0,0,8,908.4,0
2024-10-29 12:52:33,5,67,20.9,98,15.6,1025.5,1030.4,0,0,8,908.4,0
2024-10-29 12:57:33,5,67,20.9,99,15.9,1025.5,1030.4,0,0,8,908.4,0
2024-10-29 13:02:33,5,67,20.9,99,16.4,1025.5,1030.4,0,0,8,908.4,0
2024-10-29 13:07:33,5,67,20.9,99,16,1025.5,1030.4,0,0,8,908.4,0
2024-10-29 13:12:33,5,67,20.9,99,15.5,1025.4,1030.3,0,0,8,908.4,0
2024-10-29 13:17:33,5,66,21,98,15.1,1025.4,1030.3,0,0,8,908.4,0
2024-10-29 13:22:33,5,67,20.9,98,14.9,1025.6,1030.5,0,0,8,908.4,0
2024-10-29 13:27:33,5,68,20.9,97,14.9,1025.4,1030.3,0,0,8,908.4,0
2024-10-29 13:32:33,5,68,20.8,97,15.3,1025.2,1030.1,0,0,8,908.4,0
2024-10-29 13:37:33,5,68,20.9,97,15.6,1025.2,1030.1,0,0,8,908.4,0
2024-10-29 13:42:33,5,68,20.8,95,15.5,1025.2,1030.1,0,0,8,908.4,0
2024-10-29 13:47:33,5,68,20.9,93,14.9,1025.3,1030.2,0,0,8,908.4,0
2024-10-29 13:52:33,5,68,20.9,90,14.4,1025.4,1030.3,0,0,8,908.4,0
2024-10-29 13:57:33,5,67,20.9,88,14.3,1025.3,1030.2,0,0,8,908.4,0
2024-10-29 14:02:33,5,66,21,86,14.4,1025.3,1030.2,0,0,10,908.4,0
2024-10-29 14:07:33,5,66,21.1,86,14.7,1025.4,1030.3,0,0,10,908.4,0
2024-10-29 14:12:33,5,66,21.1,85,14.9,1025.4,1030.3,0,0,10,908.4,0
2024-10-29 14:17:33,5,67,21.1,84,14.8,1025.3,1030.2,0,0,10,908.4,0
2024-10-29 14:22:33,5,66,21.1,82,14.6,1025.3,1030.2,0,0,10,908.4,0
2024-10-29 14:27:33,5,66,21.1,82,14.6,1025.3,1030.2,0,0,10,908.4,0
2024-10-29 14:32:33,5,66,21.1,82,14.7,1025.1,1030,0,0,10,908.4,0
2024-10-29 14:37:33,5,66,21.1,82,14.6,1025,1029.9,0,0,10,908.4,0
2024-10-29 14:42:33,5,66,21.1,82,14.6,1025,1029.9,0,0,10,908.4,0
2024-10-29 14:47:33,5,66,21.1,82,14.6,1025,1029.9,0,0,10,908.4,0
2024-10-29 14:52:33,5,66,21,82,14.5,1025.2,1030.1,0,0,10,908.4,0
2024-10-29 14:57:33,5,66,21.1,81,14.5,1025.2,1030.1,0,0.3,10,908.4,0
2024-10-29 15:02:33,5,66,21,82,14.6,1025.3,1030.2,0,0,10,908.4,0
2024-10-29 15:07:33,5,66,21.1,81,14.4,1025.2,1030.1,0.3,0.7,10,908.4,0
2024-10-29 15:12:33,5,66,21.1,81,14.4,1025.2,1030.1,0.3,0.7,10,908.4,0
2024-10-29 15:17:33,5,66,21.1,81,14.3,1025.2,1030.1,0.7,1,10,908.4,0
2024-10-29 15:22:33,5,66,21.1,81,14.3,1025,1029.9,0.3,1,10,908.4,0
2024-10-29 15:27:33,5,66,21.1,81,14.3,1025.1,1030,0.3,0.7,10,908.4,0
2024-10-29 15:32:33,5,66,21,81,14.3,1025.2,1030.1,0.7,0.7,10,908.4,0
2024-10-29 15:37:33,5,66,21.1,81,14.3,1025.2,1030.1,0,0.3,10,908.4,0
2024-10-29 15:42:33,5,66,21.1,81,14.2,1025.1,1030,0.3,0.7,10,908.4,0
2024-10-29 15:47:33,5,66,21.1,81,14.2,1025.2,1030.1,0.7,1,10,908.4,0
2024-10-29 15:52:33,5,66,21.1,81,14.2,1025.2,1030.1,0.3,0.3,10,908.4,0
2024-10-29 15:57:33,5,66,21.1,81,14.1,1025.1,1030,0.3,0.7,10,908.4,0
2024-10-29 16:02:33,5,66,21.1,81,14.1,1025.5,1030.4,0.7,1,10,908.4,0
2024-10-29 16:07:33,5,65,21.1,81,14.1,1025.3,1030.2,0.3,0.7,10,908.4,0
2024-10-29 16:12:33,5,65,21.1,82,14,1025.4,1030.3,0.7,1.4,10,908.4,0
2024-10-29 16:17:33,5,65,21.1,82,13.9,1025.4,1030.3,0.7,1,10,908.4,0
2024-10-29 16:22:33,5,66,21.1,82,13.9,1025.6,1030.5,0,0.3,10,908.4,0
2024-10-29 16:27:33,5,66,21.1,82,13.8,1025.5,1030.4,0.7,1,10,908.4,0
2024-10-29 16:32:33,5,66,21.1,82,13.8,1025.5,1030.4,0.3,0.7,10,908.4,0
2024-10-29 16:37:33,5,65,21.1,83,13.7,1025.7,1030.6,0.3,0.7,10,908.4,0
2024-10-29 16:42:33,5,65,21.1,83,13.7,1025.7,1030.6,0.7,1,10,908.4,0
2024-10-29 16:47:33,5,65,21.1,83,13.6,1025.8,1030.7,0.3,0.7,10,908.4,0
2024-10-29 16:52:33,5,65,21.1,83,13.6,1025.8,1030.7,0.7,1,10,908.4,0
2024-10-29 16:57:33,5,65,21.1,84,13.5,1025.8,1030.7,0.3,0.7,10,908.4,0
2024-10-29 17:02:33,5,65,21.1,84,13.4,1025.7,1030.6,0.3,0.7,10,908.4,0
2024-10-29 17:07:33,5,65,21.1,84,13.2,1025.9,1030.8,0.3,0.7,10,908.4,0
2024-10-29 17:12:33,5,65,21.1,84,13.2,1025.9,1030.8,0.3,0.7,10,908.4,0
2024-10-29 17:17:33,5,65,21.1,85,13.1,1025.8,1030.7,0.3,0.3,10,908.4,0
2024-10-29 17:22:33,5,65,21.1,85,13,1025.9,1030.8,0,0,10,908.4,0
2024-10-29 17:27:33,5,65,21,85,13,1025.9,1030.8,0,0,10,908.4,0
2024-10-29 17:32:33,5,65,21,86,13,1026.1,1031,0,0,10,908.4,0
2024-10-29 17:37:33,5,66,20.9,86,13,1025.9,1030.8,0,0,10,908.4,0
2024-10-29 17:42:33,5,66,20.9,86,12.9,1026.2,1031.1,0,0,10,908.4,0
2024-10-29 17:47:33,5,66,20.8,86,12.9,1026.3,1031.2,0,0,10,908.4,0
2024-10-29 17:52:33,5,66,20.8,87,12.9,1026.4,1031.3,0.3,0.7,10,908.4,0
2024-10-29 17:57:33,5,66,20.8,87,12.9,1026.5,1031.4,0,0,10,908.4,0
2024-10-29 18:02:33,5,66,20.7,87,12.9,1026.5,1031.4,0,0,10,908.4,0
2024-10-29 18:07:33,5,66,20.7,87,12.9,1026.4,1031.3,0,0,10,908.4,0
2024-10-29 18:12:33,5,66,20.7,88,12.9,1026.4,1031.3,0,0,,908.4,0
2024-10-29 18:17:33,5,66,20.7,88,12.9,1026.6,1031.5,0,0,,908.4,0
2024-10-29 18:22:33,5,66,20.6,88,12.9,1026.3,1031.2,0,0,,908.4,0
2024-10-29 18:27:33,5,66,20.6,88,12.8,1026.3,1031.2,0,0,,908.4,0
2024-10-29 18:32:33,5,66,20.5,88,12.8,1026.3,1031.2,0,0,,908.4,0
2024-10-29 18:37:33,5,66,20.5,89,12.7,1026.6,1031.5,0,0,,908.4,0
2024-10-29 18:42:33,5,66,20.4,89,12.7,1026.6,1031.5,0,0,,908.4,0
2024-10-29 18:47:33,5,66,20.4,89,12.7,1026.6,1031.5,0,0,,908.4,0
2024-10-29 18:52:33,5,66,20.4,89,12.7,1026.7,1031.6,0,0,,908.4,0
2024-10-29 18:57:33,5,66,20.3,89,12.7,1026.8,1031.7,0,0,,908.4,0
2024-10-29 19:02:33,5,66,20.3,90,12.8,1026.6,1031.5,0,0,,908.4,0
2024-10-29 19:07:33,5,66,20.3,90,12.8,1026.5,1031.4,0,0,,908.4,0
2024-10-29 19:12:33,5,66,20.3,90,12.8,1026.5,1031.4,0,0,,908.4,0
2024-10-29 19:17:33,5,66,20.2,90,12.8,1026.6,1031.5,0,0,,908.4,0
2024-10-29 19:22:33,5,66,20.2,90,12.7,1026.6,1031.5,0,0,,908.4,0
2024-10-29 19:27:33,5,66,20.2,90,12.8,1026.6,1031.5,0,0,10,908.4,0
2024-10-29 19:32:33,5,66,20.2,90,12.8,1026.6,1031.5,0,0,10,908.4,0
2024-10-29 19:37:33,5,66,20.2,90,12.8,1026.6,1031.5,0,0,10,908.4,0
2024-10-29 19:42:33,5,66,20.2,90,12.8,1026.8,1031.7,0,0,10,908.4,0
2024-10-29 19:47:33,5,66,20.1,90,12.8,1026.9,1031.8,0,0,10,908.4,0
2024-10-29 19:52:33,5,66,20.1,91,12.8,1026.8,1031.7,0,0,10,908.4,0
2024-10-29 19:57:33,5,67,20.1,91,12.9,1027,1031.9,0,0,10,908.4,0
2024-10-29 20:02:33,5,68,20.2,91,12.9,1027,1031.9,0,0,10,908.4,0
2024-10-29 20:07:33,5,68,20.2,91,13,1026.9,1031.8,0,0,10,908.4,0
2024-10-29 20:12:33,5,68,20.3,91,13,1026.7,1031.6,0,0,10,908.4,0
2024-10-29 20:17:33,5,68,20.4,91,13,1026.7,1031.6,0,0,10,908.4,0
2024-10-29 20:22:33,5,68,20.5,91,13,1026.7,1031.6,0,0,10,908.4,0
2024-10-29 20:27:33,5,68,20.5,91,13,1026.6,1031.5,0,0,10,908.4,0
2024-10-29 20:32:33,5,67,20.6,91,13,1026.7,1031.6,0,0,10,908.4,0
2024-10-29 20:37:33,5,67,20.6,91,13.1,1026.7,1031.6,0.3,0.7,10,908.4,0
2024-10-29 20:42:33,5,67,20.7,92,13.1,1026.6,1031.5,0,0,10,908.4,0
2024-10-29 20:47:33,5,67,20.7,92,13.1,1026.7,1031.6,0,0,10,908.4,0
2024-10-29 20:52:33,5,67,20.8,92,13.1,1026.8,1031.7,0,0,10,908.4,0
2024-10-29 20:57:33,5,67,20.8,92,13.1,1026.7,1031.6,0,0,10,908.4,0
2024-10-29 21:02:33,5,67,20.9,92,13.1,1026.7,1031.6,0,0.3,10,908.4,0
2024-10-29 21:07:33,5,67,20.9,92,13,1026.6,1031.5,0,0,10,908.4,0
2024-10-29 21:12:33,5,66,21,92,13,1026.7,1031.6,0.3,0.7,10,908.4,0
2024-10-29 21:17:33,5,66,21,92,13.1,1026.7,1031.6,0,0,10,908.4,0
2024-10-29 21:22:33,5,66,21,92,13.1,1026.6,1031.5,0,0,10,908.4,0
2024-10-29 21:27:33,5,66,21,92,13.1,1026.6,1031.5,0,0,10,908.4,0
2024-10-29 21:32:33,5,66,21,92,13.1,1026.6,1031.5,0,0,10,908.4,0
2024-10-29 21:37:33,5,66,21.1,93,13.1,1026.7,1031.6,0,0,10,908.4,0
2024-10-29 21:42:33,5,66,21,93,13.1,1026.7,1031.6,0,0,10,908.4,0
2024-10-29 21:47:33,5,66,21,93,13.1,1026.7,1031.6,0,0,10,908.4,0
2024-10-29 21:52:33,5,65,21.1,93,13.1,1026.6,1031.5,0,0,10,908.4,0
2024-10-29 21:57:33,5,65,21.1,93,13.1,1026.8,1031.7,0,0,10,908.4,0
2024-10-29 22:02:33,5,65,21.1,93,13,1026.9,1031.8,0,0,10,908.4,0
2024-10-29 22:07:33,5,65,21.1,93,12.9,1026.9,1031.8,0,0,10,908.4,0
2024-10-29 22:12:33,5,65,21.1,93,13,1027,1031.9,0,0,10,908.4,0
2024-10-29 22:17:33,5,65,21.1,93,13,1026.9,1031.8,0,0,10,908.4,0
2024-10-29 22:22:33,5,65,21,93,13,1026.9,1031.8,0,0,10,908.4,0
2024-10-29 22:27:33,5,65,21,93,13.1,1026.9,1031.8,0,0,10,908.4,0
2024-10-29 22:32:33,5,65,21,93,13.1,1027.1,1032,0.3,0.7,8,908.4,0
2024-10-29 22:37:33,5,65,21,93,13.1,1027,1031.9,0,0,8,908.4,0
2024-10-29 22:42:33,5,66,20.9,93,13.1,1027.1,1032,0,0,8,908.4,0
2024-10-29 22:47:33,5,66,20.8,93,13.1,1027.2,1032.1,0,0,8,908.4,0
2024-10-29 22:52:33,5,66,20.8,94,13.1,1027.1,1032,0,0,8,908.4,0
2024-10-29 22:57:33,5,66,20.8,94,13.1,1027.1,1032,0,0,8,908.4,0
2024-10-29 23:02:33,5,67,20.7,94,13.1,1027.2,1032.1,0,0,8,908.4,0
2024-10-29 23:07:33,5,67,20.7,94,13.1,1027.2,1032.1,0,0,8,908.4,0
2024-10-29 23:12:33,5,67,20.7,94,13.1,1027.2,1032.1,0,0,8,908.4,0
2024-10-29 23:17:33,5,67,20.6,94,13.1,1027.2,1032.1,0,0,8,908.4,0
2024-10-29 23:22:33,5,67,20.6,94,13.2,1027.2,1032.1,0,0,8,908.4,0
2024-10-29 23:27:33,5,67,20.6,94,13.1,1027.1,1032,0,0,8,908.4,0
2024-10-29 23:32:33,5,67,20.5,94,13,1027.2,1032.1,0,0,8,908.4,0
2024-10-29 23:37:33,5,67,20.5,94,13,1027.3,1032.2,0,0,8,908.4,0
2024-10-29 23:42:33,5,67,20.5,94,13,1027.4,1032.3,0,0,8,908.4,0
2024-10-29 23:47:33,5,67,20.5,94,13,1027.2,1032.1,0,0,8,908.4,0
2024-10-29 23:52:33,5,67,20.5,94,12.9,1027.3,1032.2,0,0,8,908.4,0
2024-10-29 23:57:33,5,67,20.5,94,12.9,1027.3,1032.2,0,0,8,908.4,0
