2015-11-13 00:03:47,5,67,20,77,4.8,1003.2,1008.1,3.4,4.4,8,180.6,0
2015-11-13 00:08:47,5,67,19.9,77,4.8,1003.3,1008.2,3.4,5.1,8,180.6,0
2015-11-13 00:13:47,5,66,20,76,4.9,1003.5,1008.4,3.1,4.8,10,180.6,0
2015-11-13 00:18:47,5,66,20,75,5,1003.4,1008.3,3.7,4.4,10,180.6,0
2015-11-13 00:23:47,5,67,19.9,75,4.9,1003.6,1008.5,2.4,3.1,9,180.6,0
2015-11-13 00:28:47,5,67,19.9,75,4.9,1003.5,1008.4,2.4,4.1,10,180.6,0
2015-11-13 00:33:47,5,67,19.9,74,5.1,1003.7,1008.6,1.4,2,9,180.6,0
2015-11-13 00:38:47,5,67,19.9,74,5.2,1003.6,1008.5,2,3.7,14,180.6,0
2015-11-13 00:43:47,5,65,20,74,5.3,1003.7,1008.6,2.7,4.1,11,180.6,0
2015-11-13 00:48:47,5,66,19.9,73,5.3,1003.7,1008.6,2,2.7,10,180.6,0
2015-11-13 00:53:47,5,65,20,73,5.2,1003.8,1008.7,1.7,3.1,10,180.6,0
2015-11-13 00:58:47,5,66,19.9,73,5.2,1003.7,1008.6,1.4,2,10,180.6,0
2015-11-13 01:03:47,5,66,19.9,73,5.2,1003.8,1008.7,2,2.7,8,180.6,0
2015-11-13 01:08:47,5,66,19.9,73,5.1,1003.6,1008.5,1.7,2.7,8,180.6,0
2015-11-13 01:13:47,5,66,19.9,74,4.9,1003.5,1008.4,2,3.1,10,180.6,0
2015-11-13 01:18:47,5,66,19.9,74,4.8,1003.7,1008.6,1.7,2.7,8,180.6,0
2015-11-13 01:23:47,5,66,19.9,74,4.8,1003.8,1008.7,2.4,3.7,8,180.6,0
2015-11-13 01:28:47,5,66,19.9,75,4.8,1003.6,1008.5,2,2.7,10,180.6,0
2015-11-13 01:33:47,5,66,19.9,75,4.9,1003.5,1008.4,2.4,3.7,8,180.6,0
2015-11-13 01:38:47,5,66,19.9,74,5,1003.6,1008.5,2.4,3.1,10,180.6,0
2015-11-13 01:43:47,5,66,19.8,74,5.1,1003.6,1008.5,1.7,2.4,8,180.6,0
2015-11-13 01:48:47,5,66,19.8,74,5,1003.7,1008.6,1.7,3.1,8,180.6,0
2015-11-13 01:53:47,5,66,19.8,75,4.9,1003.7,1008.6,2.4,3.1,10,180.6,0
2015-11-13 01:58:47,5,65,19.8,75,4.9,1003.7,1008.6,2.7,3.7,10,180.6,0
2015-11-13 02:03:47,5,65,19.7,74,5.2,1003.7,1008.6,3.4,5.1,8,180.6,0
2015-11-13 02:08:47,5,65,19.7,73,5.5,1003.8,1008.7,4.1,4.8,8,180.6,0
2015-11-13 02:13:47,5,65,19.7,72,5.7,1003.8,1008.7,3.1,5.1,8,180.6,0
2015-11-13 02:18:47,5,65,19.7,72,5.8,1003.7,1008.6,4.8,6.8,8,180.6,0
2015-11-13 02:23:47,5,65,19.7,70,6,1003.6,1008.5,6.1,7.5,8,180.6,0
2015-11-13 02:28:47,5,65,19.7,69,5.9,1003.5,1008.4,5.8,7.8,11,180.6,0
2015-11-13 02:33:47,5,65,19.7,69,5.8,1003.7,1008.6,4.8,7.5,10,180.6,0
2015-11-13 02:38:47,5,65,19.7,69,5.7,1003.9,1008.8,2.7,3.7,10,180.6,0
2015-11-13 02:43:47,5,65,19.7,68,5.7,1003.9,1008.8,4.8,6.5,10,180.6,0
2015-11-13 02:48:47,5,65,19.7,69,5.6,1003.9,1008.8,3.4,4.8,10,180.6,0
2015-11-13 02:53:47,5,65,19.6,69,5.6,1003.9,1008.8,2.7,4.8,10,180.6,0
2015-11-13 02:58:47,5,65,19.6,69,5.5,1004.1,1009,2.7,3.7,8,180.6,0
2015-11-13 03:03:47,5,65,19.6,70,5.5,1004.1,1009,3.7,7.5,10,180.6,0
2015-11-13 03:08:47,5,64,19.6,70,5.4,1004,1008.9,5.1,7.1,10,180.6,0
2015-11-13 03:13:47,5,64,19.6,70,5.3,1004.4,1009.3,3.4,5.1,10,180.6,0
2015-11-13 03:18:47,5,64,19.6,71,5,1004.3,1009.2,4.4,5.8,12,180.9,0
2015-11-13 03:23:47,5,64,19.6,74,4.7,1004.2,1009.1,1.7,3.1,10,180.9,0
2015-11-13 03:28:47,5,64,19.6,75,4.7,1004.1,1009,2,3.7,10,180.9,0
2015-11-13 03:33:47,5,64,19.6,75,4.9,1004,1008.9,2.7,4.4,10,180.9,0
2015-11-13 03:38:47,5,64,19.6,75,5,1004.2,1009.1,1.7,3.4,10,180.9,0
2015-11-13 03:43:47,5,64,19.6,75,5,1004.1,1009,2.4,3.4,10,180.9,0
2015-11-13 03:48:47,5,64,19.6,76,4.9,1003.9,1008.8,1.7,2.4,8,180.9,0
2015-11-13 03:53:47,5,64,19.5,76,4.9,1004,1008.9,2.4,3.7,10,180.9,0
2015-11-13 03:58:47,5,64,19.5,76,4.9,1004,1008.9,2.4,3.4,8,181.2,0
2015-11-13 04:03:47,5,64,19.5,76,4.9,1004.4,1009.3,2,3.1,8,181.5,0
2015-11-13 04:08:47,5,64,19.5,76,4.9,1004.2,1009.1,3.4,5.1,1,181.5,0
2015-11-13 04:13:47,5,64,19.5,76,4.7,1004.1,1009,1.4,2.4,10,181.8,0
2015-11-13 04:18:47,5,64,19.5,76,4.6,1004.1,1009,3.4,5.8,8,181.8,0
2015-11-13 04:23:47,5,64,19.5,76,4.7,1004.3,1009.2,4.1,5.1,10,181.8,0
2015-11-13 04:28:47,5,64,19.5,76,4.7,1004.1,1009,3.4,4.8,10,181.8,0
2015-11-13 04:33:47,5,64,19.5,76,4.7,1003.9,1008.8,2.7,4.8,10,181.8,0
2015-11-13 04:38:47,5,64,19.5,76,4.7,1004.2,1009.1,2.7,3.4,8,181.8,0
2015-11-13 04:43:47,5,64,19.4,76,4.7,1004,1008.9,3.4,4.4,8,181.8,0
2015-11-13 04:48:47,5,64,19.4,77,4.7,1003.8,1008.7,4.1,6.8,10,182.1,0
2015-11-13 04:53:47,5,64,19.4,76,4.8,1004.3,1009.2,3.7,4.8,8,182.1,0
2015-11-13 04:58:47,5,64,19.4,76,4.7,1004.8,1009.7,6.1,8.2,10,182.4,0
2015-11-13 05:03:47,5,64,19.4,76,4.6,1004.9,1009.8,2.7,4.1,14,182.4,0
2015-11-13 05:08:47,5,64,19.4,75,4.5,1004.9,1009.8,2.4,3.4,10,182.4,0
2015-11-13 05:13:47,5,64,19.4,75,4.5,1004.9,1009.8,2.7,3.7,10,182.4,0
2015-11-13 05:18:47,5,64,19.4,75,4.5,1004.9,1009.8,3.1,4.1,14,182.4,0
2015-11-13 05:23:47,5,64,19.4,74,4.4,1004.9,1009.8,1.7,3.7,10,182.4,0
2015-11-13 05:28:47,5,64,19.4,74,4.6,1004.9,1009.8,2.4,3.4,10,182.4,0
2015-11-13 05:33:47,5,64,19.3,73,4.5,1005,1009.9,1.4,2,10,182.4,0
2015-11-13 05:38:47,5,64,19.3,73,4.5,1005.2,1010.1,1.7,2.4,10,182.4,0
2015-11-13 05:43:47,5,64,19.3,74,4.4,1005.4,1010.3,2.4,3.4,14,182.4,0
2015-11-13 05:48:47,5,64,19.3,74,4.6,1005.4,1010.3,4.4,5.8,10,182.4,0
2015-11-13 05:53:47,5,64,19.3,72,4.8,1005.5,1010.4,2.4,3.7,10,182.4,0
2015-11-13 05:58:47,5,64,19.3,71,4.8,1005.5,1010.4,3.1,4.1,12,182.4,0
2015-11-13 06:03:47,5,64,19.3,71,4.8,1005.8,1010.7,3.4,4.4,12,182.4,0
2015-11-13 06:08:47,5,64,19.3,71,4.9,1006.1,1011,3.4,4.8,10,182.4,0
2015-11-13 06:13:47,5,64,19.3,70,5,1006.1,1011,4.8,6.1,14,182.4,0
2015-11-13 06:18:47,5,63,19.3,69,5.1,1005.9,1010.8,4.1,5.4,12,182.4,0
2015-11-13 06:23:47,5,63,19.3,68,5,1005.7,1010.6,2.4,3.7,,182.4,0
2015-11-13 06:28:47,5,63,19.2,68,4.9,1005.8,1010.7,2.7,3.7,12,182.4,0
2015-11-13 06:33:47,5,63,19.2,67,4.7,1005.8,1010.7,1.4,2.4,12,182.4,0
2015-11-13 06:38:47,5,63,19.2,67,4.5,1005.6,1010.5,1.4,2,12,182.4,0
2015-11-13 06:43:47,5,63,19.2,68,4.2,1005.7,1010.6,1.4,2,10,182.4,0
2015-11-13 06:48:47,5,63,19.2,69,4,1005.7,1010.6,2,3.1,10,182.4,0
2015-11-13 06:53:47,5,63,19.2,70,4,1005.9,1010.8,2.7,4.4,9,182.4,0
2015-11-13 06:58:47,5,63,19.2,71,4,1005.9,1010.8,2.4,2.7,8,182.4,0
2015-11-13 07:03:47,5,63,19.2,73,3.9,1006,1010.9,1.4,2.4,10,182.4,0
2015-11-13 07:08:47,5,63,19.3,73,3.9,1006.1,1011,1.7,2.7,14,182.4,0
2015-11-13 07:13:47,5,63,19.3,73,3.8,1006.2,1011.1,3.1,4.4,10,182.4,0
2015-11-13 07:18:47,5,63,19.3,74,3.7,1006.3,1011.2,2,3.1,10,182.4,0
2015-11-13 07:23:47,5,63,19.1,74,3.5,1006.3,1011.2,1.4,2,9,182.4,0
2015-11-13 07:28:47,5,63,19.1,74,3.5,1006.5,1011.4,2.4,3.1,8,182.4,0
2015-11-13 07:33:47,5,63,19.1,74,3.6,1006.6,1011.5,2,3.1,8,182.4,0
2015-11-13 07:38:47,5,63,19.1,75,3.7,1006.6,1011.5,2,2.7,10,182.4,0
2015-11-13 07:43:47,5,61,19.1,75,3.9,1006.6,1011.5,3.1,4.8,8,182.4,0
2015-11-13 07:48:47,5,61,19.1,74,4.2,1006.7,1011.6,2,3.4,15,182.4,0
2015-11-13 07:53:47,5,61,19.1,73,4.3,1007.1,1012,3.4,4.4,12,182.4,0
2015-11-13 07:58:47,5,61,19.1,72,4.6,1007.4,1012.3,2.7,5.1,14,182.4,0
2015-11-13 08:03:47,5,61,19.1,70,4.7,1007.6,1012.5,3.4,4.4,12,182.4,0
2015-11-13 08:08:47,5,61,19,70,4.5,1007.1,1012,2.4,3.4,12,182.7,0
2015-11-13 08:13:47,5,61,19,71,4.5,1007.4,1012.3,3.7,6.1,12,182.7,0
2015-11-13 08:18:47,5,61,19,72,4.6,1007.5,1012.4,2.7,3.4,10,182.7,0
2015-11-13 08:23:47,5,61,19,73,4.8,1007.6,1012.5,1.4,2,10,182.7,0
2015-11-13 08:28:47,5,61,19,73,4.8,1007.9,1012.8,4.4,8.5,10,182.7,0
2015-11-13 08:33:47,5,61,19,73,4.8,1007.7,1012.6,3.4,7.5,8,182.7,0
2015-11-13 08:38:47,5,61,19,72,4.6,1007.7,1012.6,4.8,6.5,14,182.7,0
2015-11-13 08:43:47,5,62,18.9,71,4.6,1007.6,1012.5,5.1,6.1,10,182.7,0
2015-11-13 08:48:47,5,63,18.9,71,4.6,1007.7,1012.6,2.7,3.7,8,182.7,0
2015-11-13 08:53:47,5,63,18.9,71,4.5,1007.7,1012.6,3.1,4.1,8,182.7,0
2015-11-13 08:58:47,5,63,18.9,72,4.3,1007.7,1012.6,2.4,3.4,10,182.7,0
2015-11-13 09:03:47,5,63,18.9,73,4.3,1007.9,1012.8,2,2.7,10,182.7,0
2015-11-13 09:08:47,5,63,18.9,74,4.4,1008,1012.9,2.4,3.4,10,182.7,0
2015-11-13 09:13:47,5,63,18.9,74,4.6,1007.9,1012.8,4.4,6.5,8,182.7,0
2015-11-13 09:18:47,5,63,18.9,74,4.5,1008,1012.9,3.7,5.8,4,182.7,0
2015-11-13 09:23:47,5,62,19,74,4.3,1008.2,1013.1,2.4,3.7,11,182.7,0
2015-11-13 09:28:47,5,62,19,74,4.3,1008.3,1013.2,2.7,4.4,10,183,0
2015-11-13 09:33:47,5,63,18.8,74,4.3,1008.2,1013.1,5.1,6.1,9,183.3,0
2015-11-13 09:38:47,5,63,18.8,75,4.2,1008.3,1013.2,3.1,3.7,8,183.3,0
2015-11-13 09:43:47,5,63,18.8,75,4.3,1008.3,1013.2,1.7,2.7,12,183.3,0
2015-11-13 09:48:47,5,63,18.8,75,4.3,1008.5,1013.4,2.4,3.1,12,183.6,0
2015-11-13 09:53:47,5,63,18.8,75,4.2,1008.7,1013.6,2.7,3.4,12,183.9,0
2015-11-13 09:58:47,5,63,18.8,76,4.3,1009,1013.9,3.1,4.1,10,183.9,0
2015-11-13 10:03:47,5,63,18.8,76,4.5,1009,1013.9,3.7,5.8,14,183.9,0
2015-11-13 10:08:47,5,63,18.8,76,4.8,1009.4,1014.3,2.7,5.1,12,183.9,0
2015-11-13 10:13:47,5,63,18.8,76,4.9,1009.4,1014.3,3.4,4.8,12,183.9,0
2015-11-13 10:18:47,5,63,18.8,76,4.9,1009.8,1014.7,2.7,3.7,14,183.9,0
2015-11-13 10:23:47,5,63,18.8,75,4.9,1009.9,1014.8,1.7,2,10,183.9,0
2015-11-13 10:28:47,5,63,18.8,74,5.1,1010,1014.9,1.7,2.7,9,183.9,0
2015-11-13 10:33:47,5,63,18.8,74,5.3,1010,1014.9,2.4,2.7,10,183.9,0
2015-11-13 10:38:47,5,63,18.8,74,5.5,1010.2,1015.1,2.4,3.7,14,183.9,0
2015-11-13 10:43:47,5,63,18.8,74,5.7,1010.2,1015.1,3.4,4.4,10,183.9,0
2015-11-13 10:48:47,5,62,19,74,5.9,1010.4,1015.3,3.4,4.4,12,183.9,0
2015-11-13 10:53:47,5,62,19,72,6.1,1010.3,1015.2,3.4,6.1,10,183.9,0
2015-11-13 10:58:47,5,62,19,72,6.1,1010.4,1015.3,4.4,5.8,12,183.9,0
2015-11-13 11:03:47,5,63,18.9,71,6.3,1010.4,1015.3,2.7,3.7,12,183.9,0
2015-11-13 11:08:47,5,63,18.9,70,6.5,1010.6,1015.5,2.4,3.4,14,183.9,0
2015-11-13 11:13:47,5,63,18.9,70,6.5,1010.6,1015.5,1.4,2.4,2,183.9,0
2015-11-13 11:18:47,5,63,18.9,69,6.3,1010.8,1015.7,2.4,3.4,10,183.9,0
2015-11-13 11:23:47,5,62,19,68,6.1,1010.7,1015.6,2,3.4,11,183.9,0
2015-11-13 11:28:47,5,62,19,68,6,1010.9,1015.8,2.4,3.1,10,183.9,0
2015-11-13 11:33:47,5,62,19,69,6,1010.8,1015.7,0.7,1.4,12,183.9,0
2015-11-13 11:38:47,5,62,19,70,6.4,1011,1015.9,2.4,2.7,12,183.9,0
2015-11-13 11:43:47,5,62,19,70,6.8,1010.8,1015.7,1,1.7,10,183.9,0
2015-11-13 11:48:47,5,62,19,70,7.1,1010.8,1015.7,2.4,3.4,10,183.9,0
2015-11-13 11:53:47,5,62,19,69,7.5,1011,1015.9,2.4,3.4,10,183.9,0
2015-11-13 11:58:47,5,62,19,68,7.4,1011,1015.9,2.7,4.8,10,183.9,0
2015-11-13 12:03:47,5,62,19.1,62,7.8,1010.9,1015.8,3.4,4.1,10,183.9,0
2015-11-13 12:08:47,5,62,19.1,61,7.8,1011.1,1016,4.8,6.1,12,183.9,0
2015-11-13 12:13:47,5,62,19.2,61,7.6,1011.1,1016,3.1,3.7,14,183.9,0
2015-11-13 12:18:47,5,62,19.1,61,7.5,1011.1,1016,2.4,3.7,12,183.9,0
2015-11-13 12:23:47,5,62,19.2,61,7.6,1011.3,1016.2,3.7,5.1,9,183.9,0
2015-11-13 12:28:47,5,62,19.3,61,7.8,1011.4,1016.3,4.1,7.5,11,183.9,0
2015-11-13 12:33:47,5,62,19.3,62,7.6,1011.3,1016.2,2.4,3.7,10,183.9,0
2015-11-13 12:38:47,5,62,19.4,63,7.4,1011.3,1016.2,3.1,4.1,10,183.9,0
2015-11-13 12:43:47,5,62,19.4,65,8,1011.2,1016.1,2,3.1,10,183.9,0
2015-11-13 12:48:47,5,62,19.5,65,8.8,1011.2,1016.1,1.7,2.7,12,183.9,0
2015-11-13 12:53:47,5,62,19.5,63,9.1,1011.4,1016.3,3.1,4.1,10,183.9,0
2015-11-13 12:58:47,5,62,19.6,64,9.2,1011.3,1016.2,3.1,5.1,14,183.9,0
2015-11-13 13:03:47,5,62,19.6,63,9.4,1011.2,1016.1,3.1,3.7,10,183.9,0
2015-11-13 13:08:47,5,62,19.7,60,9.5,1011.2,1016.1,2.7,4.4,8,183.9,0
2015-11-13 13:13:47,5,62,19.7,59,9.4,1011.4,1016.3,3.7,5.8,12,183.9,0
2015-11-13 13:18:47,5,62,19.9,59,9.5,1011.3,1016.2,5.4,6.8,10,183.9,0
2015-11-13 13:23:47,5,62,19.9,59,9.3,1011.5,1016.4,5.1,7.1,14,183.9,0
2015-11-13 13:28:47,5,62,19.9,60,9,1011.3,1016.2,2.7,4.1,10,183.9,0
2015-11-13 13:33:47,5,61,20,60,9.1,1011.6,1016.5,4.1,6.5,9,183.9,0
2015-11-13 13:38:47,5,61,20,59,9.1,1011.7,1016.6,4.4,7.1,12,183.9,0
2015-11-13 13:43:47,5,61,20,58,8.7,1011.9,1016.8,3.4,5.1,12,183.9,0
2015-11-13 13:48:47,5,61,20,57,8.4,1011.8,1016.7,4.4,5.8,10,183.9,0
2015-11-13 13:53:47,5,61,20,56,8.3,1012,1016.9,4.8,6.1,12,183.9,0
2015-11-13 13:58:47,5,60,20,55,8.4,1011.7,1016.6,4.1,5.1,10,183.9,0
2015-11-13 14:03:47,5,60,20.1,56,8.5,1011.7,1016.6,5.1,8.5,10,183.9,0
2015-11-13 14:08:47,5,60,20.1,57,8.5,1011.9,1016.8,5.4,10.2,12,183.9,0
2015-11-13 14:13:47,5,60,20.1,58,8.4,1012.2,1017.1,4.4,6.1,10,183.9,0
2015-11-13 14:18:47,5,60,20.1,62,7.9,1012.3,1017.2,5.1,6.5,10,184.2,0
2015-11-13 14:23:47,5,60,20.1,63,7.5,1012.4,1017.3,4.1,5.8,10,184.2,0
2015-11-13 14:28:47,5,60,20.1,62,7.3,1012.2,1017.1,4.4,6.1,10,184.2,0
2015-11-13 14:33:47,5,60,20.1,61,7.4,1012.4,1017.3,3.1,4.8,10,184.2,0
2015-11-13 14:38:47,5,60,20.1,59,7.9,1012.3,1017.2,2.4,5.4,10,184.2,0
2015-11-13 14:44:47,6,60,20.2,58,8,1012.4,1017.3,3.1,4.1,12,184.2,0
2015-11-13 14:49:47,5,59,20.2,60,7.8,1012.3,1017.2,2.7,4.4,12,184.2,0
2015-11-13 14:54:47,5,59,20.3,59,7.9,1012.5,1017.4,2.7,3.4,14,184.2,0
2015-11-13 14:59:47,5,59,20.3,59,7.7,1012.5,1017.4,4.1,6.5,10,184.2,0
2015-11-13 15:04:47,5,59,20.4,61,7.7,1012.4,1017.3,2.7,3.7,14,184.2,0
2015-11-13 15:09:47,5,59,20.4,61,7.8,1012.4,1017.3,2.7,5.4,10,184.2,0
2015-11-13 15:14:47,5,58,20.4,61,7.5,1012.6,1017.5,2.4,4.1,8,184.2,0
2015-11-13 15:20:47,6,58,20.4,62,7.3,1013.7,1018.6,8.5,14.6,10,184.2,0
2015-11-13 15:25:47,5,58,20.4,68,5.4,1013.4,1018.3,4.8,7.5,10,184.5,0
2015-11-13 15:30:47,5,58,20.4,73,4.8,1013.5,1018.4,2.4,3.7,10,184.5,0
2015-11-13 15:36:47,6,57,20.4,75,4.7,1013.5,1018.4,2,3.7,8,184.5,0
2015-11-13 15:41:47,5,57,20.4,75,4.9,1013.2,1018.1,2.4,4.4,0,184.5,0
2015-11-13 15:46:47,5,58,20.3,74,5,1013.4,1018.3,2,3.1,10,184.5,0
2015-11-13 15:52:47,6,58,20.3,74,5,1013.3,1018.2,2,2.7,8,184.5,0
2015-11-13 15:57:47,5,58,20.3,74,5.2,1013.4,1018.3,3.1,4.1,10,184.5,0
2015-11-13 16:02:47,5,58,20.4,73,5.3,1013.5,1018.4,3.1,4.1,10,184.5,0
2015-11-13 16:08:47,6,60,20.4,73,5.6,1013.5,1018.4,2.4,3.1,12,184.5,0
2015-11-13 16:13:47,5,60,20.4,72,5.6,1013.6,1018.5,3.1,4.8,12,184.5,0
2015-11-13 16:18:47,5,61,20.3,71,5.7,1013.4,1018.3,3.4,4.4,8,184.5,0
2015-11-13 16:24:47,6,61,20.3,70,5.8,1013.5,1018.4,3.4,5.1,10,184.5,0
2015-11-13 16:29:47,5,61,20.3,69,5.8,1013.4,1018.3,3.1,4.1,12,184.5,0
2015-11-13 16:34:47,5,61,20.2,68,5.9,1013.5,1018.4,2.4,3.4,10,184.5,0
2015-11-13 16:40:47,6,60,20.2,68,5.9,1013.5,1018.4,2.7,3.7,8,184.5,0
2015-11-13 16:45:47,5,60,20.2,68,6.1,1013.5,1018.4,2.7,4.8,14,184.5,0
2015-11-13 16:50:47,5,60,20.1,67,6.3,1013.5,1018.4,4.1,4.8,8,184.5,0
2015-11-13 16:56:47,6,60,20.1,65,6.4,1013.7,1018.6,4.8,7.5,12,184.5,0
2015-11-13 17:01:47,5,60,20.1,65,6.2,1013.9,1018.8,3.7,6.1,12,184.8,0
2015-11-13 17:06:47,5,60,20.1,66,6,1013.9,1018.8,3.1,5.4,10,184.8,0
2015-11-13 17:12:47,6,60,20,67,6,1014,1018.9,3.7,5.8,12,184.8,0
2015-11-13 17:17:47,5,60,20,67,6,1014,1018.9,2.4,3.4,8,184.8,0
2015-11-13 17:22:47,5,59,20,67,6.1,1013.9,1018.8,3.1,4.4,14,184.8,0
2015-11-13 17:28:47,6,60,19.9,66,6.4,1014.1,1019,3.7,5.1,10,184.8,0
2015-11-13 17:33:47,5,60,19.9,64,6.7,1014,1018.9,3.7,5.1,14,184.8,0
2015-11-13 17:38:47,5,60,19.9,64,6.9,1014.6,1019.5,3.4,4.8,10,184.8,0
2015-11-13 17:44:47,6,60,19.9,68,5.9,1014.4,1019.3,4.1,5.8,14,184.8,0
2015-11-13 17:49:47,5,60,19.8,67,5.5,1014.7,1019.6,2.7,3.7,0,184.8,0
2015-11-13 17:54:47,5,59,19.8,66,5.3,1014.4,1019.3,2.7,4.1,8,184.8,0
2015-11-13 18:00:47,6,59,19.8,67,5.3,1014.4,1019.3,2,3.1,10,184.8,0
2015-11-13 18:05:47,5,59,19.8,67,5.2,1014.5,1019.4,2.4,3.7,10,184.8,0
2015-11-13 18:10:47,5,59,19.7,68,5.3,1014.5,1019.4,1.7,2.7,12,184.8,0
2015-11-13 18:16:47,6,60,19.8,68,5.4,1014.7,1019.6,2,2.4,8,184.8,0
2015-11-13 18:21:47,5,60,19.8,69,5.5,1014.7,1019.6,1.7,2.7,12,184.8,0
2015-11-13 18:26:47,5,59,19.8,69,5.8,1014.8,1019.7,2.7,3.4,14,184.8,0
2015-11-13 18:32:47,6,59,19.7,70,5.8,1015,1019.9,5.4,8.2,14,185.1,0
2015-11-13 18:37:47,5,59,19.7,69,5.7,1014.9,1019.8,4.4,5.1,10,185.1,0
2015-11-13 18:42:47,5,59,19.7,69,5.6,1015.1,1020,4.1,6.8,10,185.1,0
2015-11-13 18:48:47,6,59,19.7,70,5.4,1015.2,1020.1,3.1,4.4,10,185.1,0
2015-11-13 18:53:47,5,59,19.7,70,5.4,1015.3,1020.2,4.1,6.1,10,185.1,0
2015-11-13 18:58:47,5,59,19.7,70,5.5,1015.2,1020.1,3.1,4.8,12,185.1,0
2015-11-13 19:04:47,6,59,19.7,70,5.7,1015.3,1020.2,2.7,3.7,10,185.1,0
2015-11-13 19:09:47,5,59,19.7,69,6,1015.2,1020.1,2.7,3.7,10,185.1,0
2015-11-13 19:14:47,5,59,19.7,68,6.3,1015.2,1020.1,3.1,4.4,10,185.1,0
2015-11-13 19:20:47,6,59,19.7,66,6.8,1015.3,1020.2,3.4,4.4,12,185.1,0
2015-11-13 19:25:47,5,59,19.6,65,7,1015.2,1020.1,2.7,3.7,10,185.1,0
2015-11-13 19:30:47,5,59,19.6,65,7,1015.8,1020.7,6.8,9.2,14,185.1,0
2015-11-13 19:36:47,6,60,19.6,66,6.5,1016,1020.9,4.4,7.1,11,185.1,0
2015-11-13 19:41:47,5,60,19.6,66,6.3,1016.1,1021,4.8,7.1,12,185.1,0
2015-11-13 19:46:47,5,60,19.6,66,6.2,1016,1020.9,4.1,7.8,8,185.1,0
2015-11-13 19:52:47,6,60,19.5,67,6.1,1015.9,1020.8,3.7,5.4,14,185.1,0
2015-11-13 19:57:47,5,60,19.5,69,5.9,1016,1020.9,2.7,3.7,10,185.1,0
2015-11-13 20:02:47,5,60,19.5,68,5.9,1016,1020.9,3.1,4.1,10,185.1,0
2015-11-13 20:08:47,6,60,19.5,68,5.9,1016.1,1021,3.1,5.1,10,185.1,0
2015-11-13 20:13:47,5,60,19.4,66,6,1016.2,1021.1,2.4,4.8,8,185.1,0
2015-11-13 20:18:47,5,60,19.4,67,6.3,1016.1,1021,3.7,5.1,10,185.1,0
2015-11-13 20:24:47,6,60,19.3,68,6.4,1016.2,1021.1,2.4,3.1,10,185.1,0
2015-11-13 20:29:47,5,60,19.3,69,6.4,1016.2,1021.1,2.4,4.8,10,185.1,0
2015-11-13 20:34:47,5,60,19.3,67,6.6,1016.3,1021.2,3.7,4.8,10,185.1,0
2015-11-13 20:40:47,6,61,19.2,65,6.8,1016.4,1021.3,1,1.7,10,185.1,0
2015-11-13 20:45:47,5,61,19.2,66,6.5,1016.4,1021.3,1.7,3.4,10,185.1,0
2015-11-13 20:50:47,5,61,19.3,67,6.4,1016.4,1021.3,2,3.1,13,185.1,0
2015-11-13 20:56:47,6,61,19.3,68,6.4,1016.9,1021.8,2.7,4.1,12,185.4,0
2015-11-13 21:01:47,5,61,19.3,70,6.2,1017.1,1022,4.1,5.1,10,185.7,0
2015-11-13 21:06:47,5,61,19.2,71,5.9,1017.1,1022,2.7,4.1,14,186,0
2015-11-13 21:12:47,6,61,19.2,73,5.7,1016.9,1021.8,2.4,3.4,10,186,0
2015-11-13 21:17:47,5,61,19.2,73,5.6,1016.9,1021.8,2.4,3.7,12,186,0
2015-11-13 21:22:47,5,61,19.2,73,5.6,1016.8,1021.7,1.7,2.4,8,186,0
2015-11-13 21:28:47,6,61,19.2,73,5.5,1017,1021.9,1.7,2.7,10,186,0
2015-11-13 21:33:47,5,61,19.2,74,5.5,1017,1021.9,1.7,2.4,10,186,0
2015-11-13 21:38:47,5,61,19.2,74,5.5,1017.1,1022,2,2.7,10,186,0
2015-11-13 21:44:47,6,61,19.2,74,5.5,1017.3,1022.2,1,1.7,8,186,0
2015-11-13 21:49:47,5,61,19.2,74,5.3,1017.3,1022.2,1.7,3.1,10,186,0
2015-11-13 21:54:47,5,61,19.2,74,5.4,1017.2,1022.1,2,3.1,13,186,0
2015-11-13 21:59:47,5,62,19.2,74,5.6,1017,1021.9,2,3.4,12,186,0
2015-11-13 22:04:47,5,62,19.2,74,5.7,1016.9,1021.8,2,2.7,10,186,0
2015-11-13 22:09:47,5,62,19.2,74,5.8,1017.1,1022,1.7,2.7,10,186,0
2015-11-13 22:14:47,5,62,19.2,74,5.9,1017.2,1022.1,2,2.7,10,186,0
2015-11-13 22:19:47,5,62,19.2,73,5.9,1017.4,1022.3,2,4.4,12,186.3,0
2015-11-13 22:24:47,5,62,19.2,73,5.9,1017.2,1022.1,4.4,5.8,10,186.3,0
2015-11-13 22:29:47,5,62,19.2,73,5.9,1016.9,1021.8,2.7,3.4,12,186.3,0
2015-11-13 22:34:47,5,62,19.2,73,5.8,1017.1,1022,1.4,1.7,12,186.3,0
2015-11-13 22:39:47,5,62,19.2,73,5.7,1017.2,1022.1,1,1.7,8,186.3,0
2015-11-13 22:44:47,5,62,19.2,73,5.6,1017.2,1022.1,0.7,1.4,10,186.3,0
2015-11-13 22:49:47,5,62,19.2,73,5.6,1017.4,1022.3,1.4,2.4,10,186.3,0
2015-11-13 22:54:47,5,62,19.2,74,5.6,1017.4,1022.3,1.4,2,10,186.6,0
2015-11-13 22:59:47,5,62,19.2,74,5.7,1017.5,1022.4,1.7,2.4,10,186.6,0
2015-11-13 23:04:47,5,62,19.3,74,5.8,1017.4,1022.3,4.1,5.1,10,186.9,0
2015-11-13 23:09:47,5,62,19.3,74,5.9,1017.5,1022.4,2.4,3.4,10,186.9,0
2015-11-13 23:14:47,5,62,19.3,74,6,1017.5,1022.4,3.1,4.4,10,186.9,0
2015-11-13 23:19:47,5,62,19.3,74,6.1,1017.2,1022.1,1.7,2.7,10,186.9,0
2015-11-13 23:24:47,5,62,19.3,74,6.1,1017.2,1022.1,1.7,2.7,10,186.9,0
2015-11-13 23:29:47,5,62,19.3,74,6,1017.2,1022.1,1.4,2,10,186.9,0
2015-11-13 23:34:47,5,62,19.3,75,5.9,1017.3,1022.2,1.7,2.7,10,186.9,0
2015-11-13 23:39:47,5,62,19.3,75,5.8,1017.3,1022.2,1,1.4,9,186.9,0
2015-11-13 23:44:47,5,62,19.3,74,5.5,1017.1,1022,1.4,1.7,10,186.9,0
2015-11-13 23:49:47,5,63,19.2,74,5.4,1017,1021.9,1,1.7,10,186.9,0
2015-11-13 23:54:47,5,63,19.4,74,5.4,1017.2,1022.1,2,2.7,8,186.9,0
2015-11-13 23:59:47,5,63,19.3,74,5.5,1017,1021.9,1.4,1.7,8,186.9,0
