2015-11-24 00:00:46,5,66,19,73,7.1,1011.4,1016.3,2.7,3.7,12,222,0
2015-11-24 00:05:46,5,66,19,72,7.1,1011.4,1016.3,2,4.1,10,222,0
2015-11-24 00:10:46,5,66,19,72,7,1011.3,1016.2,1.7,2.7,10,222,0
2015-11-24 00:15:46,5,67,18.9,72,7,1011.3,1016.2,2,2.7,10,222,0
2015-11-24 00:20:46,5,67,18.9,72,7,1011,1015.9,3.1,4.1,10,222,0
2015-11-24 00:25:46,5,67,18.9,72,7,1010.8,1015.7,2,2.4,8,222,0
2015-11-24 00:30:46,5,67,18.9,73,6.9,1011,1015.9,1.7,3.1,10,222,0
2015-11-24 00:35:46,5,67,18.9,73,6.9,1011.2,1016.1,2,3.1,12,222,0
2015-11-24 00:40:46,5,67,18.8,73,6.9,1010.9,1015.8,2.4,3.7,10,222,0
2015-11-24 00:45:46,5,67,18.8,73,6.9,1011,1015.9,2,2.7,10,222,0
2015-11-24 00:50:46,5,67,18.8,73,6.9,1011,1015.9,1.7,2.4,10,222,0
2015-11-24 00:55:46,5,67,18.8,73,6.8,1011,1015.9,2.4,3.1,0,222,0
2015-11-24 01:00:46,5,67,18.8,73,6.9,1011.1,1016,1.7,2.7,12,222,0
2015-11-24 01:05:46,5,67,18.8,72,7,1011,1015.9,2.4,3.4,12,222,0
2015-11-24 01:10:46,5,67,18.7,72,7,1011.1,1016,2.7,3.1,8,222,0
2015-11-24 01:15:46,5,67,18.7,72,7.1,1011,1015.9,2.7,4.1,10,222,0
2015-11-24 01:20:46,5,67,18.7,72,7.2,1011,1015.9,2.4,3.7,8,222,0
2015-11-24 01:25:46,5,66,18.7,72,7.3,1010.8,1015.7,2.4,3.4,10,222,0
2015-11-24 01:30:46,5,66,18.7,72,7.3,1011,1015.9,3.1,4.1,10,222,0
2015-11-24 01:35:46,5,66,18.7,72,7.3,1010.8,1015.7,2.7,3.4,10,222,0
2015-11-24 01:40:46,5,66,18.6,72,7.3,1010.9,1015.8,2,2.7,12,222,0
2015-11-24 01:45:46,5,66,18.6,72,7.3,1010.8,1015.7,4.1,5.1,10,222,0
2015-11-24 01:50:46,5,66,18.6,72,7.4,1010.9,1015.8,3.7,4.8,12,222,0
2015-11-24 01:55:46,5,66,18.6,72,7.5,1010.9,1015.8,3.1,4.8,14,222,0
2015-11-24 02:00:46,5,66,18.6,72,7.5,1010.9,1015.8,3.7,4.4,8,222,0
2015-11-24 02:05:46,5,66,18.6,72,7.6,1011.2,1016.1,3.1,5.1,10,222,0
2015-11-24 02:10:46,5,66,18.5,72,7.7,1011.1,1016,1.7,2,10,222,0
2015-11-24 02:15:46,5,66,18.5,73,7.6,1010.9,1015.8,3.1,4.1,10,222,0
2015-11-24 02:20:46,5,66,18.5,73,7.6,1010.7,1015.6,3.4,5.1,14,222,0
2015-11-24 02:25:46,5,66,18.6,73,7.6,1010.8,1015.7,2.7,3.4,8,222,0
2015-11-24 02:30:46,5,66,18.5,73,7.6,1011,1015.9,2.4,3.1,8,222,0
2015-11-24 02:35:46,5,66,18.5,73,7.6,1011.1,1016,2.4,3.4,10,222,0
2015-11-24 02:40:46,5,66,18.5,73,7.7,1011.2,1016.1,2.4,3.4,10,222,0
2015-11-24 02:45:46,5,66,18.5,72,7.7,1011.1,1016,2.7,4.1,10,222,0
2015-11-24 02:50:46,5,66,18.5,72,7.7,1011,1015.9,2.7,3.7,10,222.3,0
2015-11-24 02:55:46,5,66,18.5,72,7.8,1010.7,1015.6,2,4.4,1,222.3,0
2015-11-24 03:00:46,5,66,18.5,72,7.8,1010.8,1015.7,2.4,3.4,10,222.3,0
2015-11-24 03:05:46,5,66,18.5,72,7.9,1010.6,1015.5,4.1,6.1,10,222.3,0
2015-11-24 03:10:46,5,65,18.5,72,7.9,1010.5,1015.4,2,3.1,8,222.3,0
2015-11-24 03:15:46,5,65,18.4,72,7.9,1010.4,1015.3,3.1,4.8,10,222.3,0
2015-11-24 03:20:46,5,65,18.4,72,8,1010.5,1015.4,2.7,4.1,0,222.3,0
2015-11-24 03:25:46,5,65,18.4,72,8,1010.3,1015.2,3.4,4.4,10,222.3,0
2015-11-24 03:30:46,5,65,18.4,71,8,1010.1,1015,3.4,5.4,10,222.3,0
2015-11-24 03:35:46,5,65,18.4,71,8,1010.2,1015.1,4.1,6.5,11,222.3,0
2015-11-24 03:40:46,5,65,18.4,70,8,1010.1,1015,3.4,4.4,10,222.3,0
2015-11-24 03:45:46,5,65,18.4,70,8,1010.2,1015.1,5.4,6.5,14,222.3,0
2015-11-24 03:50:46,5,65,18.4,71,8,1010.2,1015.1,3.1,4.8,14,222.3,0
2015-11-24 03:55:46,5,65,18.4,72,7.9,1010.1,1015,3.4,7.1,8,222.3,0
2015-11-24 04:00:46,5,65,18.4,72,7.9,1010,1014.9,3.1,4.4,10,222.3,0
2015-11-24 04:05:46,5,65,18.4,72,7.9,1009.8,1014.7,3.1,4.4,10,222.3,0
2015-11-24 04:10:46,5,65,18.4,73,7.9,1009.9,1014.8,3.1,4.1,10,222.3,0
2015-11-24 04:15:46,5,65,18.4,73,7.8,1010,1014.9,2.4,3.4,9,222.3,0
2015-11-24 04:20:46,5,65,18.4,73,7.8,1009.9,1014.8,3.7,5.1,10,222.3,0
2015-11-24 04:25:46,5,65,18.4,73,7.9,1009.9,1014.8,2.4,3.1,10,222.3,0
2015-11-24 04:30:46,5,65,18.4,73,7.9,1009.8,1014.7,2.7,4.8,10,222.3,0
2015-11-24 04:35:46,5,65,18.3,73,7.9,1009.9,1014.8,2.4,4.4,10,222.3,0
2015-11-24 04:40:46,5,65,18.4,73,7.9,1009.6,1014.5,3.1,5.1,14,222.3,0
2015-11-24 04:45:46,5,65,18.4,73,8.1,1009.4,1014.3,2.7,5.8,9,222.3,0
2015-11-24 04:50:46,5,65,18.4,73,8.2,1009.5,1014.4,3.7,4.8,11,222.3,0
2015-11-24 04:55:46,5,65,18.4,73,8.2,1009.4,1014.3,3.7,4.8,8,222.3,0
2015-11-24 05:00:46,5,65,18.3,73,8.3,1009.6,1014.5,3.1,4.1,10,222.3,0
2015-11-24 05:05:46,5,65,18.3,73,8.4,1009.6,1014.5,4.4,6.1,10,222.3,0
2015-11-24 05:10:46,5,65,18.3,74,8.4,1009.5,1014.4,4.1,5.4,10,222.3,0
2015-11-24 05:15:46,5,65,18.3,74,8.4,1009.6,1014.5,2.7,3.4,10,222.3,0
2015-11-24 05:20:46,5,65,18.3,73,8.4,1009.6,1014.5,3.1,4.1,10,222.3,0
2015-11-24 05:25:46,5,65,18.3,73,8.5,1009.7,1014.6,3.7,5.4,9,222.3,0
2015-11-24 05:30:46,5,65,18.3,73,8.5,1009.5,1014.4,3.7,5.1,9,222.3,0
2015-11-24 05:35:46,5,65,18.3,72,8.5,1009.7,1014.6,1.7,4.8,10,222.3,0
2015-11-24 05:40:46,5,64,18.3,73,8.4,1009.6,1014.5,3.7,6.1,10,222.3,0
2015-11-24 05:45:46,5,64,18.3,73,8.3,1009.6,1014.5,3.4,4.8,10,222.3,0
2015-11-24 05:50:46,5,64,18.3,74,8.3,1009.5,1014.4,2.7,4.1,10,222.3,0
2015-11-24 05:55:46,5,64,18.3,74,8.3,1009.6,1014.5,4.4,6.8,10,222.3,0
2015-11-24 06:00:46,5,64,18.3,74,8.2,1009.6,1014.5,5.4,6.8,8,222.3,0
2015-11-24 06:05:46,5,64,18.3,74,7.9,1009.4,1014.3,4.4,5.4,10,222.3,0
2015-11-24 06:10:46,5,64,18.3,74,7.9,1009.4,1014.3,2.7,4.1,10,222.3,0
2015-11-24 06:15:46,5,64,18.2,74,7.9,1009.4,1014.3,2.4,3.7,8,222.3,0
2015-11-24 06:20:46,5,64,18.2,74,7.8,1009.5,1014.4,3.1,3.7,13,222.3,0
2015-11-24 06:25:46,5,64,18.3,74,7.9,1009.2,1014.1,4.1,5.8,8,222.3,0
2015-11-24 06:30:46,5,64,18.3,74,7.9,1009.3,1014.2,2.7,5.1,14,222.3,0
2015-11-24 06:35:46,5,64,18.2,75,8,1009.2,1014.1,2.7,4.1,8,222.3,0
2015-11-24 06:40:46,5,64,18.3,74,8.1,1009.5,1014.4,3.1,4.4,10,222.3,0
2015-11-24 06:45:46,5,64,18.3,74,8.2,1009.4,1014.3,3.7,5.4,9,222.3,0
2015-11-24 06:50:46,5,64,18.3,74,8.3,1009.5,1014.4,4.4,6.5,10,222.3,0
2015-11-24 06:55:46,5,64,18.2,74,8.4,1009.3,1014.2,5.1,6.5,10,222.3,0
2015-11-24 07:00:46,5,64,18.3,74,8.4,1009.4,1014.3,3.1,4.1,10,222.3,0
2015-11-24 07:05:46,5,64,18.3,74,8.4,1009.5,1014.4,3.4,5.1,10,222.3,0
2015-11-24 07:10:46,5,64,18.3,74,8.3,1009.2,1014.1,4.8,6.1,10,222.3,0
2015-11-24 07:15:46,5,64,18.3,75,8.2,1009.2,1014.1,3.1,4.1,10,222.3,0
2015-11-24 07:20:46,5,64,18.3,75,8.2,1009.3,1014.2,3.7,5.1,8,222.3,0
2015-11-24 07:25:46,5,64,18.2,75,8.2,1009.2,1014.1,2,3.1,10,222.3,0
2015-11-24 07:30:46,5,64,18.3,75,8.2,1009.2,1014.1,3.1,4.4,11,222.3,0
2015-11-24 07:35:46,5,64,18.3,75,8.3,1009.3,1014.2,4.1,6.8,0,222.3,0
2015-11-24 07:40:46,5,64,18.2,75,8.4,1009.5,1014.4,5.1,7.1,10,222.3,0
2015-11-24 07:45:46,5,64,18.3,75,8.4,1009.3,1014.2,4.1,5.4,12,222.3,0
2015-11-24 07:50:46,5,64,18.3,75,8.3,1009.3,1014.2,4.8,7.5,8,222.3,0
2015-11-24 07:55:46,5,64,18.3,75,8.2,1009.3,1014.2,4.1,6.1,13,222.3,0
2015-11-24 08:00:46,5,64,18.3,76,8.1,1009.2,1014.1,4.1,5.8,10,222.3,0
2015-11-24 08:05:46,5,64,18.3,76,8.1,1009.4,1014.3,2.7,4.4,10,222.3,0
2015-11-24 08:10:46,5,64,18.2,76,8.1,1009.3,1014.2,3.7,5.8,14,222.3,0
2015-11-24 08:15:46,5,64,18.2,76,8.1,1009.3,1014.2,3.7,5.1,10,222.3,0
2015-11-24 08:20:46,5,64,18.3,76,8.2,1009.4,1014.3,3.7,5.1,9,222.3,0
2015-11-24 08:25:46,5,64,18.2,76,8.3,1009.3,1014.2,4.1,5.8,10,222.3,0
2015-11-24 08:30:46,5,64,18.3,76,8.3,1009.3,1014.2,3.4,4.4,10,222.3,0
2015-11-24 08:35:46,5,64,18.2,76,8.2,1009.3,1014.2,3.7,5.4,8,222.3,0
2015-11-24 08:40:46,5,64,18.2,76,8.1,1009.2,1014.1,3.1,4.4,10,222.3,0
2015-11-24 08:45:46,5,64,18.2,76,8.1,1009.2,1014.1,4.1,5.4,10,222.3,0
2015-11-24 08:50:46,5,63,18.2,76,8.1,1009,1013.9,3.1,3.7,10,222.3,0
2015-11-24 08:55:46,5,64,18.2,76,8.1,1009.1,1014,3.4,4.8,10,222.3,0
2015-11-24 09:00:46,5,64,18.2,76,8.2,1009.2,1014.1,3.7,4.8,10,222.3,0
2015-11-24 09:05:46,5,64,18.2,76,8.3,1009.2,1014.1,3.4,5.4,10,222.3,0
2015-11-24 09:10:46,5,64,18.2,76,8.3,1009.3,1014.2,2.7,4.4,10,222.3,0
2015-11-24 09:15:46,5,64,18.2,76,8.3,1009.2,1014.1,3.1,4.1,10,222.3,0
2015-11-24 09:20:46,5,64,18.2,76,8.3,1009.3,1014.2,3.1,4.1,10,222.3,0
2015-11-24 09:25:46,5,64,18.2,76,8.3,1009.2,1014.1,2.4,3.7,10,222.3,0
2015-11-24 09:30:46,5,64,18.2,76,8.3,1009.4,1014.3,4.1,5.4,10,222.3,0
2015-11-24 09:35:46,5,64,18.2,76,8.3,1009.2,1014.1,3.1,4.8,10,222.3,0
2015-11-24 09:40:46,5,64,18.2,76,8.4,1009.1,1014,2.7,4.1,10,222.3,0
2015-11-24 09:45:46,5,64,18.2,76,8.4,1009,1013.9,3.1,4.4,12,222.3,0
2015-11-24 09:50:46,5,64,18.2,76,8.4,1009.1,1014,2.7,4.4,10,222.3,0
2015-11-24 09:55:46,5,64,18.2,76,8.5,1009,1013.9,2,3.4,10,222.3,0
2015-11-24 10:00:46,5,64,18.2,76,8.6,1009.3,1014.2,2.4,3.7,10,222.3,0
2015-11-24 10:05:46,5,64,18.2,76,8.6,1009.1,1014,2.7,4.1,9,222.3,0
2015-11-24 10:10:46,5,64,18.2,76,8.7,1008.8,1013.7,4.1,5.1,8,222.3,0
2015-11-24 10:15:46,5,64,18.2,76,8.7,1009.2,1014.1,3.1,4.4,10,222.3,0
2015-11-24 10:20:46,5,64,18.3,76,8.8,1009.3,1014.2,3.7,5.1,10,222.3,0
2015-11-24 10:25:46,5,64,18.2,76,8.8,1009.3,1014.2,2,4.1,10,222.3,0
2015-11-24 10:30:46,5,64,18.2,75,8.8,1009.2,1014.1,4.1,5.1,12,222.3,0
2015-11-24 10:35:46,5,64,18.2,75,8.9,1009.2,1014.1,3.1,5.1,10,222.3,0
2015-11-24 10:40:46,5,64,18.2,75,8.9,1009.3,1014.2,3.7,5.4,10,222.3,0
2015-11-24 10:45:46,5,64,18.2,75,8.9,1009.3,1014.2,3.4,7.1,10,222.3,0
2015-11-24 10:50:46,5,64,18.2,75,8.9,1009.3,1014.2,2.7,4.8,0,222.3,0
2015-11-24 10:55:46,5,64,18.2,74,9,1009.2,1014.1,2,2.4,9,222.3,0
2015-11-24 11:00:46,5,64,18.2,74,9.1,1009.2,1014.1,3.1,3.7,12,222.3,0
2015-11-24 11:05:46,5,64,18.3,74,9.2,1009.3,1014.2,2.7,3.7,10,222.3,0
2015-11-24 11:10:46,5,64,18.2,74,9.1,1009.2,1014.1,2.7,4.4,10,222.3,0
2015-11-24 11:15:46,5,64,18.3,74,9.1,1009,1013.9,3.7,5.1,10,222.3,0
2015-11-24 11:20:46,5,63,18.2,74,9.1,1008.9,1013.8,3.1,4.4,10,222.3,0
2015-11-24 11:25:46,5,63,18.2,74,9.1,1008.8,1013.7,2.7,5.4,10,222.3,0
2015-11-24 11:30:46,5,63,18.3,74,9.1,1008.9,1013.8,3.1,4.8,12,222.3,0
2015-11-24 11:35:46,5,63,18.3,74,9.1,1008.9,1013.8,2.7,3.4,12,222.3,0
2015-11-24 11:40:46,5,63,18.3,74,9.1,1008.8,1013.7,2.7,3.7,10,222.3,0
2015-11-24 11:45:46,5,63,18.3,74,9.1,1008.7,1013.6,3.7,5.8,10,222.3,0
2015-11-24 11:50:46,5,63,18.3,74,9.1,1008.8,1013.7,5.1,6.1,10,222.3,0
2015-11-24 11:55:46,5,63,18.3,74,9.1,1008.8,1013.7,2.7,4.1,9,222.3,0
2015-11-24 12:00:46,5,63,18.3,74,9,1008.7,1013.6,3.7,5.8,10,222.3,0
2015-11-24 12:05:46,5,63,18.3,74,9.1,1008.5,1013.4,3.4,4.4,12,222.3,0
2015-11-24 12:10:46,5,63,18.2,74,9.1,1008.6,1013.5,3.1,4.8,10,222.3,0
2015-11-24 12:15:46,5,63,18.3,74,9.1,1008.4,1013.3,3.7,6.1,12,222.3,0
2015-11-24 12:20:46,5,63,18.3,74,9.1,1008.5,1013.4,4.8,6.1,10,222.3,0
2015-11-24 12:25:46,5,63,18.3,74,9.1,1008.6,1013.5,4.1,5.1,10,222.3,0
2015-11-24 12:30:46,5,63,18.3,74,9.2,1008.5,1013.4,3.1,3.7,10,222.3,0
2015-11-24 12:35:46,5,63,18.2,74,9.3,1008.4,1013.3,2.7,3.4,10,222.3,0
2015-11-24 12:40:46,5,63,18.3,74,9.3,1008.6,1013.5,5.1,6.5,12,222.3,0
2015-11-24 12:45:46,5,63,18.3,74,9.3,1008.6,1013.5,4.8,6.8,10,222.3,0
2015-11-24 12:50:46,5,63,18.3,74,9.3,1008.6,1013.5,4.4,6.8,13,222.3,0
2015-11-24 12:55:46,5,63,18.2,74,9.3,1008.6,1013.5,4.4,6.1,10,222.3,0
2015-11-24 13:00:46,5,63,18.2,74,9.2,1008.5,1013.4,3.1,4.8,12,222.3,0
2015-11-24 13:05:46,5,63,18.2,74,9.2,1008.3,1013.2,2.7,4.1,15,222.3,0
2015-11-24 13:10:46,5,64,18.2,74,9.3,1008.2,1013.1,3.4,4.4,10,222.3,0
2015-11-24 13:15:46,5,64,18.2,74,9.4,1008.4,1013.3,3.7,6.5,10,222.3,0
2015-11-24 13:20:46,5,64,18.2,74,9.4,1008.4,1013.3,3.1,3.7,10,222.3,0
2015-11-24 13:25:46,5,64,18.3,74,9.3,1008.4,1013.3,3.1,4.4,12,222.3,0
2015-11-24 13:30:46,5,64,18.3,74,9.3,1008.4,1013.3,2,2.7,12,222.3,0
2015-11-24 13:35:46,5,64,18.2,74,9.3,1008.3,1013.2,3.7,5.8,14,222.3,0
2015-11-24 13:40:46,5,64,18.2,74,9.3,1008.3,1013.2,4.1,5.1,8,222.3,0
2015-11-24 13:45:46,5,64,18.2,74,9.4,1008.3,1013.2,4.8,6.5,10,222.3,0
2015-11-24 13:50:46,5,64,18.2,74,9.3,1008.4,1013.3,4.1,6.1,10,222.3,0
2015-11-24 13:55:46,5,64,18.2,74,9.3,1008.4,1013.3,3.7,5.1,10,222.3,0
2015-11-24 14:00:46,5,63,18.2,74,9.3,1008.5,1013.4,3.7,4.4,10,222.3,0
2015-11-24 14:05:46,5,63,18.2,74,9.3,1008.3,1013.2,2.7,3.7,10,222.3,0
2015-11-24 14:10:46,5,63,18.2,74,9.3,1008.4,1013.3,2.7,3.7,12,222.3,0
2015-11-24 14:15:46,5,64,18.2,74,9.3,1008.5,1013.4,3.1,4.8,12,222.3,0
2015-11-24 14:20:46,5,64,18.2,74,9.3,1008.5,1013.4,2.4,3.1,10,222.3,0
2015-11-24 14:25:46,5,64,18.2,74,9.3,1008.6,1013.5,2.4,3.4,10,222.3,0
2015-11-24 14:30:46,5,64,18.2,73,9.4,1008.4,1013.3,2.4,3.7,10,222.3,0
2015-11-24 14:35:46,5,64,18.2,73,9.3,1008.3,1013.2,2.7,3.7,10,222.3,0
2015-11-24 14:40:46,5,64,18.2,74,9.3,1008.4,1013.3,3.1,4.1,12,222.3,0
2015-11-24 14:45:46,5,64,18.2,74,9.2,1008.3,1013.2,2.4,3.4,10,222.3,0
2015-11-24 14:50:45,5,64,18.2,74,9.2,1008.3,1013.2,2,3.4,11,222.3,0
2015-11-24 14:55:45,5,64,18.2,74,9.2,1008.3,1013.2,2,3.1,10,222.3,0
2015-11-24 15:00:45,5,64,18.1,74,9.2,1008.4,1013.3,2,2.7,8,222.3,0
2015-11-24 15:05:45,5,64,18.2,74,9.2,1008.5,1013.4,3.4,5.1,8,222.3,0
2015-11-24 15:10:45,5,64,18.2,74,9.2,1008.5,1013.4,3.4,4.4,10,222.3,0
2015-11-24 15:15:45,5,64,18.1,74,9.2,1008.7,1013.6,3.7,5.1,10,222.3,0
2015-11-24 15:20:45,5,64,18.1,74,9.2,1008.7,1013.6,2.4,3.4,12,222.3,0
2015-11-24 15:25:45,5,64,18.1,74,9.2,1008.9,1013.8,3.7,6.1,8,222.3,0
2015-11-24 15:30:45,5,64,18.1,74,9.2,1008.9,1013.8,3.7,5.1,10,222.3,0
2015-11-24 15:35:45,5,64,18.1,74,9.2,1008.8,1013.7,2.7,4.8,10,222.3,0
2015-11-24 15:40:45,5,64,18.1,74,9.2,1008.9,1013.8,2.4,3.7,8,222.3,0
2015-11-24 15:45:45,5,63,18.1,74,9.2,1009.1,1014,3.4,6.5,10,222.3,0
2015-11-24 15:50:45,5,63,18.1,74,9.2,1009,1013.9,3.1,4.1,10,222.3,0
2015-11-24 15:55:45,5,63,18.1,74,9.2,1009.1,1014,3.4,4.4,10,222.3,0
2015-11-24 16:00:45,5,63,18.1,74,9.1,1009.1,1014,3.7,6.5,10,222.3,0
2015-11-24 16:05:45,5,63,18,75,9.1,1008.9,1013.8,3.1,4.4,14,222.3,0
2015-11-24 16:10:45,5,63,18,75,9.1,1009,1013.9,3.1,4.4,12,222.3,0
2015-11-24 16:15:45,5,63,18,75,9.1,1009.1,1014,2,3.1,10,222.3,0
2015-11-24 16:20:45,5,63,18,75,9,1009.1,1014,2.4,3.4,10,222.3,0
2015-11-24 16:25:45,5,63,18,76,8.9,1009.2,1014.1,3.1,4.8,0,222.3,0
2015-11-24 16:30:45,5,63,18,76,8.9,1009,1013.9,3.1,4.4,14,222.3,0
2015-11-24 16:35:45,5,63,18,76,8.9,1009.1,1014,3.1,3.7,10,222.3,0
2015-11-24 16:40:45,5,63,18,76,8.9,1009.3,1014.2,3.4,5.1,10,222.3,0
2015-11-24 16:45:45,5,64,18,75,9,1009,1013.9,3.1,3.7,10,222.3,0
2015-11-24 16:50:45,5,63,17.9,75,9,1009.2,1014.1,1.7,2.7,10,222.3,0
2015-11-24 16:55:45,5,63,17.9,75,9.1,1009.2,1014.1,1.7,3.1,10,222.3,0
2015-11-24 17:00:45,5,64,18,75,9.1,1008.9,1013.8,3.4,4.8,10,222.3,0
2015-11-24 17:05:45,5,63,17.9,75,9.1,1008.9,1013.8,2.4,3.7,14,222.3,0
2015-11-24 17:10:45,5,64,17.9,75,9.2,1008.9,1013.8,3.4,5.1,10,222.3,0
2015-11-24 17:15:45,5,64,17.9,75,9.2,1008.7,1013.6,3.7,5.4,10,222.3,0
2015-11-24 17:20:45,5,64,17.9,75,9.2,1009,1013.9,2.4,3.1,8,222.3,0
2015-11-24 17:25:45,5,64,17.9,75,9.2,1009.1,1014,2.7,3.7,10,222.3,0
2015-11-24 17:30:45,5,64,17.9,75,9.2,1009.2,1014.1,2.4,3.4,10,222.3,0
2015-11-24 17:35:45,5,64,17.9,75,9.2,1009.3,1014.2,3.4,4.1,13,222.3,0
2015-11-24 17:40:45,5,64,17.9,75,9.2,1009.3,1014.2,2.7,4.4,8,222.3,0
2015-11-24 17:45:45,5,64,17.9,74,9.3,1009.5,1014.4,3.1,4.4,12,222.3,0
2015-11-24 17:50:45,5,64,17.9,74,9.3,1009.6,1014.5,1.7,2.4,0,222.3,0
2015-11-24 17:55:45,5,65,17.9,74,9.3,1009.5,1014.4,2.4,3.4,12,222.3,0
2015-11-24 18:00:45,5,65,17.9,74,9.2,1009.5,1014.4,3.1,4.1,9,222.3,0
2015-11-24 18:05:45,5,65,17.9,74,9.2,1009.3,1014.2,3.1,4.4,10,222.3,0
2015-11-24 18:10:45,5,65,17.9,74,9.3,1009.3,1014.2,3.1,4.8,10,222.3,0
2015-11-24 18:15:45,5,65,17.9,74,9.3,1009.5,1014.4,2,3.1,10,222.3,0
2015-11-24 18:20:45,5,65,17.9,74,9.3,1009.6,1014.5,2.4,3.7,10,222.3,0
2015-11-24 18:25:45,5,65,17.9,74,9.2,1009.6,1014.5,2.4,2.7,12,222.3,0
2015-11-24 18:30:45,5,65,17.9,74,9.2,1009.5,1014.4,3.1,4.8,10,222.3,0
2015-11-24 18:35:45,5,65,18,74,9.2,1009.5,1014.4,2.4,3.7,10,222.3,0
2015-11-24 18:40:45,5,65,18,74,9.2,1009.8,1014.7,1.7,2.7,10,222.3,0
2015-11-24 18:45:45,5,65,18,74,9.2,1009.8,1014.7,1.4,2.4,12,222.3,0
2015-11-24 18:50:45,5,65,18,74,9.2,1009.9,1014.8,1,1.7,10,222.3,0
2015-11-24 18:55:45,5,65,18,74,9.1,1009.9,1014.8,1.4,2.4,10,222.3,0
2015-11-24 19:00:45,5,65,18,74,9,1009.8,1014.7,2,3.1,10,222.3,0
2015-11-24 19:05:45,5,65,18,75,8.9,1010,1014.9,1.4,2.7,10,222.3,0
2015-11-24 19:10:45,5,65,18,75,8.9,1010.1,1015,1.4,2,12,222.3,0
2015-11-24 19:15:45,5,65,18,75,8.9,1010,1014.9,1,1.7,10,222.3,0
2015-11-24 19:20:45,5,65,18,75,8.8,1010,1014.9,1.4,2.4,8,222.3,0
2015-11-24 19:25:45,5,65,18,76,8.9,1010.2,1015.1,1.4,3.1,10,222.3,0
2015-11-24 19:30:45,5,65,18,75,9,1010,1014.9,2,2.7,10,222.3,0
2015-11-24 19:35:45,5,65,18,75,9,1010.1,1015,2.4,3.4,10,222.3,0
2015-11-24 19:40:45,5,65,18,75,9,1010.2,1015.1,2.4,3.4,10,222.3,0
2015-11-24 19:45:45,5,65,18,75,9,1010.2,1015.1,1.7,2.7,10,222.3,0
2015-11-24 19:50:45,5,65,18,75,9,1010.3,1015.2,2.7,3.4,10,222.3,0
2015-11-24 19:55:45,5,65,18,75,9,1010.1,1015,1.7,2.7,12,222.3,0
2015-11-24 20:00:45,5,66,18,76,8.9,1010.2,1015.1,1.7,2.7,8,222.3,0
2015-11-24 20:05:45,5,66,18,76,8.9,1010.5,1015.4,2.4,4.1,12,222.3,0
2015-11-24 20:10:45,5,66,18,76,8.8,1010.2,1015.1,1.7,2.4,10,222.3,0
2015-11-24 20:15:45,5,66,18.1,76,8.7,1010.1,1015,2,3.4,14,222.3,0
2015-11-24 20:20:45,5,66,18,76,8.7,1010.1,1015,2.7,3.7,10,222.3,0
2015-11-24 20:25:45,5,66,18,76,8.6,1010.2,1015.1,2.4,3.1,12,222.3,0
2015-11-24 20:30:45,5,66,18.1,76,8.5,1010.3,1015.2,2.4,3.4,10,222.3,0
2015-11-24 20:35:45,5,66,18.1,76,8.5,1010.6,1015.5,2.4,3.7,10,222.3,0
2015-11-24 20:40:45,5,66,18.1,77,8.5,1010.2,1015.1,2.4,3.4,12,222.3,0
2015-11-24 20:45:45,5,66,18.1,77,8.5,1010.6,1015.5,1.7,2.7,12,222.3,0
2015-11-24 20:50:45,5,66,18.1,77,8.5,1010.4,1015.3,2,2.4,12,222.3,0
2015-11-24 20:55:45,5,66,18.1,77,8.5,1010.5,1015.4,2,4.4,12,222.3,0
2015-11-24 21:00:45,5,66,18.1,77,8.5,1010.5,1015.4,1.7,2,8,222.3,0
2015-11-24 21:05:45,5,66,18.1,77,8.5,1010.5,1015.4,2,2.7,9,222.3,0
2015-11-24 21:10:45,5,66,18.1,77,8.6,1010.7,1015.6,1.7,2.4,10,222.3,0
2015-11-24 21:15:45,5,66,18.1,77,8.6,1010.8,1015.7,2.4,3.4,10,222.3,0
2015-11-24 21:20:45,5,66,18.1,77,8.6,1010.7,1015.6,3.4,4.8,12,222.3,0
2015-11-24 21:25:45,5,66,18.1,77,8.5,1011,1015.9,2.4,4.1,8,222.3,0
2015-11-24 21:30:45,5,67,18.1,77,8.5,1010.8,1015.7,3.1,4.4,12,222.3,0
2015-11-24 21:35:45,5,67,18.2,77,8.5,1010.6,1015.5,1.7,2.7,12,222.3,0
2015-11-24 21:40:45,5,67,18.2,77,8.4,1010.4,1015.3,2.4,3.4,12,222.3,0
2015-11-24 21:45:45,5,67,18.2,77,8.4,1010.6,1015.5,1.4,2,12,222.3,0
2015-11-24 21:50:45,5,67,18.2,77,8.4,1010.5,1015.4,2,3.7,10,222.3,0
2015-11-24 21:55:45,5,67,18.2,77,8.4,1010.6,1015.5,3.1,4.4,14,222.3,0
2015-11-24 22:00:45,5,67,18.2,77,8.4,1010.7,1015.6,2,3.7,12,222.3,0
2015-11-24 22:05:45,5,68,18.3,77,8.3,1010.5,1015.4,2,2.7,10,222.3,0
2015-11-24 22:10:45,5,68,18.3,77,8.3,1010.5,1015.4,1.7,2.7,12,222.3,0
2015-11-24 22:15:46,5,68,18.3,77,8.3,1010.8,1015.7,1.7,3.4,14,222.6,0
2015-11-24 22:20:46,5,68,18.3,77,8.3,1010.7,1015.6,1.7,2.4,14,222.6,0
2015-11-24 22:25:46,5,68,18.4,77,8.4,1010.8,1015.7,1.7,2.7,10,222.6,0
2015-11-24 22:30:46,5,68,18.4,77,8.4,1010.7,1015.6,1.7,2.7,12,222.6,0
2015-11-24 22:35:46,5,68,18.4,77,8.3,1010.8,1015.7,1.4,2.7,10,222.6,0
2015-11-24 22:40:46,5,69,18.4,77,8.3,1010.6,1015.5,1.4,2.4,8,222.6,0
2015-11-24 22:45:46,5,69,18.4,77,8.3,1010.7,1015.6,0.7,1.4,10,222.6,0
2015-11-24 22:50:46,5,69,18.4,78,8.3,1010.8,1015.7,0.7,1.4,10,222.6,0
2015-11-24 22:55:46,5,69,18.5,78,8.3,1010.9,1015.8,1.4,2,10,222.6,0
2015-11-24 23:00:46,5,69,18.5,78,8.3,1010.9,1015.8,1.4,2.7,10,222.6,0
2015-11-24 23:05:46,5,69,18.6,78,8.3,1011,1015.9,1,1.7,8,222.6,0
2015-11-24 23:10:46,5,69,18.6,78,8.3,1010.8,1015.7,1.4,2,10,222.6,0
2015-11-24 23:15:46,5,69,18.6,78,8.3,1010.6,1015.5,1.4,2,10,222.6,0
2015-11-24 23:20:46,5,69,18.6,78,8.3,1010.5,1015.4,2,2.7,12,222.6,0
2015-11-24 23:25:46,5,69,18.6,78,8.3,1010.7,1015.6,1,1.4,14,222.6,0
2015-11-24 23:30:46,5,69,18.6,78,8.4,1010.9,1015.8,1.4,1.7,10,222.6,0
2015-11-24 23:35:46,5,69,18.6,78,8.4,1010.8,1015.7,1.7,2.4,10,222.6,0
2015-11-24 23:40:46,5,69,18.6,78,8.4,1010.9,1015.8,1.7,3.4,10,222.6,0
2015-11-24 23:45:46,5,69,18.6,78,8.5,1010.7,1015.6,2,2.7,10,222.6,0
2015-11-24 23:50:46,5,69,18.6,78,8.5,1010.7,1015.6,1.7,2,10,222.6,0
2015-11-24 23:55:46,5,69,18.7,78,8.5,1010.8,1015.7,2,2.4,10,222.6,0
