2015-11-28 00:00:46,5,63,19,70,4.2,1007.4,1012.3,1.7,2,2,222.6,0
2015-11-28 00:05:46,5,63,19,69,4.1,1007.3,1012.2,1.7,2.7,10,222.6,0
2015-11-28 00:10:46,5,63,19,69,4.1,1007.3,1012.2,1.4,2.4,10,222.6,0
2015-11-28 00:15:46,5,64,18.9,70,4.2,1007.5,1012.4,1.4,2,8,222.6,0
2015-11-28 00:20:46,5,63,19,70,4.2,1007.6,1012.5,4.1,6.5,10,222.6,0
2015-11-28 00:25:46,5,64,18.9,72,4.2,1007.3,1012.2,3.7,5.1,10,222.6,0
2015-11-28 00:30:46,5,64,18.9,73,3.9,1007.3,1012.2,2.4,4.1,10,222.6,0
2015-11-28 00:35:46,5,64,18.9,74,3.8,1007.4,1012.3,2.7,5.1,10,222.6,0
2015-11-28 00:40:46,5,64,18.9,75,3.9,1007.1,1012,3.1,3.7,10,222.6,0
2015-11-28 00:45:46,5,64,18.9,73,4.1,1007.3,1012.2,3.1,4.4,10,222.6,0
2015-11-28 00:50:46,5,64,18.8,72,4.2,1007.2,1012.1,3.4,4.4,9,222.6,0
2015-11-28 00:55:46,5,64,18.8,72,4.3,1007.2,1012.1,2.7,3.7,12,222.6,0
2015-11-28 01:00:46,5,64,18.9,73,4.4,1006.9,1011.8,2.7,4.1,10,222.6,0
2015-11-28 01:05:46,5,64,18.8,74,4.2,1007,1011.9,2,2.7,10,222.6,0
2015-11-28 01:10:46,5,63,18.8,74,4.1,1006.9,1011.8,2,3.1,10,222.6,0
2015-11-28 01:15:46,5,63,18.9,75,4,1006.9,1011.8,2.4,3.4,8,222.6,0
2015-11-28 01:20:46,5,63,18.9,76,3.8,1006.9,1011.8,1.4,2.4,8,222.6,0
2015-11-28 01:25:46,5,63,18.9,76,3.7,1006.7,1011.6,1.4,2.4,10,222.6,0
2015-11-28 01:30:46,5,63,18.9,77,3.7,1006.7,1011.6,1.4,2.4,8,222.6,0
2015-11-28 01:35:46,5,63,18.9,77,3.7,1006.7,1011.6,1.4,2.4,14,222.6,0
2015-11-28 01:40:46,5,63,18.9,77,3.8,1006.6,1011.5,2,2.7,10,222.6,0
2015-11-28 01:45:46,5,63,18.9,76,4,1006.4,1011.3,1.4,2,12,222.6,0
2015-11-28 01:50:46,5,63,18.9,76,4,1006.5,1011.4,2,2.7,8,222.6,0
2015-11-28 01:55:46,5,63,18.9,76,4,1006.3,1011.2,2.4,3.1,14,222.6,0
2015-11-28 02:00:46,5,63,18.9,76,4.1,1006.2,1011.1,2,2.7,10,222.6,0
2015-11-28 02:05:46,5,63,18.8,76,4.2,1006.2,1011.1,1.7,2.7,8,222.6,0
2015-11-28 02:10:46,5,63,18.8,76,4.4,1006.5,1011.4,4.8,7.8,10,222.6,0
2015-11-28 02:15:46,5,63,18.8,75,4.5,1006.3,1011.2,3.1,4.8,10,222.6,0
2015-11-28 02:20:46,5,63,18.7,75,4.5,1006.4,1011.3,1.4,2.4,10,222.6,0
2015-11-28 02:25:46,5,63,18.8,75,4.3,1006.2,1011.1,1.7,2.4,10,222.6,0
2015-11-28 02:30:46,5,63,18.8,75,4.2,1006.2,1011.1,1,1.4,10,222.6,0
2015-11-28 02:35:46,5,63,18.8,75,4.2,1006.4,1011.3,2.4,3.4,8,222.6,0
2015-11-28 02:40:46,5,63,18.7,76,4.3,1005.8,1010.7,3.4,4.8,8,222.6,0
2015-11-28 02:45:46,5,63,18.8,76,4.4,1005.7,1010.6,2,3.1,10,222.6,0
2015-11-28 02:50:46,5,63,18.7,75,4.4,1005.8,1010.7,1.4,2.4,8,222.6,0
2015-11-28 02:55:46,5,63,18.7,75,4.4,1005.8,1010.7,2,3.4,8,222.6,0
2015-11-28 03:00:46,5,63,18.7,75,4.4,1005.6,1010.5,1.4,2,8,222.6,0
2015-11-28 03:05:46,5,63,18.7,75,4.2,1005.4,1010.3,1.7,2.4,8,222.6,0
2015-11-28 03:10:46,5,63,18.7,75,4.2,1005.2,1010.1,2.4,3.1,10,222.6,0
2015-11-28 03:15:46,5,63,18.7,76,4.3,1005.2,1010.1,1.7,2.7,8,222.6,0
2015-11-28 03:20:46,5,63,18.7,76,4.6,1005.1,1010,2,3.1,8,222.6,0
2015-11-28 03:25:46,5,63,18.7,76,4.7,1005,1009.9,1.7,2.4,8,222.6,0
2015-11-28 03:30:46,5,63,18.7,76,4.8,1004.8,1009.7,1.7,2.7,9,222.6,0
2015-11-28 03:35:46,5,63,18.7,76,4.8,1004.7,1009.6,1.7,2.7,8,222.6,0
2015-11-28 03:40:46,5,63,18.7,76,4.9,1004.7,1009.6,3.1,3.4,8,222.6,0
2015-11-28 03:45:46,5,63,18.6,74,5.1,1004.5,1009.4,3.1,4.4,8,222.6,0
2015-11-28 03:50:46,5,63,18.6,74,5.3,1004.4,1009.3,4.1,5.1,8,222.6,0
2015-11-28 03:55:46,5,63,18.6,74,5.5,1004.5,1009.4,2.7,4.8,8,222.6,0
2015-11-28 04:00:46,5,63,18.6,74,5.4,1004.6,1009.5,2.7,3.7,8,222.6,0
2015-11-28 04:05:46,5,62,18.5,74,5.4,1004.6,1009.5,3.7,5.1,10,222.6,0
2015-11-28 04:10:46,5,62,18.5,74,5.4,1004.6,1009.5,2,3.7,9,222.6,0
2015-11-28 04:15:46,5,62,18.5,75,5.3,1004.1,1009,2,2.7,8,222.6,0
2015-11-28 04:20:46,5,62,18.5,75,5.3,1004,1008.9,2.7,3.4,8,222.6,0
2015-11-28 04:25:46,5,62,18.6,75,5.3,1003.7,1008.6,2.7,3.7,8,222.6,0
2015-11-28 04:30:46,5,62,18.6,75,5.3,1003.8,1008.7,2.7,4.1,8,222.6,0
2015-11-28 04:35:46,5,62,18.6,75,5.3,1003.7,1008.6,2,3.1,10,222.6,0
2015-11-28 04:40:46,5,62,18.5,75,5.4,1003.6,1008.5,2.7,5.1,8,222.6,0
2015-11-28 04:45:46,5,62,18.5,75,5.4,1003.1,1008,3.1,4.4,10,222.6,0
2015-11-28 04:50:46,5,62,18.5,75,5.5,1003,1007.9,2.7,3.4,9,222.6,0
2015-11-28 04:55:46,5,62,18.5,75,5.5,1003.1,1008,2.7,4.4,8,222.6,0
2015-11-28 05:00:46,5,62,18.5,75,5.5,1003,1007.9,2.4,4.8,8,222.6,0
2015-11-28 05:05:46,5,62,18.5,75,5.5,1002.8,1007.7,3.4,4.1,8,222.6,0
2015-11-28 05:10:46,5,62,18.5,75,5.5,1002.7,1007.6,2.4,3.1,10,222.6,0
2015-11-28 05:15:46,5,62,18.5,75,5.6,1002.5,1007.4,2.7,3.4,8,222.6,0
2015-11-28 05:20:46,5,62,18.5,75,5.6,1002.3,1007.2,3.1,4.8,8,222.6,0
2015-11-28 05:25:46,5,62,18.5,75,5.7,1002.1,1007,3.1,5.1,8,222.6,0
2015-11-28 05:30:46,5,62,18.5,75,5.8,1001.9,1006.8,3.7,4.8,8,222.6,0
2015-11-28 05:35:46,5,62,18.4,75,5.8,1001.9,1006.8,3.4,4.4,8,222.6,0
2015-11-28 05:40:46,5,62,18.4,75,5.8,1001.8,1006.7,5.1,6.5,8,222.6,0
2015-11-28 05:45:46,5,62,18.4,74,6,1001.5,1006.4,5.1,7.1,9,222.6,0
2015-11-28 05:50:46,5,62,18.4,74,6.1,1001.3,1006.2,4.8,7.8,8,222.6,0
2015-11-28 05:55:46,5,62,18.4,74,6.1,1001.1,1006,4.1,5.4,8,222.6,0
2015-11-28 06:00:46,5,62,18.4,74,6.1,1001.1,1006,3.4,4.4,8,222.6,0
2015-11-28 06:05:46,5,62,18.4,74,6.1,1000.9,1005.8,2.4,3.7,8,222.6,0
2015-11-28 06:10:46,5,62,18.4,74,6.2,1000.6,1005.5,3.7,4.4,8,222.6,0
2015-11-28 06:15:46,5,62,18.4,74,6.3,1000.6,1005.5,3.4,4.4,9,222.6,0
2015-11-28 06:20:46,5,62,18.4,74,6.4,1000.7,1005.6,2.7,3.7,14,222.6,0
2015-11-28 06:25:46,5,62,18.4,74,6.3,1000.6,1005.5,3.7,4.8,8,222.6,0
2015-11-28 06:30:45,5,62,18.4,74,6.3,1000.3,1005.2,3.1,4.8,8,222.6,0
2015-11-28 06:35:45,5,62,18.4,74,6.3,1000.4,1005.3,3.7,5.4,10,222.6,0
2015-11-28 06:40:45,5,62,18.4,74,6.3,1000.1,1005,3.7,5.8,8,222.6,0
2015-11-28 06:45:45,5,62,18.4,75,6.3,1000,1004.9,3.7,5.1,8,222.6,0
2015-11-28 06:50:45,5,62,18.3,75,6.3,1000,1004.9,3.4,4.8,8,222.6,0
2015-11-28 06:55:45,5,62,18.3,75,6.3,999.5,1004.4,3.1,5.1,10,222.6,0
2015-11-28 07:00:45,5,62,18.3,75,6.3,999.8,1004.7,4.1,7.5,12,222.6,0
2015-11-28 07:05:45,5,62,18.4,75,6.3,999.5,1004.4,6.5,9.9,8,222.6,0
2015-11-28 07:10:45,5,62,18.3,75,6.3,999.4,1004.3,3.7,5.1,8,222.6,0
2015-11-28 07:15:45,5,62,18.3,75,6.3,999.3,1004.2,5.1,6.5,8,222.6,0
2015-11-28 07:20:45,5,62,18.3,76,6.3,999.3,1004.2,4.1,6.1,8,222.6,0
2015-11-28 07:25:45,5,62,18.3,76,6.3,998.9,1003.8,3.4,4.4,8,222.6,0
2015-11-28 07:30:45,5,62,18.3,76,6.2,999,1003.9,3.4,5.1,9,222.6,0
2015-11-28 07:35:45,5,62,18.3,76,6.2,999.1,1004,3.4,4.4,8,222.6,0
2015-11-28 07:40:45,5,62,18.3,76,6.2,999,1003.9,3.1,5.1,10,222.6,0
2015-11-28 07:45:45,5,62,18.3,76,6.3,998.9,1003.8,3.1,4.1,8,222.6,0
2015-11-28 07:50:45,5,62,18.3,77,6.3,998.8,1003.7,2.4,3.7,10,222.6,0
2015-11-28 07:55:45,5,62,18.3,77,6.4,998.5,1003.4,6.5,8.2,8,222.6,0
2015-11-28 08:00:45,5,62,18.2,77,6.5,998.6,1003.5,3.1,4.4,8,222.6,0
2015-11-28 08:05:45,5,62,18.2,77,6.6,998.4,1003.3,4.4,6.5,8,222.6,0
2015-11-28 08:10:45,5,62,18.3,77,6.6,998,1002.9,4.1,6.1,8,222.6,0
2015-11-28 08:15:45,5,62,18.2,77,6.7,998.1,1003,3.4,5.8,10,222.6,0
2015-11-28 08:20:45,5,62,18.3,77,6.7,997.9,1002.8,4.4,6.8,13,222.6,0
2015-11-28 08:25:45,5,62,18.3,77,6.7,997.9,1002.8,2.4,4.1,9,222.6,0
2015-11-28 08:30:45,5,62,18.3,77,6.7,997.8,1002.7,2.4,3.7,10,222.6,0
2015-11-28 08:35:45,5,62,18.3,77,6.8,997.9,1002.8,3.4,4.4,10,222.6,0
2015-11-28 08:40:45,5,62,18.2,77,6.8,998.1,1003,3.1,4.4,10,222.6,0
2015-11-28 08:45:45,5,62,18.2,77,6.7,998,1002.9,3.1,4.4,10,222.6,0
2015-11-28 08:50:45,5,62,18.2,77,6.9,997.7,1002.6,2.7,4.1,10,222.6,0
2015-11-28 08:55:45,5,62,18.2,77,6.9,997.8,1002.7,3.1,4.4,9,222.6,0
2015-11-28 09:00:45,5,62,18.2,77,6.9,997.7,1002.6,2.7,4.8,8,222.6,0
2015-11-28 09:05:45,5,62,18.2,76,7,997.6,1002.5,4.1,5.8,10,222.6,0
2015-11-28 09:10:45,5,62,18.2,76,7.1,997.7,1002.6,3.1,4.4,8,222.6,0
2015-11-28 09:15:45,5,62,18.2,76,7,997.7,1002.6,3.7,4.4,10,222.6,0
2015-11-28 09:20:45,5,62,18.2,75,7,997.6,1002.5,4.8,7.8,10,222.6,0
2015-11-28 09:25:45,5,62,18.2,76,6.8,997.7,1002.6,4.1,5.8,13,222.6,0
2015-11-28 09:30:45,5,62,18.2,76,6.8,997.6,1002.5,4.1,5.4,10,222.6,0
2015-11-28 09:35:45,5,62,18.2,76,6.7,997.4,1002.3,5.4,7.1,10,222.6,0
2015-11-28 09:40:45,5,62,18.2,76,6.6,997.6,1002.5,3.4,5.8,10,222.6,0
2015-11-28 09:45:45,5,62,18.2,76,6.6,997.2,1002.1,3.7,4.4,12,222.6,0
2015-11-28 09:50:45,5,62,18.2,76,6.6,997,1001.9,4.4,6.8,10,222.6,0
2015-11-28 09:55:45,5,62,18.2,75,6.8,996.8,1001.7,4.1,6.8,10,222.6,0
2015-11-28 10:00:45,5,62,18.2,73,7,996.8,1001.7,4.1,6.5,10,222.6,0
2015-11-28 10:05:45,5,62,18.2,73,7,996.8,1001.7,2.7,4.8,9,222.6,0
2015-11-28 10:10:45,5,62,18.2,73,7.1,996.6,1001.5,3.7,5.8,10,222.6,0
2015-11-28 10:15:45,5,62,18.1,73,7.3,996.7,1001.6,2.4,3.7,9,222.6,0
2015-11-28 10:20:45,5,62,18.1,73,7.3,996.8,1001.7,3.1,4.8,10,222.6,0
2015-11-28 10:25:45,5,62,18.1,73,7.4,996.6,1001.5,3.1,3.7,8,222.6,0
2015-11-28 10:30:45,5,62,18.2,74,7.5,996.5,1001.4,2.7,4.1,8,222.6,0
2015-11-28 10:35:45,5,62,18.2,74,7.7,996.6,1001.5,3.1,4.1,14,222.6,0
2015-11-28 10:40:45,5,62,18.2,74,7.8,996.6,1001.5,3.7,5.8,10,222.6,0
2015-11-28 10:45:45,5,62,18.2,74,7.7,996.5,1001.4,3.7,4.8,10,222.6,0
2015-11-28 10:50:45,5,62,18.2,74,7.7,996.4,1001.3,3.4,5.1,10,222.6,0
2015-11-28 10:55:45,5,62,18.2,74,7.7,996.1,1001,4.1,5.1,8,222.6,0
2015-11-28 11:00:45,5,62,18.1,74,7.6,996.6,1001.5,4.8,8.2,8,222.6,0
2015-11-28 11:05:45,5,62,18.2,75,6.7,996.4,1001.3,4.1,6.1,10,222.6,0
2015-11-28 11:10:45,5,62,18.1,75,6.6,996.7,1001.6,8.8,10.9,10,222.6,0
2015-11-28 11:15:45,5,62,18.1,76,6.6,996.4,1001.3,4.8,7.5,12,222.6,0
2015-11-28 11:20:45,5,61,18.1,76,6.6,996.5,1001.4,3.1,4.4,10,222.6,0
2015-11-28 11:25:45,5,59,18.1,75,6.6,996.4,1001.3,2.7,4.8,10,222.6,0
2015-11-28 11:30:45,5,60,18.1,75,6.6,996.3,1001.2,2,3.1,8,222.6,0
2015-11-28 11:35:45,5,60,18.1,75,6.6,996.2,1001.1,2.7,3.7,10,222.6,0
2015-11-28 11:40:45,5,60,18.1,75,6.5,996.1,1001,2,3.4,10,222.6,0
2015-11-28 11:45:45,5,61,18.1,75,6.4,996,1000.9,1.7,2.7,10,222.6,0
2015-11-28 11:50:45,5,61,18.1,75,6.5,995.8,1000.7,1.4,2,9,222.6,0
2015-11-28 11:55:45,5,62,18,75,6.4,995.9,1000.8,1,1.4,12,222.6,0
2015-11-28 12:00:45,5,62,18.1,76,6.5,996,1000.9,4.8,6.5,14,222.6,0
2015-11-28 12:05:45,5,63,18,76,6.8,996.1,1001,3.4,7.1,10,222.6,0
2015-11-28 12:10:45,5,63,18.1,76,6.8,996,1000.9,3.4,4.8,10,222.6,0
2015-11-28 12:15:45,5,63,18.1,76,6.7,995.7,1000.6,4.1,6.1,10,222.6,0
2015-11-28 12:20:45,5,64,18.2,76,6.8,995.8,1000.7,3.7,4.8,10,222.6,0
2015-11-28 12:25:45,5,64,18.2,76,6.9,995.9,1000.8,3.1,5.1,10,222.6,0
2015-11-28 12:30:45,5,64,18.2,74,7,995.6,1000.5,1.7,2.7,10,222.6,0
2015-11-28 12:35:45,5,64,18.3,75,7.1,995.5,1000.4,2,2.7,10,222.6,0
2015-11-28 12:40:45,5,64,18.3,75,7.2,995.5,1000.4,1,2,10,222.6,0
2015-11-28 12:45:45,5,64,18.4,75,7.2,995.3,1000.2,3.1,3.7,12,222.6,0
2015-11-28 12:50:45,5,64,18.5,74,7.5,995.5,1000.4,3.1,4.8,8,222.6,0
2015-11-28 12:55:45,5,64,18.6,74,7.7,995.4,1000.3,3.1,5.4,10,222.6,0
2015-11-28 13:00:45,5,64,18.7,73,7.8,995.3,1000.2,3.4,4.8,10,222.6,0
2015-11-28 13:05:45,5,64,18.8,73,7.9,995.5,1000.4,4.4,5.4,10,222.6,0
2015-11-28 13:10:45,5,64,18.8,73,8,995.5,1000.4,3.7,4.8,10,222.6,0
2015-11-28 13:15:45,5,64,18.9,73,8.1,995.5,1000.4,4.8,6.8,10,222.6,0
2015-11-28 13:20:45,5,64,18.9,72,8.2,995.5,1000.4,4.1,5.4,10,222.6,0
2015-11-28 13:25:45,5,63,19,72,8.3,995.5,1000.4,5.1,6.5,12,222.6,0
2015-11-28 13:30:45,5,63,19.1,70,8.3,995.5,1000.4,4.4,5.4,8,222.6,0
2015-11-28 13:35:45,5,63,19.1,69,8.4,995.4,1000.3,5.8,8.8,10,222.6,0
2015-11-28 13:40:45,5,63,19.2,67,8.4,995.4,1000.3,5.1,7.1,10,222.6,0
2015-11-28 13:45:45,5,63,19.2,67,8.4,995.4,1000.3,3.7,5.4,10,222.6,0
2015-11-28 13:50:45,5,62,19.3,67,8.4,995.5,1000.4,4.8,6.1,11,222.6,0
2015-11-28 13:55:45,5,62,19.4,68,8.4,995.4,1000.3,3.1,3.7,10,222.6,0
2015-11-28 14:00:45,5,62,19.4,68,8.5,995.4,1000.3,4.1,5.8,10,222.6,0
2015-11-28 14:05:45,5,62,19.5,68,8.6,995.2,1000.1,3.4,4.4,10,222.6,0
2015-11-28 14:10:45,5,62,19.6,68,8.6,995.2,1000.1,3.4,5.1,10,222.6,0
2015-11-28 14:15:45,5,62,19.6,68,8.6,995,999.9,4.4,5.4,9,222.6,0
2015-11-28 14:20:45,5,63,19.6,67,8.6,995,999.9,7.8,9.9,10,222.6,0
2015-11-28 14:25:45,5,63,19.7,67,8.6,995.2,1000.1,4.4,6.1,10,222.6,0
2015-11-28 14:30:45,5,62,19.7,67,8.6,995.1,1000,3.7,5.4,8,222.6,0
2015-11-28 14:35:45,5,62,19.7,68,8.6,995.2,1000.1,3.1,4.1,10,222.6,0
2015-11-28 14:40:45,5,62,19.7,68,8.7,995.1,1000,3.4,4.4,9,222.6,0
2015-11-28 14:45:45,5,62,19.7,67,8.8,995,999.9,5.8,7.5,10,222.6,0
2015-11-28 14:50:45,5,62,19.8,67,8.8,995.1,1000,3.7,7.5,10,222.6,0
2015-11-28 14:55:45,5,62,19.8,67,8.8,995.1,1000,4.4,7.1,9,222.6,0
2015-11-28 15:00:45,5,61,19.7,67,8.8,995.2,1000.1,3.4,4.8,14,222.6,0
2015-11-28 15:05:45,5,62,19.8,67,8.8,994.9,999.8,3.7,5.1,10,222.6,0
2015-11-28 15:10:45,5,62,19.8,67,8.8,995.1,1000,5.1,7.8,11,222.6,0
2015-11-28 15:15:45,5,62,19.9,66,8.8,994.9,999.8,4.8,7.5,10,222.6,0
2015-11-28 15:20:45,5,63,19.9,66,8.8,995.1,1000,4.1,5.4,10,222.6,0
2015-11-28 15:25:45,5,62,20,66,8.7,994.9,999.8,3.7,5.1,10,222.6,0
2015-11-28 15:30:45,5,62,20.1,66,8.7,995,999.9,3.1,4.4,8,222.6,0
2015-11-28 15:35:45,5,62,20.1,66,8.6,995.2,1000.1,2.7,3.7,10,222.6,0
2015-11-28 15:40:45,5,62,20.2,67,8.3,995.4,1000.3,3.4,4.1,8,222.6,0
2015-11-28 15:45:45,5,62,20.2,70,7.2,995.7,1000.6,5.4,9.2,10,222.6,0
2015-11-28 15:50:45,5,62,20.2,73,6.6,995.2,1000.1,3.4,6.1,14,222.6,0
2015-11-28 15:55:45,5,62,20.2,74,6.6,995.3,1000.2,3.1,4.1,12,222.6,0
2015-11-28 16:00:45,5,61,20.2,75,6.7,995.3,1000.2,4.8,7.1,10,222.6,0
2015-11-28 16:05:45,5,61,20.2,75,6.9,995.3,1000.2,3.4,4.8,10,222.6,0
2015-11-28 16:10:45,5,61,20.1,74,7.1,995.2,1000.1,2.7,4.4,2,222.6,0
2015-11-28 16:15:45,5,61,20.1,74,7.3,995.2,1000.1,3.1,4.4,9,222.6,0
2015-11-28 16:20:45,5,61,20.1,74,7.5,995.2,1000.1,5.1,7.1,10,222.6,0
2015-11-28 16:25:45,5,61,20,72,7.7,994.9,999.8,3.7,6.1,10,222.6,0
2015-11-28 16:30:45,5,61,20,71,7.9,995,999.9,3.4,5.1,10,222.6,0
2015-11-28 16:35:45,5,61,20,69,8,995.2,1000.1,4.8,6.1,10,234.3,0
2015-11-28 16:40:45,5,62,19.9,68,8.2,995.3,1000.2,3.7,5.8,10,234.3,0
2015-11-28 16:45:45,5,62,19.9,68,8.2,995.7,1000.6,6.1,7.5,10,234.3,0
2015-11-28 16:50:45,5,61,19.9,69,7.5,995.7,1000.6,4.4,6.1,8,234.3,0
2015-11-28 16:55:45,5,61,19.9,70,7.3,995.7,1000.6,6.1,7.8,10,234.3,0
2015-11-28 17:00:45,5,61,19.8,71,7.1,995.7,1000.6,4.4,5.8,10,234.3,0
2015-11-28 17:05:45,5,61,19.7,71,7,996,1000.9,4.4,6.8,10,234.3,0
2015-11-28 17:10:45,5,61,19.7,72,6.9,995.9,1000.8,5.1,7.5,10,234.3,0
2015-11-28 17:15:45,5,61,19.7,72,6.9,995.8,1000.7,4.1,5.8,10,234.6,0
2015-11-28 17:20:45,5,61,19.6,72,6.8,996,1000.9,4.4,6.8,8,234.6,0
2015-11-28 17:25:45,5,61,19.6,73,6.9,995.9,1000.8,2.7,4.1,14,234.6,0
2015-11-28 17:30:45,5,61,19.6,73,6.9,996.1,1001,3.7,5.4,10,234.6,0
2015-11-28 17:35:45,5,61,19.5,73,6.9,996.1,1001,4.4,6.1,10,234.6,0
2015-11-28 17:40:45,5,61,19.5,74,6.9,996.1,1001,3.7,5.1,10,234.6,0
2015-11-28 17:45:45,5,61,19.5,73,7,996.2,1001.1,3.7,5.8,10,234.6,0
2015-11-28 17:50:45,5,61,19.5,73,7.1,996.1,1001,4.4,7.5,9,234.6,0
2015-11-28 17:55:45,5,61,19.4,73,7.2,996.2,1001.1,3.1,4.4,10,234.6,0
2015-11-28 18:00:45,5,61,19.4,73,7.3,996.2,1001.1,4.1,6.1,10,234.6,0
2015-11-28 18:05:45,5,61,19.4,72,7.4,996,1000.9,5.8,8.8,10,234.6,0
2015-11-28 18:10:45,5,61,19.4,71,7.5,996.1,1001,4.4,6.5,10,234.6,0
2015-11-28 18:15:45,5,61,19.3,70,7.5,996.1,1001,4.8,6.5,10,234.6,0
2015-11-28 18:20:45,5,61,19.3,70,7.4,996.1,1001,2.7,4.4,10,234.6,0
2015-11-28 18:25:45,5,61,19.3,71,7.3,996.2,1001.1,3.1,4.4,10,234.6,0
2015-11-28 18:30:45,5,61,19.3,71,7.3,996.2,1001.1,3.1,4.1,8,234.6,0
2015-11-28 18:35:45,5,61,19.3,72,7.3,996.2,1001.1,4.4,7.1,10,234.6,0
2015-11-28 18:40:45,5,62,19.2,72,7.5,996.2,1001.1,3.1,4.1,8,234.6,0
2015-11-28 18:45:45,5,62,19.3,72,7.6,996.3,1001.2,3.7,5.1,10,234.6,0
2015-11-28 18:50:45,5,62,19.3,72,7.6,996.1,1001,4.1,5.1,10,234.6,0
2015-11-28 18:55:45,5,62,19.3,72,7.6,996.1,1001,3.1,4.8,9,234.6,0
2015-11-28 19:00:45,5,62,19.3,72,7.6,996.1,1001,3.1,4.1,10,234.6,0
2015-11-28 19:05:45,5,63,19.4,72,7.6,996.2,1001.1,3.4,5.1,10,234.6,0
2015-11-28 19:10:45,5,64,19.4,72,7.7,996.4,1001.3,2.7,4.4,10,234.6,0
2015-11-28 19:15:45,5,66,19.4,71,7.8,996.1,1001,3.4,5.4,12,234.6,0
2015-11-28 19:20:45,5,67,19.5,70,7.8,996.4,1001.3,3.1,4.1,12,234.6,0
2015-11-28 19:25:45,5,68,19.5,70,7.8,996.3,1001.2,2,2.7,10,234.6,0
2015-11-28 19:30:45,5,68,19.5,71,7.6,996.3,1001.2,2,3.1,8,235.8,0
2015-11-28 19:35:45,5,68,19.6,72,7.3,996.5,1001.4,2.7,4.1,10,236.1,0
2015-11-28 19:40:45,5,68,19.7,72,7.3,996.2,1001.1,1.4,2,1,236.1,0
2015-11-28 19:45:45,5,67,19.7,73,7.3,996.2,1001.1,2,3.7,14,236.1,0
2015-11-28 19:50:45,5,67,19.8,73,7.4,996.1,1001,7.1,8.8,10,236.4,0
2015-11-28 19:55:45,5,67,19.7,72,7.5,996,1000.9,3.4,5.4,10,236.4,0
2015-11-28 20:00:45,5,67,19.8,72,7.5,996,1000.9,2.4,3.4,13,236.4,0
2015-11-28 20:05:45,5,67,19.8,72,7.5,996,1000.9,2,2.7,8,236.4,0
2015-11-28 20:10:45,5,66,19.8,73,7.5,996.3,1001.2,4.1,5.4,10,236.4,0
2015-11-28 20:15:45,5,66,19.8,73,7.6,996.7,1001.6,2.7,4.4,14,237.6,0
2015-11-28 20:20:45,5,66,19.8,73,6.6,996.4,1001.3,4.1,8.5,10,238.2,0
2015-11-28 20:25:45,5,66,19.9,74,6.6,996.6,1001.5,4.1,5.4,9,238.2,0
2015-11-28 20:30:45,5,66,19.9,74,6.6,996.5,1001.4,3.7,5.8,10,238.2,0
2015-11-28 20:35:45,5,66,19.9,73,6.7,996.4,1001.3,3.7,5.8,8,238.2,0
2015-11-28 20:40:45,5,66,19.9,72,6.9,996.6,1001.5,3.1,4.4,12,238.2,0
2015-11-28 20:45:45,5,66,19.8,70,7.1,996.6,1001.5,2.4,3.7,10,238.2,0
2015-11-28 20:50:45,5,66,19.9,70,7.2,996.5,1001.4,1.7,2.4,10,238.2,0
2015-11-28 20:55:45,5,66,19.9,71,7.2,996.5,1001.4,2.4,3.7,10,238.2,0
2015-11-28 21:00:45,5,66,19.9,71,7.3,996.5,1001.4,3.1,4.8,10,238.2,0
2015-11-28 21:05:45,5,66,19.9,72,7.4,996.6,1001.5,3.1,5.4,10,238.2,0
2015-11-28 21:10:45,5,66,19.8,72,7.6,996.7,1001.6,2.7,4.1,8,238.2,0
2015-11-28 21:15:45,5,66,19.9,72,7.6,996.8,1001.7,3.1,4.4,10,238.2,0
2015-11-28 21:20:45,5,66,19.9,72,7.6,996.6,1001.5,3.4,4.8,10,238.2,0
2015-11-28 21:25:45,5,66,19.9,72,7.8,996.5,1001.4,2.4,3.7,1,238.2,0
2015-11-28 21:30:45,5,65,20,72,8,996.4,1001.3,3.7,5.4,15,238.2,0
2015-11-28 21:35:45,5,65,20,71,8.1,996.3,1001.2,3.4,4.4,10,238.2,0
2015-11-28 21:40:45,5,65,20,71,8.2,996.4,1001.3,3.7,5.4,8,238.2,0
2015-11-28 21:45:45,5,65,20,70,8.3,996.6,1001.5,3.1,4.1,9,238.2,0
2015-11-28 21:50:45,5,65,20,69,8.3,996.7,1001.6,4.8,6.1,9,238.2,0
2015-11-28 21:55:45,5,65,20.1,69,8.5,996.6,1001.5,4.1,5.8,10,238.2,0
2015-11-28 22:00:45,5,65,20.1,69,8.5,996.5,1001.4,3.7,5.1,10,238.2,0
2015-11-28 22:05:45,5,65,20.1,69,8.4,996.7,1001.6,3.7,5.8,10,238.2,0
2015-11-28 22:10:45,5,65,20.1,69,8.4,996.8,1001.7,3.1,4.4,10,238.2,0
2015-11-28 22:15:45,5,65,20.1,69,8.4,996.7,1001.6,3.4,5.1,10,238.2,0
2015-11-28 22:20:45,5,65,20.1,69,8.4,996.8,1001.7,4.8,7.1,10,238.2,0
2015-11-28 22:25:45,5,65,20.1,68,8.5,996.7,1001.6,4.1,7.1,8,238.2,0
2015-11-28 22:30:45,5,65,20.2,67,8.5,996.9,1001.8,4.1,5.8,10,238.2,0
2015-11-28 22:35:45,5,65,20.2,67,8.5,996.8,1001.7,4.4,5.8,14,238.2,0
2015-11-28 22:40:45,5,65,20.2,65,8.5,996.7,1001.6,4.4,6.5,8,238.2,0
2015-11-28 22:45:45,5,65,20.2,65,8.6,996.8,1001.7,4.8,5.4,8,238.2,0
2015-11-28 22:50:45,5,65,20.2,65,8.6,996.8,1001.7,3.7,5.4,10,238.2,0
2015-11-28 22:55:46,5,65,20.2,65,8.7,996.8,1001.7,4.1,4.8,10,238.2,0
2015-11-28 23:00:46,5,65,20.2,66,8.6,996.7,1001.6,4.1,6.1,8,238.2,0
2015-11-28 23:05:46,5,65,20.2,66,8.7,996.7,1001.6,3.1,4.8,10,238.2,0
2015-11-28 23:10:46,5,65,20.2,66,8.6,996.7,1001.6,4.8,5.4,10,238.2,0
2015-11-28 23:15:46,5,64,20.2,66,8.6,997,1001.9,3.7,6.5,8,238.2,0
2015-11-28 23:20:46,5,64,20.2,66,8.6,997,1001.9,3.4,5.1,10,238.2,0
2015-11-28 23:25:46,5,64,20.3,66,8.6,996.9,1001.8,4.8,7.5,10,238.2,0
2015-11-28 23:30:46,5,64,20.3,66,8.6,997,1001.9,3.7,6.8,10,238.2,0
2015-11-28 23:35:46,5,64,20.3,66,8.7,997,1001.9,4.4,6.1,9,238.2,0
2015-11-28 23:40:46,5,64,20.3,66,8.8,997,1001.9,4.4,5.4,8,238.2,0
2015-11-28 23:45:46,5,64,20.3,66,8.7,997,1001.9,3.7,5.8,9,238.2,0
2015-11-28 23:50:46,5,64,20.3,66,8.7,996.9,1001.8,3.7,5.4,10,238.2,0
2015-11-28 23:55:46,5,64,20.3,66,8.7,997,1001.9,3.7,5.4,10,238.2,0
