2015-11-08 00:03:48,5,66,19.7,74,7.8,1012.3,1017.2,2.7,4.1,4,156.9,0
2015-11-08 00:08:48,5,66,19.8,74,7.8,1012.2,1017.1,2.4,3.7,4,156.9,0
2015-11-08 00:13:48,5,66,19.8,74,7.8,1012,1016.9,2.7,4.1,4,156.9,0
2015-11-08 00:18:48,5,66,19.8,75,7.8,1012,1016.9,2.7,3.1,12,156.9,0
2015-11-08 00:23:48,5,66,19.8,75,7.8,1012,1016.9,2.4,2.7,12,156.9,0
2015-11-08 00:28:48,5,66,19.8,75,7.8,1012.1,1017,2.4,3.1,4,156.9,0
2015-11-08 00:33:48,5,66,19.8,75,7.9,1012,1016.9,2.4,3.1,4,156.9,0
2015-11-08 00:38:48,5,66,19.8,75,8.1,1011.9,1016.8,2.7,4.1,13,156.9,0
2015-11-08 00:43:48,5,66,19.8,76,8.3,1011.9,1016.8,2.7,3.7,12,156.9,0
2015-11-08 00:48:48,5,66,19.8,76,8.3,1011.8,1016.7,2,3.1,12,156.9,0
2015-11-08 00:53:48,5,66,19.8,76,8.3,1011.6,1016.5,3.1,4.1,6,156.9,0
2015-11-08 00:58:48,5,66,19.8,76,8.1,1011.6,1016.5,2.4,3.1,4,156.9,0
2015-11-08 01:03:48,5,66,19.8,76,8.3,1011.3,1016.2,2.4,3.1,4,156.9,0
2015-11-08 01:08:48,5,66,19.8,76,8.4,1011.2,1016.1,2.7,3.7,4,156.9,0
2015-11-08 01:13:48,5,66,19.8,76,8.6,1011.1,1016,2.7,3.4,4,156.9,0
2015-11-08 01:18:48,5,66,19.8,76,8.7,1011,1015.9,2.7,3.4,14,156.9,0
2015-11-08 01:23:48,5,66,19.8,76,8.7,1010.8,1015.7,2,3.4,4,156.9,0
2015-11-08 01:28:48,5,66,19.8,76,8.7,1010.7,1015.6,2.4,3.4,3,156.9,0
2015-11-08 01:33:48,5,66,19.8,76,8.7,1010.4,1015.3,2,3.1,4,156.9,0
2015-11-08 01:38:48,5,66,19.8,76,8.9,1010.5,1015.4,2,2.7,13,156.9,0
2015-11-08 01:43:48,5,66,19.8,75,9.1,1010.2,1015.1,2,3.1,4,156.9,0
2015-11-08 01:48:48,5,66,19.8,75,9.2,1009.9,1014.8,3.4,4.1,14,156.9,0
2015-11-08 01:53:48,5,66,19.8,75,9.5,1009.8,1014.7,2.7,4.1,4,156.9,0
2015-11-08 01:58:48,5,66,19.8,75,9.6,1009.5,1014.4,3.1,4.8,4,156.9,0
2015-11-08 02:03:48,5,66,19.8,75,9.7,1009.7,1014.6,3.4,4.4,4,156.9,0
2015-11-08 02:08:48,5,66,19.8,75,9.7,1009.3,1014.2,4.1,5.1,4,156.9,0
2015-11-08 02:13:48,5,66,19.7,75,9.8,1009.2,1014.1,3.1,5.1,14,156.9,0
2015-11-08 02:18:48,5,66,19.7,75,9.9,1009.2,1014.1,2.4,3.7,8,156.9,0
2015-11-08 02:23:48,5,66,19.7,75,9.8,1009,1013.9,2.4,3.7,4,156.9,0
2015-11-08 02:28:48,5,66,19.7,75,9.9,1008.8,1013.7,3.4,5.1,4,156.9,0
2015-11-08 02:33:48,5,66,19.7,74,10,1008.7,1013.6,3.1,5.1,4,156.9,0
2015-11-08 02:38:48,5,66,19.7,74,10,1008.6,1013.5,3.1,4.8,4,156.9,0
2015-11-08 02:43:48,5,66,19.7,74,10,1008.7,1013.6,3.4,4.4,4,156.9,0
2015-11-08 02:48:48,5,66,19.7,74,10,1008.5,1013.4,3.7,5.1,14,156.9,0
2015-11-08 02:53:48,5,65,19.7,74,10,1008.1,1013,3.7,4.4,4,156.9,0
2015-11-08 02:58:48,5,65,19.7,75,9.8,1008.2,1013.1,3.4,4.4,12,156.9,0
2015-11-08 03:03:48,5,65,19.7,75,9.6,1007.9,1012.8,2.7,4.1,4,156.9,0
2015-11-08 03:08:48,5,65,19.8,75,9.6,1008,1012.9,2.7,3.7,14,156.9,0
2015-11-08 03:13:48,5,65,19.8,75,9.7,1008,1012.9,3.4,4.8,4,156.9,0
2015-11-08 03:18:48,5,65,19.7,74,10,1007.9,1012.8,2.4,3.4,4,156.9,0
2015-11-08 03:23:48,5,65,19.7,74,10.2,1007.6,1012.5,3.1,5.1,13,156.9,0
2015-11-08 03:28:48,5,65,19.7,74,10.5,1007.5,1012.4,2.7,4.8,4,156.9,0
2015-11-08 03:33:48,5,65,19.7,73,10.7,1007.3,1012.2,2,4.1,4,156.9,0
2015-11-08 03:38:48,5,65,19.7,73,10.8,1007.1,1012,4.1,7.5,4,156.9,0
2015-11-08 03:43:48,5,65,19.7,72,10.9,1007,1011.9,4.1,6.8,8,156.9,0
2015-11-08 03:48:48,5,65,19.7,70,11,1006.7,1011.6,5.8,8.5,12,156.9,0
2015-11-08 03:53:48,5,65,19.7,70,11,1006.7,1011.6,3.1,4.4,4,156.9,0
2015-11-08 03:58:48,5,65,19.7,71,10.9,1006.7,1011.6,3.7,5.1,4,156.9,0
2015-11-08 04:03:48,5,65,19.7,71,10.9,1006.3,1011.2,3.7,5.4,4,156.9,0
2015-11-08 04:08:48,5,65,19.7,71,10.9,1006.1,1011,2.7,3.4,4,156.9,0
2015-11-08 04:13:48,5,65,19.7,72,10.8,1006,1010.9,3.1,4.8,4,156.9,0
2015-11-08 04:18:48,5,65,19.7,70,11,1006,1010.9,2.4,4.1,0,156.9,0
2015-11-08 04:23:48,5,65,19.7,70,11,1005.8,1010.7,2.7,6.5,8,156.9,0
2015-11-08 04:28:48,5,65,19.7,70,11.2,1005.7,1010.6,3.1,4.1,8,156.9,0
2015-11-08 04:33:48,5,65,19.7,70,11.2,1005.5,1010.4,2.7,4.8,4,156.9,0
2015-11-08 04:38:48,5,65,19.7,70,11.3,1005.5,1010.4,3.1,6.1,14,156.9,0
2015-11-08 04:43:48,5,65,19.7,70,11.3,1005.5,1010.4,1,1.7,2,156.9,0
2015-11-08 04:48:48,5,65,19.6,70,11.3,1005.4,1010.3,1.7,2.7,8,156.9,0
2015-11-08 04:53:48,5,65,19.6,70,11.4,1005,1009.9,2.7,4.4,2,156.9,0
2015-11-08 04:58:48,5,65,19.7,70,11.5,1004.9,1009.8,2.4,3.4,0,156.9,0
2015-11-08 05:03:48,5,65,19.6,70,11.5,1005,1009.9,1.7,3.1,4,156.9,0
2015-11-08 05:08:48,5,65,19.6,70,11.6,1004.9,1009.8,3.7,6.1,10,156.9,0
2015-11-08 05:13:48,5,65,19.6,69,11.6,1005,1009.9,1,2,10,156.9,0
2015-11-08 05:18:48,5,65,19.6,69,11.7,1005,1009.9,1.7,3.1,2,156.9,0
2015-11-08 05:23:48,5,65,19.6,69,11.7,1004.6,1009.5,4.1,5.8,14,156.9,0
2015-11-08 05:28:48,5,65,19.6,69,11.8,1004.4,1009.3,2,3.7,4,156.9,0
2015-11-08 05:33:48,5,65,19.6,68,12,1003.8,1008.7,3.7,6.1,2,156.9,0
2015-11-08 05:38:48,5,64,19.6,67,12,1003.4,1008.3,3.4,7.1,4,156.9,0
2015-11-08 05:43:48,5,64,19.6,67,12.1,1003.2,1008.1,2,3.1,12,156.9,0
2015-11-08 05:48:48,5,64,19.6,67,12,1003.4,1008.3,2.4,3.4,4,156.9,0
2015-11-08 05:53:48,5,64,19.6,67,12,1003,1007.9,2.7,4.4,14,156.9,0
2015-11-08 05:58:48,5,64,19.6,66,12.1,1002.9,1007.8,2.4,4.8,8,156.9,0
2015-11-08 06:03:48,5,64,19.6,66,12.1,1002.7,1007.6,2,4.8,10,156.9,0
2015-11-08 06:08:48,5,64,19.6,67,12.1,1002.6,1007.5,2.4,5.1,4,156.9,0
2015-11-08 06:13:48,5,64,19.6,67,12.1,1002.5,1007.4,1.7,3.7,4,156.9,0
2015-11-08 06:18:48,5,64,19.6,66,12.2,1002.4,1007.3,2.4,4.4,12,156.9,0
2015-11-08 06:23:48,5,64,19.6,66,12.2,1002.3,1007.2,2,5.4,4,156.9,0
2015-11-08 06:28:48,5,64,19.6,66,12.3,1002.1,1007,1.7,3.4,0,156.9,0
2015-11-08 06:33:48,5,64,19.6,66,12.3,1002.1,1007,1.7,2.7,10,156.9,0
2015-11-08 06:38:48,5,64,19.6,66,12.4,1001.9,1006.8,1.7,3.1,8,156.9,0
2015-11-08 06:43:48,5,64,19.6,66,12.4,1001.8,1006.7,1.4,3.1,10,156.9,0
2015-11-08 06:48:48,5,64,19.6,67,12.4,1001.3,1006.2,1.4,3.1,4,156.9,0
2015-11-08 06:53:48,5,64,19.6,67,12.4,1001.3,1006.2,2.7,6.5,8,156.9,0
2015-11-08 06:58:48,5,64,19.6,67,12.4,1001,1005.9,2.4,6.5,8,156.9,0
2015-11-08 07:03:48,5,64,19.6,67,12.4,1000.8,1005.7,1.4,4.1,8,156.9,0
2015-11-08 07:08:48,5,64,19.6,67,12.4,1000.6,1005.5,2.4,4.1,10,156.9,0
2015-11-08 07:13:48,5,64,19.6,67,12.5,1000.2,1005.1,3.7,6.1,14,156.9,0
2015-11-08 07:18:48,5,64,19.6,67,12.5,1000.2,1005.1,4.4,7.1,9,156.9,0
2015-11-08 07:23:48,5,64,19.6,67,12.5,1000,1004.9,6.1,8.8,10,156.9,0
2015-11-08 07:28:48,5,64,19.6,68,12.5,999.9,1004.8,3.7,6.1,14,156.9,0
2015-11-08 07:33:48,5,64,19.6,68,12.4,999.8,1004.7,2.4,6.5,8,156.9,0
2015-11-08 07:38:48,5,64,19.6,69,12.4,999.5,1004.4,2.4,4.8,10,156.9,0
2015-11-08 07:43:48,5,64,19.6,69,12.3,999.4,1004.3,2,4.4,4,156.9,0
2015-11-08 07:48:48,5,64,19.6,69,12.4,999.3,1004.2,3.7,4.8,10,156.9,0
2015-11-08 07:53:48,5,64,19.6,70,12.3,999.2,1004.1,3.4,6.8,4,156.9,0
2015-11-08 07:58:48,5,64,19.6,71,12.1,999.1,1004,3.4,5.4,14,156.9,0
2015-11-08 08:03:48,5,64,19.6,71,12.1,998.8,1003.7,4.4,8.2,10,156.9,0
2015-11-08 08:08:48,5,64,19.6,71,12.1,998.6,1003.5,5.8,8.8,4,156.9,0
2015-11-08 08:13:48,5,64,19.6,72,12.2,998.4,1003.3,3.4,5.1,4,156.9,0
2015-11-08 08:18:48,5,64,19.6,71,12.4,998.5,1003.4,4.8,8.8,3,157.2,0
2015-11-08 08:23:48,5,64,19.6,71,12.4,998.1,1003,4.1,5.8,14,157.2,0
2015-11-08 08:28:48,5,64,19.6,71,12.4,998.1,1003,5.8,9.5,8,157.2,0
2015-11-08 08:33:48,5,64,19.6,72,12.6,998.2,1003.1,3.7,5.4,2,157.2,0
2015-11-08 08:38:48,5,64,19.6,72,12.7,997.5,1002.4,5.4,8.8,8,157.2,0
2015-11-08 08:43:48,5,64,19.6,72,12.8,997.8,1002.7,3.4,6.5,0,157.2,0
2015-11-08 08:48:48,5,64,19.6,72,12.7,997.9,1002.8,4.8,8.2,8,157.2,0
2015-11-08 08:53:48,5,65,19.6,72,12.9,997.7,1002.6,2.7,4.8,4,157.2,0
2015-11-08 08:58:48,5,65,19.6,72,13,997.1,1002,4.4,7.5,10,157.2,0
2015-11-08 09:03:48,5,65,19.6,72,13.2,996.8,1001.7,5.4,9.2,2,157.2,0
2015-11-08 09:08:48,5,65,19.6,72,13.4,997.2,1002.1,3.4,6.1,8,157.2,0
2015-11-08 09:13:48,5,65,19.6,72,13.7,997.3,1002.2,4.4,7.5,14,157.2,0
2015-11-08 09:18:48,5,65,19.6,72,13.9,997.4,1002.3,8.5,12.6,8,157.2,0
2015-11-08 09:23:48,5,65,19.6,70,14.2,997.5,1002.4,4.8,8.8,10,157.2,0
2015-11-08 09:28:48,5,65,19.6,70,14.3,997.4,1002.3,5.4,9.9,8,157.2,0
2015-11-08 09:33:48,5,65,19.6,70,14.4,997.5,1002.4,6.8,14.3,10,157.2,0
2015-11-08 09:38:48,5,65,19.7,70,14.4,997.6,1002.5,4.1,7.8,14,157.2,0
2015-11-08 09:43:48,5,65,19.7,70,14.6,997.6,1002.5,5.1,8.8,10,157.2,0
2015-11-08 09:48:48,5,65,19.7,70,14.6,997.6,1002.5,6.5,8.8,10,157.2,0
2015-11-08 09:53:48,5,65,19.7,70,14.6,997.7,1002.6,7.8,9.9,10,157.2,0
2015-11-08 09:58:48,5,65,19.7,69,14.8,998,1002.9,5.8,9.9,8,157.2,0
2015-11-08 10:03:48,5,65,19.7,69,14.9,997.8,1002.7,5.4,8.8,8,157.2,0
2015-11-08 10:08:48,5,65,19.7,69,14.9,997.6,1002.5,4.8,5.4,8,157.2,0
2015-11-08 10:13:48,5,65,19.7,69,14.9,997.6,1002.5,7.8,11.6,8,157.2,0
2015-11-08 10:18:48,5,65,19.7,68,15,997.6,1002.5,5.8,7.5,10,157.2,0
2015-11-08 10:23:48,5,65,19.7,68,15,997.8,1002.7,5.8,7.5,10,157.2,0
2015-11-08 10:28:48,5,65,19.7,69,14.9,997.7,1002.6,4.8,6.5,10,157.2,0
2015-11-08 10:33:48,5,65,19.7,69,14.9,997.8,1002.7,5.8,8.2,14,157.2,0
2015-11-08 10:38:48,5,65,19.8,69,14.9,997.7,1002.6,3.7,5.8,10,157.2,0
2015-11-08 10:43:48,5,65,19.8,68,14.8,997.7,1002.6,5.8,8.2,8,157.2,0
2015-11-08 10:48:48,5,65,19.8,67,14.9,997.7,1002.6,8.2,10.9,9,157.2,0
2015-11-08 10:53:48,5,65,19.8,67,14.8,997.6,1002.5,6.5,11.2,9,157.2,0
2015-11-08 10:58:48,5,65,19.8,68,14.8,997.7,1002.6,5.8,7.8,10,157.2,0
2015-11-08 11:03:48,5,65,19.8,68,14.7,997.6,1002.5,6.5,8.2,10,157.2,0
2015-11-08 11:08:48,5,65,19.8,68,14.7,997.4,1002.3,5.1,7.5,10,157.2,0
2015-11-08 11:13:48,5,65,19.9,68,14.5,997.7,1002.6,7.1,9.9,9,157.2,0
2015-11-08 11:18:48,5,65,19.9,67,14.5,997.6,1002.5,6.5,8.8,9,157.2,0
2015-11-08 11:23:48,5,65,19.9,67,14.4,997.6,1002.5,4.1,9.2,8,157.2,0
2015-11-08 11:28:48,5,65,19.9,67,14.4,997.7,1002.6,3.1,6.5,8,157.2,0
2015-11-08 11:33:48,5,65,19.9,68,14.2,997.6,1002.5,4.4,6.5,13,157.5,0
2015-11-08 11:38:48,5,64,19.9,70,13.4,997.6,1002.5,3.4,5.4,14,159,0
2015-11-08 11:43:48,5,64,19.8,72,13,997.7,1002.6,5.4,7.5,8,159.3,0
2015-11-08 11:48:48,5,64,19.8,73,12.8,998,1002.9,3.7,6.5,12,159.3,0
2015-11-08 11:53:48,5,64,19.8,73,12.8,998.2,1003.1,3.4,5.4,11,159.3,0
2015-11-08 11:58:48,5,64,19.8,72,12.3,998.3,1003.2,3.1,3.7,10,159.3,0
2015-11-08 12:03:48,5,64,19.8,72,12,998.4,1003.3,3.4,5.4,13,159.3,0
2015-11-08 12:08:48,5,64,19.8,72,12,998.4,1003.3,4.1,5.8,10,159.3,0
2015-11-08 12:13:48,5,64,19.8,73,11.9,998.7,1003.6,3.4,4.8,10,159.3,0
2015-11-08 12:18:48,5,64,19.8,73,11.7,998.8,1003.7,3.7,5.8,10,159.3,0
2015-11-08 12:23:48,5,64,19.8,73,11.4,999.1,1004,3.1,4.8,,159.3,0
2015-11-08 12:28:48,5,64,19.8,73,11.3,999,1003.9,3.4,4.4,14,159.3,0
2015-11-08 12:33:48,5,64,19.8,73,11.1,999.2,1004.1,3.7,5.8,8,159.6,0
2015-11-08 12:38:48,5,64,19.7,73,11,999.9,1004.8,4.4,6.8,10,159.6,0
2015-11-08 12:43:48,5,64,19.7,74,10.7,1000.1,1005,4.8,7.1,10,159.6,0
2015-11-08 12:48:48,5,64,19.7,74,10.4,1000.2,1005.1,7.1,10.5,12,159.6,0
2015-11-08 12:53:48,5,64,19.7,73,10.2,1000.3,1005.2,6.5,8.2,13,159.6,0
2015-11-08 12:58:48,5,64,19.7,74,9.9,1000.3,1005.2,5.8,7.1,14,159.6,0
2015-11-08 13:03:48,5,64,19.7,75,9.8,999.9,1004.8,4.4,6.8,10,159.6,0
2015-11-08 13:08:48,5,64,19.7,74,10,1000,1004.9,4.4,5.8,12,159.6,0
2015-11-08 13:13:48,5,64,19.7,73,10,1000.3,1005.2,4.4,6.5,10,159.6,0
2015-11-08 13:18:48,5,64,19.7,73,10,1000.1,1005,4.4,6.8,12,159.6,0
2015-11-08 13:23:48,5,64,19.7,72,10.1,1000.3,1005.2,5.1,7.8,12,159.6,0
2015-11-08 13:28:48,5,64,19.7,70,10.3,1000.5,1005.4,3.4,5.4,10,159.6,0
2015-11-08 13:33:48,5,64,19.9,68,10.5,1000.8,1005.7,4.1,5.1,12,159.6,0
2015-11-08 13:38:48,5,64,19.9,67,10.6,1000.9,1005.8,4.1,5.8,12,159.6,0
2015-11-08 13:43:48,5,64,19.9,66,10.4,1001.3,1006.2,3.7,4.8,14,159.6,0
2015-11-08 13:48:48,5,63,20,66,10.2,1001.5,1006.4,3.7,5.8,13,159.6,0
2015-11-08 13:53:48,5,63,19.9,67,10.2,1001.5,1006.4,3.4,5.1,10,159.6,0
2015-11-08 13:58:48,5,63,19.9,67,10.1,1001.6,1006.5,3.7,5.1,12,159.6,0
2015-11-08 14:03:48,5,62,20,68,9.8,1001.7,1006.6,3.4,4.4,10,159.6,0
2015-11-08 14:08:48,5,62,20,68,9.5,1001.8,1006.7,3.4,5.1,8,159.6,0
2015-11-08 14:13:48,5,62,20,68,9.4,1001.9,1006.8,3.1,4.4,14,159.6,0
2015-11-08 14:18:48,5,62,20,68,9.4,1002.1,1007,2.4,3.7,8,159.6,0
2015-11-08 14:23:48,5,62,20,69,9.5,1002.1,1007,2,3.4,14,159.6,0
2015-11-08 14:28:48,5,62,20,67,10.1,1002.3,1007.2,2.7,4.1,10,159.6,0
2015-11-08 14:33:48,5,62,20,65,10.4,1002.3,1007.2,3.7,5.4,12,159.6,0
2015-11-08 14:38:48,5,63,20.1,64,10.5,1002.3,1007.2,2.7,4.1,14,159.6,0
2015-11-08 14:43:48,5,63,20.2,64,10.5,1002.5,1007.4,4.1,4.8,10,159.6,0
2015-11-08 14:48:48,5,62,20.3,64,10.2,1002.5,1007.4,3.1,4.4,10,159.6,0
2015-11-08 14:53:48,5,62,20.4,64,10.5,1002.5,1007.4,3.1,4.4,12,159.6,0
2015-11-08 14:58:48,5,62,20.4,64,10.7,1002.6,1007.5,3.1,3.7,10,159.6,0
2015-11-08 15:03:48,5,62,20.4,63,10.5,1002.8,1007.7,1.7,2.4,10,159.6,0
2015-11-08 15:08:48,5,62,20.5,64,10.3,1002.8,1007.7,1.7,2.4,11,159.6,0
2015-11-08 15:13:48,5,63,20.5,64,10,1002.8,1007.7,2,3.1,12,159.6,0
2015-11-08 15:18:48,5,63,20.5,65,9.8,1003,1007.9,2.4,3.4,12,159.6,0
2015-11-08 15:23:48,5,63,20.5,65,9.5,1003.1,1008,3.7,6.5,14,159.6,0
2015-11-08 15:28:48,5,63,20.5,65,9.4,1003.4,1008.3,2.4,3.4,12,159.6,0
2015-11-08 15:33:48,5,62,20.5,65,9.4,1003.2,1008.1,2.7,4.4,10,159.6,0
2015-11-08 15:38:48,5,62,20.5,65,9.4,1003.3,1008.2,2,3.1,12,159.6,0
2015-11-08 15:43:48,5,62,20.5,65,9.4,1003.3,1008.2,2.4,3.4,8,159.6,0
2015-11-08 15:48:48,5,62,20.5,65,9.4,1003.5,1008.4,3.4,5.8,12,159.6,0
2015-11-08 15:53:48,5,62,20.5,65,9.5,1003.5,1008.4,4.4,5.8,10,159.6,0
2015-11-08 15:58:48,5,62,20.5,64,9.4,1003.6,1008.5,4.1,4.8,12,159.6,0
2015-11-08 16:03:48,5,62,20.5,64,9.3,1003.5,1008.4,3.4,4.4,11,159.6,0
2015-11-08 16:08:48,5,62,20.5,64,9.3,1003.7,1008.6,2.4,4.1,12,159.6,0
2015-11-08 16:13:48,5,62,20.5,64,9.2,1003.8,1008.7,3.1,3.7,12,159.6,0
2015-11-08 16:18:48,5,62,20.4,64,9.1,1003.8,1008.7,2,2.7,10,159.6,0
2015-11-08 16:23:48,5,62,20.4,65,9,1004,1008.9,1.7,2.7,10,159.6,0
2015-11-08 16:28:48,5,62,20.4,66,8.9,1003.9,1008.8,1.7,2.4,12,159.6,0
2015-11-08 16:33:48,5,62,20.3,65,8.8,1004,1008.9,2.7,3.7,10,159.6,0
2015-11-08 16:38:48,5,61,20.3,65,8.7,1004.1,1009,1.4,2,12,159.6,0
2015-11-08 16:43:48,5,61,20.3,65,8.6,1004.1,1009,1.7,2.4,12,159.6,0
2015-11-08 16:48:48,5,61,20.2,65,8.6,1004.3,1009.2,1.7,2.7,14,159.6,0
2015-11-08 16:53:48,5,61,20.2,65,8.6,1004.4,1009.3,1.7,2.4,12,159.6,0
2015-11-08 16:58:48,5,61,20.2,65,8.6,1004.5,1009.4,1.4,2,14,159.6,0
2015-11-08 17:03:48,5,62,20.2,65,8.6,1004.9,1009.8,0.7,1.4,10,159.6,0
2015-11-08 17:08:48,5,62,20.1,66,8.5,1004.8,1009.7,1,1.4,8,159.6,0
2015-11-08 17:13:48,5,62,20.1,66,8.4,1004.9,1009.8,1,1.7,10,159.6,0
2015-11-08 17:18:48,5,62,20.1,67,8.3,1004.9,1009.8,1.7,2.7,14,159.6,0
2015-11-08 17:23:48,5,62,20.1,67,8,1005.1,1010,1,1.7,8,159.6,0
2015-11-08 17:28:48,5,63,20.1,67,7.8,1005.4,1010.3,1.4,2.4,8,159.6,0
2015-11-08 17:33:48,5,63,20.1,68,7.6,1005.3,1010.2,1.7,3.1,10,159.6,0
2015-11-08 17:38:48,5,63,20.1,68,7.4,1005.5,1010.4,1,1.4,10,159.6,0
2015-11-08 17:43:48,5,63,20.1,68,7.2,1005.5,1010.4,1.7,2,10,159.6,0
2015-11-08 17:48:48,5,64,20.1,68,7.1,1005.5,1010.4,1.7,2.4,8,159.6,0
2015-11-08 17:53:48,5,64,20.1,68,7,1005.6,1010.5,1.4,2,9,159.6,0
2015-11-08 17:58:48,5,65,20.1,68,7,1005.8,1010.7,1.7,2.4,10,159.6,0
2015-11-08 18:03:48,5,66,20,70,6.9,1005.6,1010.5,2.4,3.4,9,159.6,0
2015-11-08 18:08:48,5,67,20.1,70,7,1005.7,1010.6,1.7,3.1,8,159.6,0
2015-11-08 18:13:48,5,68,20.1,70,7,1005.7,1010.6,1.4,2.4,10,159.6,0
2015-11-08 18:18:48,5,69,20.1,71,6.9,1005.9,1010.8,1,2,10,159.6,0
2015-11-08 18:23:48,5,70,20.1,71,6.8,1005.8,1010.7,1.4,1.7,10,159.6,0
2015-11-08 18:28:48,5,71,20.1,71,6.7,1006.1,1011,1.4,2,10,159.6,0
2015-11-08 18:33:48,5,72,20.1,72,6.6,1005.9,1010.8,1.4,2,8,159.6,0
2015-11-08 18:38:48,5,72,20.2,72,6.6,1006,1010.9,1,1.7,8,159.6,0
2015-11-08 18:43:48,5,72,20.2,72,6.5,1006.2,1011.1,0.7,1.4,10,159.6,0
2015-11-08 18:48:48,5,72,20.2,72,6.4,1006.2,1011.1,1,1.7,10,159.6,0
2015-11-08 18:53:48,5,72,20.2,72,6.4,1006.2,1011.1,1,1.4,10,159.6,0
2015-11-08 18:58:48,5,72,20.2,72,6.5,1006.1,1011,1,2,10,159.6,0
2015-11-08 19:03:48,5,71,20.2,72,6.7,1006.3,1011.2,1.7,2.7,10,159.6,0
2015-11-08 19:08:48,5,71,20.2,72,6.7,1006.3,1011.2,1,1.4,10,159.6,0
2015-11-08 19:13:48,5,71,20.2,72,6.7,1006.3,1011.2,1,1.7,8,159.6,0
2015-11-08 19:18:48,5,71,20.2,72,6.6,1006.4,1011.3,1.7,2.7,10,159.6,0
2015-11-08 19:23:48,5,70,20.2,72,6.6,1006.5,1011.4,1.7,2.4,10,159.6,0
2015-11-08 19:28:48,5,70,20.2,71,6.6,1006.7,1011.6,1.7,2.7,10,159.6,0
2015-11-08 19:33:48,5,70,20.2,71,6.6,1006.5,1011.4,2.4,3.7,10,159.6,0
2015-11-08 19:38:48,5,70,20.2,71,6.7,1006.5,1011.4,2,3.4,10,159.6,0
2015-11-08 19:43:48,5,70,20.2,70,6.9,1006.4,1011.3,2.7,4.8,8,159.6,0
2015-11-08 19:48:48,5,70,20.2,68,7.1,1006.4,1011.3,3.1,4.4,10,159.6,0
2015-11-08 19:53:48,5,70,20.2,68,7.2,1006.5,1011.4,3.4,5.1,10,159.6,0
2015-11-08 19:58:48,5,69,20.2,68,7.3,1006.6,1011.5,3.7,4.8,8,159.6,0
2015-11-08 20:03:48,5,69,20.2,68,7.4,1006.7,1011.6,3.4,4.4,9,159.6,0
2015-11-08 20:08:48,5,69,20.2,68,7.4,1006.9,1011.8,3.4,4.8,13,159.6,0
2015-11-08 20:13:48,5,69,20.2,68,7.3,1007,1011.9,2,3.1,10,159.6,0
2015-11-08 20:18:48,5,68,20.2,69,7.1,1006.8,1011.7,2.4,3.4,8,159.6,0
2015-11-08 20:23:48,5,68,20.2,69,7.1,1007,1011.9,2,2.7,9,159.6,0
2015-11-08 20:28:48,5,68,20.2,69,7.1,1007.1,1012,1.7,2.7,10,159.6,0
2015-11-08 20:33:48,5,68,20.2,69,7.2,1007.3,1012.2,1.7,3.1,10,159.6,0
2015-11-08 20:38:48,5,68,20.2,69,7.3,1007.2,1012.1,1.4,1.7,10,159.6,0
2015-11-08 20:43:48,5,68,20.2,69,7.2,1007.3,1012.2,2.7,3.4,10,159.6,0
2015-11-08 20:48:48,5,68,20.2,69,7.5,1007.2,1012.1,3.1,4.4,12,159.6,0
2015-11-08 20:53:48,5,68,20.2,68,7.5,1007.2,1012.1,1,1.7,10,159.6,0
2015-11-08 20:58:48,5,68,20.2,68,7.3,1007.1,1012,2.4,4.8,11,159.6,0
2015-11-08 21:03:48,5,68,20.2,68,7.5,1007.1,1012,1.4,2,8,159.6,0
2015-11-08 21:08:48,5,68,20.2,67,7.4,1007.1,1012,3.4,5.4,8,159.6,0
2015-11-08 21:13:48,5,68,20.2,67,7.7,1007.1,1012,1.7,2.4,8,159.6,0
2015-11-08 21:18:48,5,68,20.1,67,7.6,1007,1011.9,2.7,4.1,9,159.6,0
2015-11-08 21:23:48,5,68,20.1,68,7.5,1007.3,1012.2,3.7,4.8,10,159.6,0
2015-11-08 21:28:48,5,68,20.1,69,7.6,1007.1,1012,2.7,3.7,10,159.6,0
2015-11-08 21:33:48,5,68,20.1,70,7.5,1006.9,1011.8,2.7,3.7,10,159.6,0
2015-11-08 21:38:48,5,68,20.1,70,7.4,1006.9,1011.8,2.4,4.1,8,159.6,0
2015-11-08 21:43:48,5,68,20.1,70,7.4,1006.7,1011.6,2.4,3.7,10,159.6,0
2015-11-08 21:48:48,5,68,20.1,70,7.4,1006.7,1011.6,2.4,3.4,10,159.6,0
2015-11-08 21:53:48,5,68,20.1,70,7.4,1006.8,1011.7,2.7,3.7,8,159.6,0
2015-11-08 21:58:48,5,68,20.1,70,7.5,1006.7,1011.6,4.4,5.4,9,159.6,0
2015-11-08 22:03:48,5,68,20.1,69,7.7,1006.8,1011.7,3.4,4.8,8,159.6,0
2015-11-08 22:08:48,5,68,20.1,69,7.7,1006.5,1011.4,3.7,4.8,10,159.6,0
2015-11-08 22:13:48,5,68,20.1,68,7.8,1006.5,1011.4,4.1,4.8,8,159.6,0
2015-11-08 22:18:48,5,68,20.2,68,7.9,1006.3,1011.2,3.4,5.1,8,159.6,0
2015-11-08 22:23:48,5,68,20.2,68,8,1006.4,1011.3,3.4,5.1,10,159.6,0
2015-11-08 22:28:48,5,68,20.2,67,8,1006.3,1011.2,3.1,4.8,10,159.6,0
2015-11-08 22:33:48,5,68,20.2,67,8,1006.4,1011.3,3.1,4.4,10,159.6,0
2015-11-08 22:38:48,5,68,20.2,67,8.1,1006.4,1011.3,3.1,4.8,8,159.6,0
2015-11-08 22:43:48,5,68,20.2,67,8.2,1006.3,1011.2,4.4,5.1,10,159.6,0
2015-11-08 22:48:48,5,68,20.2,68,8.2,1006.1,1011,4.1,6.1,10,159.6,0
2015-11-08 22:53:48,5,68,20.2,68,8.3,1006,1010.9,5.1,6.5,8,159.6,0
2015-11-08 22:58:48,5,67,20.2,68,8.3,1005.7,1010.6,4.4,6.8,10,159.6,0
2015-11-08 23:03:48,5,67,20.2,68,8.3,1005.7,1010.6,4.8,7.5,10,159.6,0
2015-11-08 23:08:48,5,67,20.2,68,8.4,1005.7,1010.6,4.1,5.4,8,159.6,0
2015-11-08 23:13:48,5,67,20.2,67,8.3,1005.7,1010.6,3.7,7.1,8,159.6,0
2015-11-08 23:18:48,5,67,20.2,67,8.2,1005.6,1010.5,4.1,6.1,12,159.6,0
2015-11-08 23:23:48,5,67,20.2,67,8.4,1005.7,1010.6,6.5,8.5,10,159.6,0
2015-11-08 23:28:48,5,67,20.2,67,8.6,1005.6,1010.5,4.8,7.5,10,159.6,0
2015-11-08 23:33:48,5,67,20.2,67,8.7,1005.4,1010.3,6.1,9.2,8,159.6,0
2015-11-08 23:38:48,5,67,20.2,66,8.8,1005.3,1010.2,6.5,8.5,9,159.6,0
2015-11-08 23:43:48,5,67,20.2,66,8.9,1005.4,1010.3,4.8,6.1,8,159.6,0
2015-11-08 23:48:48,5,66,20.2,66,8.9,1005.3,1010.2,5.4,7.8,8,159.6,0
2015-11-08 23:53:48,5,66,20.2,66,8.9,1005.4,1010.3,5.4,7.8,9,159.6,0
2015-11-08 23:58:48,5,66,20.2,65,9,1005.4,1010.3,5.8,8.8,9,159.6,0
