2017-07-18 00:04:09,5,51,23.5,75,13.4,1015.9,1020.8,0,0,2,826.5,0
2017-07-18 00:09:09,5,51,23.5,75,13.3,1015.9,1020.8,0.3,0.3,2,826.5,0
2017-07-18 00:14:09,5,51,23.5,75,13,1015.7,1020.6,0,0.3,2,826.5,0
2017-07-18 00:19:09,5,51,23.5,74,12.8,1015.9,1020.8,0,0.3,2,826.5,0
2017-07-18 00:24:09,5,51,23.4,75,12.6,1015.9,1020.8,0,0.3,2,826.5,0
2017-07-18 00:29:09,5,51,23.4,76,12.6,1015.8,1020.7,0.3,0.7,2,826.5,0
2017-07-18 00:34:09,5,51,23.4,76,12.5,1015.7,1020.6,0.7,1,2,826.5,0
2017-07-18 00:39:09,5,51,23.4,77,12.4,1015.8,1020.7,0.7,1.4,0,826.5,0
2017-07-18 00:44:09,5,51,23.3,78,12.3,1015.8,1020.7,0.7,1,0,826.5,0
2017-07-18 00:49:09,5,51,23.3,78,12.3,1015.7,1020.6,0.3,0.7,0,826.5,0
2017-07-18 00:54:09,5,51,23.3,79,12.4,1015.8,1020.7,0,0.3,2,826.5,0
2017-07-18 00:59:09,5,51,23.3,79,12.4,1015.9,1020.8,0,0.7,2,826.5,0
2017-07-18 01:04:09,5,51,23.3,79,12.4,1015.6,1020.5,0.3,0.7,2,826.5,0
2017-07-18 01:09:09,5,51,23.2,79,12.4,1015.7,1020.6,1,1.4,2,826.5,0
2017-07-18 01:14:09,5,51,23.2,79,12.4,1015.5,1020.4,0.7,1,2,826.5,0
2017-07-18 01:19:09,5,51,23.2,79,12.4,1015.5,1020.4,0.3,1,2,826.5,0
2017-07-18 01:24:09,5,51,23.2,80,12.5,1015.4,1020.3,0.7,1.4,4,826.5,0
2017-07-18 01:29:09,5,51,23.1,80,12.5,1015.4,1020.3,1,1.7,2,826.5,0
2017-07-18 01:34:09,5,51,23.1,79,12.4,1015.2,1020.1,0.3,0.7,2,826.5,0
2017-07-18 01:39:09,5,51,23.1,80,12.4,1015.4,1020.3,0.3,0.7,4,826.5,0
2017-07-18 01:44:09,5,51,23.1,81,12.7,1015.1,1020,1,1.4,2,826.5,0
2017-07-18 01:49:09,5,51,23.1,81,12.7,1015.2,1020.1,1,1.7,1,826.5,0
2017-07-18 01:54:09,5,52,23,81,12.8,1015.1,1020,0.7,1.7,0,826.5,0
2017-07-18 01:59:09,5,52,23,81,12.9,1015.1,1020,1,1.4,2,826.5,0
2017-07-18 02:04:09,5,52,23,81,12.6,1014.8,1019.7,0.7,1.4,2,826.5,0
2017-07-18 02:09:09,5,51,22.9,81,12.6,1014.9,1019.8,0.3,0.7,2,826.5,0
2017-07-18 02:14:09,5,51,22.9,81,12.5,1014.8,1019.7,0.3,1,2,826.5,0
2017-07-18 02:19:09,5,51,22.9,81,12.3,1014.7,1019.6,1,1.4,2,826.5,0
2017-07-18 02:24:09,5,51,22.9,81,12.2,1014.6,1019.5,0.7,1.4,2,826.5,0
2017-07-18 02:29:09,5,51,22.9,81,12.3,1014.5,1019.4,1,1.7,2,826.5,0
2017-07-18 02:34:09,5,51,22.9,82,12.4,1014.4,1019.3,1.4,2.4,4,826.5,0
2017-07-18 02:39:09,5,51,22.8,82,12.4,1014.5,1019.4,1.4,1.7,4,826.5,0
2017-07-18 02:44:09,5,51,22.8,82,12.4,1014.5,1019.4,1.7,2,2,826.5,0
2017-07-18 02:49:09,5,51,22.8,82,12.4,1014.3,1019.2,1.4,2.4,4,826.5,0
2017-07-18 02:54:09,5,51,22.8,82,12.3,1014.3,1019.2,1.4,2,4,826.5,0
2017-07-18 02:59:09,5,51,22.8,82,12.3,1014.3,1019.2,1,1.4,4,826.5,0
2017-07-18 03:04:09,5,51,22.8,82,12.3,1014.2,1019.1,0.7,1,2,826.5,0
2017-07-18 03:09:09,5,51,22.8,82,12.2,1014.2,1019.1,0.7,1.4,2,826.5,0
2017-07-18 03:14:09,5,51,22.7,82,12.1,1014.2,1019.1,1,1.4,2,826.5,0
2017-07-18 03:19:09,5,51,22.7,82,12.1,1014.3,1019.2,0.3,0.7,0,826.5,0
2017-07-18 03:24:09,5,51,22.7,82,12,1014.2,1019.1,0.7,1,2,826.5,0
2017-07-18 03:29:09,5,51,22.7,82,12,1014.1,1019,1,1.7,0,826.5,0
2017-07-18 03:34:09,5,51,22.7,82,12,1014,1018.9,0.7,1.4,2,826.5,0
2017-07-18 03:39:09,5,51,22.7,82,12,1014.1,1019,0.7,1,2,826.5,0
2017-07-18 03:44:09,5,51,22.7,82,12,1014,1018.9,1,1.4,0,826.5,0
2017-07-18 03:49:09,5,51,22.6,82,12,1013.8,1018.7,1.4,2,14,826.5,0
2017-07-18 03:54:09,5,51,22.6,82,12,1013.7,1018.6,1,1.7,0,826.5,0
2017-07-18 03:59:09,5,51,22.7,82,11.9,1013.7,1018.6,1,1.4,0,826.5,0
2017-07-18 04:04:09,5,51,22.6,82,11.8,1013.6,1018.5,1,1.4,14,826.5,0
2017-07-18 04:09:09,5,51,22.6,82,11.7,1013.5,1018.4,1,1.7,0,826.5,0
2017-07-18 04:14:09,5,51,22.6,82,11.6,1013.4,1018.3,0.7,1.4,0,826.5,0
2017-07-18 04:19:09,5,51,22.6,82,11.5,1013.4,1018.3,1,1.7,0,826.5,0
2017-07-18 04:24:09,5,51,22.5,82,11.4,1013.4,1018.3,1,1.4,0,826.5,0
2017-07-18 04:29:09,5,51,22.5,82,11.4,1013.4,1018.3,1.7,2.7,0,826.5,0
2017-07-18 04:34:09,5,51,22.5,82,11.4,1013.2,1018.1,1.7,2.4,0,826.5,0
2017-07-18 04:39:09,5,51,22.5,82,11.4,1013.2,1018.1,2,2.4,0,826.5,0
2017-07-18 04:44:09,5,51,22.4,81,11.4,1013.1,1018,1.4,2.4,0,826.5,0
2017-07-18 04:49:09,5,51,22.5,81,11.5,1013.1,1018,1.7,2,15,826.5,0
2017-07-18 04:54:09,5,51,22.5,80,11.5,1013,1017.9,1,2,14,826.5,0
2017-07-18 04:59:09,5,51,22.5,80,11.5,1012.9,1017.8,1.4,2,2,826.5,0
2017-07-18 05:04:09,5,51,22.5,79,11.5,1013,1017.9,1.4,2.4,4,826.5,0
2017-07-18 05:09:09,5,51,22.4,78,11.8,1012.9,1017.8,1.7,2.4,0,826.5,0
2017-07-18 05:14:09,5,51,22.4,77,12,1012.8,1017.7,1.7,2.7,2,826.5,0
2017-07-18 05:19:09,5,51,22.4,75,12.3,1012.7,1017.6,2,2.7,0,826.5,0
2017-07-18 05:24:09,5,51,22.4,75,12.5,1012.5,1017.4,1.4,2,0,826.5,0
2017-07-18 05:29:09,5,51,22.5,74,12.7,1012.6,1017.5,1.7,2.4,0,826.5,0
2017-07-18 05:34:09,5,51,22.5,74,12.8,1012.5,1017.4,1.7,2,2,826.5,0
2017-07-18 05:39:09,5,51,22.5,73,12.8,1012.5,1017.4,2.7,4.8,0,826.5,0
2017-07-18 05:44:09,5,51,22.5,73,13,1012.3,1017.2,1.7,3.1,4,826.5,0
2017-07-18 05:49:09,5,51,22.4,71,13.2,1012.4,1017.3,1.7,2.7,2,826.5,0
2017-07-18 05:54:09,5,51,22.5,70,13.2,1012.3,1017.2,2.7,3.4,14,826.5,0
2017-07-18 05:59:09,5,51,22.5,69,13.2,1012.2,1017.1,2,3.1,2,826.5,0
2017-07-18 06:04:09,5,51,22.5,70,13.1,1012.3,1017.2,1.7,2.4,2,826.5,0
2017-07-18 06:09:09,5,51,22.5,70,13.3,1012.1,1017,2.7,3.4,14,826.5,0
2017-07-18 06:14:09,5,51,22.5,69,13.4,1012,1016.9,2.4,3.4,0,826.5,0
2017-07-18 06:19:09,5,51,22.4,69,13.7,1012,1016.9,1.7,2.4,2,826.5,0
2017-07-18 06:24:09,5,51,22.5,69,13.9,1012,1016.9,1.4,2,2,826.5,0
2017-07-18 06:29:09,5,51,22.5,67,14.3,1011.8,1016.7,1.7,2.7,14,826.5,0
2017-07-18 06:34:09,5,51,22.5,66,14.6,1011.9,1016.8,2.4,3.4,2,826.5,0
2017-07-18 06:39:09,5,51,22.5,65,14.6,1011.8,1016.7,2,3.1,2,826.5,0
2017-07-18 06:44:09,5,51,22.5,65,14.7,1011.8,1016.7,2.7,4.8,4,826.5,0
2017-07-18 06:49:09,5,51,22.5,65,14.6,1011.8,1016.7,3.4,4.4,2,826.5,0
2017-07-18 06:54:09,5,51,22.5,65,14.5,1011.8,1016.7,2.7,4.4,4,826.5,0
2017-07-18 06:59:09,5,51,22.5,64,14.8,1012,1016.9,2.7,3.1,2,826.5,0
2017-07-18 07:04:09,5,51,22.5,63,15,1012,1016.9,2.7,4.4,2,826.5,0
2017-07-18 07:09:09,5,51,22.5,64,14.9,1012,1016.9,2.7,4.4,2,826.5,0
2017-07-18 07:14:09,5,51,22.5,64,14.8,1011.8,1016.7,3.4,4.1,2,826.5,0
2017-07-18 07:19:09,5,51,22.5,64,14.7,1011.8,1016.7,2,2.7,4,826.5,0
2017-07-18 07:24:09,5,51,22.5,65,14.7,1011.8,1016.7,2,2.7,14,826.5,0
2017-07-18 07:29:09,5,49,22.5,65,14.9,1011.8,1016.7,1.4,2.4,3,826.5,0
2017-07-18 07:34:09,5,48,22.5,64,15.1,1011.7,1016.6,1.4,2.4,4,826.5,0
2017-07-18 07:39:09,5,48,22.4,63,15.1,1011.7,1016.6,1.7,2.7,2,826.5,0
2017-07-18 07:44:09,5,49,22.4,64,15.2,1011.6,1016.5,1.7,2.7,2,826.5,0
2017-07-18 07:49:09,5,49,22.4,63,15.6,1011.6,1016.5,2.4,3.1,0,826.5,0
2017-07-18 07:54:09,5,50,22.4,63,15.9,1011.5,1016.4,3.1,4.1,14,826.5,0
2017-07-18 07:59:09,5,50,22.4,63,15.9,1011.5,1016.4,1.7,3.1,2,826.5,0
2017-07-18 08:04:09,5,50,22.4,63,15.8,1011.4,1016.3,2,2.7,4,826.5,0
2017-07-18 08:09:09,5,50,22.4,63,15.8,1011.4,1016.3,1.7,2.7,0,826.5,0
2017-07-18 08:14:09,5,50,22.5,62,16,1011.4,1016.3,2,4.1,2,826.5,0
2017-07-18 08:19:09,5,51,22.5,62,16,1011.4,1016.3,3.4,4.1,0,826.5,0
2017-07-18 08:24:09,5,50,22.5,62,16,1011.3,1016.2,2.4,3.7,0,826.5,0
2017-07-18 08:29:09,5,51,22.5,63,15.9,1011.3,1016.2,2.4,3.4,4,826.5,0
2017-07-18 08:34:09,5,51,22.5,63,16,1011.3,1016.2,1.7,3.1,2,826.5,0
2017-07-18 08:39:09,5,51,22.5,63,16.2,1011.2,1016.1,2,3.1,4,826.5,0
2017-07-18 08:44:09,5,51,22.5,63,16.4,1011.3,1016.2,2,3.1,4,826.5,0
2017-07-18 08:49:09,5,51,22.5,63,16.7,1011.1,1016,1.7,3.4,2,826.5,0
2017-07-18 08:54:09,5,51,22.5,62,17,1011,1015.9,1.4,2.4,4,826.5,0
2017-07-18 08:59:09,5,51,22.5,61,17.1,1010.9,1015.8,2,2.7,2,826.5,0
2017-07-18 09:04:09,5,51,22.5,62,17.7,1010.9,1015.8,1.4,2,15,826.5,0
2017-07-18 09:09:09,5,52,22.6,60,18.4,1010.8,1015.7,3.1,4.1,2,826.5,0
2017-07-18 09:14:09,5,52,22.6,60,18.7,1010.7,1015.6,2,3.4,4,826.5,0
2017-07-18 09:19:09,5,52,22.6,57,19,1010.7,1015.6,2,3.4,14,826.5,0
2017-07-18 09:24:09,5,52,22.7,57,19.5,1010.8,1015.7,3.1,3.7,4,826.5,0
2017-07-18 09:29:09,5,52,22.7,55,20.1,1010.5,1015.4,3.7,5.1,14,826.5,0
2017-07-18 09:34:09,5,52,22.7,54,20,1010.4,1015.3,2.4,3.4,2,826.5,0
2017-07-18 09:39:09,5,52,22.7,55,19.6,1010.4,1015.3,3.7,5.1,2,826.5,0
2017-07-18 09:44:09,5,52,22.7,56,19.3,1010.1,1015,3.7,5.4,2,826.5,0
2017-07-18 09:49:09,5,52,22.8,56,19.4,1010,1014.9,2.7,3.7,2,826.5,0
2017-07-18 09:54:09,5,52,22.8,57,19.7,1010,1014.9,3.4,5.4,2,826.5,0
2017-07-18 09:59:09,5,53,22.8,56,19.6,1010.1,1015,3.1,4.8,0,826.5,0
2017-07-18 10:04:09,5,53,22.8,58,19.7,1009.9,1014.8,3.1,5.1,2,826.5,0
2017-07-18 10:09:09,5,53,22.9,57,19.5,1009.8,1014.7,4.1,5.4,4,826.5,0
2017-07-18 10:14:09,5,53,22.9,56,20,1009.9,1014.8,3.1,4.1,2,826.5,0
2017-07-18 10:19:09,5,53,22.9,56,20.4,1009.9,1014.8,3.4,4.1,2,826.5,0
2017-07-18 10:24:09,5,53,22.9,55,20.5,1009.8,1014.7,3.1,4.8,2,826.5,0
2017-07-18 10:29:09,5,53,23,55,20.5,1009.6,1014.5,2.4,3.1,2,826.5,0
2017-07-18 10:34:09,5,53,23,55,21.2,1009.5,1014.4,3.7,5.4,4,826.5,0
2017-07-18 10:39:09,5,53,23,51,22.2,1009.6,1014.5,3.7,5.8,2,826.5,0
2017-07-18 10:44:09,5,53,23.1,51,22.7,1009.3,1014.2,3.7,5.8,0,826.5,0
2017-07-18 10:49:09,5,53,23.1,49,23.1,1009.3,1014.2,3.4,5.4,2,826.5,0
2017-07-18 10:54:09,5,54,23.1,48,23.2,1009.4,1014.3,4.1,5.8,2,826.5,0
2017-07-18 10:59:09,5,54,23.1,48,22.3,1009.3,1014.2,4.1,5.8,2,826.5,0
2017-07-18 11:04:09,5,54,23.2,52,21.8,1009.3,1014.2,3.1,5.8,2,826.5,0
2017-07-18 11:09:09,5,54,23.2,52,21.6,1009,1013.9,3.1,5.8,4,826.5,0
2017-07-18 11:14:09,5,54,23.2,52,21.6,1009.1,1014,3.4,5.4,2,826.5,0
2017-07-18 11:19:09,5,54,23.2,52,21.6,1009,1013.9,3.1,4.8,2,826.5,0
2017-07-18 11:24:09,5,54,23.2,52,21.7,1009.1,1014,4.8,6.5,4,826.5,0
2017-07-18 11:29:09,5,54,23.3,51,21.6,1009.1,1014,4.1,5.4,2,826.5,0
2017-07-18 11:34:09,5,54,23.3,49,21.8,1009,1013.9,5.1,6.1,2,826.5,0
2017-07-18 11:39:09,5,54,23.3,50,22.5,1009.1,1014,2.7,4.4,4,826.5,0
2017-07-18 11:44:09,5,54,23.4,46,22.4,1009.1,1014,4.4,6.1,2,826.5,0
2017-07-18 11:49:09,5,54,23.4,49,21.9,1009.1,1014,3.7,6.1,12,826.5,0
2017-07-18 11:54:09,5,54,23.4,51,21.9,1008.8,1013.7,4.8,7.1,4,826.5,0
2017-07-18 11:59:09,5,54,23.4,52,21.6,1008.9,1013.8,3.7,5.1,2,826.5,0
2017-07-18 12:04:09,5,54,23.4,52,21.4,1008.8,1013.7,3.7,4.8,2,826.5,0
2017-07-18 12:09:09,5,54,23.4,52,21.5,1008.7,1013.6,2.4,3.4,2,826.5,0
2017-07-18 12:14:09,5,54,23.4,53,21.8,1008.7,1013.6,2.4,4.8,2,826.5,0
2017-07-18 12:19:09,5,54,23.4,52,21.7,1008.5,1013.4,4.4,6.1,2,826.5,0
2017-07-18 12:24:09,5,54,23.5,52,21.6,1008.4,1013.3,3.4,4.8,4,826.5,0
2017-07-18 12:29:09,5,54,23.5,52,21.7,1008.3,1013.2,3.1,3.4,4,826.5,0
2017-07-18 12:34:09,5,54,23.6,51,22.1,1008.2,1013.1,2.4,3.4,4,826.5,0
2017-07-18 12:39:09,5,54,23.6,50,22.6,1008.1,1013,3.1,4.1,0,826.5,0
2017-07-18 12:44:09,5,54,23.6,51,22.6,1008.1,1013,2.4,3.7,14,826.5,0
2017-07-18 12:49:09,5,54,23.7,51,22.9,1008,1012.9,2,2.7,2,826.5,0
2017-07-18 12:54:09,5,54,23.7,51,23.3,1007.9,1012.8,2.7,4.8,2,826.5,0
2017-07-18 12:59:09,5,54,23.7,49,23.2,1007.9,1012.8,3.1,4.8,2,826.5,0
2017-07-18 13:04:09,5,54,23.7,49,23,1007.6,1012.5,3.1,3.4,4,826.5,0
2017-07-18 13:09:09,5,54,23.8,51,22.9,1007.5,1012.4,2.7,4.1,4,826.5,0
2017-07-18 13:14:09,5,54,23.8,50,23.1,1007.3,1012.2,2,5.1,2,826.5,0
2017-07-18 13:19:09,5,54,23.8,50,23.4,1007.4,1012.3,3.1,5.1,2,826.5,0
2017-07-18 13:24:09,5,54,23.8,49,23.5,1007.1,1012,3.1,5.1,14,826.5,0
2017-07-18 13:29:09,5,55,23.9,49,23.6,1007.1,1012,4.1,5.4,1,826.5,0
2017-07-18 13:34:09,5,55,23.9,48,23.6,1007.1,1012,5.8,6.8,2,826.5,0
2017-07-18 13:39:09,5,55,23.9,48,23.6,1007.1,1012,2.4,3.4,0,826.5,0
2017-07-18 13:44:09,5,54,24,49,23.8,1007,1011.9,2.4,4.1,4,826.5,0
2017-07-18 13:49:09,5,54,24,48,23.6,1006.9,1011.8,1.7,3.1,0,826.5,0
2017-07-18 13:54:09,5,54,24.1,49,23.6,1006.8,1011.7,2.7,3.7,2,826.5,0
2017-07-18 13:59:09,5,54,24.1,49,23.6,1006.8,1011.7,3.1,4.4,2,826.5,0
2017-07-18 14:04:09,5,54,24.1,49,23.3,1006.6,1011.5,3.4,5.4,2,826.5,0
2017-07-18 14:09:09,5,54,24.1,48,23,1006.7,1011.6,3.1,4.4,2,826.5,0
2017-07-18 14:14:09,5,54,24.1,48,23,1006.7,1011.6,1.7,3.1,2,826.5,0
2017-07-18 14:19:09,5,54,24.1,49,23,1006.6,1011.5,3.1,4.8,3,826.5,0
2017-07-18 14:24:09,5,54,24.1,49,23,1006.5,1011.4,3.1,5.1,0,826.5,0
2017-07-18 14:29:09,5,54,24.1,49,23.1,1006.6,1011.5,3.1,3.4,2,826.5,0
2017-07-18 14:34:09,5,54,24.1,50,23.2,1006.6,1011.5,2.7,3.7,4,826.5,0
2017-07-18 14:39:09,5,54,24,50,23.2,1006.4,1011.3,2.4,3.4,14,826.5,0
2017-07-18 14:44:09,5,54,24,49,23.2,1006.5,1011.4,3.1,4.4,2,826.5,0
2017-07-18 14:49:09,5,54,24,50,23,1006.2,1011.1,3.1,5.1,4,826.5,0
2017-07-18 14:54:09,5,55,23.9,52,22.9,1006.3,1011.2,3.4,5.1,2,826.5,0
2017-07-18 14:59:09,5,54,24,51,22.7,1006.2,1011.1,4.1,5.8,2,826.5,0
2017-07-18 15:04:09,5,55,23.9,51,22.5,1006.3,1011.2,2.7,4.1,2,826.5,0
2017-07-18 15:09:09,5,54,24,52,22.5,1006.2,1011.1,3.1,4.4,2,826.5,0
2017-07-18 15:14:09,5,55,23.9,52,22.5,1006,1010.9,3.4,5.4,4,826.5,0
2017-07-18 15:19:09,5,55,23.9,52,22.5,1006,1010.9,2.4,3.7,2,826.5,0
2017-07-18 15:24:09,5,55,23.9,52,22.6,1005.6,1010.5,2.4,4.4,4,826.5,0
2017-07-18 15:29:09,5,55,23.9,52,22.6,1005.6,1010.5,3.1,4.1,2,826.5,0
2017-07-18 15:34:09,5,55,23.9,52,22.5,1005.5,1010.4,3.1,4.1,4,826.5,0
2017-07-18 15:39:09,5,55,23.9,53,22.5,1005.4,1010.3,3.1,4.1,2,826.5,0
2017-07-18 15:44:09,5,55,23.9,54,22.5,1005.5,1010.4,2.7,3.4,2,826.5,0
2017-07-18 15:49:09,5,55,23.9,53,22.7,1005.3,1010.2,3.4,4.8,2,826.5,0
2017-07-18 15:54:09,5,55,23.9,53,22.8,1005.2,1010.1,3.1,4.4,0,826.5,0
2017-07-18 15:59:09,5,55,23.8,53,22.9,1005.1,1010,2.4,3.4,0,826.5,0
2017-07-18 16:04:09,5,55,23.8,54,23,1005.2,1010.1,1.4,2.4,2,826.5,0
2017-07-18 16:09:09,5,56,23.8,53,22.8,1005,1009.9,3.1,4.1,0,826.5,0
2017-07-18 16:14:09,5,56,23.8,54,22.6,1004.9,1009.8,2.7,3.4,0,826.5,0
2017-07-18 16:19:09,5,56,23.9,53,22.5,1004.8,1009.7,2.7,4.4,4,826.5,0
2017-07-18 16:24:09,5,55,23.8,54,22.5,1004.8,1009.7,2.4,3.7,0,826.5,0
2017-07-18 16:29:09,5,55,23.8,54,22.4,1004.8,1009.7,3.1,4.8,2,826.5,0
2017-07-18 16:34:09,5,56,23.8,55,22.4,1004.7,1009.6,4.1,5.1,4,826.5,0
2017-07-18 16:39:09,5,56,23.8,55,22.3,1004.8,1009.7,4.4,6.5,4,826.5,0
2017-07-18 16:44:09,5,56,23.8,56,22.3,1004.7,1009.6,2.4,3.1,0,826.5,0
2017-07-18 16:49:09,5,56,23.8,56,22.3,1004.7,1009.6,3.4,5.8,4,826.5,0
2017-07-18 16:54:09,5,56,23.8,56,22.3,1004.5,1009.4,3.7,4.8,2,826.5,0
2017-07-18 16:59:09,5,57,23.8,56,22.4,1004.6,1009.5,3.4,4.8,2,826.5,0
2017-07-18 17:04:09,5,57,23.8,57,22.3,1004.4,1009.3,3.7,5.1,2,826.5,0
2017-07-18 17:09:09,5,57,23.8,58,22.3,1004.3,1009.2,3.1,4.8,4,826.5,0
2017-07-18 17:14:09,5,57,23.8,58,22.3,1004.4,1009.3,3.1,4.4,2,826.5,0
2017-07-18 17:19:09,5,57,23.8,58,22.3,1004.3,1009.2,4.1,5.8,2,826.5,0
2017-07-18 17:24:09,5,57,23.8,58,22.3,1004.2,1009.1,3.7,5.4,0,826.5,0
2017-07-18 17:29:09,5,57,23.8,59,22.2,1004.3,1009.2,4.1,5.4,3,826.5,0
2017-07-18 17:34:09,5,57,23.8,59,22.1,1004.3,1009.2,5.1,6.5,3,826.5,0
2017-07-18 17:39:09,5,58,23.9,59,22.1,1004.3,1009.2,4.1,6.5,4,826.5,0
2017-07-18 17:44:09,5,58,23.8,59,22.1,1004.1,1009,5.1,7.8,2,826.5,0
2017-07-18 17:49:09,5,58,23.9,59,22,1003.9,1008.8,3.7,5.1,15,826.5,0
2017-07-18 17:54:09,5,59,23.8,60,22,1004.1,1009,5.8,6.8,4,826.5,0
2017-07-18 17:59:09,5,59,23.9,61,21.9,1003.9,1008.8,3.7,5.8,2,826.5,0
2017-07-18 18:04:09,5,59,23.8,62,21.9,1004,1008.9,3.7,5.1,2,826.5,0
2017-07-18 18:09:09,5,59,24,61,22,1004,1008.9,3.7,5.1,2,826.5,0
2017-07-18 18:14:09,5,60,24.1,61,22,1003.8,1008.7,3.4,4.8,2,826.5,0
2017-07-18 18:19:09,5,60,24.1,61,22,1003.7,1008.6,3.1,4.4,4,826.5,0
2017-07-18 18:24:09,5,60,24.1,61,22.1,1003.7,1008.6,3.1,3.7,2,826.5,0
2017-07-18 18:29:09,5,60,24.1,61,22.2,1003.6,1008.5,2.7,5.1,2,826.5,0
2017-07-18 18:34:09,5,60,24.2,60,22.4,1003.4,1008.3,3.7,5.8,4,826.5,0
2017-07-18 18:39:09,5,60,24.2,59,22.5,1003.2,1008.1,2.7,4.1,2,826.5,0
2017-07-18 18:44:09,5,60,24.6,59,22.7,1003.1,1008,5.1,6.8,2,826.5,0
2017-07-18 18:49:09,5,58,25,59,22.6,1003,1007.9,2.7,3.4,2,826.5,0
2017-07-18 18:54:09,5,57,25.4,60,22.6,1003,1007.9,3.1,4.8,4,826.5,0
2017-07-18 18:59:09,5,56,25.7,60,22.5,1002.8,1007.7,2.4,3.1,2,826.5,0
2017-07-18 19:04:09,5,55,25.8,60,22.4,1003,1007.9,2.4,3.4,3,826.5,0
2017-07-18 19:09:09,5,55,25.8,60,22.4,1003.1,1008,2.7,4.4,4,826.5,0
2017-07-18 19:14:09,5,55,25.7,61,22.3,1003.2,1008.1,4.1,5.4,4,826.5,0
2017-07-18 19:19:09,5,56,25.5,61,22.1,1003.1,1008,3.7,5.8,2,826.5,0
2017-07-18 19:24:09,5,56,25.3,61,22,1003.1,1008,2,3.1,4,826.5,0
2017-07-18 19:29:09,5,56,25.2,62,21.9,1003,1007.9,3.7,5.1,14,826.5,0
2017-07-18 19:34:09,5,57,25,62,21.9,1002.9,1007.8,2.4,3.4,2,826.5,0
2017-07-18 19:39:09,5,58,24.9,62,21.9,1003.1,1008,2.4,3.4,2,826.5,0
2017-07-18 19:44:09,5,59,24.8,61,22,1003.2,1008.1,2.7,4.1,2,826.5,0
2017-07-18 19:49:09,5,60,24.7,61,22,1003.1,1008,3.1,4.4,2,826.5,0
2017-07-18 19:54:09,5,60,24.7,62,21.9,1003.1,1008,4.1,5.8,8,826.5,0
2017-07-18 19:59:09,5,60,24.7,62,21.8,1003.2,1008.1,4.1,5.4,4,826.5,0
2017-07-18 20:04:09,5,60,24.8,62,21.7,1003,1007.9,3.7,4.8,2,826.5,0
2017-07-18 20:09:09,5,59,24.8,62,21.4,1003,1007.9,2.7,5.1,2,826.5,0
2017-07-18 20:14:09,5,58,25,63,21.2,1003,1007.9,2.7,3.7,2,826.5,0
2017-07-18 20:19:09,5,58,25,63,21.1,1002.9,1007.8,2.4,3.4,2,826.5,0
2017-07-18 20:24:09,5,58,25.1,63,21,1002.8,1007.7,2.7,3.7,2,826.5,0
2017-07-18 20:29:09,5,61,25.2,64,20.8,1002.7,1007.6,2.7,3.7,2,826.5,0
2017-07-18 20:34:09,5,60,25.2,65,20.7,1002.6,1007.5,3.7,5.1,4,826.5,0
2017-07-18 20:39:09,5,59,25.3,65,20.6,1002.6,1007.5,2.4,4.4,2,826.5,0
2017-07-18 20:44:09,5,58,25.3,65,20.5,1002.6,1007.5,3.4,4.4,2,826.5,0
2017-07-18 20:49:09,5,57,25.4,65,20.4,1002.6,1007.5,1.7,2.7,2,826.5,0
2017-07-18 20:54:09,5,57,25.4,65,20.3,1002.7,1007.6,2.4,3.1,0,826.5,0
2017-07-18 20:59:09,5,57,25.5,65,20.2,1002.5,1007.4,1.7,3.1,0,826.5,0
2017-07-18 21:04:09,5,56,25.5,65,20.1,1002.4,1007.3,1.4,2.4,2,826.5,0
2017-07-18 21:09:09,5,56,25.6,65,20.1,1002.3,1007.2,2.4,3.1,2,826.5,0
2017-07-18 21:14:09,5,56,25.6,65,20.1,1002.5,1007.4,2,3.4,2,826.5,0
2017-07-18 21:19:09,5,55,25.6,65,20,1002.5,1007.4,1.7,2.7,2,826.5,0
2017-07-18 21:24:09,5,55,25.6,65,20,1002.3,1007.2,1.4,2,2,826.5,0
2017-07-18 21:29:09,5,55,25.6,66,20,1002.1,1007,1.4,2,2,826.5,0
2017-07-18 21:34:09,5,55,25.7,65,20,1001.9,1006.8,1.7,2.4,4,826.5,0
2017-07-18 21:39:09,5,55,25.7,65,20.1,1001.9,1006.8,1.7,2.7,2,826.5,0
2017-07-18 21:44:09,5,54,25.7,65,20.1,1001.9,1006.8,1,1.4,0,826.5,0
2017-07-18 21:49:09,5,55,25.5,65,20,1001.9,1006.8,1.4,2,2,826.5,0
2017-07-18 21:54:09,5,55,25.3,66,19.9,1001.7,1006.6,1.4,2.4,2,826.5,0
2017-07-18 21:59:09,5,56,25.2,66,19.8,1001.7,1006.6,1.7,2.4,1,826.5,0
2017-07-18 22:04:09,5,56,25.1,66,19.7,1001.8,1006.7,1,2,2,826.5,0
2017-07-18 22:09:09,5,58,24.9,66,19.6,1001.8,1006.7,0.7,1.4,14,826.5,0
2017-07-18 22:14:09,5,58,24.8,67,19.4,1001.8,1006.7,1,2,0,826.5,0
2017-07-18 22:19:09,5,58,24.7,67,19.4,1001.9,1006.8,1.4,2.4,4,826.5,0
2017-07-18 22:24:09,5,59,24.5,67,19.3,1001.8,1006.7,1,1.7,4,826.5,0
2017-07-18 22:29:09,5,59,24.5,67,19,1002,1006.9,1.7,2.7,2,826.5,0
2017-07-18 22:34:09,5,59,24.4,69,18.8,1001.9,1006.8,1,1.7,0,826.5,0
2017-07-18 22:39:09,5,59,24.3,69,18.8,1001.9,1006.8,1.4,1.7,0,826.5,0
2017-07-18 22:44:09,5,59,24.3,69,18.8,1001.8,1006.7,1,1.7,2,826.5,0
2017-07-18 22:49:09,5,60,24.3,69,18.7,1001.7,1006.6,1,1.7,0,826.5,0
2017-07-18 22:54:09,5,60,24.2,69,18.6,1001.8,1006.7,1,1.7,0,826.5,0
2017-07-18 22:59:09,5,60,24.2,70,18.5,1001.6,1006.5,1.4,1.7,0,826.5,0
2017-07-18 23:04:09,5,61,24.1,70,18.4,1001.6,1006.5,0.7,1.4,0,826.5,0
2017-07-18 23:09:09,5,60,24,70,18.4,1001.7,1006.6,0.3,0.3,2,826.5,0
2017-07-18 23:14:09,5,60,24,70,18.4,1001.6,1006.5,0,0.3,12,826.5,0
2017-07-18 23:19:09,5,60,24,70,18.3,1001.6,1006.5,0,0.3,0,826.5,0
2017-07-18 23:24:09,5,62,23.8,70,18.2,1001.6,1006.5,0.7,1,0,826.5,0
2017-07-18 23:29:09,5,62,23.9,70,18.2,1001.6,1006.5,0.3,0.7,0,826.5,0
2017-07-18 23:34:09,5,62,23.8,70,18.1,1001.7,1006.6,0.7,1,0,826.5,0
2017-07-18 23:39:09,5,62,23.8,71,18,1001.6,1006.5,0.3,0.7,0,826.5,0
2017-07-18 23:44:09,5,62,23.8,71,18,1001.5,1006.4,0.7,1,2,826.5,0
2017-07-18 23:49:09,5,62,23.7,71,18,1001.5,1006.4,1,2,14,826.5,0
2017-07-18 23:54:09,5,62,23.7,71,18.2,1001.4,1006.3,1.4,2.7,2,826.5,0
2017-07-18 23:59:09,5,62,23.7,70,18.3,1001.5,1006.4,0.7,1.7,2,826.5,0
