2017-03-12 00:00:38,5,56,21.2,72,8.6,1005.1,1010,1.7,2.7,14,670.8,0
2017-03-12 00:05:38,5,56,21.2,73,8.6,1005,1009.9,0.7,1.4,8,670.8,0
2017-03-12 00:10:38,5,56,21.1,73,8.6,1004.9,1009.8,1,1.4,8,670.8,0
2017-03-12 00:15:38,5,56,21.1,74,8.7,1004.8,1009.7,1,1.4,8,670.8,0
2017-03-12 00:20:38,5,56,21.1,74,8.7,1004.7,1009.6,0.7,1,12,670.8,0
2017-03-12 00:25:38,5,56,21.1,74,8.7,1004.9,1009.8,0.7,1.7,2,670.8,0
2017-03-12 00:30:38,5,56,21.1,74,8.8,1004.8,1009.7,0.7,1.4,4,670.8,0
2017-03-12 00:35:38,5,56,21.1,75,8.9,1004.7,1009.6,1.4,2.7,12,670.8,0
2017-03-12 00:40:38,5,56,21,74,9,1004.6,1009.5,1.4,2,14,670.8,0
2017-03-12 00:45:38,5,56,21,74,9,1004.7,1009.6,1.4,2.4,12,670.8,0
2017-03-12 00:50:38,5,57,21,74,9.1,1004.7,1009.6,1.4,2,9,670.8,0
2017-03-12 00:55:38,5,57,21,74,9.1,1004.5,1009.4,1,2,8,670.8,0
2017-03-12 01:00:38,5,57,21,74,9.1,1004.6,1009.5,1,1.4,8,670.8,0
2017-03-12 01:05:38,5,57,21,74,9.1,1004.7,1009.6,1.4,2.7,8,670.8,0
2017-03-12 01:10:38,5,57,21,74,9.1,1004.7,1009.6,1.7,2.7,8,670.8,0
2017-03-12 01:15:38,5,58,20.9,74,9.1,1004.5,1009.4,2.4,3.7,2,670.8,0
2017-03-12 01:20:38,5,58,20.9,74,9,1004.4,1009.3,2,3.4,10,670.8,0
2017-03-12 01:25:38,5,58,20.9,75,9,1004.2,1009.1,1,1.7,8,670.8,0
2017-03-12 01:30:38,5,58,20.9,75,9,1004.3,1009.2,1.4,2.4,8,670.8,0
2017-03-12 01:35:38,5,58,20.9,75,9,1004.3,1009.2,1.7,2.7,8,670.8,0
2017-03-12 01:40:38,5,57,20.8,75,9,1004.3,1009.2,2,2.7,8,670.8,0
2017-03-12 01:45:38,5,57,20.8,75,9,1004.6,1009.5,1,1.7,8,670.8,0
2017-03-12 01:50:38,5,57,20.8,75,9,1004.7,1009.6,2.4,3.4,8,670.8,0
2017-03-12 01:55:38,5,57,20.8,75,9,1004.7,1009.6,3.1,4.4,8,670.8,0
2017-03-12 02:00:38,5,57,20.8,77,8.9,1004.8,1009.7,1.7,2.4,8,671.1,0
2017-03-12 02:05:38,5,57,20.7,78,8.8,1004.7,1009.6,2.4,3.4,14,671.1,0
2017-03-12 02:10:38,5,57,20.8,78,8.8,1004.9,1009.8,3.4,4.4,8,671.1,0
2017-03-12 02:15:38,5,57,20.8,79,8.8,1004.8,1009.7,4.4,7.5,8,671.1,0
2017-03-12 02:20:38,5,57,20.8,79,8.8,1005.1,1010,2.7,4.1,12,671.1,0
2017-03-12 02:25:38,5,57,20.8,79,8.7,1005.1,1010,3.1,4.4,8,671.1,0
2017-03-12 02:30:38,5,57,20.7,79,8.5,1005,1009.9,2,3.4,10,671.1,0
2017-03-12 02:35:38,5,57,20.7,79,8.4,1005.1,1010,1.4,2,10,671.1,0
2017-03-12 02:40:38,5,57,20.7,79,8.3,1005.1,1010,1.7,3.7,10,671.1,0
2017-03-12 02:45:38,5,57,20.7,79,8.2,1005.2,1010.1,1.4,2.7,10,671.1,0
2017-03-12 02:50:38,5,57,20.7,79,8.1,1005.2,1010.1,2,2.7,10,671.1,0
2017-03-12 02:55:38,5,57,20.6,79,8,1005,1009.9,1.4,2,10,671.1,0
2017-03-12 03:00:38,5,57,20.6,79,8,1005.3,1010.2,2.4,4.1,8,671.1,0
2017-03-12 03:05:38,5,57,20.6,79,8.1,1005.4,1010.3,1.7,3.7,8,671.1,0
2017-03-12 03:10:38,5,57,20.6,79,8,1005.4,1010.3,2.4,3.1,9,671.1,0
2017-03-12 03:15:38,5,57,20.6,79,8,1005.5,1010.4,1.4,1.7,8,671.1,0
2017-03-12 03:20:38,5,57,20.6,80,7.9,1005.4,1010.3,1,2.4,10,671.1,0
2017-03-12 03:25:38,5,57,20.6,80,7.8,1005.3,1010.2,1,1.7,10,671.1,0
2017-03-12 03:30:38,5,57,20.5,80,7.7,1005.4,1010.3,1.7,2.7,10,671.1,0
2017-03-12 03:35:38,5,57,20.5,80,7.7,1005.4,1010.3,1.7,2.4,10,671.1,0
2017-03-12 03:40:38,5,56,20.5,80,7.7,1005.4,1010.3,1.7,2,9,671.1,0
2017-03-12 03:45:38,5,56,20.5,80,7.7,1005.5,1010.4,1.7,2.4,9,671.1,0
2017-03-12 03:50:38,5,56,20.5,80,7.6,1005.4,1010.3,2.7,3.7,8,671.1,0
2017-03-12 03:55:38,5,56,20.5,80,7.5,1005.4,1010.3,1.4,2,8,671.1,0
2017-03-12 04:00:38,5,56,20.5,80,7.4,1005.5,1010.4,1.7,2.4,8,671.1,0
2017-03-12 04:05:38,5,56,20.4,80,7.4,1005.7,1010.6,1.7,2.7,10,671.1,0
2017-03-12 04:10:38,5,56,20.4,80,7.5,1005.7,1010.6,1.7,3.1,10,671.1,0
2017-03-12 04:15:38,5,56,20.4,80,7.5,1005.8,1010.7,1.7,2.4,10,671.1,0
2017-03-12 04:20:38,5,56,20.4,80,7.5,1005.7,1010.6,2,3.1,8,671.1,0
2017-03-12 04:25:38,5,56,20.4,80,7.4,1006,1010.9,2,2.4,10,671.1,0
2017-03-12 04:30:38,5,56,20.3,80,7.4,1006,1010.9,1.7,2.7,8,671.1,0
2017-03-12 04:35:38,5,56,20.4,79,7.4,1006.1,1011,1.4,2,8,671.1,0
2017-03-12 04:40:38,5,56,20.4,79,7.5,1006.2,1011.1,1,2,10,671.1,0
2017-03-12 04:45:38,5,56,20.3,79,7.5,1006.3,1011.2,2,3.1,8,671.1,0
2017-03-12 04:50:38,5,56,20.4,79,7.5,1006.3,1011.2,1.7,2.4,10,671.1,0
2017-03-12 04:55:38,5,56,20.4,79,7.5,1006.4,1011.3,2,2.7,8,671.1,0
2017-03-12 05:00:38,5,56,20.4,79,7.5,1006.3,1011.2,1.7,3.1,8,671.1,0
2017-03-12 05:05:38,5,56,20.3,79,7.5,1006.6,1011.5,2,3.1,10,671.1,0
2017-03-12 05:10:38,5,56,20.3,79,7.5,1006.5,1011.4,1.4,2,8,671.1,0
2017-03-12 05:15:38,5,56,20.3,79,7.5,1006.6,1011.5,2,2.7,10,671.1,0
2017-03-12 05:20:38,5,56,20.3,79,7.4,1006.7,1011.6,2,3.1,8,671.1,0
2017-03-12 05:25:38,5,56,20.3,79,7.4,1006.8,1011.7,2.7,3.4,12,671.1,0
2017-03-12 05:30:38,5,56,20.3,79,7.3,1006.8,1011.7,2,2.7,8,671.1,0
2017-03-12 05:35:38,5,56,20.3,78,7.3,1006.9,1011.8,1.7,3.1,8,671.1,0
2017-03-12 05:40:38,5,56,20.3,78,7.3,1007,1011.9,2.4,3.4,8,671.1,0
2017-03-12 05:45:38,5,56,20.3,78,7.3,1007.1,1012,1.7,2.7,10,671.1,0
2017-03-12 05:50:38,5,56,20.2,78,7.3,1007.2,1012.1,2.4,3.1,10,671.1,0
2017-03-12 05:55:38,5,56,20.2,78,7.3,1007.3,1012.2,2.4,4.4,10,671.1,0
2017-03-12 06:00:38,5,56,20.2,78,7.3,1007.3,1012.2,1.7,2.4,10,671.1,0
2017-03-12 06:05:38,5,56,20.2,78,7.2,1007.4,1012.3,2,2.7,10,671.1,0
2017-03-12 06:10:38,5,56,20.2,78,7.1,1007.6,1012.5,2,3.4,10,671.1,0
2017-03-12 06:15:38,5,56,20.2,78,7.1,1007.7,1012.6,2.4,3.4,10,671.1,0
2017-03-12 06:20:38,5,56,20.2,77,7,1007.9,1012.8,1.7,3.1,10,671.1,0
2017-03-12 06:25:38,5,56,20.2,77,7,1007.8,1012.7,2.7,4.1,10,671.1,0
2017-03-12 06:30:38,5,56,20.2,78,6.9,1008.1,1013,1.7,2.4,8,671.1,0
2017-03-12 06:35:38,5,56,20.1,78,6.8,1008.1,1013,1.4,2,10,671.1,0
2017-03-12 06:40:38,5,56,20.1,78,6.7,1008.3,1013.2,1,1.7,10,671.1,0
2017-03-12 06:45:38,5,56,20.1,78,6.6,1008.3,1013.2,1.4,2,0,671.1,0
2017-03-12 06:50:38,5,55,20.1,78,6.5,1008.6,1013.5,1,2,10,671.1,0
2017-03-12 06:55:38,5,55,20.1,77,6.5,1008.6,1013.5,1.4,2,10,671.1,0
2017-03-12 07:00:38,5,55,20.1,77,6.5,1008.8,1013.7,1.4,1.7,12,671.1,0
2017-03-12 07:05:38,5,55,20.1,77,6.5,1008.7,1013.6,2,2.7,10,671.1,0
2017-03-12 07:10:38,5,55,20.1,77,6.5,1009.1,1014,1.7,2.4,10,671.1,0
2017-03-12 07:15:38,5,55,20.1,76,6.5,1009.3,1014.2,1.7,2.7,10,671.1,0
2017-03-12 07:20:38,5,55,20.1,76,6.4,1009.3,1014.2,1.4,2,10,671.1,0
2017-03-12 07:25:38,5,55,20.1,76,6.4,1009.5,1014.4,1,2,10,671.1,0
2017-03-12 07:30:38,5,55,20,76,6.5,1009.5,1014.4,0.7,1.4,10,671.1,0
2017-03-12 07:35:38,5,55,20,76,6.5,1009.6,1014.5,0.7,1,10,671.1,0
2017-03-12 07:40:38,5,55,20,76,6.6,1009.6,1014.5,1.4,1.7,8,671.1,0
2017-03-12 07:45:38,5,55,20,76,6.5,1009.7,1014.6,1,1.4,10,671.1,0
2017-03-12 07:50:38,5,55,20,76,6.4,1009.9,1014.8,1,1.7,8,671.1,0
2017-03-12 07:55:38,5,54,20,76,6.4,1009.9,1014.8,1,1.4,10,671.1,0
2017-03-12 08:00:38,5,48,19.9,76,6.7,1009.8,1014.7,0.7,1.4,10,671.1,0
2017-03-12 08:05:38,5,53,19.8,74,7.1,1010,1014.9,1,2,8,671.1,0
2017-03-12 08:10:38,5,54,19.8,74,7.4,1010.1,1015,1.7,2.4,12,671.1,0
2017-03-12 08:15:38,5,54,19.8,73,7.5,1010.3,1015.2,1.4,2.4,10,671.1,0
2017-03-12 08:20:38,5,54,19.8,73,7.6,1010.3,1015.2,2,2.4,10,671.1,0
2017-03-12 08:25:38,5,54,19.9,72,7.8,1010.2,1015.1,1.4,2,10,671.1,0
2017-03-12 08:30:38,5,55,19.9,72,8,1010.3,1015.2,1.4,2,10,671.1,0
2017-03-12 08:35:38,5,55,19.9,72,8.2,1010.4,1015.3,2.4,3.7,10,671.1,0
2017-03-12 08:40:38,5,55,19.9,71,8.3,1010.6,1015.5,3.1,4.1,12,671.1,0
2017-03-12 08:45:38,5,55,19.9,71,8.4,1010.7,1015.6,1.7,2.4,10,671.1,0
2017-03-12 08:50:38,5,55,19.9,71,8.6,1010.7,1015.6,2.7,3.7,10,671.1,0
2017-03-12 08:55:38,5,55,19.9,71,8.6,1010.9,1015.8,2.4,3.1,10,671.1,0
2017-03-12 09:00:38,5,55,19.9,71,8.7,1010.8,1015.7,2,3.4,8,671.1,0
2017-03-12 09:05:38,5,56,19.9,71,8.8,1010.9,1015.8,2.7,3.4,10,671.1,0
2017-03-12 09:10:38,5,56,19.9,69,8.9,1011.1,1016,2.7,4.1,10,671.1,0
2017-03-12 09:15:38,5,55,20,68,8.9,1011.2,1016.1,2.7,3.7,8,671.1,0
2017-03-12 09:20:38,5,55,20,67,9.1,1011.2,1016.1,2.4,3.4,12,671.1,0
2017-03-12 09:25:38,5,55,20,67,9.1,1011.3,1016.2,3.1,3.7,10,671.1,0
2017-03-12 09:30:38,5,55,20,67,9.1,1011.5,1016.4,3.1,5.1,10,671.1,0
2017-03-12 09:35:38,5,55,20,67,9.2,1011.5,1016.4,3.1,3.7,8,671.1,0
2017-03-12 09:40:38,5,55,20,67,9.5,1011.6,1016.5,1.7,3.1,10,671.1,0
2017-03-12 09:45:38,5,55,20,67,9.7,1011.7,1016.6,2.4,4.1,10,671.1,0
2017-03-12 09:50:38,5,55,20.1,67,9.4,1011.8,1016.7,2.4,4.4,10,671.1,0
2017-03-12 09:55:38,5,55,20.1,67,9.3,1011.8,1016.7,3.4,5.1,13,671.1,0
2017-03-12 10:00:38,5,55,20.1,67,9,1012,1016.9,2,3.1,10,671.1,0
2017-03-12 10:05:38,5,55,20.1,68,9.1,1012,1016.9,2.4,3.7,10,671.1,0
2017-03-12 10:10:38,5,55,20.1,67,9.4,1012.1,1017,1.7,3.4,10,671.1,0
2017-03-12 10:15:38,5,50,20,67,9.6,1012.1,1017,3.1,4.1,12,671.1,0
2017-03-12 10:20:38,5,47,20,66,9.7,1012.1,1017,2.7,3.4,14,671.1,0
2017-03-12 10:25:38,5,47,19.9,66,9.4,1012.3,1017.2,2.7,3.7,10,671.1,0
2017-03-12 10:30:38,5,46,19.7,66,9.2,1012.4,1017.3,2.4,4.4,10,671.1,0
2017-03-12 10:35:38,5,48,19.7,65,9,1012.6,1017.5,3.4,5.4,10,671.1,0
2017-03-12 10:40:38,5,51,19.7,65,9.5,1012.7,1017.6,3.1,6.1,10,671.1,0
2017-03-12 10:45:38,5,52,19.7,64,9.8,1012.8,1017.7,4.1,5.8,10,671.1,0
2017-03-12 10:50:38,5,52,19.8,63,9.3,1012.8,1017.7,2.4,3.7,12,671.1,0
2017-03-12 10:55:38,5,53,19.8,64,9.3,1012.9,1017.8,2.4,3.4,10,671.1,0
2017-03-12 11:00:38,5,54,19.8,64,9.3,1013,1017.9,3.7,6.1,10,671.1,0
2017-03-12 11:05:38,5,54,19.9,64,9.5,1013.1,1018,1.4,2.7,10,671.1,0
2017-03-12 11:10:38,5,54,19.9,64,10,1013.2,1018.1,2.4,3.1,12,671.1,0
2017-03-12 11:15:38,5,53,20,63,10.3,1013.2,1018.1,3.4,4.1,9,671.1,0
2017-03-12 11:20:38,5,54,20,59,10.1,1013.4,1018.3,3.4,4.4,10,671.1,0
2017-03-12 11:25:38,5,54,20.1,61,9.9,1013.4,1018.3,2.4,3.1,8,671.1,0
2017-03-12 11:30:38,5,56,20.2,62,9.5,1013.5,1018.4,3.1,4.1,10,671.1,0
2017-03-12 11:35:38,5,56,20.3,64,9.2,1013.7,1018.6,2.7,4.1,10,671.1,0
2017-03-12 11:40:38,5,56,20.3,65,8.8,1013.8,1018.7,3.4,5.4,10,671.1,0
2017-03-12 11:45:38,5,55,20.5,66,8.6,1013.8,1018.7,1.7,2.7,10,671.1,0
2017-03-12 11:50:38,5,55,20.6,67,8.9,1013.9,1018.8,3.1,5.4,10,671.1,0
2017-03-12 11:55:38,5,55,20.8,64,9.3,1013.9,1018.8,4.1,5.4,12,671.1,0
2017-03-12 12:00:38,5,55,20.8,62,9.7,1013.9,1018.8,3.1,4.4,10,671.1,0
2017-03-12 12:05:38,5,54,20.9,60,9.7,1014,1018.9,4.8,7.8,12,671.1,0
2017-03-12 12:10:38,5,53,21,61,9.5,1014.2,1019.1,3.7,6.1,14,671.1,0
2017-03-12 12:15:38,5,53,21,60,9.6,1013.9,1018.8,3.7,5.1,12,671.1,0
2017-03-12 12:20:38,5,53,21.1,60,9.7,1014.3,1019.2,6.1,7.8,12,671.1,0
2017-03-12 12:25:38,5,53,21.1,61,9,1014.3,1019.2,3.4,4.4,10,671.1,0
2017-03-12 12:30:38,5,52,21.2,65,8.7,1014.5,1019.4,4.1,5.1,14,671.1,0
2017-03-12 12:35:38,5,52,21.2,64,8.9,1014.4,1019.3,3.4,5.4,12,671.1,0
2017-03-12 12:40:38,5,52,21.2,60,9.1,1014.4,1019.3,3.4,4.8,10,671.1,0
2017-03-12 12:45:38,5,52,21.2,59,9.2,1014.4,1019.3,2.7,4.1,12,671.1,0
2017-03-12 12:50:38,5,44,21.2,58,9.2,1014.5,1019.4,3.1,4.4,10,671.1,0
2017-03-12 12:55:38,5,48,21.2,57,9.2,1014.7,1019.6,4.1,5.8,12,671.1,0
2017-03-12 13:00:38,5,50,21.2,57,9.3,1014.9,1019.8,3.1,4.8,10,671.1,0
2017-03-12 13:05:38,5,50,21.2,57,9.3,1014.7,1019.6,2.4,3.4,12,671.1,0
2017-03-12 13:10:38,5,50,21.2,56,9.4,1014.8,1019.7,3.4,6.5,10,671.1,0
2017-03-12 13:15:38,5,51,21.2,55,9.4,1014.9,1019.8,3.7,4.8,10,671.1,0
2017-03-12 13:20:38,5,51,21.2,55,10.1,1014.7,1019.6,4.8,6.8,12,671.1,0
2017-03-12 13:25:38,5,51,21.5,54,10.4,1014.7,1019.6,3.4,6.1,10,671.1,0
2017-03-12 13:30:38,5,52,21.5,50,10.9,1014.9,1019.8,3.7,6.1,10,671.1,0
2017-03-12 13:35:38,5,52,21.6,46,11,1015.1,1020,2,3.1,10,671.1,0
2017-03-12 13:40:38,5,52,21.6,47,10.7,1015,1019.9,2,3.4,9,671.1,0
2017-03-12 13:45:38,5,52,21.9,47,10.6,1015.2,1020.1,4.4,5.8,12,671.1,0
2017-03-12 13:50:38,5,52,22,48,11.1,1015,1019.9,2.7,3.7,8,671.1,0
2017-03-12 13:55:38,5,52,22.1,49,11.6,1015.3,1020.2,3.7,5.1,10,671.1,0
2017-03-12 14:00:38,5,43,22.1,51,10.9,1015.2,1020.1,3.1,4.8,10,671.1,0
2017-03-12 14:05:38,5,39,22.2,52,10.9,1015.3,1020.2,5.4,8.8,12,671.1,0
2017-03-12 14:10:38,5,47,22.2,47,10.5,1015.4,1020.3,2.4,4.1,10,671.1,0
2017-03-12 14:15:38,5,48,22.2,49,10.3,1015.3,1020.2,4.4,5.8,12,671.1,0
2017-03-12 14:20:38,5,48,22.3,49,10.3,1015.4,1020.3,2.4,3.7,10,671.1,0
2017-03-12 14:25:38,5,49,22.3,51,10.1,1015.4,1020.3,3.1,4.8,12,671.1,0
2017-03-12 14:30:38,5,49,22.3,51,10.2,1015.4,1020.3,2.4,3.1,12,671.1,0
2017-03-12 14:35:38,5,49,22.3,51,10.2,1015.6,1020.5,4.8,6.8,12,671.1,0
2017-03-12 14:40:38,5,49,22.4,53,9.8,1015.5,1020.4,4.4,5.8,12,671.1,0
2017-03-12 14:45:38,5,48,22.4,53,10,1015.7,1020.6,1.7,2.4,10,671.1,0
2017-03-12 14:50:38,5,49,22.3,54,10.2,1015.7,1020.6,3.4,4.8,10,671.1,0
2017-03-12 14:55:38,5,49,22.4,54,10.6,1015.7,1020.6,3.7,6.1,10,671.1,0
2017-03-12 15:00:38,5,49,22.4,53,10.9,1015.7,1020.6,3.4,5.1,8,671.1,0
2017-03-12 15:05:38,5,49,22.5,51,11.2,1015.7,1020.6,4.4,6.8,10,671.1,0
2017-03-12 15:10:38,5,50,22.6,50,11,1015.7,1020.6,2.7,4.1,10,671.1,0
2017-03-12 15:15:38,5,50,22.6,52,11,1015.8,1020.7,4.8,6.5,10,671.1,0
2017-03-12 15:20:38,5,49,22.7,51,10.8,1015.8,1020.7,5.1,8.2,10,671.1,0
2017-03-12 15:25:38,5,49,22.8,52,10.7,1015.8,1020.7,3.1,4.4,8,671.1,0
2017-03-12 15:30:38,5,49,22.9,53,10.6,1015.9,1020.8,5.1,6.8,10,671.1,0
2017-03-12 15:35:38,5,49,23,53,10.4,1015.9,1020.8,4.1,5.4,9,671.1,0
2017-03-12 15:40:38,5,49,23.1,53,10.3,1016,1020.9,3.7,5.8,8,671.1,0
2017-03-12 15:45:38,5,49,23.2,53,10.3,1016.2,1021.1,3.4,5.1,8,671.1,0
2017-03-12 15:50:38,5,39,23.2,53,10.3,1016.1,1021,3.4,4.8,10,671.1,0
2017-03-12 15:55:38,5,39,23.3,53,10.2,1016.1,1021,4.1,5.1,8,671.1,0
2017-03-12 16:00:38,5,43,23.3,53,10.3,1016.1,1021,3.7,4.8,10,671.1,0
2017-03-12 16:05:38,5,44,23.4,53,10.3,1016,1020.9,3.7,5.4,10,671.1,0
2017-03-12 16:10:38,5,43,23.5,53,10.3,1016.1,1021,3.4,4.4,8,671.1,0
2017-03-12 16:15:38,5,42,23.5,53,10.2,1016.2,1021.1,4.4,5.8,10,671.1,0
2017-03-12 16:20:38,5,39,23.6,54,10.1,1016.3,1021.2,4.4,6.1,10,671.1,0
2017-03-12 16:25:38,5,39,23.6,55,10,1016.4,1021.3,3.4,4.1,10,671.1,0
2017-03-12 16:30:38,5,40,23.7,57,9.9,1016.6,1021.5,2.7,3.7,10,671.1,0
2017-03-12 16:35:38,5,39,23.8,57,9.8,1016.8,1021.7,3.7,4.8,8,671.1,0
2017-03-12 16:40:38,5,38,23.7,57,9.8,1016.7,1021.6,4.1,5.4,8,671.1,0
2017-03-12 16:45:38,5,37,23.8,57,9.8,1016.9,1021.8,3.1,4.4,10,671.1,0
2017-03-12 16:50:38,5,39,23.7,57,9.9,1016.7,1021.6,3.4,4.8,8,671.1,0
2017-03-12 16:55:38,5,41,23.6,57,9.7,1017,1021.9,4.1,5.4,10,671.1,0
2017-03-12 17:00:38,5,42,23.6,57,9.3,1017.2,1022.1,2.7,4.1,10,671.1,0
2017-03-12 17:05:38,5,42,23.6,58,9.3,1017.2,1022.1,2.7,3.4,10,671.1,0
2017-03-12 17:10:38,5,40,23.4,59,9.1,1017.2,1022.1,2.7,4.8,10,671.1,0
2017-03-12 17:15:38,5,37,23.4,60,8.9,1017.2,1022.1,3.7,4.8,10,671.1,0
2017-03-12 17:20:38,5,36,23.4,61,8.9,1017,1021.9,1.7,2.7,8,671.1,0
2017-03-12 17:25:38,5,35,23.3,61,8.8,1017.1,1022,3.4,4.4,10,671.1,0
2017-03-12 17:30:38,5,36,23.2,62,8.6,1017.4,1022.3,2.7,3.4,12,671.1,0
2017-03-12 17:35:38,5,34,23.1,62,8.5,1017.3,1022.2,2.7,4.1,9,671.1,0
2017-03-12 17:40:38,5,34,23.1,62,8.4,1017.4,1022.3,3.4,4.4,10,671.1,0
2017-03-12 17:45:38,5,34,23,63,8.4,1017.6,1022.5,2,3.4,8,671.1,0
2017-03-12 17:50:38,5,32,22.9,63,8.2,1017.5,1022.4,3.4,4.4,10,671.1,0
2017-03-12 17:55:38,5,33,22.9,63,8.1,1017.8,1022.7,3.4,4.4,2,671.1,0
2017-03-12 18:00:38,5,36,22.8,64,8,1017.8,1022.7,3.4,4.4,10,671.1,0
2017-03-12 18:05:38,5,38,22.8,63,7.9,1017.8,1022.7,3.1,4.4,10,671.1,0
2017-03-12 18:10:38,5,38,22.7,64,7.7,1018,1022.9,3.1,5.1,10,671.1,0
2017-03-12 18:15:38,5,39,22.6,65,7.7,1018,1022.9,2.4,3.1,10,671.1,0
2017-03-12 18:20:38,5,39,22.6,65,7.6,1018.1,1023,2,3.1,10,671.1,0
2017-03-12 18:25:38,5,39,22.6,66,7.5,1018,1022.9,1.7,2.4,10,671.1,0
2017-03-12 18:30:38,5,39,22.5,67,7.4,1018.3,1023.2,2,3.4,10,671.1,0
2017-03-12 18:35:38,5,39,22.5,67,7.3,1018.3,1023.2,1,1.7,8,671.1,0
2017-03-12 18:40:38,5,40,22.4,68,7.2,1018.4,1023.3,0.7,1,8,671.1,0
2017-03-12 18:45:38,5,41,22.3,68,7.1,1018.5,1023.4,0.3,1,8,671.1,0
2017-03-12 18:50:38,5,41,22.3,70,6.9,1018.6,1023.5,0,0.3,14,671.1,0
2017-03-12 18:55:38,5,42,22.3,70,6.9,1018.6,1023.5,0.3,0.7,11,671.1,0
2017-03-12 19:00:38,5,44,22.3,70,7,1018.7,1023.6,0.7,1,8,671.1,0
2017-03-12 19:05:38,5,44,22.2,70,7,1018.6,1023.5,0.3,1,8,671.1,0
2017-03-12 19:10:38,5,44,22.2,71,7,1018.5,1023.4,1,1.4,10,671.1,0
2017-03-12 19:15:38,5,44,22.2,70,7,1018.6,1023.5,1,1.7,10,671.1,0
2017-03-12 19:20:38,5,44,22.2,70,7,1018.5,1023.4,1,1.7,10,671.1,0
2017-03-12 19:25:38,5,44,22.1,70,7,1018.7,1023.6,1,2,9,671.1,0
2017-03-12 19:30:38,5,44,22.1,71,7.1,1019,1023.9,0.7,1.4,4,671.1,0
2017-03-12 19:35:38,5,44,22.1,71,7.1,1019.1,1024,1.4,1.7,8,671.1,0
2017-03-12 19:40:38,5,45,22.1,71,7.1,1019,1023.9,1.4,1.7,8,671.1,0
2017-03-12 19:45:38,5,45,22.1,71,7.1,1019.1,1024,0.7,1.4,8,671.1,0
2017-03-12 19:50:38,5,46,22.1,71,7.1,1019.1,1024,0.3,1,8,671.1,0
2017-03-12 19:55:38,5,46,22,71,7.1,1019.1,1024,0.7,1,10,671.1,0
2017-03-12 20:00:38,5,46,22,71,7.1,1019.3,1024.2,0.7,1,8,671.1,0
2017-03-12 20:05:38,5,46,22,71,7.1,1019.4,1024.3,1,1.7,10,671.1,0
2017-03-12 20:10:38,5,46,22,71,7.1,1019.5,1024.4,1,1.4,8,671.1,0
2017-03-12 20:15:37,5,46,22,72,7.1,1019.5,1024.4,1.7,2,8,671.1,0
2017-03-12 20:20:37,5,46,22,72,7.1,1019.4,1024.3,1,1.4,8,671.1,0
2017-03-12 20:25:37,5,45,22,72,7,1019.6,1024.5,1,2.4,0,671.1,0
2017-03-12 20:30:37,5,45,22,73,6.8,1019.4,1024.3,1,1.4,8,671.1,0
2017-03-12 20:35:37,5,45,22,73,6.7,1019.4,1024.3,0.7,1,8,671.1,0
2017-03-12 20:40:37,5,45,22,73,6.6,1019.5,1024.4,0.7,1.4,8,671.1,0
2017-03-12 20:45:37,5,45,22,73,6.5,1019.6,1024.5,1.4,2,8,671.1,0
2017-03-12 20:50:37,5,45,22,74,6.5,1019.5,1024.4,1,1.7,8,671.1,0
2017-03-12 20:55:37,5,45,22,74,6.6,1019.5,1024.4,1,1.7,8,671.1,0
2017-03-12 21:00:37,5,45,22,74,6.5,1019.6,1024.5,1,1.7,8,671.1,0
2017-03-12 21:05:37,5,45,22,75,6.5,1019.5,1024.4,1.4,1.7,8,671.1,0
2017-03-12 21:10:37,5,45,22,75,6.4,1019.4,1024.3,0.7,1.4,8,671.1,0
2017-03-12 21:15:37,5,45,22,75,6.4,1019.4,1024.3,0.7,1.4,10,671.1,0
2017-03-12 21:20:37,5,45,22,75,6.4,1019.4,1024.3,0.7,1.4,8,671.1,0
2017-03-12 21:25:37,5,45,22,75,6.3,1019.6,1024.5,1,1.7,9,671.1,0
2017-03-12 21:30:37,5,45,22,76,6.4,1019.3,1024.2,0.7,1.4,12,671.1,0
2017-03-12 21:35:37,5,45,22,76,6.5,1019.5,1024.4,1.4,2.4,8,671.1,0
2017-03-12 21:40:37,5,45,22,76,6.5,1019.4,1024.3,1,1.7,8,671.1,0
2017-03-12 21:45:37,5,45,22,76,6.4,1019.7,1024.6,0.7,1.4,12,671.1,0
2017-03-12 21:50:37,5,45,22,76,6.5,1019.6,1024.5,1,1.7,8,671.1,0
2017-03-12 21:55:37,5,45,22,76,6.7,1019.9,1024.8,2,2.4,8,671.1,0
2017-03-12 22:00:37,5,45,22,77,6.9,1019.8,1024.7,1.7,2.4,10,671.1,0
2017-03-12 22:05:37,5,45,22,75,7,1019.7,1024.6,1,1.7,8,671.1,0
2017-03-12 22:10:37,5,45,22,75,7.1,1019.8,1024.7,1.4,2.7,12,671.1,0
2017-03-12 22:15:37,5,45,22,75,7.1,1019.6,1024.5,2,3.4,8,671.1,0
2017-03-12 22:20:37,5,46,21.9,75,7.2,1019.7,1024.6,2,2.4,4,671.1,0
2017-03-12 22:25:37,5,46,21.9,75,7.3,1019.8,1024.7,1.7,2,8,671.1,0
2017-03-12 22:30:37,5,45,22,75,7.4,1019.8,1024.7,0.7,1.4,8,671.1,0
2017-03-12 22:35:37,5,46,21.9,75,7.4,1020.1,1025,1.7,2.7,8,671.1,0
2017-03-12 22:40:37,5,45,22,75,7.5,1020.1,1025,1,1.4,8,671.1,0
2017-03-12 22:45:37,5,45,22,75,7.5,1020.2,1025.1,1.4,1.7,10,671.1,0
2017-03-12 22:50:37,5,45,22,75,7.6,1020.1,1025,1.7,2.7,8,671.1,0
2017-03-12 22:55:37,5,45,22,75,7.6,1019.9,1024.8,1.4,2.4,8,671.1,0
2017-03-12 23:00:37,5,45,22,75,7.7,1020,1024.9,1.7,2.4,13,671.1,0
2017-03-12 23:05:37,5,45,22,75,7.7,1020.1,1025,1.4,2,8,671.1,0
2017-03-12 23:10:37,5,46,21.9,75,7.7,1020.3,1025.2,0.7,1.4,8,671.1,0
2017-03-12 23:15:37,5,46,22,75,7.8,1020.3,1025.2,1,1.4,8,671.1,0
2017-03-12 23:20:37,5,48,22,75,7.8,1020.1,1025,1.7,2.4,8,671.1,0
2017-03-12 23:25:37,5,48,22,75,7.8,1020.1,1025,1.4,1.7,8,671.1,0
2017-03-12 23:30:37,5,48,22.1,75,7.8,1020.2,1025.1,0.7,1.4,8,671.1,0
2017-03-12 23:35:37,5,48,22.1,75,7.9,1020.2,1025.1,1.4,2,8,671.1,0
2017-03-12 23:40:37,5,48,22.1,75,7.9,1020.1,1025,1.4,2.4,8,671.1,0
2017-03-12 23:45:37,5,48,22,75,7.8,1020.2,1025.1,1,2,8,671.1,0
2017-03-12 23:50:37,5,48,22,75,7.8,1020,1024.9,1.7,2.7,8,671.1,0
2017-03-12 23:55:37,5,49,21.8,76,7.9,1020.2,1025.1,1.7,2.7,10,671.1,0
