2017-10-21 00:04:42,5,66,19.6,68,11.3,978.8,983.7,3.4,5.8,15,165.3,0
2017-10-21 00:09:42,5,66,19.6,68,11.3,978.7,983.6,5.4,9.5,4,165.3,0
2017-10-21 00:14:42,5,66,19.6,69,11.3,978.6,983.5,4.8,5.8,3,165.3,0
2017-10-21 00:19:42,5,66,19.6,70,11.2,978.5,983.4,4.1,7.1,4,165.3,0
2017-10-21 00:24:42,5,66,19.6,70,11.1,978.4,983.3,5.1,8.2,0,165.3,0
2017-10-21 00:29:42,5,66,19.6,70,11.1,978.4,983.3,4.4,5.8,10,165.3,0
2017-10-21 00:34:42,5,66,19.6,69,11.2,978.2,983.1,2.4,3.7,4,165.3,0
2017-10-21 00:39:42,5,66,19.6,69,11.2,978,982.9,4.1,7.1,14,165.3,0
2017-10-21 00:44:42,5,66,19.6,68,11.2,977.8,982.7,5.1,7.8,4,165.3,0
2017-10-21 00:49:42,5,66,19.5,68,11.2,977.6,982.5,5.1,7.5,2,165.3,0
2017-10-21 00:54:42,5,66,19.5,68,11.1,977.5,982.4,3.4,6.5,2,165.3,0
2017-10-21 00:59:42,5,66,19.5,69,11.1,977.3,982.2,4.1,8.5,4,165.3,0
2017-10-21 01:04:42,5,66,19.5,71,10.9,977.1,982,6.1,8.2,4,165.3,0
2017-10-21 01:09:42,5,66,19.5,72,10.8,977,981.9,4.4,5.8,4,165.3,0
2017-10-21 01:14:42,5,66,19.5,73,10.7,977,981.9,4.4,6.8,15,165.3,0
2017-10-21 01:19:42,5,66,19.5,73,10.7,976.9,981.8,5.1,7.1,12,165.3,0
2017-10-21 01:24:42,5,66,19.5,73,10.7,976.8,981.7,3.4,6.5,12,165.3,0
2017-10-21 01:29:42,5,66,19.5,73,10.7,976.8,981.7,6.1,9.5,4,165.3,0
2017-10-21 01:34:42,5,66,19.5,73,10.8,976.8,981.7,5.4,8.5,4,165.3,0
2017-10-21 01:39:42,5,66,19.5,73,10.9,976.5,981.4,4.1,8.5,2,165.3,0
2017-10-21 01:44:42,5,66,19.5,73,10.9,976.5,981.4,4.1,6.5,1,165.3,0
2017-10-21 01:49:42,5,66,19.5,73,10.9,976.3,981.2,4.1,6.1,4,165.3,0
2017-10-21 01:54:42,5,66,19.5,73,10.8,976.2,981.1,5.4,8.8,2,165.3,0
2017-10-21 01:59:42,5,66,19.5,73,10.9,976.1,981,3.1,4.4,11,165.3,0
2017-10-21 02:04:42,5,66,19.5,73,10.9,975.8,980.7,2.7,5.1,4,165.3,0
2017-10-21 02:09:42,5,66,19.5,73,10.9,975.7,980.6,4.1,6.8,2,165.3,0
2017-10-21 02:14:42,5,66,19.5,73,10.9,975.6,980.5,2.4,4.4,0,165.3,0
2017-10-21 02:19:42,5,66,19.4,72,11,975.6,980.5,2.7,4.4,10,165.3,0
2017-10-21 02:24:42,5,66,19.5,72,11,975.5,980.4,3.1,6.8,4,165.3,0
2017-10-21 02:29:42,5,66,19.4,72,11.1,975.6,980.5,3.1,5.1,4,165.3,0
2017-10-21 02:34:42,5,66,19.4,72,11.1,975.2,980.1,3.4,6.5,6,165.3,0
2017-10-21 02:39:42,5,66,19.4,72,11.1,975.2,980.1,2.4,5.1,4,165.3,0
2017-10-21 02:44:42,5,66,19.4,72,11,975,979.9,4.1,6.5,12,165.3,0
2017-10-21 02:49:42,5,66,19.4,72,11,975,979.9,2.7,5.8,2,165.6,0
2017-10-21 02:54:42,5,66,19.4,73,10.9,974.8,979.7,3.1,5.1,8,165.6,0
2017-10-21 02:59:42,5,66,19.4,73,10.9,974.6,979.5,2.4,3.7,14,165.6,0
2017-10-21 03:04:42,5,66,19.4,73,10.9,974.4,979.3,3.1,5.4,4,165.6,0
2017-10-21 03:09:42,5,66,19.4,73,10.9,974.4,979.3,3.4,6.1,2,165.6,0
2017-10-21 03:14:42,5,66,19.4,73,10.9,974.2,979.1,2.4,4.8,10,165.6,0
2017-10-21 03:19:42,5,66,19.4,72,11,974.1,979,3.4,5.8,1,165.6,0
2017-10-21 03:24:42,5,66,19.4,72,11,974,978.9,3.4,5.8,13,165.6,0
2017-10-21 03:29:42,5,66,19.4,73,11,973.8,978.7,6.1,10.9,4,165.6,0
2017-10-21 03:34:42,5,66,19.4,73,11,973.7,978.6,3.7,5.4,4,165.6,0
2017-10-21 03:39:42,5,66,19.4,74,10.9,973.6,978.5,3.7,6.1,2,165.6,0
2017-10-21 03:44:42,5,66,19.4,74,10.9,973.4,978.3,3.1,5.1,2,165.6,0
2017-10-21 03:49:42,5,66,19.4,74,10.9,973.4,978.3,2.7,3.4,4,165.6,0
2017-10-21 03:54:42,5,66,19.4,74,10.9,973.3,978.2,2.4,5.4,9,165.6,0
2017-10-21 03:59:42,5,66,19.4,73,11,973.2,978.1,2.4,4.4,4,165.6,0
2017-10-21 04:04:42,5,66,19.4,73,11,973,977.9,3.1,3.7,0,165.6,0
2017-10-21 04:09:42,5,66,19.4,73,11,972.7,977.6,3.1,5.1,10,165.6,0
2017-10-21 04:14:42,5,65,19.4,73,11,972.5,977.4,4.1,5.4,2,165.6,0
2017-10-21 04:19:42,5,65,19.4,73,11.1,972.5,977.4,3.4,5.4,2,165.9,0
2017-10-21 04:24:42,5,65,19.4,73,11.1,972.3,977.2,4.8,7.1,4,165.9,0
2017-10-21 04:29:42,5,65,19.4,73,11.1,972.1,977,3.1,4.4,4,165.9,0
2017-10-21 04:34:42,5,65,19.4,74,11.1,971.9,976.8,3.1,6.1,4,165.9,0
2017-10-21 04:39:42,5,65,19.4,74,11.1,971.9,976.8,2.4,4.8,13,165.9,0
2017-10-21 04:44:42,5,65,19.4,74,11.1,971.5,976.4,4.4,6.5,14,165.9,0
2017-10-21 04:49:42,5,65,19.4,74,11.1,971.5,976.4,4.1,7.5,4,165.9,0
2017-10-21 04:54:42,5,65,19.4,74,11,971.3,976.2,5.1,11.6,4,165.9,0
2017-10-21 04:59:42,5,65,19.4,74,11.1,971.1,976,4.1,6.1,10,165.9,0
2017-10-21 05:04:42,5,65,19.4,74,11.1,971.1,976,3.7,6.8,14,165.9,0
2017-10-21 05:09:42,5,65,19.4,74,11.1,970.7,975.6,3.4,6.1,12,166.2,0
2017-10-21 05:14:42,5,65,19.4,74,11,970.4,975.3,3.1,5.1,4,166.2,0
2017-10-21 05:19:42,5,65,19.4,74,11,970.4,975.3,2.7,4.4,12,166.2,0
2017-10-21 05:24:42,5,65,19.4,74,11,969.9,974.8,5.4,7.1,4,166.2,0
2017-10-21 05:29:42,5,65,19.4,74,11,969.8,974.7,4.4,8.2,10,166.5,0
2017-10-21 05:34:42,5,65,19.4,74,11,969.5,974.4,4.4,9.2,13,166.5,0
2017-10-21 05:39:42,5,65,19.4,74,11,969.1,974,3.4,6.5,8,166.5,0
2017-10-21 05:44:42,5,65,19.4,74,11,968.8,973.7,4.1,6.1,8,166.8,0
2017-10-21 05:49:42,5,65,19.3,74,11.1,968.5,973.4,2.7,5.1,8,166.8,0
2017-10-21 05:54:42,5,65,19.3,74,11.2,968.4,973.3,4.1,6.5,8,167.1,0
2017-10-21 05:59:42,5,65,19.3,74,11.3,967.9,972.8,2.7,4.1,10,167.1,0
2017-10-21 06:04:42,5,65,19.3,75,11.3,967.5,972.4,4.1,6.5,8,167.4,0
2017-10-21 06:09:42,5,65,19.3,75,11.3,967,971.9,3.4,6.5,4,167.7,0
2017-10-21 06:14:42,5,65,19.3,75,11.3,966.8,971.7,4.1,8.5,8,168.3,0
2017-10-21 06:19:42,5,65,19.3,75,11.4,966.6,971.5,3.7,5.8,10,168.3,0
2017-10-21 06:24:42,5,65,19.3,75,11.5,966.4,971.3,5.8,6.8,8,168.6,0
2017-10-21 06:29:42,5,64,19.3,75,11.6,966.2,971.1,6.1,9.5,10,168.6,0
2017-10-21 06:34:42,5,64,19.3,76,11.9,966.5,971.4,4.4,7.1,9,168.6,0
2017-10-21 06:39:42,5,64,19.3,75,12,966.3,971.2,3.1,5.4,8,168.6,0
2017-10-21 06:44:42,5,65,19.3,75,12,966.4,971.3,2.4,3.1,10,168.6,0
2017-10-21 06:49:42,5,65,19.3,75,12.1,966.5,971.4,2.7,4.1,10,168.6,0
2017-10-21 06:54:42,5,65,19.3,75,12.2,966.7,971.6,3.1,4.1,12,168.6,0
2017-10-21 06:59:42,5,65,19.3,75,12.2,967,971.9,2.7,3.7,10,168.6,0
2017-10-21 07:04:42,5,65,19.3,75,12.2,967.4,972.3,4.8,6.5,10,168.9,0
2017-10-21 07:09:42,5,65,19.3,76,11.9,968.3,973.2,5.1,7.8,10,168.9,0
2017-10-21 07:14:42,5,65,19.3,76,11.7,969,973.9,4.1,7.1,12,168.9,0
2017-10-21 07:19:42,5,65,19.3,76,11.5,969.8,974.7,4.1,5.4,12,168.9,0
2017-10-21 07:24:42,5,65,19.3,76,11.3,970.4,975.3,4.8,10.2,10,168.9,0
2017-10-21 07:29:42,5,65,19.3,76,11.1,970.9,975.8,4.8,6.8,12,168.9,0
2017-10-21 07:34:42,5,65,19.4,76,11,971.7,976.6,4.1,6.8,12,168.9,0
2017-10-21 07:39:42,5,65,19.4,76,11,972.1,977,2,2.7,12,168.9,0
2017-10-21 07:44:42,5,65,19.4,77,10.9,972.8,977.7,4.1,8.5,14,169.2,0
2017-10-21 07:49:42,5,65,19.4,77,10.9,973.2,978.1,3.7,5.8,14,169.2,0
2017-10-21 07:54:42,5,65,19.4,77,10.8,973.9,978.8,4.1,8.5,9,169.2,0
2017-10-21 07:59:42,5,65,19.4,77,10.8,974.5,979.4,4.4,7.5,12,169.2,0
2017-10-21 08:04:42,5,64,19.4,77,10.8,975.1,980,5.1,9.2,10,169.2,0
2017-10-21 08:09:42,5,64,19.4,77,10.8,975.4,980.3,5.8,9.2,10,169.2,0
2017-10-21 08:14:42,5,64,19.4,77,10.8,975.9,980.8,5.1,7.5,10,169.2,0
2017-10-21 08:19:42,5,64,19.4,77,10.7,976.2,981.1,7.1,9.9,14,169.2,0
2017-10-21 08:24:42,5,64,19.4,77,10.8,976.8,981.7,6.1,8.2,12,169.2,0
2017-10-21 08:29:42,5,64,19.4,77,10.8,977.2,982.1,6.1,8.5,12,169.2,0
2017-10-21 08:34:42,5,64,19.4,77,10.7,977.7,982.6,5.4,6.1,12,169.2,0
2017-10-21 08:39:42,5,64,19.4,77,10.7,978,982.9,6.8,8.5,0,169.2,0
2017-10-21 08:44:42,5,64,19.4,77,10.8,978.4,983.3,4.4,7.1,12,169.2,0
2017-10-21 08:49:42,5,64,19.4,77,10.7,978.7,983.6,6.1,11.6,14,169.2,0
2017-10-21 08:54:42,5,64,19.4,77,10.8,978.9,983.8,4.8,10.2,12,169.2,0
2017-10-21 08:59:42,5,64,19.4,77,10.8,979.3,984.2,5.1,8.8,14,169.2,0
2017-10-21 09:04:42,5,64,19.4,77,10.9,979.6,984.5,5.4,7.8,10,169.2,0
2017-10-21 09:09:42,5,64,19.4,77,10.9,979.8,984.7,5.8,8.2,12,169.2,0
2017-10-21 09:14:42,5,64,19.4,77,10.8,980.3,985.2,6.8,9.2,12,169.2,0
2017-10-21 09:19:42,5,64,19.4,77,10.9,980.5,985.4,6.5,12.6,14,169.2,0
2017-10-21 09:24:42,5,64,19.4,77,10.9,980.8,985.7,4.1,6.5,8,169.2,0
2017-10-21 09:29:42,5,64,19.4,77,10.9,981.3,986.2,4.1,7.1,14,169.2,0
2017-10-21 09:34:42,5,64,19.4,76,11,981.3,986.2,4.4,7.5,12,169.2,0
2017-10-21 09:39:42,5,64,19.4,76,11.1,981.7,986.6,2.4,3.4,10,169.2,0
2017-10-21 09:44:42,5,64,19.4,76,11.2,981.9,986.8,4.4,5.8,8,169.2,0
2017-10-21 09:49:42,5,64,19.5,76,11.2,982.3,987.2,5.4,8.2,14,169.2,0
2017-10-21 09:54:42,5,64,19.5,75,11.3,982.3,987.2,4.1,5.8,12,169.2,0
2017-10-21 09:59:42,5,64,19.5,75,11.4,982.7,987.6,3.7,4.8,12,169.2,0
2017-10-21 10:04:42,5,64,19.5,75,11.5,982.8,987.7,1.7,2.7,12,169.2,0
2017-10-21 10:09:42,5,65,19.5,75,11.6,983,987.9,2.7,4.1,10,169.2,0
2017-10-21 10:14:42,5,65,19.5,75,11.7,983.2,988.1,2.4,3.4,12,169.2,0
2017-10-21 10:19:42,5,65,19.5,75,11.8,983.3,988.2,2.7,4.4,12,169.2,0
2017-10-21 10:24:42,5,66,19.6,75,11.9,983.8,988.7,2.7,4.1,12,169.2,0
2017-10-21 10:29:42,5,66,19.6,75,11.9,983.8,988.7,3.4,4.1,12,169.2,0
2017-10-21 10:34:42,5,66,19.6,74,11.9,984,988.9,3.1,4.4,14,169.2,0
2017-10-21 10:39:42,5,67,19.6,73,12,984.3,989.2,4.4,6.8,12,169.2,0
2017-10-21 10:44:42,5,67,19.6,72,12.2,984.5,989.4,5.1,8.5,14,169.2,0
2017-10-21 10:49:42,5,68,19.7,72,12.3,984.7,989.6,4.8,7.1,12,169.2,0
2017-10-21 10:54:42,5,68,19.7,71,12.3,984.9,989.8,6.5,8.2,12,169.2,0
2017-10-21 10:59:42,5,68,19.7,71,12.4,985.2,990.1,6.1,8.8,12,169.2,0
2017-10-21 11:04:42,5,68,19.8,71,12.3,985.4,990.3,4.1,7.8,12,169.2,0
2017-10-21 11:09:42,5,67,19.8,71,12.3,985.5,990.4,4.8,5.8,12,169.2,0
2017-10-21 11:14:42,5,67,19.8,71,12.3,985.7,990.6,3.7,5.4,14,169.2,0
2017-10-21 11:19:42,5,67,19.8,71,12.4,986,990.9,5.4,7.8,14,169.2,0
2017-10-21 11:24:42,5,66,19.8,71,12.5,986,990.9,3.1,5.4,10,169.2,0
2017-10-21 11:29:42,5,65,19.9,70,12.6,986.1,991,3.7,7.1,12,169.2,0
2017-10-21 11:34:42,5,65,19.9,71,12.6,986.4,991.3,2.4,4.8,12,169.2,0
2017-10-21 11:39:42,5,65,19.9,71,12.7,986.7,991.6,2,5.1,10,169.2,0
2017-10-21 11:44:42,5,65,19.9,71,12.4,986.8,991.7,3.4,5.4,12,169.2,0
2017-10-21 11:49:42,5,66,19.9,71,12.2,987.1,992,3.4,4.8,12,169.2,0
2017-10-21 11:54:42,5,66,19.9,71,12.4,987.1,992,4.4,5.1,14,169.8,0
2017-10-21 11:59:42,5,66,19.9,71,12.3,987.4,992.3,4.4,6.8,9,169.8,0
2017-10-21 12:04:42,5,66,19.9,71,12.4,987.7,992.6,3.7,5.4,4,169.8,0
2017-10-21 12:09:42,5,66,19.9,71,12.8,987.7,992.6,5.1,7.5,14,170.4,0
2017-10-21 12:14:42,5,65,20,69,13.2,988.1,993,4.4,5.8,14,170.4,0
2017-10-21 12:19:42,5,65,20,69,12.8,988.4,993.3,3.7,5.8,13,171.9,0
2017-10-21 12:24:42,5,65,20,68,12.8,988.4,993.3,4.8,8.2,12,171.9,0
2017-10-21 12:29:42,5,65,20,67,12.7,988.5,993.4,6.1,7.8,14,171.9,0
2017-10-21 12:34:42,5,65,20,67,12.7,988.8,993.7,7.1,8.8,14,171.9,0
2017-10-21 12:39:42,5,65,20,68,12.8,988.9,993.8,6.5,9.5,14,171.9,0
2017-10-21 12:44:42,5,65,20,67,12.7,989,993.9,3.4,4.1,10,171.9,0
2017-10-21 12:49:42,5,65,20.1,70,12.4,989.2,994.1,4.8,7.5,10,171.9,0
2017-10-21 12:54:42,5,65,20.1,72,11.8,989.8,994.7,7.5,12.9,14,171.9,0
2017-10-21 12:59:42,5,65,20,73,11.5,989.9,994.8,4.8,6.5,14,171.9,0
2017-10-21 13:04:42,5,64,20,73,11.3,990.2,995.1,6.8,10.5,14,171.9,0
2017-10-21 13:09:42,5,64,20,73,11.1,990.3,995.2,4.8,10.5,10,171.9,0
2017-10-21 13:14:42,5,64,20,73,11.2,990.5,995.4,4.4,6.8,14,171.9,0
2017-10-21 13:19:42,5,64,20,73,11.4,990.7,995.6,5.1,9.5,12,171.9,0
2017-10-21 13:24:42,5,65,20.1,72,11.8,991.1,996,5.1,6.8,12,171.9,0
2017-10-21 13:29:42,5,65,20.1,70,11.9,991.2,996.1,4.1,5.8,14,171.9,0
2017-10-21 13:34:42,5,66,20.1,69,11.9,991.2,996.1,4.8,6.5,12,171.9,0
2017-10-21 13:39:42,5,67,20.2,68,11.8,991.5,996.4,4.8,6.8,11,171.9,0
2017-10-21 13:44:42,5,68,20.2,68,11.9,991.6,996.5,4.1,7.8,10,171.9,0
2017-10-21 13:49:42,5,68,20.3,69,11.8,991.9,996.8,3.1,5.4,12,171.9,0
2017-10-21 13:54:42,5,68,20.3,68,11.9,991.8,996.7,5.8,9.5,12,171.9,0
2017-10-21 13:59:42,5,68,20.4,68,11.8,991.8,996.7,3.4,6.1,14,171.9,0
2017-10-21 14:04:42,5,68,20.4,68,11.8,992.3,997.2,3.7,5.1,0,171.9,0
2017-10-21 14:09:42,5,68,20.5,68,11.6,992.5,997.4,4.4,7.1,12,171.9,0
2017-10-21 14:14:42,5,68,20.5,68,11.4,992.6,997.5,4.1,6.5,14,171.9,0
2017-10-21 14:19:42,5,68,20.5,69,11.2,992.7,997.6,6.1,9.9,14,171.9,0
2017-10-21 14:24:42,5,67,20.5,69,11.2,993,997.9,4.1,6.5,10,171.9,0
2017-10-21 14:29:42,5,64,20.4,69,11.1,993.3,998.2,3.1,5.1,14,171.9,0
2017-10-21 14:34:42,5,62,20.4,69,11,993.4,998.3,4.4,6.5,14,171.9,0
2017-10-21 14:39:42,5,61,20.3,69,11,993.5,998.4,3.4,5.4,12,171.9,0
2017-10-21 14:44:42,5,62,20.3,69,11.1,993.6,998.5,3.7,6.8,14,171.9,0
2017-10-21 14:49:42,5,62,20.3,69,11.1,993.7,998.6,4.8,9.9,8,171.9,0
2017-10-21 14:54:42,5,62,20.3,69,11.1,994,998.9,4.4,7.1,10,171.9,0
2017-10-21 14:59:42,5,63,20.3,69,11.1,994.2,999.1,7.5,9.5,14,171.9,0
2017-10-21 15:04:42,5,63,20.2,70,10.9,994.1,999,4.1,6.5,12,171.9,0
2017-10-21 15:09:42,5,63,20.2,70,10.8,994.3,999.2,4.1,7.8,12,171.9,0
2017-10-21 15:14:42,5,63,20.2,70,10.8,994.4,999.3,3.1,4.8,10,171.9,0
2017-10-21 15:19:42,5,63,20.2,71,10.7,994.6,999.5,3.7,6.8,14,171.9,0
2017-10-21 15:24:42,5,63,20.2,70,10.7,994.6,999.5,4.1,8.5,14,171.9,0
2017-10-21 15:29:42,5,63,20.2,70,10.6,994.7,999.6,5.1,7.8,12,171.9,0
2017-10-21 15:34:42,5,63,20.2,70,10.5,995.2,1000.1,6.5,13.9,10,171.9,0
2017-10-21 15:39:42,5,63,20.1,71,10.3,995,999.9,3.1,4.4,12,171.9,0
2017-10-21 15:44:42,5,63,20.1,71,10.3,995.4,1000.3,4.1,8.8,12,171.9,0
2017-10-21 15:49:42,5,63,20.1,71,10.3,995.5,1000.4,6.8,9.9,14,171.9,0
2017-10-21 15:54:42,5,64,20.1,72,10.2,995.6,1000.5,5.8,7.1,14,171.9,0
2017-10-21 15:59:42,5,64,20.2,72,10.2,995.8,1000.7,6.5,9.2,14,171.9,0
2017-10-21 16:04:42,5,64,20.2,72,10.2,996,1000.9,4.4,7.5,10,171.9,0
2017-10-21 16:09:42,5,64,20.1,72,10.1,996,1000.9,3.7,5.8,14,171.9,0
2017-10-21 16:14:42,5,64,20.1,71,10.1,996.2,1001.1,5.1,7.5,10,171.9,0
2017-10-21 16:19:42,5,64,20.1,71,10.1,996.4,1001.3,3.4,4.8,14,171.9,0
2017-10-21 16:24:42,5,64,20.1,70,10.1,996.6,1001.5,5.8,8.2,14,171.9,0
2017-10-21 16:29:42,5,64,20.1,70,10.2,996.9,1001.8,5.4,8.8,13,171.9,0
2017-10-21 16:34:42,5,64,20.1,68,10.3,997.1,1002,4.8,7.1,12,171.9,0
2017-10-21 16:39:42,5,64,20.1,68,10.2,997.2,1002.1,5.4,8.5,14,171.9,0
2017-10-21 16:44:42,5,64,20,68,10.2,997.2,1002.1,7.5,10.2,12,171.9,0
2017-10-21 16:49:42,5,64,20,67,10.2,997.7,1002.6,4.4,8.2,12,171.9,0
2017-10-21 16:54:42,5,64,20,68,10.1,997.8,1002.7,6.8,11.6,12,171.9,0
2017-10-21 16:59:42,5,64,20,67,10,997.9,1002.8,4.8,6.8,14,171.9,0
2017-10-21 17:04:42,5,64,20,69,9.9,998.4,1003.3,3.7,7.5,12,171.9,0
2017-10-21 17:09:42,5,64,20,70,9.8,998.6,1003.5,3.7,6.1,12,171.9,0
2017-10-21 17:14:42,5,65,19.9,70,9.7,998.8,1003.7,4.4,6.1,14,171.9,0
2017-10-21 17:19:42,5,65,19.9,71,9.6,998.9,1003.8,7.5,10.5,14,171.9,0
2017-10-21 17:24:42,5,64,19.9,71,9.5,999.1,1004,4.8,7.1,14,171.9,0
2017-10-21 17:29:42,5,64,19.8,72,9.3,999.2,1004.1,5.1,8.5,14,171.9,0
2017-10-21 17:34:42,5,64,19.8,72,9.2,999.5,1004.4,2.4,4.4,12,171.9,0
2017-10-21 17:39:42,5,64,19.8,73,9.1,999.4,1004.3,2,3.1,10,172.2,0
2017-10-21 17:44:42,5,64,19.8,74,9,999.5,1004.4,5.1,6.8,12,172.2,0
2017-10-21 17:49:42,5,64,19.8,74,9,999.7,1004.6,2,2.7,13,172.2,0
2017-10-21 17:54:42,5,64,19.7,74,9,999.8,1004.7,3.7,7.1,12,172.2,0
2017-10-21 17:59:42,5,64,19.7,75,8.9,1000.1,1005,3.4,4.4,14,172.2,0
2017-10-21 18:04:42,5,64,19.7,75,8.9,1000,1004.9,2,3.7,12,172.2,0
2017-10-21 18:09:42,5,64,19.7,75,8.8,1000.4,1005.3,2.4,3.7,14,172.2,0
2017-10-21 18:14:42,5,64,19.7,75,8.7,1000.6,1005.5,3.1,4.1,12,172.2,0
2017-10-21 18:19:42,5,64,19.6,74,8.7,1000.5,1005.4,2,2.7,10,172.2,0
2017-10-21 18:24:42,5,64,19.6,74,8.6,1000.7,1005.6,2,3.4,10,172.2,0
2017-10-21 18:29:42,5,64,19.6,73,8.6,1000.9,1005.8,2.4,4.1,12,172.2,0
2017-10-21 18:34:42,5,64,19.6,73,8.6,1000.9,1005.8,4.8,6.8,12,172.2,0
2017-10-21 18:39:42,5,64,19.6,72,8.6,1001.2,1006.1,2.4,3.7,12,172.2,0
2017-10-21 18:44:42,5,65,19.6,73,8.5,1001.3,1006.2,2.7,3.4,14,172.2,0
2017-10-21 18:49:42,5,65,19.6,73,8.5,1001.4,1006.3,4.8,6.5,12,172.2,0
2017-10-21 18:54:42,5,65,19.6,73,8.5,1001.5,1006.4,4.8,5.8,14,172.2,0
2017-10-21 18:59:42,5,65,19.6,73,8.4,1001.6,1006.5,2,2.4,14,172.2,0
2017-10-21 19:04:42,5,65,19.6,73,8.4,1001.9,1006.8,2.4,3.4,14,172.2,0
2017-10-21 19:09:42,5,66,19.6,73,8.4,1001.9,1006.8,3.4,5.4,14,172.2,0
2017-10-21 19:14:42,5,66,19.6,73,8.5,1002,1006.9,1.4,2.4,12,172.2,0
2017-10-21 19:19:42,5,66,19.6,74,8.4,1002.3,1007.2,1.4,2.7,12,172.2,0
2017-10-21 19:24:42,5,66,19.6,74,8.4,1002.4,1007.3,1.7,3.1,14,172.2,0
2017-10-21 19:29:42,5,66,19.6,74,8.5,1002.4,1007.3,4.4,6.8,14,172.2,0
2017-10-21 19:34:42,5,66,19.7,73,8.4,1002.4,1007.3,3.1,5.8,12,172.2,0
2017-10-21 19:39:42,5,66,19.7,73,8.4,1002.6,1007.5,3.1,7.1,12,172.2,0
2017-10-21 19:44:42,5,67,19.7,73,8.3,1002.7,1007.6,2.4,3.4,8,172.2,0
2017-10-21 19:49:42,5,67,19.7,72,8.2,1002.8,1007.7,3.1,5.4,10,172.2,0
2017-10-21 19:54:42,5,67,19.7,71,8.2,1002.9,1007.8,2.4,3.4,12,172.2,0
2017-10-21 19:59:42,5,67,19.7,71,8.2,1003,1007.9,3.1,6.1,0,172.2,0
2017-10-21 20:04:42,5,67,19.7,70,8.3,1003.1,1008,2.7,3.7,10,172.2,0
2017-10-21 20:09:42,5,67,19.7,70,8.2,1003.2,1008.1,3.7,5.4,14,172.2,0
2017-10-21 20:14:42,5,67,19.7,69,8.2,1003.2,1008.1,3.1,6.5,10,172.2,0
2017-10-21 20:19:42,5,67,19.8,69,8.1,1003.4,1008.3,2.4,4.1,12,172.2,0
2017-10-21 20:24:42,5,67,19.8,69,8,1003.4,1008.3,3.4,5.1,12,172.2,0
2017-10-21 20:29:42,5,67,19.7,68,7.9,1003.5,1008.4,3.1,4.8,12,172.2,0
2017-10-21 20:34:42,5,67,19.7,69,7.9,1003.5,1008.4,3.1,4.4,10,172.2,0
2017-10-21 20:39:42,5,67,19.8,69,7.9,1003.6,1008.5,3.1,4.4,12,172.2,0
2017-10-21 20:44:42,5,67,19.8,69,7.9,1003.6,1008.5,2,2.7,12,172.2,0
2017-10-21 20:49:42,5,67,19.8,69,8,1003.9,1008.8,2.7,4.8,14,172.2,0
2017-10-21 20:54:42,5,67,19.9,69,8.1,1003.9,1008.8,3.1,4.1,12,172.2,0
2017-10-21 20:59:42,5,67,19.9,69,8.2,1004,1008.9,3.7,5.8,8,172.2,0
2017-10-21 21:04:42,5,67,19.9,68,8.2,1004.3,1009.2,3.1,4.4,14,172.2,0
2017-10-21 21:09:42,5,67,19.9,67,8.2,1004.4,1009.3,3.1,6.1,10,172.2,0
2017-10-21 21:14:42,5,67,19.9,66,8.2,1004.4,1009.3,2.4,3.7,12,172.2,0
2017-10-21 21:19:42,5,67,19.9,67,8.1,1004.4,1009.3,2.4,3.7,10,172.2,0
2017-10-21 21:24:42,5,67,19.8,67,8,1004.7,1009.6,3.1,4.1,13,172.2,0
2017-10-21 21:29:42,5,67,19.9,68,8,1004.8,1009.7,3.1,4.4,11,172.2,0
2017-10-21 21:34:42,5,67,19.9,69,8.1,1004.9,1009.8,2.7,3.7,14,172.2,0
2017-10-21 21:39:42,5,67,19.8,71,7.9,1005,1009.9,3.4,7.5,14,172.2,0
2017-10-21 21:44:42,5,67,19.9,71,7.8,1005.2,1010.1,2,2.7,10,172.2,0
2017-10-21 21:49:42,5,67,19.9,72,7.8,1005.2,1010.1,2.7,4.1,10,172.2,0
2017-10-21 21:54:42,5,67,19.8,72,7.7,1005.3,1010.2,3.1,4.1,12,172.2,0
2017-10-21 21:59:42,5,67,19.9,72,7.7,1005.3,1010.2,3.1,3.7,10,172.2,0
2017-10-21 22:04:42,5,67,19.9,72,7.7,1005.3,1010.2,2.4,3.4,12,172.2,0
2017-10-21 22:09:42,5,67,19.9,72,7.6,1005.3,1010.2,3.1,5.1,14,172.2,0
2017-10-21 22:14:42,5,67,19.9,72,7.5,1005.4,1010.3,2.4,3.4,14,172.2,0
2017-10-21 22:19:42,5,67,19.9,72,7.5,1005.4,1010.3,4.4,7.5,14,172.2,0
2017-10-21 22:24:42,5,67,19.8,72,7.6,1005.5,1010.4,3.1,4.1,10,172.2,0
2017-10-21 22:29:42,5,67,19.9,71,7.5,1005.6,1010.5,3.4,4.8,12,172.2,0
2017-10-21 22:34:42,5,67,19.9,71,7.5,1005.6,1010.5,4.1,5.8,12,172.2,0
2017-10-21 22:39:42,5,66,19.8,71,7.5,1005.7,1010.6,3.7,4.8,13,172.2,0
2017-10-21 22:44:42,5,66,19.9,71,7.4,1005.7,1010.6,3.4,4.8,12,172.2,0
2017-10-21 22:49:42,5,66,19.9,71,7.6,1005.7,1010.6,2.7,4.1,12,172.2,0
2017-10-21 22:54:42,5,66,19.9,71,7.6,1005.7,1010.6,3.4,5.4,12,172.2,0
2017-10-21 22:59:42,5,66,19.9,70,7.6,1005.7,1010.6,2.7,3.7,8,172.2,0
2017-10-21 23:04:42,5,66,19.9,70,7.6,1005.8,1010.7,2.4,3.1,12,172.2,0
2017-10-21 23:09:42,5,66,19.9,69,7.5,1005.9,1010.8,2.4,3.4,8,172.2,0
2017-10-21 23:14:42,5,66,19.9,69,7.5,1005.8,1010.7,3.4,4.4,12,172.2,0
2017-10-21 23:19:42,5,66,19.9,69,7.6,1005.9,1010.8,3.1,4.4,14,172.2,0
2017-10-21 23:24:42,5,66,19.9,68,7.6,1006,1010.9,2.7,4.1,14,172.2,0
2017-10-21 23:29:42,5,66,19.8,68,7.8,1006,1010.9,3.7,5.1,10,172.2,0
2017-10-21 23:34:42,5,66,19.8,67,8,1006.1,1011,2.4,4.1,12,172.2,0
2017-10-21 23:39:42,5,66,19.8,67,7.9,1006.1,1011,3.1,4.4,0,172.2,0
2017-10-21 23:44:42,5,66,19.8,68,7.8,1006.3,1011.2,3.1,4.1,12,172.2,0
2017-10-21 23:49:42,5,66,19.8,69,7.8,1006.5,1011.4,2.4,3.4,12,172.2,0
2017-10-21 23:54:42,5,65,19.8,68,8,1006.6,1011.5,3.4,4.4,14,172.2,0
2017-10-21 23:59:42,5,65,19.8,68,8,1006.6,1011.5,2.7,4.4,12,172.2,0
