2017-10-12 00:02:52,5,57,20.3,79,7.8,1008.7,1013.6,0.3,0.7,8,1095.6,0
2017-10-12 00:07:52,5,60,20.3,80,7.9,1008.8,1013.7,0.3,0.7,8,1095.6,0
2017-10-12 00:12:52,5,61,20.3,79,8.2,1008.7,1013.6,1,1.7,8,1095.6,0
2017-10-12 00:17:52,5,61,20.3,79,8.4,1008.9,1013.8,1,1.7,8,1095.6,0
2017-10-12 00:22:52,5,62,20.3,79,8.6,1008.9,1013.8,0.7,1,8,1095.6,0
2017-10-12 00:27:52,5,62,20.2,78,8.6,1008.8,1013.7,0.3,1,10,1095.6,0
2017-10-12 00:32:52,5,62,20.2,78,8.6,1008.8,1013.7,1,2,12,1095.6,0
2017-10-12 00:37:52,5,62,20.2,78,8.5,1008.7,1013.6,0.7,1,8,1095.6,0
2017-10-12 00:42:52,5,62,20.2,78,8.5,1008.8,1013.7,0.7,1.4,8,1095.6,0
2017-10-12 00:47:52,5,62,20.2,78,8.5,1008.9,1013.8,0.7,1,8,1095.6,0
2017-10-12 00:52:52,5,62,20.2,78,8.5,1008.9,1013.8,0.7,1.4,10,1095.6,0
2017-10-12 00:57:52,5,62,20.2,78,8.4,1009,1013.9,1,1.7,9,1095.6,0
2017-10-12 01:02:52,5,62,20.1,78,8.4,1009,1013.9,1,1.4,12,1095.6,0
2017-10-12 01:07:52,5,62,20.1,78,8.4,1009,1013.9,0.7,1.4,8,1095.6,0
2017-10-12 01:12:52,5,62,20.1,78,8.4,1009.3,1014.2,1,1.7,8,1095.6,0
2017-10-12 01:17:52,5,62,20.1,78,8.4,1009.2,1014.1,0.7,1.4,4,1095.6,0
2017-10-12 01:22:52,5,62,20.1,79,8.4,1009.1,1014,0.7,1,8,1095.6,0
2017-10-12 01:27:52,5,62,20.1,79,8.4,1009.1,1014,0.7,1.4,8,1095.6,0
2017-10-12 01:32:52,5,62,20.1,78,8.4,1009.2,1014.1,1,1.4,12,1095.6,0
2017-10-12 01:37:52,5,62,20,78,8.3,1009.2,1014.1,0.7,1,8,1095.6,0
2017-10-12 01:42:52,5,62,20,78,8.3,1009.2,1014.1,1,1.4,8,1095.6,0
2017-10-12 01:47:52,5,62,20.1,78,8.2,1009.1,1014,0.7,1,8,1095.6,0
2017-10-12 01:52:52,5,62,20,78,8.1,1009.1,1014,0.7,1.4,14,1095.6,0
2017-10-12 01:57:52,5,62,20.1,79,8.1,1009.1,1014,0.3,1,8,1095.6,0
2017-10-12 02:02:52,5,62,20,79,8,1009.2,1014.1,0.3,0.7,8,1095.6,0
2017-10-12 02:07:52,5,62,20,79,8,1009.3,1014.2,0.3,0.7,8,1095.6,0
2017-10-12 02:12:52,5,62,20,79,8,1009.3,1014.2,0.3,0.7,8,1095.6,0
2017-10-12 02:17:52,5,62,20,79,8,1009.3,1014.2,0.3,0.7,8,1095.6,0
2017-10-12 02:22:52,5,62,20,79,8,1009.2,1014.1,0.3,0.7,8,1095.6,0
2017-10-12 02:27:53,5,62,20,80,7.9,1009.4,1014.3,0.3,0.7,8,1095.6,0
2017-10-12 02:32:53,5,62,20,81,7.8,1009.3,1014.2,0.3,1,8,1095.6,0
2017-10-12 02:37:53,5,62,20,81,7.8,1009.4,1014.3,0.3,0.7,8,1095.6,0
2017-10-12 02:42:53,5,62,20,81,7.8,1009.4,1014.3,0,0.7,10,1095.6,0
2017-10-12 02:47:53,5,62,20,81,7.7,1009.4,1014.3,0.7,1.4,8,1095.6,0
2017-10-12 02:52:53,5,63,19.9,81,7.6,1009.5,1014.4,0.3,0.7,8,1095.6,0
2017-10-12 02:57:53,5,63,19.9,81,7.6,1009.4,1014.3,0.3,0.7,8,1095.6,0
2017-10-12 03:02:53,5,63,19.9,81,7.6,1009.7,1014.6,0.3,0.7,8,1095.6,0
2017-10-12 03:07:53,5,63,19.9,81,7.5,1009.7,1014.6,0.3,1,8,1095.6,0
2017-10-12 03:12:53,5,63,19.9,81,7.5,1009.7,1014.6,0.3,0.7,8,1095.6,0
2017-10-12 03:17:53,5,63,19.9,81,7.4,1009.8,1014.7,0,0.7,8,1095.6,0
2017-10-12 03:22:53,5,63,19.9,81,7.3,1009.8,1014.7,0.7,1,8,1095.6,0
2017-10-12 03:27:53,5,63,19.9,81,7.3,1009.8,1014.7,0.7,1.4,8,1095.6,0
2017-10-12 03:32:53,5,63,19.9,81,7.3,1009.8,1014.7,0.3,1,8,1095.6,0
2017-10-12 03:37:53,5,63,19.9,81,7.5,1009.8,1014.7,0.7,1.4,8,1095.6,0
2017-10-12 03:42:53,5,63,19.9,81,7.6,1009.8,1014.7,0.3,1,8,1095.6,0
2017-10-12 03:47:53,5,63,19.9,81,7.6,1009.7,1014.6,0.7,1,8,1095.6,0
2017-10-12 03:52:53,5,63,19.9,81,7.7,1009.6,1014.5,0.3,1,8,1095.6,0
2017-10-12 03:57:53,5,63,19.9,81,7.8,1009.7,1014.6,1,1.4,8,1095.6,0
2017-10-12 04:02:53,5,63,19.9,81,7.8,1009.8,1014.7,0.3,1,10,1095.6,0
2017-10-12 04:07:53,5,63,19.8,81,7.9,1009.7,1014.6,0.7,1.4,4,1095.6,0
2017-10-12 04:12:53,5,63,19.8,80,8,1009.7,1014.6,0.7,1.7,8,1095.6,0
2017-10-12 04:17:53,5,63,19.8,80,8.1,1010,1014.9,0.3,1,12,1095.6,0
2017-10-12 04:22:53,5,63,19.8,80,8.3,1010,1014.9,0,0.7,8,1095.6,0
2017-10-12 04:27:53,5,63,19.8,80,8.4,1010,1014.9,0,0,8,1095.6,0
2017-10-12 04:32:53,5,63,19.8,80,8.4,1010.1,1015,0.3,0.7,8,1095.6,0
2017-10-12 04:37:53,5,63,19.8,80,8.3,1009.8,1014.7,0.3,0.7,8,1095.6,0
2017-10-12 04:42:53,5,63,19.8,80,8.2,1010,1014.9,0.3,1,8,1095.6,0
2017-10-12 04:47:53,5,63,19.8,80,8,1009.8,1014.7,0,0.7,8,1095.6,0
2017-10-12 04:52:53,5,63,19.8,81,7.9,1009.9,1014.8,0.7,2,12,1095.6,0
2017-10-12 04:57:53,5,63,19.8,80,8,1010.2,1015.1,1,1.4,8,1095.6,0
2017-10-12 05:02:53,5,63,19.7,80,8.2,1010.1,1015,1,1.4,8,1095.6,0
2017-10-12 05:07:53,5,63,19.7,81,8.5,1010.1,1015,1,2,8,1095.6,0
2017-10-12 05:12:53,5,63,19.7,81,8.6,1010.1,1015,0.3,0.7,8,1095.6,0
2017-10-12 05:17:53,5,63,19.7,80,8.7,1010.1,1015,1,1.4,8,1095.6,0
2017-10-12 05:22:53,5,63,19.7,80,8.8,1010.1,1015,1.4,1.7,8,1095.6,0
2017-10-12 05:27:53,5,63,19.7,80,8.8,1010,1014.9,1,1.7,8,1095.6,0
2017-10-12 05:32:53,5,63,19.6,80,8.7,1010,1014.9,0.7,1.4,8,1095.6,0
2017-10-12 05:37:53,5,63,19.6,79,8.6,1010.1,1015,0.7,1,8,1095.6,0
2017-10-12 05:42:53,5,63,19.6,79,8.5,1010.1,1015,0.3,1.4,8,1095.6,0
2017-10-12 05:47:53,5,63,19.6,79,8.3,1010.2,1015.1,0.3,1.7,8,1095.6,0
2017-10-12 05:52:53,5,63,19.6,79,8.2,1010.2,1015.1,0.3,1.4,12,1095.6,0
2017-10-12 05:57:53,5,63,19.6,79,8,1010.2,1015.1,0,0.3,8,1095.6,0
2017-10-12 06:02:53,5,63,19.6,80,8.1,1010.2,1015.1,0,0.7,,1095.6,0
2017-10-12 06:07:53,5,63,19.6,80,8.2,1010.2,1015.1,0.3,1,8,1095.6,0
2017-10-12 06:12:53,5,63,19.6,80,8.2,1010.4,1015.3,0.3,1,0,1095.6,0
2017-10-12 06:17:53,5,63,19.6,80,8.2,1010.3,1015.2,1,2,8,1095.6,0
2017-10-12 06:22:53,5,63,19.6,80,8.2,1010.3,1015.2,0.7,1,8,1095.6,0
2017-10-12 06:27:53,5,63,19.6,80,8.3,1010.5,1015.4,0.7,1.4,8,1095.6,0
2017-10-12 06:32:53,5,63,19.6,80,8.4,1010.5,1015.4,0.3,0.7,8,1095.6,0
2017-10-12 06:37:53,5,63,19.6,80,8.4,1010.5,1015.4,0.3,0.7,8,1095.6,0
2017-10-12 06:42:53,5,63,19.6,80,8.4,1010.4,1015.3,0.3,1,,1095.6,0
2017-10-12 06:47:53,5,63,19.5,81,8.5,1010.2,1015.1,0.3,1,8,1095.6,0
2017-10-12 06:52:53,5,63,19.5,81,8.6,1010.3,1015.2,0.7,1.7,8,1095.6,0
2017-10-12 06:57:53,5,63,19.5,81,8.7,1010.3,1015.2,1,2.4,14,1095.6,0
2017-10-12 07:02:53,5,63,19.5,81,8.9,1010.3,1015.2,0.7,2,8,1095.6,0
2017-10-12 07:07:53,5,63,19.5,80,9.1,1010.3,1015.2,0.7,1.4,8,1095.6,0
2017-10-12 07:12:53,5,63,19.5,79,9.3,1010.6,1015.5,2,2.7,8,1095.6,0
2017-10-12 07:17:53,5,63,19.5,79,9.4,1010.5,1015.4,1,1.7,8,1095.6,0
2017-10-12 07:22:53,5,63,19.5,79,9.6,1010.6,1015.5,2,3.1,10,1095.6,0
2017-10-12 07:27:53,5,63,19.5,79,9.7,1010.6,1015.5,0.7,1.4,8,1095.6,0
2017-10-12 07:32:53,5,64,19.5,78,9.8,1010.6,1015.5,1,2,10,1095.6,0
2017-10-12 07:37:53,5,63,19.4,77,10,1010.7,1015.6,0.7,1.4,14,1095.6,0
2017-10-12 07:42:53,5,62,19.5,77,10,1010.5,1015.4,0.7,1.7,14,1095.6,0
2017-10-12 07:47:53,5,62,19.4,76,10.1,1010.6,1015.5,1.7,2.7,10,1095.6,0
2017-10-12 07:52:53,5,63,19.4,76,10.2,1010.6,1015.5,0.7,1.4,8,1095.6,0
2017-10-12 07:57:53,5,63,19.4,76,10.3,1010.6,1015.5,0.3,0.7,8,1095.6,0
2017-10-12 08:02:53,5,63,19.4,75,10.3,1010.6,1015.5,0.7,1,8,1095.6,0
2017-10-12 08:07:53,5,63,19.4,75,10.3,1010.5,1015.4,0.3,1,10,1095.6,0
2017-10-12 08:12:53,5,63,19.4,75,10.4,1010.5,1015.4,0.3,0.7,8,1095.6,0
2017-10-12 08:17:53,5,63,19.4,74,10.4,1010.5,1015.4,0,0.7,14,1095.6,0
2017-10-12 08:22:53,5,63,19.4,74,10.5,1010.5,1015.4,0.3,1,8,1095.6,0
2017-10-12 08:27:53,5,63,19.5,74,10.6,1010.7,1015.6,0.3,1,8,1095.6,0
2017-10-12 08:32:53,5,63,19.5,74,10.7,1011,1015.9,1,2.4,8,1095.6,0
2017-10-12 08:37:53,5,63,19.5,74,10.8,1010.9,1015.8,0.7,3.1,8,1095.6,0
2017-10-12 08:42:53,5,63,19.5,72,11,1011,1015.9,0.7,1,4,1095.6,0
2017-10-12 08:47:53,5,63,19.5,72,11.2,1010.8,1015.7,1.4,2,8,1095.6,0
2017-10-12 08:52:53,5,63,19.5,72,11.4,1010.8,1015.7,0.7,1.4,10,1095.6,0
2017-10-12 08:57:53,5,64,19.5,72,11.5,1010.8,1015.7,1.4,2,8,1095.6,0
2017-10-12 09:02:53,5,64,19.5,71,11.7,1010.9,1015.8,1.7,3.4,12,1095.6,0
2017-10-12 09:07:53,5,64,19.5,70,12.1,1010.6,1015.5,1.4,2.7,8,1095.6,0
2017-10-12 09:12:53,5,64,19.6,68,12.4,1010.7,1015.6,1,2,10,1095.6,0
2017-10-12 09:17:53,5,64,19.6,69,12.7,1010.7,1015.6,0.7,1,8,1095.6,0
2017-10-12 09:22:53,5,64,19.6,68,12.7,1010.7,1015.6,0.7,1.4,8,1095.6,0
2017-10-12 09:27:53,5,64,19.6,67,12.7,1010.8,1015.7,2.7,4.1,8,1095.6,0
2017-10-12 09:32:53,5,64,19.7,67,12.6,1010.7,1015.6,1.7,3.4,14,1095.6,0
2017-10-12 09:37:53,5,64,19.7,68,12.6,1010.6,1015.5,1.4,3.1,8,1095.6,0
2017-10-12 09:42:53,5,64,19.7,68,12.5,1010.7,1015.6,1.7,2.7,8,1095.6,0
2017-10-12 09:47:53,5,64,19.7,68,12.5,1010.5,1015.4,2.4,2.7,8,1095.6,0
2017-10-12 09:52:53,5,64,19.7,68,12.5,1010.5,1015.4,1.4,2.7,12,1095.6,0
2017-10-12 09:57:53,5,64,19.7,69,12.5,1010.5,1015.4,1.7,2.7,8,1095.6,0
2017-10-12 10:02:53,5,64,19.7,68,12.6,1010.5,1015.4,2.4,4.8,8,1095.6,0
2017-10-12 10:07:53,5,64,19.7,68,12.6,1010.6,1015.5,2.4,4.1,8,1095.6,0
2017-10-12 10:12:53,5,64,19.7,67,12.4,1010.3,1015.2,1,2,4,1095.6,0
2017-10-12 10:17:53,5,64,19.8,68,12.4,1010.4,1015.3,2,3.7,8,1095.6,0
2017-10-12 10:22:53,5,64,19.8,68,12.4,1010.4,1015.3,2,3.1,4,1095.6,0
2017-10-12 10:27:53,5,64,19.8,68,12.4,1010.5,1015.4,1,2,8,1095.6,0
2017-10-12 10:32:53,5,64,19.8,68,12.5,1010.3,1015.2,1,1.7,4,1095.6,0
2017-10-12 10:37:53,5,64,19.9,68,12.5,1010.3,1015.2,1.4,2.7,4,1095.6,0
2017-10-12 10:42:53,5,64,19.8,68,12.7,1010.3,1015.2,1.4,2.7,8,1095.6,0
2017-10-12 10:47:53,5,64,19.9,68,12.9,1010.2,1015.1,1.4,2,12,1095.6,0
2017-10-12 10:52:53,5,64,19.8,67,13.1,1010.1,1015,1.4,3.1,8,1095.6,0
2017-10-12 10:57:53,5,64,19.9,66,13.1,1010.2,1015.1,1.4,3.1,14,1095.6,0
2017-10-12 11:02:53,5,64,19.9,67,13.1,1010.2,1015.1,1.7,2.7,14,1095.6,0
2017-10-12 11:07:53,5,64,19.9,66,13.5,1010.3,1015.2,1.4,2.4,8,1095.6,0
2017-10-12 11:12:53,5,63,19.9,66,13.7,1010.2,1015.1,1,1.7,14,1095.6,0
2017-10-12 11:17:53,5,63,19.9,66,13.7,1010.2,1015.1,1.4,2,2,1095.6,0
2017-10-12 11:22:53,5,62,20,66,13.6,1010.2,1015.1,1,2,8,1095.6,0
2017-10-12 11:27:53,5,62,20,66,13.7,1010.1,1015,2,3.7,8,1095.6,0
2017-10-12 11:32:53,5,62,20,66,13.6,1009.9,1014.8,2,4.4,8,1095.6,0
2017-10-12 11:37:53,5,62,20,66,13.6,1009.9,1014.8,1.4,2.4,13,1095.6,0
2017-10-12 11:42:53,5,62,20,66,13.7,1009.7,1014.6,1,1.7,8,1095.6,0
2017-10-12 11:47:53,5,62,20,66,14,1009.7,1014.6,1.4,2.4,8,1095.6,0
2017-10-12 11:52:53,5,62,20,63,14.7,1009.5,1014.4,2.7,4.1,8,1095.6,0
2017-10-12 11:57:53,5,62,20.1,61,14.8,1009.4,1014.3,2,3.4,13,1095.6,0
2017-10-12 12:02:53,5,62,20.1,61,14.8,1009.4,1014.3,2.4,4.8,8,1095.6,0
2017-10-12 12:07:53,5,62,20.1,60,14.8,1009.3,1014.2,1.7,2.4,12,1095.6,0
2017-10-12 12:12:53,5,62,20.1,61,14.9,1009.3,1014.2,1.7,2.7,8,1095.6,0
2017-10-12 12:17:53,5,62,20.1,59,15.7,1009,1013.9,1.7,2.7,8,1095.6,0
2017-10-12 12:22:53,5,62,20.2,58,15.8,1008.9,1013.8,1.7,2.7,8,1095.6,0
2017-10-12 12:27:53,5,62,20.2,58,16,1008.8,1013.7,1,2,8,1095.6,0
2017-10-12 12:32:53,5,62,20.2,56,16.4,1008.7,1013.6,1.4,3.1,8,1095.6,0
2017-10-12 12:37:53,5,62,20.3,55,15.9,1008.6,1013.5,2.4,3.7,10,1095.6,0
2017-10-12 12:42:53,5,62,20.3,58,15.5,1008.7,1013.6,2,3.7,8,1095.6,0
2017-10-12 12:47:53,5,62,20.3,59,15.7,1008.7,1013.6,1.4,2.4,10,1095.6,0
2017-10-12 12:52:53,5,62,20.3,56,15.6,1008.5,1013.4,1.7,3.4,12,1095.6,0
2017-10-12 12:57:53,5,62,20.3,58,15.5,1008.5,1013.4,2.7,4.4,8,1095.6,0
2017-10-12 13:02:53,5,62,20.3,58,15.3,1008.3,1013.2,2,4.8,12,1095.6,0
2017-10-12 13:07:53,5,62,20.3,58,15.5,1008.3,1013.2,2.7,4.1,8,1095.6,0
2017-10-12 13:12:53,5,62,20.3,59,15.3,1008.2,1013.1,1.4,2,15,1095.6,0
2017-10-12 13:17:53,5,62,20.4,60,15.2,1008,1012.9,1.7,3.1,14,1095.6,0
2017-10-12 13:22:53,5,62,20.4,60,15.2,1008,1012.9,1,2,12,1095.6,0
2017-10-12 13:27:53,5,62,20.4,60,15.2,1008.1,1013,1.4,3.1,12,1095.6,0
2017-10-12 13:32:53,5,62,20.4,60,15.2,1007.8,1012.7,2,3.1,8,1095.6,0
2017-10-12 13:37:53,5,62,20.4,60,15.2,1007.9,1012.8,0.7,1.4,8,1095.6,0
2017-10-12 13:42:53,5,62,20.4,61,15.1,1007.9,1012.8,2.4,2.7,12,1095.6,0
2017-10-12 13:47:53,5,62,20.4,61,14.9,1007.8,1012.7,2.4,4.1,8,1095.6,0
2017-10-12 13:52:53,5,62,20.4,61,15.1,1007.7,1012.6,1.7,2.4,12,1095.6,0
2017-10-12 13:57:53,5,62,20.4,61,15.3,1007.7,1012.6,1,1.7,,1095.6,0
2017-10-12 14:02:53,5,62,20.4,60,15.5,1007.6,1012.5,1,2.4,8,1095.6,0
2017-10-12 14:07:53,5,62,20.4,61,15.5,1007.6,1012.5,1.7,3.4,12,1095.6,0
2017-10-12 14:12:53,5,62,20.4,61,15.4,1007.6,1012.5,1.7,2.7,12,1095.6,0
2017-10-12 14:17:53,5,62,20.4,62,15.3,1007.6,1012.5,1,1.7,4,1095.6,0
2017-10-12 14:22:53,5,62,20.4,63,15.3,1007.5,1012.4,1,1.7,8,1095.6,0
2017-10-12 14:27:53,5,62,20.3,63,15.5,1007.5,1012.4,1.4,1.7,2,1095.6,0
2017-10-12 14:32:53,5,62,20.3,63,15.6,1007.4,1012.3,1,2,3,1095.6,0
2017-10-12 14:37:53,5,62,20.3,63,15.6,1007.6,1012.5,1.7,2.7,8,1095.6,0
2017-10-12 14:42:53,5,62,20.3,63,15.5,1007.4,1012.3,1,2.7,14,1095.6,0
2017-10-12 14:47:53,5,62,20.3,64,15.4,1007.4,1012.3,2,3.1,8,1095.6,0
2017-10-12 14:52:53,5,62,20.3,64,15.2,1007.4,1012.3,1.7,3.1,8,1095.6,0
2017-10-12 14:57:53,5,62,20.3,64,15.2,1007.4,1012.3,3.4,4.8,8,1095.6,0
2017-10-12 15:02:53,5,62,20.3,65,15.2,1007.5,1012.4,1.7,3.1,12,1095.6,0
2017-10-12 15:07:53,5,62,20.3,65,15.2,1007.3,1012.2,2.4,4.1,8,1095.6,0
2017-10-12 15:12:53,5,62,20.3,66,15.3,1007.2,1012.1,1,1.7,8,1095.6,0
2017-10-12 15:17:53,5,62,20.3,66,15.3,1007.3,1012.2,1.7,2.7,12,1095.6,0
2017-10-12 15:22:53,5,62,20.2,66,15.3,1007.1,1012,1.4,3.1,12,1095.6,0
2017-10-12 15:27:53,5,62,20.2,67,15.3,1007.1,1012,2,3.7,4,1095.6,0
2017-10-12 15:32:53,5,62,20.2,67,15.3,1007,1011.9,0.7,1.4,8,1095.6,0
2017-10-12 15:37:53,5,62,20.2,67,15.3,1006.8,1011.7,1.4,2.7,10,1095.6,0
2017-10-12 15:42:53,5,62,20.2,68,15.3,1006.9,1011.8,1.4,2,12,1095.6,0
2017-10-12 15:47:53,5,63,20.2,69,15.3,1006.8,1011.7,1,1.7,14,1095.6,0
2017-10-12 15:52:53,5,63,20.2,69,15.3,1006.7,1011.6,1.7,3.4,14,1095.6,0
2017-10-12 15:57:53,5,63,20.2,69,15.4,1006.4,1011.3,1,1.7,8,1095.6,0
2017-10-12 16:02:53,5,63,20.2,69,15.5,1006.4,1011.3,2,3.4,14,1095.6,0
2017-10-12 16:07:53,5,63,20.2,70,15.4,1006.3,1011.2,1.4,2.4,8,1095.6,0
2017-10-12 16:12:53,5,63,20.1,70,15.4,1006.4,1011.3,1.4,1.7,12,1095.6,0
2017-10-12 16:17:53,5,63,20.1,71,15.4,1006.3,1011.2,1.7,3.1,8,1095.6,0
2017-10-12 16:22:53,5,63,20.1,71,15.3,1006.3,1011.2,2,3.4,8,1095.6,0
2017-10-12 16:27:53,5,63,20.1,71,15.4,1006.3,1011.2,1.7,3.1,8,1095.6,0
2017-10-12 16:32:53,5,63,20.1,72,15.4,1006.2,1011.1,1.7,2.4,8,1095.6,0
2017-10-12 16:37:53,5,63,20.1,73,15.3,1006.3,1011.2,2,3.7,12,1095.6,0
2017-10-12 16:42:53,5,63,20.1,74,15.1,1006.3,1011.2,2,3.4,8,1095.6,0
2017-10-12 16:47:53,5,63,20.1,74,15.1,1006.2,1011.1,2.4,4.8,14,1095.6,0
2017-10-12 16:52:53,5,63,20,75,15,1006.1,1011,1.7,2.4,14,1095.9,0
2017-10-12 16:57:53,5,63,20,76,15,1006.1,1011,2,3.7,8,1095.9,0
2017-10-12 17:02:53,5,63,20,76,15,1006,1010.9,1,1.7,8,1095.9,0
2017-10-12 17:07:53,5,63,20,76,15,1005.8,1010.7,1.7,3.4,8,1095.9,0
2017-10-12 17:12:53,5,63,20,76,15.1,1005.9,1010.8,2.4,3.4,8,1095.9,0
2017-10-12 17:17:53,5,63,20,77,15.1,1005.9,1010.8,2.7,3.7,8,1095.9,0
2017-10-12 17:22:53,5,63,20,77,15.2,1005.9,1010.8,2,3.1,8,1095.9,0
2017-10-12 17:27:53,5,63,20,77,15.1,1005.8,1010.7,1.7,3.1,8,1096.2,0
2017-10-12 17:32:53,5,63,20,77,15.2,1005.8,1010.7,1.4,2.7,8,1096.2,0
2017-10-12 17:37:53,5,63,20,78,15.2,1005.6,1010.5,1.7,3.7,8,1096.2,0
2017-10-12 17:42:53,5,63,20,78,15.2,1005.8,1010.7,0.7,2.4,8,1096.2,0
2017-10-12 17:47:53,5,63,20,78,15.2,1005.8,1010.7,1.4,3.1,8,1096.2,0
2017-10-12 17:52:53,5,64,20,78,15.3,1005.9,1010.8,1.7,3.7,12,1096.2,0
2017-10-12 17:57:53,5,63,20,78,15.4,1005.7,1010.6,2,3.1,8,1096.2,0
2017-10-12 18:02:53,5,64,20,78,15.4,1005.7,1010.6,2.4,4.1,8,1096.2,0
2017-10-12 18:07:53,5,64,20,78,15.5,1005.8,1010.7,2,3.1,8,1096.2,0
2017-10-12 18:12:53,5,64,20,78,15.6,1005.8,1010.7,2,4.8,8,1096.2,0
2017-10-12 18:17:53,5,63,20,77,15.8,1005.7,1010.6,1.7,3.1,2,1096.2,0
2017-10-12 18:22:53,5,63,20,77,15.9,1005.8,1010.7,1.7,3.1,8,1096.2,0
2017-10-12 18:27:53,5,64,19.9,77,15.8,1005.6,1010.5,1.7,3.1,12,1096.2,0
2017-10-12 18:32:53,5,64,19.9,77,15.9,1005.7,1010.6,2.7,5.4,12,1096.2,0
2017-10-12 18:37:53,5,64,19.9,75,16,1005.7,1010.6,1.4,3.1,10,1096.2,0
2017-10-12 18:42:53,5,64,20,75,16,1005.7,1010.6,2,4.4,8,1096.2,0
2017-10-12 18:47:53,5,65,19.9,75,16.1,1005.7,1010.6,2,4.1,8,1096.2,0
2017-10-12 18:52:53,5,65,19.9,75,16.1,1005.9,1010.8,1.4,2,8,1096.2,0
2017-10-12 18:57:53,5,64,20,75,16.1,1005.7,1010.6,1.7,2.4,8,1096.2,0
2017-10-12 19:02:53,5,64,20,75,16.1,1005.8,1010.7,2.4,3.4,8,1096.2,0
2017-10-12 19:07:53,5,64,20,75,16.1,1005.7,1010.6,2,2.7,8,1096.2,0
2017-10-12 19:12:53,5,65,19.9,75,16.2,1005.7,1010.6,2,3.1,8,1096.2,0
2017-10-12 19:17:53,5,67,19.9,75,16.1,1005.6,1010.5,2.4,3.7,8,1096.2,0
2017-10-12 19:22:53,5,67,20,75,16.1,1005.7,1010.6,1.7,3.4,14,1096.2,0
2017-10-12 19:27:53,5,67,20.1,75,16.1,1005.6,1010.5,1.7,4.1,4,1096.2,0
2017-10-12 19:32:53,5,67,20.2,75,16.1,1005.6,1010.5,2,2.7,8,1096.2,0
2017-10-12 19:37:53,5,67,20.3,75,16.2,1005.6,1010.5,2.4,3.4,12,1096.2,0
2017-10-12 19:42:53,5,67,20.4,75,16.2,1005.6,1010.5,1.4,2,4,1096.2,0
2017-10-12 19:47:53,5,66,20.5,75,16.2,1005.5,1010.4,1.7,2.7,10,1096.2,0
2017-10-12 19:52:53,5,66,20.6,75,16.1,1005.4,1010.3,1.7,5.8,8,1096.2,0
2017-10-12 19:57:53,5,65,20.7,75,16.1,1005.5,1010.4,2.4,4.1,12,1096.2,0
2017-10-12 20:02:53,5,65,20.8,75,16.1,1005.3,1010.2,2.4,4.1,2,1096.2,0
2017-10-12 20:07:53,5,64,21,75,16.1,1005.1,1010,1.7,3.1,8,1096.2,0
2017-10-12 20:12:53,5,63,21,76,16,1005.1,1010,2.4,3.7,14,1096.2,0
2017-10-12 20:17:53,5,63,21.1,76,16.1,1005,1009.9,2,3.1,8,1096.2,0
2017-10-12 20:22:53,5,63,21.1,76,16.1,1005.1,1010,2.7,4.1,11,1096.2,0
2017-10-12 20:27:53,5,63,21.1,76,16.1,1005.1,1010,1.7,2.4,0,1096.2,0
2017-10-12 20:32:53,5,63,21.2,76,16.1,1005.1,1010,2,4.4,8,1096.2,0
2017-10-12 20:37:53,5,62,21.2,76,16.2,1004.8,1009.7,1.7,2.4,10,1096.2,0
2017-10-12 20:42:53,5,62,21.2,75,16.3,1004.6,1009.5,2,4.4,4,1096.2,0
2017-10-12 20:47:53,5,62,21.2,75,16.3,1004.8,1009.7,1.4,2.7,8,1096.2,0
2017-10-12 20:52:53,5,62,21.2,75,16.3,1004.8,1009.7,2.4,4.1,14,1096.2,0
2017-10-12 20:57:53,5,62,21.2,75,16.3,1004.7,1009.6,2.4,4.1,14,1096.2,0
2017-10-12 21:02:53,5,62,21.5,75,16.4,1004.6,1009.5,2.7,4.4,12,1096.2,0
2017-10-12 21:07:53,5,62,21.5,75,16.4,1004.5,1009.4,1.4,2.7,10,1096.2,0
2017-10-12 21:12:53,5,62,21.4,75,16.4,1004.3,1009.2,2.4,3.7,12,1096.2,0
2017-10-12 21:17:53,5,61,21.5,74,16.5,1004.4,1009.3,2.7,5.1,8,1096.2,0
2017-10-12 21:22:53,5,61,21.5,74,16.6,1004.4,1009.3,2.4,7.5,8,1096.2,0
2017-10-12 21:27:53,5,61,21.5,74,16.6,1004.2,1009.1,2,3.1,8,1096.2,0
2017-10-12 21:32:53,5,61,21.5,74,16.6,1004.3,1009.2,2.4,3.7,0,1096.2,0
2017-10-12 21:37:53,5,61,21.5,74,16.7,1004.4,1009.3,1.7,2.7,12,1096.2,0
2017-10-12 21:42:53,5,62,21.4,74,16.7,1004.3,1009.2,2.4,4.1,8,1096.2,0
2017-10-12 21:47:53,5,62,21.2,74,16.6,1004.1,1009,2,3.4,8,1096.2,0
2017-10-12 21:52:53,5,62,21.2,75,16.5,1004,1008.9,3.1,4.8,8,1096.2,0
2017-10-12 21:57:53,5,62,21.2,75,16.4,1003.8,1008.7,2.7,4.4,8,1096.2,0
2017-10-12 22:02:53,5,62,21.2,75,16.3,1003.8,1008.7,2,5.1,14,1096.2,0
2017-10-12 22:07:53,5,62,21.1,75,16.3,1003.7,1008.6,3.1,5.1,14,1096.2,0
2017-10-12 22:12:53,5,62,21.1,76,16.3,1004.1,1009,2.4,4.1,10,1096.2,0
2017-10-12 22:17:53,5,63,21,76,16.3,1004,1008.9,2.7,3.4,14,1096.2,0
2017-10-12 22:22:53,5,63,21,76,16.3,1004.1,1009,3.4,5.4,11,1096.2,0
2017-10-12 22:27:53,5,64,20.9,76,16.3,1004,1008.9,2,4.4,14,1096.2,0
2017-10-12 22:32:53,5,64,20.9,76,16.3,1004.1,1009,2.7,4.4,12,1096.2,0
2017-10-12 22:37:53,5,64,20.8,76,16.2,1004.2,1009.1,2,2.7,4,1096.2,0
2017-10-12 22:42:53,5,64,20.7,77,16.2,1004.4,1009.3,3.1,4.8,12,1096.2,0
2017-10-12 22:47:53,5,64,20.7,77,16.1,1004.3,1009.2,2,3.1,13,1096.2,0
2017-10-12 22:52:53,5,64,20.7,78,16.1,1004.3,1009.2,2.4,4.8,8,1096.2,0
2017-10-12 22:57:53,5,64,20.7,78,16,1004.4,1009.3,2,4.4,14,1096.2,0
2017-10-12 23:02:53,5,65,20.6,78,16,1004.3,1009.2,1.4,2.4,8,1096.2,0
2017-10-12 23:07:53,5,65,20.6,79,16,1004.3,1009.2,2.7,4.1,8,1096.5,0
2017-10-12 23:12:53,5,65,20.6,79,16,1004,1008.9,2.4,3.4,8,1096.5,0
2017-10-12 23:17:53,5,65,20.5,79,16,1004.1,1009,2.4,5.1,8,1096.5,0
2017-10-12 23:22:53,5,65,20.5,79,16,1004.1,1009,2.4,3.7,8,1096.5,0
2017-10-12 23:27:53,5,65,20.5,79,16.1,1004.1,1009,2.4,3.7,8,1096.5,0
2017-10-12 23:32:53,5,65,20.4,79,16.1,1004.2,1009.1,1.7,2.4,8,1096.5,0
2017-10-12 23:37:53,5,65,20.4,79,16.1,1004.2,1009.1,3.1,4.4,8,1096.5,0
2017-10-12 23:42:53,5,65,20.4,78,16.2,1004,1008.9,1.4,2.4,9,1096.5,0
2017-10-12 23:47:53,5,65,20.4,78,16.2,1004,1008.9,2.7,4.4,4,1096.5,0
2017-10-12 23:52:53,5,65,20.4,78,16.4,1003.8,1008.7,2.4,4.8,8,1096.5,0
2017-10-12 23:57:53,5,65,20.3,77,16.4,1003.9,1008.8,2.7,4.8,8,1096.5,0
