2022-01-23 00:03:50,5,59,20.3,76,7,1033.1,1038,1.4,1.7,8,53.7,0
2022-01-23 00:08:50,5,59,20.3,76,7,1033,1037.9,1.4,1.7,10,53.7,0
2022-01-23 00:13:50,5,59,20.2,75,7,1033,1037.9,1,1.4,10,53.7,0
2022-01-23 00:18:50,5,59,20.3,75,7,1032.9,1037.8,1,1.4,8,53.7,0
2022-01-23 00:23:50,5,59,20.3,75,7,1033,1037.9,0.7,1.7,4,53.7,0
2022-01-23 00:28:50,5,58,20.3,75,6.9,1032.8,1037.7,1.4,1.7,8,53.7,0
2022-01-23 00:33:50,5,58,20.3,75,6.9,1032.9,1037.8,1.7,2,8,53.7,0
2022-01-23 00:38:50,5,58,20.3,75,7,1032.7,1037.6,0.7,1.4,2,53.7,0
2022-01-23 00:43:50,5,58,20.3,75,6.9,1032.7,1037.6,1,1.7,,53.7,0
2022-01-23 00:48:50,5,58,20.3,75,6.9,1032.5,1037.4,1,2,4,53.7,0
2022-01-23 00:53:50,5,58,20.3,76,6.8,1032.7,1037.6,1,1.4,4,53.7,0
2022-01-23 00:58:50,5,58,20.3,76,6.8,1032.6,1037.5,0.7,1,10,53.7,0
2022-01-23 01:03:50,5,58,20.3,76,6.7,1032.6,1037.5,1.4,1.7,8,53.7,0
2022-01-23 01:08:50,5,58,20.3,76,6.7,1032.4,1037.3,1.7,2,8,53.7,0
2022-01-23 01:13:50,5,58,20.3,76,6.8,1032.3,1037.2,1,1.7,,53.7,0
2022-01-23 01:18:50,5,58,20.3,76,6.7,1032.3,1037.2,1.4,2.4,10,53.7,0
2022-01-23 01:23:50,5,58,20.3,76,6.7,1032.3,1037.2,1.4,2,8,53.7,0
2022-01-23 01:28:50,5,58,20.3,75,6.7,1032.2,1037.1,2,2.4,8,53.7,0
2022-01-23 01:33:50,5,58,20.3,75,6.8,1032.2,1037.1,2,2.7,8,53.7,0
2022-01-23 01:38:49,5,58,20.3,75,6.8,1032.1,1037,1.4,1.7,4,53.7,0
2022-01-23 01:43:49,5,58,20.3,75,6.7,1032,1036.9,2,2.4,9,53.7,0
2022-01-23 01:48:49,5,58,20.3,75,6.7,1031.9,1036.8,1.7,2.4,10,53.7,0
2022-01-23 01:53:49,5,57,20.3,74,6.8,1031.9,1036.8,1.7,2.7,8,53.7,0
2022-01-23 01:58:49,5,57,20.3,74,6.8,1031.9,1036.8,2,2.7,8,53.7,0
2022-01-23 02:03:49,5,57,20.3,74,6.8,1031.7,1036.6,0.7,1.7,8,53.7,0
2022-01-23 02:08:49,5,57,20.3,74,6.8,1031.8,1036.7,2,2.4,9,53.7,0
2022-01-23 02:13:49,5,57,20.3,74,6.7,1031.7,1036.6,2.4,2.7,8,53.7,0
2022-01-23 02:18:49,5,57,20.3,74,6.7,1031.7,1036.6,2.4,3.4,8,53.7,0
2022-01-23 02:23:49,5,57,20.3,74,6.7,1031.8,1036.7,2,2.7,10,53.7,0
2022-01-23 02:28:49,5,57,20.3,74,6.7,1031.7,1036.6,1.4,2.4,8,53.7,0
2022-01-23 02:33:49,5,57,20.3,74,6.7,1031.9,1036.8,2,2.4,8,53.7,0
2022-01-23 02:38:49,5,57,20.3,75,6.7,1031.8,1036.7,2,3.1,8,53.7,0
2022-01-23 02:43:49,5,57,20.3,75,6.7,1031.8,1036.7,1.7,2.4,8,53.7,0
2022-01-23 02:48:51,5,57,20.3,75,6.7,1031.9,1036.8,1.7,2.4,,53.7,0
2022-01-23 02:53:53,5,57,20.3,74,6.7,1031.8,1036.7,2.4,3.1,8,53.7,0
2022-01-23 02:58:49,5,57,20.2,74,6.7,1031.7,1036.6,2,2.4,12,53.7,0
2022-01-23 03:03:49,5,56,20.2,74,6.7,1031.6,1036.5,1.7,2.4,8,53.7,0
2022-01-23 03:08:49,5,56,20.2,74,6.7,1031.6,1036.5,1.7,2,8,53.7,0
2022-01-23 03:13:49,5,56,20.2,74,6.7,1031.6,1036.5,2,2.7,8,53.7,0
2022-01-23 03:18:49,5,56,20.2,74,6.7,1031.5,1036.4,2,2.4,8,53.7,0
2022-01-23 03:23:49,5,56,20.2,74,6.6,1031.5,1036.4,1.4,2,10,53.7,0
2022-01-23 03:28:49,5,56,20.2,74,6.6,1031.5,1036.4,1.7,2.7,10,53.7,0
2022-01-23 03:33:49,5,56,20.2,74,6.6,1031.4,1036.3,0.7,1.4,8,53.7,0
2022-01-23 03:38:49,5,56,20.2,74,6.6,1031.2,1036.1,1.4,2,,53.7,0
2022-01-23 03:43:49,5,56,20.2,74,6.6,1031.1,1036,1,2,2,53.7,0
2022-01-23 03:48:49,5,56,20.2,74,6.6,1031.2,1036.1,0.3,0.7,2,53.7,0
2022-01-23 03:53:49,5,56,20.2,74,6.6,1031.2,1036.1,1.4,1.7,10,53.7,0
2022-01-23 03:58:49,5,56,20.1,74,6.6,1031,1035.9,1.7,2.7,10,53.7,0
2022-01-23 04:03:49,5,56,20.1,74,6.6,1031,1035.9,1.4,1.7,10,53.7,0
2022-01-23 04:08:49,5,56,20.1,74,6.6,1030.9,1035.8,1,1.7,,53.7,0
2022-01-23 04:13:49,5,55,20.1,75,6.5,1030.9,1035.8,1.7,2,,53.7,0
2022-01-23 04:18:49,5,55,20.1,76,6.5,1030.9,1035.8,1.7,3.1,4,53.7,0
2022-01-23 04:23:49,5,55,20.1,76,6.5,1030.9,1035.8,1.7,2,4,53.7,0
2022-01-23 04:28:49,5,55,20.1,76,6.4,1030.9,1035.8,1.4,1.7,4,53.7,0
2022-01-23 04:33:49,5,55,20.1,77,6.4,1030.9,1035.8,1.4,2,2,53.7,0
2022-01-23 04:38:49,5,55,20,77,6.4,1030.7,1035.6,1.7,2,8,53.7,0
2022-01-23 04:43:49,5,55,20,77,6.4,1030.8,1035.7,1.4,2,10,53.7,0
2022-01-23 04:48:49,5,55,20,76,6.4,1030.7,1035.6,1.4,2.4,4,53.7,0
2022-01-23 04:53:49,5,55,20,76,6.4,1030.6,1035.5,1,1.4,2,53.7,0
2022-01-23 04:58:49,5,55,20,76,6.4,1030.6,1035.5,1,1.7,4,53.7,0
2022-01-23 05:03:49,5,55,20,76,6.5,1030.7,1035.6,1.4,2,,53.7,0
2022-01-23 05:08:49,5,55,20,75,6.5,1030.6,1035.5,1,1.7,4,53.7,0
2022-01-23 05:13:49,5,55,20,75,6.5,1030.5,1035.4,1.4,2,8,53.7,0
2022-01-23 05:18:49,5,55,20,75,6.5,1030.5,1035.4,1.4,3.1,4,53.7,0
2022-01-23 05:23:49,5,56,19.9,75,6.6,1030.6,1035.5,1.4,2,10,53.7,0
2022-01-23 05:28:49,5,56,19.9,75,6.6,1030.5,1035.4,1.7,2.7,10,53.7,0
2022-01-23 05:33:49,5,56,19.9,74,6.6,1030.2,1035.1,1.7,2.4,8,53.7,0
2022-01-23 05:38:49,5,56,19.9,74,6.5,1030.3,1035.2,1.4,2,2,53.7,0
2022-01-23 05:43:49,5,56,19.9,74,6.5,1030.1,1035,2.4,3.1,8,53.7,0
2022-01-23 05:48:49,5,56,19.9,74,6.6,1030.1,1035,1.4,2,9,53.7,0
2022-01-23 05:53:49,5,56,19.8,74,6.5,1030.1,1035,1.7,2.4,,53.7,0
2022-01-23 05:58:49,5,56,19.8,74,6.5,1030.1,1035,2,3.4,10,53.7,0
2022-01-23 06:03:49,5,55,19.8,75,6.5,1030.1,1035,2,2.7,8,53.7,0
2022-01-23 06:08:49,5,55,19.8,75,6.5,1030,1034.9,1.7,2.7,10,53.7,0
2022-01-23 06:13:49,5,55,19.8,75,6.5,1030,1034.9,1.4,2.4,10,53.7,0
2022-01-23 06:18:49,5,55,19.8,75,6.5,1030,1034.9,1.7,2.4,10,53.7,0
2022-01-23 06:23:49,5,55,19.7,75,6.5,1030.1,1035,2.7,3.4,8,53.7,0
2022-01-23 06:28:49,5,55,19.7,75,6.5,1030,1034.9,2.7,3.4,8,53.7,0
2022-01-23 06:33:49,5,55,19.7,75,6.4,1030,1034.9,2,3.1,8,53.7,0
2022-01-23 06:38:49,5,55,19.7,74,6.5,1030,1034.9,2,2.7,10,53.7,0
2022-01-23 06:43:49,5,55,19.7,74,6.4,1030.1,1035,2.4,3.1,10,53.7,0
2022-01-23 06:48:49,5,55,19.7,75,6.4,1030.2,1035.1,1.7,2.4,8,53.7,0
2022-01-23 06:53:49,5,55,19.7,74,6.4,1030.2,1035.1,2,2.7,8,53.7,0
2022-01-23 06:58:49,5,55,19.7,74,6.4,1030.1,1035,2,3.1,8,53.7,0
2022-01-23 07:03:49,5,55,19.7,74,6.5,1030.2,1035.1,1.4,2,8,53.7,0
2022-01-23 07:08:49,5,55,19.7,74,6.4,1030.1,1035,2.7,3.4,,53.7,0
2022-01-23 07:13:49,5,55,19.7,74,6.5,1030,1034.9,2,3.4,8,53.7,0
2022-01-23 07:18:49,5,55,19.7,73,6.5,1030.1,1035,2.4,3.4,4,53.7,0
2022-01-23 07:23:49,5,55,19.7,73,6.5,1030.2,1035.1,2,2.7,8,53.7,0
2022-01-23 07:28:49,5,55,19.7,73,6.4,1030.1,1035,2,3.4,10,53.7,0
2022-01-23 07:33:49,5,55,19.6,73,6.4,1030,1034.9,1.7,2.7,8,53.7,0
2022-01-23 07:38:49,5,55,19.6,73,6.4,1030.2,1035.1,2,3.4,14,53.7,0
2022-01-23 07:43:49,5,55,19.6,73,6.4,1029.9,1034.8,1.4,3.1,8,53.7,0
2022-01-23 07:48:49,5,55,19.6,73,6.4,1030.1,1035,1.7,2.4,8,53.7,0
2022-01-23 07:53:49,5,55,19.6,73,6.4,1030.1,1035,1.7,2,8,53.7,0
2022-01-23 07:58:49,5,55,19.6,73,6.5,1030.1,1035,1.7,2,8,53.7,0
2022-01-23 08:03:49,5,55,19.6,73,6.5,1030,1034.9,2.7,3.4,10,53.7,0
2022-01-23 08:08:49,5,55,19.6,72,6.5,1030.1,1035,2,2.7,8,53.7,0
2022-01-23 08:13:49,5,55,19.6,72,6.5,1030.2,1035.1,1.7,2,4,53.7,0
2022-01-23 08:18:49,5,55,19.6,72,6.5,1030.4,1035.3,2.7,3.4,8,53.7,0
2022-01-23 08:23:49,5,55,19.6,72,6.5,1030.3,1035.2,2,2.4,4,53.7,0
2022-01-23 08:28:49,5,55,19.6,72,6.6,1030.3,1035.2,2.4,3.1,8,53.7,0
2022-01-23 08:33:49,5,55,19.6,72,6.6,1030.2,1035.1,2.4,3.1,8,53.7,0
2022-01-23 08:38:49,5,55,19.6,72,6.6,1030.2,1035.1,1.7,2.4,12,53.7,0
2022-01-23 08:43:49,5,55,19.6,72,6.6,1030.4,1035.3,2.7,3.4,10,53.7,0
2022-01-23 08:48:49,5,55,19.6,72,6.7,1030.3,1035.2,2,2.7,8,53.7,0
2022-01-23 08:53:49,5,55,19.5,72,6.7,1030.4,1035.3,3.1,3.7,10,53.7,0
2022-01-23 08:58:49,5,55,19.5,71,6.7,1030.3,1035.2,2.4,4.1,,53.7,0
2022-01-23 09:03:49,5,55,19.5,71,6.7,1030.3,1035.2,3.4,4.8,10,53.7,0
2022-01-23 09:08:49,5,55,19.5,71,6.8,1030.3,1035.2,2.7,3.7,10,53.7,0
2022-01-23 09:13:49,5,55,19.5,71,6.8,1030.5,1035.4,2.4,3.7,10,53.7,0
2022-01-23 09:18:49,5,55,19.5,71,6.8,1030.5,1035.4,2,3.1,8,53.7,0
2022-01-23 09:23:49,5,55,19.5,71,6.7,1030.5,1035.4,1.7,2.4,8,53.7,0
2022-01-23 09:28:49,5,55,19.5,71,6.8,1030.4,1035.3,3.1,3.7,2,53.7,0
2022-01-23 09:33:49,5,54,19.5,71,6.8,1030.3,1035.2,2,2.7,4,53.7,0
2022-01-23 09:38:49,5,54,19.5,71,6.8,1030.4,1035.3,0.7,1.4,10,53.7,0
2022-01-23 09:43:49,5,54,19.5,71,6.8,1030.3,1035.2,1.4,1.7,4,53.7,0
2022-01-23 09:48:49,5,54,19.5,71,6.8,1030.3,1035.2,1,1.7,4,53.7,0
2022-01-23 09:53:49,5,54,19.4,71,6.8,1030.2,1035.1,1.4,1.7,10,53.7,0
2022-01-23 09:58:49,5,54,19.4,72,6.8,1030.1,1035,0.7,1.4,4,53.7,0
2022-01-23 10:03:49,5,54,19.4,72,6.8,1030,1034.9,1.7,2.7,,53.7,0
2022-01-23 10:08:49,5,54,19.4,72,6.9,1030.1,1035,1,1.7,2,53.7,0
2022-01-23 10:13:49,5,54,19.4,72,6.9,1030,1034.9,1,1.7,4,53.7,0
2022-01-23 10:18:49,5,54,19.4,73,6.9,1030,1034.9,1,2.4,4,53.7,0
2022-01-23 10:23:49,5,54,19.4,73,6.9,1030,1034.9,1.7,2.4,4,53.7,0
2022-01-23 10:28:49,5,54,19.4,73,6.9,1030,1034.9,1.7,2.4,2,53.7,0
2022-01-23 10:33:49,5,54,19.4,74,6.9,1029.8,1034.7,1,1.7,,53.7,0
2022-01-23 10:38:49,5,54,19.4,74,6.9,1029.8,1034.7,1.4,1.7,0,53.7,0
2022-01-23 10:43:49,5,54,19.4,74,7,1029.8,1034.7,1,2,2,53.7,0
2022-01-23 10:48:49,5,54,19.4,75,7,1029.8,1034.7,1,1.4,10,53.7,0
2022-01-23 10:53:49,5,54,19.4,74,7.1,1029.8,1034.7,1.4,2,10,53.7,0
2022-01-23 10:58:49,5,54,19.4,74,7.2,1029.7,1034.6,1.4,2,,53.7,0
2022-01-23 11:03:49,5,54,19.4,74,7.3,1029.5,1034.4,1.7,2.7,10,53.7,0
2022-01-23 11:08:49,5,54,19.4,74,7.4,1029.7,1034.6,1.4,2.7,8,53.7,0
2022-01-23 11:13:49,5,54,19.4,73,7.4,1029.6,1034.5,2,2.7,8,53.7,0
2022-01-23 11:18:49,5,54,19.4,70,7.5,1029.6,1034.5,2.7,3.4,8,53.7,0
2022-01-23 11:23:49,5,54,19.4,70,7.5,1029.5,1034.4,1.7,2,,53.7,0
2022-01-23 11:28:49,5,54,19.4,70,7.6,1029.5,1034.4,2.4,3.4,10,53.7,0
2022-01-23 11:33:49,5,54,19.4,70,7.6,1029.4,1034.3,2,3.4,9,53.7,0
2022-01-23 11:38:49,5,54,19.5,69,7.6,1029.4,1034.3,2.7,3.7,10,53.7,0
2022-01-23 11:43:49,5,54,19.4,69,7.6,1029.4,1034.3,2.7,3.1,8,53.7,0
2022-01-23 11:48:49,5,54,19.5,70,7.6,1029.4,1034.3,1.4,2,10,53.7,0
2022-01-23 11:53:49,5,54,19.4,70,7.6,1029.4,1034.3,2,3.1,8,53.7,0
2022-01-23 11:58:49,5,54,19.4,70,7.6,1029.3,1034.2,3.4,4.4,9,53.7,0
2022-01-23 12:03:49,5,54,19.4,70,7.6,1029.2,1034.1,2,3.7,10,53.7,0
2022-01-23 12:08:49,5,54,19.4,70,7.6,1029.2,1034.1,2,2.7,10,53.7,0
2022-01-23 12:13:49,5,54,19.4,70,7.7,1029.2,1034.1,1.7,2.4,10,53.7,0
2022-01-23 12:18:49,5,54,19.4,70,7.7,1029.2,1034.1,2.4,2.7,,53.7,0
2022-01-23 12:23:49,5,54,19.4,70,7.7,1029,1033.9,2.7,3.7,10,53.7,0
2022-01-23 12:28:49,5,55,19.4,70,7.7,1028.9,1033.8,3.4,4.4,10,53.7,0
2022-01-23 12:33:49,5,55,19.4,70,7.7,1028.9,1033.8,2.7,3.4,8,53.7,0
2022-01-23 12:38:49,5,55,19.4,70,7.7,1028.9,1033.8,3.4,4.8,8,53.7,0
2022-01-23 12:43:49,5,56,19.5,70,7.7,1028.9,1033.8,2.4,3.4,9,53.7,0
2022-01-23 12:48:49,5,56,19.5,70,7.8,1028.7,1033.6,2.7,3.4,8,53.7,0
2022-01-23 12:53:49,5,56,19.5,70,7.8,1028.8,1033.7,2.7,3.4,9,53.7,0
2022-01-23 12:58:49,5,56,19.4,70,7.8,1028.7,1033.6,3.4,5.4,8,53.7,0
2022-01-23 13:03:49,5,56,19.5,70,7.9,1028.7,1033.6,2.7,3.7,10,53.7,0
2022-01-23 13:08:49,5,56,19.5,70,7.9,1028.7,1033.6,2.7,3.7,10,53.7,0
2022-01-23 13:13:49,5,56,19.5,70,7.9,1028.6,1033.5,2.4,3.1,8,53.7,0
2022-01-23 13:18:49,5,56,19.6,70,8,1028.4,1033.3,2.4,3.1,8,53.7,0
2022-01-23 13:23:49,5,57,19.6,70,8,1028.3,1033.2,2.4,3.1,10,53.7,0
2022-01-23 13:28:49,5,57,19.7,70,8,1028.2,1033.1,3.1,3.7,8,53.7,0
2022-01-23 13:33:49,5,57,19.8,70,8.1,1028,1032.9,3.1,4.1,,53.7,0
2022-01-23 13:38:49,5,57,19.9,70,8.1,1028,1032.9,2,4.1,10,53.7,0
2022-01-23 13:43:49,5,57,19.9,70,8.1,1028,1032.9,3.1,4.1,10,53.7,0
2022-01-23 13:48:49,5,57,19.9,70,8.2,1027.9,1032.8,2,3.1,8,53.7,0
2022-01-23 13:53:49,5,57,19.9,70,8.2,1027.9,1032.8,2.7,4.8,,53.7,0
2022-01-23 13:58:49,5,57,19.9,70,8.2,1027.8,1032.7,2,2.7,0,53.7,0
2022-01-23 14:03:49,5,56,19.9,70,8.2,1027.8,1032.7,1.4,1.7,4,53.7,0
2022-01-23 14:08:49,5,53,19.8,70,8.1,1027.9,1032.8,1,1.4,4,53.7,0
2022-01-23 14:13:49,5,51,19.7,70,8.1,1027.8,1032.7,2,2.4,10,53.7,0
2022-01-23 14:18:49,5,51,19.5,70,8.1,1027.6,1032.5,2,3.1,12,53.7,0
2022-01-23 14:23:49,5,51,19.5,70,8.2,1027.7,1032.6,1,1.7,8,53.7,0
2022-01-23 14:28:49,5,51,19.4,70,8.2,1027.5,1032.4,1.4,2,8,53.7,0
2022-01-23 14:33:49,5,51,19.5,70,8.2,1027.5,1032.4,2.7,3.4,10,53.7,0
2022-01-23 14:38:49,5,51,19.4,70,8.3,1027.5,1032.4,1.7,2.4,8,53.7,0
2022-01-23 14:43:49,5,52,19.4,70,8.3,1027.4,1032.3,2,2.4,4,53.7,0
2022-01-23 14:48:49,5,52,19.4,70,8.3,1027.5,1032.4,3.4,4.8,,53.7,0
2022-01-23 14:53:49,5,52,19.4,70,8.3,1027.3,1032.2,2.4,3.1,10,53.7,0
2022-01-23 14:58:49,5,52,19.4,70,8.3,1027.3,1032.2,3.1,4.1,8,53.7,0
2022-01-23 15:03:49,5,52,19.4,70,8.3,1027.3,1032.2,2.7,3.7,10,53.7,0
2022-01-23 15:08:49,5,52,19.4,70,8.4,1027,1031.9,2,3.7,8,53.7,0
2022-01-23 15:13:49,5,52,19.4,70,8.4,1027,1031.9,2.7,3.7,8,53.7,0
2022-01-23 15:18:49,5,52,19.3,70,8.4,1026.8,1031.7,2.7,4.4,8,53.7,0
2022-01-23 15:23:49,5,52,19.3,70,8.4,1026.8,1031.7,4.4,6.1,2,53.7,0
2022-01-23 15:28:49,5,52,19.3,70,8.4,1027,1031.9,2.7,3.4,8,53.7,0
2022-01-23 15:33:49,5,52,19.3,70,8.4,1026.7,1031.6,1,1.7,8,53.7,0
2022-01-23 15:38:49,5,52,19.3,70,8.4,1026.6,1031.5,2,2.4,10,53.7,0
2022-01-23 15:43:49,5,52,19.3,70,8.3,1026.5,1031.4,3.4,4.4,8,53.7,0
2022-01-23 15:48:49,5,52,19.3,70,8.3,1026.6,1031.5,2.4,3.1,8,53.7,0
2022-01-23 15:53:49,5,52,19.3,70,8.3,1026.6,1031.5,2.7,3.4,8,53.7,0
2022-01-23 15:58:49,5,52,19.2,71,8.3,1026.6,1031.5,2.7,3.7,8,53.7,0
2022-01-23 16:03:49,5,52,19.2,71,8.3,1026.5,1031.4,3.4,4.1,8,53.7,0
2022-01-23 16:08:49,5,52,19.2,71,8.3,1026.5,1031.4,4.1,5.8,8,53.7,0
2022-01-23 16:13:49,5,52,19.2,71,8.3,1026.7,1031.6,2.7,3.4,8,53.7,0
2022-01-23 16:18:49,5,52,19.2,70,8.3,1026.7,1031.6,3.1,4.1,8,53.7,0
2022-01-23 16:23:49,5,52,19.1,70,8.3,1026.5,1031.4,3.1,4.1,8,53.7,0
2022-01-23 16:28:49,5,52,19.1,70,8.2,1026.6,1031.5,3.1,5.1,10,53.7,0
2022-01-23 16:33:49,5,52,19.1,70,8.2,1026.6,1031.5,2.4,3.1,,53.7,0
2022-01-23 16:38:49,5,52,19.1,71,8.2,1026.7,1031.6,3.1,4.1,12,53.7,0
2022-01-23 16:43:49,5,52,19.1,71,8.2,1026.5,1031.4,4.1,5.1,8,53.7,0
2022-01-23 16:48:49,5,52,19.1,71,8.2,1026.5,1031.4,2.7,4.4,8,53.7,0
2022-01-23 16:53:49,5,52,19,71,8.1,1026.6,1031.5,2,3.4,0,53.7,0
2022-01-23 16:58:49,5,52,19,71,8.1,1026.6,1031.5,2,3.1,2,53.7,0
2022-01-23 17:03:49,5,52,19,71,8,1026.6,1031.5,2,3.1,10,53.7,0
2022-01-23 17:08:49,5,52,19,71,8,1026.5,1031.4,3.4,4.4,,53.7,0
2022-01-23 17:13:49,5,52,19,72,7.9,1026.5,1031.4,2,3.1,2,53.7,0
2022-01-23 17:18:49,5,52,19,72,7.9,1026.6,1031.5,2.7,3.7,4,53.7,0
2022-01-23 17:23:49,5,52,19,72,7.9,1026.6,1031.5,2.4,3.4,4,53.7,0
2022-01-23 17:28:49,5,52,19,72,7.9,1026.4,1031.3,2.4,3.7,10,53.7,0
2022-01-23 17:33:49,5,52,19,72,7.8,1026.5,1031.4,2,3.7,8,53.7,0
2022-01-23 17:38:49,5,53,18.9,72,7.8,1026.5,1031.4,2.7,3.7,,53.7,0
2022-01-23 17:43:49,5,53,18.9,73,7.8,1026.6,1031.5,3.7,4.8,12,53.7,0
2022-01-23 17:48:49,5,54,18.9,73,7.8,1026.5,1031.4,2,4.1,,53.7,0
2022-01-23 17:53:49,5,54,18.8,73,7.7,1026.5,1031.4,2.7,4.4,8,53.7,0
2022-01-23 17:58:49,5,54,18.9,73,7.8,1026.5,1031.4,3.4,5.1,0,53.7,0
2022-01-23 18:03:49,5,54,18.9,73,7.8,1026.5,1031.4,3.4,4.8,4,53.7,0
2022-01-23 18:08:49,5,54,18.8,72,7.8,1026.5,1031.4,3.1,5.1,4,53.7,0
2022-01-23 18:13:49,5,54,18.8,72,7.7,1026.4,1031.3,2.7,3.4,10,53.7,0
2022-01-23 18:18:49,5,54,18.7,73,7.6,1026.4,1031.3,2.4,3.7,0,53.7,0
2022-01-23 18:23:49,5,54,18.7,73,7.6,1026.4,1031.3,2,3.4,,53.7,0
2022-01-23 18:28:49,5,54,18.8,73,7.6,1026.5,1031.4,2.4,4.4,8,53.7,0
2022-01-23 18:33:49,5,55,18.9,73,7.5,1026.5,1031.4,2.7,3.7,2,53.7,0
2022-01-23 18:38:49,5,54,19,73,7.6,1026.5,1031.4,2,3.1,2,53.7,0
2022-01-23 18:43:49,5,55,19.1,73,7.5,1026.5,1031.4,1.4,2,10,53.7,0
2022-01-23 18:48:49,5,56,19.1,73,7.5,1026.5,1031.4,3.1,3.7,10,53.7,0
2022-01-23 18:53:49,5,59,19.2,73,7.5,1026.5,1031.4,4.1,5.4,,53.7,0
2022-01-23 18:58:49,5,61,19.4,79,7.4,1026.3,1031.2,2.7,4.1,8,53.7,0
2022-01-23 19:03:49,5,62,19.5,72,7.5,1026.2,1031.1,3.1,3.7,2,53.7,0
2022-01-23 19:08:49,5,64,19.5,72,7.5,1026.3,1031.2,2.4,4.4,8,53.7,0
2022-01-23 19:13:49,5,64,19.6,72,7.5,1026.2,1031.1,2.7,4.1,8,53.7,0
2022-01-23 19:18:49,5,64,19.6,79,7.4,1026.2,1031.1,2,2.7,12,53.7,0
2022-01-23 19:23:49,5,64,19.6,79,7.4,1026.1,1031,1.7,2.7,10,53.7,0
2022-01-23 19:28:49,5,64,19.6,79,7.4,1026.2,1031.1,2.4,3.4,10,53.7,0
2022-01-23 19:33:49,5,64,19.7,79,7.4,1026.2,1031.1,3.4,4.4,10,53.7,0
2022-01-23 19:38:49,5,64,19.7,80,7.4,1026.2,1031.1,3.4,4.1,9,53.7,0
2022-01-23 19:43:49,5,64,19.7,80,7.4,1026.2,1031.1,2,3.4,4,53.7,0
2022-01-23 19:48:49,5,64,19.7,80,7.3,1025.9,1030.8,2.7,3.7,4,53.7,0
2022-01-23 19:53:49,5,64,19.7,80,7.3,1026.1,1031,1.7,2.4,0,53.7,0
2022-01-23 19:58:49,5,64,19.8,80,7.2,1026.1,1031,2.4,4.4,,53.7,0
2022-01-23 20:03:49,5,64,19.8,80,7.2,1026,1030.9,2.4,4.4,4,53.7,0
2022-01-23 20:08:49,5,64,19.9,80,7.2,1025.8,1030.7,4.1,6.8,8,53.7,0
2022-01-23 20:13:49,5,64,19.8,80,7.3,1026,1030.9,2.7,4.4,4,53.7,0
2022-01-23 20:18:49,5,64,19.8,80,7.3,1026.1,1031,3.1,4.1,2,53.7,0
2022-01-23 20:23:49,5,64,19.8,80,7.4,1026.1,1031,2,2.7,14,53.7,0
2022-01-23 20:28:49,5,64,19.9,80,7.4,1026.1,1031,2.4,2.7,10,53.7,0
2022-01-23 20:33:49,5,64,19.9,80,7.4,1026.1,1031,2.7,3.4,8,53.7,0
2022-01-23 20:38:49,5,64,19.9,80,7.4,1026.1,1031,2.7,5.1,2,53.7,0
2022-01-23 20:43:49,5,64,19.9,80,7.4,1026.2,1031.1,2.4,3.7,2,53.7,0
2022-01-23 20:48:49,5,63,20.1,80,7.4,1026.2,1031.1,1.7,3.1,2,53.7,0
2022-01-23 20:53:49,5,63,20.1,80,7.2,1026,1030.9,2.7,3.7,8,53.7,0
2022-01-23 20:58:49,5,63,20.2,80,7.2,1025.9,1030.8,2.4,3.4,2,53.7,0
2022-01-23 21:03:49,5,63,20.2,80,7.2,1025.9,1030.8,1.7,2.7,10,53.7,0
2022-01-23 21:08:49,5,62,20.2,80,7.2,1026.1,1031,2.4,3.7,,53.7,0
2022-01-23 21:13:49,5,62,20.3,80,7.1,1026.1,1031,1.4,1.7,4,53.7,0
2022-01-23 21:18:49,5,62,20.4,80,7.1,1026,1030.9,1.7,2.7,8,53.7,0
2022-01-23 21:23:49,5,62,20.4,80,7.1,1026.1,1031,1.7,2.7,,53.7,0
2022-01-23 21:28:49,5,62,20.4,80,7,1026,1030.9,1.7,3.4,8,53.7,0
2022-01-23 21:33:49,5,62,20.5,81,7,1026,1030.9,1.7,2.4,4,53.7,0
2022-01-23 21:38:49,5,62,20.5,81,7.1,1026,1030.9,1.4,2.4,8,53.7,0
2022-01-23 21:43:49,5,61,20.5,81,7.2,1026,1030.9,2.4,3.7,10,53.7,0
2022-01-23 21:48:49,5,61,20.5,81,7.2,1025.8,1030.7,1.4,1.7,4,53.7,0
2022-01-23 21:53:49,5,61,20.5,81,7.3,1025.8,1030.7,2.4,3.4,8,53.7,0
2022-01-23 21:58:49,5,61,20.4,80,7.4,1025.9,1030.8,2.7,4.4,4,53.7,0
2022-01-23 22:03:49,5,61,20.4,74,7.5,1025.7,1030.6,2,2.4,12,53.7,0
2022-01-23 22:08:49,5,61,20.4,80,7.4,1025.8,1030.7,2,3.1,10,53.7,0
2022-01-23 22:13:49,5,61,20.4,80,7.4,1025.8,1030.7,2,4.1,2,53.7,0
2022-01-23 22:18:49,5,61,20.4,80,7.3,1025.9,1030.8,2,2.7,2,53.7,0
2022-01-23 22:23:49,5,61,20.4,80,7.3,1026,1030.9,2,4.1,14,53.7,0
2022-01-23 22:28:49,5,61,20.3,80,7.3,1026,1030.9,3.7,5.8,14,53.7,0
2022-01-23 22:33:49,5,61,20.4,80,7.3,1025.8,1030.7,1.7,2.4,2,53.7,0
2022-01-23 22:38:49,5,61,20.3,80,7.4,1025.9,1030.8,2.4,3.4,8,53.7,0
2022-01-23 22:43:49,5,60,20.4,80,7.4,1026.1,1031,1.7,3.4,10,53.7,0
2022-01-23 22:48:49,5,60,20.4,80,7.4,1026,1030.9,2.4,3.1,10,53.7,0
2022-01-23 22:53:49,5,60,20.4,80,7.4,1026.1,1031,2,2.7,2,53.7,0
2022-01-23 22:58:49,5,60,20.4,80,7.4,1026,1030.9,2.7,3.7,10,53.7,0
2022-01-23 23:03:49,5,60,20.3,80,7.4,1026,1030.9,2,3.4,,53.7,0
2022-01-23 23:08:49,5,60,20.3,74,7.6,1026,1030.9,2.7,3.4,1,53.7,0
2022-01-23 23:13:49,5,60,20.3,73,7.6,1026.2,1031.1,2,3.4,8,53.7,0
2022-01-23 23:18:49,5,60,20.3,73,7.6,1026.1,1031,2.7,4.1,,53.7,0
2022-01-23 23:23:49,5,60,20.3,73,7.5,1026.2,1031.1,2.7,3.1,8,53.7,0
2022-01-23 23:28:49,5,60,20.2,73,7.5,1026,1030.9,2.7,4.1,8,53.7,0
2022-01-23 23:33:49,5,60,20.2,73,7.5,1026.2,1031.1,2.7,3.1,8,53.7,0
2022-01-23 23:38:49,5,60,20.3,73,7.6,1026.1,1031,2.7,3.7,10,53.7,0
2022-01-23 23:43:49,5,60,20.3,73,7.7,1026.1,1031,2,3.1,12,53.7,0
2022-01-23 23:48:49,5,60,20.3,73,7.6,1026.1,1031,3.4,5.1,,53.7,0
2022-01-23 23:53:49,5,60,20.2,73,7.6,1026.2,1031.1,3.4,4.1,10,53.7,0
2022-01-23 23:58:49,5,60,20.2,73,7.7,1026.2,1031.1,1.7,2.7,8,53.7,0
