2022-01-07 00:03:53,5,49,20.2,75,3.7,1003.7,1008.6,4.1,5.1,10,45.6,0
2022-01-07 00:08:53,5,49,20.1,78,2.6,1003.5,1008.4,4.4,5.8,14,45.6,0
2022-01-07 00:13:53,5,49,20.1,80,2.5,1003.7,1008.6,2.7,3.1,12,45.6,0
2022-01-07 00:18:53,5,49,20.1,81,2.5,1003.4,1008.3,3.7,4.8,12,45.6,0
2022-01-07 00:23:53,5,49,20,81,2.6,1003.3,1008.2,3.1,3.7,10,45.6,0
2022-01-07 00:28:53,5,50,19.9,81,2.5,1003.6,1008.5,2.7,3.1,10,45.6,0
2022-01-07 00:33:53,5,50,19.9,81,2.5,1003.3,1008.2,2.7,3.1,10,45.6,0
2022-01-07 00:38:53,5,50,19.9,82,2.5,1003.4,1008.3,2.7,3.4,10,45.6,0
2022-01-07 00:43:53,5,50,19.8,82,2.5,1003.6,1008.5,2.7,3.7,10,45.6,0
2022-01-07 00:48:53,5,50,19.8,83,2.7,1003.2,1008.1,4.8,5.1,10,45.6,0
2022-01-07 00:53:53,5,50,19.7,82,3.1,1003.8,1008.7,5.1,8.5,10,45.6,0
2022-01-07 00:58:53,5,49,19.7,80,2.5,1002.9,1007.8,5.1,5.8,10,45.6,0
2022-01-07 01:03:53,5,49,19.7,80,2.3,1003.2,1008.1,3.7,5.1,10,45.6,0
2022-01-07 01:08:53,5,49,19.6,80,2.4,1003.1,1008,3.4,4.4,10,45.6,0
2022-01-07 01:13:53,5,49,19.6,80,2.3,1003.2,1008.1,1.7,2.7,10,45.6,0
2022-01-07 01:18:53,5,49,19.6,80,2.1,1003.4,1008.3,1.7,2.4,8,45.6,0
2022-01-07 01:23:54,5,49,19.6,81,2.1,1003.2,1008.1,1.7,2.7,10,45.6,0
2022-01-07 01:28:53,5,49,19.5,81,2,1003.3,1008.2,2,2.4,8,45.6,0
2022-01-07 01:33:53,5,49,19.5,81,2,1003.3,1008.2,2.7,3.4,8,45.6,0
2022-01-07 01:38:53,5,49,19.5,82,1.9,1003.4,1008.3,1.4,2,10,45.6,0
2022-01-07 01:43:53,5,49,19.4,82,1.9,1003.5,1008.4,1.7,2.4,12,45.6,0
2022-01-07 01:48:53,5,49,19.4,82,1.9,1003.3,1008.2,2,2.7,9,45.6,0
2022-01-07 01:53:53,5,49,19.3,82,2,1003.1,1008,2,2.7,8,45.6,0
2022-01-07 01:58:53,5,49,19.3,83,2.2,1003.3,1008.2,2.4,3.1,10,45.6,0
2022-01-07 02:03:53,5,49,19.3,83,2.8,1003.3,1008.2,2.4,3.1,10,45.6,0
2022-01-07 02:08:53,5,49,19.3,82,3,1003.2,1008.1,3.4,4.1,10,45.9,0
2022-01-07 02:13:53,5,49,19.2,81,3.1,1003.4,1008.3,2.4,3.4,10,45.9,0
2022-01-07 02:18:53,5,49,19.2,81,3.2,1003.7,1008.6,2.7,3.7,10,45.9,0
2022-01-07 02:23:53,5,49,19.2,78,3.7,1003.9,1008.8,3.1,4.4,10,45.9,0
2022-01-07 02:28:53,5,49,19.1,75,3.8,1004.3,1009.2,2.4,3.1,8,45.9,0
2022-01-07 02:33:53,5,49,19.1,73,3.8,1004.4,1009.3,5.1,8.2,10,45.9,0
2022-01-07 02:38:53,5,49,19.1,74,3.3,1004.2,1009.1,4.1,5.4,12,45.9,0
2022-01-07 02:43:53,5,48,19.1,75,2.8,1003.9,1008.8,2.7,3.4,12,45.9,0
2022-01-07 02:48:53,5,48,19,76,2.7,1003.8,1008.7,2.4,3.4,12,45.9,0
2022-01-07 02:53:53,5,48,19,78,2.4,1003.8,1008.7,2,3.1,10,45.9,0
2022-01-07 02:58:53,5,48,19,79,2.2,1004,1008.9,3.4,5.1,10,45.9,0
2022-01-07 03:03:53,5,48,19,80,2.1,1004.2,1009.1,2.7,3.7,10,45.9,0
2022-01-07 03:08:53,5,49,18.9,80,2,1004.1,1009,2.4,3.1,10,45.9,0
2022-01-07 03:13:53,5,49,18.9,81,2,1004.1,1009,2.7,3.4,10,45.9,0
2022-01-07 03:18:53,5,49,18.9,81,2,1004,1008.9,2.4,3.7,10,45.9,0
2022-01-07 03:23:53,5,49,18.9,81,2.1,1004.1,1009,2.4,3.1,12,45.9,0
2022-01-07 03:28:53,5,49,18.8,81,2.2,1004.3,1009.2,3.7,4.4,10,45.9,0
2022-01-07 03:33:53,5,49,18.8,82,2.4,1004.3,1009.2,2,2.7,12,45.9,0
2022-01-07 03:38:53,5,49,18.8,82,2.5,1004.2,1009.1,2.7,4.1,12,45.9,0
2022-01-07 03:43:53,5,49,18.8,81,2.6,1004.3,1009.2,3.4,5.1,10,45.9,0
2022-01-07 03:48:53,5,49,18.8,81,2.9,1004.3,1009.2,3.1,4.4,10,45.9,0
2022-01-07 03:53:53,5,49,18.7,81,3.1,1004.4,1009.3,1.4,2,10,45.9,0
2022-01-07 03:58:53,5,49,18.7,80,3.1,1004.5,1009.4,1.7,2.4,12,45.9,0
2022-01-07 04:03:53,5,49,18.7,80,3.1,1004.9,1009.8,1.7,2,12,45.9,0
2022-01-07 04:08:53,5,49,18.7,80,3.1,1004.7,1009.6,3.4,4.4,12,45.9,0
2022-01-07 04:13:53,5,49,18.7,80,3.4,1004.6,1009.5,2.7,3.4,10,45.9,0
2022-01-07 04:18:53,5,49,18.7,78,3.4,1004.7,1009.6,4.1,4.8,12,45.9,0
2022-01-07 04:23:53,5,48,18.7,77,3.1,1004.6,1009.5,2,2.7,8,45.9,0
2022-01-07 04:28:53,5,48,18.7,77,3,1004.8,1009.7,3.1,4.1,10,45.9,0
2022-01-07 04:33:53,5,48,18.6,77,2.9,1004.8,1009.7,2.4,3.7,10,45.9,0
2022-01-07 04:38:53,5,48,18.6,77,2.9,1004.9,1009.8,2.4,3.1,8,45.9,0
2022-01-07 04:43:53,5,48,18.6,77,2.8,1004.8,1009.7,2,2.7,14,45.9,0
2022-01-07 04:48:53,5,48,18.6,77,2.8,1004.8,1009.7,1.7,2.4,12,45.9,0
2022-01-07 04:53:53,5,48,18.6,77,2.8,1004.9,1009.8,2,2.7,10,45.9,0
2022-01-07 04:58:53,5,48,18.6,77,2.8,1004.8,1009.7,2.4,3.4,12,45.9,0
2022-01-07 05:03:53,5,48,18.5,78,3,1005.1,1010,2,2.4,10,45.9,0
2022-01-07 05:08:53,5,48,18.5,78,3.2,1005.3,1010.2,2,2.7,4,45.9,0
2022-01-07 05:13:53,5,48,18.5,78,3.3,1005,1009.9,5.4,7.1,10,45.9,0
2022-01-07 05:18:53,5,48,18.5,77,3.5,1005,1009.9,2.4,3.1,10,45.9,0
2022-01-07 05:23:53,5,48,18.5,77,3.4,1004.6,1009.5,4.1,5.1,8,45.9,0
2022-01-07 05:28:53,5,48,18.5,77,3.1,1004.6,1009.5,4.1,5.1,10,45.9,0
2022-01-07 05:33:53,5,48,18.5,79,2.7,1004.7,1009.6,3.1,4.4,10,45.9,0
2022-01-07 05:38:53,5,48,18.4,80,2.3,1004.7,1009.6,2.7,4.4,12,45.9,0
2022-01-07 05:43:53,5,48,18.4,80,2,1005.1,1010,2,2.7,10,45.9,0
2022-01-07 05:48:53,5,48,18.4,81,1.8,1004.9,1009.8,1.4,2,10,45.9,0
2022-01-07 05:53:53,5,48,18.3,81,1.7,1005.1,1010,1.4,1.7,12,45.9,0
2022-01-07 05:58:53,5,48,18.3,81,1.8,1005.2,1010.1,2,3.1,10,45.9,0
2022-01-07 06:03:53,5,48,18.3,81,1.9,1005.1,1010,2.7,3.4,10,45.9,0
2022-01-07 06:08:53,5,48,18.4,81,2.1,1004.9,1009.8,2.7,3.4,10,45.9,0
2022-01-07 06:13:53,5,47,18.3,80,2.2,1004.9,1009.8,3.1,3.7,10,45.9,0
2022-01-07 06:18:53,5,47,18.3,79,2.1,1005.1,1010,2.4,3.4,10,45.9,0
2022-01-07 06:23:53,5,47,18.3,79,2,1005.1,1010,1.7,2,12,45.9,0
2022-01-07 06:28:53,5,47,18.3,80,2,1005,1009.9,1.4,1.7,10,45.9,0
2022-01-07 06:33:53,5,48,18.3,80,2,1005.2,1010.1,2,2.4,10,45.9,0
2022-01-07 06:38:53,5,48,18.2,80,1.9,1005.2,1010.1,2,2.7,8,45.9,0
2022-01-07 06:43:53,5,48,18.3,81,1.9,1005,1009.9,1.4,1.7,10,45.9,0
2022-01-07 06:48:53,5,48,18.3,82,1.9,1005,1009.9,2.4,2.7,10,45.9,0
2022-01-07 06:53:53,5,48,18.3,82,2,1005.1,1010,2,2.7,10,45.9,0
2022-01-07 06:58:53,5,48,18.3,82,2,1005.2,1010.1,1.7,2,10,45.9,0
2022-01-07 07:03:53,5,48,18.3,83,2.2,1005,1009.9,1.7,2,8,45.9,0
2022-01-07 07:08:53,5,48,18.3,83,2.3,1005,1009.9,1.4,1.7,10,45.9,0
2022-01-07 07:13:53,5,48,18.3,83,2.4,1005,1009.9,1,1.4,10,45.9,0
2022-01-07 07:18:53,5,48,18.3,83,2.4,1005,1009.9,1.7,2,8,45.9,0
2022-01-07 07:23:53,5,48,18.2,83,2.5,1005,1009.9,2.4,2.7,10,45.9,0
2022-01-07 07:28:53,5,48,18.2,83,2.7,1005,1009.9,1.7,2.4,8,45.9,0
2022-01-07 07:33:53,5,48,18.3,83,2.7,1005.1,1010,2,2.7,10,45.9,0
2022-01-07 07:38:53,5,48,18.3,83,2.9,1005.2,1010.1,2,2.4,10,45.9,0
2022-01-07 07:43:53,5,48,18.3,84,3.2,1005.1,1010,3.4,4.1,12,45.9,0
2022-01-07 07:48:53,5,48,18.3,84,3.7,1005.1,1010,3.4,4.1,10,45.9,0
2022-01-07 07:53:53,5,48,18.2,84,3.8,1005.2,1010.1,4.8,5.8,10,45.9,0
2022-01-07 07:58:53,5,48,18.2,83,3.9,1005.1,1010,2.4,3.1,10,46.2,0
2022-01-07 08:03:53,5,48,18.3,83,4,1005,1009.9,2.4,2.7,8,46.2,0
2022-01-07 08:08:53,5,48,18.3,83,4,1005.2,1010.1,2,2.4,12,46.2,0
2022-01-07 08:13:53,5,48,18.2,83,4,1005.2,1010.1,1,1.7,10,46.2,0
2022-01-07 08:18:53,5,48,18.2,83,4,1005.1,1010,1.4,2,10,46.2,0
2022-01-07 08:23:53,5,47,18.2,83,4,1005.2,1010.1,1.7,2.7,8,46.2,0
2022-01-07 08:28:53,5,48,18.2,84,3.9,1005.1,1010,2,2.7,10,46.2,0
2022-01-07 08:33:53,5,48,18.2,84,3.9,1005.4,1010.3,3.1,3.4,10,46.5,0
2022-01-07 08:38:53,5,48,18.2,84,3.8,1005.6,1010.5,1.7,2.4,10,46.5,0
2022-01-07 08:43:53,5,48,18.2,84,3.8,1005.6,1010.5,2,3.1,10,46.5,0
2022-01-07 08:48:53,5,48,18.2,84,3.8,1005.6,1010.5,1.7,2.4,10,46.8,0
2022-01-07 08:53:53,5,48,18.2,85,3.7,1005.6,1010.5,1.7,2,12,46.8,0
2022-01-07 08:58:53,5,48,18.2,85,3.7,1005.7,1010.6,1.4,1.7,10,46.8,0
2022-01-07 09:03:53,5,48,18.2,85,3.7,1005.6,1010.5,1.7,2,10,46.8,0
2022-01-07 09:08:53,5,48,18.2,85,3.7,1005.6,1010.5,1.4,1.7,10,46.8,0
2022-01-07 09:13:53,5,48,18.2,86,3.7,1005.7,1010.6,1,1.4,10,47.1,0
2022-01-07 09:18:53,5,49,18.2,86,3.7,1006,1010.9,1.4,2,10,47.1,0
2022-01-07 09:23:53,5,49,18.1,86,3.7,1005.7,1010.6,0.7,1,10,47.1,0
2022-01-07 09:28:53,5,49,18.1,86,3.7,1005.8,1010.7,1,1.4,10,47.1,0
2022-01-07 09:33:53,5,49,18.1,87,3.7,1005.6,1010.5,0.7,1,10,47.4,0
2022-01-07 09:38:53,5,50,18.2,87,3.7,1005.7,1010.6,0.7,1,10,47.4,0
2022-01-07 09:43:53,5,51,18.2,87,3.7,1005.9,1010.8,0.7,1.4,10,47.4,0
2022-01-07 09:48:53,5,52,18.4,87,3.8,1005.7,1010.6,0.7,1,10,47.4,0
2022-01-07 09:53:53,5,52,18.4,88,3.8,1005.6,1010.5,0.7,1,10,47.4,0
2022-01-07 09:58:53,5,52,18.5,88,3.9,1005.6,1010.5,0,0,,47.4,0
2022-01-07 10:03:53,5,52,18.5,88,3.9,1005.7,1010.6,0,0,14,47.4,0
2022-01-07 10:08:53,5,53,18.6,88,4,1005.6,1010.5,0,0.3,9,47.4,0
2022-01-07 10:13:53,5,53,18.7,88,4,1005.5,1010.4,0,0,0,47.4,0
2022-01-07 10:18:53,5,53,18.7,88,4,1005.6,1010.5,0.3,0.7,2,47.4,0
2022-01-07 10:23:53,5,53,18.9,89,4.1,1005.6,1010.5,0,0.3,0,47.4,0
2022-01-07 10:28:53,5,53,18.9,89,4.2,1005.7,1010.6,0.7,1,12,47.4,0
2022-01-07 10:33:53,5,52,19,89,4.3,1005.9,1010.8,0.3,0.7,10,47.4,0
2022-01-07 10:38:53,5,52,19.1,89,4.3,1005.8,1010.7,0.3,0.7,8,47.4,0
2022-01-07 10:43:53,5,52,19.1,90,4.5,1005.8,1010.7,0.3,0.7,,47.4,0
2022-01-07 10:48:53,5,52,19.1,90,4.6,1005.9,1010.8,0,0.3,14,47.4,0
2022-01-07 10:53:53,5,51,19.2,90,4.7,1005.9,1010.8,1,2,12,47.4,0
2022-01-07 10:58:53,5,51,19.2,90,4.9,1006.1,1011,1.4,1.7,10,47.4,0
2022-01-07 11:03:53,5,51,19.3,90,5.1,1006.2,1011.1,1.4,1.7,12,47.4,0
2022-01-07 11:08:53,5,51,19.3,90,5.1,1006.2,1011.1,2,2.7,12,47.4,0
2022-01-07 11:13:53,5,51,19.3,90,5.2,1006.3,1011.2,1,1.7,10,47.4,0
2022-01-07 11:18:53,5,51,19.3,90,5.2,1006.5,1011.4,1.7,2,10,47.4,0
2022-01-07 11:23:53,5,51,19.4,90,5.4,1006.4,1011.3,1,1.4,12,47.4,0
2022-01-07 11:28:53,5,51,19.4,90,5.4,1006.6,1011.5,1.4,2.4,10,47.4,0
2022-01-07 11:33:53,5,51,19.4,90,5.5,1006.8,1011.7,1.7,2.4,10,47.4,0
2022-01-07 11:38:53,5,51,19.4,90,5.6,1006.8,1011.7,1.7,2.4,10,47.4,0
2022-01-07 11:43:53,5,51,19.5,90,5.7,1006.8,1011.7,2,2.7,8,47.4,0
2022-01-07 11:48:53,5,51,19.5,90,5.7,1007.1,1012,1.4,2,10,47.4,0
2022-01-07 11:53:53,5,51,19.4,90,5.7,1007.2,1012.1,1,2,12,47.4,0
2022-01-07 11:58:53,5,51,19.5,89,5.7,1007.4,1012.3,1,1.4,10,47.4,0
2022-01-07 12:03:53,5,51,19.5,89,5.6,1007.5,1012.4,2.4,3.4,12,47.4,0
2022-01-07 12:08:53,5,51,19.6,88,5.5,1007.3,1012.2,1.4,2.4,12,47.4,0
2022-01-07 12:13:53,5,51,19.6,88,5.5,1007.8,1012.7,2.4,3.4,10,47.7,0
2022-01-07 12:18:53,5,51,19.6,88,5.4,1007.9,1012.8,3.4,4.1,12,47.7,0
2022-01-07 12:23:53,5,51,19.6,88,5.4,1007.8,1012.7,2.4,3.1,10,47.7,0
2022-01-07 12:28:53,5,51,19.6,87,5.3,1008,1012.9,3.4,4.1,12,47.7,0
2022-01-07 12:33:53,5,51,19.6,85,5.3,1008,1012.9,1.4,1.7,12,47.7,0
2022-01-07 12:38:53,5,51,19.7,85,5.3,1008,1012.9,2,2.7,8,47.7,0
2022-01-07 12:43:53,5,51,19.7,85,5.2,1008,1012.9,1,1.7,12,47.7,0
2022-01-07 12:48:53,5,51,19.7,85,5.2,1008.1,1013,1,1.7,10,47.7,0
2022-01-07 12:53:53,5,51,19.7,85,5.2,1008.1,1013,1,1.4,10,47.7,0
2022-01-07 12:58:53,5,51,19.7,85,5.2,1008.2,1013.1,1,1.7,10,47.7,0
2022-01-07 13:03:53,5,51,19.7,86,5.2,1008.1,1013,1,1.4,12,47.7,0
2022-01-07 13:08:53,5,51,19.6,86,5.3,1008.1,1013,1.7,2.4,10,47.7,0
2022-01-07 13:13:53,5,51,19.6,86,5.3,1008.3,1013.2,1,1.4,10,47.7,0
2022-01-07 13:18:53,5,51,19.5,87,5.4,1008.3,1013.2,1.7,2,12,47.7,0
2022-01-07 13:23:53,5,51,19.4,87,5.4,1008.2,1013.1,1.7,2.4,10,47.7,0
2022-01-07 13:28:53,5,51,19.4,87,5.5,1008.1,1013,1.7,2.4,10,47.7,0
2022-01-07 13:33:53,5,51,19.4,87,5.5,1008.3,1013.2,1.7,2,10,47.7,0
2022-01-07 13:38:53,5,50,19.4,87,5.6,1008.4,1013.3,2,2.4,10,47.7,0
2022-01-07 13:43:53,5,50,19.2,87,5.6,1008.3,1013.2,2,2.7,10,47.7,0
2022-01-07 13:48:53,5,50,19.2,87,5.7,1008.4,1013.3,1.7,2.7,10,47.7,0
2022-01-07 13:53:53,5,50,19.1,88,5.8,1008.3,1013.2,1.7,2.4,10,47.7,0
2022-01-07 13:58:53,5,50,19.2,88,5.9,1008.5,1013.4,2.4,2.7,10,47.7,0
2022-01-07 14:03:53,5,50,19.1,88,6,1008.4,1013.3,3.1,4.4,10,47.7,0
2022-01-07 14:08:53,5,50,19,88,6.2,1008.6,1013.5,3.1,3.7,10,47.7,0
2022-01-07 14:13:53,5,50,19,88,6.3,1008.5,1013.4,2.7,3.7,10,47.7,0
2022-01-07 14:18:53,5,51,19,87,6.3,1008.5,1013.4,2,3.1,10,47.7,0
2022-01-07 14:23:53,5,51,19,87,6.3,1008.5,1013.4,2.7,4.1,10,48,0
2022-01-07 14:28:53,5,51,19,87,6.4,1008.6,1013.5,2.4,3.1,10,48,0
2022-01-07 14:33:53,5,51,19,86,6.4,1008.5,1013.4,2.4,3.1,10,48,0
2022-01-07 14:38:53,5,51,19.1,86,6.4,1008.5,1013.4,2.7,3.1,10,48,0
2022-01-07 14:43:53,5,51,19.2,86,6.5,1008.7,1013.6,2.4,3.1,10,48,0
2022-01-07 14:48:53,5,52,19.2,85,6.4,1008.7,1013.6,2.7,3.4,12,48,0
2022-01-07 14:53:53,5,52,19.2,85,6.5,1008.8,1013.7,2,2.7,10,48,0
2022-01-07 14:58:53,5,52,19.2,85,6.5,1008.8,1013.7,2.4,2.7,12,48,0
2022-01-07 15:03:53,5,52,19.3,85,6.5,1008.9,1013.8,2.4,3.1,10,48,0
2022-01-07 15:08:53,5,52,19.3,85,6.5,1008.7,1013.6,2,2.4,13,48,0
2022-01-07 15:13:53,5,52,19.3,85,6.5,1008.7,1013.6,2,2.4,10,48,0
2022-01-07 15:18:53,5,52,19.4,85,6.5,1008.8,1013.7,2.4,3.1,10,48,0
2022-01-07 15:23:53,5,51,19.4,85,6.5,1009,1013.9,2.7,3.7,12,48,0
2022-01-07 15:28:53,5,51,19.4,85,6.6,1009,1013.9,2,2.7,12,48,0
2022-01-07 15:33:53,5,51,19.5,85,6.6,1009,1013.9,2.7,3.7,12,48,0
2022-01-07 15:38:53,5,51,19.4,84,6.6,1008.9,1013.8,2.7,3.7,10,48,0
2022-01-07 15:43:53,5,51,19.5,83,6.6,1008.8,1013.7,2.4,3.1,10,48,0
2022-01-07 15:48:53,5,51,19.4,83,6.6,1008.9,1013.8,1.4,2,10,48,0
2022-01-07 15:53:53,5,51,19.3,83,6.6,1009,1013.9,1.7,2.4,10,48,0
2022-01-07 15:58:53,5,51,19.4,83,6.5,1009,1013.9,1.7,2,12,48,0
2022-01-07 16:03:53,5,51,19.4,84,6.5,1009.1,1014,2.7,3.4,10,48,0
2022-01-07 16:08:53,5,51,19.3,84,6.5,1009,1013.9,2.4,3.4,10,48,0
2022-01-07 16:13:53,5,51,19.2,84,6.5,1008.9,1013.8,2.4,2.7,10,48,0
2022-01-07 16:18:53,5,51,19.2,84,6.5,1008.9,1013.8,2,2.4,10,48,0
2022-01-07 16:23:53,5,50,19.1,84,6.5,1009,1013.9,2.4,3.1,10,48,0
2022-01-07 16:28:53,5,50,19,84,6.5,1008.9,1013.8,2.7,3.4,10,48,0
2022-01-07 16:33:53,5,50,19,84,6.5,1009,1013.9,2.4,3.4,10,48,0
2022-01-07 16:38:53,5,50,19,84,6.5,1009.1,1014,1.7,2.4,10,48,0
2022-01-07 16:43:53,5,51,18.9,84,6.5,1009,1013.9,2,2.4,10,48,0
2022-01-07 16:48:53,5,51,18.9,83,6.5,1009,1013.9,1.7,2,10,48,0
2022-01-07 16:53:53,5,51,18.9,83,6.5,1009.1,1014,1.7,2,10,48,0
2022-01-07 16:58:53,5,51,18.8,83,6.5,1009.2,1014.1,1.4,2,10,48,0
2022-01-07 17:03:53,5,51,18.8,83,6.4,1009.3,1014.2,1.4,1.7,8,48,0
2022-01-07 17:08:53,5,51,18.7,84,6.3,1009.3,1014.2,1.7,2.4,10,48,0
2022-01-07 17:13:53,5,51,18.7,85,6.2,1009.2,1014.1,2,3.1,10,48,0
2022-01-07 17:18:53,5,51,18.7,85,6.2,1009.2,1014.1,1,1.4,10,48,0
2022-01-07 17:23:53,5,51,18.6,85,6.2,1009.3,1014.2,1.7,2.4,12,48,0
2022-01-07 17:28:53,5,51,18.6,86,6.2,1009.3,1014.2,1.4,2,10,48,0
2022-01-07 17:33:53,5,51,18.6,86,6.3,1009.3,1014.2,2.4,3.1,8,48,0
2022-01-07 17:38:53,5,51,18.5,86,6.3,1009.3,1014.2,2,2.7,10,48,0
2022-01-07 17:43:53,5,51,18.5,87,6.4,1009.2,1014.1,1.7,2,10,48,0
2022-01-07 17:48:53,5,51,18.5,87,6.5,1009.4,1014.3,1.7,2,10,48,0
2022-01-07 17:53:53,5,51,18.5,87,6.5,1009.5,1014.4,1.7,2.4,10,48,0
2022-01-07 17:58:53,5,51,18.4,87,6.6,1009.5,1014.4,2,2.4,10,48,0
2022-01-07 18:03:53,5,52,18.4,87,6.7,1009.2,1014.1,1.7,2.7,8,48,0
2022-01-07 18:08:53,5,52,18.4,87,6.7,1009.4,1014.3,2,2.7,10,48,0
2022-01-07 18:13:53,5,52,18.4,87,6.7,1009.5,1014.4,2.7,3.4,9,48,0
2022-01-07 18:18:53,5,52,18.4,87,6.7,1009.4,1014.3,2,2.7,10,48,0
2022-01-07 18:23:53,5,52,18.4,88,6.8,1009.3,1014.2,2.4,3.4,12,48,0
2022-01-07 18:28:53,5,52,18.4,88,6.8,1009.3,1014.2,2.7,3.4,10,48,0
2022-01-07 18:33:53,5,52,18.4,89,6.8,1009.4,1014.3,1.7,2,10,48,0
2022-01-07 18:38:53,5,52,18.4,89,6.7,1009.3,1014.2,1.7,2,10,48,0
2022-01-07 18:43:53,5,52,18.3,90,6.7,1009.2,1014.1,1.7,2,10,48,0
2022-01-07 18:48:53,5,52,18.3,90,6.7,1009.2,1014.1,1.7,2,10,48,0
2022-01-07 18:53:53,5,52,18.3,90,6.7,1009.2,1014.1,2,2.7,10,48,0
2022-01-07 18:58:53,5,52,18.3,91,6.7,1008.9,1013.8,3.1,3.4,8,48,0
2022-01-07 19:03:53,5,53,18.3,91,6.8,1009,1013.9,2.4,2.7,10,48,0
2022-01-07 19:08:53,5,53,18.3,91,6.9,1008.9,1013.8,2.4,2.7,10,48,0
2022-01-07 19:13:53,5,53,18.3,92,6.9,1008.9,1013.8,2.7,3.4,10,48,0
2022-01-07 19:18:53,5,53,18.3,92,7,1008.9,1013.8,2.4,2.7,10,48,0
2022-01-07 19:23:53,5,55,18.4,92,7.1,1008.7,1013.6,2.7,3.4,10,48,0
2022-01-07 19:28:53,5,56,18.4,92,7.3,1008.6,1013.5,3.1,4.1,10,48,0
2022-01-07 19:33:53,5,58,18.4,92,7.4,1008.4,1013.3,4.1,4.4,10,48,0
2022-01-07 19:38:53,5,59,18.4,88,7.5,1008.5,1013.4,3.1,4.1,10,48,0
2022-01-07 19:43:53,5,61,18.4,88,7.5,1008.6,1013.5,2.7,4.1,10,48,0
2022-01-07 19:48:53,5,62,18.5,88,7.5,1008.7,1013.6,2.4,2.7,10,48,0
2022-01-07 19:53:53,5,63,18.5,88,7.5,1008.5,1013.4,2.7,3.4,10,48,0
2022-01-07 19:58:53,5,63,18.5,92,7.4,1008.7,1013.6,3.7,4.4,10,48,0
2022-01-07 20:03:53,5,64,18.6,92,7.4,1008.5,1013.4,3.4,4.4,10,48,0
2022-01-07 20:08:53,5,65,18.6,92,7.4,1008.4,1013.3,3.1,4.4,10,48,0
2022-01-07 20:13:53,5,65,18.6,92,7.4,1008.5,1013.4,3.1,3.7,14,48,0
2022-01-07 20:18:53,5,65,18.6,92,7.4,1008.5,1013.4,2.4,3.4,8,48,0
2022-01-07 20:23:53,5,65,18.7,92,7.4,1008.4,1013.3,2,3.4,8,48,0
2022-01-07 20:28:53,5,65,18.7,88,7.5,1008.3,1013.2,2,2.4,10,48,0
2022-01-07 20:33:53,5,65,18.7,88,7.6,1008.3,1013.2,3.1,3.7,10,48,0
2022-01-07 20:38:53,5,65,18.7,88,7.6,1008,1012.9,3.1,3.7,10,48,0
2022-01-07 20:43:53,5,65,18.8,88,7.7,1007.9,1012.8,3.1,3.7,8,48,0
2022-01-07 20:48:53,5,65,18.8,88,7.7,1008.1,1013,3.1,3.7,10,48,0
2022-01-07 20:53:53,5,65,18.8,88,7.8,1008.1,1013,2.7,3.4,12,48,0
2022-01-07 20:58:53,5,65,18.9,88,7.8,1008,1012.9,3.1,3.7,10,48,0
2022-01-07 21:03:53,5,65,18.9,88,8,1007.5,1012.4,3.1,4.1,10,48,0
2022-01-07 21:08:53,5,65,18.9,88,8,1007.4,1012.3,2.7,3.4,8,48,0
2022-01-07 21:13:53,5,65,18.9,88,8,1007.4,1012.3,2.4,3.1,10,48,0
2022-01-07 21:18:53,5,65,18.9,87,8,1007.1,1012,3.1,4.1,10,48,0
2022-01-07 21:23:53,5,64,19,87,8.1,1006.8,1011.7,2.7,3.7,10,48,0
2022-01-07 21:28:53,5,63,19,87,8.2,1006.9,1011.8,3.1,4.1,8,48,0
2022-01-07 21:33:53,5,63,19,87,8.4,1006.8,1011.7,3.1,3.7,10,48,0
2022-01-07 21:38:53,5,63,19.1,86,8.5,1006.7,1011.6,2.7,3.7,10,48,0
2022-01-07 21:43:53,5,63,19.1,86,8.5,1006.6,1011.5,4.1,5.4,10,48,0
2022-01-07 21:48:53,5,63,19.1,86,8.6,1006.5,1011.4,3.7,4.8,10,48,0
2022-01-07 21:53:53,5,63,19.1,85,8.6,1006.6,1011.5,3.7,4.8,10,48,0
2022-01-07 21:58:53,5,63,19.1,85,8.6,1006.5,1011.4,3.1,4.8,8,48,0
2022-01-07 22:03:53,5,62,19.1,85,8.6,1006.4,1011.3,4.8,5.4,12,48,0
2022-01-07 22:08:53,5,62,19.1,85,8.6,1006.2,1011.1,4.4,5.1,10,48,0
2022-01-07 22:13:53,5,62,19.1,86,8.5,1006.1,1011,3.4,4.4,10,48.3,0
2022-01-07 22:18:53,5,62,19.2,86,8.4,1005.9,1010.8,3.7,4.8,10,48.3,0
2022-01-07 22:23:53,5,62,19.2,87,8.4,1005.9,1010.8,3.7,4.8,10,48.3,0
2022-01-07 22:28:53,5,62,19.2,87,8.3,1005.6,1010.5,3.4,4.4,8,48.3,0
2022-01-07 22:33:53,5,62,19.2,88,8.3,1005.5,1010.4,4.1,5.1,10,48.3,0
2022-01-07 22:38:53,5,62,19.2,88,8.4,1005.4,1010.3,3.1,3.7,10,48.3,0
2022-01-07 22:43:53,5,62,19.2,88,8.4,1005.2,1010.1,4.1,5.1,8,48.3,0
2022-01-07 22:48:53,5,62,19.2,88,8.4,1005,1009.9,3.4,4.4,10,48.3,0
2022-01-07 22:53:53,5,62,19.2,88,8.4,1005,1009.9,3.7,4.4,,48.3,0
2022-01-07 22:58:53,5,62,19.2,89,8.5,1004.8,1009.7,4.4,5.1,8,48.3,0
2022-01-07 23:03:53,5,61,19.3,89,8.6,1004.5,1009.4,2.7,3.7,10,48.3,0
2022-01-07 23:08:53,5,61,19.3,89,8.6,1004.6,1009.5,3.1,4.4,10,48.3,0
2022-01-07 23:13:53,5,61,19.3,88,8.7,1004.3,1009.2,4.4,6.1,10,48.3,0
2022-01-07 23:18:53,5,61,19.3,87,8.8,1004.3,1009.2,5.1,6.1,8,48.3,0
2022-01-07 23:23:53,5,61,19.3,86,8.8,1004,1008.9,4.8,6.1,10,48.3,0
2022-01-07 23:28:53,5,61,19.3,86,8.8,1003.9,1008.8,4.4,6.8,10,48.3,0
2022-01-07 23:33:53,5,61,19.3,85,8.9,1004,1008.9,4.4,5.1,10,48.3,0
2022-01-07 23:38:53,5,61,19.3,85,8.9,1003.6,1008.5,5.4,5.8,10,48.3,0
2022-01-07 23:43:53,5,61,19.3,84,8.9,1003.5,1008.4,5.8,6.5,8,48.3,0
2022-01-07 23:48:53,5,61,19.3,84,8.9,1003.1,1008,4.8,6.1,8,48.3,0
2022-01-07 23:53:53,5,61,19.3,85,8.8,1003.1,1008,4.1,5.4,8,48.3,0
2022-01-07 23:58:53,5,61,19.4,85,8.8,1002.9,1007.8,4.1,5.1,12,48.3,0
