2022-01-17 00:03:50,5,55,20,84,-0.1,1035.8,1040.7,0,0,0,52.8,0
2022-01-17 00:08:50,5,55,20,84,-0.1,1035.7,1040.6,0,0.3,2,52.8,0
2022-01-17 00:13:50,5,55,20,84,-0.2,1035.7,1040.6,0,0,2,52.8,0
2022-01-17 00:18:50,5,55,20,84,-0.1,1035.8,1040.7,0,0.3,4,52.8,0
2022-01-17 00:23:50,5,55,20,84,-0.3,1035.7,1040.6,0.3,0.7,4,52.8,0
2022-01-17 00:28:50,5,55,20,84,-0.5,1035.8,1040.7,0,0.3,4,52.8,0
2022-01-17 00:33:50,5,55,20,84,-0.4,1035.7,1040.6,0,0.3,1,52.8,0
2022-01-17 00:38:50,5,56,19.9,84,-0.5,1035.9,1040.8,0.3,0.7,8,52.8,0
2022-01-17 00:43:50,5,56,19.9,84,-0.2,1035.9,1040.8,0.7,1,10,52.8,0
2022-01-17 00:48:50,5,56,19.9,84,-0.3,1035.7,1040.6,0.3,0.7,4,52.8,0
2022-01-17 00:53:50,5,56,19.9,84,-0.3,1035.9,1040.8,0,0,8,52.8,0
2022-01-17 00:58:50,5,55,19.9,85,0,1035.9,1040.8,0.3,0.7,4,52.8,0
2022-01-17 01:03:50,5,55,19.8,85,0.1,1035.8,1040.7,0,0,0,52.8,0
2022-01-17 01:08:50,5,55,19.8,85,0.2,1035.8,1040.7,0,0,4,52.8,0
2022-01-17 01:13:50,5,55,19.8,85,0.1,1035.8,1040.7,0.3,0.7,8,52.8,0
2022-01-17 01:18:50,5,55,19.8,85,0,1035.6,1040.5,0.3,0.7,,52.8,0
2022-01-17 01:23:50,5,55,19.8,85,-0.1,1035.7,1040.6,0.7,1,4,52.8,0
2022-01-17 01:28:50,5,55,19.8,85,-0.2,1035.7,1040.6,0.3,0.7,4,52.8,0
2022-01-17 01:33:50,5,55,19.8,85,0,1035.7,1040.6,0.3,0.7,4,52.8,0
2022-01-17 01:38:50,5,55,19.8,85,0.3,1035.9,1040.8,0.3,0.7,4,52.8,0
2022-01-17 01:43:50,5,55,19.7,86,0.5,1035.8,1040.7,0.3,0.7,4,52.8,0
2022-01-17 01:48:50,5,54,19.7,86,0.4,1035.8,1040.7,0,0,4,52.8,0
2022-01-17 01:53:50,5,54,19.7,86,0.3,1035.9,1040.8,0,0.3,4,52.8,0
2022-01-17 01:58:50,5,54,19.7,85,0.2,1035.7,1040.6,0,0.3,2,52.8,0
2022-01-17 02:03:50,5,54,19.7,85,0,1035.8,1040.7,0,0,10,52.8,0
2022-01-17 02:08:50,5,54,19.7,85,0,1035.9,1040.8,0,0,10,52.8,0
2022-01-17 02:13:50,5,54,19.7,85,0.1,1035.8,1040.7,0.3,0.7,4,52.8,0
2022-01-17 02:18:52,5,54,19.7,85,0.2,1035.9,1040.8,0.3,0.7,4,52.8,0
2022-01-17 02:23:51,5,54,19.7,85,0.1,1035.9,1040.8,0,0.3,2,52.8,0
2022-01-17 02:28:51,5,54,19.7,85,0,1036,1040.9,0,0.3,4,52.8,0
2022-01-17 02:33:51,5,54,19.7,85,0.2,1035.8,1040.7,0.3,0.7,4,52.8,0
2022-01-17 02:38:51,5,54,19.7,85,0.1,1036.1,1041,0,0.3,4,52.8,0
2022-01-17 02:43:51,5,54,19.7,85,0,1036,1040.9,0,0,4,52.8,0
2022-01-17 02:48:51,5,54,19.7,85,-0.2,1035.9,1040.8,0.7,0.7,4,52.8,0
2022-01-17 02:53:51,5,54,19.6,85,-0.4,1036,1040.9,0.3,0.7,4,52.8,0
2022-01-17 02:58:51,5,54,19.6,85,-0.6,1036,1040.9,0,0,4,52.8,0
2022-01-17 03:03:51,5,54,19.6,84,-0.8,1035.9,1040.8,0.3,0.7,4,52.8,0
2022-01-17 03:08:51,5,54,19.6,84,-1,1036.1,1041,0,0,4,52.8,0
2022-01-17 03:13:51,5,53,19.6,84,-0.9,1036.1,1041,0.3,0.7,,52.8,0
2022-01-17 03:18:51,5,53,19.6,85,-0.3,1035.9,1040.8,0.3,0.7,,52.8,0
2022-01-17 03:23:51,5,53,19.6,85,-0.2,1036,1040.9,0,0.3,,52.8,0
2022-01-17 03:28:51,5,53,19.6,85,-0.4,1036.1,1041,0,0.3,,52.8,0
2022-01-17 03:33:51,5,53,19.5,85,-0.5,1036,1040.9,0.3,0.7,4,52.8,0
2022-01-17 03:38:51,5,53,19.6,85,-0.4,1036,1040.9,0.3,0.7,4,52.8,0
2022-01-17 03:43:51,5,53,19.6,85,-0.2,1035.9,1040.8,0.3,0.7,4,52.8,0
2022-01-17 03:48:51,5,53,19.5,85,-0.1,1035.9,1040.8,0.3,0.7,4,52.8,0
2022-01-17 03:53:51,5,53,19.5,85,0,1036,1040.9,0.3,0.7,4,52.8,0
2022-01-17 03:58:51,5,53,19.5,85,0.1,1036,1040.9,0.3,1,4,52.8,0
2022-01-17 04:03:51,5,53,19.5,86,0.4,1035.9,1040.8,0.3,0.7,4,52.8,0
2022-01-17 04:08:51,5,53,19.5,86,0.4,1035.8,1040.7,0,0,2,52.8,0
2022-01-17 04:13:51,5,53,19.5,86,0.2,1035.8,1040.7,0,0.3,4,52.8,0
2022-01-17 04:18:51,5,53,19.5,86,0.1,1036,1040.9,0,0.3,,52.8,0
2022-01-17 04:23:51,5,52,19.4,86,0.2,1035.8,1040.7,0.3,0.7,4,52.8,0
2022-01-17 04:28:51,5,52,19.4,86,0.2,1035.7,1040.6,0,0,4,52.8,0
2022-01-17 04:33:51,5,52,19.4,85,0,1035.5,1040.4,0,0.3,,52.8,0
2022-01-17 04:38:51,5,52,19.4,85,-0.1,1035.8,1040.7,0,0,,52.8,0
2022-01-17 04:43:51,5,52,19.4,85,-0.1,1035.9,1040.8,0,0.3,8,52.8,0
2022-01-17 04:48:51,5,52,19.4,85,0.1,1035.7,1040.6,0.3,0.7,8,52.8,0
2022-01-17 04:53:51,5,52,19.3,85,0,1035.8,1040.7,0.7,1,4,52.8,0
2022-01-17 04:58:51,5,52,19.4,85,0,1035.7,1040.6,0.3,0.3,4,52.8,0
2022-01-17 05:03:51,5,52,19.3,85,0,1035.7,1040.6,0,0,4,52.8,0
2022-01-17 05:08:51,5,52,19.3,85,0,1035.4,1040.3,0,0.3,2,52.8,0
2022-01-17 05:13:51,5,52,19.3,85,-0.1,1035.4,1040.3,0,0.3,2,52.8,0
2022-01-17 05:18:51,5,52,19.3,85,-0.4,1035.6,1040.5,0.3,0.7,1,52.8,0
2022-01-17 05:23:51,5,52,19.3,85,-0.5,1035.5,1040.4,0.3,0.7,4,52.8,0
2022-01-17 05:28:51,5,52,19.3,85,-0.3,1035.7,1040.6,0.3,0.3,,52.8,0
2022-01-17 05:33:51,5,52,19.3,85,-0.4,1035.7,1040.6,0,0.3,2,52.8,0
2022-01-17 05:38:51,5,52,19.2,85,-0.7,1035.8,1040.7,0.3,0.3,2,52.8,0
2022-01-17 05:43:51,5,52,19.2,85,-0.7,1035.6,1040.5,0,0.3,4,52.8,0
2022-01-17 05:48:51,5,52,19.2,85,-0.5,1035.6,1040.5,0,0.3,8,52.8,0
2022-01-17 05:53:51,5,52,19.2,85,-0.5,1035.6,1040.5,0.3,0.7,8,52.8,0
2022-01-17 05:58:51,5,52,19.2,85,-0.6,1035.5,1040.4,0.7,1,2,52.8,0
2022-01-17 06:03:51,5,52,19.2,85,-0.6,1035.3,1040.2,0.3,1,2,52.8,0
2022-01-17 06:08:51,5,51,19.2,85,-0.6,1035.6,1040.5,0.7,1,10,52.8,0
2022-01-17 06:13:51,5,51,19.2,85,-0.7,1035.3,1040.2,0,0.3,10,52.8,0
2022-01-17 06:18:51,5,51,19.2,84,-1.2,1035.4,1040.3,0,0,2,52.8,0
2022-01-17 06:23:51,5,51,19.2,84,-1.4,1035.4,1040.3,0,0.3,2,52.8,0
2022-01-17 06:28:51,5,51,19.2,83,-1.7,1035.6,1040.5,0.3,0.7,2,52.8,0
2022-01-17 06:33:51,5,51,19.2,83,-1.8,1035.4,1040.3,0,0.3,2,52.8,0
2022-01-17 06:38:51,5,51,19.1,83,-1.9,1035.8,1040.7,0.3,0.3,2,52.8,0
2022-01-17 06:43:51,5,51,19.2,83,-1.7,1036.3,1041.2,0,0.7,4,52.8,0
2022-01-17 06:48:51,5,51,19.1,84,-1.5,1036.2,1041.1,0,0.3,2,52.8,0
2022-01-17 06:53:51,5,51,19.1,84,-1.3,1036,1040.9,0.3,0.7,2,52.8,0
2022-01-17 06:58:51,5,51,19.1,84,-1,1035.7,1040.6,0.7,1,4,52.8,0
2022-01-17 07:03:51,5,51,19.1,85,-0.8,1035.6,1040.5,0,0.3,4,52.8,0
2022-01-17 07:08:51,5,51,19.1,85,-0.5,1035.7,1040.6,1,1.4,0,52.8,0
2022-01-17 07:13:51,5,51,19.1,85,-0.4,1035.7,1040.6,0.3,0.7,2,52.8,0
2022-01-17 07:18:51,5,51,19.1,85,-0.6,1035.7,1040.6,0.3,0.7,2,52.8,0
2022-01-17 07:23:51,5,51,19.1,85,-0.9,1035.9,1040.8,0.7,1,2,52.8,0
2022-01-17 07:28:51,5,51,19.1,85,-1.3,1035.9,1040.8,0.7,1.4,2,52.8,0
2022-01-17 07:33:51,5,51,19.1,84,-1.4,1035.7,1040.6,0.7,1,2,52.8,0
2022-01-17 07:38:51,5,51,19.1,84,-1.5,1035.7,1040.6,0.7,1,2,52.8,0
2022-01-17 07:43:51,5,51,19.1,84,-1.6,1035.8,1040.7,0.3,0.7,2,52.8,0
2022-01-17 07:48:51,5,51,19,84,-1.6,1035.7,1040.6,0.7,1,2,52.8,0
2022-01-17 07:53:51,5,51,19,84,-1.5,1035.4,1040.3,0.7,1,2,52.8,0
2022-01-17 07:58:51,5,51,19,84,-1.6,1035.7,1040.6,0.7,1,2,52.8,0
2022-01-17 08:03:51,5,51,19,84,-1.9,1035.4,1040.3,0.7,1,2,52.8,0
2022-01-17 08:08:51,5,51,19,84,-2,1035.5,1040.4,0.7,0.7,2,52.8,0
2022-01-17 08:13:51,5,51,19,84,-2.2,1035.7,1040.6,0,0.3,2,52.8,0
2022-01-17 08:18:51,5,51,19,84,-2.3,1035.6,1040.5,0,0.3,2,52.8,0
2022-01-17 08:23:51,5,50,19,84,-2.1,1035.6,1040.5,1,1.4,4,52.8,0
2022-01-17 08:28:51,5,50,19,85,-1.7,1035.8,1040.7,0.7,1.4,4,52.8,0
2022-01-17 08:33:51,5,50,19,85,-1.5,1035.7,1040.6,0.7,1,4,52.8,0
2022-01-17 08:38:51,5,51,18.9,85,-1.1,1035.9,1040.8,1,1,4,52.8,0
2022-01-17 08:43:51,5,51,18.9,86,-0.7,1036,1040.9,1,1.4,4,52.8,0
2022-01-17 08:48:51,5,51,18.9,86,-0.5,1036,1040.9,0.7,1.4,4,52.8,0
2022-01-17 08:53:51,5,51,18.9,86,-0.5,1036,1040.9,1,1.7,4,52.8,0
2022-01-17 08:58:50,5,51,18.9,86,-0.5,1036,1040.9,1,1.4,4,52.8,0
2022-01-17 09:03:50,5,51,18.9,86,-0.5,1036.1,1041,1.4,1.7,4,52.8,0
2022-01-17 09:08:50,5,51,18.9,86,-0.5,1035.9,1040.8,1,1.4,4,52.8,0
2022-01-17 09:13:50,5,51,18.9,86,-0.4,1035.8,1040.7,0.7,1,4,52.8,0
2022-01-17 09:18:50,5,51,18.9,86,-0.3,1035.8,1040.7,1,1.4,4,52.8,0
2022-01-17 09:23:50,5,52,18.9,87,0,1036.2,1041.1,1,1.4,4,52.8,0
2022-01-17 09:28:50,5,52,18.9,87,0,1036.1,1041,0.7,1,4,52.8,0
2022-01-17 09:33:50,5,52,18.9,86,0,1036.1,1041,1,1.4,4,52.8,0
2022-01-17 09:38:50,5,51,19,86,0.2,1036.2,1041.1,1,1,4,52.8,0
2022-01-17 09:43:50,5,52,19.1,86,0.2,1036.1,1041,0.3,1,0,52.8,0
2022-01-17 09:48:50,5,52,19.1,86,0.3,1036,1040.9,0.3,0.7,4,52.8,0
2022-01-17 09:53:50,5,52,19.2,86,0.4,1036.1,1041,0.7,1,2,52.8,0
2022-01-17 09:58:50,5,52,19.3,86,0.4,1036.1,1041,0.7,1,4,52.8,0
2022-01-17 10:03:50,5,52,19.4,86,0.8,1036,1040.9,1,1.4,4,52.8,0
2022-01-17 10:08:50,5,52,19.4,86,1.1,1036.1,1041,1,1.4,0,52.8,0
2022-01-17 10:13:50,5,53,19.6,86,1.3,1036.1,1041,0,0.3,4,52.8,0
2022-01-17 10:18:50,5,53,19.7,86,1.3,1036,1040.9,0.7,1.4,0,52.8,0
2022-01-17 10:23:50,5,53,19.7,86,1.6,1036.1,1041,1,1.4,4,52.8,0
2022-01-17 10:28:50,5,53,19.8,86,2,1035.9,1040.8,1.4,1.7,4,52.8,0
2022-01-17 10:33:50,5,53,19.9,85,2.5,1036.2,1041.1,1,1.7,2,52.8,0
2022-01-17 10:38:50,5,53,19.9,83,2.3,1036.2,1041.1,0.7,1.7,4,52.8,0
2022-01-17 10:43:50,5,52,20,82,2.1,1036.1,1041,0.7,1.4,0,52.8,0
2022-01-17 10:48:50,5,52,20,82,2,1036.2,1041.1,1,1.4,0,52.8,0
2022-01-17 10:53:50,5,52,20.1,82,2.3,1036,1040.9,1.4,2,0,52.8,0
2022-01-17 10:58:50,5,52,20.1,81,2.5,1036.2,1041.1,1,1.7,0,52.8,0
2022-01-17 11:03:50,5,51,20.1,81,2.9,1036.1,1041,1.7,2,4,52.8,0
2022-01-17 11:08:50,5,51,20,80,3,1036.3,1041.2,1.7,2.4,4,52.8,0
2022-01-17 11:13:50,5,51,20,80,3.3,1036.2,1041.1,1,1.7,4,52.8,0
2022-01-17 11:18:50,5,51,20,80,3.5,1036.2,1041.1,1.7,2,4,52.8,0
2022-01-17 11:23:50,5,52,20,80,3.6,1036.2,1041.1,1.4,2,4,52.8,0
2022-01-17 11:28:50,5,52,20,80,3.7,1036.1,1041,0.7,1,4,52.8,0
2022-01-17 11:33:50,5,52,20,80,4,1036.3,1041.2,0.3,0.7,2,52.8,0
2022-01-17 11:38:50,5,52,20,80,4.1,1036.1,1041,0.3,0.7,2,52.8,0
2022-01-17 11:43:50,5,52,20.1,79,4,1036,1040.9,0.7,1.4,2,52.8,0
2022-01-17 11:48:50,5,52,20.1,80,4.3,1036,1040.9,0,0.3,2,52.8,0
2022-01-17 11:53:50,5,52,20.1,80,4.8,1036,1040.9,0,0.7,4,52.8,0
2022-01-17 11:58:50,5,52,20.1,80,5,1036.1,1041,1,1.7,0,52.8,0
2022-01-17 12:03:50,5,52,20.1,79,4.8,1036,1040.9,0.7,1,2,52.8,0
2022-01-17 12:08:50,5,52,20.1,80,5,1035.9,1040.8,0.7,1.4,4,52.8,0
2022-01-17 12:13:50,5,52,20.1,80,5.2,1035.8,1040.7,0.7,0.7,4,52.8,0
2022-01-17 12:18:50,5,52,20.2,81,5.6,1035.8,1040.7,1.7,2,4,52.8,0
2022-01-17 12:23:50,5,52,20.2,81,5.9,1035.7,1040.6,1,1.7,4,52.8,0
2022-01-17 12:28:50,5,51,20.1,81,6.2,1035.6,1040.5,2,3.1,14,52.8,0
2022-01-17 12:33:50,5,51,20.1,81,6.3,1035.6,1040.5,2,2.7,4,52.8,0
2022-01-17 12:38:50,5,52,20.2,81,6.6,1035.7,1040.6,1.7,2,8,52.8,0
2022-01-17 12:43:50,5,52,20.1,81,7,1035.6,1040.5,1,2,,52.8,0
2022-01-17 12:48:50,5,52,20.2,80,7,1035.5,1040.4,2,3.4,2,52.8,0
2022-01-17 12:53:50,5,52,20.2,80,7.1,1035.4,1040.3,0.7,1,0,52.8,0
2022-01-17 12:58:50,5,52,20.2,74,7.5,1035.1,1040,1.4,2,4,52.8,0
2022-01-17 13:03:50,5,52,20.3,73,7.5,1035,1039.9,0.7,1.4,4,52.8,0
2022-01-17 13:08:50,5,52,20.3,73,8,1035.1,1040,1,1.4,4,52.8,0
2022-01-17 13:13:50,5,52,20.2,72,7.8,1035.4,1040.3,1.4,1.7,10,52.8,0
2022-01-17 13:18:50,5,52,20.2,72,7.5,1035.1,1040,1,1.4,4,52.8,0
2022-01-17 13:23:50,5,52,20.2,74,8.1,1035.2,1040.1,0.7,1,10,52.8,0
2022-01-17 13:28:50,5,52,20.1,72,8.2,1035.1,1040,2,2.7,12,52.8,0
2022-01-17 13:33:50,5,52,20.2,72,8.1,1034.9,1039.8,2,3.1,4,52.8,0
2022-01-17 13:38:50,5,53,20.2,72,8.2,1034.9,1039.8,2.7,4.4,4,52.8,0
2022-01-17 13:43:50,5,53,20.1,72,8,1034.9,1039.8,0.7,1.7,2,52.8,0
2022-01-17 13:48:50,5,53,20.2,73,7.9,1034.8,1039.7,1.7,3.1,2,52.8,0
2022-01-17 13:53:50,5,52,20.1,73,7.9,1034.9,1039.8,2,2.7,4,52.8,0
2022-01-17 13:58:50,5,52,20.1,74,8.1,1034.8,1039.7,1.7,2.7,14,52.8,0
2022-01-17 14:03:50,5,52,20.1,73,8,1035,1039.9,1.7,2.4,,52.8,0
2022-01-17 14:08:50,5,52,20.1,73,7.8,1035.2,1040.1,1.4,2,4,52.8,0
2022-01-17 14:13:50,5,52,20.1,73,7.6,1034.8,1039.7,2.7,3.7,,52.8,0
2022-01-17 14:18:50,5,53,20.1,80,7.1,1034.4,1039.3,2,3.1,4,52.8,0
2022-01-17 14:23:50,5,53,20.1,81,6.9,1034.2,1039.1,1,1.4,4,52.8,0
2022-01-17 14:28:50,5,53,20.1,81,6.9,1034.3,1039.2,0.3,0.7,4,52.8,0
2022-01-17 14:33:50,5,53,20.1,82,7.1,1034.3,1039.2,0,0.3,8,52.8,0
2022-01-17 14:38:50,5,53,20.1,82,7.2,1034.3,1039.2,0.7,1,2,52.8,0
2022-01-17 14:43:50,5,53,20.1,76,7.5,1034.4,1039.3,0.7,1.4,4,52.8,0
2022-01-17 14:48:50,5,53,20.1,76,7.9,1034.3,1039.2,1.4,1.7,4,52.8,0
2022-01-17 14:53:50,5,53,20.1,75,7.8,1034.2,1039.1,2,2.4,2,52.8,0
2022-01-17 14:58:50,5,53,20.2,75,7.6,1034,1038.9,1,1.7,,52.8,0
2022-01-17 15:03:50,5,53,20.2,76,7.6,1034,1038.9,1,1.4,4,52.8,0
2022-01-17 15:08:50,5,53,20.2,76,7.9,1034.1,1039,1.4,1.7,4,52.8,0
2022-01-17 15:13:50,5,53,20.3,76,8,1034.1,1039,1.4,1.7,4,52.8,0
2022-01-17 15:18:50,5,53,20.4,75,8,1034.1,1039,1.4,2,4,52.8,0
2022-01-17 15:23:50,5,53,20.4,75,8,1034.2,1039.1,1.4,2,4,52.8,0
2022-01-17 15:28:50,5,53,20.4,75,8,1034,1038.9,1.7,2.7,4,52.8,0
2022-01-17 15:33:50,5,53,20.5,75,8,1034,1038.9,1.4,2,8,52.8,0
2022-01-17 15:38:50,5,53,20.5,75,8.1,1034,1038.9,1.4,1.7,,52.8,0
2022-01-17 15:43:50,5,53,20.6,74,8,1033.8,1038.7,1.7,2.4,4,52.8,0
2022-01-17 15:48:50,5,53,20.6,74,8,1033.8,1038.7,1.7,2,4,52.8,0
2022-01-17 15:53:50,5,53,20.6,75,8.1,1034.1,1039,1,1.7,4,52.8,0
2022-01-17 15:58:50,5,53,20.6,74,8.1,1034,1038.9,0.7,1,2,52.8,0
2022-01-17 16:03:50,5,53,20.6,74,8.1,1033.9,1038.8,0.7,1,4,52.8,0
2022-01-17 16:08:50,5,53,20.6,74,7.6,1033.9,1038.8,1.4,2,4,52.8,0
2022-01-17 16:13:50,5,53,20.6,80,7.2,1033.9,1038.8,0.7,1,4,52.8,0
2022-01-17 16:18:50,5,53,20.6,81,7,1034.1,1039,1,1,4,52.8,0
2022-01-17 16:23:50,5,53,20.6,81,6.8,1034,1038.9,1.4,1.7,,52.8,0
2022-01-17 16:28:50,5,52,20.6,81,6.7,1033.9,1038.8,0.7,1.4,4,52.8,0
2022-01-17 16:33:50,5,52,20.6,82,6.5,1033.9,1038.8,1,1.7,0,52.8,0
2022-01-17 16:38:50,5,53,20.6,82,6.2,1034,1038.9,1,1.4,0,52.8,0
2022-01-17 16:43:50,5,53,20.6,82,6,1033.9,1038.8,0.3,0.7,2,52.8,0
2022-01-17 16:48:50,5,53,20.6,82,5.8,1033.8,1038.7,1,1.4,4,52.8,0
2022-01-17 16:53:50,5,52,20.6,82,5.5,1033.7,1038.6,1,1.7,2,52.8,0
2022-01-17 16:58:50,5,52,20.6,84,5.3,1033.7,1038.6,1,1.7,0,52.8,0
2022-01-17 17:03:50,5,52,20.5,84,5.1,1033.8,1038.7,1,1.4,10,52.8,0
2022-01-17 17:08:50,5,51,20.5,84,5,1033.7,1038.6,0.7,1.4,4,52.8,0
2022-01-17 17:13:50,5,51,20.4,85,5.2,1033.6,1038.5,1.7,2.4,4,52.8,0
2022-01-17 17:18:50,5,51,20.3,86,5.1,1033.7,1038.6,1.4,1.4,4,52.8,0
2022-01-17 17:23:50,5,51,20.2,86,5.1,1033.7,1038.6,0.7,1,4,52.8,0
2022-01-17 17:28:50,5,51,20.1,86,5.1,1033.6,1038.5,0.3,0.7,12,52.8,0
2022-01-17 17:33:50,5,51,20.1,86,5.1,1033.5,1038.4,1.7,2.7,2,52.8,0
2022-01-17 17:38:50,5,51,20,88,5.8,1033.2,1038.1,2.7,3.7,2,52.8,0
2022-01-17 17:43:50,5,52,19.9,88,6,1033.3,1038.2,2,3.1,4,52.8,0
2022-01-17 17:48:50,5,52,19.9,88,6.2,1033.3,1038.2,1.4,2.4,2,52.8,0
2022-01-17 17:53:50,5,52,19.9,88,6.3,1033.3,1038.2,0.7,1.4,4,52.8,0
2022-01-17 17:58:50,5,52,19.7,87,6.2,1033.3,1038.2,0.7,1,2,52.8,0
2022-01-17 18:03:50,5,52,19.7,86,5.8,1033.4,1038.3,1,1.7,0,52.8,0
2022-01-17 18:08:50,5,52,19.7,86,5.7,1033.4,1038.3,1.4,1.7,4,52.8,0
2022-01-17 18:13:50,5,52,19.6,85,5.3,1033.5,1038.4,1,1.4,8,52.8,0
2022-01-17 18:18:50,5,52,19.6,85,5.2,1033.5,1038.4,1.4,2,4,52.8,0
2022-01-17 18:23:50,5,52,19.5,85,5,1033.4,1038.3,2,2.7,,52.8,0
2022-01-17 18:28:50,5,52,19.5,86,5,1033.3,1038.2,1.4,1.7,4,52.8,0
2022-01-17 18:33:50,5,52,19.4,86,4.8,1033.6,1038.5,1.4,2.4,4,52.8,0
2022-01-17 18:38:50,5,52,19.4,87,4.9,1033.4,1038.3,2,2.4,4,52.8,0
2022-01-17 18:43:50,5,52,19.3,88,5.1,1033.4,1038.3,1,1.4,8,52.8,0
2022-01-17 18:48:50,5,53,19.3,89,5.7,1033.3,1038.2,1.7,2.4,8,52.8,0
2022-01-17 18:53:50,5,53,19.3,90,6.1,1033.4,1038.3,1.7,2,8,52.8,0
2022-01-17 18:58:50,5,53,19.2,90,6.5,1033.5,1038.4,1.7,2.7,2,52.8,0
2022-01-17 19:03:50,5,53,19.2,89,6.5,1033.4,1038.3,1.4,2,4,52.8,0
2022-01-17 19:08:50,5,53,19.2,87,6.3,1033.4,1038.3,1.4,2.4,2,52.8,0
2022-01-17 19:13:50,5,53,19.2,86,5.8,1033.2,1038.1,0.7,1.4,2,52.8,0
2022-01-17 19:18:50,5,53,19.1,86,5.7,1033.3,1038.2,1,1.7,2,52.8,0
2022-01-17 19:23:50,5,53,19.1,86,5.8,1033.3,1038.2,0.7,1,8,52.8,0
2022-01-17 19:28:50,5,54,19.1,87,5.8,1033.3,1038.2,0.7,1,4,52.8,0
2022-01-17 19:33:50,5,54,19.1,86,5.7,1033.3,1038.2,0.3,0.7,0,52.8,0
2022-01-17 19:38:50,5,54,19.1,86,5.5,1033.4,1038.3,0,0.7,4,52.8,0
2022-01-17 19:43:50,5,54,19.2,86,5.4,1033.4,1038.3,0.3,0.7,4,52.8,0
2022-01-17 19:48:50,5,55,19.2,87,5.5,1033.5,1038.4,0,0.7,4,52.8,0
2022-01-17 19:53:50,5,55,19.3,87,5.5,1033.3,1038.2,1,1.4,,52.8,0
2022-01-17 19:58:50,5,55,19.4,87,5.6,1033.3,1038.2,1.4,1.7,,52.8,0
2022-01-17 20:03:50,5,55,19.4,88,5.8,1033.4,1038.3,1.4,1.7,4,52.8,0
2022-01-17 20:08:50,5,56,19.5,88,5.8,1033.3,1038.2,1.4,1.7,4,52.8,0
2022-01-17 20:13:50,5,56,19.6,88,6.2,1033.4,1038.3,1.7,2,4,52.8,0
2022-01-17 20:18:50,5,56,19.6,88,6.2,1033.3,1038.2,1,1.7,8,52.8,0
2022-01-17 20:23:50,5,56,19.7,88,6.3,1033.3,1038.2,1.7,2,4,52.8,0
2022-01-17 20:28:50,5,56,19.7,87,6.2,1033.3,1038.2,1.7,2,4,52.8,0
2022-01-17 20:33:50,5,56,19.8,87,6,1033.3,1038.2,1,1.7,2,52.8,0
2022-01-17 20:38:50,5,56,19.8,86,5.7,1033.4,1038.3,0.3,0.7,4,52.8,0
2022-01-17 20:43:50,5,56,19.8,86,5.5,1033.4,1038.3,0.7,1,4,52.8,0
2022-01-17 20:48:50,5,56,19.9,86,5.4,1033.4,1038.3,1.7,2.7,4,52.8,0
2022-01-17 20:53:50,5,56,19.9,87,5.8,1033.2,1038.1,2.7,3.7,,52.8,0
2022-01-17 20:58:50,5,54,20,89,6.1,1033.2,1038.1,1,1.4,,52.8,0
2022-01-17 21:03:50,5,54,20,88,6.1,1033.2,1038.1,1.4,2,2,52.8,0
2022-01-17 21:08:50,5,54,20,88,6.2,1033,1037.9,1,1.4,4,52.8,0
2022-01-17 21:13:50,5,55,20,88,6.3,1033.1,1038,1.7,3.1,8,52.8,0
2022-01-17 21:18:50,5,55,20.1,88,6.4,1033.2,1038.1,2,3.7,8,52.8,0
2022-01-17 21:23:50,5,55,20.1,88,6.3,1033.2,1038.1,1.4,3.1,0,52.8,0
2022-01-17 21:28:50,5,55,20.1,88,6.4,1032.9,1037.8,1.4,2,10,52.8,0
2022-01-17 21:33:50,5,55,20.1,87,6.4,1033,1037.9,3.7,4.4,,52.8,0
2022-01-17 21:38:50,5,55,20.2,87,6.3,1032.8,1037.7,3.1,4.1,4,52.8,0
2022-01-17 21:43:50,5,55,20.2,87,6.3,1032.8,1037.7,4.1,5.1,4,52.8,0
2022-01-17 21:48:50,5,55,20.2,88,6.4,1032.7,1037.6,4.1,6.1,4,52.8,0
2022-01-17 21:53:50,5,55,20.2,88,6.4,1032.8,1037.7,3.1,4.1,4,52.8,0
2022-01-17 21:58:50,5,54,20.3,88,6.5,1032.7,1037.6,3.7,4.4,4,52.8,0
2022-01-17 22:03:50,5,54,20.2,87,6.5,1032.5,1037.4,2.4,3.1,4,52.8,0
2022-01-17 22:08:50,5,54,20.2,87,6.5,1032.6,1037.5,3.1,4.1,2,52.8,0
2022-01-17 22:13:50,5,54,20.2,87,6.5,1032.3,1037.2,3.4,4.4,4,52.8,0
2022-01-17 22:18:50,5,54,20.1,87,6.4,1032.6,1037.5,2.4,3.4,4,52.8,0
2022-01-17 22:23:50,5,54,20.1,87,6.4,1032.5,1037.4,2,3.7,4,52.8,0
2022-01-17 22:28:50,5,54,20.1,87,6.4,1032.5,1037.4,3.1,4.4,4,52.8,0
2022-01-17 22:33:50,5,54,20.1,87,6.4,1032.6,1037.5,2.7,3.4,4,52.8,0
2022-01-17 22:38:50,5,54,20.1,87,6.3,1032.5,1037.4,2.7,3.4,,52.8,0
2022-01-17 22:43:50,5,54,20.1,87,6.2,1032.6,1037.5,3.4,4.4,4,52.8,0
2022-01-17 22:48:50,5,54,20.1,87,6.2,1032.5,1037.4,3.4,4.4,4,52.8,0
2022-01-17 22:53:50,5,54,20,87,6.2,1032.7,1037.6,3.7,4.8,,52.8,0
2022-01-17 22:58:50,5,54,20,88,6.3,1032.6,1037.5,3.1,3.7,4,52.8,0
2022-01-17 23:03:50,5,54,20,88,6.4,1032.6,1037.5,2.4,3.1,4,52.8,0
2022-01-17 23:08:50,5,54,20,88,6.6,1032.5,1037.4,3.1,3.7,4,52.8,0
2022-01-17 23:13:50,5,54,20,88,6.5,1032.5,1037.4,2,2.4,4,52.8,0
2022-01-17 23:18:50,5,55,19.9,88,6.5,1032.4,1037.3,2.4,3.1,4,52.8,0
2022-01-17 23:23:50,5,55,19.9,88,6.5,1032.5,1037.4,2.7,3.4,4,52.8,0
2022-01-17 23:28:50,5,55,19.9,88,6.4,1032.5,1037.4,2.4,3.1,4,52.8,0
2022-01-17 23:33:50,5,55,19.9,88,6.5,1032.5,1037.4,2.4,3.7,0,52.8,0
2022-01-17 23:38:50,5,55,19.9,88,6.5,1032.4,1037.3,2,2.7,4,52.8,0
2022-01-17 23:43:50,5,55,19.8,88,6.5,1032.5,1037.4,2.4,3.1,,52.8,0
2022-01-17 23:48:50,5,55,19.8,88,6.6,1032.4,1037.3,3.1,3.4,,52.8,0
2022-01-17 23:53:50,5,55,19.8,88,6.5,1032.5,1037.4,3.1,4.1,4,52.8,0
2022-01-17 23:58:50,5,55,19.8,88,6.5,1032.4,1037.3,3.1,4.4,4,52.8,0
