2022-10-15 00:00:43,5,62,20.6,81,9.5,995.5,1000.4,3.1,4.1,10,114.6,0
2022-10-15 00:05:43,5,62,20.6,79,8.9,995.4,1000.3,0.7,1.4,10,114.6,0
2022-10-15 00:10:43,5,62,20.7,80,8.3,995.3,1000.2,2.4,3.4,8,116.1,0
2022-10-15 00:15:43,5,62,20.6,80,8,995.6,1000.5,2,2.4,10,116.4,0
2022-10-15 00:20:43,5,62,20.6,81,7.9,995.5,1000.4,2,3.4,10,117,0
2022-10-15 00:25:43,5,62,20.6,83,8.1,995.5,1000.4,2,2.7,10,117.3,0
2022-10-15 00:30:43,5,62,20.6,84,8.3,995.3,1000.2,1.7,2,10,117.3,0
2022-10-15 00:35:43,5,62,20.5,85,8.3,995.3,1000.2,1.7,2,10,117.3,0
2022-10-15 00:40:43,5,62,20.6,86,8.3,995.3,1000.2,1.7,2,12,117.6,0
2022-10-15 00:45:43,5,62,20.6,86,8.3,995,999.9,1.7,2,10,117.6,0
2022-10-15 00:50:43,5,62,20.5,87,8.3,994.8,999.7,1.4,1.7,10,117.9,0
2022-10-15 00:55:43,5,62,20.6,87,8.3,994.8,999.7,1.4,2,10,118.2,0
2022-10-15 01:00:43,5,62,20.6,87,8.3,995,999.9,2.7,3.7,10,118.2,0
2022-10-15 01:05:43,5,62,20.6,88,8.4,994.8,999.7,2.7,3.4,10,118.5,0
2022-10-15 01:10:43,5,62,20.5,88,8.3,994.6,999.5,3.7,4.4,10,118.8,0
2022-10-15 01:15:43,5,62,20.6,88,8.3,994.8,999.7,2,2.4,10,118.8,0
2022-10-15 01:20:43,5,62,20.5,88,8.3,994.7,999.6,3.4,4.4,8,118.8,0
2022-10-15 01:25:43,5,62,20.5,88,8.3,994.6,999.5,2.4,3.1,8,118.8,0
2022-10-15 01:30:43,5,62,20.5,88,8.3,994.5,999.4,1.7,2.4,12,118.8,0
2022-10-15 01:35:43,5,62,20.5,88,8.3,994.3,999.2,2.4,3.1,10,118.8,0
2022-10-15 01:40:43,5,62,20.5,88,8.3,994.2,999.1,2,2.7,10,118.8,0
2022-10-15 01:45:43,5,62,20.5,88,8.4,993.5,998.4,1,1.4,10,119.1,0
2022-10-15 01:50:43,5,62,20.4,88,8.4,993.9,998.8,1.4,1.7,10,119.1,0
2022-10-15 01:55:43,5,62,20.5,88,8.4,993.7,998.6,1.4,1.7,10,119.1,0
2022-10-15 02:00:43,5,62,20.5,88,8.4,993.6,998.5,1.7,2.4,8,119.1,0
2022-10-15 02:05:43,5,61,20.4,88,8.4,993.5,998.4,1.7,2.4,12,119.1,0
2022-10-15 02:10:43,5,61,20.4,88,8.4,993.8,998.7,2,2.7,10,119.4,0
2022-10-15 02:15:43,5,61,20.4,88,8.4,994,998.9,2,2.4,8,120,0
2022-10-15 02:20:43,5,61,20.4,88,8.3,993.8,998.7,1.4,2,12,120.3,0
2022-10-15 02:25:43,5,61,20.3,88,8.1,993.8,998.7,2.7,3.7,10,120.3,0
2022-10-15 02:30:43,5,61,20.3,87,7.8,993.8,998.7,1.7,2.4,10,120.3,0
2022-10-15 02:35:43,5,61,20.3,87,7.6,993.6,998.5,1.7,2,10,120.3,0
2022-10-15 02:40:43,5,61,20.3,87,7.5,993.6,998.5,1.7,2,8,120.3,0
2022-10-15 02:45:43,5,61,20.3,91,7.3,993.5,998.4,1.4,1.7,10,120.3,0
2022-10-15 02:50:43,5,61,20.3,91,7.1,993.5,998.4,2,3.1,8,120.3,0
2022-10-15 02:55:43,5,61,20.3,91,7,993.5,998.4,1.4,1.7,10,120.3,0
2022-10-15 03:00:43,5,61,20.3,91,6.9,993.5,998.4,1.4,1.7,12,120.3,0
2022-10-15 03:05:43,5,61,20.3,91,6.8,993.4,998.3,1.4,2,10,120.3,0
2022-10-15 03:10:43,5,61,20.3,91,6.8,993.3,998.2,1.4,2,10,120.3,0
2022-10-15 03:15:43,5,61,20.2,91,6.8,993.3,998.2,1.7,2.4,12,120.3,0
2022-10-15 03:20:43,5,61,20.2,91,6.9,993.2,998.1,2,2.4,8,120.3,0
2022-10-15 03:25:43,5,61,20.2,91,7,993.2,998.1,1.7,2.7,10,120.3,0
2022-10-15 03:30:43,5,61,20.2,91,7.1,993.2,998.1,2,2.4,8,120.3,0
2022-10-15 03:35:43,5,61,20.2,92,7.1,993.3,998.2,2,3.1,10,120.3,0
2022-10-15 03:40:43,5,61,20.2,92,7.2,993.2,998.1,1.4,2,8,120.3,0
2022-10-15 03:45:43,5,61,20.2,92,7.1,993,997.9,1,1.4,8,120.3,0
2022-10-15 03:50:43,5,61,20.1,92,7.1,992.8,997.7,1,1.7,8,120.3,0
2022-10-15 03:55:43,5,61,20.1,92,6.9,992.7,997.6,0.7,1,10,120.3,0
2022-10-15 04:00:43,5,61,20.1,91,6.8,992.7,997.6,1,1.7,8,120.3,0
2022-10-15 04:05:43,5,61,20.1,91,6.7,992.7,997.6,1.4,1.7,10,120.3,0
2022-10-15 04:10:43,5,61,20.1,91,6.8,992.7,997.6,2,2.7,8,120.3,0
2022-10-15 04:15:43,5,61,20.1,92,6.9,992.6,997.5,1.4,2,10,120.3,0
2022-10-15 04:20:43,5,61,20.1,92,7,992.6,997.5,2,3.1,8,120.3,0
2022-10-15 04:25:43,5,61,20.1,92,7.1,992.6,997.5,1.7,2.4,8,120.3,0
2022-10-15 04:30:43,5,61,20.1,92,7.1,992.8,997.7,2,2.7,10,120.3,0
2022-10-15 04:35:43,5,61,20,92,7.3,992.8,997.7,2.4,3.4,8,120.3,0
2022-10-15 04:40:43,5,61,20,92,7.4,992.7,997.6,2.7,3.7,8,120.3,0
2022-10-15 04:45:43,5,61,20,88,7.6,992.5,997.4,2.7,3.4,10,120.3,0
2022-10-15 04:50:43,5,61,20,87,7.8,992.5,997.4,2.4,3.1,10,120.3,0
2022-10-15 04:55:43,5,61,20,87,7.8,992.5,997.4,2.4,3.1,9,120.3,0
2022-10-15 05:00:43,5,61,20,87,7.8,992.3,997.2,2.7,3.7,10,120.3,0
2022-10-15 05:05:43,5,61,20,86,7.9,992.3,997.2,2.7,3.1,10,120.3,0
2022-10-15 05:10:43,5,61,20,86,8,992.3,997.2,3.1,3.4,8,120.3,0
2022-10-15 05:15:43,5,61,20,85,8.1,992.5,997.4,3.1,3.7,8,120.3,0
2022-10-15 05:20:43,5,61,20,84,8.1,992.7,997.6,3.4,4.1,10,120.6,0
2022-10-15 05:25:43,5,61,20,84,8.1,992.4,997.3,2.7,3.7,8,120.6,0
2022-10-15 05:30:43,5,62,19.9,84,8.1,992.3,997.2,3.1,4.8,8,120.6,0
2022-10-15 05:35:43,5,62,19.9,84,8,992.2,997.1,2,2.7,8,120.6,0
2022-10-15 05:40:43,5,62,19.9,84,7.9,992.2,997.1,2.4,3.1,10,120.6,0
2022-10-15 05:45:43,5,62,19.9,84,7.9,992.2,997.1,2.4,3.4,8,120.6,0
2022-10-15 05:50:43,5,62,19.9,84,7.8,992.1,997,2.4,3.4,10,120.6,0
2022-10-15 05:55:43,5,62,19.9,84,7.8,992.1,997,2.7,3.4,10,120.6,0
2022-10-15 06:00:43,5,62,19.9,84,7.8,992,996.9,2.7,3.7,10,120.6,0
2022-10-15 06:05:43,5,62,19.9,84,7.8,992.1,997,2.4,4.1,8,120.6,0
2022-10-15 06:10:43,5,62,19.9,84,7.9,992.6,997.5,3.1,4.1,12,120.6,0
2022-10-15 06:15:43,5,62,19.9,84,8,992.4,997.3,3.4,4.4,10,120.6,0
2022-10-15 06:20:43,5,62,19.9,85,8.1,992.2,997.1,3.4,4.8,8,120.6,0
2022-10-15 06:25:43,5,62,19.9,85,8.2,992.5,997.4,3.1,3.4,10,120.6,0
2022-10-15 06:30:43,5,62,19.8,85,8.1,992.4,997.3,2,3.4,8,120.6,0
2022-10-15 06:35:43,5,62,19.8,85,8.1,992.4,997.3,2,3.1,10,120.9,0
2022-10-15 06:40:43,5,62,19.8,85,8.1,992.2,997.1,1.7,2.7,8,120.9,0
2022-10-15 06:45:43,5,62,19.8,85,8.1,992.1,997,1.4,2,10,120.9,0
2022-10-15 06:50:43,5,61,19.8,85,8.1,992.3,997.2,1.7,2.4,8,121.2,0
2022-10-15 06:55:43,5,62,19.8,85,8.1,992.4,997.3,1.4,2,10,121.2,0
2022-10-15 07:00:43,5,61,19.8,85,8.1,992.8,997.7,0.7,1,,121.5,0
2022-10-15 07:05:43,5,61,19.8,85,8.1,992.5,997.4,0.3,0.7,8,121.8,0
2022-10-15 07:10:43,5,61,19.8,86,8,992.5,997.4,0.7,1,10,122.1,0
2022-10-15 07:15:43,5,61,19.8,86,8,992.5,997.4,1,1.4,8,122.1,0
2022-10-15 07:20:43,5,61,19.8,86,8,992.6,997.5,1.4,1.7,,122.7,0
2022-10-15 07:25:43,5,61,19.8,86,8,991.4,996.3,1.7,2.4,4,122.7,0
2022-10-15 07:30:43,5,61,19.8,86,8,991.5,996.4,0.3,1,12,123,0
2022-10-15 07:35:43,5,61,19.8,87,8,992.4,997.3,1,1.4,10,123,0
2022-10-15 07:40:43,5,61,19.7,87,8,992.2,997.1,1,1.4,,123,0
2022-10-15 07:45:43,5,61,19.7,87,8,992.2,997.1,1.4,1.7,8,123.3,0
2022-10-15 07:50:43,5,61,19.7,87,7.8,991.9,996.8,1.4,2,10,123.3,0
2022-10-15 07:55:43,5,61,19.7,87,7.7,991.9,996.8,1.4,1.7,10,123.3,0
2022-10-15 08:00:43,5,61,19.7,87,7.7,991.9,996.8,1.7,2.4,,123.3,0
2022-10-15 08:05:43,5,61,19.7,87,7.7,991.7,996.6,1.4,1.7,8,123.3,0
2022-10-15 08:10:43,5,61,19.7,87,7.8,991.7,996.6,1,1.4,8,123.3,0
2022-10-15 08:15:43,5,61,19.7,87,7.8,991.6,996.5,1,1.7,4,123.3,0
2022-10-15 08:20:43,5,61,19.7,87,7.8,991.5,996.4,1.4,1.7,,123.3,0
2022-10-15 08:25:43,5,61,19.7,87,7.9,991.2,996.1,2.4,3.7,4,123.3,0
2022-10-15 08:30:43,5,61,19.8,87,8,991.1,996,1.7,2.4,2,123.3,0
2022-10-15 08:35:43,5,61,19.8,87,8.1,990.9,995.8,1,1.4,12,123.3,0
2022-10-15 08:40:43,5,61,19.8,87,8.2,990.9,995.8,2,3.1,8,123.3,0
2022-10-15 08:45:43,5,61,19.8,87,8.4,990.9,995.8,1.7,2,10,123.3,0
2022-10-15 08:50:43,5,61,19.8,87,8.5,990.7,995.6,1.7,2.7,8,123.3,0
2022-10-15 08:55:43,5,62,19.8,86,8.7,990.9,995.8,2,2.7,8,123.3,0
2022-10-15 09:00:43,5,62,19.8,84,8.9,991.1,996,3.4,4.8,8,123.3,0
2022-10-15 09:05:43,5,62,19.9,81,9.1,990.8,995.7,3.1,4.4,8,123.3,0
2022-10-15 09:10:43,5,62,19.8,79,9.5,990.9,995.8,3.7,5.8,8,123.3,0
2022-10-15 09:15:43,5,62,19.8,77,10,990.8,995.7,3.1,3.7,10,123.3,0
2022-10-15 09:20:43,5,62,19.9,75,10.1,990.8,995.7,5.8,8.8,8,123.3,0
2022-10-15 09:25:43,5,62,19.9,74,10.4,990.7,995.6,5.1,6.8,8,123.3,0
2022-10-15 09:30:43,5,62,19.9,74,10.7,990.7,995.6,4.1,6.1,10,123.3,0
2022-10-15 09:35:43,5,62,19.9,73,10.6,990.6,995.5,4.1,5.1,12,123.3,0
2022-10-15 09:40:43,5,61,20,73,10.6,990.7,995.6,4.1,6.1,9,123.3,0
2022-10-15 09:45:43,5,61,20,73,10.6,990.7,995.6,5.1,7.5,,123.3,0
2022-10-15 09:50:43,5,61,20,73,10.1,990.7,995.6,4.4,5.8,10,123.3,0
2022-10-15 09:55:43,5,61,20,74,10,990.7,995.6,4.8,5.8,8,123.3,0
2022-10-15 10:00:43,5,61,20,74,9.8,991.2,996.1,5.4,7.1,8,123.3,0
2022-10-15 10:05:43,5,61,20,76,9.5,991.5,996.4,3.7,4.8,10,123.6,0
2022-10-15 10:10:43,5,61,20,78,9.1,991.8,996.7,6.1,7.5,12,123.9,0
2022-10-15 10:15:43,5,61,20,80,8.8,991.7,996.6,3.4,4.8,8,123.9,0
2022-10-15 10:20:43,5,61,20,81,8.8,991.7,996.6,2.7,3.7,10,123.9,0
2022-10-15 10:25:43,5,61,20,82,8.7,991.5,996.4,2.4,3.7,10,123.9,0
2022-10-15 10:30:43,5,61,20,82,8.6,991.3,996.2,2.7,4.8,8,123.9,0
2022-10-15 10:35:43,5,61,20,83,8.5,991.4,996.3,3.7,5.1,10,123.9,0
2022-10-15 10:40:43,5,60,19.9,82,8.5,991.2,996.1,3.1,4.1,8,124.2,0
2022-10-15 10:45:43,5,59,19.9,82,8.4,991.3,996.2,4.4,6.5,10,124.2,0
2022-10-15 10:50:43,5,60,19.9,82,8.4,990.8,995.7,4.8,5.8,10,124.2,0
2022-10-15 10:55:43,5,60,19.9,82,8.5,991.2,996.1,5.4,7.1,8,124.2,0
2022-10-15 11:00:43,5,61,19.8,83,8.5,991.5,996.4,4.4,6.8,8,124.2,0
2022-10-15 11:05:43,5,61,19.8,82,8.5,991.6,996.5,3.7,5.4,8,124.5,0
2022-10-15 11:10:43,5,62,19.8,82,8.5,991.3,996.2,3.7,4.4,10,124.5,0
2022-10-15 11:15:43,5,62,19.9,82,8.6,991.3,996.2,2.7,4.8,10,124.5,0
2022-10-15 11:20:43,5,62,19.9,83,8.7,991.3,996.2,3.1,4.1,10,124.5,0
2022-10-15 11:25:43,5,62,19.8,83,8.7,991.2,996.1,2.4,3.4,10,124.5,0
2022-10-15 11:30:43,5,62,19.8,82,8.7,990.6,995.5,4.8,6.1,10,124.8,0
2022-10-15 11:35:43,5,62,19.8,82,8.8,990.9,995.8,5.4,7.1,8,124.8,0
2022-10-15 11:40:43,5,63,19.9,82,8.9,990.6,995.5,3.7,5.8,8,124.8,0
2022-10-15 11:45:43,5,63,19.9,82,9.2,990.3,995.2,3.7,4.8,8,124.8,0
2022-10-15 11:50:43,5,63,19.9,82,9.6,990.3,995.2,3.4,5.4,8,124.8,0
2022-10-15 11:55:43,5,63,19.9,81,9.6,990.2,995.1,3.7,5.8,9,124.8,0
2022-10-15 12:00:43,5,63,19.9,80,9.6,990.1,995,3.4,4.4,10,124.8,0
2022-10-15 12:05:43,5,62,20,80,9.6,990.1,995,3.4,4.8,10,124.8,0
2022-10-15 12:10:43,5,62,20,80,9.6,990.3,995.2,3.7,5.4,8,124.8,0
2022-10-15 12:15:43,5,62,19.9,80,9.6,990.4,995.3,2.4,2.7,8,124.8,0
2022-10-15 12:20:43,5,61,19.9,80,9.4,990.5,995.4,2.7,3.4,8,124.8,0
2022-10-15 12:25:43,5,62,19.9,81,9.3,990.3,995.2,2.4,4.1,8,125.1,0
2022-10-15 12:30:43,5,62,19.9,82,9.3,990.3,995.2,2,2.7,9,125.1,0
2022-10-15 12:35:43,5,61,19.9,82,9.3,990.3,995.2,1.7,3.1,10,125.1,0
2022-10-15 12:40:43,5,61,19.9,82,9.1,990.1,995,3.4,4.1,10,125.7,0
2022-10-15 12:45:43,5,62,19.8,81,8.7,989.7,994.6,0.3,1,2,125.7,0
2022-10-15 12:50:43,5,62,19.9,81,8.6,990.4,995.3,1.7,2.4,12,125.7,0
2022-10-15 12:55:43,5,62,19.9,80,8.3,990.1,995,1.4,2,12,125.7,0
2022-10-15 13:00:43,5,62,19.8,81,8.2,990.1,995,3.1,4.1,10,126,0
2022-10-15 13:05:43,5,62,19.8,81,8.3,989.7,994.6,2.7,3.4,10,126,0
2022-10-15 13:10:43,5,63,19.8,82,8.7,989.7,994.6,2.4,3.1,10,126.3,0
2022-10-15 13:15:43,5,63,19.9,83,9.3,989.3,994.2,1.4,2,8,126.3,0
2022-10-15 13:20:43,5,63,19.9,84,9.7,989.4,994.3,2.4,3.1,8,126.3,0
2022-10-15 13:25:43,5,63,19.9,84,9.9,989.2,994.1,2,3.1,12,126.3,0
2022-10-15 13:30:43,5,63,19.9,83,10.1,988.8,993.7,4.4,7.5,10,126.3,0
2022-10-15 13:35:43,5,62,20,81,10.2,988.4,993.3,3.4,4.8,8,126.3,0
2022-10-15 13:40:43,5,63,19.9,80,10.3,988.5,993.4,4.4,5.4,8,126.3,0
2022-10-15 13:45:43,5,63,19.9,79,10.2,988.6,993.5,3.7,5.1,9,126.3,0
2022-10-15 13:50:43,5,62,20,80,10,988.8,993.7,5.1,6.8,10,126.3,0
2022-10-15 13:55:43,5,62,20,80,9.9,988.9,993.8,3.1,4.4,10,126.3,0
2022-10-15 14:00:43,5,62,20,81,9.9,988.8,993.7,5.4,6.5,10,126.6,0
2022-10-15 14:05:43,5,63,19.9,81,10.1,989.2,994.1,3.4,4.1,10,126.6,0
2022-10-15 14:10:43,5,63,19.9,81,9.7,988.7,993.6,5.8,7.5,8,126.6,0
2022-10-15 14:15:43,5,62,20,80,9.5,988.7,993.6,4.1,5.4,8,126.6,0
2022-10-15 14:20:43,5,63,19.9,80,9.3,988.8,993.7,6.1,7.1,8,127.2,0
2022-10-15 14:25:43,5,63,19.9,80,8.9,988.8,993.7,5.4,6.5,8,127.5,0
2022-10-15 14:30:43,5,63,20,81,8.7,988.9,993.8,3.1,4.1,10,127.5,0
2022-10-15 14:35:43,5,62,20,80,8.7,988.6,993.5,4.1,7.1,12,127.5,0
2022-10-15 14:40:43,5,63,19.9,80,8.8,988.7,993.6,4.4,5.8,10,127.5,0
2022-10-15 14:45:43,5,64,19.9,81,8.9,988.4,993.3,4.8,6.1,8,127.5,0
2022-10-15 14:50:43,5,64,19.9,81,9.7,988.2,993.1,5.8,7.1,8,127.5,0
2022-10-15 14:55:43,5,63,20,81,10.4,988.3,993.2,5.1,7.1,12,127.5,0
2022-10-15 15:00:43,5,63,20,80,10.1,988.3,993.2,3.7,5.1,8,127.5,0
2022-10-15 15:05:43,5,63,20,80,10.2,988.2,993.1,3.7,4.4,10,127.5,0
2022-10-15 15:10:43,5,63,20.1,79,10.3,988.4,993.3,4.8,6.8,10,127.5,0
2022-10-15 15:15:43,5,63,20.1,79,10.3,988.4,993.3,2,2.4,8,127.5,0
2022-10-15 15:20:43,5,63,20.1,79,10.2,988.4,993.3,3.7,6.1,10,127.5,0
2022-10-15 15:25:43,5,63,20.1,79,10.2,988.3,993.2,4.8,5.8,8,127.5,0
2022-10-15 15:30:43,5,63,20.1,78,10.2,988.4,993.3,5.1,7.5,10,127.5,0
2022-10-15 15:35:43,5,63,20.1,77,10.2,988.8,993.7,4.8,6.5,8,127.5,0
2022-10-15 15:40:43,5,63,20.1,78,10,988.5,993.4,2.7,4.8,10,127.5,0
2022-10-15 15:45:43,5,64,20.1,79,9.8,988.9,993.8,3.7,5.8,10,127.8,0
2022-10-15 15:50:43,5,64,20.1,77,8.7,988.8,993.7,3.4,4.1,10,128.1,0
2022-10-15 15:55:43,5,64,20.1,79,8.5,988.8,993.7,5.4,8.5,10,128.1,0
2022-10-15 16:00:43,5,64,20.1,80,8.5,989,993.9,5.1,6.5,8,128.1,0
2022-10-15 16:05:43,5,64,20.1,81,8.3,988.8,993.7,3.7,5.4,10,128.4,0
2022-10-15 16:10:43,5,64,20.1,81,8.1,988.7,993.6,3.7,6.1,10,128.4,0
2022-10-15 16:15:43,5,64,20.1,82,8,988.6,993.5,2,2.7,8,128.4,0
2022-10-15 16:20:43,5,64,20.1,82,7.9,988.5,993.4,2,2.7,9,128.4,0
2022-10-15 16:25:43,5,64,20.1,82,7.9,988.8,993.7,2.7,3.7,8,128.4,0
2022-10-15 16:30:43,5,64,20.1,83,7.9,988.6,993.5,2,2.4,10,128.4,0
2022-10-15 16:35:43,5,64,20.1,83,8,988.6,993.5,2,3.1,10,128.4,0
2022-10-15 16:40:43,5,64,20.1,83,8,988.7,993.6,2.7,3.4,10,128.4,0
2022-10-15 16:45:43,5,64,20.1,83,8.2,988.7,993.6,2,3.4,10,128.4,0
2022-10-15 16:50:43,5,64,20.1,84,8.6,988.9,993.8,3.1,3.7,10,128.7,0
2022-10-15 16:55:43,5,64,20.1,84,8.6,988.7,993.6,2.4,3.4,12,128.7,0
2022-10-15 17:00:43,5,64,20.1,83,8.6,988.7,993.6,2.4,3.4,10,128.7,0
2022-10-15 17:05:43,5,64,20,83,8.5,988.7,993.6,4.4,6.1,8,128.7,0
2022-10-15 17:10:43,5,64,20,83,8.5,988.7,993.6,2.7,4.4,8,128.7,0
2022-10-15 17:15:43,5,64,20,83,8.5,988.8,993.7,5.1,6.5,8,128.7,0
2022-10-15 17:20:43,5,65,20.1,83,8.5,988.8,993.7,3.4,4.1,8,128.7,0
2022-10-15 17:25:43,5,65,20.1,83,8.4,988.8,993.7,3.7,5.8,10,128.7,0
2022-10-15 17:30:43,5,65,20.1,82,8.4,988.6,993.5,3.4,4.4,12,128.7,0
2022-10-15 17:35:43,5,65,20.1,82,8.5,988.6,993.5,2.7,3.4,10,128.7,0
2022-10-15 17:40:43,5,65,20.1,82,8.6,989,993.9,3.4,4.1,10,128.7,0
2022-10-15 17:45:43,5,66,20,82,8.7,989.5,994.4,1.4,2,10,128.7,0
2022-10-15 17:50:43,5,66,20,82,8.6,989.6,994.5,2.4,3.4,10,128.7,0
2022-10-15 17:55:43,5,65,20.1,82,8.4,989.9,994.8,2.7,4.1,10,129.3,0
2022-10-15 18:00:43,5,65,20.1,82,8.2,989.8,994.7,1.7,2.7,10,129.9,0
2022-10-15 18:05:43,5,65,20.1,83,8.1,989.8,994.7,1.4,2,8,129.9,0
2022-10-15 18:10:43,5,65,20.1,83,8.1,990,994.9,2.4,3.1,10,130.5,0
2022-10-15 18:15:43,5,65,20.1,84,8,990.1,995,1.4,1.7,12,130.5,0
2022-10-15 18:20:43,5,65,20.1,84,8,990.2,995.1,0.7,1,12,130.8,0
2022-10-15 18:25:43,5,65,20.1,85,8.1,990.4,995.3,0.7,1,14,130.8,0
2022-10-15 18:30:43,5,65,20,85,8.1,990.6,995.5,1,1.7,10,131.1,0
2022-10-15 18:35:43,5,65,20,86,8.1,990.8,995.7,1,1.4,10,131.1,0
2022-10-15 18:40:43,5,66,20,86,8.2,990.7,995.6,1.7,2,10,131.1,0
2022-10-15 18:45:43,5,66,20,86,8.3,990.8,995.7,2,2.4,10,131.1,0
2022-10-15 18:50:43,5,67,20.1,87,8.3,990.9,995.8,1.7,2,10,131.1,0
2022-10-15 18:55:43,5,68,20.1,87,8.3,991.2,996.1,1,1.4,10,131.1,0
2022-10-15 19:00:43,5,69,20,87,8.2,991.2,996.1,2,2.7,10,131.1,0
2022-10-15 19:05:43,5,70,20.1,87,8,991.4,996.3,1.7,2,10,131.1,0
2022-10-15 19:10:43,5,71,20.1,87,7.9,991.5,996.4,1.4,2,9,131.1,0
2022-10-15 19:15:43,5,71,20.1,87,7.8,991.8,996.7,1.7,2.4,10,131.1,0
2022-10-15 19:20:43,5,71,20.1,87,7.8,991.8,996.7,1.7,2,10,131.1,0
2022-10-15 19:25:43,5,70,20.1,87,7.8,992,996.9,1.7,2,10,131.1,0
2022-10-15 19:30:43,5,70,20.2,88,7.8,992.2,997.1,1.7,2.4,10,131.1,0
2022-10-15 19:35:43,5,70,20.2,88,7.7,992.3,997.2,1.4,2,10,131.1,0
2022-10-15 19:40:43,5,70,20.2,88,7.6,992.4,997.3,1.7,2,10,131.1,0
2022-10-15 19:45:43,5,70,20.2,88,7.6,992.6,997.5,1,1.4,10,131.1,0
2022-10-15 19:50:43,5,70,20.2,92,7.4,992.8,997.7,1,1.4,12,131.1,0
2022-10-15 19:55:43,5,70,20.2,92,7.3,992.8,997.7,1,1.7,10,131.1,0
2022-10-15 20:00:43,5,70,20.3,92,7.2,993,997.9,1,1.4,10,131.1,0
2022-10-15 20:05:43,5,70,20.3,92,7.2,993.1,998,1,1.4,12,131.1,0
2022-10-15 20:10:43,5,70,20.3,92,7.1,993.2,998.1,1.4,1.7,10,131.1,0
2022-10-15 20:15:43,5,70,20.3,92,7.1,993.4,998.3,1.4,2,8,131.1,0
2022-10-15 20:20:43,5,70,20.3,92,7.2,993.6,998.5,1.7,2.4,10,131.1,0
2022-10-15 20:25:43,5,70,20.3,92,7.3,993.6,998.5,1.7,2.7,10,131.1,0
2022-10-15 20:30:43,5,69,20.3,92,7.4,993.6,998.5,2,3.1,12,131.1,0
2022-10-15 20:35:43,5,69,20.3,88,7.6,993.9,998.8,1.7,2,12,131.1,0
2022-10-15 20:40:43,5,69,20.3,88,7.6,993.8,998.7,2,2.7,10,131.1,0
2022-10-15 20:45:43,5,68,20.3,88,7.6,994,998.9,1.7,2.4,10,131.1,0
2022-10-15 20:50:43,5,68,20.3,87,7.6,994.2,999.1,2,2.4,12,131.1,0
2022-10-15 20:55:43,5,68,20.3,87,7.6,994.3,999.2,2,3.1,12,131.1,0
2022-10-15 21:00:43,5,68,20.3,87,7.5,994.3,999.2,1.7,2,8,131.1,0
2022-10-15 21:05:43,5,68,20.3,87,7.5,994.4,999.3,1.7,2.4,,131.1,0
2022-10-15 21:10:43,5,67,20.3,86,7.5,994.6,999.5,2,2.7,8,131.1,0
2022-10-15 21:15:43,5,67,20.3,86,7.6,994.6,999.5,2,3.1,10,131.1,0
2022-10-15 21:20:43,5,67,20.3,86,7.7,995,999.9,2.4,3.1,10,131.1,0
2022-10-15 21:25:43,5,67,20.3,85,7.6,995,999.9,2,2.7,10,131.1,0
2022-10-15 21:30:43,5,67,20.3,90,7.4,995.1,1000,1.7,2.4,8,131.1,0
2022-10-15 21:35:43,5,67,20.3,90,7.1,995.1,1000,1.7,2.7,10,131.1,0
2022-10-15 21:40:43,5,66,20.3,90,6.9,995.2,1000.1,1.4,2,10,131.1,0
2022-10-15 21:45:43,5,66,20.3,89,6.7,995.4,1000.3,1.4,2,10,131.1,0
2022-10-15 21:50:43,5,66,20.3,89,6.7,995.4,1000.3,2,2.4,10,131.1,0
2022-10-15 21:55:43,5,66,20.3,90,6.7,995.6,1000.5,1.7,2.4,10,131.1,0
2022-10-15 22:00:43,5,66,20.2,90,6.9,995.7,1000.6,1.4,2,10,131.1,0
2022-10-15 22:05:43,5,66,20.3,90,7.1,995.7,1000.6,1.7,2.4,10,131.1,0
2022-10-15 22:10:43,5,66,20.3,89,6.9,995.9,1000.8,2,2.7,10,131.1,0
2022-10-15 22:15:43,5,66,20.3,89,6.9,996.1,1001,1.7,2,10,131.1,0
2022-10-15 22:20:43,5,65,20.2,89,6.9,996.1,1001,1.7,2.4,10,131.1,0
2022-10-15 22:25:43,5,65,20.2,88,6.8,996,1000.9,1.7,2.4,10,131.1,0
2022-10-15 22:30:43,5,65,20.2,89,6.9,996.2,1001.1,2,2.7,10,131.1,0
2022-10-15 22:35:43,5,65,20.2,89,7,996.2,1001.1,2.4,3.1,10,131.1,0
2022-10-15 22:40:43,5,65,20.2,90,7.1,996.4,1001.3,2.4,3.1,10,131.1,0
2022-10-15 22:45:43,5,65,20.2,90,7.1,996.3,1001.2,3.1,3.7,10,131.1,0
2022-10-15 22:50:43,5,65,20.2,90,7.1,996.5,1001.4,2.4,3.4,10,131.1,0
2022-10-15 22:55:43,5,65,20.2,90,7.1,996.7,1001.6,2.4,3.1,10,131.1,0
2022-10-15 23:00:43,5,65,20.2,90,7.1,996.9,1001.8,2,3.1,10,131.1,0
2022-10-15 23:05:43,5,65,20.2,90,7.1,997.1,1002,2.7,3.4,10,131.1,0
2022-10-15 23:10:43,5,64,20.2,89,7.1,997.1,1002,2.7,3.4,8,131.1,0
2022-10-15 23:15:43,5,64,20.1,89,7.2,997.3,1002.2,2,2.7,10,131.1,0
2022-10-15 23:20:43,5,64,20.1,89,7.2,997.4,1002.3,2.7,3.7,10,131.1,0
2022-10-15 23:25:43,5,64,20.1,89,7.2,997.5,1002.4,2,2.4,10,131.1,0
2022-10-15 23:30:43,5,64,20.1,88,7.1,997.6,1002.5,1.7,2.4,10,131.1,0
2022-10-15 23:35:43,5,64,20.1,88,7.1,997.7,1002.6,2,2.7,10,131.1,0
2022-10-15 23:40:43,5,64,20.1,88,7.1,997.8,1002.7,2,2.7,10,131.1,0
2022-10-15 23:45:43,5,64,20.1,88,7,998,1002.9,1.7,2,10,131.1,0
2022-10-15 23:50:43,5,64,20.1,88,6.9,998,1002.9,2,3.1,10,131.1,0
2022-10-15 23:55:43,5,64,20.1,88,6.9,998,1002.9,1.4,1.7,10,131.1,0
