2022-02-19 00:02:43,5,46,18.2,81,3.2,1007,1011.9,3.4,4.1,10,87.9,0
2022-02-19 00:07:43,5,46,18.2,81,3.3,1006.9,1011.8,2.4,3.1,10,87.9,0
2022-02-19 00:12:43,5,46,18.2,80,3.6,1006.9,1011.8,7.1,8.2,8,87.9,0
2022-02-19 00:17:43,5,46,18.2,78,3.5,1006.8,1011.7,4.4,5.8,8,87.9,0
2022-02-19 00:22:43,5,46,18.2,79,3.4,1006.7,1011.6,4.1,4.8,8,87.9,0
2022-02-19 00:27:43,5,46,18.2,79,3.3,1006.6,1011.5,3.4,4.1,10,87.9,0
2022-02-19 00:32:43,5,46,18.2,79,3.4,1006.7,1011.6,3.1,3.4,10,87.9,0
2022-02-19 00:37:43,5,46,18.2,79,3.4,1006.8,1011.7,2.7,4.4,10,87.9,0
2022-02-19 00:42:43,5,46,18.2,78,3.4,1006.6,1011.5,2.7,3.4,10,87.9,0
2022-02-19 00:47:43,5,46,18.1,78,3.4,1006.7,1011.6,3.1,4.1,8,87.9,0
2022-02-19 00:52:43,5,45,18.1,78,3.4,1006.7,1011.6,3.1,3.7,10,87.9,0
2022-02-19 00:57:43,5,45,18.1,78,3.4,1006.7,1011.6,3.1,3.7,10,87.9,0
2022-02-19 01:02:43,5,45,18.1,,,1006.8,1011.7,,,,87.9,64
2022-02-19 01:07:43,5,45,18.1,75,3.6,1006.6,1011.5,3.4,4.1,10,87.9,0
2022-02-19 01:12:43,5,45,18.1,75,3.6,1006.6,1011.5,3.4,4.1,10,87.9,0
2022-02-19 01:17:43,5,45,18.1,74,3.8,1006.5,1011.4,2.7,3.4,12,87.9,0
2022-02-19 01:22:43,5,45,18.1,74,3.8,1006.4,1011.3,2.7,3.4,12,87.9,0
2022-02-19 01:27:43,5,45,18.1,,,1006.3,1011.2,,,,87.9,64
2022-02-19 01:32:43,5,45,18,75,3.7,1006.3,1011.2,2.7,3.1,8,87.9,0
2022-02-19 01:37:43,5,45,18,,,1006.3,1011.2,,,,87.9,64
2022-02-19 01:42:43,5,45,18.1,76,3.7,1006.2,1011.1,2.4,2.7,10,87.9,0
2022-02-19 01:47:43,5,45,18,77,3.7,1006,1010.9,2.7,3.4,10,87.9,0
2022-02-19 01:52:43,5,45,18,77,3.7,1005.9,1010.8,2.7,3.4,10,87.9,0
2022-02-19 01:57:43,5,45,18.1,,,1006,1010.9,,,,87.9,64
2022-02-19 02:02:43,5,45,18,,,1005.9,1010.8,,,,87.9,64
2022-02-19 02:07:43,5,45,18,,,1006.1,1011,,,,87.9,64
2022-02-19 02:12:43,5,45,18,,,1005.9,1010.8,,,,87.9,64
2022-02-19 02:17:43,5,45,18,,,1006,1010.9,,,,87.9,64
2022-02-19 02:22:43,5,45,18,,,1006,1010.9,,,,87.9,64
2022-02-19 02:27:43,5,45,18,79,4,1005.8,1010.7,2.4,3.1,10,87.9,0
2022-02-19 02:32:43,5,45,18,80,4,1005.9,1010.8,2.4,2.7,10,87.9,0
2022-02-19 02:37:43,5,45,18,80,4,1005.9,1010.8,2.4,2.7,10,87.9,0
2022-02-19 02:42:43,5,45,18,80,3.9,1005.7,1010.6,2,2.4,8,87.9,0
2022-02-19 02:47:43,5,46,17.9,80,3.9,1005.6,1010.5,2.7,3.4,8,87.9,0
2022-02-19 02:52:43,5,46,17.9,81,3.9,1005.5,1010.4,2.4,3.1,8,87.9,0
2022-02-19 02:57:43,5,46,17.9,81,3.9,1005.4,1010.3,1.7,2.4,10,87.9,0
2022-02-19 03:02:43,5,46,17.9,81,3.9,1005.3,1010.2,2,3.1,8,87.9,0
2022-02-19 03:07:43,5,45,18,81,4,1005.1,1010,2,2.7,10,87.9,0
2022-02-19 03:12:43,5,46,17.9,80,4,1005.2,1010.1,3.1,3.7,10,87.9,0
2022-02-19 03:17:43,5,46,17.9,81,4,1005.3,1010.2,2.7,3.1,8,87.9,0
2022-02-19 03:22:43,5,46,17.9,81,3.9,1005,1009.9,2,3.1,10,87.9,0
2022-02-19 03:27:43,5,46,17.9,81,3.8,1005,1009.9,2.4,2.7,10,87.9,0
2022-02-19 03:32:43,5,46,17.9,81,3.7,1004.9,1009.8,2.7,3.7,8,87.9,0
2022-02-19 03:37:43,5,46,17.8,82,3.7,1004.6,1009.5,1.4,2.4,8,87.9,0
2022-02-19 03:42:43,5,46,17.8,82,3.6,1004.3,1009.2,2.4,3.1,8,87.9,0
2022-02-19 03:47:43,5,46,17.8,82,3.5,1004.1,1009,2,2.7,8,87.9,0
2022-02-19 03:52:43,5,46,17.8,83,3.4,1003.7,1008.6,1.4,1.7,2,87.9,0
2022-02-19 03:57:43,5,46,17.8,83,3.4,1003.7,1008.6,2,2.4,8,87.9,0
2022-02-19 04:02:43,5,46,17.8,83,3.4,1003.5,1008.4,1,1.4,8,87.9,0
2022-02-19 04:07:43,5,46,17.8,83,3.4,1003.5,1008.4,1.4,1.7,,87.9,0
2022-02-19 04:12:43,5,46,17.8,83,3.4,1003.2,1008.1,1,1.7,4,87.9,0
2022-02-19 04:17:43,5,46,17.8,84,3.5,1003,1007.9,1.7,2.7,4,87.9,0
2022-02-19 04:22:43,5,46,17.8,84,3.5,1002.8,1007.7,2,2.7,0,87.9,0
2022-02-19 04:27:43,5,47,17.8,84,3.7,1002.3,1007.2,1.7,2,4,87.9,0
2022-02-19 04:32:43,5,46,17.7,84,3.7,1002.3,1007.2,2.4,3.4,10,87.9,0
2022-02-19 04:37:43,5,47,17.7,84,3.8,1002.1,1007,2.4,4.1,4,87.9,0
2022-02-19 04:42:43,5,47,17.8,84,3.7,1002.1,1007,3.1,3.7,10,88.2,0
2022-02-19 04:47:43,5,47,17.8,84,3.7,1001.9,1006.8,3.1,3.7,10,88.2,0
2022-02-19 04:52:43,5,47,17.8,84,3.6,1001.8,1006.7,3.1,3.7,8,88.2,0
2022-02-19 04:57:43,5,47,17.7,84,3.6,1001.7,1006.6,2,2.7,8,88.2,0
2022-02-19 05:02:43,5,47,17.7,84,3.6,1001.5,1006.4,3.4,4.4,12,88.5,0
2022-02-19 05:07:43,5,47,17.7,84,3.6,1001.4,1006.3,3.1,3.7,10,88.5,0
2022-02-19 05:12:43,5,47,17.7,84,3.6,1001.1,1006,2,3.1,2,88.5,0
2022-02-19 05:17:45,5,47,17.7,84,3.5,1001.1,1006,2,2.7,8,88.8,0
2022-02-19 05:22:43,5,47,17.7,84,3.5,1001,1005.9,1.4,2,10,88.8,0
2022-02-19 05:27:43,5,47,17.7,84,3.5,1000.7,1005.6,2.4,3.4,4,88.8,0
2022-02-19 05:32:43,5,47,17.7,84,3.4,1000.3,1005.2,3.1,4.1,4,89.1,0
2022-02-19 05:37:43,5,47,17.7,84,3.3,1000,1004.9,2.7,3.7,14,89.4,0
2022-02-19 05:42:43,5,47,17.7,84,3.2,999.8,1004.7,2.7,3.7,8,89.4,0
2022-02-19 05:47:43,5,47,17.7,84,3,999.8,1004.7,3.4,5.1,4,89.7,0
2022-02-19 05:52:43,5,47,17.7,84,2.9,999.6,1004.5,2.4,3.7,2,90,0
2022-02-19 05:57:43,5,47,17.7,84,2.8,999.3,1004.2,2.7,5.1,2,90.3,0
2022-02-19 06:02:43,5,47,17.7,84,2.6,998.9,1003.8,2,3.1,0,90.6,0
2022-02-19 06:07:43,5,47,17.7,84,2.7,998.9,1003.8,3.1,4.4,1,90.6,0
2022-02-19 06:12:43,5,47,17.6,85,2.8,998.8,1003.7,2,3.1,4,90.6,0
2022-02-19 06:17:43,5,47,17.6,85,2.9,998.4,1003.3,1.4,2,8,90.9,0
2022-02-19 06:22:43,5,47,17.6,86,3,998.2,1003.1,2,3.1,4,90.9,0
2022-02-19 06:27:43,5,48,17.6,86,3.3,998.1,1003,3.1,5.4,4,90.9,0
2022-02-19 06:32:43,5,48,17.6,86,3.4,997.9,1002.8,3.1,4.4,8,90.9,0
2022-02-19 06:37:43,5,48,17.6,87,3.7,997.5,1002.4,2.4,3.4,8,90.9,0
2022-02-19 06:42:43,5,48,17.6,87,4.2,997.4,1002.3,4.4,6.1,8,90.9,0
2022-02-19 06:47:43,5,48,17.6,88,4.6,997.3,1002.2,5.1,6.1,10,90.9,0
2022-02-19 06:52:43,5,48,17.6,88,4.9,997.1,1002,4.8,5.8,10,90.9,0
2022-02-19 06:57:43,5,48,17.6,88,5.3,997,1001.9,3.7,4.4,9,90.9,0
2022-02-19 07:02:43,5,48,17.6,88,5.6,996.9,1001.8,4.8,5.8,10,90.9,0
2022-02-19 07:07:43,5,48,17.6,88,5.9,996.8,1001.7,5.1,6.1,10,90.9,0
2022-02-19 07:12:43,5,48,17.7,88,6.2,996.6,1001.5,4.4,5.8,8,90.9,0
2022-02-19 07:17:43,5,48,17.6,87,6.1,996.7,1001.6,4.8,5.4,10,90.9,0
2022-02-19 07:22:43,5,48,17.6,87,6.1,996.7,1001.6,5.1,5.8,12,90.9,0
2022-02-19 07:27:43,5,48,17.6,87,6,996.6,1001.5,5.1,6.8,10,90.9,0
2022-02-19 07:32:43,5,48,17.6,87,6,996.7,1001.6,5.1,6.5,10,90.9,0
2022-02-19 07:37:43,5,48,17.6,87,6.1,996.9,1001.8,4.8,5.8,10,90.9,0
2022-02-19 07:42:43,5,48,17.6,87,6.3,997,1001.9,4.4,5.1,10,90.9,0
2022-02-19 07:47:43,5,48,17.6,87,6.5,997,1001.9,4.8,5.8,10,90.9,0
2022-02-19 07:52:43,5,48,17.6,87,6.7,997.1,1002,4.8,5.8,10,90.9,0
2022-02-19 07:57:43,5,48,17.6,87,6.9,997.2,1002.1,5.1,6.1,,90.9,0
2022-02-19 08:02:43,5,48,17.6,81,7.8,997,1001.9,5.8,7.1,10,90.9,0
2022-02-19 08:07:43,5,48,17.6,80,8.1,997.1,1002,5.8,7.8,10,90.9,0
2022-02-19 08:12:43,5,48,17.6,77,8.2,997.4,1002.3,5.8,7.1,12,90.9,0
2022-02-19 08:17:43,5,48,17.6,76,8.3,997.3,1002.2,4.8,6.8,12,90.9,0
2022-02-19 08:22:43,5,48,17.6,75,8.4,997.4,1002.3,7.5,8.8,12,90.9,0
2022-02-19 08:27:43,5,48,17.6,75,8.5,997.6,1002.5,8.8,11.2,12,90.9,0
2022-02-19 08:32:43,5,48,17.6,74,8.5,997.8,1002.7,7.5,9.9,10,90.9,0
2022-02-19 08:37:43,5,48,17.6,74,8.5,997.8,1002.7,6.8,8.5,10,90.9,0
2022-02-19 08:42:43,5,48,17.7,74,8.5,998.1,1003,6.1,8.2,10,90.9,0
2022-02-19 08:47:43,5,48,17.7,74,8.4,998,1002.9,5.8,6.8,12,90.9,0
2022-02-19 08:52:43,5,48,17.7,74,8.5,998,1002.9,6.1,7.1,10,90.9,0
2022-02-19 08:57:43,5,48,17.7,73,8.5,998.5,1003.4,7.1,9.2,12,90.9,0
2022-02-19 09:02:43,5,48,17.7,73,8.5,998.7,1003.6,7.8,10.2,10,90.9,0
2022-02-19 09:07:43,5,48,17.7,73,8.4,999.2,1004.1,4.4,5.4,12,90.9,0
2022-02-19 09:12:43,5,48,17.7,72,8.2,999.4,1004.3,5.1,6.5,12,90.9,0
2022-02-19 09:17:43,5,48,17.7,73,8.1,999.6,1004.5,6.1,8.8,10,90.9,0
2022-02-19 09:22:43,5,48,17.7,73,8,999.7,1004.6,7.5,9.2,10,90.9,0
2022-02-19 09:27:43,5,48,17.7,73,7.9,999.8,1004.7,7.5,8.8,10,90.9,0
2022-02-19 09:32:43,5,48,17.7,73,7.8,1000.3,1005.2,5.8,7.1,12,90.9,0
2022-02-19 09:37:43,5,47,17.7,74,7.9,1000.3,1005.2,6.1,8.8,12,90.9,0
2022-02-19 09:42:43,5,47,17.7,73,7.9,1000.4,1005.3,6.5,8.8,12,90.9,0
2022-02-19 09:47:43,5,47,17.7,73,7.9,1000.8,1005.7,3.4,4.8,12,90.9,0
2022-02-19 09:52:43,5,47,17.7,73,7.9,1001,1005.9,3.7,5.4,8,90.9,0
2022-02-19 09:57:43,5,47,17.7,73,7.8,1001.1,1006,5.1,7.5,10,90.9,0
2022-02-19 10:02:43,5,47,17.7,73,7.8,1001.4,1006.3,4.8,6.5,10,90.9,0
2022-02-19 10:07:43,5,47,17.8,72,7.8,1001.6,1006.5,4.8,6.1,10,90.9,0
2022-02-19 10:12:43,5,47,17.7,78,7.2,1002,1006.9,4.4,5.8,12,90.9,0
2022-02-19 10:17:43,5,47,17.8,79,6.7,1002.1,1007,3.1,3.7,12,90.9,0
2022-02-19 10:22:43,5,47,17.8,80,6.3,1002.2,1007.1,1.7,2.4,10,90.9,0
2022-02-19 10:27:43,5,47,17.7,80,6.2,1002.2,1007.1,2,2.4,12,90.9,0
2022-02-19 10:32:43,5,47,17.7,80,6.2,1002.4,1007.3,1.7,2,12,90.9,0
2022-02-19 10:37:43,5,47,17.8,81,6.1,1002.5,1007.4,2.4,3.4,8,90.9,0
2022-02-19 10:42:43,5,47,17.8,81,6.1,1002.8,1007.7,1.7,2.4,10,90.9,0
2022-02-19 10:47:43,5,47,17.7,81,6.1,1003.2,1008.1,2.7,4.1,10,90.9,0
2022-02-19 10:52:43,5,48,17.8,81,6,1003.1,1008,2.4,3.7,12,90.9,0
2022-02-19 10:57:43,5,48,17.8,81,6,1003.1,1008,1.7,2.4,12,90.9,0
2022-02-19 11:02:43,5,47,17.8,82,6.2,1003.3,1008.2,1.4,1.7,12,90.9,0
2022-02-19 11:07:43,5,47,17.8,82,6.4,1003.1,1008,1.4,2,12,90.9,0
2022-02-19 11:12:43,5,47,17.8,82,6.8,1003.3,1008.2,1.7,2.4,10,90.9,0
2022-02-19 11:17:43,5,47,17.8,82,7,1003.6,1008.5,2.4,2.7,12,90.9,0
2022-02-19 11:22:43,5,47,17.8,82,7.2,1003.8,1008.7,2.4,3.7,12,90.9,0
2022-02-19 11:27:43,5,47,17.8,82,7.4,1003.9,1008.8,3.1,3.7,12,90.9,0
2022-02-19 11:32:43,5,47,17.8,75,7.6,1003.8,1008.7,1.7,2.7,10,90.9,0
2022-02-19 11:37:43,5,47,17.8,75,7.7,1004,1008.9,3.1,4.4,10,90.9,0
2022-02-19 11:42:43,5,47,17.8,75,7.7,1004,1008.9,3.1,4.1,8,90.9,0
2022-02-19 11:47:43,5,47,17.9,74,7.7,1004.1,1009,3.4,4.4,10,90.9,0
2022-02-19 11:52:43,5,47,17.9,74,7.8,1004.2,1009.1,2,2.4,8,90.9,0
2022-02-19 11:57:43,5,47,17.9,75,7.8,1004.2,1009.1,2.7,3.4,10,90.9,0
2022-02-19 12:02:43,5,47,17.9,75,8,1004.2,1009.1,2.4,3.1,10,90.9,0
2022-02-19 12:07:43,5,46,18,75,8.1,1004.3,1009.2,3.1,4.1,12,90.9,0
2022-02-19 12:12:43,5,48,17.9,75,8.3,1004.1,1009,2.4,3.1,12,90.9,0
2022-02-19 12:17:43,5,46,18,75,8.3,1004.1,1009,2.7,3.4,10,90.9,0
2022-02-19 12:22:43,5,48,17.9,74,8.4,1004.1,1009,3.1,4.1,12,90.9,0
2022-02-19 12:27:43,5,47,18,75,8.5,1004.1,1009,2.4,3.1,10,90.9,0
2022-02-19 12:32:43,5,48,17.9,75,8.6,1004,1008.9,3.4,4.4,10,90.9,0
2022-02-19 12:37:43,5,47,18,74,8.6,1004.3,1009.2,3.4,4.1,12,90.9,0
2022-02-19 12:42:43,5,47,18,74,8.6,1004.4,1009.3,2.7,3.1,10,90.9,0
2022-02-19 12:47:43,5,48,17.9,74,8.7,1004.4,1009.3,2.7,3.7,10,90.9,0
2022-02-19 12:52:43,5,47,18,74,8.8,1004.6,1009.5,4.4,5.1,10,90.9,0
2022-02-19 12:57:43,5,48,17.9,73,8.8,1004.5,1009.4,2.4,3.4,12,90.9,0
2022-02-19 13:02:43,5,47,18,73,8.8,1004.6,1009.5,4.4,5.8,12,90.9,0
2022-02-19 13:07:43,5,47,18,72,8.8,1004.6,1009.5,4.1,5.4,10,90.9,0
2022-02-19 13:12:43,5,48,17.9,72,8.9,1004.6,1009.5,3.4,4.4,8,90.9,0
2022-02-19 13:17:43,5,47,18,72,8.9,1004.6,1009.5,3.4,4.8,10,90.9,0
2022-02-19 13:22:43,5,47,18,72,8.9,1004.5,1009.4,4.1,5.1,10,90.9,0
2022-02-19 13:27:43,5,47,18,72,9,1004.5,1009.4,3.4,4.4,10,90.9,0
2022-02-19 13:32:43,5,47,18,72,9.1,1004.6,1009.5,2.7,3.7,10,90.9,0
2022-02-19 13:37:43,5,47,18,71,9.2,1004.7,1009.6,3.4,4.4,10,90.9,0
2022-02-19 13:42:43,5,47,18,71,9.3,1004.5,1009.4,4.4,5.1,12,90.9,0
2022-02-19 13:47:43,5,47,18,71,9.4,1004.5,1009.4,4.4,5.4,10,90.9,0
2022-02-19 13:52:43,5,47,18.1,71,9.5,1004.5,1009.4,3.1,4.4,12,90.9,0
2022-02-19 13:57:43,5,47,18.1,70,9.5,1004.5,1009.4,4.1,4.8,12,90.9,0
2022-02-19 14:02:43,5,47,18.1,70,9.6,1004.6,1009.5,3.4,4.1,10,90.9,0
2022-02-19 14:07:43,5,47,18.2,70,9.8,1004.6,1009.5,4.4,5.4,14,90.9,0
2022-02-19 14:12:43,5,47,18.2,69,9.7,1004.6,1009.5,3.1,3.7,10,90.9,0
2022-02-19 14:17:43,5,47,18.2,69,9.6,1004.6,1009.5,2.7,3.4,10,90.9,0
2022-02-19 14:22:43,5,47,18.2,68,9.5,1004.6,1009.5,4.4,5.4,10,90.9,0
2022-02-19 14:27:43,5,47,18.3,68,9.4,1004.5,1009.4,5.1,6.5,8,90.9,0
2022-02-19 14:32:43,5,47,18.3,68,9.4,1004.6,1009.5,3.4,4.4,10,90.9,0
2022-02-19 14:37:43,5,47,18.2,69,9.4,1004.4,1009.3,2.7,3.4,10,90.9,0
2022-02-19 14:42:43,5,47,18.3,69,9.4,1004.3,1009.2,3.4,4.4,12,90.9,0
2022-02-19 14:47:43,5,47,18.2,69,9.4,1004.3,1009.2,3.1,3.4,10,90.9,0
2022-02-19 14:52:43,5,47,18.2,69,9.4,1004.3,1009.2,3.1,4.1,10,90.9,0
2022-02-19 14:57:43,5,47,18.2,69,9.5,1004.3,1009.2,2.7,3.4,10,90.9,0
2022-02-19 15:02:43,5,47,18.2,69,9.4,1004.4,1009.3,3.4,4.4,10,90.9,0
2022-02-19 15:07:43,5,47,18.2,70,9.2,1004.3,1009.2,4.8,5.8,10,90.9,0
2022-02-19 15:12:43,5,47,18.2,70,9,1004.4,1009.3,2,2.7,10,90.9,0
2022-02-19 15:17:43,5,47,18.2,71,8.7,1004.3,1009.2,2.7,3.1,10,90.9,0
2022-02-19 15:22:43,5,47,18.2,72,8.6,1004.3,1009.2,2.7,3.4,10,90.9,0
2022-02-19 15:27:43,5,47,18.1,73,8.5,1004.2,1009.1,2.7,3.7,8,90.9,0
2022-02-19 15:32:43,5,47,18.1,75,8.5,1004.2,1009.1,2.7,3.4,10,90.9,0
2022-02-19 15:37:43,5,47,18.1,76,8.5,1004.3,1009.2,3.1,3.7,10,90.9,0
2022-02-19 15:42:43,5,47,18.1,77,8.4,1004.3,1009.2,2.7,3.7,10,90.9,0
2022-02-19 15:47:43,5,47,18,78,8.4,1004.2,1009.1,3.7,5.1,9,90.9,0
2022-02-19 15:52:43,5,48,17.9,79,8.3,1004,1008.9,3.1,3.7,12,90.9,0
2022-02-19 15:57:43,5,47,18,80,8.3,1004.1,1009,4.1,5.1,10,90.9,0
2022-02-19 16:02:43,5,47,18,80,8.3,1004,1008.9,2.7,3.1,10,90.9,0
2022-02-19 16:07:43,5,47,18,81,8.2,1004,1008.9,3.1,3.7,10,90.9,0
2022-02-19 16:12:43,5,48,17.9,81,8.2,1003.9,1008.8,2.4,3.1,10,90.9,0
2022-02-19 16:17:43,5,48,17.9,82,8.2,1004,1008.9,2.7,3.7,9,90.9,0
2022-02-19 16:22:43,5,48,17.9,82,8.2,1003.9,1008.8,2,2.7,10,90.9,0
2022-02-19 16:27:43,5,48,17.9,83,8.2,1003.8,1008.7,2.7,3.1,10,90.9,0
2022-02-19 16:32:43,5,48,17.9,83,8.2,1003.9,1008.8,2.4,2.7,10,91.2,0
2022-02-19 16:37:43,5,48,17.8,83,8.2,1003.8,1008.7,2.4,2.7,10,91.2,0
2022-02-19 16:42:43,5,48,17.8,84,8.4,1003.8,1008.7,2.7,3.4,10,91.2,0
2022-02-19 16:47:43,5,48,17.7,84,8.5,1003.6,1008.5,3.7,4.8,10,91.2,0
2022-02-19 16:52:43,5,48,17.8,85,8.6,1003.6,1008.5,3.1,3.4,10,91.2,0
2022-02-19 16:57:43,5,48,17.7,85,8.6,1003.5,1008.4,2.7,3.1,10,91.2,0
2022-02-19 17:02:43,5,48,17.7,85,8.6,1003.3,1008.2,2.7,3.1,10,91.2,0
2022-02-19 17:07:43,5,48,17.7,85,8.7,1003.3,1008.2,2.7,3.4,8,91.2,0
2022-02-19 17:12:43,5,48,17.7,86,8.7,1003.2,1008.1,2.7,3.4,10,91.5,0
2022-02-19 17:17:43,5,48,17.7,86,8.8,1002.9,1007.8,3.4,4.4,10,91.5,0
2022-02-19 17:22:43,5,48,17.7,86,8.8,1002.8,1007.7,3.4,4.8,8,91.5,0
2022-02-19 17:27:43,5,48,17.7,87,8.8,1002.9,1007.8,4.1,5.1,10,91.5,0
2022-02-19 17:32:43,5,48,17.7,87,8.8,1002.8,1007.7,4.8,5.4,10,91.5,0
2022-02-19 17:37:43,5,48,17.6,87,8.9,1002.6,1007.5,3.7,5.1,8,91.5,0
2022-02-19 17:42:43,5,48,17.6,88,8.9,1002.7,1007.6,4.4,5.1,10,91.8,0
2022-02-19 17:47:43,5,48,17.6,88,9,1002.8,1007.7,4.8,6.1,10,91.8,0
2022-02-19 17:52:43,5,48,17.6,89,9.1,1002.6,1007.5,4.8,5.8,10,91.8,0
2022-02-19 17:57:43,5,48,17.6,89,9.2,1002.6,1007.5,4.4,6.1,10,92.1,0
2022-02-19 18:02:43,5,48,17.6,89,9.3,1002.6,1007.5,5.8,8.5,10,92.1,0
2022-02-19 18:07:43,5,48,17.5,90,9.3,1002.6,1007.5,5.4,6.1,9,92.1,0
2022-02-19 18:12:43,5,48,17.5,90,9.4,1002.6,1007.5,4.8,5.8,10,92.1,0
2022-02-19 18:17:43,5,48,17.5,90,9.7,1002.5,1007.4,7.5,9.2,10,92.1,0
2022-02-19 18:22:43,5,48,17.5,90,10.1,1002.8,1007.7,5.4,6.8,10,92.1,0
2022-02-19 18:27:43,5,48,17.5,90,10.3,1002.5,1007.4,6.8,10.2,10,92.4,0
2022-02-19 18:32:43,5,48,17.4,90,10.4,1002.6,1007.5,7.8,10.2,10,92.4,0
2022-02-19 18:37:43,5,48,17.5,90,10.4,1002.5,1007.4,7.8,8.8,10,92.4,0
2022-02-19 18:42:43,5,48,17.4,89,10.6,1002.6,1007.5,6.8,8.2,10,92.4,0
2022-02-19 18:47:43,5,49,17.4,88,10.6,1002.5,1007.4,7.5,8.8,12,92.4,0
2022-02-19 18:52:43,5,49,17.4,88,10.6,1002.4,1007.3,6.1,8.2,9,92.4,0
2022-02-19 18:57:43,5,49,17.4,88,10.6,1002.6,1007.5,6.5,7.8,10,92.4,0
2022-02-19 19:02:43,5,49,17.4,88,10.6,1002.7,1007.6,5.8,7.1,10,92.4,0
2022-02-19 19:07:43,5,49,17.4,88,10.5,1002.5,1007.4,5.8,7.8,12,92.4,0
2022-02-19 19:12:43,5,49,17.3,88,10.5,1002.7,1007.6,5.8,7.5,10,92.4,0
2022-02-19 19:17:43,5,49,17.3,88,10.6,1002.5,1007.4,7.1,9.5,10,92.4,0
2022-02-19 19:22:43,5,49,17.3,88,10.6,1002.5,1007.4,6.1,8.5,10,92.4,0
2022-02-19 19:27:43,5,49,17.3,88,10.6,1002.5,1007.4,7.8,10.2,12,92.4,0
2022-02-19 19:32:43,5,49,17.3,88,10.6,1002.5,1007.4,7.1,10.2,8,92.4,0
2022-02-19 19:37:43,5,49,17.3,87,10.7,1002.4,1007.3,7.5,9.2,10,92.4,0
2022-02-19 19:42:43,5,49,17.3,87,10.7,1002.7,1007.6,6.5,7.8,10,92.4,0
2022-02-19 19:47:43,5,49,17.3,87,10.7,1002.8,1007.7,9.2,11.6,8,92.4,0
2022-02-19 19:52:43,5,50,17.3,86,10.8,1002.4,1007.3,5.4,8.2,12,92.4,0
2022-02-19 19:57:43,5,50,17.3,86,10.7,1002.7,1007.6,6.5,7.8,8,92.4,0
2022-02-19 20:02:43,5,50,17.3,86,10.8,1002.3,1007.2,8.5,11.2,10,92.4,0
2022-02-19 20:07:43,5,50,17.3,85,10.8,1002.3,1007.2,6.1,7.8,10,92.4,0
2022-02-19 20:12:43,5,50,17.4,85,10.9,1002.3,1007.2,7.1,8.5,12,92.4,0
2022-02-19 20:17:43,5,50,17.4,84,10.9,1002.3,1007.2,5.4,6.1,10,92.4,0
2022-02-19 20:22:43,5,50,17.5,84,11,1002.4,1007.3,5.8,7.5,10,92.4,0
2022-02-19 20:27:43,5,51,17.5,83,11,1002.3,1007.2,7.1,8.5,10,92.4,0
2022-02-19 20:32:43,5,50,17.5,83,11,1002.5,1007.4,7.1,9.5,10,92.4,0
2022-02-19 20:37:43,5,51,17.5,83,11,1002.3,1007.2,7.1,9.2,10,92.4,0
2022-02-19 20:42:43,5,51,17.6,83,10.9,1002.2,1007.1,5.8,7.5,10,92.4,0
2022-02-19 20:47:43,5,51,17.5,83,10.9,1002.3,1007.2,6.1,7.5,10,92.4,0
2022-02-19 20:52:43,5,51,17.5,83,10.9,1002.4,1007.3,6.1,7.5,10,92.4,0
2022-02-19 20:57:43,5,51,17.6,,,1002.3,1007.2,,,,92.4,64
2022-02-19 21:02:43,5,51,17.6,83,10.8,1002.2,1007.1,5.4,6.8,12,92.4,0
2022-02-19 21:07:43,5,51,17.7,83,10.8,1002,1006.9,4.8,6.5,12,92.4,0
2022-02-19 21:12:43,5,51,17.7,82,10.9,1002.2,1007.1,5.4,6.5,2,92.4,0
2022-02-19 21:17:43,5,51,17.7,82,10.9,1002.3,1007.2,5.8,8.2,10,93.3,0
2022-02-19 21:22:43,5,51,17.7,82,10.8,1002.1,1007,5.8,6.8,10,93.3,0
2022-02-19 21:27:43,5,51,17.7,82,10.7,1002.2,1007.1,5.8,7.5,10,93.3,0
2022-02-19 21:32:43,5,51,17.7,82,10.7,1002.3,1007.2,5.1,6.1,10,93.3,0
2022-02-19 21:37:43,5,51,17.8,82,10.8,1002.3,1007.2,5.8,6.8,10,93.3,0
2022-02-19 21:42:43,5,51,17.8,82,10.8,1002.3,1007.2,6.8,8.8,10,93.3,0
2022-02-19 21:47:43,5,51,17.8,82,10.8,1002.3,1007.2,9.5,11.6,10,93.3,0
2022-02-19 21:52:43,5,51,17.8,81,10.9,1002.3,1007.2,8.5,10.5,10,93.3,0
2022-02-19 21:57:43,5,51,17.8,81,10.9,1002.4,1007.3,6.8,9.5,10,93.3,0
2022-02-19 22:02:43,5,52,17.8,81,10.9,1002.5,1007.4,8.2,10.2,11,93.3,0
2022-02-19 22:07:43,5,52,17.9,81,10.9,1002.1,1007,7.5,9.9,10,93.3,0
2022-02-19 22:12:43,5,52,17.9,81,10.9,1002.2,1007.1,6.8,9.2,10,93.3,0
2022-02-19 22:17:43,5,52,17.9,81,10.9,1002.2,1007.1,7.5,9.9,10,93.3,0
2022-02-19 22:22:43,5,52,17.9,81,10.9,1002.2,1007.1,6.5,7.5,8,93.3,0
2022-02-19 22:27:43,5,52,17.9,80,11,1002.1,1007,9.5,11.6,10,93.3,0
2022-02-19 22:32:43,5,52,17.9,80,11,1002,1006.9,7.8,9.2,10,93.3,0
2022-02-19 22:37:43,5,52,17.9,80,11,1001.9,1006.8,7.8,9.2,8,93.3,0
2022-02-19 22:42:43,5,52,18,80,11.1,1002,1006.9,11.2,14.3,10,93.3,0
2022-02-19 22:47:43,5,52,18,80,11.1,1001.7,1006.6,7.5,10.9,10,93.3,0
2022-02-19 22:52:43,5,52,17.9,79,11.2,1001.9,1006.8,7.8,10.2,8,93.3,0
2022-02-19 22:57:43,5,53,18,79,11.2,1001.7,1006.6,7.1,9.9,10,93.3,0
2022-02-19 23:02:43,5,52,17.9,79,11.1,1001.4,1006.3,6.8,7.8,13,93.3,0
2022-02-19 23:07:43,5,52,17.9,79,11.1,1001.5,1006.4,5.8,7.1,10,93.3,0
2022-02-19 23:12:43,5,52,17.9,80,11,1001.4,1006.3,6.1,8.2,12,93.3,0
2022-02-19 23:17:43,5,53,18,80,11.1,1001.4,1006.3,6.1,7.5,10,93.3,0
2022-02-19 23:22:43,5,53,18,80,11,1001.2,1006.1,7.5,9.5,9,93.3,0
2022-02-19 23:27:43,5,53,18,80,11.1,1001.3,1006.2,8.2,10.5,8,93.3,0
2022-02-19 23:32:43,5,53,18,80,11.1,1001.1,1006,7.5,11.2,10,93.3,0
2022-02-19 23:37:43,5,53,18,80,11.1,1001.2,1006.1,6.5,7.8,10,93.3,0
2022-02-19 23:42:43,5,53,18.1,80,11.1,1001.3,1006.2,8.5,10.2,10,93.3,0
2022-02-19 23:47:43,5,53,18.1,80,11.1,1001.2,1006.1,7.1,9.2,10,93.3,0
2022-02-19 23:52:43,5,53,18.1,79,11.2,1000.8,1005.7,7.1,8.8,10,93.3,0
2022-02-19 23:57:43,5,53,18.1,79,11.1,1000.7,1005.6,6.1,7.5,10,93.3,0
