2020-09-06 00:02:00,5,58,22,94,12.9,1018.3,1023.2,0.7,1,10,849,0
2020-09-06 00:07:00,5,59,21.9,94,12.9,1018.2,1023.1,1,1.4,10,849,0
2020-09-06 00:12:00,5,59,21.9,94,12.8,1018.3,1023.2,1,1.4,10,849,0
2020-09-06 00:17:00,5,59,21.9,94,12.8,1018.3,1023.2,0.7,1,10,849,0
2020-09-06 00:22:00,5,59,21.9,94,12.8,1018.3,1023.2,0.7,1,10,849,0
2020-09-06 00:27:00,5,59,21.9,94,13,1018.2,1023.1,1,1.7,12,849,0
2020-09-06 00:32:00,5,59,21.8,94,13.1,1018.1,1023,0.7,1.4,10,849,0
2020-09-06 00:37:00,5,59,21.8,94,13.1,1018,1022.9,0.7,1,12,849,0
2020-09-06 00:42:00,5,59,21.7,94,13.1,1018,1022.9,1,1.4,0,849,0
2020-09-06 00:47:00,5,59,21.6,94,13,1018.1,1023,0.7,1.4,12,849,0
2020-09-06 00:52:00,5,59,21.6,94,13,1018,1022.9,1,1.4,12,849,0
2020-09-06 00:57:00,5,59,21.5,94,12.9,1018.2,1023.1,0.7,1,10,849,0
2020-09-06 01:02:00,5,59,21.5,94,12.8,1018.1,1023,0.3,0.7,9,849,0
2020-09-06 01:07:00,5,59,21.5,94,12.9,1018.2,1023.1,0.3,0.7,10,849,0
2020-09-06 01:12:00,5,59,21.5,94,12.8,1018.1,1023,0.3,1,10,849,0
2020-09-06 01:17:00,5,59,21.5,94,12.7,1018.1,1023,0.3,0.7,10,849,0
2020-09-06 01:22:00,5,59,21.5,94,12.6,1018.1,1023,0.3,0.7,12,849,0
2020-09-06 01:27:00,5,59,21.2,94,12.5,1018.2,1023.1,0,0,10,849,0
2020-09-06 01:32:00,5,59,21.2,94,12.5,1018.3,1023.2,0.7,0.7,10,849,0
2020-09-06 01:37:00,5,59,21.2,94,12.5,1018.1,1023,0.7,1.4,10,849,0
2020-09-06 01:42:00,5,59,21.2,94,12.7,1018.4,1023.3,1,1.4,12,849,0
2020-09-06 01:47:00,5,59,21.2,94,12.8,1018,1022.9,1,1.4,12,849,0
2020-09-06 01:52:00,5,59,21.2,94,12.9,1018.1,1023,0.7,1,12,849,0
2020-09-06 01:57:00,5,59,21.2,94,13,1018.2,1023.1,0.7,1,10,849,0
2020-09-06 02:02:00,5,59,21.2,94,13,1018.1,1023,0.3,0.7,10,849,0
2020-09-06 02:07:00,5,59,21.2,95,13.1,1018.1,1023,0.3,0.7,10,849,0
2020-09-06 02:12:00,5,60,21.2,95,13.1,1018,1022.9,0.7,1,12,849,0
2020-09-06 02:17:00,5,60,21.1,95,13.1,1018,1022.9,0.3,0.7,12,849,0
2020-09-06 02:22:00,5,60,21.2,95,13.1,1018.1,1023,0.7,1,14,849,0
2020-09-06 02:27:00,5,60,21.1,95,13.1,1018.1,1023,0.7,0.7,14,849,0
2020-09-06 02:32:00,5,60,21.1,95,13.1,1018.2,1023.1,0.7,1,14,849,0
2020-09-06 02:37:00,5,60,21.1,95,13.1,1018.2,1023.1,0.3,0.7,14,849,0
2020-09-06 02:42:00,5,60,21,95,13.1,1018.1,1023,0.7,1,14,849,0
2020-09-06 02:47:00,5,60,21,95,13.1,1018,1022.9,1.4,1.7,14,849,0
2020-09-06 02:52:00,5,60,21,95,13.1,1018.2,1023.1,1,1.4,14,849,0
2020-09-06 02:57:00,5,60,21,95,13,1018.1,1023,0.7,1,14,849,0
2020-09-06 03:02:00,5,60,21,95,13,1018.2,1023.1,0.7,0.7,14,849,0
2020-09-06 03:07:00,5,60,21,95,13,1018,1022.9,0.7,1,14,849,0
2020-09-06 03:12:00,5,61,20.9,95,13,1018,1022.9,0.3,1,14,849,0
2020-09-06 03:17:00,5,61,20.9,95,13,1018.1,1023,0.7,1,14,849,0
2020-09-06 03:22:00,5,61,20.9,95,13,1017.9,1022.8,0.7,1.4,14,849,0
2020-09-06 03:27:00,5,61,20.8,94,12.9,1018,1022.9,0.3,0.7,14,849,0
2020-09-06 03:32:00,5,61,20.9,94,12.7,1017.9,1022.8,0.3,0.7,14,849,0
2020-09-06 03:37:00,5,61,20.9,94,12.6,1018,1022.9,0.3,0.3,14,849,0
2020-09-06 03:42:00,5,61,20.9,94,12.6,1017.9,1022.8,0.3,0.7,0,849,0
2020-09-06 03:47:00,5,61,20.8,94,12.5,1017.8,1022.7,0.3,0.7,0,849,0
2020-09-06 03:52:00,5,61,20.8,97,12.4,1017.8,1022.7,0.3,0.7,0,849,0
2020-09-06 03:57:00,5,61,20.8,97,12.4,1017.9,1022.8,0.3,0.7,0,849,0
2020-09-06 04:02:00,5,61,20.8,97,12.4,1017.8,1022.7,0.3,0.7,0,849,0
2020-09-06 04:07:00,5,61,20.7,94,12.5,1017.8,1022.7,0.7,1,0,849,0
2020-09-06 04:12:00,5,61,20.7,94,12.6,1017.7,1022.6,0.7,1,0,849,0
2020-09-06 04:17:00,5,61,20.7,94,12.6,1017.9,1022.8,0.7,1,0,849,0
2020-09-06 04:22:00,5,61,20.7,94,12.6,1017.8,1022.7,0.3,0.7,0,849,0
2020-09-06 04:27:00,5,61,20.7,94,12.6,1017.7,1022.6,0.7,1,0,849,0
2020-09-06 04:32:00,5,61,20.7,94,12.6,1017.8,1022.7,0.3,0.7,0,849,0
2020-09-06 04:37:00,5,61,20.7,94,12.7,1017.9,1022.8,0.7,1,0,849,0
2020-09-06 04:42:00,5,61,20.7,94,12.8,1017.7,1022.6,0.7,1,0,849,0
2020-09-06 04:47:00,5,61,20.7,94,12.8,1017.7,1022.6,0.7,1.4,0,849,0
2020-09-06 04:52:00,5,61,20.7,95,12.8,1017.8,1022.7,0.7,1,0,849,0
2020-09-06 04:57:00,5,61,20.7,95,12.9,1017.7,1022.6,0.3,1,0,849,0
2020-09-06 05:02:00,5,61,20.7,95,13,1017.7,1022.6,0.7,1,0,849,0
2020-09-06 05:07:00,5,61,20.7,95,13.1,1017.7,1022.6,1,1.4,0,849,0
2020-09-06 05:12:00,5,61,20.7,95,13.2,1017.7,1022.6,1,1.4,0,849,0
2020-09-06 05:17:00,5,61,20.7,95,13.2,1017.8,1022.7,0.7,1.4,0,849,0
2020-09-06 05:22:00,5,61,20.7,95,13.2,1017.8,1022.7,0.7,1,0,849,0
2020-09-06 05:27:00,5,61,20.7,95,13.2,1017.8,1022.7,1,1.4,0,849,0
2020-09-06 05:32:00,5,61,20.6,95,13.2,1017.7,1022.6,1,1.4,14,849,0
2020-09-06 05:37:00,5,61,20.6,95,13.3,1017.8,1022.7,0.7,1,0,849,0
2020-09-06 05:42:00,5,61,20.6,95,13.3,1017.9,1022.8,0.7,1,0,849,0
2020-09-06 05:47:00,5,61,20.6,95,13.3,1017.8,1022.7,1,1.4,14,849,0
2020-09-06 05:52:00,5,61,20.6,95,13.3,1018,1022.9,1.7,2.4,14,849,0
2020-09-06 05:57:00,5,61,20.6,95,13.3,1018.1,1023,1,1.4,0,849,0
2020-09-06 06:02:00,5,61,20.6,95,13.2,1018.2,1023.1,2,3.1,10,849,0
2020-09-06 06:07:00,5,61,20.6,95,13.2,1018.2,1023.1,1,1.7,12,849,0
2020-09-06 06:12:00,5,61,20.5,95,13.1,1018.4,1023.3,0.7,1,8,849,0
2020-09-06 06:17:00,5,61,20.6,95,13,1018.1,1023,2.4,3.7,0,849,0
2020-09-06 06:22:00,5,61,20.6,94,12.9,1018.4,1023.3,1.4,2,14,849,0
2020-09-06 06:27:00,5,61,20.6,94,12.8,1018.3,1023.2,2.7,3.7,12,849,0
2020-09-06 06:32:00,5,61,20.5,94,12.8,1018.4,1023.3,1.4,2.4,10,849,0
2020-09-06 06:37:00,5,61,20.5,93,12.8,1018.4,1023.3,1.7,2,14,849,0
2020-09-06 06:42:00,5,61,20.6,93,12.8,1018.5,1023.4,1.4,2,12,849,0
2020-09-06 06:47:00,5,61,20.5,93,12.9,1018.5,1023.4,1.4,2,12,849,0
2020-09-06 06:52:00,5,61,20.5,93,13.2,1018.7,1023.6,1,2,14,849,0
2020-09-06 06:57:00,5,61,20.5,92,13.2,1018.5,1023.4,0.7,1,10,849,0
2020-09-06 07:02:00,5,61,20.6,92,13.1,1018.6,1023.5,1,1.4,14,849,0
2020-09-06 07:07:00,5,61,20.6,92,13,1018.6,1023.5,1.4,1.7,14,849,0
2020-09-06 07:12:00,5,61,20.6,92,13,1018.7,1023.6,1.7,2,10,849,0
2020-09-06 07:17:00,5,61,20.5,91,13,1018.7,1023.6,1,1.7,12,849,0
2020-09-06 07:22:00,5,61,20.6,91,13.1,1018.8,1023.7,1,1.4,14,849,0
2020-09-06 07:27:00,5,61,20.6,91,13.1,1019,1023.9,0.7,1,14,849,0
2020-09-06 07:32:00,5,61,20.6,91,13.2,1019,1023.9,1,1.7,12,849,0
2020-09-06 07:37:00,5,61,20.6,91,13.2,1018.9,1023.8,0.7,1,14,849,0
2020-09-06 07:42:00,5,61,20.5,91,13.4,1018.8,1023.7,0.7,1.4,14,849,0
2020-09-06 07:47:00,5,61,20.5,91,13.7,1018.8,1023.7,0.7,1,14,849,0
2020-09-06 07:52:00,5,61,20.5,90,13.7,1019,1023.9,0.3,0.7,10,849,0
2020-09-06 07:57:00,5,61,20.5,90,13.6,1019.1,1024,0.7,1,9,849,0
2020-09-06 08:02:00,5,61,20.6,89,14,1019.2,1024.1,1.4,2,0,849.3,0
2020-09-06 08:07:00,5,61,20.6,89,14.5,1019.2,1024.1,1,1.4,14,849.3,0
2020-09-06 08:12:00,5,61,20.6,87,14.9,1019.4,1024.3,1.7,2,14,849.3,0
2020-09-06 08:17:00,5,61,20.6,83,14.8,1019.3,1024.2,1.7,2,14,849.3,0
2020-09-06 08:22:00,5,61,20.7,81,14.7,1019.5,1024.4,2.7,3.4,2,849.3,0
2020-09-06 08:27:00,5,61,20.7,80,14.9,1019.4,1024.3,2,3.4,14,849.3,0
2020-09-06 08:32:00,5,61,20.7,80,14.9,1019.5,1024.4,2,3.1,14,849.3,0
2020-09-06 08:37:00,5,61,20.7,78,14.6,1019.4,1024.3,2.4,3.1,12,849.3,0
2020-09-06 08:42:00,5,61,20.7,79,14.8,1019.3,1024.2,3.4,4.1,14,849.3,0
2020-09-06 08:47:00,5,61,20.7,78,15.2,1019.4,1024.3,3.1,3.7,12,849.3,0
2020-09-06 08:52:00,5,61,20.7,75,14.9,1019.4,1024.3,2.4,3.7,12,849.3,0
2020-09-06 08:57:00,5,61,20.7,76,14.7,1019.6,1024.5,2,2.7,14,849.3,0
2020-09-06 09:02:00,5,61,20.8,77,14.6,1019.5,1024.4,2,2.7,12,849.3,0
2020-09-06 09:07:00,5,61,20.8,77,14.7,1019.5,1024.4,2,3.1,12,849.3,0
2020-09-06 09:12:00,5,60,20.8,76,14.6,1019.6,1024.5,2.7,4.1,12,849.3,0
2020-09-06 09:17:00,5,60,20.7,75,14.7,1019.6,1024.5,2.7,3.4,10,849.3,0
2020-09-06 09:22:00,5,59,20.7,75,15.1,1019.6,1024.5,2.7,3.4,12,849.3,0
2020-09-06 09:27:00,5,59,20.7,74,15.1,1019.6,1024.5,2.7,3.4,12,849.3,0
2020-09-06 09:32:00,5,59,20.7,74,15,1019.6,1024.5,2.7,3.4,14,849.3,0
2020-09-06 09:37:00,5,59,20.7,75,15.2,1019.7,1024.6,2,3.1,12,849.3,0
2020-09-06 09:42:00,5,59,20.7,75,15.3,1019.6,1024.5,1.7,3.1,14,849.3,0
2020-09-06 09:47:00,5,60,20.7,73,15,1019.8,1024.7,2.4,3.1,0,849.3,0
2020-09-06 09:52:00,5,60,20.7,73,15,1019.7,1024.6,2.7,4.4,14,849.3,0
2020-09-06 09:57:00,5,60,20.8,75,15,1019.7,1024.6,1.7,2.4,12,849.3,0
2020-09-06 10:02:00,5,60,20.8,75,15.2,1019.7,1024.6,1.4,1.7,10,849.3,0
2020-09-06 10:07:00,5,60,20.8,74,15.3,1019.8,1024.7,1.7,2.4,12,849.3,0
2020-09-06 10:12:00,5,60,20.8,73,15.4,1019.8,1024.7,1.7,2.4,12,849.3,0
2020-09-06 10:17:00,5,60,20.9,73,15.7,1019.8,1024.7,2,2.7,14,849.3,0
2020-09-06 10:22:00,5,60,20.9,71,15.6,1019.9,1024.8,1.4,1.7,12,849.3,0
2020-09-06 10:27:00,5,60,20.9,72,15.7,1019.9,1024.8,2.4,3.4,12,849.3,0
2020-09-06 10:32:00,5,60,20.9,72,15.7,1019.9,1024.8,2.7,3.1,14,849.3,0
2020-09-06 10:37:00,5,60,20.9,72,16.3,1019.9,1024.8,2,2.7,12,849.3,0
2020-09-06 10:42:00,5,59,21,73,17,1020,1024.9,1.4,2,12,849.3,0
2020-09-06 10:47:00,5,59,21,70,16.9,1020,1024.9,2.7,3.4,14,849.3,0
2020-09-06 10:52:00,5,59,21,70,16.9,1020.2,1025.1,2.7,3.4,14,849.3,0
2020-09-06 10:57:00,5,59,21,69,16.4,1020.1,1025,3.4,4.4,12,849.3,0
2020-09-06 11:02:00,5,59,21,70,15.9,1020.4,1025.3,3.4,4.4,12,849.3,0
2020-09-06 11:07:00,5,59,21,71,16.2,1020.1,1025,1.7,2.7,12,849.3,0
2020-09-06 11:12:00,5,59,21.1,70,16.1,1020.1,1025,1.7,2,14,849.3,0
2020-09-06 11:17:00,5,59,21,70,15.8,1020.1,1025,1.7,2.4,14,849.3,0
2020-09-06 11:22:00,5,60,21.1,71,15.6,1020.4,1025.3,3.4,4.1,14,849.3,0
2020-09-06 11:27:00,5,60,21.1,72,15.3,1020.3,1025.2,1.7,2,2,849.3,0
2020-09-06 11:32:00,5,60,21.1,73,15.3,1020.2,1025.1,2,3.1,0,849.3,0
2020-09-06 11:37:00,5,59,21.2,73,15.4,1020.3,1025.2,2.4,3.1,14,849.3,0
2020-09-06 11:42:00,5,59,21.1,72,15.2,1020.4,1025.3,2.7,3.1,12,849.3,0
2020-09-06 11:47:00,5,59,21.1,72,15.3,1020.3,1025.2,3.4,4.4,14,849.3,0
2020-09-06 11:52:00,5,59,21.2,72,15.3,1020.3,1025.2,2.4,3.1,14,849.3,0
2020-09-06 11:57:00,5,59,21.2,71,15.3,1020.5,1025.4,1,1.7,12,849.3,0
2020-09-06 12:02:00,5,58,21.2,71,15.4,1020.4,1025.3,1.7,2.4,12,849.3,0
2020-09-06 12:07:00,5,56,21.2,71,15.5,1020.3,1025.2,1.7,2.4,14,849.3,0
2020-09-06 12:12:00,5,56,21.1,70,15.7,1020.3,1025.2,1.7,2,10,849.3,0
2020-09-06 12:17:00,5,55,21.1,70,16,1020.3,1025.2,2,2.7,12,849.3,0
2020-09-06 12:22:00,5,56,21.1,70,16.4,1020.3,1025.2,1.7,2.4,14,849.3,0
2020-09-06 12:27:00,5,56,21.2,68,16.6,1020,1024.9,1,1.7,12,849.3,0
2020-09-06 12:32:00,5,56,21.1,65,17.7,1020.2,1025.1,1.4,1.7,14,849.3,0
2020-09-06 12:37:00,5,56,21.2,62,17.9,1020.4,1025.3,1.7,2.4,12,849.3,0
2020-09-06 12:42:00,5,56,21.2,62,17.5,1020.3,1025.2,0.7,1,10,849.3,0
2020-09-06 12:47:00,5,56,21.2,65,16.6,1020.4,1025.3,3.4,4.1,14,849.3,0
2020-09-06 12:52:00,5,56,21.1,67,16.2,1020.4,1025.3,2,2.7,0,849.3,0
2020-09-06 12:57:00,5,56,21.2,67,16,1020.5,1025.4,2.4,3.4,14,849.3,0
2020-09-06 13:02:00,5,56,21.2,68,16.3,1020.5,1025.4,0.7,1.4,12,849.3,0
2020-09-06 13:07:00,5,56,21.2,70,16.8,1020.6,1025.5,1,1.4,12,849.3,0
2020-09-06 13:12:00,5,56,21.2,67,17,1020.5,1025.4,2,2.4,10,849.3,0
2020-09-06 13:17:00,5,56,21.2,66,17.2,1020.4,1025.3,1.7,2,12,849.3,0
2020-09-06 13:22:00,5,56,21.2,66,17.2,1020.4,1025.3,2,3.1,14,849.3,0
2020-09-06 13:27:00,5,57,21.2,66,17,1020.6,1025.5,2,2.7,2,849.3,0
2020-09-06 13:32:00,5,56,21.2,66,16.7,1020.8,1025.7,2.4,3.1,14,849.3,0
2020-09-06 13:37:00,5,57,21.2,67,16.6,1020.8,1025.7,3.1,4.4,10,849.3,0
2020-09-06 13:42:00,5,57,21.2,68,16.3,1020.7,1025.6,2.7,3.4,0,849.3,0
2020-09-06 13:47:00,5,57,21.2,68,16.3,1020.6,1025.5,2.7,3.1,0,849.3,0
2020-09-06 13:52:00,5,57,21.2,70,16.4,1020.8,1025.7,1.7,2,14,849.3,0
2020-09-06 13:57:00,5,57,21.2,68,16.3,1020.8,1025.7,2,3.1,0,849.3,0
2020-09-06 14:02:00,5,57,21.2,69,16.3,1020.8,1025.7,1.7,2.4,14,849.3,0
2020-09-06 14:07:00,5,57,21.4,70,16.5,1020.8,1025.7,1,2.4,14,849.3,0
2020-09-06 14:12:00,5,57,21.4,68,16.6,1020.7,1025.6,1,2,0,849.3,0
2020-09-06 14:17:00,5,57,21.5,69,17,1020.8,1025.7,1,1.7,12,849.3,0
2020-09-06 14:22:00,5,57,21.4,68,17.3,1020.6,1025.5,0.7,1,10,849.3,0
2020-09-06 14:27:00,5,57,21.5,64,17.5,1020.5,1025.4,1,1.4,12,849.3,0
2020-09-06 14:32:00,5,57,21.4,63,17.6,1020.5,1025.4,1.7,2,14,849.3,0
2020-09-06 14:37:00,5,57,21.4,63,17.5,1020.6,1025.5,0.7,1,10,849.3,0
2020-09-06 14:42:00,5,57,21.5,62,17.5,1020.6,1025.5,1.7,2,12,849.3,0
2020-09-06 14:47:00,5,57,21.4,62,17.5,1020.6,1025.5,1.7,2.7,12,849.3,0
2020-09-06 14:52:00,5,57,21.5,63,17.8,1020.6,1025.5,2,3.1,12,849.3,0
2020-09-06 14:57:00,5,57,21.5,61,17.8,1020.7,1025.6,1.7,2.4,14,849.3,0
2020-09-06 15:02:00,5,57,21.5,62,18,1020.5,1025.4,1,1.7,12,849.3,0
2020-09-06 15:07:00,5,57,21.6,60,18.6,1020.3,1025.2,2,2.7,8,849.3,0
2020-09-06 15:12:00,5,57,21.8,60,18.6,1020.3,1025.2,1.4,2,12,849.3,0
2020-09-06 15:17:00,5,57,21.8,60,18.2,1020.4,1025.3,1.7,2.4,14,849.3,0
2020-09-06 15:22:00,5,57,21.9,61,18.3,1020.4,1025.3,2,2.4,10,849.3,0
2020-09-06 15:27:00,5,57,21.9,60,18,1020.4,1025.3,0.7,1.4,12,849.3,0
2020-09-06 15:32:00,5,56,22,61,18.9,1020.4,1025.3,1.7,2.4,12,849.3,0
2020-09-06 15:37:00,5,57,22,60,19.2,1020.2,1025.1,0.3,1,10,849.3,0
2020-09-06 15:42:00,5,57,22.1,58,19.8,1020.1,1025,0.7,0.7,12,849.3,0
2020-09-06 15:47:00,5,57,22.2,55,20,1020.2,1025.1,1,1.4,14,849.3,0
2020-09-06 15:52:00,5,57,22.3,54,20.1,1020.2,1025.1,1.4,2.4,14,849.3,0
2020-09-06 15:57:00,5,57,22.5,54,19.7,1020.1,1025,0.7,1,10,849.3,0
2020-09-06 16:02:00,5,57,22.6,56,19.2,1020,1024.9,0.3,0.3,14,849.3,0
2020-09-06 16:07:00,5,56,22.7,58,19.2,1020.1,1025,0.7,1,10,849.3,0
2020-09-06 16:12:00,5,56,22.7,57,19.7,1020,1024.9,1,1.7,12,849.3,0
2020-09-06 16:17:00,5,56,22.9,58,19.8,1020.2,1025.1,1,1.4,10,849.3,0
2020-09-06 16:22:00,5,55,23,56,19.1,1020.2,1025.1,1,1.4,12,849.3,0
2020-09-06 16:27:00,5,55,23,60,18,1020.2,1025.1,0.7,1,12,849.3,0
2020-09-06 16:32:00,5,55,23,64,17.4,1020.2,1025.1,0.3,1,10,849.3,0
2020-09-06 16:37:00,5,55,23,66,17.1,1020.1,1025,1,1.4,10,849.3,0
2020-09-06 16:42:00,5,55,23,69,17,1019.9,1024.8,1,1.4,10,849.3,0
2020-09-06 16:47:00,5,54,23.1,70,17.3,1019.9,1024.8,0.7,1,12,849.3,0
2020-09-06 16:52:00,5,54,23.2,70,17.4,1020,1024.9,1,1.4,12,849.3,0
2020-09-06 16:57:00,5,54,23.2,70,17.1,1019.8,1024.7,1.4,1.7,12,849.3,0
2020-09-06 17:02:00,5,54,23.2,70,17,1020,1024.9,0.7,1.4,14,849.3,0
2020-09-06 17:07:00,5,54,23.2,71,17,1020.1,1025,0.7,1.4,10,849.3,0
2020-09-06 17:12:00,5,54,23.1,71,16.9,1020,1024.9,0.7,1.4,10,849.3,0
2020-09-06 17:17:00,5,54,23.1,71,16.8,1020.1,1025,0.7,1,10,849.3,0
2020-09-06 17:22:00,5,54,23,71,16.5,1020.1,1025,1,1.4,10,849.3,0
2020-09-06 17:27:00,5,54,22.9,72,16.3,1020.1,1025,1.4,1.7,12,849.3,0
2020-09-06 17:32:00,5,54,22.9,73,16.2,1020.1,1025,1,1.4,10,849.3,0
2020-09-06 17:37:00,5,54,22.8,74,16.2,1020,1024.9,1.4,2,12,849.3,0
2020-09-06 17:42:00,5,54,22.8,74,16.1,1020.2,1025.1,1,1.4,10,849.3,0
2020-09-06 17:47:00,5,54,22.8,74,16,1020.2,1025.1,1,1.7,12,849.3,0
2020-09-06 17:52:00,5,54,22.7,74,16,1020.3,1025.2,0.7,1,10,849.3,0
2020-09-06 17:57:00,5,54,22.6,74,15.9,1020.2,1025.1,1,1.4,10,849.3,0
2020-09-06 18:02:00,5,54,22.6,74,15.8,1020.3,1025.2,1.4,1.7,12,849.3,0
2020-09-06 18:07:00,5,54,22.5,75,15.7,1020.5,1025.4,1,1.4,12,849.3,0
2020-09-06 18:12:00,5,54,22.5,75,15.6,1020.6,1025.5,0.7,1.4,10,849.3,0
2020-09-06 18:17:00,5,54,22.4,76,15.4,1020.4,1025.3,1,1.7,12,849.3,0
2020-09-06 18:22:00,5,54,22.4,77,15.3,1020.4,1025.3,0.7,1,10,849.3,0
2020-09-06 18:27:00,5,54,22.4,77,15.2,1020.5,1025.4,1,1.7,10,849.3,0
2020-09-06 18:32:00,5,54,22.4,78,15.1,1020.5,1025.4,1,1.7,10,849.3,0
2020-09-06 18:37:00,5,54,22.4,79,15,1020.4,1025.3,0.7,1.4,10,849.3,0
2020-09-06 18:42:00,5,54,22.3,79,15,1020.5,1025.4,1,1.7,10,849.3,0
2020-09-06 18:47:00,5,54,22.3,80,14.9,1020.6,1025.5,1.4,1.7,12,849.3,0
2020-09-06 18:52:00,5,54,22.2,80,14.8,1020.6,1025.5,1.4,1.7,12,849.3,0
2020-09-06 18:57:00,5,54,22.2,80,14.8,1020.7,1025.6,1,1.7,10,849.3,0
2020-09-06 19:02:00,5,54,22.1,80,14.7,1020.8,1025.7,1.4,1.7,10,849.3,0
2020-09-06 19:07:00,5,54,22.1,80,14.7,1021,1025.9,1.4,1.7,10,849.3,0
2020-09-06 19:12:00,5,54,22,81,14.6,1020.9,1025.8,1.4,1.7,12,849.3,0
2020-09-06 19:17:00,5,54,22,81,14.5,1020.8,1025.7,0.7,1,10,849.3,0
2020-09-06 19:22:00,5,54,22,81,14.4,1020.8,1025.7,1.4,1.7,12,849.3,0
2020-09-06 19:27:00,5,55,21.9,81,14.2,1021,1025.9,1.4,2.4,12,849.3,0
2020-09-06 19:32:00,5,56,21.9,81,14.2,1020.9,1025.8,0.7,1.4,10,849.3,0
2020-09-06 19:37:00,5,56,21.8,81,14.1,1021,1025.9,0.7,1.4,12,849.3,0
2020-09-06 19:42:00,5,56,21.8,81,14.1,1020.9,1025.8,0.7,1.4,10,849.3,0
2020-09-06 19:47:00,5,56,21.8,82,14.1,1021.1,1026,0.7,1,10,849.3,0
2020-09-06 19:52:00,5,56,21.6,82,14.1,1021,1025.9,0.7,1,,849.3,0
2020-09-06 19:57:00,5,56,21.6,82,14.1,1021.1,1026,1,1.4,12,849.3,0
2020-09-06 20:02:00,5,57,21.6,83,14.1,1021,1025.9,0.7,1,10,849.3,0
2020-09-06 20:07:00,5,57,21.6,83,14.1,1021.1,1026,1,1.4,12,849.3,0
2020-09-06 20:12:00,5,57,21.6,83,14,1021,1025.9,0.7,1,10,849.3,0
2020-09-06 20:17:00,5,58,21.6,83,13.9,1021.1,1026,1,1.4,12,849.3,0
2020-09-06 20:22:00,5,58,21.7,83,13.8,1021,1025.9,0.7,1,10,849.3,0
2020-09-06 20:27:00,5,58,21.8,83,13.8,1021,1025.9,0.7,1,10,849.3,0
2020-09-06 20:32:00,5,58,21.8,84,13.7,1021.2,1026.1,1,1.4,12,849.3,0
2020-09-06 20:37:00,5,59,21.8,84,13.6,1021.1,1026,0.7,1,12,849.3,0
2020-09-06 20:42:00,5,59,21.9,84,13.6,1021.1,1026,1,1.4,10,849.3,0
2020-09-06 20:47:00,5,59,21.9,84,13.6,1021.2,1026.1,0.7,1.4,10,849.3,0
2020-09-06 20:52:00,5,59,21.9,85,13.6,1021.2,1026.1,0.7,1,10,849.3,0
2020-09-06 20:57:00,5,58,22,85,13.6,1021.3,1026.2,0.7,1.4,10,849.3,0
2020-09-06 21:02:00,5,58,22,85,13.6,1021.1,1026,0.3,0.7,10,849.3,0
2020-09-06 21:07:00,5,58,22.1,85,13.5,1021,1025.9,1,1.7,10,849.3,0
2020-09-06 21:12:00,5,58,22.1,85,13.4,1020.9,1025.8,0.7,1,12,849.3,0
2020-09-06 21:17:00,5,57,22.1,86,13.3,1021,1025.9,0.7,1,10,849.3,0
2020-09-06 21:22:00,5,57,22.1,86,13.3,1020.8,1025.7,0.7,1,10,849.3,0
2020-09-06 21:27:00,5,57,22.1,86,13.3,1021,1025.9,0.3,0.7,10,849.3,0
2020-09-06 21:32:00,5,57,22.1,86,13.4,1020.9,1025.8,0.7,1,10,849.3,0
2020-09-06 21:37:00,5,57,22.1,87,13.4,1020.8,1025.7,1,1.4,10,849.3,0
2020-09-06 21:42:00,5,57,22.2,87,13.4,1020.8,1025.7,0.7,1,10,849.3,0
2020-09-06 21:47:00,5,57,22.1,87,13.4,1020.7,1025.6,0.7,1,10,849.3,0
2020-09-06 21:52:00,5,57,22.1,88,13.5,1020.8,1025.7,1,1.4,8,849.3,0
2020-09-06 21:57:00,5,57,22.1,88,13.5,1020.7,1025.6,0.7,1,10,849.3,0
2020-09-06 22:02:00,5,56,22,88,13.5,1020.8,1025.7,0.7,1,10,849.3,0
2020-09-06 22:07:00,5,56,22,88,13.5,1020.8,1025.7,1,1.4,10,849.3,0
2020-09-06 22:12:00,5,58,21.9,89,13.5,1020.7,1025.6,0.7,1.4,8,849.3,0
2020-09-06 22:17:00,5,58,21.9,89,13.5,1020.5,1025.4,0.3,0.7,10,849.3,0
2020-09-06 22:22:00,5,58,21.8,89,13.6,1020.6,1025.5,0.7,1,10,849.3,0
2020-09-06 22:27:00,5,58,21.8,89,13.6,1020.5,1025.4,0.7,1,10,849.3,0
2020-09-06 22:32:00,5,58,21.6,90,13.6,1020.6,1025.5,0.7,1,12,849.3,0
2020-09-06 22:37:00,5,58,21.6,90,13.6,1020.7,1025.6,0.3,1,10,849.3,0
2020-09-06 22:42:00,5,58,21.5,90,13.6,1020.6,1025.5,1,1.4,10,849.3,0
2020-09-06 22:47:00,5,58,21.5,90,13.6,1020.6,1025.5,1,1.4,10,849.3,0
2020-09-06 22:52:00,5,58,21.5,90,13.6,1020.6,1025.5,1,1.4,12,849.3,0
2020-09-06 22:57:00,5,58,21.4,90,13.6,1020.5,1025.4,1,1.7,8,849.3,0
2020-09-06 23:02:01,5,58,21.4,90,13.6,1020.3,1025.2,1,1.4,10,849.3,0
2020-09-06 23:07:00,5,58,21.4,91,13.6,1020.2,1025.1,1.4,1.7,10,849.3,0
2020-09-06 23:12:00,5,58,21.2,91,13.6,1020.5,1025.4,1,1.4,12,849.3,0
2020-09-06 23:17:00,5,58,21.2,91,13.6,1020.4,1025.3,0.7,1.4,12,849.3,0
2020-09-06 23:22:00,5,59,21.2,91,13.6,1020.2,1025.1,0.7,1,4,849.3,0
2020-09-06 23:27:00,5,59,21.2,91,13.6,1020.2,1025.1,1.4,2,10,849.3,0
2020-09-06 23:32:00,5,59,21.2,91,13.6,1020.2,1025.1,1.4,2,10,849.3,0
2020-09-06 23:37:00,5,59,21.2,,,1020,1024.9,,,,849.3,64
2020-09-06 23:42:00,5,59,21.2,91,13.7,1020.3,1025.2,1.4,1.7,12,849.3,0
2020-09-06 23:47:00,5,59,21.2,92,13.7,1020.1,1025,0.3,0.7,0,849.3,0
2020-09-06 23:52:00,5,59,21.1,92,13.7,1020,1024.9,1,1.4,10,849.3,0
2020-09-06 23:57:00,5,59,21.1,92,13.7,1020.2,1025.1,1.4,2,12,849.3,0
