2023-08-16 00:02:27,5,58,22.8,87,12.5,1019.4,1024.3,0,0,8,195.9,0
2023-08-16 00:07:27,5,58,22.7,90,12.3,1019.4,1024.3,0,0,8,195.9,0
2023-08-16 00:12:27,5,58,22.7,90,12.1,1019.4,1024.3,0.3,0.3,4,195.9,0
2023-08-16 00:17:27,5,58,22.7,90,12.1,1019.5,1024.4,0,0.3,4,195.9,0
2023-08-16 00:22:27,5,58,22.6,90,12.2,1019.5,1024.4,0,0,4,195.9,0
2023-08-16 00:27:27,5,58,22.6,90,12,1019.6,1024.5,0.7,1,4,195.9,0
2023-08-16 00:32:27,5,58,22.6,90,11.9,1019.5,1024.4,0,0,4,195.9,0
2023-08-16 00:37:27,5,58,22.6,90,11.7,1019.6,1024.5,0,0,4,195.9,0
2023-08-16 00:42:27,5,58,22.6,90,11.5,1019.6,1024.5,0,0,4,195.9,0
2023-08-16 00:47:27,5,58,22.5,90,11.5,1019.6,1024.5,0,0.3,4,195.9,0
2023-08-16 00:52:27,5,58,22.5,90,11.5,1019.5,1024.4,0,0.3,4,195.9,0
2023-08-16 00:57:27,5,58,22.5,90,11.5,1019.6,1024.5,0,0,4,195.9,0
2023-08-16 01:02:27,5,58,22.5,90,11.5,1019.5,1024.4,0,0,4,195.9,0
2023-08-16 01:07:27,5,58,22.5,90,11.5,1019.7,1024.6,0,0,4,195.9,0
2023-08-16 01:12:27,5,58,22.4,90,11.3,1019.6,1024.5,0,0,4,195.9,0
2023-08-16 01:17:27,5,58,22.4,90,11.2,1019.7,1024.6,0,0,4,195.9,0
2023-08-16 01:22:27,5,58,22.4,90,11.1,1019.8,1024.7,0,0,4,195.9,0
2023-08-16 01:27:27,5,58,22.4,90,11.1,1019.8,1024.7,0,0,4,195.9,0
2023-08-16 01:32:27,5,58,22.3,90,11.1,1019.7,1024.6,0,0,4,195.9,0
2023-08-16 01:37:27,5,58,22.3,91,11.2,1019.7,1024.6,0,0,4,195.9,0
2023-08-16 01:42:27,5,58,22.3,91,11.2,1019.9,1024.8,0,0,4,195.9,0
2023-08-16 01:47:27,5,58,22.3,91,11.2,1019.8,1024.7,0,0,4,195.9,0
2023-08-16 01:52:27,5,58,22.3,91,11.3,1019.7,1024.6,0,0,4,195.9,0
2023-08-16 01:57:27,5,58,22.3,91,11.4,1019.7,1024.6,0,0,4,195.9,0
2023-08-16 02:02:27,5,58,22.2,91,11.5,1019.7,1024.6,0,0,4,195.9,0
2023-08-16 02:07:27,5,58,22.2,91,11.5,1019.8,1024.7,0,0,4,195.9,0
2023-08-16 02:12:27,5,58,22.2,91,11.5,1019.7,1024.6,0,0,4,195.9,0
2023-08-16 02:17:27,5,58,22.1,91,11.5,1019.5,1024.4,0,0,4,195.9,0
2023-08-16 02:22:27,5,58,22.1,91,11.5,1019.8,1024.7,0,0,4,195.9,0
2023-08-16 02:27:27,5,58,22.1,91,11.5,1019.7,1024.6,0,0,4,195.9,0
2023-08-16 02:32:27,5,58,22.2,91,11.6,1019.7,1024.6,0,0,4,195.9,0
2023-08-16 02:37:27,5,58,22.1,91,11.6,1019.6,1024.5,0,0,4,195.9,0
2023-08-16 02:42:27,5,58,22.1,91,11.6,1019.8,1024.7,0,0,4,195.9,0
2023-08-16 02:47:27,5,58,22.1,91,11.6,1019.7,1024.6,0,0,4,195.9,0
2023-08-16 02:52:27,5,58,22.1,91,11.7,1019.9,1024.8,0,0,4,195.9,0
2023-08-16 02:57:27,5,58,22,92,11.8,1019.8,1024.7,0,0,4,195.9,0
2023-08-16 03:02:27,5,58,22,92,11.9,1019.8,1024.7,0,0,4,195.9,0
2023-08-16 03:07:27,5,58,22,92,12,1019.6,1024.5,0,0,4,195.9,0
2023-08-16 03:12:27,5,59,22,92,12,1019.8,1024.7,0,0,4,195.9,0
2023-08-16 03:17:27,5,59,22,92,12.1,1019.8,1024.7,0,0,4,195.9,0
2023-08-16 03:22:27,5,59,22,92,12,1019.8,1024.7,0,0,4,195.9,0
2023-08-16 03:27:27,5,59,22,92,12,1019.7,1024.6,0,0,4,195.9,0
2023-08-16 03:32:27,5,59,22,92,12.1,1019.8,1024.7,0,0,4,195.9,0
2023-08-16 03:37:27,5,59,22,92,12,1019.8,1024.7,0,0,4,195.9,0
2023-08-16 03:42:27,5,59,22,92,11.8,1019.7,1024.6,0,0,4,195.9,0
2023-08-16 03:47:27,5,60,21.9,92,11.9,1019.6,1024.5,0,0,4,195.9,0
2023-08-16 03:52:27,5,60,21.9,92,12,1019.7,1024.6,0,0,4,195.9,0
2023-08-16 03:57:27,5,60,21.9,92,12.1,1019.8,1024.7,0,0,4,195.9,0
2023-08-16 04:02:27,5,60,21.9,92,12.1,1019.7,1024.6,0,0,4,195.9,0
2023-08-16 04:07:27,5,60,21.9,92,12.2,1019.7,1024.6,0,0,4,195.9,0
2023-08-16 04:12:27,5,60,21.9,92,12.2,1019.7,1024.6,0,0,4,195.9,0
2023-08-16 04:17:27,5,60,21.9,92,12.2,1019.9,1024.8,0,0,4,195.9,0
2023-08-16 04:22:27,5,60,21.9,92,12.3,1019.8,1024.7,0,0,4,195.9,0
2023-08-16 04:27:27,5,60,21.9,92,12.3,1019.9,1024.8,0,0,4,195.9,0
2023-08-16 04:32:27,5,60,21.9,92,12.3,1019.8,1024.7,0,0,4,195.9,0
2023-08-16 04:37:27,5,60,21.9,92,12.3,1019.8,1024.7,0,0,4,195.9,0
2023-08-16 04:42:27,5,60,21.8,92,12.4,1019.9,1024.8,0,0,4,195.9,0
2023-08-16 04:47:27,5,60,21.8,92,12.4,1020,1024.9,0,0,4,195.9,0
2023-08-16 04:52:27,5,60,21.8,92,12.4,1019.7,1024.6,0,0,4,195.9,0
2023-08-16 04:57:27,5,60,21.8,92,12.4,1019.7,1024.6,0,0.3,4,195.9,0
2023-08-16 05:02:27,5,60,21.8,92,12.4,1019.8,1024.7,0,0.3,4,195.9,0
2023-08-16 05:07:27,5,60,21.8,92,12.4,1019.9,1024.8,0,0,4,195.9,0
2023-08-16 05:12:27,5,60,21.8,90,12.5,1019.9,1024.8,0,0.3,4,195.9,0
2023-08-16 05:17:27,5,60,21.7,90,12.5,1019.9,1024.8,0,0,4,195.9,0
2023-08-16 05:22:27,5,60,21.7,90,12.5,1019.9,1024.8,0,0,4,195.9,0
2023-08-16 05:27:27,5,60,21.7,90,12.5,1019.9,1024.8,0,0,4,195.9,0
2023-08-16 05:32:27,5,60,21.7,90,12.5,1019.9,1024.8,0,0,4,195.9,0
2023-08-16 05:37:27,5,60,21.7,90,12.5,1020,1024.9,0,0,4,195.9,0
2023-08-16 05:42:27,5,60,21.7,90,12.6,1019.8,1024.7,0,0,4,195.9,0
2023-08-16 05:47:27,5,60,21.7,90,12.6,1020,1024.9,0,0,4,195.9,0
2023-08-16 05:52:27,5,60,21.7,90,12.6,1020.1,1025,0,0,4,195.9,0
2023-08-16 05:57:27,5,60,21.7,90,12.6,1020.1,1025,0,0,4,195.9,0
2023-08-16 06:02:27,5,60,21.7,90,12.6,1020,1024.9,0,0,4,195.9,0
2023-08-16 06:07:27,5,60,21.7,90,12.7,1020,1024.9,0,0,4,195.9,0
2023-08-16 06:12:27,5,60,21.7,90,12.8,1020,1024.9,0,0,4,195.9,0
2023-08-16 06:17:27,5,60,21.7,90,12.9,1020.1,1025,0,0,,195.9,0
2023-08-16 06:22:27,5,60,21.7,90,12.9,1020.3,1025.2,0,0,,195.9,0
2023-08-16 06:27:27,5,60,21.7,90,13,1020.2,1025.1,0,0,,195.9,0
2023-08-16 06:32:27,5,60,21.7,90,13.1,1020.2,1025.1,0,0,,195.9,0
2023-08-16 06:37:27,5,60,21.7,90,13.2,1020.1,1025,0,0,,195.9,0
2023-08-16 06:42:27,5,60,21.6,90,13.3,1020.2,1025.1,0,0,,195.9,0
2023-08-16 06:47:27,5,60,21.7,90,13.4,1020.3,1025.2,0,0,,195.9,0
2023-08-16 06:52:27,5,60,21.7,91,13.6,1020.2,1025.1,0,0,,195.9,0
2023-08-16 06:57:27,5,60,21.7,91,13.7,1020.3,1025.2,0,0,,195.9,0
2023-08-16 07:02:27,5,60,21.7,91,13.7,1020.3,1025.2,0,0,4,195.9,0
2023-08-16 07:07:27,5,60,21.7,91,13.7,1020.3,1025.2,0,0,4,195.9,0
2023-08-16 07:12:27,5,60,21.7,91,13.7,1020.4,1025.3,0,0,4,195.9,0
2023-08-16 07:17:27,5,60,21.7,91,13.8,1020.3,1025.2,0,0,4,195.9,0
2023-08-16 07:22:27,5,60,21.8,91,13.8,1020.3,1025.2,0,0,4,195.9,0
2023-08-16 07:27:27,5,60,21.7,91,13.9,1020.1,1025,0,0.7,4,195.9,0
2023-08-16 07:32:27,5,60,21.8,91,14,1020.2,1025.1,0,0.3,4,195.9,0
2023-08-16 07:37:27,5,60,21.8,91,14.1,1020.3,1025.2,0,0,4,195.9,0
2023-08-16 07:42:27,5,60,21.8,90,14.3,1020.4,1025.3,0,0,,195.9,0
2023-08-16 07:47:27,5,60,21.8,90,14.4,1020.5,1025.4,0,0,4,195.9,0
2023-08-16 07:52:27,5,61,21.8,90,14.3,1020.3,1025.2,0,0.3,4,195.9,0
2023-08-16 07:57:27,5,61,21.8,90,14.5,1020.5,1025.4,0,0,4,195.9,0
2023-08-16 08:02:28,5,61,21.8,89,14.7,1020.5,1025.4,0,0,4,195.9,0
2023-08-16 08:07:27,5,61,21.8,89,14.9,1020.7,1025.6,0,0,4,195.9,0
2023-08-16 08:12:27,5,61,21.8,88,15,1020.6,1025.5,0,0,4,195.9,0
2023-08-16 08:17:27,5,61,21.9,88,15.1,1020.8,1025.7,0,0,4,195.9,0
2023-08-16 08:22:27,5,61,21.8,87,15.2,1020.6,1025.5,0,0,4,195.9,0
2023-08-16 08:27:27,5,61,21.9,86,15.1,1020.7,1025.6,0,0,4,195.9,0
2023-08-16 08:32:27,5,61,22,85,15.2,1020.8,1025.7,0,0,4,195.9,0
2023-08-16 08:37:27,5,61,22.1,84,15.1,1020.7,1025.6,0,0,,195.9,0
2023-08-16 08:42:27,5,62,22.2,84,15.1,1020.8,1025.7,0,0,,195.9,0
2023-08-16 08:47:27,5,61,22.1,84,15.1,1020.7,1025.6,0,0,4,195.9,0
2023-08-16 08:52:27,5,61,22.3,84,15.1,1020.7,1025.6,0,0,,195.9,0
2023-08-16 08:57:27,5,61,22.3,84,15,1020.7,1025.6,0,0,4,195.9,0
2023-08-16 09:02:27,5,61,22.4,85,15,1020.7,1025.6,0,0,4,195.9,0
2023-08-16 09:07:27,5,62,22.4,85,15,1020.6,1025.5,0,0.3,2,195.9,0
2023-08-16 09:12:27,5,62,22.5,85,15,1020.8,1025.7,0,0.3,0,195.9,0
2023-08-16 09:17:27,5,61,22.5,85,14.9,1020.8,1025.7,0,0,0,195.9,0
2023-08-16 09:22:27,5,61,22.5,85,14.9,1020.7,1025.6,0,0.3,0,195.9,0
2023-08-16 09:27:27,5,62,22.5,85,14.9,1020.7,1025.6,1,1.7,0,195.9,0
2023-08-16 09:32:27,5,62,22.5,86,14.7,1020.7,1025.6,1.4,1.7,0,195.9,0
2023-08-16 09:37:27,5,62,22.6,86,14.8,1020.7,1025.6,1,1.7,0,195.9,0
2023-08-16 09:42:27,5,61,22.6,86,14.9,1020.7,1025.6,1.7,2,0,195.9,0
2023-08-16 09:47:27,5,61,22.6,87,15.1,1020.8,1025.7,1.7,2,2,195.9,0
2023-08-16 09:52:27,5,61,22.6,87,15.2,1020.8,1025.7,1.4,1.7,2,195.9,0
2023-08-16 09:57:27,5,61,22.6,88,15.5,1020.7,1025.6,1.4,1.7,0,195.9,0
2023-08-16 10:02:27,5,61,22.6,87,15.8,1020.8,1025.7,1.4,1.7,2,195.9,0
2023-08-16 10:07:27,5,61,22.7,86,16,1020.6,1025.5,1.4,2,2,195.9,0
2023-08-16 10:12:27,5,61,22.7,84,16.1,1020.8,1025.7,1.4,1.7,2,195.9,0
2023-08-16 10:17:27,5,61,22.8,83,16.4,1020.7,1025.6,0.7,1.4,2,195.9,0
2023-08-16 10:22:27,5,61,22.8,81,16.7,1020.7,1025.6,1,1.4,2,195.9,0
2023-08-16 10:27:27,5,61,22.8,80,17,1020.7,1025.6,1.7,2.4,0,195.9,0
2023-08-16 10:32:27,5,61,22.9,78,17.2,1020.7,1025.6,1,1.7,2,195.9,0
2023-08-16 10:37:27,5,61,22.9,76,17.3,1020.6,1025.5,1,1.7,0,195.9,0
2023-08-16 10:42:27,5,61,22.9,73,17.7,1020.6,1025.5,1.4,1.7,0,195.9,0
2023-08-16 10:47:27,5,62,23,72,17.7,1020.5,1025.4,0.7,1,2,195.9,0
2023-08-16 10:52:27,5,62,23,72,17.8,1020.5,1025.4,1,2,0,195.9,0
2023-08-16 10:57:27,5,62,23,71,17.7,1020.6,1025.5,1.7,2,14,195.9,0
2023-08-16 11:02:27,5,62,23,71,17.6,1020.6,1025.5,1,1.7,14,195.9,0
2023-08-16 11:07:27,5,62,23,71,17.6,1020.4,1025.3,1.7,2.4,15,195.9,0
2023-08-16 11:12:27,5,62,23.1,71,17.7,1020.5,1025.4,1,2,0,195.9,0
2023-08-16 11:17:27,5,62,23.1,71,17.7,1020.4,1025.3,2,2.4,0,195.9,0
2023-08-16 11:22:27,5,62,23.2,71,17.8,1020.5,1025.4,1,1.7,0,195.9,0
2023-08-16 11:27:27,5,62,23.2,71,17.9,1020.3,1025.2,1.4,2.4,2,195.9,0
2023-08-16 11:32:27,5,62,23.2,71,18.1,1020.4,1025.3,1.4,2.4,0,195.9,0
2023-08-16 11:37:27,5,63,23.2,70,18.2,1020.4,1025.3,1.7,2.4,0,195.9,0
2023-08-16 11:42:27,5,63,23.3,70,18.7,1020.2,1025.1,2.4,2.7,0,195.9,0
2023-08-16 11:47:27,5,63,23.3,70,19.3,1020.2,1025.1,2,2.7,2,195.9,0
2023-08-16 11:52:27,5,63,23.4,67,19.2,1020.4,1025.3,1.7,2.4,0,195.9,0
2023-08-16 11:57:27,5,63,23.5,66,19.2,1020.2,1025.1,2,2.4,2,195.9,0
2023-08-16 12:02:27,5,63,23.5,67,19,1020.2,1025.1,1,2,0,195.9,0
2023-08-16 12:07:27,5,63,23.5,67,19,1020.2,1025.1,1.4,1.7,0,195.9,0
2023-08-16 12:12:27,5,63,23.5,69,19.2,1020.1,1025,1.7,2.4,0,195.9,0
2023-08-16 12:17:27,5,63,23.5,66,19.1,1019.9,1024.8,1.4,1.7,0,195.9,0
2023-08-16 12:22:27,5,63,23.5,68,19.5,1020.1,1025,0.7,1.4,0,195.9,0
2023-08-16 12:27:27,5,63,23.5,66,19.8,1020.1,1025,0.3,0.7,,195.9,0
2023-08-16 12:32:27,5,63,23.5,65,19.7,1020.1,1025,1.4,1.7,,195.9,0
2023-08-16 12:37:27,5,63,23.5,65,19.4,1019.9,1024.8,1.4,2,14,195.9,0
2023-08-16 12:42:27,5,63,23.5,67,19.7,1019.9,1024.8,1,1.7,0,195.9,0
2023-08-16 12:47:27,5,63,23.5,65,20,1020,1024.9,1.7,2.7,0,195.9,0
2023-08-16 12:52:27,5,63,23.5,63,20.2,1019.8,1024.7,1,1.7,0,195.9,0
2023-08-16 12:57:27,5,63,23.4,62,20,1019.7,1024.6,0.7,1.4,0,195.9,0
2023-08-16 13:02:27,5,63,23.4,63,19.8,1019.9,1024.8,1.4,1.7,0,195.9,0
2023-08-16 13:07:27,5,62,23.4,64,19.6,1019.8,1024.7,1.4,2.4,0,195.9,0
2023-08-16 13:12:27,5,61,23.4,63,19.6,1019.8,1024.7,1.4,1.7,0,195.9,0
2023-08-16 13:17:27,5,60,23.4,63,19.9,1019.8,1024.7,1,1.7,0,195.9,0
2023-08-16 13:22:27,5,59,23.4,63,20,1019.6,1024.5,1.7,2,0,195.9,0
2023-08-16 13:27:27,5,59,23.3,63,20,1019.6,1024.5,1.7,2.4,2,195.9,0
2023-08-16 13:32:27,5,59,23.3,63,19.9,1019.5,1024.4,0.7,1.4,0,195.9,0
2023-08-16 13:37:27,5,58,23.3,63,20,1019.5,1024.4,1.7,2,0,195.9,0
2023-08-16 13:42:27,5,58,23.3,63,20.1,1019.4,1024.3,1.7,2,0,195.9,0
2023-08-16 13:47:27,5,58,23.4,62,20.3,1019.4,1024.3,2,2.7,1,195.9,0
2023-08-16 13:52:27,5,58,23.3,62,20.4,1019.3,1024.2,0.7,1.4,14,195.9,0
2023-08-16 13:57:27,5,58,23.4,62,20.6,1019.3,1024.2,2.4,3.4,0,195.9,0
2023-08-16 14:02:27,5,58,23.4,61,21,1019.2,1024.1,2,2.7,4,195.9,0
2023-08-16 14:07:27,5,58,23.5,59,21,1019.3,1024.2,2,3.1,0,195.9,0
2023-08-16 14:12:27,5,58,23.5,59,21.2,1019.2,1024.1,2.4,3.1,4,195.9,0
2023-08-16 14:17:27,5,57,23.6,57,22,1019.1,1024,1.7,2.4,2,195.9,0
2023-08-16 14:22:27,5,57,23.6,56,21.8,1019,1023.9,2.7,3.1,2,195.9,0
2023-08-16 14:27:27,5,57,23.6,58,21,1019.1,1024,2.7,4.4,0,195.9,0
2023-08-16 14:32:27,5,57,23.7,60,20.9,1019,1023.9,1.4,2.4,2,195.9,0
2023-08-16 14:37:27,5,56,23.7,60,20.9,1019,1023.9,2,2.7,,195.9,0
2023-08-16 14:42:27,5,56,23.6,60,20.7,1018.8,1023.7,2,2.4,4,195.9,0
2023-08-16 14:47:27,5,56,23.7,60,21.2,1018.8,1023.7,2,2.4,2,195.9,0
2023-08-16 14:52:27,5,56,23.7,58,21.7,1018.9,1023.8,1.4,1.7,0,195.9,0
2023-08-16 14:57:27,5,56,23.7,54,21.8,1019,1023.9,2.4,3.1,2,195.9,0
2023-08-16 15:02:27,5,55,23.7,56,21,1018.9,1023.8,2.7,3.1,4,195.9,0
2023-08-16 15:07:27,5,55,23.7,60,21,1018.8,1023.7,2,2.7,,195.9,0
2023-08-16 15:12:27,5,55,23.7,61,21.6,1018.7,1023.6,1.7,2,0,195.9,0
2023-08-16 15:17:27,5,55,23.7,59,22,1018.8,1023.7,3.1,4.1,4,195.9,0
2023-08-16 15:22:27,5,55,23.8,58,21.5,1018.9,1023.8,2.4,3.4,4,195.9,0
2023-08-16 15:27:27,5,55,23.8,57,21.3,1018.8,1023.7,1.7,2.4,,195.9,0
2023-08-16 15:32:27,5,55,23.8,57,21.1,1018.9,1023.8,2,2.7,4,195.9,0
2023-08-16 15:37:27,5,55,23.9,60,21.1,1018.8,1023.7,0.7,1.4,,195.9,0
2023-08-16 15:42:27,5,54,24,58,21.2,1018.8,1023.7,1.7,2.4,,195.9,0
2023-08-16 15:47:27,5,54,24,58,21.3,1018.7,1023.6,1.7,2.7,4,195.9,0
2023-08-16 15:52:27,5,53,24,59,21.3,1018.7,1023.6,2,2.7,4,195.9,0
2023-08-16 15:57:27,5,53,24.1,59,21.1,1018.6,1023.5,1.7,2.4,,195.9,0
2023-08-16 16:02:27,5,53,24.1,60,21,1018.7,1023.6,1.4,2,,195.9,0
2023-08-16 16:07:27,5,53,24.1,59,20.8,1018.7,1023.6,2,2.7,4,195.9,0
2023-08-16 16:12:27,5,53,24.1,60,20.6,1018.6,1023.5,1.4,1.7,2,195.9,0
2023-08-16 16:17:27,5,53,24,61,20.4,1018.4,1023.3,1.7,2.4,4,195.9,0
2023-08-16 16:22:27,5,53,23.9,61,20.2,1018.8,1023.7,1.4,2,2,195.9,0
2023-08-16 16:27:27,5,53,23.9,61,20.4,1018.6,1023.5,1.4,2.4,4,195.9,0
2023-08-16 16:32:27,5,53,23.9,61,20.5,1018.5,1023.4,2,3.1,0,195.9,0
2023-08-16 16:37:27,5,54,23.9,61,20.5,1018.6,1023.5,2,2.7,,195.9,0
2023-08-16 16:42:27,5,54,23.8,62,20.7,1018.7,1023.6,2.4,3.4,,195.9,0
2023-08-16 16:47:27,5,54,23.8,61,20.7,1018.6,1023.5,2.4,3.4,4,195.9,0
2023-08-16 16:52:27,5,54,23.7,61,21,1018.5,1023.4,2.7,4.4,0,195.9,0
2023-08-16 16:57:27,5,54,23.8,61,20.7,1018.5,1023.4,1.4,1.7,,195.9,0
2023-08-16 17:02:27,5,54,23.8,62,20.4,1018.6,1023.5,1,1.7,,195.9,0
2023-08-16 17:07:27,5,54,23.7,62,20.3,1018.3,1023.2,1,1.4,4,195.9,0
2023-08-16 17:12:27,5,54,23.7,63,20.2,1018.5,1023.4,1.7,2,,195.9,0
2023-08-16 17:17:27,5,54,23.6,62,20.1,1018.4,1023.3,2.4,2.7,0,195.9,0
2023-08-16 17:22:27,5,54,23.6,63,20.2,1018.4,1023.3,1.7,2.7,0,195.9,0
2023-08-16 17:27:27,5,54,23.5,62,20.4,1018.5,1023.4,2,2.7,4,195.9,0
2023-08-16 17:32:27,5,55,23.6,62,21,1018.5,1023.4,2.7,3.4,4,195.9,0
2023-08-16 17:37:27,5,55,23.6,61,20.6,1018.4,1023.3,2.7,4.1,2,195.9,0
2023-08-16 17:42:27,5,55,23.6,62,20.2,1018.3,1023.2,1.7,2.4,4,195.9,0
2023-08-16 17:47:27,5,55,23.6,63,20.3,1018.2,1023.1,1.7,2.4,0,195.9,0
2023-08-16 17:52:27,5,56,23.6,62,20.7,1018.2,1023.1,2,3.4,2,195.9,0
2023-08-16 17:57:27,5,56,23.6,62,20.8,1018.2,1023.1,1.4,1.7,4,195.9,0
2023-08-16 18:02:27,5,56,23.6,62,20.9,1018.1,1023,2.4,3.4,4,195.9,0
2023-08-16 18:07:27,5,56,23.6,62,20.7,1018.2,1023.1,2.4,3.7,,195.9,0
2023-08-16 18:12:27,5,56,23.6,63,20.5,1018,1022.9,1.7,2.4,4,195.9,0
2023-08-16 18:17:27,5,57,23.6,64,20.2,1018.1,1023,2,3.1,4,195.9,0
2023-08-16 18:22:27,5,57,23.6,65,20,1018.1,1023,1,1.7,4,195.9,0
2023-08-16 18:27:27,5,57,23.5,65,20,1018,1022.9,1,1.7,2,195.9,0
2023-08-16 18:32:27,5,57,23.5,65,19.8,1018,1022.9,2.4,3.4,4,195.9,0
2023-08-16 18:37:27,5,57,23.5,65,19.8,1017.9,1022.8,1.7,2.4,4,195.9,0
2023-08-16 18:42:27,5,57,23.5,66,19.7,1018.1,1023,1.7,2.7,4,195.9,0
2023-08-16 18:47:27,5,57,23.5,67,19.5,1018,1022.9,1.7,2.4,2,195.9,0
2023-08-16 18:52:27,5,58,23.4,68,19.3,1018,1022.9,1.7,2.7,2,195.9,0
2023-08-16 18:58:27,6,58,23.3,69,19.1,1018.1,1023,2.4,3.4,4,195.9,0
2023-08-16 19:03:27,5,58,23.3,70,18.9,1018.1,1023,2,2.7,2,195.9,0
2023-08-16 19:08:27,5,58,23.3,70,18.7,1018.3,1023.2,2,3.1,4,195.9,0
2023-08-16 19:14:27,6,58,23.3,70,18.7,1018.1,1023,3.1,4.4,4,195.9,0
2023-08-16 19:19:27,5,58,23.2,70,18.6,1018,1022.9,1.7,2.4,,195.9,0
2023-08-16 19:24:27,5,58,23.2,70,18.4,1018.1,1023,1.4,1.7,,195.9,0
2023-08-16 19:30:27,6,58,23.2,71,18.2,1018,1022.9,1.4,1.7,,195.9,0
2023-08-16 19:35:27,5,58,23.2,71,18,1018.2,1023.1,1,1.4,,195.9,0
2023-08-16 19:40:27,5,58,23.2,71,17.8,1018.2,1023.1,1,1.7,4,195.9,0
2023-08-16 19:46:26,6,58,23.1,72,17.7,1018.3,1023.2,1.4,2,4,195.9,0
2023-08-16 19:51:26,5,58,23.1,72,17.6,1018.2,1023.1,1,1.4,4,195.9,0
2023-08-16 19:56:26,5,58,23.1,72,17.5,1018.3,1023.2,1,1.4,4,195.9,0
2023-08-16 20:02:26,6,58,23,75,17.2,1018.3,1023.2,0.7,1.4,4,195.9,0
2023-08-16 20:07:26,5,58,23,75,17,1018.3,1023.2,0.7,1,4,195.9,0
2023-08-16 20:12:26,5,59,23,76,16.8,1018.4,1023.3,1,1.4,4,195.9,0
2023-08-16 20:18:26,6,59,23,77,16.5,1018.5,1023.4,1,1.4,4,195.9,0
2023-08-16 20:23:26,5,59,23,77,16.2,1018.5,1023.4,0.7,1,4,195.9,0
2023-08-16 20:28:26,5,59,23,78,16,1018.4,1023.3,1,1.4,4,195.9,0
2023-08-16 20:34:26,6,59,23,79,15.8,1018.4,1023.3,1,1.7,4,195.9,0
2023-08-16 20:39:26,5,59,23,80,15.8,1018.4,1023.3,1.4,1.7,4,195.9,0
2023-08-16 20:44:26,5,59,23,80,15.7,1018.3,1023.2,1,1.4,4,195.9,0
2023-08-16 20:50:26,6,60,23,80,15.5,1018.5,1023.4,1.4,1.7,4,195.9,0
2023-08-16 20:55:26,5,60,23,80,15.4,1018.6,1023.5,1,1.4,,195.9,0
2023-08-16 21:00:26,5,60,23,80,15.3,1018.5,1023.4,1,1.7,4,195.9,0
2023-08-16 21:06:26,6,60,22.9,80,15.3,1018.5,1023.4,1.7,2.4,4,195.9,0
2023-08-16 21:11:26,5,60,22.9,80,15.1,1018.5,1023.4,1,1.4,4,195.9,0
2023-08-16 21:16:26,5,60,22.9,80,15,1018.6,1023.5,1.4,1.7,4,195.9,0
2023-08-16 21:22:26,6,60,22.9,80,15,1018.7,1023.6,1.4,2,4,195.9,0
2023-08-16 21:27:26,5,60,22.9,80,15,1018.6,1023.5,1.4,1.7,4,195.9,0
2023-08-16 21:32:26,5,60,23,81,15,1018.7,1023.6,1.4,1.7,2,195.9,0
2023-08-16 21:38:26,6,60,23,81,14.9,1018.6,1023.5,0.3,0.7,2,195.9,0
2023-08-16 21:43:26,5,60,23,80,14.8,1018.6,1023.5,0,0,2,195.9,0
2023-08-16 21:48:26,5,59,22.9,80,14.7,1018.5,1023.4,0.3,0.7,2,195.9,0
2023-08-16 21:54:26,6,59,22.9,81,14.8,1018.6,1023.5,0.3,0.7,2,195.9,0
2023-08-16 21:59:26,5,59,22.9,81,14.8,1018.7,1023.6,0,0,2,195.9,0
2023-08-16 22:04:26,5,59,22.9,81,14.7,1018.6,1023.5,0.3,0.7,2,195.9,0
2023-08-16 22:10:26,6,59,22.8,80,14.4,1018.8,1023.7,0,0,2,195.9,0
2023-08-16 22:15:26,5,59,22.8,80,14.1,1018.7,1023.6,0,0,2,195.9,0
2023-08-16 22:20:26,5,59,22.8,80,14,1018.7,1023.6,0,0,2,195.9,0
2023-08-16 22:26:26,6,59,22.8,80,13.9,1018.7,1023.6,1.4,1.7,4,195.9,0
2023-08-16 22:31:26,5,59,22.8,80,13.9,1018.6,1023.5,1.4,2,4,195.9,0
2023-08-16 22:36:26,5,59,22.7,81,14,1018.6,1023.5,1,1.4,4,195.9,0
2023-08-16 22:42:26,6,59,22.7,81,14.3,1018.6,1023.5,1.4,2,4,195.9,0
2023-08-16 22:47:26,5,59,22.6,81,14.5,1018.4,1023.3,2,2.7,4,195.9,0
2023-08-16 22:52:26,5,59,22.6,81,14.5,1018.4,1023.3,2,2.7,4,195.9,0
2023-08-16 22:58:26,6,59,22.6,80,14.2,1018.6,1023.5,2.4,3.1,4,195.9,0
2023-08-16 23:03:26,5,59,22.6,80,14.2,1018.4,1023.3,2.4,3.1,4,195.9,0
2023-08-16 23:08:26,5,59,22.6,80,14.1,1018.4,1023.3,2.4,2.7,4,195.9,0
2023-08-16 23:14:26,6,59,22.5,80,14,1018.4,1023.3,2,2.4,4,195.9,0
2023-08-16 23:19:26,5,59,22.5,80,13.8,1018.5,1023.4,1.4,1.7,4,195.9,0
2023-08-16 23:24:26,5,59,22.5,80,13.7,1018.3,1023.2,2,3.1,4,195.9,0
2023-08-16 23:30:26,6,59,22.4,80,13.5,1018.2,1023.1,2,2.4,4,195.9,0
2023-08-16 23:35:26,5,59,22.4,80,13.4,1018.2,1023.1,2,2.7,4,195.9,0
2023-08-16 23:40:26,5,59,22.4,80,13.3,1018.3,1023.2,1.4,1.7,4,195.9,0
2023-08-16 23:46:26,6,59,22.4,81,13,1018.3,1023.2,1.4,2,4,195.9,0
2023-08-16 23:51:26,5,59,22.3,81,12.9,1018.3,1023.2,1.4,1.7,4,195.9,0
2023-08-16 23:56:26,5,59,22.3,81,12.8,1018.3,1023.2,1.7,2.4,4,195.9,0
