2023-06-30 00:02:39,5,52,22.8,99,13.3,1010,1014.9,0,0,,97.8,0
2023-06-30 00:07:39,5,52,22.8,99,13.3,1009.9,1014.8,0,0,10,97.8,0
2023-06-30 00:12:39,5,52,22.8,99,13.4,1009.9,1014.8,0,0,10,97.8,0
2023-06-30 00:17:39,5,52,22.8,99,13.4,1009.9,1014.8,0,0,10,97.8,0
2023-06-30 00:22:39,5,52,22.8,99,13.4,1009.8,1014.7,0,0,10,97.8,0
2023-06-30 00:27:39,5,52,22.8,99,13.4,1009.6,1014.5,0,0,10,97.8,0
2023-06-30 00:32:39,5,52,22.8,99,13.4,1009.8,1014.7,0,0,10,98.1,0
2023-06-30 00:37:39,5,52,22.8,99,13.4,1009.7,1014.6,0,0,10,98.1,0
2023-06-30 00:42:39,5,52,22.8,99,13.4,1009.5,1014.4,0,0,10,98.4,0
2023-06-30 00:47:39,5,52,22.8,99,13.3,1009.5,1014.4,0,0,10,98.4,0
2023-06-30 00:52:39,5,52,22.8,99,13.3,1009.3,1014.2,0,0,10,98.4,0
2023-06-30 00:57:39,5,52,22.8,99,13.3,1009.3,1014.2,0,0,8,98.4,0
2023-06-30 01:02:39,5,52,22.8,99,13.3,1009.3,1014.2,0,0,,98.4,0
2023-06-30 01:07:39,5,52,22.7,99,13.3,1009.1,1014,0,0,10,98.4,0
2023-06-30 01:12:39,5,52,22.7,99,13.3,1009.1,1014,0,0,,98.7,0
2023-06-30 01:17:39,5,52,22.7,99,13.3,1009,1013.9,0,0,8,98.7,0
2023-06-30 01:22:39,5,52,22.7,99,13.3,1009,1013.9,0,0,,98.7,0
2023-06-30 01:27:39,5,52,22.7,99,13.4,1008.9,1013.8,0,0,10,98.7,0
2023-06-30 01:32:39,5,52,22.7,99,13.4,1008.8,1013.7,0,0,10,98.7,0
2023-06-30 01:37:39,5,52,22.7,99,13.4,1008.7,1013.6,0,0,10,98.7,0
2023-06-30 01:42:39,5,52,22.7,99,13.4,1008.6,1013.5,0,0,10,98.7,0
2023-06-30 01:47:39,5,52,22.7,99,13.4,1008.6,1013.5,0,0,,98.7,0
2023-06-30 01:52:39,5,52,22.7,99,13.4,1008.6,1013.5,0,0,8,98.7,0
2023-06-30 01:57:39,5,52,22.6,99,13.5,1008.5,1013.4,0,0,10,98.7,0
2023-06-30 02:02:39,5,52,22.6,99,13.5,1008.4,1013.3,0,0,10,98.7,0
2023-06-30 02:07:39,5,52,22.6,99,13.5,1008.4,1013.3,0,0,8,98.7,0
2023-06-30 02:12:39,5,52,22.7,99,13.5,1008.5,1013.4,0,0,10,98.7,0
2023-06-30 02:17:39,5,52,22.6,99,13.6,1008.3,1013.2,0,0,10,98.7,0
2023-06-30 02:22:39,5,52,22.7,99,13.6,1008.3,1013.2,0,0,10,98.7,0
2023-06-30 02:27:39,5,52,22.6,99,13.6,1008.2,1013.1,0,0,8,98.7,0
2023-06-30 02:32:39,5,52,22.6,99,13.6,1008.2,1013.1,0,0,10,98.7,0
2023-06-30 02:37:39,5,52,22.6,99,13.6,1007.9,1012.8,0,0,10,99,0
2023-06-30 02:42:39,5,52,22.6,99,13.7,1008,1012.9,0,0,,99,0
2023-06-30 02:47:39,5,52,22.6,99,13.7,1008.2,1013.1,0,0,,99,0
2023-06-30 02:52:39,5,52,22.6,99,13.7,1008,1012.9,0,0,,99,0
2023-06-30 02:57:39,5,52,22.6,99,13.7,1008,1012.9,0,0,10,99.3,0
2023-06-30 03:02:39,5,52,22.6,99,13.8,1007.9,1012.8,0,0,10,99.3,0
2023-06-30 03:07:39,5,52,22.6,99,13.8,1007.8,1012.7,0,0,10,99.3,0
2023-06-30 03:12:39,5,52,22.6,99,13.8,1007.9,1012.8,0,0,10,99.3,0
2023-06-30 03:17:39,5,52,22.6,99,13.9,1007.8,1012.7,0,0,,99.3,0
2023-06-30 03:22:39,5,52,22.6,99,13.9,1007.8,1012.7,0,0,10,99.3,0
2023-06-30 03:27:39,5,52,22.6,99,13.8,1008,1012.9,0,0,8,99.3,0
2023-06-30 03:32:39,5,52,22.6,99,13.8,1007.8,1012.7,0,0,10,99.3,0
2023-06-30 03:37:41,5,52,22.6,99,13.8,1007.8,1012.7,0,0,,99.3,0
2023-06-30 03:42:43,5,52,22.6,99,13.8,1007.7,1012.6,0,0,10,99.3,0
2023-06-30 03:47:39,5,52,22.6,99,13.8,1007.8,1012.7,0,0,,99.3,0
2023-06-30 03:52:39,5,52,22.6,99,13.8,1007.7,1012.6,0,0,,99.3,0
2023-06-30 03:57:39,5,52,22.5,99,13.8,1007.7,1012.6,0,0,8,99.3,0
2023-06-30 04:02:39,5,52,22.5,99,13.8,1007.7,1012.6,0,0,8,99.3,0
2023-06-30 04:07:39,5,52,22.5,99,13.8,1007.8,1012.7,0,0,8,99.3,0
2023-06-30 04:12:39,5,52,22.6,99,13.9,1007.7,1012.6,0,0,8,99.3,0
2023-06-30 04:17:39,5,52,22.5,99,13.8,1007.6,1012.5,0,0,10,99.3,0
2023-06-30 04:22:39,5,52,22.5,99,13.7,1007.5,1012.4,0,0,8,99.3,0
2023-06-30 04:27:39,5,52,22.5,99,13.7,1007.4,1012.3,0,0,10,99.3,0
2023-06-30 04:32:39,5,52,22.5,99,13.7,1007.3,1012.2,0,0,14,99.6,0
2023-06-30 04:37:39,5,52,22.5,99,13.8,1007.5,1012.4,0,0,8,99.6,0
2023-06-30 04:42:39,5,52,22.4,99,13.8,1007.6,1012.5,0,0,8,99.6,0
2023-06-30 04:47:39,5,52,22.5,99,13.8,1007.5,1012.4,0,0,8,99.6,0
2023-06-30 04:52:39,5,52,22.5,99,13.8,1007.5,1012.4,0,0,8,99.6,0
2023-06-30 04:57:39,5,52,22.5,99,13.9,1007.4,1012.3,0,0,8,99.6,0
2023-06-30 05:02:39,5,52,22.5,99,13.9,1007.4,1012.3,0,0,,99.6,0
2023-06-30 05:07:39,5,52,22.5,99,13.9,1007.3,1012.2,0,0,8,99.6,0
2023-06-30 05:12:39,5,52,22.5,99,13.9,1007.4,1012.3,0,0,8,99.6,0
2023-06-30 05:17:39,5,52,22.5,99,13.9,1007.3,1012.2,0,0,,99.6,0
2023-06-30 05:22:39,5,52,22.5,99,14,1007.1,1012,0,0,10,99.6,0
2023-06-30 05:27:39,5,52,22.5,99,14.1,1007.2,1012.1,0,0,,99.6,0
2023-06-30 05:32:39,5,52,22.5,99,14.1,1007.2,1012.1,0,0,10,99.6,0
2023-06-30 05:37:39,5,52,22.5,99,14.1,1007.2,1012.1,0,0,8,99.6,0
2023-06-30 05:42:39,5,52,22.5,99,14.1,1007.2,1012.1,0,0,,99.6,0
2023-06-30 05:47:39,5,52,22.5,99,14.2,1007,1011.9,0,0,10,99.6,0
2023-06-30 05:52:39,5,52,22.5,99,14.2,1007.2,1012.1,0,0,,99.9,0
2023-06-30 05:57:39,5,52,22.5,99,14.2,1007,1011.9,0,0,0,99.9,0
2023-06-30 06:02:39,5,52,22.5,99,14.3,1007.1,1012,0,0,10,99.9,0
2023-06-30 06:07:39,5,52,22.5,99,14.3,1006.9,1011.8,0,0,10,99.9,0
2023-06-30 06:12:39,5,53,22.5,99,14.3,1007,1011.9,0,0,8,99.9,0
2023-06-30 06:17:39,5,53,22.5,99,14.4,1006.7,1011.6,0,0,8,100.2,0
2023-06-30 06:22:39,5,53,22.5,99,14.5,1006.8,1011.7,0,0,8,100.2,0
2023-06-30 06:27:39,5,53,22.5,99,14.5,1006.8,1011.7,0,0,10,100.5,0
2023-06-30 06:32:39,5,53,22.5,99,14.4,1006.6,1011.5,0,0,10,100.5,0
2023-06-30 06:37:39,5,53,22.5,99,14.5,1006.6,1011.5,0,0,10,100.5,0
2023-06-30 06:42:39,5,53,22.5,99,14.5,1006.8,1011.7,0,0,10,100.8,0
2023-06-30 06:47:39,5,53,22.5,99,14.6,1006.7,1011.6,0,0,,100.8,0
2023-06-30 06:52:39,5,53,22.5,99,14.6,1006.6,1011.5,0,0,8,100.8,0
2023-06-30 06:57:39,5,53,22.5,99,14.7,1006.7,1011.6,0,0,10,100.8,0
2023-06-30 07:02:39,5,53,22.5,99,14.7,1006.7,1011.6,0,0,8,100.8,0
2023-06-30 07:07:39,5,53,22.5,99,14.6,1006.7,1011.6,0,0,8,100.8,0
2023-06-30 07:12:39,5,53,22.5,99,14.7,1006.6,1011.5,0,0,8,100.8,0
2023-06-30 07:17:39,5,53,22.5,99,14.8,1006.6,1011.5,0,0,10,100.8,0
2023-06-30 07:22:39,5,53,22.5,99,14.8,1006.7,1011.6,0,0,10,100.8,0
2023-06-30 07:27:39,5,53,22.5,99,14.9,1006.6,1011.5,0,0,10,100.8,0
2023-06-30 07:32:39,5,53,22.6,99,15,1006.6,1011.5,0,0,8,100.8,0
2023-06-30 07:37:39,5,53,22.6,99,14.9,1006.6,1011.5,0,0,10,100.8,0
2023-06-30 07:42:39,5,53,22.6,99,14.9,1006.4,1011.3,0,0,10,100.8,0
2023-06-30 07:47:39,5,53,22.5,99,15,1006.6,1011.5,0,0,8,100.8,0
2023-06-30 07:52:39,5,53,22.5,99,15,1006.4,1011.3,0,0,8,100.8,0
2023-06-30 07:57:39,5,53,22.6,99,15.1,1006.4,1011.3,0,0,,100.8,0
2023-06-30 08:02:39,5,53,22.5,99,15.1,1006.5,1011.4,0,0,,100.8,0
2023-06-30 08:07:39,5,54,22.6,99,15.1,1006.6,1011.5,0,0,10,100.8,0
2023-06-30 08:12:39,5,54,22.6,99,15.1,1006.7,1011.6,0,0,10,100.8,0
2023-06-30 08:17:39,5,54,22.6,99,15.1,1006.5,1011.4,0,0,8,100.8,0
2023-06-30 08:22:39,5,54,22.6,99,15.2,1006.6,1011.5,0,0,10,101.1,0
2023-06-30 08:27:39,5,54,22.6,99,15.2,1006.3,1011.2,0,0,10,101.1,0
2023-06-30 08:32:39,5,55,22.7,99,15.2,1006.2,1011.1,0,0,10,101.1,0
2023-06-30 08:37:39,5,55,22.7,99,15.2,1006.5,1011.4,0,0,8,101.1,0
2023-06-30 08:42:39,5,55,22.8,99,15.2,1006.2,1011.1,0,0,8,101.1,0
2023-06-30 08:47:39,5,55,22.9,99,15.3,1006.4,1011.3,0,0,8,101.1,0
2023-06-30 08:52:39,5,55,22.9,99,15.3,1006.2,1011.1,0,0,10,101.1,0
2023-06-30 08:57:39,5,55,22.9,99,15.3,1006.3,1011.2,0,0,10,101.1,0
2023-06-30 09:02:39,5,55,22.9,99,15.3,1006.3,1011.2,0,0,10,101.4,0
2023-06-30 09:07:39,5,55,22.9,99,15.3,1006.1,1011,0,0,8,101.4,0
2023-06-30 09:12:39,5,55,22.9,99,15.4,1005.9,1010.8,0,0,,101.4,0
2023-06-30 09:17:39,5,55,22.9,99,15.4,1006,1010.9,0,0,8,101.4,0
2023-06-30 09:22:39,5,55,22.8,99,15.5,1005.8,1010.7,0,0,8,101.4,0
2023-06-30 09:27:39,5,56,22.8,99,15.5,1005.8,1010.7,0,0,,101.4,0
2023-06-30 09:32:39,5,56,22.8,99,15.5,1005.9,1010.8,0,0,10,101.4,0
2023-06-30 09:37:39,5,56,22.8,99,15.6,1005.7,1010.6,0,0,13,101.4,0
2023-06-30 09:42:39,5,56,22.9,99,15.5,1005.6,1010.5,0,0,8,101.4,0
2023-06-30 09:47:39,5,56,22.9,99,15.6,1005.7,1010.6,0,0,10,101.4,0
2023-06-30 09:52:39,5,55,23,99,15.7,1005.7,1010.6,0,0,,101.4,0
2023-06-30 09:57:39,5,55,23,99,15.7,1005.8,1010.7,0,0,10,101.4,0
2023-06-30 10:02:39,5,55,23,99,15.7,1005.6,1010.5,0,0,14,101.4,0
2023-06-30 10:07:39,5,55,23,99,15.6,1005.7,1010.6,0,0,8,101.4,0
2023-06-30 10:12:39,5,55,23,99,15.6,1005.6,1010.5,0,0,13,101.4,0
2023-06-30 10:17:39,5,55,23.1,99,15.7,1005.8,1010.7,0,0,7,101.4,0
2023-06-30 10:22:39,5,55,23.2,99,15.7,1005.8,1010.7,0,0,10,101.7,0
2023-06-30 10:27:39,5,55,23.1,99,15.7,1005.6,1010.5,0,0,10,101.7,0
2023-06-30 10:32:39,5,55,23.2,99,15.7,1005.7,1010.6,0,0,10,101.7,0
2023-06-30 10:37:39,5,55,23.1,99,15.7,1005.7,1010.6,0,0,8,101.7,0
2023-06-30 10:42:39,5,55,23.2,99,15.7,1005.7,1010.6,0,0,8,101.7,0
2023-06-30 10:47:39,5,55,23.2,99,15.7,1005.7,1010.6,0,0,10,101.7,0
2023-06-30 10:52:39,5,55,23.3,99,15.7,1005.7,1010.6,0,0,,101.7,0
2023-06-30 10:57:39,5,55,23.2,99,15.7,1005.6,1010.5,0,0,,101.7,0
2023-06-30 11:02:39,5,55,23.3,99,15.8,1005.5,1010.4,0,0,8,101.7,0
2023-06-30 11:07:39,5,55,23.2,99,15.7,1005.6,1010.5,0,0,,101.7,0
2023-06-30 11:12:39,5,55,23.2,99,15.7,1005.4,1010.3,0,0,8,101.7,0
2023-06-30 11:17:39,5,55,23.2,99,15.8,1005.3,1010.2,0,0,14,101.7,0
2023-06-30 11:22:39,5,55,23.2,99,15.7,1005.3,1010.2,0,0,10,101.7,0
2023-06-30 11:27:39,5,55,23.2,99,15.7,1005.3,1010.2,0,0,8,101.7,0
2023-06-30 11:32:39,5,55,23.2,99,15.8,1005.3,1010.2,0,0,10,101.7,0
2023-06-30 11:37:39,5,55,23.2,99,15.8,1005.3,1010.2,0,0,10,101.7,0
2023-06-30 11:42:39,5,55,23.2,99,15.9,1005.4,1010.3,0,0,10,101.7,0
2023-06-30 11:47:39,5,55,23.2,99,15.9,1005.3,1010.2,0,0,10,101.7,0
2023-06-30 11:52:39,5,55,23.2,99,15.9,1005.3,1010.2,0,0,8,101.7,0
2023-06-30 11:57:39,5,56,23.2,99,15.9,1005.3,1010.2,0,0,10,101.7,0
2023-06-30 12:02:39,5,56,23.1,99,15.9,1005.4,1010.3,0,0,10,102,0
2023-06-30 12:07:39,5,56,23.2,99,15.9,1005.3,1010.2,0,0,13,102,0
2023-06-30 12:12:39,5,55,23.2,99,15.9,1005.3,1010.2,0,0,10,102,0
2023-06-30 12:17:39,5,55,23.1,99,15.9,1005.2,1010.1,0,0,8,102,0
2023-06-30 12:22:39,5,56,23,99,16,1005.1,1010,0,0,8,102,0
2023-06-30 12:27:39,5,56,23,99,16,1005.3,1010.2,0,0,0,102,0
2023-06-30 12:32:39,5,56,23,99,16,1005.2,1010.1,0,0,8,102,0
2023-06-30 12:37:39,5,57,23,99,15.9,1005.1,1010,0,0,10,102,0
2023-06-30 12:42:39,5,58,22.9,99,15.9,1005,1009.9,0,0,,102,0
2023-06-30 12:47:39,5,58,22.9,99,15.9,1005.1,1010,0,0,10,102,0
2023-06-30 12:52:39,5,58,22.8,99,15.9,1005,1009.9,0,0,8,102,0
2023-06-30 12:57:39,5,58,22.8,99,15.8,1005,1009.9,0,0,10,102,0
2023-06-30 13:02:39,5,58,22.8,99,15.8,1005.1,1010,0,0,10,102,0
2023-06-30 13:07:39,5,59,22.8,99,15.8,1004.9,1009.8,0,0,0,102,0
2023-06-30 13:12:39,5,59,22.8,99,15.8,1005,1009.9,0,0,0,102,0
2023-06-30 13:17:39,5,59,22.7,99,15.8,1005,1009.9,0,0,10,102,0
2023-06-30 13:22:39,5,59,22.7,99,15.8,1005,1009.9,0,0,10,102,0
2023-06-30 13:27:39,5,59,22.7,99,15.7,1005,1009.9,0,0,10,102,0
2023-06-30 13:32:39,5,59,22.6,99,15.8,1004.9,1009.8,0,0,,102,0
2023-06-30 13:37:39,5,59,22.6,99,15.8,1005,1009.9,0,0,14,102,0
2023-06-30 13:42:39,5,60,22.7,99,15.8,1005,1009.9,0,0,8,102,0
2023-06-30 13:47:39,5,60,22.7,99,15.8,1004.9,1009.8,0,0,8,102,0
2023-06-30 13:52:39,5,60,22.8,99,15.7,1004.8,1009.7,0,0,8,102,0
2023-06-30 13:57:39,5,60,22.8,99,15.6,1004.9,1009.8,0,0,14,102,0
2023-06-30 14:02:39,5,59,22.8,99,15.7,1005,1009.9,0,0,10,102,0
2023-06-30 14:07:39,5,59,22.9,99,15.8,1004.8,1009.7,0,0,8,102,0
2023-06-30 14:12:39,5,59,22.9,99,15.8,1004.8,1009.7,0,0,8,102.3,0
2023-06-30 14:17:39,5,59,22.9,99,15.9,1004.7,1009.6,0,0,0,102.3,0
2023-06-30 14:22:39,5,59,22.9,99,15.9,1004.8,1009.7,0,0,10,102.3,0
2023-06-30 14:27:39,5,59,23,99,16,1004.7,1009.6,0,0,10,102.3,0
2023-06-30 14:32:39,5,59,23,99,16.1,1004.6,1009.5,0,0,10,102.3,0
2023-06-30 14:37:39,5,59,22.9,99,16,1004.5,1009.4,0,0,10,102.3,0
2023-06-30 14:42:39,5,59,23.1,99,16.1,1004.5,1009.4,0,0,10,102.3,0
2023-06-30 14:47:39,5,59,23,99,16.1,1004.4,1009.3,0,0,8,102.3,0
2023-06-30 14:52:39,5,58,23.1,99,16,1004.4,1009.3,0,0,0,102.3,0
2023-06-30 14:57:39,5,59,22.9,99,16,1004.4,1009.3,0,0,8,102.3,0
2023-06-30 15:02:39,5,58,23.1,99,15.9,1004.3,1009.2,0,0,,102.3,0
2023-06-30 15:07:39,5,58,23.1,99,16,1004.3,1009.2,0,0,10,102.3,0
2023-06-30 15:12:39,5,58,23.1,99,16,1004.2,1009.1,0,0,12,102.3,0
2023-06-30 15:17:39,5,58,23,99,16,1004.4,1009.3,0,0,2,102.3,0
2023-06-30 15:22:39,5,58,23,99,16,1004.2,1009.1,0,0,8,102.3,0
2023-06-30 15:27:39,5,58,23,99,16,1004.3,1009.2,0,0,10,102.3,0
2023-06-30 15:32:39,5,58,23,99,15.9,1004.2,1009.1,0,0,10,102.3,0
2023-06-30 15:37:39,5,59,22.9,99,15.8,1004.1,1009,0,0,10,102.3,0
2023-06-30 15:42:39,5,59,22.8,99,15.8,1004,1008.9,0,0,8,102.3,0
2023-06-30 15:47:39,5,58,22.8,99,15.8,1003.8,1008.7,0,0,10,102.3,0
2023-06-30 15:52:39,5,59,22.8,99,15.9,1004.1,1009,0,0,10,102.3,0
2023-06-30 15:57:39,5,59,22.8,99,15.8,1003.8,1008.7,0,0,,102.3,0
2023-06-30 16:02:39,5,59,22.7,99,15.8,1003.8,1008.7,0,0,10,102.3,0
2023-06-30 16:07:39,5,59,22.7,99,15.8,1003.9,1008.8,0,0,7,102.3,0
2023-06-30 16:12:39,5,59,22.7,99,15.8,1003.8,1008.7,0,0,10,102.3,0
2023-06-30 16:17:39,5,59,22.7,99,15.7,1003.9,1008.8,0,0,10,102.6,0
2023-06-30 16:22:39,5,59,22.7,99,15.9,1003.9,1008.8,0,0,8,102.6,0
2023-06-30 16:27:39,5,59,22.6,99,15.9,1003.6,1008.5,0,0,8,102.6,0
2023-06-30 16:32:39,5,59,22.6,99,15.8,1003.8,1008.7,0,0,10,102.6,0
2023-06-30 16:37:39,5,59,22.6,99,15.8,1003.8,1008.7,0,0,10,102.6,0
2023-06-30 16:42:39,5,59,22.5,99,15.7,1003.9,1008.8,0,0,8,102.6,0
2023-06-30 16:47:39,5,59,22.5,99,15.6,1003.8,1008.7,0,0,,102.6,0
2023-06-30 16:52:39,5,59,22.4,99,15.6,1003.9,1008.8,0,0,14,102.6,0
2023-06-30 16:57:39,5,59,22.3,99,15.6,1003.9,1008.8,0,0,0,102.6,0
2023-06-30 17:02:39,5,59,22.2,99,15.7,1003.7,1008.6,0,0,8,102.6,0
2023-06-30 17:07:39,5,59,22.1,99,15.8,1003.8,1008.7,0,0,10,102.6,0
2023-06-30 17:12:39,5,60,22.2,99,15.9,1003.8,1008.7,0,0,8,102.6,0
2023-06-30 17:17:39,5,60,22.1,99,15.9,1003.7,1008.6,0,0,13,102.6,0
2023-06-30 17:22:39,5,60,22.1,99,15.8,1003.9,1008.8,0,0,0,102.6,0
2023-06-30 17:27:39,5,60,22.2,99,15.8,1003.8,1008.7,0,0,8,102.6,0
2023-06-30 17:32:39,5,60,22.2,99,15.8,1003.9,1008.8,0,0,8,102.6,0
2023-06-30 17:37:39,5,60,22.3,99,15.8,1003.8,1008.7,0,0,,102.6,0
2023-06-30 17:42:39,5,60,22.2,99,15.8,1003.8,1008.7,0,0,10,102.6,0
2023-06-30 17:47:39,5,60,22.3,99,15.8,1003.6,1008.5,0,0,10,102.6,0
2023-06-30 17:52:39,5,60,22.3,99,15.8,1003.6,1008.5,0,0,10,102.6,0
2023-06-30 17:57:39,5,60,22.3,99,15.8,1004,1008.9,0,0,,102.6,0
2023-06-30 18:02:39,5,60,22.3,98,15.8,1003.8,1008.7,0,0,8,102.6,0
2023-06-30 18:07:39,5,60,22.3,98,15.8,1003.7,1008.6,0,0,10,102.6,0
2023-06-30 18:12:39,5,60,22.3,97,15.7,1004,1008.9,0,0,8,102.6,0
2023-06-30 18:17:39,5,60,22.3,97,15.7,1004,1008.9,0,0,14,102.6,0
2023-06-30 18:22:39,5,60,22.3,97,15.6,1003.9,1008.8,0,0,10,102.6,0
2023-06-30 18:27:39,5,60,22.3,96,15.6,1004.1,1009,0,0,10,102.6,0
2023-06-30 18:32:39,5,60,22.3,96,15.5,1004.1,1009,0,0,10,102.6,0
2023-06-30 18:37:39,5,60,22.3,96,15.4,1004.1,1009,0,0,10,102.6,0
2023-06-30 18:42:39,5,60,22.3,96,15.4,1004.3,1009.2,0,0,8,102.6,0
2023-06-30 18:47:39,5,60,22.3,96,15.3,1004.4,1009.3,0,0,10,102.6,0
2023-06-30 18:52:39,5,60,22.3,96,15.2,1004.4,1009.3,0,0,8,102.6,0
2023-06-30 18:57:39,5,60,22.3,96,15.2,1004.3,1009.2,0,0,14,102.6,0
2023-06-30 19:02:39,5,60,22.3,96,15.2,1004.5,1009.4,0,0,10,102.6,0
2023-06-30 19:07:39,5,60,22.2,97,15.2,1004.4,1009.3,0,0,10,102.6,0
2023-06-30 19:12:39,5,59,22.2,97,15.2,1004.4,1009.3,0,0,8,102.6,0
2023-06-30 19:17:39,5,59,22.2,97,15.1,1004.6,1009.5,0,0,14,102.6,0
2023-06-30 19:22:39,5,59,22,97,15.1,1004.7,1009.6,0,0,8,102.6,0
2023-06-30 19:27:39,5,59,22,97,15.1,1004.5,1009.4,0,0,10,102.6,0
2023-06-30 19:32:39,5,60,21.9,97,15,1004.6,1009.5,0,0,10,102.6,0
2023-06-30 19:37:39,5,60,21.8,97,15,1004.5,1009.4,0,0,10,102.6,0
2023-06-30 19:42:39,5,60,21.7,97,15,1004.5,1009.4,0,0,10,102.6,0
2023-06-30 19:47:39,5,60,21.7,97,14.9,1004.8,1009.7,0,0,10,102.6,0
2023-06-30 19:52:39,5,60,21.5,97,15,1004.6,1009.5,0,0,10,102.6,0
2023-06-30 19:57:39,5,60,21.5,96,14.9,1004.9,1009.8,0,0,,102.6,0
2023-06-30 20:02:39,5,60,21.5,96,14.8,1005,1009.9,0,0,8,102.6,0
2023-06-30 20:07:39,5,60,21.5,95,14.8,1005,1009.9,0,0,8,102.6,0
2023-06-30 20:12:39,5,60,21.5,95,14.8,1004.9,1009.8,0,0,10,102.6,0
2023-06-30 20:17:39,5,60,21.5,94,14.8,1004.9,1009.8,0,0,10,102.6,0
2023-06-30 20:22:39,5,60,21.5,94,14.8,1005,1009.9,0,0,2,102.6,0
2023-06-30 20:27:39,5,60,21.5,94,14.7,1004.9,1009.8,0,0,,102.6,0
2023-06-30 20:32:39,5,60,21.5,94,14.7,1005,1009.9,0,0,10,102.6,0
2023-06-30 20:37:39,5,60,21.5,94,14.6,1004.9,1009.8,0,0,0,102.6,0
2023-06-30 20:42:39,5,61,21.5,93,14.6,1005,1009.9,0,0,,102.6,0
2023-06-30 20:47:39,5,61,21.5,93,14.5,1005,1009.9,0,0,10,102.6,0
2023-06-30 20:52:39,5,61,21.5,93,14.5,1005.1,1010,0,0,8,102.6,0
2023-06-30 20:57:39,5,61,21.5,93,14.4,1005.1,1010,0,0,7,102.6,0
2023-06-30 21:02:39,5,61,21.5,93,14.4,1005.1,1010,0,0,10,102.6,0
2023-06-30 21:07:39,5,61,21.5,93,14.4,1005.3,1010.2,0,0,,102.6,0
2023-06-30 21:12:39,5,61,21.5,93,14.4,1005.3,1010.2,0,0,10,102.6,0
2023-06-30 21:17:39,5,61,21.5,93,14.4,1005.3,1010.2,0,0,8,102.6,0
2023-06-30 21:22:39,5,61,21.5,93,14.4,1005.4,1010.3,0,0,10,102.6,0
2023-06-30 21:27:39,5,61,21.5,92,14.4,1005.4,1010.3,0,0,,102.6,0
2023-06-30 21:32:39,5,61,21.5,92,14.4,1005.4,1010.3,0,0,10,102.6,0
2023-06-30 21:37:39,5,61,21.5,92,14.4,1005.4,1010.3,0,0,10,102.6,0
2023-06-30 21:42:39,5,61,21.5,92,14.4,1005.4,1010.3,0,0,8,102.6,0
2023-06-30 21:47:39,5,61,21.5,92,14.4,1005.4,1010.3,0,0,15,102.6,0
2023-06-30 21:52:39,5,61,21.5,92,14.3,1005.3,1010.2,0,0,8,102.6,0
2023-06-30 21:57:39,5,61,21.5,92,14.3,1005.4,1010.3,0,0,10,102.6,0
2023-06-30 22:02:39,5,61,21.5,92,14.3,1005.3,1010.2,0,0,,102.6,0
2023-06-30 22:07:39,5,61,21.4,92,14.3,1005.5,1010.4,0,0,10,102.6,0
2023-06-30 22:12:39,5,61,21.5,92,14.3,1005.6,1010.5,0,0,,102.6,0
2023-06-30 22:17:39,5,60,21.5,92,14.3,1005.4,1010.3,0,0,10,102.6,0
2023-06-30 22:22:39,5,60,21.5,92,14.2,1005.6,1010.5,0,0,10,102.6,0
2023-06-30 22:27:39,5,60,21.4,92,14.2,1005.7,1010.6,0,0,10,102.6,0
2023-06-30 22:32:39,5,60,21.4,92,14.2,1005.6,1010.5,0,0,10,102.6,0
2023-06-30 22:37:39,5,60,21.4,92,14.2,1005.5,1010.4,0,0,10,102.6,0
2023-06-30 22:42:39,5,60,21.4,92,14.2,1005.5,1010.4,0,0,10,102.6,0
2023-06-30 22:47:39,5,60,21.4,93,14.2,1005.5,1010.4,0,0,8,102.6,0
2023-06-30 22:52:39,5,60,21.4,93,14.2,1005.5,1010.4,0,0,8,102.6,0
2023-06-30 22:57:39,5,60,21.4,93,14.2,1005.6,1010.5,0,0,,102.6,0
2023-06-30 23:02:39,5,60,21.4,93,14.2,1005.5,1010.4,0,0,8,102.6,0
2023-06-30 23:07:39,5,60,21.4,93,14.2,1005.7,1010.6,0,0,10,102.6,0
2023-06-30 23:12:39,5,60,21.4,93,14.2,1005.7,1010.6,0,0,10,102.6,0
2023-06-30 23:17:39,5,60,21.4,93,14.2,1005.8,1010.7,0,0,10,102.6,0
2023-06-30 23:22:39,5,60,21.4,93,14.1,1005.6,1010.5,0,0,10,102.6,0
2023-06-30 23:27:39,5,60,21.4,93,14,1005.7,1010.6,0,0,10,102.6,0
2023-06-30 23:32:39,5,60,21.4,93,14,1005.7,1010.6,0,0,10,102.6,0
2023-06-30 23:37:39,5,60,21.4,93,14,1005.6,1010.5,0,0,13,102.6,0
2023-06-30 23:42:39,5,60,21.4,93,14,1005.6,1010.5,0,0,10,102.6,0
2023-06-30 23:47:39,5,60,21.4,92,14.1,1005.7,1010.6,0,0,8,102.6,0
2023-06-30 23:52:39,5,60,21.4,92,14.2,1005.7,1010.6,0,0,8,102.6,0
2023-06-30 23:57:39,5,60,21.4,91,14.2,1005.5,1010.4,0,0,10,102.6,0
