2025-06-26 00:01:37,6,58,21.4,99,15,1003.5,1008.4,1.4,1.7,12,1990.2,0
2025-06-26 00:06:37,5,58,21.4,99,15,1003.5,1008.4,1.4,1.7,12,1990.2,0
2025-06-26 00:11:37,5,58,21.4,99,15,1003.6,1008.5,1,1.7,12,1990.2,0
2025-06-26 00:17:37,6,58,21.4,99,15,1003.5,1008.4,1.4,1.7,12,1990.2,0
2025-06-26 00:22:37,5,58,21.4,99,15,1003.5,1008.4,1.7,2.4,12,1990.2,0
2025-06-26 00:27:37,5,58,21.3,99,15,1003.4,1008.3,1.4,2,10,1990.2,0
2025-06-26 00:33:37,6,58,21.4,99,15,1003.4,1008.3,1.4,1.7,12,1990.2,0
2025-06-26 00:38:37,5,58,21.4,99,15,1003.6,1008.5,1.4,2,12,1990.2,0
2025-06-26 00:43:37,5,58,21.4,99,15,1003.6,1008.5,1.7,2.4,12,1990.2,0
2025-06-26 00:49:37,6,58,21.2,99,15,1003.5,1008.4,1.4,1.7,10,1990.2,0
2025-06-26 00:54:37,5,58,21.1,99,15,1003.6,1008.5,1.4,2,12,1990.2,0
2025-06-26 00:59:37,5,58,21.1,99,15,1003.7,1008.6,2.7,3.7,14,1990.2,0
2025-06-26 01:05:37,6,58,21.1,99,15,1003.8,1008.7,2,3.1,12,1990.2,0
2025-06-26 01:10:37,5,59,21.1,99,15,1003.6,1008.5,2,3.1,10,1990.2,0
2025-06-26 01:15:37,5,59,21.1,99,15,1003.7,1008.6,1.7,2.7,10,1990.2,0
2025-06-26 01:20:37,5,58,21,99,15,1003.6,1008.5,1.4,2,12,1990.2,0
2025-06-26 01:25:37,5,58,21,99,15,1003.7,1008.6,2,2.7,11,1990.2,0
2025-06-26 01:30:37,5,59,21.1,99,15,1003.8,1008.7,1.7,2,12,1990.2,0
2025-06-26 01:35:37,5,59,21.1,99,15,1003.6,1008.5,1.7,2.7,12,1990.2,0
2025-06-26 01:41:37,6,59,21.1,99,15,1003.9,1008.8,2.7,3.4,12,1990.2,0
2025-06-26 01:46:37,5,58,21,99,14.9,1004,1008.9,2.4,3.1,12,1990.2,0
2025-06-26 01:51:37,5,58,21.1,99,14.5,1004,1008.9,2.4,3.7,12,1990.2,0
2025-06-26 01:57:37,6,58,21.1,99,14.2,1004.1,1009,1.4,1.7,12,1990.5,0
2025-06-26 02:02:37,5,58,21.1,99,14,1004.2,1009.1,1,1.4,10,1990.5,0
2025-06-26 02:07:37,5,58,21.1,99,14,1004.4,1009.3,1.4,1.7,11,1990.5,0
2025-06-26 02:12:37,5,58,21.1,99,14,1004.5,1009.4,0.7,1,12,1990.5,0
2025-06-26 02:17:37,5,58,21.1,99,14,1004.5,1009.4,1,1.4,12,1990.5,0
2025-06-26 02:22:37,5,58,21.1,99,13.9,1004.4,1009.3,0.7,1,10,1990.5,0
2025-06-26 02:27:37,5,58,21.1,99,13.8,1004.4,1009.3,1.4,2,10,1990.5,0
2025-06-26 02:32:37,5,58,21.1,99,13.6,1004.4,1009.3,1,2,10,1990.5,0
2025-06-26 02:37:37,5,57,21,99,13.5,1004.5,1009.4,1,1.7,10,1990.5,0
2025-06-26 02:42:37,5,57,21.1,99,13.5,1004.6,1009.5,0.7,1,10,1990.5,0
2025-06-26 02:47:37,5,57,21.1,99,13.5,1004.7,1009.6,0.7,1,12,1990.5,0
2025-06-26 02:52:37,5,57,21,99,13.5,1004.8,1009.7,0.3,0.7,12,1990.5,0
2025-06-26 02:57:37,5,57,21,99,13.5,1004.7,1009.6,0.3,0.3,10,1990.5,0
2025-06-26 03:02:37,5,57,21,99,13.5,1004.6,1009.5,0.7,1,12,1990.5,0
2025-06-26 03:07:37,5,57,21,99,13.5,1004.7,1009.6,1,1.4,12,1990.5,0
2025-06-26 03:12:37,5,57,21,99,13.5,1004.7,1009.6,0.3,0.7,8,1990.5,0
2025-06-26 03:17:37,5,57,21,99,13.4,1004.7,1009.6,0.3,0.7,12,1990.5,0
2025-06-26 03:22:37,5,56,21,99,13.4,1004.7,1009.6,1,1.4,14,1990.5,0
2025-06-26 03:27:37,5,56,21,99,13.4,1004.9,1009.8,1.7,3.1,10,1990.5,0
2025-06-26 03:32:37,5,57,20.9,99,13.3,1004.9,1009.8,1,2,14,1990.5,0
2025-06-26 03:37:37,5,57,20.9,99,13.3,1005,1009.9,1.4,2,12,1990.5,0
2025-06-26 03:42:37,5,57,20.9,99,13.1,1005,1009.9,1.4,2,12,1990.5,0
2025-06-26 03:47:37,5,57,20.9,99,13,1005,1009.9,0.7,1,12,1990.5,0
2025-06-26 03:52:37,5,57,20.9,99,12.8,1005.1,1010,1,1.4,10,1990.5,0
2025-06-26 03:57:37,5,56,20.9,99,12.7,1005.3,1010.2,0.7,1,12,1990.5,0
2025-06-26 04:02:37,5,56,20.9,99,12.5,1005.2,1010.1,0.7,1,10,1990.5,0
2025-06-26 04:07:37,5,56,20.9,99,12.4,1005.2,1010.1,0.7,0.7,12,1990.5,0
2025-06-26 04:12:37,5,56,20.8,99,12.2,1005.3,1010.2,0,0.7,15,1990.5,0
2025-06-26 04:17:37,5,56,20.8,99,12.1,1005.2,1010.1,0.7,1,12,1990.5,0
2025-06-26 04:22:37,5,56,20.8,99,12,1005.4,1010.3,0.7,1,10,1990.5,0
2025-06-26 04:27:37,5,55,20.8,99,11.9,1005.4,1010.3,0.7,1,12,1990.5,0
2025-06-26 04:32:37,5,55,20.8,99,11.9,1005.4,1010.3,0.3,0.7,12,1990.5,0
2025-06-26 04:37:37,5,55,20.8,99,11.8,1005.4,1010.3,0.3,0.7,12,1990.5,0
2025-06-26 04:42:37,5,55,20.7,99,11.7,1005.5,1010.4,0,0,12,1990.5,0
2025-06-26 04:47:37,5,55,20.7,99,11.6,1005.3,1010.2,0.3,0.7,10,1990.5,0
2025-06-26 04:52:37,5,55,20.7,99,11.7,1005.5,1010.4,0,0,12,1990.5,0
2025-06-26 04:57:37,5,55,20.7,98,11.9,1005.6,1010.5,0,0,12,1990.5,0
2025-06-26 05:02:37,5,54,20.7,98,12.1,1005.5,1010.4,0.3,0.7,10,1990.5,0
2025-06-26 05:07:37,5,54,20.8,97,12.2,1005.6,1010.5,0.3,0.7,10,1990.5,0
2025-06-26 05:12:37,5,54,20.8,96,12.1,1005.6,1010.5,0.3,0.7,12,1990.5,0
2025-06-26 05:17:37,5,54,20.8,95,11.8,1005.7,1010.6,0.3,0.7,12,1990.5,0
2025-06-26 05:22:37,5,54,20.8,94,11.7,1005.8,1010.7,0.7,1,10,1990.5,0
2025-06-26 05:27:37,5,54,20.8,93,12,1005.8,1010.7,0.7,1.4,10,1990.5,0
2025-06-26 05:32:37,5,54,20.8,93,12.2,1005.9,1010.8,0.3,1,12,1990.5,0
2025-06-26 05:37:37,5,54,20.8,92,12.1,1006.2,1011.1,1,1.4,12,1990.5,0
2025-06-26 05:42:37,5,53,20.8,91,12,1006.1,1011,1.4,2,12,1990.5,0
2025-06-26 05:47:37,5,53,20.8,91,12,1006.2,1011.1,1,1.4,12,1990.5,0
2025-06-26 05:52:37,5,53,20.8,91,12,1006.2,1011.1,1.4,1.7,10,1990.5,0
2025-06-26 05:57:37,5,53,20.8,91,12,1006.2,1011.1,1.4,1.7,12,1990.5,0
2025-06-26 06:02:37,5,53,20.8,91,12,1006.2,1011.1,1,1.4,12,1990.5,0
2025-06-26 06:07:37,5,53,20.8,91,12.1,1006.2,1011.1,1.7,2.4,12,1990.5,0
2025-06-26 06:12:37,5,53,20.8,91,12.2,1006.3,1011.2,1,1.4,12,1990.5,0
2025-06-26 06:17:37,5,53,20.8,91,12.3,1006.4,1011.3,1,1.4,12,1990.5,0
2025-06-26 06:22:37,5,53,20.8,87,12.6,1006.4,1011.3,1.7,2,12,1990.5,0
2025-06-26 06:27:37,5,53,20.8,87,13,1006.5,1011.4,1.4,2,12,1990.5,0
2025-06-26 06:32:37,5,53,20.8,86,13.4,1006.4,1011.3,1.4,1.7,12,1990.5,0
2025-06-26 06:37:37,5,53,20.8,85,13.5,1006.5,1011.4,1.4,2,12,1990.5,0
2025-06-26 06:42:37,5,53,20.8,83,13.5,1006.4,1011.3,1.4,2,14,1990.5,0
2025-06-26 06:47:37,5,53,20.8,83,13.4,1006.5,1011.4,2.7,3.4,13,1990.5,0
2025-06-26 06:52:37,5,53,20.8,82,13.4,1006.5,1011.4,1.4,2,12,1990.5,0
2025-06-26 06:57:37,5,53,20.8,82,13.3,1006.6,1011.5,1.7,2.4,12,1990.5,0
2025-06-26 07:02:37,5,53,20.8,83,13.5,1006.8,1011.7,1.7,2,14,1990.5,0
2025-06-26 07:07:37,5,53,20.9,83,14.1,1006.6,1011.5,2.4,3.4,11,1990.5,0
2025-06-26 07:12:37,5,53,20.9,82,14.2,1006.7,1011.6,2.7,3.4,12,1990.5,0
2025-06-26 07:17:37,5,53,20.8,81,14.3,1006.8,1011.7,2.7,4.1,12,1990.5,0
2025-06-26 07:22:37,5,53,20.8,80,14.4,1006.8,1011.7,1.7,2,12,1990.5,0
2025-06-26 07:27:37,5,53,20.9,79,14.4,1006.9,1011.8,2.4,3.4,10,1990.5,0
2025-06-26 07:32:37,5,53,20.9,78,14.5,1006.8,1011.7,3.1,4.4,12,1990.5,0
2025-06-26 07:37:37,5,53,20.9,77,14.8,1006.8,1011.7,3.1,4.1,15,1990.5,0
2025-06-26 07:42:37,5,52,20.9,77,14.7,1007.1,1012,2.4,3.7,12,1990.5,0
2025-06-26 07:47:37,5,52,20.9,78,14.6,1007,1011.9,2.4,3.1,11,1990.5,0
2025-06-26 07:52:37,5,51,21,78,14.6,1006.9,1011.8,2.7,3.4,14,1990.5,0
2025-06-26 07:57:37,5,51,21,74,14.2,1007.2,1012.1,4.4,6.5,12,1990.5,0
2025-06-26 08:02:37,5,51,21,74,14.1,1007.3,1012.2,2.4,4.4,12,1990.5,0
2025-06-26 08:07:37,5,51,21,74,13.9,1007.2,1012.1,3.1,4.8,10,1990.5,0
2025-06-26 08:12:37,5,51,21,75,14.1,1007.3,1012.2,3.1,3.7,12,1990.5,0
2025-06-26 08:17:37,5,51,21,76,14.5,1007.4,1012.3,2.4,3.4,10,1990.5,0
2025-06-26 08:22:37,5,51,21,75,14.3,1007.5,1012.4,3.4,5.1,14,1990.5,0
2025-06-26 08:27:37,5,51,21,75,14.4,1007.5,1012.4,2.7,3.7,10,1990.5,0
2025-06-26 08:32:37,5,51,21,76,14.9,1007.5,1012.4,4.8,6.5,12,1990.5,0
2025-06-26 08:37:37,5,50,21,76,15,1007.5,1012.4,3.4,5.1,12,1990.5,0
2025-06-26 08:42:37,5,50,21,77,15.5,1007.4,1012.3,2.7,4.1,10,1990.5,0
2025-06-26 08:47:37,5,51,21,75,15.4,1007.3,1012.2,4.8,6.8,10,1990.5,0
2025-06-26 08:52:37,5,51,21,74,15.4,1007.6,1012.5,4.4,6.1,12,1990.5,0
2025-06-26 08:57:37,5,51,21,73,15,1007.5,1012.4,4.4,5.4,12,1990.5,0
2025-06-26 09:02:37,5,50,21,72,15.1,1007.7,1012.6,4.4,6.1,12,1990.5,0
2025-06-26 09:07:37,5,50,21.1,72,15.4,1007.6,1012.5,3.4,4.8,10,1990.5,0
2025-06-26 09:12:37,5,50,21,72,15.4,1007.7,1012.6,3.7,4.8,10,1990.5,0
2025-06-26 09:17:37,5,50,21.1,73,15.5,1007.6,1012.5,4.1,5.4,10,1990.5,0
2025-06-26 09:22:37,5,50,21.1,72,15.6,1007.7,1012.6,3.4,4.4,11,1990.8,0
2025-06-26 09:27:37,5,50,21.1,72,15.6,1007.7,1012.6,2.7,3.4,14,1990.8,0
2025-06-26 09:32:37,5,50,21.1,71,15.6,1007.7,1012.6,4.8,6.1,10,1990.8,0
2025-06-26 09:37:37,5,50,21.1,71,15.7,1007.7,1012.6,6.1,7.8,10,1990.8,0
2025-06-26 09:42:37,5,50,21.1,70,15.9,1007.9,1012.8,3.4,4.8,12,1990.8,0
2025-06-26 09:47:37,5,50,21.1,70,15.9,1007.8,1012.7,3.7,4.4,12,1990.8,0
2025-06-26 09:52:37,5,49,21.1,70,15.7,1007.8,1012.7,2.7,3.7,10,1990.8,0
2025-06-26 09:57:37,5,49,21.1,70,15.6,1008.1,1013,2.7,3.7,10,1990.8,0
2025-06-26 10:02:37,5,49,21.1,70,16.2,1007.8,1012.7,3.1,4.4,2,1990.8,0
2025-06-26 10:07:37,5,49,21.1,67,16.7,1007.9,1012.8,4.8,7.5,12,1990.8,0
2025-06-26 10:12:37,5,49,21.1,67,16.5,1008,1012.9,2.4,3.7,12,1990.8,0
2025-06-26 10:17:37,5,49,21.1,69,16.3,1008.1,1013,1.4,2,12,1990.8,0
2025-06-26 10:22:37,5,49,21.1,70,16.5,1008.1,1013,3.1,4.4,12,1990.8,0
2025-06-26 10:27:37,5,49,21.1,69,16.4,1008.2,1013.1,3.7,4.1,13,1990.8,0
2025-06-26 10:32:37,5,49,21.1,70,16.1,1008.4,1013.3,3.7,5.1,10,1990.8,0
2025-06-26 10:37:37,5,49,21.1,70,16.4,1008.4,1013.3,4.1,6.8,13,1990.8,0
2025-06-26 10:42:37,5,49,21.1,69,16.4,1008.5,1013.4,4.8,6.8,14,1990.8,0
2025-06-26 10:47:37,5,49,21.1,68,16.4,1008.4,1013.3,5.1,6.1,12,1990.8,0
2025-06-26 10:52:37,5,49,21.1,69,16.3,1008.4,1013.3,3.4,5.4,12,1990.8,0
2025-06-26 10:57:37,5,49,21.1,70,16.5,1008.5,1013.4,6.1,8.8,12,1990.8,0
2025-06-26 11:02:37,5,49,21.1,70,16.5,1008.6,1013.5,2.7,3.7,10,1990.8,0
2025-06-26 11:07:37,5,49,21.1,71,17.2,1008.7,1013.6,3.1,5.1,10,1990.8,0
2025-06-26 11:12:37,5,49,21.1,70,17.2,1008.6,1013.5,2.4,3.1,10,1990.8,0
2025-06-26 11:17:37,5,49,21.1,70,17.1,1008.6,1013.5,3.7,5.1,12,1990.8,0
2025-06-26 11:22:37,5,49,21.1,70,17,1008.6,1013.5,2.4,4.1,10,1990.8,0
2025-06-26 11:27:37,5,49,21.1,70,17,1008.9,1013.8,3.7,4.8,12,1990.8,0
2025-06-26 11:32:37,5,49,21.1,70,16.7,1008.9,1013.8,2.4,3.1,12,1990.8,0
2025-06-26 11:37:37,5,49,21.1,70,16.8,1008.9,1013.8,3.7,6.1,12,1990.8,0
2025-06-26 11:42:37,5,49,21.1,70,17,1008.9,1013.8,2.7,3.7,10,1990.8,0
2025-06-26 11:47:37,5,49,21.1,68,17.4,1008.9,1013.8,4.1,6.1,14,1990.8,0
2025-06-26 11:52:37,5,49,21.1,63,17.6,1009,1013.9,5.4,7.1,10,1990.8,0
2025-06-26 11:57:37,5,49,21.1,64,16.8,1009.2,1014.1,4.8,6.8,12,1990.8,0
2025-06-26 12:02:37,5,49,21.4,67,17.2,1009.2,1014.1,3.7,5.1,12,1990.8,0
2025-06-26 12:07:37,5,49,21.4,65,17.3,1009.3,1014.2,5.8,7.8,12,1990.8,0
2025-06-26 12:12:37,5,49,21.4,62,17.6,1009.4,1014.3,2.4,3.4,14,1990.8,0
2025-06-26 12:17:37,5,49,21.4,61,17.6,1009.3,1014.2,3.1,4.8,10,1990.8,0
2025-06-26 12:22:37,5,48,21.4,62,17.6,1009.4,1014.3,2,3.1,14,1990.8,0
2025-06-26 12:27:37,5,48,21.4,64,17.3,1009.4,1014.3,3.1,4.1,10,1990.8,0
2025-06-26 12:32:37,5,48,21.4,66,17.1,1009.5,1014.4,2.7,3.7,12,1990.8,0
2025-06-26 12:37:37,5,48,21.4,67,17,1009.6,1014.5,1.7,2.4,10,1990.8,0
2025-06-26 12:42:37,5,48,21.4,66,16.9,1009.6,1014.5,2,2.7,10,1990.8,0
2025-06-26 12:47:37,5,48,21.4,66,16.8,1009.8,1014.7,2,2.7,8,1990.8,0
2025-06-26 12:52:37,5,48,21.4,66,16.9,1009.8,1014.7,4.1,5.4,10,1990.8,0
2025-06-26 12:57:37,5,47,21.4,67,16.8,1009.9,1014.8,2.7,3.7,9,1990.8,0
2025-06-26 13:02:37,5,47,21.4,70,16.8,1009.9,1014.8,1.7,2.7,14,1990.8,0
2025-06-26 13:07:37,5,48,21.4,70,16.9,1009.8,1014.7,2.4,3.7,12,1990.8,0
2025-06-26 13:12:37,5,48,21.4,70,16.5,1009.8,1014.7,2.7,4.1,8,1990.8,0
2025-06-26 13:17:37,5,48,21.5,70,16.3,1010,1014.9,4.8,5.8,12,1990.8,0
2025-06-26 13:22:37,5,48,21.5,70,16.3,1010,1014.9,3.7,4.8,0,1990.8,0
2025-06-26 13:27:37,5,48,21.5,73,16.3,1010.1,1015,2.7,3.4,12,1990.8,0
2025-06-26 13:32:37,5,48,21.5,75,16.2,1010,1014.9,2,2.7,12,1990.8,0
2025-06-26 13:37:37,5,49,21.5,76,15.9,1009.8,1014.7,2.7,3.4,10,1990.8,0
2025-06-26 13:42:37,5,49,21.5,78,15.8,1010,1014.9,1.4,2,12,1990.8,0
2025-06-26 13:47:37,5,49,21.5,78,16.6,1010,1014.9,3.1,4.8,10,1990.8,0
2025-06-26 13:52:37,5,49,21.6,73,17,1010.2,1015.1,7.1,8.8,12,1990.8,0
2025-06-26 13:57:37,5,49,21.6,70,17.3,1010.2,1015.1,5.1,6.1,10,1990.8,0
2025-06-26 14:02:37,5,49,21.6,69,17.2,1010.1,1015,5.4,8.5,12,1990.8,0
2025-06-26 14:07:37,5,49,21.7,69,17.4,1010.3,1015.2,3.7,5.8,12,1990.8,0
2025-06-26 14:12:37,5,49,21.8,68,17.4,1010.2,1015.1,5.4,7.8,12,1990.8,0
2025-06-26 14:17:37,5,49,21.8,68,17.3,1010.2,1015.1,5.1,6.8,10,1990.8,0
2025-06-26 14:22:37,5,49,21.8,68,16.8,1010.1,1015,5.1,5.8,12,1990.8,0
2025-06-26 14:27:37,5,49,21.8,70,16.5,1010.1,1015,3.7,5.4,8,1990.8,0
2025-06-26 14:32:37,5,49,21.8,71,16.6,1010.1,1015,3.7,4.4,10,1990.8,0
2025-06-26 14:37:37,5,49,21.9,70,17,1009.9,1014.8,2.4,3.4,10,1990.8,0
2025-06-26 14:42:37,5,49,21.9,70,17.1,1009.8,1014.7,4.4,5.1,12,1990.8,0
2025-06-26 14:47:37,5,49,21.9,70,17.1,1010,1014.9,5.4,6.8,12,1990.8,0
2025-06-26 14:52:37,5,49,21.9,67,17,1010.1,1015,6.8,8.2,12,1990.8,0
2025-06-26 14:57:37,5,49,21.9,67,17.2,1009.9,1014.8,5.1,7.1,12,1990.8,0
2025-06-26 15:02:37,5,49,21.9,63,17.5,1009.8,1014.7,4.1,5.1,12,1990.8,0
2025-06-26 15:07:37,5,48,22,68,17.2,1009.7,1014.6,5.1,6.8,14,1990.8,0
2025-06-26 15:12:37,5,48,22,70,16.8,1009.7,1014.6,3.4,4.8,12,1990.8,0
2025-06-26 15:17:37,5,48,22,70,16.9,1009.8,1014.7,5.8,8.8,10,1990.8,0
2025-06-26 15:22:37,5,48,22,70,16.7,1009.9,1014.8,4.8,6.8,12,1990.8,0
2025-06-26 15:27:37,5,48,22,71,16.8,1010,1014.9,3.7,4.8,12,1990.8,0
2025-06-26 15:32:37,5,48,22,71,16.8,1010.2,1015.1,4.8,5.8,10,1990.8,0
2025-06-26 15:37:37,5,48,22,71,16.7,1009.9,1014.8,4.4,7.1,14,1990.8,0
2025-06-26 15:42:37,5,48,22.1,71,16.5,1010.2,1015.1,4.8,6.5,12,1990.8,0
2025-06-26 15:47:37,5,48,22.1,71,16.2,1010.4,1015.3,5.4,7.5,10,1990.8,0
2025-06-26 15:52:37,5,48,22.1,72,16,1010.3,1015.2,2.7,4.1,10,1990.8,0
2025-06-26 15:57:37,5,48,22.1,73,15.9,1010.4,1015.3,3.4,4.8,10,1990.8,0
2025-06-26 16:02:37,5,48,22.1,73,15.8,1010.5,1015.4,2.4,3.4,10,1990.8,0
2025-06-26 16:07:37,5,48,22.1,74,15.7,1010.3,1015.2,4.1,4.8,12,1990.8,0
2025-06-26 16:12:37,5,48,22.1,75,15.5,1010.4,1015.3,3.7,4.8,12,1990.8,0
2025-06-26 16:17:37,5,48,22,76,15.4,1010.3,1015.2,3.4,4.8,8,1990.8,0
2025-06-26 16:22:37,5,48,22,79,15,1010.5,1015.4,1.7,2.4,10,1990.8,0
2025-06-26 16:27:37,5,48,22,81,14.6,1010.4,1015.3,3.7,4.8,12,1990.8,0
2025-06-26 16:32:37,5,48,22,83,14.4,1010.5,1015.4,2,3.1,10,1990.8,0
2025-06-26 16:37:37,5,48,22,84,14.3,1010.3,1015.2,2,2.7,10,1990.8,0
2025-06-26 16:42:37,5,48,22,86,14.3,1010.4,1015.3,1,1.7,10,1990.8,0
2025-06-26 16:47:37,5,49,21.9,87,14.2,1010.4,1015.3,2,2.7,12,1991.1,0
2025-06-26 16:52:37,5,49,21.9,88,14,1010.4,1015.3,1.4,2.4,12,1991.4,0
2025-06-26 16:57:37,5,49,21.9,89,14,1010.5,1015.4,2,2.4,10,1991.7,0
2025-06-26 17:02:37,5,50,21.9,90,14,1010.6,1015.5,1.4,1.7,10,1992,0
2025-06-26 17:07:37,5,50,21.8,91,13.9,1010.6,1015.5,1.4,2,12,1992.6,0
2025-06-26 17:12:37,5,50,21.9,92,13.9,1010.5,1015.4,1,1.7,12,1992.9,0
2025-06-26 17:17:37,5,50,21.8,93,14.1,1010.7,1015.6,2,3.1,12,1992.9,0
2025-06-26 17:22:37,5,50,21.8,94,14.1,1010.7,1015.6,1.4,1.7,9,1993.2,0
2025-06-26 17:27:37,5,50,21.8,95,14.2,1010.6,1015.5,2.4,4.1,10,1993.2,0
2025-06-26 17:32:37,5,50,21.8,95,14.2,1010.6,1015.5,2,3.1,10,1993.2,0
2025-06-26 17:37:37,5,50,21.7,96,14.1,1010.6,1015.5,2.4,3.7,12,1993.5,0
2025-06-26 17:42:37,5,50,21.8,96,14.1,1010.6,1015.5,1.4,2,12,1993.5,0
2025-06-26 17:47:37,5,51,21.7,97,14.2,1010.4,1015.3,2,3.1,12,1993.8,0
2025-06-26 17:52:37,5,51,21.7,97,14.4,1010.4,1015.3,2,2.4,12,1993.8,0
2025-06-26 17:57:37,5,51,21.7,97,14.4,1010.4,1015.3,1.7,2.4,11,1994.1,0
2025-06-26 18:02:37,5,51,21.7,98,14.4,1010.3,1015.2,1.4,1.7,7,1994.1,0
2025-06-26 18:07:37,5,51,21.7,98,14.4,1010.5,1015.4,1.7,3.1,12,1994.4,0
2025-06-26 18:12:37,5,51,21.7,98,14.3,1010.4,1015.3,2,3.1,8,1994.4,0
2025-06-26 18:17:37,5,51,21.6,97,14.2,1010.5,1015.4,1.4,2,10,1994.7,0
2025-06-26 18:22:37,5,51,21.5,97,14.1,1010.7,1015.6,1.4,1.7,12,1994.7,0
2025-06-26 18:27:37,5,51,21.6,97,14.1,1010.7,1015.6,2.4,3.1,11,1994.7,0
2025-06-26 18:32:37,5,51,21.5,98,14.2,1010.4,1015.3,1,1.4,8,1994.7,0
2025-06-26 18:37:37,5,51,21.5,98,14.1,1010.3,1015.2,1.4,1.7,12,1995,0
2025-06-26 18:42:37,5,51,21.6,98,14.1,1010.4,1015.3,1.7,2.4,12,1995,0
2025-06-26 18:47:37,5,51,21.5,98,14.1,1010.8,1015.7,2,3.1,12,1995,0
2025-06-26 18:52:37,5,52,21.5,98,14.1,1010.5,1015.4,1.7,2.4,10,1995,0
2025-06-26 18:57:37,5,52,21.5,98,14,1010.4,1015.3,1.4,2,12,1995,0
2025-06-26 19:02:37,5,52,21.5,98,13.9,1010.6,1015.5,1.7,2.4,8,1995.3,0
2025-06-26 19:07:37,5,52,21.5,98,13.9,1010.4,1015.3,1.4,1.7,13,1995.6,0
2025-06-26 19:12:37,5,52,21.4,98,13.8,1010.4,1015.3,0.7,1,10,1995.6,0
2025-06-26 19:17:37,5,52,21.5,98,13.8,1010.5,1015.4,0.7,1.4,12,1995.6,0
2025-06-26 19:22:37,5,52,21.3,98,13.8,1010.5,1015.4,0.7,1,9,1995.6,0
2025-06-26 19:27:37,5,52,21.4,98,13.8,1010.6,1015.5,1,1.7,10,1995.6,0
2025-06-26 19:32:37,5,52,21.4,98,13.8,1010.4,1015.3,1.4,2.4,0,1995.9,0
2025-06-26 19:37:37,5,52,21.4,98,13.7,1010.4,1015.3,1.4,1.7,12,1995.9,0
2025-06-26 19:42:37,5,52,21.4,98,13.7,1010.4,1015.3,1.4,2,10,1995.9,0
2025-06-26 19:47:37,5,52,21.4,98,13.7,1010.1,1015,1.4,1.7,14,1995.9,0
2025-06-26 19:52:37,5,52,21.4,98,13.6,1010.1,1015,0.7,1,12,1995.9,0
2025-06-26 19:57:37,5,52,21.4,98,13.6,1010.1,1015,0.7,1.4,14,1995.9,0
2025-06-26 20:02:37,5,52,21.4,98,13.7,1010.2,1015.1,0.7,1,10,1995.9,0
2025-06-26 20:07:37,5,52,21.4,98,13.7,1010.4,1015.3,1.4,2.4,10,1995.9,0
2025-06-26 20:12:37,5,52,21.4,98,13.8,1010.3,1015.2,1.4,1.7,10,1995.9,0
2025-06-26 20:17:37,5,52,21.4,98,13.8,1010.3,1015.2,0.7,1.4,8,1995.9,0
2025-06-26 20:22:37,5,52,21.4,98,13.9,1010.7,1015.6,0.7,1,12,1995.9,0
2025-06-26 20:27:37,5,52,21.1,98,13.8,1010.5,1015.4,1.7,2,0,1995.9,0
2025-06-26 20:32:37,5,52,21.1,98,13.9,1010.3,1015.2,1.4,1.7,12,1995.9,0
2025-06-26 20:37:37,5,52,21.1,98,13.8,1010.5,1015.4,1,1.4,10,1995.9,0
2025-06-26 20:42:37,5,52,21.1,97,13.8,1010.4,1015.3,2.7,4.8,12,1995.9,0
2025-06-26 20:47:37,5,52,21.1,97,13.8,1010.3,1015.2,1.4,1.7,8,1995.9,0
2025-06-26 20:52:37,5,52,21.1,96,13.7,1010.5,1015.4,1.4,1.7,10,1995.9,0
2025-06-26 20:57:37,5,52,21.2,96,13.7,1010.4,1015.3,1,1.4,0,1995.9,0
2025-06-26 21:02:37,5,52,21.1,96,13.6,1010.3,1015.2,1.7,2.4,12,1995.9,0
2025-06-26 21:07:37,5,52,21.1,95,13.6,1010.3,1015.2,2,2.4,10,1995.9,0
2025-06-26 21:12:37,5,52,21.1,95,13.6,1010.2,1015.1,0.7,1,12,1995.9,0
2025-06-26 21:17:37,5,52,21.1,95,13.6,1010.1,1015,1,1.4,10,1995.9,0
2025-06-26 21:22:37,5,52,21.1,95,13.6,1010,1014.9,1.7,2.7,10,1995.9,0
2025-06-26 21:27:37,5,52,21.1,95,13.6,1010.1,1015,1,1.4,12,1995.9,0
2025-06-26 21:32:37,5,52,21.1,95,13.6,1010,1014.9,1.4,2,12,1995.9,0
2025-06-26 21:37:37,5,52,21.1,94,13.6,1010.2,1015.1,1,2,10,1995.9,0
2025-06-26 21:42:37,5,52,21.1,94,13.7,1010.1,1015,1.7,2.4,12,1995.9,0
2025-06-26 21:47:37,5,52,21.1,94,13.7,1010.2,1015.1,1.7,2.4,12,1995.9,0
2025-06-26 21:52:37,5,52,21.1,94,13.7,1010.1,1015,1.4,1.7,10,1995.9,0
2025-06-26 21:57:37,5,52,21.1,93,13.7,1010.2,1015.1,1,1.7,12,1995.9,0
2025-06-26 22:02:37,5,52,21.1,93,13.7,1010.2,1015.1,1.4,2.4,12,1995.9,0
2025-06-26 22:07:37,5,52,21,93,13.7,1010.1,1015,1.4,2,12,1995.9,0
2025-06-26 22:12:37,5,52,21,93,13.8,1010,1014.9,1.4,2.4,12,1995.9,0
2025-06-26 22:17:37,5,52,21,93,13.8,1010.1,1015,1.4,2,12,1995.9,0
2025-06-26 22:22:37,5,52,21,93,13.8,1010.1,1015,1.7,2.4,2,1995.9,0
2025-06-26 22:27:37,5,52,21,93,13.8,1010.1,1015,1,1.4,10,1995.9,0
2025-06-26 22:32:37,5,52,21,92,13.8,1010,1014.9,1.4,2,10,1995.9,0
2025-06-26 22:37:37,5,53,20.9,92,13.8,1009.9,1014.8,2,2.7,10,1995.9,0
2025-06-26 22:42:37,5,53,20.9,92,13.8,1010,1014.9,2,2.7,12,1995.9,0
2025-06-26 22:47:37,5,53,20.9,92,13.9,1010,1014.9,2,2.7,12,1995.9,0
2025-06-26 22:52:37,5,53,20.9,92,13.9,1010,1014.9,1.4,1.7,12,1995.9,0
2025-06-26 22:57:37,5,53,20.8,92,13.9,1010,1014.9,2,2.7,10,1995.9,0
2025-06-26 23:02:37,5,53,20.8,92,13.9,1009.9,1014.8,1.4,2,8,1995.9,0
2025-06-26 23:07:38,5,53,20.9,92,14,1010,1014.9,2.7,3.1,10,1995.9,0
2025-06-26 23:12:37,5,53,20.8,92,14,1010.1,1015,2.7,4.1,12,1995.9,0
2025-06-26 23:17:37,5,53,20.8,92,14,1009.9,1014.8,1.4,2,10,1995.9,0
2025-06-26 23:22:37,5,53,20.8,92,14,1009.8,1014.7,2,2.7,10,1995.9,0
2025-06-26 23:27:37,5,53,20.8,93,14,1009.8,1014.7,1.7,2.4,12,1995.9,0
2025-06-26 23:32:37,5,53,20.8,93,14,1009.6,1014.5,1.7,2,6,1995.9,0
2025-06-26 23:37:37,5,53,20.8,93,14,1009.8,1014.7,2,2.7,8,1995.9,0
2025-06-26 23:42:37,5,53,20.8,93,14,1009.6,1014.5,1.7,2,14,1995.9,0
2025-06-26 23:47:37,5,54,20.8,94,14.1,1009.6,1014.5,1.7,2,10,1995.9,0
2025-06-26 23:52:37,5,54,20.8,94,14.1,1009.5,1014.4,1.4,2,12,1995.9,0
2025-06-26 23:57:37,5,54,20.8,95,14.2,1009.6,1014.5,2,3.1,14,1995.9,0
