2025-06-25 00:04:38,5,53,21.4,93,14,1008.3,1013.2,1.4,1.7,10,1988.1,0
2025-06-25 00:09:38,5,53,21.4,93,14,1008.3,1013.2,1.4,1.7,12,1988.1,0
2025-06-25 00:14:38,5,54,21.4,93,14,1008.4,1013.3,1,1.7,12,1988.1,0
2025-06-25 00:19:38,5,54,21.4,93,14.1,1008.2,1013.1,1.4,2,10,1988.1,0
2025-06-25 00:24:38,5,54,21.4,94,14.1,1008.1,1013,1.7,2,14,1988.1,0
2025-06-25 00:29:38,5,54,21.4,94,14.1,1008.2,1013.1,1.4,2,12,1988.1,0
2025-06-25 00:34:38,5,54,21.4,94,14.1,1008.1,1013,1.4,2,10,1988.1,0
2025-06-25 00:39:38,5,54,21.4,94,14.1,1008.3,1013.2,1.7,2,12,1988.1,0
2025-06-25 00:44:38,5,54,21.4,94,14.1,1008.4,1013.3,1,1.7,10,1988.1,0
2025-06-25 00:49:38,5,54,21.4,94,14.1,1008.4,1013.3,0.7,1,12,1988.1,0
2025-06-25 00:54:38,5,54,21.4,95,14.1,1008.5,1013.4,0.3,1,10,1988.1,0
2025-06-25 00:59:38,5,54,21.4,95,14.1,1008.5,1013.4,1,1.4,12,1988.1,0
2025-06-25 01:04:38,5,54,21.4,95,14.1,1008.5,1013.4,0.7,1,12,1988.1,0
2025-06-25 01:09:38,5,54,21.4,95,14.1,1008.6,1013.5,0.7,1,14,1988.1,0
2025-06-25 01:14:38,5,54,21.4,96,14.1,1008.5,1013.4,1,1.4,12,1988.1,0
2025-06-25 01:19:38,5,54,21.4,96,14.1,1008.6,1013.5,1.4,1.7,12,1988.1,0
2025-06-25 01:24:38,5,54,21.1,96,14.1,1008.7,1013.6,1,1.4,12,1988.1,0
2025-06-25 01:29:38,5,54,21.1,96,14.1,1008.7,1013.6,2,2.4,12,1988.1,0
2025-06-25 01:34:38,5,54,21.1,96,14,1008.6,1013.5,2,2.7,12,1988.1,0
2025-06-25 01:39:38,5,54,21.1,96,14,1008.8,1013.7,1.4,2,12,1988.1,0
2025-06-25 01:44:38,5,54,21.1,96,13.9,1008.8,1013.7,1,1.4,12,1988.1,0
2025-06-25 01:49:38,5,54,21.1,96,13.9,1008.8,1013.7,1,1.4,12,1988.1,0
2025-06-25 01:54:38,5,54,21.1,97,13.9,1008.8,1013.7,1,1.4,14,1988.1,0
2025-06-25 01:59:38,5,54,21.1,97,13.9,1008.9,1013.8,1.4,2,10,1988.1,0
2025-06-25 02:04:38,5,54,21.1,97,13.9,1009,1013.9,3.7,5.1,12,1988.1,0
2025-06-25 02:09:38,5,54,21.1,97,13.8,1008.9,1013.8,3.1,4.1,11,1988.1,0
2025-06-25 02:14:38,5,54,21.1,98,13.7,1008.9,1013.8,1.4,2,10,1988.4,0
2025-06-25 02:19:38,5,54,21.1,98,13.6,1009,1013.9,2.4,2.7,10,1988.4,0
2025-06-25 02:24:38,5,55,21.1,98,13.5,1009,1013.9,2,3.4,14,1988.7,0
2025-06-25 02:29:38,5,55,21,99,13.3,1008.9,1013.8,0.7,1,10,1988.7,0
2025-06-25 02:34:38,5,55,21.1,99,13.3,1009,1013.9,1,1.4,10,1988.7,0
2025-06-25 02:39:38,5,55,21,99,13.4,1008.9,1013.8,0.3,0.7,10,1988.7,0
2025-06-25 02:44:38,5,55,21,99,13.4,1008.9,1013.8,1,1.4,12,1988.7,0
2025-06-25 02:49:38,5,55,21.1,99,13.4,1008.9,1013.8,1.4,2,10,1988.7,0
2025-06-25 02:54:38,5,55,21.1,99,13.4,1009.1,1014,0.3,0.7,12,1988.7,0
2025-06-25 02:59:38,5,55,21,99,13.4,1008.9,1013.8,0.3,1,10,1988.7,0
2025-06-25 03:04:38,5,55,21,99,13.4,1008.6,1013.5,0.7,1.4,12,1988.7,0
2025-06-25 03:09:38,5,55,21,99,13.3,1008.6,1013.5,0.7,1,10,1988.7,0
2025-06-25 03:14:37,5,55,21,99,13.3,1008.7,1013.6,0.3,0.7,10,1988.7,0
2025-06-25 03:19:37,5,55,21,99,13.3,1008.6,1013.5,0,0.3,10,1988.7,0
2025-06-25 03:24:37,5,55,21.1,99,13.2,1008.6,1013.5,0,0,12,1988.7,0
2025-06-25 03:29:37,5,55,21.1,99,13.2,1008.5,1013.4,0,0,12,1988.7,0
2025-06-25 03:34:37,5,55,21,99,13.1,1008.4,1013.3,0,0,12,1988.7,0
2025-06-25 03:39:37,5,55,21.1,99,13.1,1008.7,1013.6,0,0,10,1988.7,0
2025-06-25 03:44:37,5,55,21.1,99,13.1,1008.7,1013.6,0.7,0.7,12,1988.7,0
2025-06-25 03:49:37,5,55,21,99,13.2,1008.5,1013.4,0.7,1,8,1988.7,0
2025-06-25 03:54:37,5,55,21.1,99,13.2,1008.5,1013.4,0.3,0.7,12,1988.7,0
2025-06-25 03:59:37,5,55,21,99,13.3,1008.5,1013.4,0.3,0.7,10,1988.7,0
2025-06-25 04:04:37,5,55,21.1,99,13.3,1008.3,1013.2,0.7,0.7,12,1988.7,0
2025-06-25 04:09:37,5,55,21.1,99,13.3,1008.3,1013.2,0.3,0.3,10,1988.7,0
2025-06-25 04:14:37,5,55,21.1,99,13.4,1008.2,1013.1,0.3,0.7,12,1988.7,0
2025-06-25 04:19:37,5,55,21,99,13.4,1008.1,1013,0,0,10,1988.7,0
2025-06-25 04:24:37,5,55,21.1,99,13.4,1008.1,1013,0,0,10,1988.7,0
2025-06-25 04:29:37,5,55,21.1,99,13.5,1008.1,1013,0,0.3,12,1988.7,0
2025-06-25 04:34:37,5,55,21.1,99,13.5,1008.2,1013.1,0.3,0.7,12,1989,0
2025-06-25 04:39:37,5,55,21,99,13.6,1008.2,1013.1,2.4,2.7,14,1989,0
2025-06-25 04:44:37,5,55,21,99,13.4,1008.3,1013.2,1.7,2.4,12,1989,0
2025-06-25 04:49:37,5,55,21,99,13.4,1008.3,1013.2,0.3,0.7,0,1989.3,0
2025-06-25 04:54:37,5,55,21,99,13.4,1008.2,1013.1,0.7,1,12,1989.3,0
2025-06-25 04:59:37,5,55,21,99,13.4,1008.4,1013.3,0.3,0.7,8,1989.3,0
2025-06-25 05:04:37,5,55,21,99,13.5,1008.3,1013.2,0,0,10,1989.3,0
2025-06-25 05:09:37,5,56,20.9,99,13.5,1008.4,1013.3,0.7,1,12,1989.3,0
2025-06-25 05:14:37,5,55,21,99,13.5,1008.5,1013.4,0.3,0.7,10,1989.3,0
2025-06-25 05:19:37,5,55,21,99,13.6,1008.5,1013.4,0.3,0.3,12,1989.3,0
2025-06-25 05:24:37,5,55,21,99,13.6,1008.3,1013.2,0,0.3,12,1989.3,0
2025-06-25 05:29:37,5,55,21,99,13.6,1008.5,1013.4,0.3,0.7,12,1989.3,0
2025-06-25 05:34:37,5,56,20.9,99,13.6,1008.5,1013.4,0.3,0.7,10,1989.3,0
2025-06-25 05:39:37,5,55,21,99,13.7,1008.6,1013.5,0,0.3,10,1989.3,0
2025-06-25 05:44:37,5,55,21,99,14,1008.5,1013.4,0,0,6,1989.3,0
2025-06-25 05:49:37,5,55,21,99,14.8,1008.6,1013.5,0.3,0.7,12,1989.3,0
2025-06-25 05:54:37,5,55,21,99,15,1008.6,1013.5,0.3,1,10,1989.3,0
2025-06-25 05:59:37,5,55,21,99,14.7,1008.6,1013.5,0,0.3,10,1989.3,0
2025-06-25 06:04:37,5,55,21,99,14.5,1008.5,1013.4,0,0.3,10,1989.3,0
2025-06-25 06:09:37,5,55,21,99,14.4,1008.5,1013.4,0.3,0.7,12,1989.3,0
2025-06-25 06:14:37,5,55,21,99,14.4,1008.6,1013.5,0,0.3,6,1989.3,0
2025-06-25 06:19:37,5,55,21,99,14.5,1008.6,1013.5,0.3,0.7,12,1989.3,0
2025-06-25 06:24:37,5,55,21,99,14.5,1008.3,1013.2,0,0.3,10,1989.3,0
2025-06-25 06:29:37,5,55,21.1,99,14.5,1008.4,1013.3,0.3,0.7,3,1989.3,0
2025-06-25 06:34:37,5,55,21,99,14.6,1008.3,1013.2,1,1.4,6,1989.3,0
2025-06-25 06:39:37,5,55,21,99,14.8,1008.3,1013.2,0.3,0.7,6,1989.3,0
2025-06-25 06:44:37,5,56,21.1,99,14.7,1008.5,1013.4,1,1.4,8,1989.3,0
2025-06-25 06:49:37,5,56,21.1,99,14.7,1008.4,1013.3,0,0,11,1989.3,0
2025-06-25 06:54:37,5,56,21.1,99,14.9,1008.5,1013.4,0,0.3,10,1989.3,0
2025-06-25 06:59:37,5,56,21.1,99,14.9,1008.3,1013.2,0.3,0.7,10,1989.3,0
2025-06-25 07:04:37,5,56,21.1,99,14.9,1008.2,1013.1,0,0,12,1989.3,0
2025-06-25 07:09:37,5,56,21.1,99,15.2,1008.3,1013.2,0,0.3,10,1989.3,0
2025-06-25 07:14:37,5,56,21.1,99,15.2,1008.4,1013.3,0,0.3,10,1989.3,0
2025-06-25 07:19:37,5,56,21.1,99,15.2,1008.2,1013.1,0.3,1,12,1989.3,0
2025-06-25 07:24:37,5,56,21.1,99,15.2,1008.4,1013.3,0.7,1.4,10,1989.3,0
2025-06-25 07:29:37,5,56,21.1,98,15.2,1008.4,1013.3,0.3,0.7,12,1989.3,0
2025-06-25 07:34:37,5,56,21.1,97,15.1,1008.5,1013.4,1,1.4,10,1989.3,0
2025-06-25 07:39:37,5,56,21.1,96,15.2,1008.5,1013.4,0.3,0.3,10,1989.3,0
2025-06-25 07:44:37,5,56,21.1,95,15.3,1008.4,1013.3,0.3,0.7,12,1989.3,0
2025-06-25 07:49:37,5,56,21.1,94,15.4,1008.3,1013.2,0.7,1,12,1989.3,0
2025-06-25 07:54:37,5,56,21.1,92,15.4,1008.4,1013.3,1,1,8,1989.3,0
2025-06-25 07:59:37,5,56,21.1,91,15.5,1008.4,1013.3,1.4,2,12,1989.3,0
2025-06-25 08:04:37,5,56,21.1,90,15.5,1008.4,1013.3,0.3,1,10,1989.3,0
2025-06-25 08:09:37,5,56,21.1,89,15.7,1008.3,1013.2,0.7,1,12,1989.3,0
2025-06-25 08:14:37,5,56,21.4,88,15.8,1008.2,1013.1,0.3,0.7,11,1989.3,0
2025-06-25 08:19:37,5,56,21.4,87,16,1008.2,1013.1,0.7,1,12,1989.3,0
2025-06-25 08:24:37,5,56,21.4,86,16.5,1008.1,1013,0.7,1,10,1989.3,0
2025-06-25 08:29:37,5,56,21.4,84,16.8,1008.1,1013,0.7,1,0,1989.3,0
2025-06-25 08:34:37,5,56,21.4,82,16.9,1008.2,1013.1,0.7,1,0,1989.3,0
2025-06-25 08:39:37,5,56,21.4,81,17,1008,1012.9,1.4,2,10,1989.3,0
2025-06-25 08:44:37,5,56,21.4,81,16.8,1007.9,1012.8,1.4,1.7,12,1989.3,0
2025-06-25 08:49:37,5,56,21.4,81,16.5,1007.9,1012.8,0.7,1,6,1989.3,0
2025-06-25 08:54:37,5,56,21.4,81,16.6,1007.9,1012.8,1.7,2.4,14,1989.3,0
2025-06-25 08:59:37,5,56,21.4,82,16.6,1007.5,1012.4,1.4,1.7,10,1989.3,0
2025-06-25 09:04:37,5,56,21.4,81,16.9,1007.5,1012.4,1.4,2.4,10,1989.3,0
2025-06-25 09:09:37,5,56,21.3,80,16.9,1007.7,1012.6,0,0.7,12,1989.3,0
2025-06-25 09:14:37,5,56,21.4,80,16.6,1007.5,1012.4,1,1.4,10,1989.3,0
2025-06-25 09:19:37,5,56,21.4,81,16.3,1007.6,1012.5,0.7,1.4,10,1989.3,0
2025-06-25 09:24:37,5,56,21.4,82,16.3,1007.6,1012.5,1,1.4,12,1989.3,0
2025-06-25 09:29:37,5,56,21.5,83,16.5,1007.4,1012.3,0.7,1,10,1989.3,0
2025-06-25 09:34:37,5,56,21.5,83,16.7,1007.4,1012.3,1,1,12,1989.3,0
2025-06-25 09:39:37,5,56,21.5,82,16.7,1007.3,1012.2,1,1.4,8,1989.3,0
2025-06-25 09:44:37,5,56,21.4,83,17.2,1007.1,1012,1,1.7,4,1989.3,0
2025-06-25 09:49:37,5,56,21.5,78,17.5,1007.1,1012,1.4,1.7,10,1989.3,0
2025-06-25 09:54:37,5,56,21.5,76,17.5,1007.1,1012,1,1.7,8,1989.3,0
2025-06-25 09:59:37,5,56,21.6,76,18,1007.2,1012.1,1,2,6,1989.3,0
2025-06-25 10:04:37,5,56,21.6,75,18.5,1007.1,1012,1,1.4,12,1989.3,0
2025-06-25 10:09:37,5,56,21.7,73,18.2,1006.9,1011.8,0.7,1.4,12,1989.3,0
2025-06-25 10:14:37,5,56,21.7,74,18.1,1006.9,1011.8,0.7,1.4,10,1989.3,0
2025-06-25 10:19:37,5,56,21.7,74,18,1007.2,1012.1,1,1.4,12,1989.3,0
2025-06-25 10:24:37,5,56,21.7,73,17.7,1007.1,1012,1,1.4,0,1989.3,0
2025-06-25 10:29:37,5,56,21.7,73,17.5,1007.1,1012,1,1.7,10,1989.3,0
2025-06-25 10:34:37,5,56,21.8,74,17.5,1007.3,1012.2,0.7,1,12,1989.3,0
2025-06-25 10:39:37,5,56,21.8,78,17.4,1007.4,1012.3,1.7,2.4,12,1989.3,0
2025-06-25 10:44:37,5,56,21.9,78,17.3,1007.2,1012.1,1,2,12,1989.3,0
2025-06-25 10:49:37,5,56,21.9,78,17.4,1007.2,1012.1,1.4,2,0,1989.3,0
2025-06-25 10:54:37,5,56,21.9,74,17.6,1007.1,1012,1,1.4,12,1989.3,0
2025-06-25 10:59:37,5,56,21.9,74,17.7,1007.2,1012.1,0.7,1.4,12,1989.3,0
2025-06-25 11:04:37,5,56,21.9,74,17.7,1007.2,1012.1,0.7,1.4,10,1989.3,0
2025-06-25 11:09:37,5,56,21.9,77,17.4,1007.2,1012.1,2,2.7,10,1989.3,0
2025-06-25 11:14:37,5,56,21.9,77,17.2,1007.2,1012.1,2.4,3.7,10,1989.3,0
2025-06-25 11:19:37,5,56,21.9,77,17.1,1007.3,1012.2,2,3.4,12,1989.3,0
2025-06-25 11:24:37,5,55,22,78,17,1007.4,1012.3,2.4,3.1,10,1989.3,0
2025-06-25 11:29:37,5,55,22,79,17,1007.2,1012.1,1.7,2,14,1989.3,0
2025-06-25 11:34:37,5,55,22,79,17.2,1007.2,1012.1,1.7,2.4,12,1989.3,0
2025-06-25 11:39:37,5,55,22,80,17.4,1007,1011.9,1.7,2,0,1989.3,0
2025-06-25 11:44:37,5,55,22,76,18,1006.8,1011.7,1,1.4,12,1989.3,0
2025-06-25 11:49:37,5,55,22,74,18.4,1006.8,1011.7,1,1.4,10,1989.3,0
2025-06-25 11:54:37,5,55,22,73,18.2,1006.8,1011.7,1.7,2.7,12,1989.3,0
2025-06-25 11:59:37,5,55,22,73,17.7,1006.7,1011.6,2.7,3.1,14,1989.3,0
2025-06-25 12:04:37,5,55,22,74,17.5,1006.6,1011.5,2.4,3.1,12,1989.3,0
2025-06-25 12:09:37,5,55,22,80,17.2,1006.5,1011.4,0.3,1,10,1989.3,0
2025-06-25 12:14:37,5,55,22,81,17.2,1006.5,1011.4,1.7,2,12,1989.3,0
2025-06-25 12:19:37,5,55,22,82,17.4,1006.3,1011.2,1,1.7,12,1989.3,0
2025-06-25 12:24:37,5,55,22.1,78,17.5,1006.5,1011.4,2,2.7,12,1989.3,0
2025-06-25 12:29:37,5,55,22.1,75,17.6,1006.5,1011.4,2,2.7,12,1989.3,0
2025-06-25 12:34:37,5,55,22.1,75,18,1006.2,1011.1,1,1.7,8,1989.3,0
2025-06-25 12:39:37,5,55,22.1,76,18.5,1006.4,1011.3,2,2.7,13,1989.3,0
2025-06-25 12:44:37,5,55,22.1,75,18.9,1006.3,1011.2,2.7,3.4,10,1989.3,0
2025-06-25 12:49:37,5,55,22.1,73,19.1,1006.2,1011.1,1.7,2.4,12,1989.3,0
2025-06-25 12:54:37,5,55,22.1,73,19.1,1006.2,1011.1,1.4,2,12,1989.3,0
2025-06-25 12:59:37,5,55,22.1,73,18.7,1006.2,1011.1,2,2.7,13,1989.3,0
2025-06-25 13:04:37,5,55,22.2,72,18.1,1006.1,1011,2.7,3.4,12,1989.3,0
2025-06-25 13:09:37,5,55,22.2,74,17.9,1006,1010.9,2,2.7,12,1989.3,0
2025-06-25 13:14:37,5,55,22.2,76,18,1006.2,1011.1,1.7,2.7,10,1989.3,0
2025-06-25 13:19:37,5,55,22.2,77,18.1,1006,1010.9,2.4,4.1,12,1989.3,0
2025-06-25 13:24:37,5,55,22.2,77,17.7,1005.9,1010.8,2.4,3.1,0,1989.3,0
2025-06-25 13:29:37,5,55,22.2,78,17.5,1005.9,1010.8,2.7,3.7,12,1989.3,0
2025-06-25 13:34:37,5,55,22.2,79,17.8,1006,1010.9,2,2.7,12,1989.3,0
2025-06-25 13:39:37,5,56,22.2,80,18.4,1005.8,1010.7,2.4,2.7,12,1989.3,0
2025-06-25 13:44:37,5,56,22.2,77,18.5,1005.8,1010.7,3.1,4.1,10,1989.3,0
2025-06-25 13:49:37,5,56,22.3,77,18.8,1005.8,1010.7,3.1,4.4,14,1989.3,0
2025-06-25 13:54:37,5,56,22.3,75,18.7,1005.8,1010.7,2.4,3.1,12,1989.3,0
2025-06-25 13:59:37,5,56,22.3,75,18.4,1005.9,1010.8,2.7,3.7,8,1989.3,0
2025-06-25 14:04:37,5,56,22.3,75,18,1005.9,1010.8,2,3.4,10,1989.3,0
2025-06-25 14:09:37,5,56,22.3,76,17.8,1005.9,1010.8,1.7,2.4,12,1989.3,0
2025-06-25 14:14:37,5,56,22.3,77,17.6,1005.8,1010.7,2.7,4.1,10,1989.3,0
2025-06-25 14:19:37,5,56,22.3,79,17.6,1005.8,1010.7,1.7,2.7,12,1989.3,0
2025-06-25 14:25:37,6,56,22.3,82,17.4,1005.9,1010.8,4.1,5.4,10,1989.3,0
2025-06-25 14:30:37,5,56,22.3,82,17.3,1006,1010.9,4.4,6.1,10,1989.3,0
2025-06-25 14:35:37,5,56,22.3,83,17.2,1006.1,1011,3.7,4.8,12,1989.3,0
2025-06-25 14:41:37,6,56,22.3,84,16.6,1006.1,1011,4.8,6.8,11,1989.3,0
2025-06-25 14:46:37,5,56,22.3,84,16.1,1005.9,1010.8,3.4,4.4,12,1989.3,0
2025-06-25 14:51:37,5,56,22.3,86,16.4,1005.8,1010.7,3.1,3.4,12,1989.3,0
2025-06-25 14:57:37,6,56,22.3,86,17,1005.8,1010.7,3.1,4.4,12,1989.3,0
2025-06-25 15:02:37,5,56,22.3,82,17.5,1005.8,1010.7,3.1,4.8,12,1989.3,0
2025-06-25 15:07:37,5,56,22.3,80,17.9,1005.6,1010.5,3.1,4.1,12,1989.3,0
2025-06-25 15:13:37,6,56,22.4,77,18.3,1005.7,1010.6,2.7,3.7,12,1989.3,0
2025-06-25 15:18:37,5,56,22.4,76,18.1,1005.5,1010.4,4.8,6.8,12,1989.3,0
2025-06-25 15:23:37,5,56,22.4,76,17.8,1005.7,1010.6,3.1,3.7,12,1989.3,0
2025-06-25 15:29:37,6,56,22.4,76,17.7,1005.8,1010.7,3.7,5.4,10,1989.3,0
2025-06-25 15:34:37,5,56,22.4,76,17.6,1005.6,1010.5,2.7,3.7,8,1989.3,0
2025-06-25 15:39:37,5,56,22.4,77,17.8,1005.6,1010.5,2.4,3.4,12,1989.3,0
2025-06-25 15:45:37,6,56,22.5,76,17.9,1005.7,1010.6,3.7,4.4,10,1989.3,0
2025-06-25 15:50:37,5,56,22.5,75,17.8,1005.6,1010.5,2.4,3.7,10,1989.3,0
2025-06-25 15:55:37,5,56,22.4,75,17.9,1005.4,1010.3,2.7,3.4,11,1989.3,0
2025-06-25 16:01:37,6,56,22.5,75,17.7,1005.4,1010.3,3.4,4.4,10,1989.3,0
2025-06-25 16:06:37,5,56,22.5,76,17.7,1005.4,1010.3,4.1,4.8,7,1989.3,0
2025-06-25 16:11:37,5,56,22.5,76,17.8,1005.4,1010.3,3.7,5.1,12,1989.3,0
2025-06-25 16:17:37,6,56,22.5,75,17.8,1005.3,1010.2,3.7,5.1,12,1989.3,0
2025-06-25 16:22:37,5,56,22.4,75,17.8,1005.3,1010.2,1.7,2.4,14,1989.3,0
2025-06-25 16:27:37,5,56,22.5,75,17.8,1005.1,1010,4.1,5.8,10,1989.3,0
2025-06-25 16:33:37,6,55,22.4,74,17.9,1005.2,1010.1,3.1,4.1,12,1989.3,0
2025-06-25 16:38:37,5,55,22.4,74,18,1005.1,1010,3.4,4.8,12,1989.3,0
2025-06-25 16:43:37,5,55,22.4,74,17.9,1005.2,1010.1,3.1,4.4,14,1989.3,0
2025-06-25 16:49:37,6,55,22.5,75,17.5,1005.4,1010.3,4.4,6.1,12,1989.3,0
2025-06-25 16:54:37,5,55,22.5,82,17.2,1005.4,1010.3,2,3.1,12,1989.3,0
2025-06-25 16:59:37,5,55,22.5,84,16.9,1005.2,1010.1,2.7,4.8,12,1989.3,0
2025-06-25 17:05:37,6,56,22.5,86,16.8,1005.4,1010.3,2.4,3.7,12,1989.3,0
2025-06-25 17:10:37,5,56,22.4,87,16.8,1005.5,1010.4,2.4,3.1,10,1989.3,0
2025-06-25 17:15:37,5,56,22.4,87,16.6,1005.6,1010.5,2,2.7,8,1989.3,0
2025-06-25 17:21:37,6,56,22.4,88,16.2,1005.5,1010.4,2,2.7,12,1989.3,0
2025-06-25 17:26:37,5,56,22.4,89,16.1,1005.5,1010.4,2.4,3.4,12,1989.3,0
2025-06-25 17:31:37,5,56,22.4,90,16.1,1005.4,1010.3,2.4,3.4,12,1989.3,0
2025-06-25 17:37:37,6,56,22.4,91,16.3,1005.4,1010.3,2.4,4.1,10,1989.3,0
2025-06-25 17:42:37,5,56,22.4,91,16.5,1005.4,1010.3,3.1,4.1,10,1989.3,0
2025-06-25 17:47:37,5,56,22.4,91,16.7,1005.5,1010.4,2,3.1,12,1989.3,0
2025-06-25 17:53:37,6,56,22.3,89,16.6,1005.4,1010.3,3.4,4.8,12,1989.3,0
2025-06-25 17:58:37,5,56,22.3,88,16.6,1005.4,1010.3,2.4,3.1,12,1989.3,0
2025-06-25 18:03:37,5,56,22.3,88,16.6,1005.5,1010.4,3.4,4.1,12,1989.3,0
2025-06-25 18:09:37,6,56,22.3,86,16.6,1005.4,1010.3,2.4,3.7,12,1989.3,0
2025-06-25 18:14:37,5,56,22.3,85,16.5,1005.4,1010.3,2.7,3.1,11,1989.3,0
2025-06-25 18:19:39,5,56,22.3,84,16.5,1005.3,1010.2,3.1,3.4,12,1989.3,0
2025-06-25 18:25:37,6,56,22.3,84,16.5,1005.3,1010.2,1.4,1.7,14,1989.3,0
2025-06-25 18:30:37,5,56,22.3,84,16.5,1005.2,1010.1,1.7,2.7,13,1989.3,0
2025-06-25 18:35:37,5,55,22.2,84,16.4,1005.1,1010,2.4,3.1,10,1989.3,0
2025-06-25 18:41:37,6,55,22.2,84,16.4,1005.1,1010,1,1.7,12,1989.3,0
2025-06-25 18:46:37,5,55,22.2,84,16.3,1005,1009.9,1.4,1.7,11,1989.3,0
2025-06-25 18:51:37,5,55,22.2,85,16.2,1005,1009.9,0.3,0.7,10,1989.3,0
2025-06-25 18:57:37,6,55,22.2,86,16.2,1004.8,1009.7,0.3,0.7,12,1989.3,0
2025-06-25 19:02:37,5,55,22.2,87,16.1,1004.9,1009.8,0,0.3,12,1989.3,0
2025-06-25 19:07:37,5,56,22.2,88,16.1,1004.8,1009.7,0,0.3,10,1989.3,0
2025-06-25 19:13:37,6,56,22.2,89,16.1,1004.8,1009.7,0.3,1,12,1989.3,0
2025-06-25 19:18:37,5,56,22.1,90,16.1,1004.9,1009.8,1,1.4,12,1989.3,0
2025-06-25 19:23:37,5,56,22.1,90,16,1004.8,1009.7,1,1.7,12,1989.3,0
2025-06-25 19:29:37,6,56,22.1,90,16,1004.7,1009.6,0.7,1,12,1989.3,0
2025-06-25 19:34:37,5,56,22.1,91,16,1004.7,1009.6,0.7,1.4,10,1989.3,0
2025-06-25 19:39:37,5,56,22.1,91,15.9,1004.6,1009.5,1.4,1.7,12,1989.3,0
2025-06-25 19:45:37,6,56,22.1,91,15.9,1004.6,1009.5,0.7,1,12,1989.6,0
2025-06-25 19:50:37,5,56,22.1,91,15.8,1004.7,1009.6,1,1.4,10,1989.6,0
2025-06-25 19:55:37,5,56,22.1,92,15.7,1004.7,1009.6,1,1.4,12,1989.6,0
2025-06-25 20:01:37,6,56,22,92,15.7,1004.7,1009.6,0.3,0.7,12,1989.6,0
2025-06-25 20:06:37,5,56,22,92,15.7,1004.5,1009.4,0,0.3,10,1989.6,0
2025-06-25 20:11:37,5,56,22,93,15.7,1004.5,1009.4,0,0,10,1989.6,0
2025-06-25 20:17:37,6,56,22,93,15.6,1004.5,1009.4,0,0,10,1989.6,0
2025-06-25 20:22:37,5,57,21.9,93,15.6,1004.5,1009.4,0,0,12,1989.6,0
2025-06-25 20:27:37,5,56,22,93,15.6,1004.5,1009.4,0,0,10,1989.6,0
2025-06-25 20:33:37,6,56,22,94,15.6,1004.4,1009.3,0,0,12,1989.6,0
2025-06-25 20:38:37,5,56,22,94,15.5,1004.7,1009.6,0,0,10,1989.6,0
2025-06-25 20:43:37,5,57,21.9,94,15.5,1004.7,1009.6,0,0,10,1989.6,0
2025-06-25 20:49:37,6,57,21.9,95,15.5,1004.6,1009.5,0,0.3,8,1989.6,0
2025-06-25 20:54:37,5,57,21.9,95,15.5,1004.6,1009.5,0,0,12,1989.6,0
2025-06-25 20:59:37,5,57,21.9,96,15.5,1004.6,1009.5,0,0,14,1989.6,0
2025-06-25 21:05:37,6,57,21.9,96,15.5,1004.6,1009.5,0.3,0.7,6,1989.6,0
2025-06-25 21:10:37,5,58,21.9,96,15.5,1004.7,1009.6,0.3,0.7,12,1989.6,0
2025-06-25 21:15:37,5,58,21.9,97,15.6,1004.6,1009.5,0.7,1,4,1989.6,0
2025-06-25 21:21:37,6,58,21.9,97,15.5,1004.5,1009.4,0.3,0.7,12,1989.9,0
2025-06-25 21:26:37,5,58,21.9,98,15.4,1004.6,1009.5,0.7,1,10,1989.9,0
2025-06-25 21:31:37,5,58,21.8,98,15.4,1004.5,1009.4,0.7,1.4,12,1989.9,0
2025-06-25 21:37:37,6,58,21.8,98,15.3,1004.3,1009.2,1,1.4,12,1989.9,0
2025-06-25 21:42:37,5,58,21.8,98,15.2,1004.4,1009.3,1.4,2,12,1989.9,0
2025-06-25 21:47:37,5,58,21.8,99,15.1,1004.3,1009.2,1.4,1.7,10,1990.2,0
2025-06-25 21:53:37,6,58,21.8,99,15.1,1004.3,1009.2,1.7,2.4,10,1990.2,0
2025-06-25 21:58:37,5,58,21.8,99,15.1,1004.2,1009.1,0.7,1,10,1990.2,0
2025-06-25 22:03:37,5,58,21.8,99,15,1004,1008.9,1.4,1.7,12,1990.2,0
2025-06-25 22:09:37,6,58,21.8,99,15,1004.1,1009,1.4,1.7,0,1990.2,0
2025-06-25 22:14:37,5,58,21.7,99,15,1004.2,1009.1,1.4,2,12,1990.2,0
2025-06-25 22:19:37,5,58,21.7,99,15,1004.2,1009.1,1,1.4,12,1990.2,0
2025-06-25 22:25:37,6,58,21.6,99,15,1003.9,1008.8,0.7,1.4,14,1990.2,0
2025-06-25 22:30:37,5,58,21.6,99,15,1003.9,1008.8,1,1,10,1990.2,0
2025-06-25 22:35:37,5,58,21.6,99,15,1004.1,1009,1,2,10,1990.2,0
2025-06-25 22:41:37,6,58,21.6,99,15,1004.1,1009,1,1.4,10,1990.2,0
2025-06-25 22:46:37,5,58,21.6,99,15,1004,1008.9,1.4,2,12,1990.2,0
2025-06-25 22:51:37,5,58,21.5,99,15,1004,1008.9,1.4,1.7,12,1990.2,0
2025-06-25 22:57:37,6,58,21.4,99,15,1004,1008.9,0.7,1.4,14,1990.2,0
2025-06-25 23:02:56,5,58,21.5,99,15,1004.1,1009,0.7,1,8,1990.2,0
2025-06-25 23:07:37,5,58,21.5,99,15,1004,1008.9,0.7,1.4,8,1990.2,0
2025-06-25 23:13:37,6,58,21.4,99,15.1,1004,1008.9,0.7,1,12,1990.2,0
2025-06-25 23:18:37,5,58,21.4,99,15.1,1004,1008.9,1.4,2.7,12,1990.2,0
2025-06-25 23:23:37,5,58,21.4,99,15.1,1004,1008.9,1.7,2.4,11,1990.2,0
2025-06-25 23:29:37,6,58,21.4,99,15.1,1003.9,1008.8,1,1.7,14,1990.2,0
2025-06-25 23:34:37,5,58,21.4,99,15,1003.7,1008.6,0.7,1,10,1990.2,0
2025-06-25 23:39:37,5,58,21.4,99,15.1,1003.9,1008.8,1.4,2,12,1990.2,0
2025-06-25 23:45:37,6,58,21.4,99,15,1003.7,1008.6,0.7,1.4,12,1990.2,0
2025-06-25 23:50:37,5,58,21.4,99,15,1003.6,1008.5,1,1.7,12,1990.2,0
2025-06-25 23:55:37,5,58,21.4,99,15,1003.5,1008.4,1,2,12,1990.2,0
