2017-09-10 00:04:58,5,63,19.4,83,11.5,1000.2,1005.1,0.7,1.4,8,1018.8,0
2017-09-10 00:09:58,5,63,19.4,83,11.4,1000.4,1005.3,0.3,0.7,8,1018.8,0
2017-09-10 00:14:58,5,63,19.4,82,11.5,1000.1,1005,0.3,1,8,1018.8,0
2017-09-10 00:19:58,5,63,19.3,82,11.5,1000.2,1005.1,0,0.7,8,1018.8,0
2017-09-10 00:24:58,5,63,19.4,82,11.5,1000.2,1005.1,0,0.3,8,1018.8,0
2017-09-10 00:29:58,5,63,19.3,82,11.5,1000,1004.9,0.3,0.7,12,1018.8,0
2017-09-10 00:34:58,5,63,19.4,82,11.5,1000.1,1005,1,2,8,1018.8,0
2017-09-10 00:39:58,5,63,19.4,82,11.5,999.9,1004.8,0.7,1.4,8,1018.8,0
2017-09-10 00:44:58,5,63,19.4,82,11.5,999.9,1004.8,0.3,1,14,1018.8,0
2017-09-10 00:49:58,5,63,19.3,82,11.5,999.6,1004.5,0.3,1,8,1018.8,0
2017-09-10 00:54:58,5,63,19.3,82,11.4,999.7,1004.6,0.7,1.7,8,1018.8,0
2017-09-10 00:59:58,5,63,19.4,82,11.4,999.6,1004.5,1,1.7,9,1018.8,0
2017-09-10 01:04:58,5,63,19.4,82,11.4,999.4,1004.3,0.7,1.4,12,1018.8,0
2017-09-10 01:09:58,5,63,19.3,81,11.4,999.3,1004.2,0.3,1.7,8,1018.8,0
2017-09-10 01:14:58,5,63,19.3,81,11.4,999.4,1004.3,0,0.7,12,1018.8,0
2017-09-10 01:19:58,5,63,19.3,81,11.4,999.3,1004.2,0.3,1,8,1018.8,0
2017-09-10 01:24:58,5,63,19.3,81,11.4,999.2,1004.1,0.7,1,10,1018.8,0
2017-09-10 01:29:58,5,63,19.3,81,11.4,999.2,1004.1,0.3,0.7,8,1018.8,0
2017-09-10 01:34:58,5,63,19.3,81,11.4,999,1003.9,0.3,1,9,1018.8,0
2017-09-10 01:39:58,5,63,19.3,81,11.4,998.7,1003.6,0.7,1.4,8,1018.8,0
2017-09-10 01:44:58,5,63,19.3,80,11.4,998.7,1003.6,0.7,1.4,8,1018.8,0
2017-09-10 01:49:58,5,62,19.3,80,11.4,998.4,1003.3,1,1.7,8,1018.8,0
2017-09-10 01:54:58,5,62,19.3,79,11.4,998.4,1003.3,0.3,1,12,1018.8,0
2017-09-10 01:59:58,5,62,19.2,79,11.4,998.4,1003.3,1,1.7,8,1018.8,0
2017-09-10 02:04:58,5,62,19.2,79,11.5,998.2,1003.1,1.4,2.4,8,1018.8,0
2017-09-10 02:09:58,5,62,19.2,78,11.5,998.2,1003.1,1,1.7,8,1018.8,0
2017-09-10 02:14:58,5,62,19.2,78,11.5,997.9,1002.8,1.4,1.7,8,1018.8,0
2017-09-10 02:19:58,5,62,19.2,78,11.5,997.8,1002.7,0.7,1.4,10,1018.8,0
2017-09-10 02:24:58,5,62,19.2,78,11.5,997.6,1002.5,1.4,2.7,8,1018.8,0
2017-09-10 02:29:58,5,62,19.1,78,11.5,997.4,1002.3,1,1.7,3,1018.8,0
2017-09-10 02:34:58,5,62,19.1,78,11.5,997.3,1002.2,1.4,2.7,8,1018.8,0
2017-09-10 02:39:58,5,62,19.1,77,11.5,997.1,1002,1.4,2.4,10,1018.8,0
2017-09-10 02:44:58,5,62,19.2,77,11.5,997.1,1002,1.7,2.4,8,1018.8,0
2017-09-10 02:49:58,5,62,19.1,76,11.5,996.9,1001.8,0.3,1,8,1018.8,0
2017-09-10 02:54:58,5,62,19.1,76,11.4,996.7,1001.6,1.7,2.4,8,1018.8,0
2017-09-10 02:59:58,5,62,19.2,76,11.5,996.7,1001.6,1.7,2.7,8,1018.8,0
2017-09-10 03:04:58,5,62,19.1,76,11.5,996.4,1001.3,2,2.7,10,1018.8,0
2017-09-10 03:09:58,5,62,19.1,76,11.5,996.4,1001.3,1.4,2,9,1018.8,0
2017-09-10 03:14:58,5,62,19.1,76,11.5,996.4,1001.3,1.4,2,8,1018.8,0
2017-09-10 03:19:58,5,62,19.1,76,11.5,996.1,1001,1.4,2,10,1018.8,0
2017-09-10 03:24:58,5,62,19.1,77,11.5,996,1000.9,1.7,3.1,9,1018.8,0
2017-09-10 03:29:58,5,62,19.1,77,11.4,995.7,1000.6,1.7,2.4,8,1018.8,0
2017-09-10 03:34:58,5,62,19.1,77,11.4,995.5,1000.4,1.7,3.7,12,1018.8,0
2017-09-10 03:39:58,5,62,19.1,77,11.4,995.8,1000.7,1.4,2.4,9,1018.8,0
2017-09-10 03:44:58,5,62,19.1,77,11.4,995.3,1000.2,1.4,3.1,12,1018.8,0
2017-09-10 03:49:58,5,62,19.1,77,11.3,995.2,1000.1,1.4,2,8,1018.8,0
2017-09-10 03:54:58,5,62,19,77,11.3,995.1,1000,2,5.4,8,1018.8,0
2017-09-10 03:59:58,5,62,19,76,11.3,994.9,999.8,1.4,2,8,1018.8,0
2017-09-10 04:04:58,5,62,19,76,11.3,994.7,999.6,3.4,5.4,10,1018.8,0
2017-09-10 04:09:58,5,62,19,76,11.3,994.4,999.3,3.1,6.5,8,1018.8,0
2017-09-10 04:14:58,5,62,19,76,11.3,994.3,999.2,2,3.4,8,1018.8,0
2017-09-10 04:19:58,5,62,19,76,11.2,994.1,999,2.7,3.4,10,1018.8,0
2017-09-10 04:24:58,5,62,19,77,11.2,993.9,998.8,2,3.1,8,1018.8,0
2017-09-10 04:29:58,5,62,19,77,11.2,993.7,998.6,2.4,3.7,14,1018.8,0
2017-09-10 04:34:58,5,62,19,77,11.2,993.5,998.4,1.7,3.4,8,1018.8,0
2017-09-10 04:39:58,5,62,19,77,11.3,993.5,998.4,1.7,3.7,8,1018.8,0
2017-09-10 04:44:58,5,62,19,77,11.3,993.3,998.2,1.4,2.7,12,1018.8,0
2017-09-10 04:49:58,5,62,19,78,11.4,993,997.9,2.4,3.7,12,1018.8,0
2017-09-10 04:54:58,5,62,19,78,11.4,993,997.9,2,3.4,12,1018.8,0
2017-09-10 04:59:58,5,63,18.9,78,11.4,992.7,997.6,2.4,4.4,12,1018.8,0
2017-09-10 05:04:58,5,62,19,78,11.4,992.4,997.3,1.7,3.1,8,1018.8,0
2017-09-10 05:09:58,5,63,18.9,78,11.4,992.2,997.1,2,3.1,14,1018.8,0
2017-09-10 05:14:58,5,63,18.9,79,11.4,992.2,997.1,1.4,2.4,2,1018.8,0
2017-09-10 05:19:58,5,63,18.9,79,11.4,992.1,997,2,3.4,8,1018.8,0
2017-09-10 05:24:58,5,63,18.9,79,11.4,992,996.9,1.7,2.4,8,1018.8,0
2017-09-10 05:29:58,5,63,18.9,79,11.4,991.7,996.6,2.4,4.4,8,1018.8,0
2017-09-10 05:34:58,5,63,18.9,79,11.6,991.8,996.7,1.7,2.7,10,1018.8,0
2017-09-10 05:39:58,5,63,18.9,80,11.6,991.6,996.5,2,3.7,8,1018.8,0
2017-09-10 05:44:58,5,63,18.9,80,11.6,991.5,996.4,1.7,2.7,8,1018.8,0
2017-09-10 05:49:58,5,63,18.9,80,11.7,991.4,996.3,2.4,4.1,15,1018.8,0
2017-09-10 05:54:58,5,63,18.9,80,11.9,991.4,996.3,2.7,4.1,8,1018.8,0
2017-09-10 05:59:58,5,63,18.9,79,12,991,995.9,1.7,2.4,8,1018.8,0
2017-09-10 06:04:58,5,63,18.9,80,12,991,995.9,1.7,3.1,8,1018.8,0
2017-09-10 06:09:58,5,63,18.9,80,12,991,995.9,2.4,4.4,8,1018.8,0
2017-09-10 06:14:58,5,63,18.9,81,12.2,990.9,995.8,2.4,3.7,8,1018.8,0
2017-09-10 06:19:58,5,63,18.9,81,12.3,990.7,995.6,1.7,2.7,8,1018.8,0
2017-09-10 06:24:58,5,63,18.9,81,12.4,990.8,995.7,1,2,0,1018.8,0
2017-09-10 06:29:58,5,63,18.9,81,12.4,990.9,995.8,1.7,2.4,8,1018.8,0
2017-09-10 06:34:58,5,64,18.9,81,12.5,990.9,995.8,1.7,3.4,8,1018.8,0
2017-09-10 06:39:58,5,64,18.8,81,12.5,990.7,995.6,0.7,2,14,1018.8,0
2017-09-10 06:44:58,5,64,18.8,81,12.4,990.6,995.5,1.4,1.7,8,1018.8,0
2017-09-10 06:49:58,5,64,18.8,81,12.5,990.5,995.4,0.7,1.4,10,1018.8,0
2017-09-10 06:54:58,5,64,18.8,82,12.5,990.5,995.4,1.7,3.1,14,1018.8,0
2017-09-10 06:59:58,5,64,18.8,82,12.6,990.3,995.2,1.7,2.7,10,1018.8,0
2017-09-10 07:04:58,5,64,18.8,82,12.7,990.2,995.1,1,2,4,1018.8,0
2017-09-10 07:09:58,5,64,18.8,82,12.8,990,994.9,0.7,1.4,14,1018.8,0
2017-09-10 07:14:58,5,64,18.8,82,12.8,990.1,995,1,2,8,1018.8,0
2017-09-10 07:19:58,5,64,18.8,82,12.7,990.2,995.1,0.3,0.7,10,1018.8,0
2017-09-10 07:24:58,5,64,18.8,82,12.7,990.4,995.3,1,1.4,10,1018.8,0
2017-09-10 07:29:58,5,64,18.8,82,12.8,990.4,995.3,0.7,2,10,1018.8,0
2017-09-10 07:34:58,5,64,18.8,82,13,990,994.9,1.4,2,10,1018.8,0
2017-09-10 07:39:58,5,64,18.8,82,13.2,989.9,994.8,1,1.7,4,1018.8,0
2017-09-10 07:44:58,5,64,18.8,82,13.2,989.8,994.7,1,1.7,12,1018.8,0
2017-09-10 07:49:58,5,65,18.8,82,13.1,989.7,994.6,1.7,2.4,8,1018.8,0
2017-09-10 07:54:58,5,65,18.8,82,13,989.8,994.7,1.4,4.4,14,1018.8,0
2017-09-10 07:59:58,5,65,18.8,82,13,989.7,994.6,1.4,2.4,11,1018.8,0
2017-09-10 08:04:58,5,65,18.8,83,13.1,989.6,994.5,1,1.7,10,1018.8,0
2017-09-10 08:09:58,5,65,18.8,83,13.1,989.5,994.4,1.7,2.4,8,1018.8,0
2017-09-10 08:14:58,5,65,18.9,83,13.2,989.6,994.5,1.4,3.1,10,1018.8,0
2017-09-10 08:19:58,5,65,18.9,82,13,989.3,994.2,3.4,4.8,10,1018.8,0
2017-09-10 08:24:58,5,65,18.9,82,12.9,989.3,994.2,2.7,4.8,10,1018.8,0
2017-09-10 08:29:58,5,65,18.9,82,12.9,989.3,994.2,1.4,2,14,1018.8,0
2017-09-10 08:34:58,5,65,18.9,82,12.9,989,993.9,2.4,5.1,14,1018.8,0
2017-09-10 08:39:58,5,65,18.9,82,12.9,989.1,994,3.1,4.4,12,1018.8,0
2017-09-10 08:44:58,5,65,18.9,82,13,989,993.9,2,3.7,8,1018.8,0
2017-09-10 08:49:58,5,65,18.9,81,13,989,993.9,3.1,4.1,10,1018.8,0
2017-09-10 08:54:58,5,64,19,81,12.8,988.9,993.8,2.4,2.7,12,1018.8,0
2017-09-10 08:59:58,5,64,19,81,12.7,988.7,993.6,3.1,4.4,8,1018.8,0
2017-09-10 09:04:58,5,64,19,81,12.8,988.7,993.6,2.7,3.7,10,1018.8,0
2017-09-10 09:09:58,5,64,19,81,13,988.4,993.3,2.4,3.7,12,1018.8,0
2017-09-10 09:14:58,5,64,19,81,13.4,988.3,993.2,3.1,4.8,14,1018.8,0
2017-09-10 09:19:58,5,64,19,79,14,988.3,993.2,3.4,4.4,10,1018.8,0
2017-09-10 09:24:58,5,64,19.1,79,13.7,988.6,993.5,3.7,5.8,8,1018.8,0
2017-09-10 09:29:58,5,64,19.1,78,13.1,988.6,993.5,3.1,6.5,10,1018.8,0
2017-09-10 09:34:58,5,64,19.1,79,13,988.5,993.4,2.7,3.7,10,1018.8,0
2017-09-10 09:39:58,5,64,19.2,78,13,988.6,993.5,3.4,4.8,10,1018.8,0
2017-09-10 09:44:58,5,64,19.2,78,13.4,988.6,993.5,3.1,5.4,10,1018.8,0
2017-09-10 09:49:58,5,64,19.2,78,13.6,988.4,993.3,2.7,4.1,10,1018.8,0
2017-09-10 09:54:58,5,64,19.3,77,13.3,988.5,993.4,2.7,4.4,9,1018.8,0
2017-09-10 09:59:58,5,64,19.3,77,13.2,988.9,993.8,4.4,7.8,14,1018.8,0
2017-09-10 10:04:58,5,64,19.3,76,12.6,988.8,993.7,3.1,5.4,14,1018.8,0
2017-09-10 10:09:58,5,63,19.3,76,12.4,988.7,993.6,2.7,4.4,10,1018.8,0
2017-09-10 10:14:58,5,63,19.3,76,12.5,988.5,993.4,2.7,4.1,8,1018.8,0
2017-09-10 10:19:58,5,63,19.3,75,13,988.4,993.3,2.4,4.1,10,1018.8,0
2017-09-10 10:24:58,5,63,19.3,74,13.4,988.2,993.1,3.1,4.8,12,1018.8,0
2017-09-10 10:29:58,5,63,19.3,74,14.1,988.1,993,2.7,4.8,14,1018.8,0
2017-09-10 10:34:58,5,63,19.3,72,14.5,988,992.9,2,4.4,10,1018.8,0
2017-09-10 10:39:58,5,63,19.4,71,14.7,987.9,992.8,3.1,4.8,8,1018.8,0
2017-09-10 10:44:58,5,63,19.4,70,14.8,987.9,992.8,4.1,6.5,12,1018.8,0
2017-09-10 10:49:58,5,63,19.5,68,14.8,988,992.9,3.4,5.8,12,1018.8,0
2017-09-10 10:54:58,5,63,19.5,67,14.4,988,992.9,3.1,7.5,13,1018.8,0
2017-09-10 10:59:58,5,63,19.5,68,14,988.2,993.1,3.4,4.4,10,1018.8,0
2017-09-10 11:04:58,5,63,19.5,71,13.9,988.1,993,4.1,6.1,10,1018.8,0
2017-09-10 11:09:58,5,63,19.5,70,13.8,988.1,993,3.1,4.1,10,1018.8,0
2017-09-10 11:14:58,5,63,19.5,70,13.7,988,992.9,3.1,4.8,10,1018.8,0
2017-09-10 11:19:58,5,63,19.5,70,13.7,987.9,992.8,2.4,3.7,8,1018.8,0
2017-09-10 11:24:58,5,62,19.5,70,13.7,988,992.9,4.8,8.2,8,1018.8,0
2017-09-10 11:29:58,5,62,19.5,71,13.7,988.2,993.1,3.7,6.1,10,1018.8,0
2017-09-10 11:34:58,5,62,19.5,69,14,987.8,992.7,2.7,4.1,2,1018.8,0
2017-09-10 11:39:58,5,62,19.5,69,14.4,987.8,992.7,4.1,6.1,10,1018.8,0
2017-09-10 11:44:58,5,62,19.5,68,14.4,987.8,992.7,3.1,5.8,14,1018.8,0
2017-09-10 11:49:58,5,62,19.6,66,14.5,987.6,992.5,4.8,5.8,8,1018.8,0
2017-09-10 11:54:58,5,62,19.6,65,15.1,987.4,992.3,3.4,4.1,10,1018.8,0
2017-09-10 11:59:58,5,62,19.6,65,15.2,987.3,992.2,4.1,6.1,8,1018.8,0
2017-09-10 12:04:58,5,62,19.6,66,15.6,987.3,992.2,5.4,8.2,10,1018.8,0
2017-09-10 12:09:58,5,62,19.6,65,15.3,987.2,992.1,3.4,4.8,10,1018.8,0
2017-09-10 12:14:58,5,62,19.7,68,14.3,987.2,992.1,4.4,6.8,12,1018.8,0
2017-09-10 12:19:58,5,62,19.7,69,14.2,987.5,992.4,4.8,6.5,9,1018.8,0
2017-09-10 12:24:58,5,62,19.7,73,13,987.4,992.3,3.1,5.1,12,1018.8,0
2017-09-10 12:29:58,5,62,19.7,76,13,987.2,992.1,3.1,5.1,10,1018.8,0
2017-09-10 12:34:58,5,62,19.7,77,13.5,987.3,992.2,2,3.4,10,1018.8,0
2017-09-10 12:39:58,5,63,19.8,76,13.7,987.1,992,2.4,3.4,8,1018.8,0
2017-09-10 12:44:58,5,63,19.8,75,13.7,987,991.9,2.7,4.1,14,1018.8,0
2017-09-10 12:49:58,5,63,19.8,72,14,987,991.9,2,3.4,10,1018.8,0
2017-09-10 12:54:58,5,62,19.8,69,14,987,991.9,2.7,4.8,10,1018.8,0
2017-09-10 12:59:58,5,62,19.8,68,14.1,986.9,991.8,3.1,4.1,8,1018.8,0
2017-09-10 13:04:58,5,62,19.8,69,14.4,986.8,991.7,4.1,5.8,10,1018.8,0
2017-09-10 13:09:58,5,62,19.9,68,14.7,986.7,991.6,3.7,6.1,10,1018.8,0
2017-09-10 13:14:58,5,62,19.9,68,14.7,986.6,991.5,5.4,7.1,2,1018.8,0
2017-09-10 13:19:58,5,61,20,66,14.6,986.8,991.7,3.4,5.1,10,1018.8,0
2017-09-10 13:24:58,5,61,20,65,14.2,986.8,991.7,3.7,5.1,10,1018.8,0
2017-09-10 13:29:58,5,61,20,66,14,986.7,991.6,3.4,5.4,10,1018.8,0
2017-09-10 13:34:58,5,61,20,67,14.3,986.8,991.7,3.1,4.8,10,1018.8,0
2017-09-10 13:39:58,5,61,20,65,14.1,987,991.9,6.1,9.5,10,1018.8,0
2017-09-10 13:44:58,5,60,20,67,13,987.1,992,4.8,7.8,14,1018.8,0
2017-09-10 13:49:58,5,60,20,70,12.4,986.9,991.8,3.4,5.8,14,1018.8,0
2017-09-10 13:54:58,5,60,20,69,12.3,986.8,991.7,2,2.4,14,1018.8,0
2017-09-10 13:59:58,5,60,20,70,12.5,986.8,991.7,2.7,3.7,10,1018.8,0
2017-09-10 14:04:58,5,60,20,68,12.7,986.7,991.6,3.1,4.4,10,1018.8,0
2017-09-10 14:09:58,5,60,20,67,13,986.8,991.7,3.4,4.4,10,1018.8,0
2017-09-10 14:14:58,5,61,19.9,67,13,986.6,991.5,3.7,5.8,10,1018.8,0
2017-09-10 14:19:58,5,61,19.9,67,12.8,986.5,991.4,4.1,7.5,10,1018.8,0
2017-09-10 14:24:58,5,61,19.9,68,12.9,986.4,991.3,3.4,6.8,10,1018.8,0
2017-09-10 14:29:58,5,61,19.9,68,13.1,986.3,991.2,1.7,3.1,10,1018.8,0
2017-09-10 14:34:58,5,60,20,66,13.7,986.3,991.2,3.7,5.4,10,1018.8,0
2017-09-10 14:39:58,5,60,20,64,13.9,986,990.9,2.7,3.7,8,1018.8,0
2017-09-10 14:44:58,5,59,20,61,13.7,986.2,991.1,5.1,7.1,8,1018.8,0
2017-09-10 14:49:58,5,59,20.1,63,13.6,986.1,991,3.4,5.1,10,1018.8,0
2017-09-10 14:54:58,5,58,20.1,65,13.4,986.3,991.2,7.5,10.9,8,1018.8,0
2017-09-10 14:59:58,5,58,20.1,64,13.3,986.1,991,3.7,5.1,12,1018.8,0
2017-09-10 15:04:58,5,58,20,64,13.2,986.2,991.1,4.1,11.2,9,1018.8,0
2017-09-10 15:09:58,5,58,20,65,12.9,986.7,991.6,3.7,5.1,8,1018.8,0
2017-09-10 15:14:58,5,58,20,70,12.5,986.4,991.3,2.7,4.1,8,1018.8,0
2017-09-10 15:19:58,5,59,20,71,12.7,986.3,991.2,2.4,4.4,12,1018.8,0
2017-09-10 15:24:58,5,59,20.1,69,13.1,986.1,991,2.7,4.1,14,1018.8,0
2017-09-10 15:29:58,5,59,20.1,66,13,986.4,991.3,3.7,4.4,10,1018.8,0
2017-09-10 15:34:58,5,59,20.2,65,12.8,986.3,991.2,3.7,6.1,10,1018.8,0
2017-09-10 15:39:58,5,58,20.2,66,12.8,986.1,991,3.1,4.8,10,1018.8,0
2017-09-10 15:44:58,5,58,20.2,65,12.8,986,990.9,4.1,5.8,10,1018.8,0
2017-09-10 15:49:58,5,58,20.2,66,12.9,985.7,990.6,3.7,5.8,10,1018.8,0
2017-09-10 15:54:58,5,58,20.2,67,13,986,990.9,3.4,5.4,10,1018.8,0
2017-09-10 15:59:58,5,58,20.2,66,12.9,985.8,990.7,3.1,4.1,10,1018.8,0
2017-09-10 16:04:58,5,58,20.2,66,13.3,985.8,990.7,3.4,5.1,10,1018.8,0
2017-09-10 16:09:58,5,58,20.3,65,13.2,985.6,990.5,4.8,6.1,10,1018.8,0
2017-09-10 16:14:58,5,58,20.4,66,13.1,985.8,990.7,3.7,4.4,10,1018.8,0
2017-09-10 16:19:58,5,58,20.4,63,13.1,985.9,990.8,4.4,6.8,8,1018.8,0
2017-09-10 16:24:58,5,57,20.4,62,13,985.7,990.6,3.4,5.4,10,1018.8,0
2017-09-10 16:29:58,5,56,20.4,62,12.9,985.8,990.7,3.7,5.1,12,1018.8,0
2017-09-10 16:34:58,5,56,20.4,63,12.7,985.9,990.8,3.1,6.1,12,1018.8,0
2017-09-10 16:39:58,5,56,20.3,66,12.3,985.6,990.5,1.7,3.4,10,1018.8,0
2017-09-10 16:44:58,5,56,20.3,68,12.1,985.7,990.6,2.7,4.1,8,1018.8,0
2017-09-10 16:49:58,5,56,20.3,70,12.2,985.9,990.8,2.4,4.1,10,1018.8,0
2017-09-10 16:54:58,5,56,20.3,67,12.3,985.6,990.5,3.4,5.1,10,1018.8,0
2017-09-10 16:59:58,5,56,20.2,65,12.5,985.8,990.7,4.1,6.8,12,1018.8,0
2017-09-10 17:04:58,5,56,20.2,64,12.5,985.6,990.5,4.1,6.1,12,1018.8,0
2017-09-10 17:09:58,5,56,20.2,63,12.4,985.2,990.1,4.1,6.1,13,1018.8,0
2017-09-10 17:14:58,5,56,20.3,64,12.5,985.3,990.2,3.1,4.8,10,1018.8,0
2017-09-10 17:19:58,5,56,20.3,64,12.6,985.6,990.5,3.4,5.4,10,1018.8,0
2017-09-10 17:24:58,5,55,20.4,64,12.2,985.5,990.4,3.7,4.8,10,1018.8,0
2017-09-10 17:29:58,5,55,20.3,65,12.1,985.6,990.5,3.7,4.4,14,1018.8,0
2017-09-10 17:34:58,5,55,20.3,67,12.2,985.6,990.5,3.1,5.8,10,1018.8,0
2017-09-10 17:39:58,5,55,20.3,65,12.3,985.4,990.3,2.7,4.4,10,1018.8,0
2017-09-10 17:44:58,5,55,20.2,63,12.2,985.3,990.2,3.1,4.4,10,1018.8,0
2017-09-10 17:49:58,5,55,20.1,63,12,985.2,990.1,3.1,4.8,8,1018.8,0
2017-09-10 17:54:58,5,55,20.1,64,12,985.2,990.1,3.1,5.8,8,1018.8,0
2017-09-10 17:59:58,5,55,20,66,11.9,985,989.9,3.4,6.5,12,1018.8,0
2017-09-10 18:04:58,5,55,20,66,11.7,985,989.9,3.7,4.8,8,1018.8,0
2017-09-10 18:09:58,5,55,20,66,11.5,985,989.9,3.4,4.1,8,1018.8,0
2017-09-10 18:14:58,5,56,19.9,68,11.4,984.9,989.8,2.7,4.1,11,1018.8,0
2017-09-10 18:19:58,5,56,19.8,70,11.4,984.6,989.5,2,3.1,8,1018.8,0
2017-09-10 18:24:58,5,56,19.7,71,11.4,984.9,989.8,3.7,5.1,8,1018.8,0
2017-09-10 18:29:58,5,56,19.7,74,10.9,984.9,989.8,3.1,5.8,10,1018.8,0
2017-09-10 18:34:58,5,57,19.6,75,10.6,984.6,989.5,2.4,3.4,10,1018.8,0
2017-09-10 18:39:58,5,57,19.6,75,10.4,984.3,989.2,1.7,2.7,14,1018.8,0
2017-09-10 18:44:58,5,57,19.6,76,10.4,984.5,989.4,1.4,2,13,1018.8,0
2017-09-10 18:49:58,5,57,19.6,76,10.4,984.2,989.1,1.7,2.4,10,1018.8,0
2017-09-10 18:54:58,5,57,19.5,77,10.5,984.4,989.3,2.7,3.7,0,1018.8,0
2017-09-10 18:59:58,5,57,19.5,78,10.6,984.3,989.2,2.7,5.1,8,1018.8,0
2017-09-10 19:04:58,5,57,19.5,78,10.7,984,988.9,2,3.1,10,1018.8,0
2017-09-10 19:09:58,5,57,19.4,78,10.8,983.9,988.8,2.4,4.8,8,1018.8,0
2017-09-10 19:14:58,5,57,19.4,79,10.9,983.8,988.7,2.7,4.4,10,1018.8,0
2017-09-10 19:19:58,5,58,19.4,79,10.9,984.2,989.1,3.1,4.8,10,1018.8,0
2017-09-10 19:24:58,5,58,19.3,79,10.8,984,988.9,2,4.4,10,1018.8,0
2017-09-10 19:29:58,5,58,19.3,79,10.8,983.7,988.6,2.7,4.1,10,1018.8,0
2017-09-10 19:34:58,5,58,19.3,80,10.8,983.8,988.7,4.4,7.1,8,1018.8,0
2017-09-10 19:39:58,5,58,19.3,80,10.9,983.5,988.4,4.4,6.1,8,1018.8,0
2017-09-10 19:44:58,5,58,19.2,81,10.9,983.3,988.2,2.7,4.4,8,1018.8,0
2017-09-10 19:49:58,5,58,19.2,80,11,983.6,988.5,1.7,2.4,10,1018.8,0
2017-09-10 19:54:58,5,58,19.2,80,11,983.5,988.4,1.7,2.7,8,1018.8,0
2017-09-10 19:59:58,5,59,19.2,80,11.1,983.2,988.1,3.7,6.1,10,1018.8,0
2017-09-10 20:04:58,5,59,19.1,81,11.2,983.2,988.1,3.7,5.1,8,1018.8,0
2017-09-10 20:09:58,5,59,19.1,81,11.2,983,987.9,3.1,5.1,8,1018.8,0
2017-09-10 20:14:58,5,59,19.1,81,11.2,983.3,988.2,5.1,6.8,14,1018.8,0
2017-09-10 20:19:58,5,59,19,81,11.3,983,987.9,3.4,4.8,8,1018.8,0
2017-09-10 20:24:58,5,59,19,82,11.3,983,987.9,3.1,4.8,8,1018.8,0
2017-09-10 20:29:58,5,59,19,82,11.4,983.1,988,4.1,5.4,10,1018.8,0
2017-09-10 20:34:58,5,60,19,82,11.4,983.2,988.1,4.1,7.1,10,1018.8,0
2017-09-10 20:39:58,5,60,19,82,11.4,983,987.9,4.4,7.1,10,1018.8,0
2017-09-10 20:44:58,5,60,19,82,11.4,983,987.9,4.1,5.8,10,1018.8,0
2017-09-10 20:49:58,5,60,19,82,11.4,982.9,987.8,4.8,7.1,13,1018.8,0
2017-09-10 20:54:58,5,61,18.9,82,11.5,982.8,987.7,3.7,5.8,10,1018.8,0
2017-09-10 20:59:58,5,61,18.9,82,11.5,982.7,987.6,5.4,9.2,8,1018.8,0
2017-09-10 21:04:58,5,61,18.9,82,11.5,982.6,987.5,3.4,5.1,10,1018.8,0
2017-09-10 21:09:58,5,62,18.8,82,11.6,982.8,987.7,3.7,5.1,8,1018.8,0
2017-09-10 21:14:58,5,62,18.8,82,11.6,982.7,987.6,3.4,4.8,12,1018.8,0
2017-09-10 21:19:58,5,62,18.8,82,11.7,982.7,987.6,3.4,5.4,10,1018.8,0
2017-09-10 21:24:58,5,62,18.8,82,11.7,982.7,987.6,5.1,8.2,8,1018.8,0
2017-09-10 21:29:58,5,62,18.8,82,11.6,982.8,987.7,4.8,8.2,10,1018.8,0
2017-09-10 21:34:58,5,62,18.8,82,11.6,982.8,987.7,4.4,6.1,10,1018.8,0
2017-09-10 21:39:58,5,62,18.8,82,11.7,982.7,987.6,5.4,6.5,10,1018.8,0
2017-09-10 21:44:58,5,62,18.8,82,11.8,982.8,987.7,3.4,4.8,10,1018.8,0
2017-09-10 21:49:58,5,62,18.8,82,11.9,982.9,987.8,5.4,7.5,10,1018.8,0
2017-09-10 21:54:58,5,62,18.8,82,11.9,982.8,987.7,4.4,7.1,10,1018.8,0
2017-09-10 21:59:58,5,62,18.8,82,11.9,982.7,987.6,4.4,6.1,10,1018.8,0
2017-09-10 22:04:58,5,62,18.7,82,11.8,982.6,987.5,4.8,6.1,8,1018.8,0
2017-09-10 22:09:58,5,62,18.7,82,11.9,982.9,987.8,3.7,6.8,8,1018.8,0
2017-09-10 22:14:58,5,62,18.7,82,11.9,982.7,987.6,4.4,7.1,13,1018.8,0
2017-09-10 22:19:58,5,62,18.7,82,11.9,982.6,987.5,4.1,6.5,9,1018.8,0
2017-09-10 22:24:58,5,62,18.7,82,11.9,982.6,987.5,3.1,4.8,10,1018.8,0
2017-09-10 22:29:58,5,62,18.7,82,11.9,982.8,987.7,4.4,7.8,10,1018.8,0
2017-09-10 22:34:58,5,62,18.7,81,12,982.9,987.8,3.1,5.1,10,1018.8,0
2017-09-10 22:39:58,5,62,18.6,81,12,983.1,988,3.1,6.1,10,1018.8,0
2017-09-10 22:44:58,5,62,18.7,82,11.9,983.2,988.1,3.1,4.4,14,1018.8,0
2017-09-10 22:49:58,5,62,18.7,82,11.9,982.8,987.7,3.4,7.8,12,1018.8,0
2017-09-10 22:54:58,5,62,18.7,82,11.9,983.1,988,1.7,3.1,10,1018.8,0
2017-09-10 22:59:58,5,63,18.7,82,11.9,983.2,988.1,1.4,2.4,8,1018.8,0
2017-09-10 23:04:58,5,63,18.7,82,11.9,983.1,988,0,1.4,9,1018.8,0
2017-09-10 23:09:58,5,63,18.7,82,11.9,983.1,988,1,2,12,1018.8,0
2017-09-10 23:14:58,5,63,18.7,82,12,983.3,988.2,0.3,1.7,15,1018.8,0
2017-09-10 23:19:58,5,63,18.7,83,11.9,983.2,988.1,0,0,10,1018.8,0
2017-09-10 23:24:58,5,63,18.7,83,11.9,983.1,988,0.3,1.4,10,1018.8,0
2017-09-10 23:29:58,5,63,18.6,83,11.9,983.2,988.1,0,0,10,1018.8,0
2017-09-10 23:34:58,5,63,18.6,83,11.9,983.1,988,0,0,10,1018.8,0
2017-09-10 23:39:58,5,63,18.6,82,11.8,983.2,988.1,0,0,10,1018.8,0
2017-09-10 23:44:58,5,63,18.6,82,11.7,983.2,988.1,0,0.3,8,1018.8,0
2017-09-10 23:49:58,5,63,18.6,82,11.7,983.2,988.1,0,0,10,1018.8,0
2017-09-10 23:54:58,5,63,18.6,82,11.8,983.2,988.1,0,0,10,1018.8,0
2017-09-10 23:59:58,5,63,18.6,82,11.9,983.4,988.3,0,0,8,1018.8,0
