2014-12-16 00:03:58,5,63,17.3,78,3.1,1009.9,1014.8,1.4,1.7,12,35.1,0
2014-12-16 00:08:58,5,63,17.2,78,3.4,1009.9,1014.8,1,1.4,10,35.1,0
2014-12-16 00:13:58,5,63,17.3,78,3.7,1010.1,1015,1,1.7,12,35.1,0
2014-12-16 00:18:58,5,63,17.2,78,3.8,1010,1014.9,0.7,1,12,35.1,0
2014-12-16 00:23:58,5,63,17.3,78,3.8,1009.9,1014.8,0.7,1,10,35.1,0
2014-12-16 00:28:58,5,63,17.2,77,3.8,1009.9,1014.8,1,1.7,10,35.1,0
2014-12-16 00:33:58,5,63,17.3,77,3.7,1009.7,1014.6,0.7,1.4,11,35.1,0
2014-12-16 00:38:58,5,63,17.2,77,3.8,1009.8,1014.7,0.7,1.4,10,35.1,0
2014-12-16 00:43:58,5,63,17.3,77,3.8,1009.8,1014.7,0.7,1.7,10,35.1,0
2014-12-16 00:48:58,5,63,17.3,77,3.9,1009.7,1014.6,0.7,1.4,10,35.1,0
2014-12-16 00:53:58,5,63,17.2,76,4,1009.7,1014.6,0.7,1.4,12,35.1,0
2014-12-16 00:58:58,5,63,17.3,76,4.1,1009.7,1014.6,0.7,1.4,11,35.1,0
2014-12-16 01:03:58,5,62,17.3,76,4.2,1009.8,1014.7,0.7,1.4,10,35.1,0
2014-12-16 01:08:58,5,62,17.3,76,4.2,1009.7,1014.6,0.7,1,12,35.1,0
2014-12-16 01:13:58,5,62,17.2,76,4.1,1009.7,1014.6,0.7,1.4,12,35.1,0
2014-12-16 01:18:58,5,62,17.2,76,4.2,1009.9,1014.8,1,1.7,10,35.1,0
2014-12-16 01:23:58,5,62,17.3,76,4.3,1010.1,1015,0.7,1.7,12,35.1,0
2014-12-16 01:28:58,5,62,17.2,76,4.4,1010,1014.9,0.7,1.4,12,35.1,0
2014-12-16 01:33:58,5,62,17.3,76,4.5,1010,1014.9,0.3,0.7,10,35.1,0
2014-12-16 01:38:58,5,62,17.2,76,4.4,1009.9,1014.8,0.7,1,12,35.1,0
2014-12-16 01:43:58,5,62,17.3,76,4.5,1009.9,1014.8,0.7,1,10,35.1,0
2014-12-16 01:48:58,5,62,17.3,76,4.5,1009.8,1014.7,0.7,1,10,35.1,0
2014-12-16 01:53:58,5,62,17.2,76,4.6,1009.9,1014.8,0.7,1.4,10,35.1,0
2014-12-16 01:58:58,5,62,17.3,76,4.6,1009.9,1014.8,0.3,0.7,10,35.1,0
2014-12-16 02:03:58,5,62,17.3,76,4.5,1009.9,1014.8,0.7,1.4,10,35.1,0
2014-12-16 02:08:58,5,62,17.2,76,4.5,1009.9,1014.8,0.7,1.4,10,35.1,0
2014-12-16 02:13:58,5,62,17.3,76,4.6,1010.2,1015.1,1,2,12,35.1,0
2014-12-16 02:18:58,5,62,17.2,76,4.7,1010,1014.9,0.7,1.4,11,35.1,0
2014-12-16 02:23:58,5,62,17.3,76,4.7,1010.1,1015,0.7,1.4,10,35.1,0
2014-12-16 02:28:58,5,62,17.2,76,4.7,1010,1014.9,0.7,1.4,10,35.1,0
2014-12-16 02:33:58,5,62,17.2,76,4.7,1009.9,1014.8,0.3,1,8,35.1,0
2014-12-16 02:38:58,5,62,17.2,76,4.5,1009.8,1014.7,0.3,0.7,10,35.1,0
2014-12-16 02:43:58,5,62,17.2,76,4.4,1010.1,1015,1,1.7,10,35.1,0
2014-12-16 02:48:58,5,62,17.2,76,4.4,1010,1014.9,1.4,1.7,10,35.1,0
2014-12-16 02:53:58,5,62,17.2,76,4.4,1010,1014.9,1.4,2,10,35.1,0
2014-12-16 02:58:58,5,61,17.1,76,4.4,1010.1,1015,1,1.7,10,35.1,0
2014-12-16 03:03:58,5,61,17.2,76,4.5,1010,1014.9,1.4,2,10,35.1,0
2014-12-16 03:08:58,5,61,17.1,76,4.4,1009.9,1014.8,1,1.7,10,35.1,0
2014-12-16 03:13:58,5,61,17.1,76,4.4,1009.7,1014.6,0.7,1,12,35.1,0
2014-12-16 03:18:58,5,61,17.1,76,4.4,1009.8,1014.7,0.7,1,10,35.1,0
2014-12-16 03:23:58,5,61,17.1,77,4.4,1010.1,1015,1.4,1.7,10,35.1,0
2014-12-16 03:28:58,5,61,17.1,77,4.6,1010,1014.9,1,1.7,12,35.1,0
2014-12-16 03:33:58,5,61,17.1,77,4.7,1010,1014.9,0.3,1,10,35.1,0
2014-12-16 03:38:58,5,61,17.1,77,4.6,1010,1014.9,0.7,1,10,35.1,0
2014-12-16 03:43:58,5,61,17.1,77,4.5,1010,1014.9,0.7,1,10,35.1,0
2014-12-16 03:48:58,5,61,17.1,77,4.5,1010.2,1015.1,0.3,1,10,35.1,0
2014-12-16 03:53:58,5,61,17.1,77,4.5,1010.1,1015,1,1.7,10,35.1,0
2014-12-16 03:58:58,5,61,17.1,77,4.7,1010.2,1015.1,1,1.7,10,35.1,0
2014-12-16 04:03:58,5,61,17.1,77,4.9,1010.2,1015.1,0.7,1,10,35.1,0
2014-12-16 04:08:58,5,61,17.1,76,5,1010.2,1015.1,1,1.7,12,35.1,0
2014-12-16 04:13:58,5,61,17.1,76,5.1,1010.3,1015.2,1.4,2,10,35.1,0
2014-12-16 04:18:58,5,61,17.1,76,5.2,1010.1,1015,1,1.7,12,35.1,0
2014-12-16 04:23:58,5,61,17.1,76,5.3,1010.2,1015.1,1,1.7,10,35.1,0
2014-12-16 04:28:58,5,61,17,76,5.3,1010.1,1015,1,1.7,10,35.1,0
2014-12-16 04:33:58,5,61,17,76,5.3,1010.1,1015,1.7,2,10,35.1,0
2014-12-16 04:38:58,5,61,17.1,76,5.3,1010.1,1015,1.4,2.7,10,35.1,0
2014-12-16 04:43:58,5,61,17.1,76,5.3,1010,1014.9,1.7,2,10,35.1,0
2014-12-16 04:48:58,5,61,17.1,76,5.3,1009.9,1014.8,1.7,2,10,35.1,0
2014-12-16 04:53:58,5,61,17.1,76,5.3,1009.9,1014.8,1,1.7,12,35.1,0
2014-12-16 04:58:58,5,61,17.1,76,5.3,1009.9,1014.8,1,1.4,10,35.1,0
2014-12-16 05:03:58,5,61,17,76,5.2,1009.8,1014.7,0.7,1.4,8,35.1,0
2014-12-16 05:08:58,5,61,17,76,5.1,1009.9,1014.8,1,1.7,12,35.1,0
2014-12-16 05:13:58,5,61,17.1,76,5,1009.9,1014.8,1,1.7,8,35.1,0
2014-12-16 05:18:58,5,61,17.1,77,4.9,1009.9,1014.8,1,1.7,12,35.1,0
2014-12-16 05:23:58,5,61,17.1,77,4.9,1009.9,1014.8,1,1.7,12,35.1,0
2014-12-16 05:28:58,5,61,17,77,4.8,1009.9,1014.8,1,1.7,14,35.1,0
2014-12-16 05:33:58,5,61,17,77,4.8,1010.1,1015,0.7,1.4,12,35.1,0
2014-12-16 05:38:58,5,61,17,77,4.8,1010.1,1015,0.7,1.4,10,35.1,0
2014-12-16 05:43:58,5,61,17,78,4.8,1010,1014.9,0.7,1,12,35.1,0
2014-12-16 05:48:58,5,61,17,78,4.8,1010.1,1015,0.7,1,10,35.1,0
2014-12-16 05:53:58,5,61,17,78,4.7,1010,1014.9,0.7,1,12,35.1,0
2014-12-16 05:58:58,5,61,17,78,4.8,1009.9,1014.8,0.7,1.4,12,35.1,0
2014-12-16 06:03:58,5,61,17,78,4.9,1010.1,1015,0.3,1,0,35.1,0
2014-12-16 06:08:58,5,61,17,77,5,1010.1,1015,0.7,1.4,10,35.1,0
2014-12-16 06:13:58,5,61,17,77,5.1,1010,1014.9,0,0.3,10,35.1,0
2014-12-16 06:18:58,5,61,17,77,5.1,1010.1,1015,0.7,1,12,35.1,0
2014-12-16 06:23:58,5,61,17,77,5.2,1010,1014.9,0.3,1,12,35.1,0
2014-12-16 06:28:58,5,61,17,77,5.1,1010,1014.9,0.3,0.7,10,35.1,0
2014-12-16 06:33:58,5,61,17,77,5.1,1010.1,1015,0.3,0.7,10,35.1,0
2014-12-16 06:38:58,5,61,17,77,5.1,1009.9,1014.8,0.3,0.7,8,35.1,0
2014-12-16 06:43:58,5,61,17,77,5.1,1010,1014.9,0.3,0.7,10,35.1,0
2014-12-16 06:48:58,5,61,17,77,5.1,1010.2,1015.1,0.3,1,10,35.1,0
2014-12-16 06:53:58,5,60,17,77,5.1,1010,1014.9,0.3,0.7,10,35.1,0
2014-12-16 06:58:58,5,60,17,77,5.1,1010,1014.9,0.3,1,8,35.1,0
2014-12-16 07:03:58,5,60,17,77,5.2,1009.9,1014.8,0.3,1,8,35.1,0
2014-12-16 07:08:58,5,60,17,77,5.2,1009.9,1014.8,0.3,0.7,10,35.1,0
2014-12-16 07:13:58,5,60,17,77,5.2,1009.8,1014.7,0.3,1,9,35.1,0
2014-12-16 07:18:58,5,60,17,77,5.2,1009.8,1014.7,0.3,1,12,35.1,0
2014-12-16 07:23:58,5,60,17,77,5.2,1009.8,1014.7,0.7,1,10,35.1,0
2014-12-16 07:28:58,5,60,17,77,5.2,1009.7,1014.6,1.4,1.7,8,35.1,0
2014-12-16 07:33:58,5,60,17,77,5.2,1009.7,1014.6,1.7,2.4,8,35.1,0
2014-12-16 07:38:58,5,60,17.1,77,5.2,1009.8,1014.7,1.4,2,6,35.1,0
2014-12-16 07:43:58,5,60,17.1,77,5.2,1009.7,1014.6,1.4,2,8,35.1,0
2014-12-16 07:48:58,5,60,17,77,5.3,1009.7,1014.6,1,1.7,9,35.1,0
2014-12-16 07:53:58,5,60,17.1,77,5.3,1009.7,1014.6,0.7,1.4,8,35.1,0
2014-12-16 07:58:58,5,60,17,77,5.2,1009.6,1014.5,0.7,1.4,8,35.1,0
2014-12-16 08:03:58,5,60,17,77,5.2,1009.5,1014.4,1,1.4,8,35.1,0
2014-12-16 08:08:58,5,60,17,77,5.1,1009.5,1014.4,1.4,2,8,35.1,0
2014-12-16 08:13:58,5,60,17,77,5.1,1009.6,1014.5,1.4,1.7,9,35.1,0
2014-12-16 08:18:58,5,60,17,77,5.1,1009.4,1014.3,1.7,2.4,10,35.1,0
2014-12-16 08:23:58,5,60,17,77,5.1,1009.5,1014.4,0.7,1.4,6,35.1,0
2014-12-16 08:28:58,5,60,17,77,5.1,1009.6,1014.5,1,1.4,10,35.1,0
2014-12-16 08:33:58,5,60,17,77,5.1,1009.5,1014.4,1,1.7,10,35.1,0
2014-12-16 08:38:58,5,60,17,77,5.1,1009.7,1014.6,1,2,8,35.1,0
2014-12-16 08:43:58,5,60,17,77,5.1,1009.8,1014.7,1.4,2,8,35.1,0
2014-12-16 08:48:58,5,60,17,77,5.1,1009.7,1014.6,1,1.7,8,35.1,0
2014-12-16 08:53:58,5,60,17,77,5.1,1009.8,1014.7,0.7,1,12,35.1,0
2014-12-16 08:58:58,5,56,17,77,5.2,1009.7,1014.6,1,1.7,14,35.1,0
2014-12-16 09:03:58,5,54,16.9,77,5.3,1009.6,1014.5,0.3,1,10,35.1,0
2014-12-16 09:08:58,5,58,16.8,77,5.3,1009.7,1014.6,1,1.7,10,35.1,0
2014-12-16 09:13:58,5,59,16.7,77,5.2,1009.5,1014.4,0.3,0.7,8,35.1,0
2014-12-16 09:18:58,5,59,16.8,77,5.2,1009.6,1014.5,0,0.7,10,35.1,0
2014-12-16 09:23:58,5,59,16.8,77,5.2,1009.5,1014.4,0.3,1,10,35.1,0
2014-12-16 09:28:58,5,59,16.8,77,5.3,1009.4,1014.3,1,1.4,10,35.1,0
2014-12-16 09:33:58,5,59,16.8,77,5.4,1009.4,1014.3,1,1.4,10,35.1,0
2014-12-16 09:38:58,5,60,16.8,77,5.5,1009.5,1014.4,0.3,0.7,14,35.1,0
2014-12-16 09:43:58,5,60,16.9,77,5.5,1009.5,1014.4,1,1.7,8,35.1,0
2014-12-16 09:48:58,5,60,16.8,77,5.5,1009.6,1014.5,1.7,2.4,10,35.1,0
2014-12-16 09:53:58,5,60,16.8,77,5.7,1009.5,1014.4,0.7,1.4,8,35.1,0
2014-12-16 09:58:58,5,60,16.9,78,5.8,1009.5,1014.4,0.7,1,8,35.1,0
2014-12-16 10:03:58,5,60,16.9,77,6,1009.4,1014.3,1,1.4,10,35.1,0
2014-12-16 10:08:58,5,60,16.9,77,6.1,1009.4,1014.3,0.3,0.7,10,35.1,0
2014-12-16 10:13:58,5,60,16.9,77,6.2,1009.6,1014.5,0,0.7,10,35.1,0
2014-12-16 10:18:58,5,60,16.9,77,6.3,1009.4,1014.3,0,0.7,10,35.1,0
2014-12-16 10:23:58,5,60,16.9,77,6.4,1009.5,1014.4,1,1.4,10,35.1,0
2014-12-16 10:28:58,5,60,16.9,77,6.4,1009.6,1014.5,1.4,1.7,10,35.1,0
2014-12-16 10:33:58,5,60,16.9,77,6.4,1009.4,1014.3,0.3,1,8,35.1,0
2014-12-16 10:38:58,5,60,16.9,77,6.5,1009.4,1014.3,0.7,1.4,8,35.1,0
2014-12-16 10:43:58,5,60,16.9,77,6.6,1009.3,1014.2,1.7,2,10,35.1,0
2014-12-16 10:48:58,5,60,16.9,77,6.7,1009.4,1014.3,1,1.7,10,35.1,0
2014-12-16 10:53:58,5,60,16.9,77,6.9,1009.4,1014.3,1,1.7,10,35.1,0
2014-12-16 10:58:58,5,60,16.9,77,6.9,1009.3,1014.2,1.7,2.4,6,35.1,0
2014-12-16 11:03:58,5,59,17,76,7,1009,1013.9,1.7,2.4,10,35.1,0
2014-12-16 11:08:58,5,59,17,76,7,1009.2,1014.1,2,3.1,10,35.1,0
2014-12-16 11:13:58,5,59,17,76,7.1,1009.2,1014.1,1,1.7,10,35.1,0
2014-12-16 11:18:58,5,59,17,76,7.1,1009.2,1014.1,0.7,1.4,10,35.1,0
2014-12-16 11:23:58,5,59,17,76,7.2,1009.1,1014,1,1.7,12,35.1,0
2014-12-16 11:28:58,5,59,17,76,7.3,1009.1,1014,1.4,2,8,35.1,0
2014-12-16 11:33:58,5,59,17,76,7.3,1008.9,1013.8,1.4,2.4,10,35.1,0
2014-12-16 11:38:58,5,59,17,75,7.3,1009,1013.9,1.7,2.7,8,35.1,0
2014-12-16 11:43:58,5,59,17,75,7.3,1008.8,1013.7,1.7,3.1,10,35.1,0
2014-12-16 11:48:58,5,59,17,75,7.3,1008.7,1013.6,2.4,3.1,9,35.1,0
2014-12-16 11:53:58,5,59,17,75,7.3,1008.6,1013.5,1.4,2,8,35.1,0
2014-12-16 11:58:58,5,59,17,75,7.3,1008.6,1013.5,2.4,3.1,10,35.1,0
2014-12-16 12:03:58,5,59,17,76,7.3,1008.5,1013.4,1.7,2.7,10,35.1,0
2014-12-16 12:08:58,5,59,17,76,7.2,1008.4,1013.3,1.7,2.4,9,35.1,0
2014-12-16 12:13:58,5,59,17,76,7.2,1008.2,1013.1,1.7,2.7,9,35.1,0
2014-12-16 12:18:58,5,59,17,76,7.2,1008.3,1013.2,1.4,2,10,35.1,0
2014-12-16 12:23:58,5,59,17,76,7.2,1008.2,1013.1,2,3.1,8,35.1,0
2014-12-16 12:28:58,5,59,17,76,7.2,1008.2,1013.1,2,2.7,9,35.4,0
2014-12-16 12:33:58,5,59,17,76,7.3,1008,1012.9,2.4,3.1,9,35.4,0
2014-12-16 12:38:58,5,59,17,76,7.3,1007.9,1012.8,2,2.7,8,35.4,0
2014-12-16 12:43:58,5,59,17,76,7.4,1007.8,1012.7,1.7,2.4,8,35.4,0
2014-12-16 12:48:58,5,59,17,76,7.4,1007.6,1012.5,1.4,1.7,8,35.7,0
2014-12-16 12:53:58,5,59,17,76,7.3,1007.6,1012.5,1,2,10,35.7,0
2014-12-16 12:58:58,5,59,17,76,7.3,1007.3,1012.2,0.3,1.4,10,35.7,0
2014-12-16 13:03:58,5,59,17,76,7.3,1007.2,1012.1,1.7,2.4,8,35.7,0
2014-12-16 13:08:58,5,59,17,76,7.3,1007.2,1012.1,0.7,1.4,9,35.7,0
2014-12-16 13:13:58,5,59,17,76,7.2,1007.1,1012,0.7,1.4,8,35.7,0
2014-12-16 13:18:58,5,59,17,76,7.2,1006.8,1011.7,0.7,1.7,6,35.7,0
2014-12-16 13:23:58,5,59,17,76,7.2,1006.5,1011.4,1.7,2.4,10,35.7,0
2014-12-16 13:28:58,5,59,17,76,7.2,1006.4,1011.3,1.4,2.7,6,36,0
2014-12-16 13:33:58,5,59,17,76,7.2,1006.2,1011.1,1.4,2.4,10,36,0
2014-12-16 13:38:58,5,59,17,76,7.2,1006,1010.9,1.4,2,10,36,0
2014-12-16 13:43:58,5,59,17,76,7.2,1005.7,1010.6,1.7,3.1,4,36,0
2014-12-16 13:48:58,5,59,17,76,7.2,1005.6,1010.5,0.7,1.7,10,36.3,0
2014-12-16 13:53:58,5,59,17,76,7.2,1005.6,1010.5,0.7,3.1,2,36.3,0
2014-12-16 13:58:58,5,59,17,76,7.2,1005.5,1010.4,0.7,2.4,10,36.3,0
2014-12-16 14:03:58,5,59,17,76,7.2,1005.4,1010.3,0.7,1.4,2,36.3,0
2014-12-16 14:08:58,5,59,17,76,7.2,1005.3,1010.2,1,2,9,36.3,0
2014-12-16 14:13:58,5,59,17,76,7.2,1005.4,1010.3,0.3,1,6,36.6,0
2014-12-16 14:18:58,5,59,17,76,7.2,1005.3,1010.2,0.7,1.7,2,36.6,0
2014-12-16 14:23:58,5,60,16.9,76,7.2,1004.9,1009.8,1,2,4,36.9,0
2014-12-16 14:28:58,5,60,16.9,76,7.2,1004.7,1009.6,0.7,1.7,10,36.9,0
2014-12-16 14:33:58,5,60,16.9,76,7.2,1004.8,1009.7,1.4,1.7,8,36.9,0
2014-12-16 14:38:58,5,60,16.9,76,7.3,1004.6,1009.5,1,1.7,10,36.9,0
2014-12-16 14:43:58,5,60,16.9,76,7.2,1004.5,1009.4,2,3.1,10,36.9,0
2014-12-16 14:48:58,5,60,16.9,76,7.3,1004.5,1009.4,1.7,2.4,6,36.9,0
2014-12-16 14:53:58,5,60,16.9,76,7.3,1004.3,1009.2,2,3.1,4,37.2,0
2014-12-16 14:58:58,5,60,16.9,76,7.5,1004.2,1009.1,2.7,4.8,6,37.2,0
2014-12-16 15:03:58,5,60,16.9,76,7.5,1004.1,1009,2.4,5.1,8,37.2,0
2014-12-16 15:08:58,5,60,16.9,76,7.6,1004,1008.9,2.4,3.7,8,37.2,0
2014-12-16 15:13:58,5,60,16.9,76,7.6,1003.7,1008.6,4.8,6.5,6,37.5,0
2014-12-16 15:18:58,5,60,16.9,76,7.8,1003.7,1008.6,3.7,5.1,10,37.5,0
2014-12-16 15:23:58,5,60,16.9,76,7.8,1003.6,1008.5,2,4.1,8,37.5,0
2014-12-16 15:28:58,5,60,16.9,76,7.8,1003.5,1008.4,4.8,6.1,10,37.5,0
2014-12-16 15:33:58,5,60,16.9,76,7.8,1003.2,1008.1,3.4,4.8,8,37.5,0
2014-12-16 15:38:58,5,60,16.9,76,7.8,1003.2,1008.1,2.4,4.1,10,37.5,0
2014-12-16 15:43:58,5,60,16.9,76,7.8,1003.1,1008,2.7,4.8,8,37.5,0
2014-12-16 15:48:58,5,60,16.9,76,7.9,1002.8,1007.7,4.1,5.4,8,37.8,0
2014-12-16 15:53:58,5,60,16.8,77,8.2,1002.8,1007.7,3.4,3.7,10,37.8,0
2014-12-16 15:58:58,5,60,16.8,77,8.3,1002.7,1007.6,4.4,5.8,10,37.8,0
2014-12-16 16:03:58,5,60,16.8,77,8.5,1002.7,1007.6,4.8,6.5,10,37.8,0
2014-12-16 16:08:58,5,60,16.8,77,8.5,1002.6,1007.5,3.4,5.4,8,38.1,0
2014-12-16 16:13:58,5,60,16.8,77,8.7,1002.7,1007.6,2,3.1,2,38.1,0
2014-12-16 16:18:58,5,60,16.8,77,8.7,1002.5,1007.4,5.4,6.5,10,38.1,0
2014-12-16 16:23:58,5,60,16.8,77,8.8,1002.3,1007.2,4.8,6.1,8,38.1,0
2014-12-16 16:28:58,5,60,16.8,77,8.8,1002.1,1007,5.1,6.8,10,38.1,0
2014-12-16 16:33:58,5,60,16.8,77,8.7,1002.2,1007.1,3.4,4.4,10,38.1,0
2014-12-16 16:38:58,5,60,16.8,77,8.8,1002.1,1007,2.4,3.1,12,38.1,0
2014-12-16 16:43:58,5,60,16.8,77,8.8,1002.1,1007,4.1,5.4,8,38.1,0
2014-12-16 16:48:58,5,60,16.8,77,8.9,1002.1,1007,3.4,4.4,14,38.1,0
2014-12-16 16:53:58,5,60,16.8,77,8.9,1001.9,1006.8,2.7,4.1,10,38.1,0
2014-12-16 16:58:58,5,60,16.8,76,9,1002,1006.9,2.4,3.7,0,38.1,0
2014-12-16 17:03:58,5,60,16.8,76,9,1001.8,1006.7,3.4,4.8,10,38.1,0
2014-12-16 17:08:58,5,60,16.8,76,9,1001.8,1006.7,2.4,3.1,8,38.1,0
2014-12-16 17:13:58,5,60,16.8,77,9.1,1001.8,1006.7,2,2.7,10,38.1,0
2014-12-16 17:18:58,5,60,16.8,77,9.1,1001.8,1006.7,2,3.4,11,38.1,0
2014-12-16 17:23:58,5,60,16.7,77,9.1,1001.8,1006.7,2.4,3.7,10,38.1,0
2014-12-16 17:28:58,5,60,16.8,77,9.2,1001.7,1006.6,2,3.1,10,38.1,0
2014-12-16 17:33:58,5,60,16.7,77,9.3,1001.7,1006.6,2.4,3.1,12,38.1,0
2014-12-16 17:38:58,5,60,16.8,77,9.7,1001.5,1006.4,2.4,4.1,11,38.1,0
2014-12-16 17:43:58,5,61,16.8,76,10.1,1001.5,1006.4,3.4,5.1,12,38.1,0
2014-12-16 17:48:58,5,61,16.8,76,10.3,1001.5,1006.4,4.1,5.8,14,38.1,0
2014-12-16 17:53:58,5,61,16.8,76,10.4,1001.5,1006.4,4.4,7.1,12,38.1,0
2014-12-16 17:58:58,5,61,16.8,76,10.5,1001.3,1006.2,3.7,5.1,12,38.1,0
2014-12-16 18:03:58,5,61,16.8,76,10.5,1001.3,1006.2,3.1,4.4,12,38.1,0
2014-12-16 18:08:58,5,61,16.8,76,10.5,1001.2,1006.1,3.4,6.5,12,38.4,0
2014-12-16 18:13:58,5,61,16.8,76,10.5,1001,1005.9,5.4,8.5,10,38.4,0
2014-12-16 18:18:58,5,63,16.8,76,10.5,1000.9,1005.8,5.1,7.8,10,38.4,0
2014-12-16 18:23:58,5,63,16.8,76,10.5,1000.9,1005.8,4.4,6.1,12,38.4,0
2014-12-16 18:28:58,5,63,16.8,76,10.5,1000.8,1005.7,4.1,6.8,10,38.4,0
2014-12-16 18:33:58,5,63,16.8,76,10.5,1000.9,1005.8,4.1,5.4,14,38.4,0
2014-12-16 18:38:58,5,63,16.8,76,10.5,1001,1005.9,4.1,5.1,2,38.4,0
2014-12-16 18:43:58,5,63,16.8,76,10.5,1000.8,1005.7,4.8,8.5,10,38.7,0
2014-12-16 18:48:58,5,63,16.8,76,10.5,1001,1005.9,4.1,5.4,14,38.7,0
2014-12-16 18:53:57,5,63,16.8,76,10.5,1000.9,1005.8,2.7,4.1,14,38.7,0
2014-12-16 18:58:57,5,63,16.8,76,10.5,1001,1005.9,4.1,5.4,10,39,0
2014-12-16 19:03:57,5,63,16.8,76,10.5,1000.6,1005.5,3.1,6.8,8,39,0
2014-12-16 19:08:57,5,63,16.8,76,10.4,1000.7,1005.6,4.1,5.8,9,39.3,0
2014-12-16 19:13:57,5,63,16.8,76,10.4,1000.6,1005.5,3.7,5.4,10,39.3,0
2014-12-16 19:18:57,5,63,16.8,76,10.4,1000.9,1005.8,5.1,6.8,10,39.6,0
2014-12-16 19:23:57,5,63,16.8,76,10.3,1000.7,1005.6,4.4,6.1,10,39.6,0
2014-12-16 19:28:57,5,63,16.8,76,10.3,1000.6,1005.5,4.1,6.5,10,39.9,0
2014-12-16 19:33:57,5,63,16.8,76,10.3,1000.6,1005.5,4.4,7.8,12,39.9,0
2014-12-16 19:38:57,5,64,16.8,76,10.3,1000.5,1005.4,3.4,5.8,8,39.9,0
2014-12-16 19:43:57,5,64,16.9,76,10.2,1001,1005.9,4.1,6.1,10,39.9,0
2014-12-16 19:48:57,5,64,16.9,76,10.2,1000.6,1005.5,6.8,10.2,14,39.9,0
2014-12-16 19:53:57,5,65,16.9,76,10.2,1000.8,1005.7,4.8,6.1,10,39.9,0
2014-12-16 19:58:57,5,66,16.9,76,10.2,1000.7,1005.6,4.1,5.4,10,39.9,0
2014-12-16 20:03:57,5,67,16.9,76,10.2,1000.6,1005.5,5.4,8.8,10,39.9,0
2014-12-16 20:08:57,5,67,17,76,10.1,1000.5,1005.4,6.5,9.9,10,39.9,0
2014-12-16 20:13:57,5,67,17,76,10.1,1000.8,1005.7,4.4,7.5,10,39.9,0
2014-12-16 20:18:57,5,68,17,76,10.1,1000.6,1005.5,3.1,4.8,10,39.9,0
2014-12-16 20:23:57,5,68,17.1,75,10.1,1000.5,1005.4,4.4,6.1,12,39.9,0
2014-12-16 20:28:57,5,68,17.1,75,10,1000.5,1005.4,3.7,5.4,13,39.9,0
2014-12-16 20:33:57,5,68,17.1,75,10,1000.4,1005.3,5.4,7.5,11,39.9,0
2014-12-16 20:38:57,5,68,17.2,76,9.9,1000.4,1005.3,3.7,5.8,10,39.9,0
2014-12-16 20:43:57,5,68,17.2,76,9.9,1000.2,1005.1,3.4,6.5,14,39.9,0
2014-12-16 20:48:57,5,68,17.2,76,9.9,1000.3,1005.2,3.7,6.1,12,39.9,0
2014-12-16 20:53:57,5,68,17.2,76,9.9,1000.4,1005.3,4.4,5.8,13,40.2,0
2014-12-16 20:58:57,5,68,17.2,76,9.9,1000.3,1005.2,4.1,6.1,13,40.2,0
2014-12-16 21:03:57,5,68,17.2,76,9.9,1000.2,1005.1,4.1,6.1,10,40.2,0
2014-12-16 21:08:57,5,68,17.2,76,9.9,1000,1004.9,5.4,7.5,10,40.2,0
2014-12-16 21:13:57,5,68,17.2,76,9.9,1000.1,1005,3.7,5.1,14,40.2,0
2014-12-16 21:18:57,5,68,17.5,76,9.9,1000,1004.9,5.8,7.5,14,40.2,0
2014-12-16 21:23:57,5,68,17.5,76,10,1000,1004.9,4.1,6.1,12,40.2,0
2014-12-16 21:28:57,5,68,17.5,76,10.1,999.9,1004.8,5.1,7.5,10,40.2,0
2014-12-16 21:33:57,5,69,17.5,76,10.1,999.8,1004.7,5.8,7.8,10,40.2,0
2014-12-16 21:38:57,5,69,17.5,76,10.1,999.8,1004.7,4.8,6.5,14,40.2,0
2014-12-16 21:43:57,5,69,17.6,76,10.2,999.8,1004.7,5.8,7.5,10,40.2,0
2014-12-16 21:48:57,5,69,17.6,76,10.2,999.8,1004.7,5.4,6.8,8,40.2,0
2014-12-16 21:53:57,5,69,17.7,76,10.2,999.7,1004.6,5.8,8.8,14,40.2,0
2014-12-16 21:58:57,5,69,17.7,76,10.2,999.4,1004.3,4.8,6.8,11,40.2,0
2014-12-16 22:03:57,5,69,17.8,76,10.3,999.7,1004.6,2.7,4.4,10,40.2,0
2014-12-16 22:08:57,5,70,17.8,76,10.3,999.4,1004.3,4.4,7.5,10,40.2,0
2014-12-16 22:13:57,5,70,17.8,76,10.3,999.5,1004.4,5.4,7.1,10,40.2,0
2014-12-16 22:18:57,5,70,17.9,76,10.3,999.4,1004.3,4.4,5.4,12,40.2,0
2014-12-16 22:23:57,5,71,18,76,10.3,999.5,1004.4,5.4,7.1,12,40.2,0
2014-12-16 22:28:57,5,70,18,76,10.3,999.5,1004.4,3.4,6.1,12,40.2,0
2014-12-16 22:33:57,5,70,18,76,10.3,999.6,1004.5,5.1,8.2,10,40.2,0
2014-12-16 22:38:57,5,70,18,76,10.3,999.7,1004.6,4.8,5.8,10,40.2,0
2014-12-16 22:43:57,5,70,18.1,76,10.3,999.8,1004.7,4.8,8.5,12,40.2,0
2014-12-16 22:48:57,5,70,18.1,76,10.3,999.7,1004.6,5.4,7.1,6,40.2,0
2014-12-16 22:53:57,5,70,18.1,76,10.3,999.7,1004.6,5.8,6.8,12,40.2,0
2014-12-16 22:58:57,5,70,18.1,76,10.3,999.7,1004.6,4.8,8.8,9,40.2,0
2014-12-16 23:03:57,5,70,18.1,76,10.3,999.9,1004.8,4.8,6.1,8,40.2,0
2014-12-16 23:08:57,5,70,18.2,76,10.3,999.8,1004.7,6.1,7.8,10,40.2,0
2014-12-16 23:13:57,5,70,18.2,76,10.3,999.5,1004.4,5.4,7.5,10,40.2,0
2014-12-16 23:18:57,5,70,18.2,76,10.3,999.8,1004.7,6.8,8.5,12,40.2,0
2014-12-16 23:23:57,5,70,18.2,76,10.3,999.7,1004.6,4.1,6.8,10,40.2,0
2014-12-16 23:28:57,5,70,18.2,76,10.3,1000,1004.9,4.1,5.8,14,40.5,0
2014-12-16 23:33:57,5,69,18.3,76,10.3,999.8,1004.7,3.7,5.1,10,40.5,0
2014-12-16 23:38:57,5,69,18.3,76,10.3,999.6,1004.5,6.5,9.2,12,40.5,0
2014-12-16 23:43:57,5,69,18.3,76,10.3,999.6,1004.5,5.1,6.5,13,40.5,0
2014-12-16 23:48:57,5,69,18.3,76,10.3,999.8,1004.7,4.1,6.5,12,40.5,0
2014-12-16 23:53:57,5,69,18.3,76,10.3,999.5,1004.4,5.4,6.5,10,40.5,0
2014-12-16 23:58:57,5,69,18.3,76,10.3,999.6,1004.5,5.1,7.5,12,40.5,0
