2014-12-24 00:02:27,5,65,19.9,74,5.2,1007.1,1012,1,1.7,10,5.1,0
2014-12-24 00:07:27,5,65,19.9,74,5.2,1007.1,1012,1.7,3.1,12,5.1,0
2014-12-24 00:12:27,5,64,20,74,5.1,1007.1,1012,2,2.7,10,5.1,0
2014-12-24 00:17:27,5,65,19.9,74,5.1,1007.3,1012.2,1.4,2.4,12,5.1,0
2014-12-24 00:22:27,5,65,19.9,74,5,1007.3,1012.2,2,2.7,10,5.1,0
2014-12-24 00:27:27,5,65,19.9,74,5,1007.3,1012.2,1.7,2,10,5.1,0
2014-12-24 00:32:27,5,65,19.9,74,5,1007.2,1012.1,0.7,1.4,8,5.1,0
2014-12-24 00:37:27,5,64,19.9,75,4.9,1007.4,1012.3,0.7,1.4,10,5.1,0
2014-12-24 00:42:27,5,64,19.9,75,4.8,1007.4,1012.3,1,1.4,10,5.1,0
2014-12-24 00:47:27,5,64,19.9,75,4.6,1007.6,1012.5,1,1.7,12,5.1,0
2014-12-24 00:52:27,5,64,19.9,75,4.5,1007.5,1012.4,1.4,2,10,5.1,0
2014-12-24 00:57:27,5,64,19.9,75,4.6,1007.8,1012.7,1,2,12,5.1,0
2014-12-24 01:02:27,5,64,19.8,75,4.8,1007.8,1012.7,1.4,1.7,8,5.1,0
2014-12-24 01:07:27,5,64,19.8,76,4.9,1007.8,1012.7,1,2,10,5.1,0
2014-12-24 01:12:27,5,64,19.8,76,4.9,1007.7,1012.6,1,1.4,12,5.1,0
2014-12-24 01:17:27,5,64,19.8,75,5,1007.7,1012.6,0.7,1,14,5.1,0
2014-12-24 01:22:27,5,64,19.7,75,5.1,1007.7,1012.6,1,1.7,12,5.1,0
2014-12-24 01:27:27,5,64,19.7,75,5.1,1007.6,1012.5,0.7,1,10,5.1,0
2014-12-24 01:32:27,5,64,19.7,75,5,1007.6,1012.5,0,1,10,5.1,0
2014-12-24 01:37:27,5,64,19.6,75,5,1007.6,1012.5,0.7,1.4,10,5.1,0
2014-12-24 01:42:27,5,64,19.7,76,4.9,1007.9,1012.8,1,1.7,10,5.1,0
2014-12-24 01:47:27,5,64,19.6,76,4.9,1007.9,1012.8,1.7,2.4,10,5.1,0
2014-12-24 01:52:27,5,64,19.5,75,5,1008,1012.9,1.4,2.4,0,5.1,0
2014-12-24 01:57:27,5,64,19.5,75,5.1,1008,1012.9,1.7,2.4,10,5.1,0
2014-12-24 02:02:27,5,64,19.5,75,5.1,1007.9,1012.8,1,2,10,5.1,0
2014-12-24 02:07:27,5,64,19.5,75,5,1008,1012.9,1.7,2.7,12,5.1,0
2014-12-24 02:12:27,5,64,19.4,74,5.1,1007.9,1012.8,1.7,2.7,10,5.1,0
2014-12-24 02:17:27,5,64,19.4,74,5.1,1007.7,1012.6,3.1,5.8,10,5.1,0
2014-12-24 02:22:27,5,64,19.4,73,5.1,1007.8,1012.7,1.4,2.4,12,5.1,0
2014-12-24 02:27:27,5,64,19.4,73,5.1,1007.9,1012.8,2.4,3.7,0,5.1,0
2014-12-24 02:32:27,5,63,19.3,72,5,1008,1012.9,1,2.7,10,5.1,0
2014-12-24 02:37:27,5,63,19.3,72,5,1008.2,1013.1,1.4,2,10,5.1,0
2014-12-24 02:42:27,5,63,19.3,73,4.8,1008.1,1013,1.7,2.7,10,5.1,0
2014-12-24 02:47:27,5,63,19.3,74,4.6,1008.3,1013.2,1.7,2.4,14,5.1,0
2014-12-24 02:52:27,5,63,19.3,74,4.6,1008.3,1013.2,1.7,2.4,8,5.1,0
2014-12-24 02:57:27,5,63,19.3,74,4.6,1008.4,1013.3,1.4,2,12,5.1,0
2014-12-24 03:02:27,5,63,19.2,74,4.5,1008.5,1013.4,1,1.4,8,5.1,0
2014-12-24 03:07:27,5,63,19.2,74,4.4,1008.5,1013.4,1,2.4,10,5.1,0
2014-12-24 03:12:27,5,63,19.1,74,4.4,1008.7,1013.6,1.4,2,11,5.1,0
2014-12-24 03:17:27,5,63,19.2,74,4.5,1008.6,1013.5,1.7,2.7,10,5.1,0
2014-12-24 03:22:27,5,63,19.1,74,4.6,1008.7,1013.6,1.7,2.4,14,5.1,0
2014-12-24 03:27:27,5,63,19.1,74,4.6,1008.7,1013.6,1,2,10,5.1,0
2014-12-24 03:32:27,5,63,19.1,74,4.6,1008.8,1013.7,1.7,3.1,9,5.1,0
2014-12-24 03:37:27,5,63,19.1,74,4.6,1008.7,1013.6,1.7,2.7,12,5.1,0
2014-12-24 03:42:27,5,63,19.1,74,4.7,1008.7,1013.6,3.1,4.4,10,5.1,0
2014-12-24 03:47:27,5,63,19.1,74,4.8,1008.8,1013.7,2.4,3.4,12,5.1,0
2014-12-24 03:52:27,5,63,19.1,71,5,1008.9,1013.8,1.4,2.4,11,5.1,0
2014-12-24 03:57:27,5,63,19.1,71,5,1008.8,1013.7,3.1,4.1,12,5.1,0
2014-12-24 04:02:27,5,63,19,69,5.1,1008.9,1013.8,2,3.1,14,5.1,0
2014-12-24 04:07:27,5,63,19,69,5.1,1009,1013.9,1.7,2.4,10,5.1,0
2014-12-24 04:12:27,5,63,19,68,5.1,1008.8,1013.7,2.7,3.7,12,5.1,0
2014-12-24 04:17:27,5,63,19,68,5.1,1008.9,1013.8,2.7,4.1,10,5.1,0
2014-12-24 04:22:27,5,62,19,67,5.1,1008.8,1013.7,3.4,4.4,14,5.1,0
2014-12-24 04:27:27,5,63,18.9,66,5.2,1009,1013.9,3.1,6.1,12,5.1,0
2014-12-24 04:32:27,5,62,19,64,5.3,1008.9,1013.8,2.4,3.1,12,5.1,0
2014-12-24 04:37:27,5,62,19,64,5.3,1009,1013.9,2.4,3.1,10,5.1,0
2014-12-24 04:42:27,5,63,18.9,64,5.2,1009.1,1014,3.1,4.1,10,5.1,0
2014-12-24 04:47:27,5,63,18.9,64,5.2,1009,1013.9,3.4,4.8,0,5.1,0
2014-12-24 04:52:27,5,63,18.9,64,5.2,1009.1,1014,3.4,4.4,12,5.1,0
2014-12-24 04:57:27,5,63,18.9,64,5.2,1009.3,1014.2,2.4,3.4,12,5.1,0
2014-12-24 05:02:27,5,63,18.9,64,5.3,1009.1,1014,3.7,5.1,15,5.1,0
2014-12-24 05:07:27,5,63,18.9,63,5.4,1009.1,1014,3.7,5.4,10,5.1,0
2014-12-24 05:12:27,5,63,18.8,63,5.4,1009.3,1014.2,3.1,4.4,11,5.1,0
2014-12-24 05:17:27,5,63,18.8,63,5.4,1009.4,1014.3,2.4,3.4,12,5.1,0
2014-12-24 05:22:27,5,63,18.8,63,5.3,1009.4,1014.3,2.4,2.7,12,5.1,0
2014-12-24 05:27:27,5,63,18.8,64,5.3,1009.4,1014.3,2.4,3.7,10,5.1,0
2014-12-24 05:32:27,5,63,18.7,64,5.3,1009.6,1014.5,3.1,6.1,12,5.1,0
2014-12-24 05:37:27,5,63,18.7,65,5.5,1009.6,1014.5,3.1,4.4,12,5.1,0
2014-12-24 05:42:27,5,63,18.7,66,5.5,1009.5,1014.4,3.7,5.8,10,5.1,0
2014-12-24 05:47:27,5,63,18.7,66,5.3,1009.5,1014.4,2.4,3.7,12,5.1,0
2014-12-24 05:52:27,5,63,18.7,65,5.3,1009.5,1014.4,4.4,5.8,14,5.1,0
2014-12-24 05:57:27,5,63,18.7,64,5.3,1009.7,1014.6,3.4,4.8,10,5.1,0
2014-12-24 06:02:27,5,63,18.7,65,5.4,1009.8,1014.7,3.1,5.1,12,5.1,0
2014-12-24 06:07:27,5,63,18.7,65,5.4,1009.7,1014.6,3.4,3.7,12,5.1,0
2014-12-24 06:12:27,5,62,18.6,65,5.3,1009.6,1014.5,2.4,5.1,10,5.1,0
2014-12-24 06:17:27,5,62,18.6,66,5.3,1009.7,1014.6,2,2.7,10,5.1,0
2014-12-24 06:22:27,5,62,18.6,66,5.2,1009.7,1014.6,1.7,3.1,10,5.1,0
2014-12-24 06:27:27,5,62,18.6,67,5.1,1009.9,1014.8,2.7,4.1,12,5.1,0
2014-12-24 06:32:27,5,62,18.6,67,5.1,1009.9,1014.8,3.4,5.1,12,5.1,0
2014-12-24 06:37:27,5,62,18.6,67,5.3,1010,1014.9,3.1,4.4,10,5.1,0
2014-12-24 06:42:27,5,62,18.6,66,5.3,1010,1014.9,4.8,7.1,10,5.1,0
2014-12-24 06:47:27,5,62,18.6,66,5.4,1009.9,1014.8,3.4,4.4,14,5.1,0
2014-12-24 06:52:27,5,62,18.6,65,5.5,1010,1014.9,2.7,3.4,10,5.1,0
2014-12-24 06:57:27,5,62,18.6,64,5.5,1010,1014.9,3.7,4.8,10,5.1,0
2014-12-24 07:02:27,5,62,18.6,63,5.6,1010.1,1015,2,3.4,14,5.1,0
2014-12-24 07:07:27,5,62,18.6,62,5.5,1010.3,1015.2,3.1,4.1,14,5.1,0
2014-12-24 07:12:27,5,62,18.6,62,5.4,1010.2,1015.1,2.4,4.1,12,5.1,0
2014-12-24 07:17:27,5,62,18.6,63,5.3,1010.3,1015.2,2.7,4.1,13,5.1,0
2014-12-24 07:22:27,5,62,18.6,63,5.3,1010.4,1015.3,1.4,2,12,5.1,0
2014-12-24 07:27:27,5,62,18.6,63,5.2,1010.4,1015.3,2,3.4,12,5.1,0
2014-12-24 07:32:27,5,62,18.6,64,5.1,1010.4,1015.3,2,3.4,12,5.1,0
2014-12-24 07:37:27,5,62,18.6,64,5,1010.4,1015.3,3.4,4.8,12,5.1,0
2014-12-24 07:42:27,5,62,18.6,64,5.1,1010.5,1015.4,2.7,4.1,12,5.1,0
2014-12-24 07:47:27,5,62,18.6,64,5,1010.7,1015.6,2.4,3.7,12,5.1,0
2014-12-24 07:52:27,5,62,18.6,65,5,1010.7,1015.6,2.7,3.4,10,5.1,0
2014-12-24 07:57:27,5,62,18.5,66,4.9,1010.9,1015.8,2,2.7,10,5.1,0
2014-12-24 08:02:27,5,62,18.6,67,4.8,1011,1015.9,2.7,3.4,10,5.1,0
2014-12-24 08:07:27,5,62,18.6,67,4.7,1011.1,1016,1.7,2.7,10,5.1,0
2014-12-24 08:12:27,5,62,18.5,68,4.7,1011.4,1016.3,1.7,2.4,8,5.1,0
2014-12-24 08:17:27,5,62,18.5,69,4.8,1011.4,1016.3,1.7,2.4,12,5.1,0
2014-12-24 08:22:27,5,62,18.5,70,4.9,1011.2,1016.1,2.4,3.1,9,5.1,0
2014-12-24 08:27:27,5,62,18.5,69,5,1011.4,1016.3,1.7,2.4,12,5.1,0
2014-12-24 08:32:27,5,62,18.5,69,5.2,1011.5,1016.4,3.7,4.8,12,5.1,0
2014-12-24 08:37:27,5,62,18.5,68,5.4,1011.6,1016.5,2,3.7,12,5.1,0
2014-12-24 08:42:27,5,62,18.5,69,5.3,1011.6,1016.5,2.7,4.8,14,5.1,0
2014-12-24 08:47:27,5,62,18.5,69,5.2,1011.6,1016.5,1.7,3.4,12,5.1,0
2014-12-24 08:52:27,5,62,18.5,69,5.1,1011.7,1016.6,2,2.7,10,5.1,0
2014-12-24 08:57:27,5,62,18.5,71,4.9,1011.9,1016.8,2,2.7,12,5.1,0
2014-12-24 09:02:27,5,62,18.5,71,4.9,1012,1016.9,1,1.7,10,5.1,0
2014-12-24 09:07:27,5,62,18.5,71,4.8,1012.2,1017.1,1.4,2,10,5.1,0
2014-12-24 09:12:27,5,62,18.5,72,4.8,1012.1,1017,1.4,2,15,5.1,0
2014-12-24 09:17:27,5,62,18.5,72,4.8,1012.1,1017,2,3.4,12,5.1,0
2014-12-24 09:22:27,5,62,18.5,72,4.8,1012.1,1017,1.4,2,11,5.1,0
2014-12-24 09:27:27,5,62,18.5,72,4.8,1012.3,1017.2,2.4,3.4,10,5.1,0
2014-12-24 09:32:27,5,62,18.5,71,4.7,1012.4,1017.3,1.7,2.7,12,5.1,0
2014-12-24 09:37:27,5,62,18.5,71,4.7,1012.3,1017.2,1.7,2.4,10,5.1,0
2014-12-24 09:42:27,5,63,18.5,71,4.6,1012.5,1017.4,2.4,3.4,12,5.1,0
2014-12-24 09:47:27,5,63,18.5,71,4.7,1012.5,1017.4,1.4,2,12,5.1,0
2014-12-24 09:52:27,5,62,18.5,71,4.9,1012.6,1017.5,2,3.1,10,5.1,0
2014-12-24 09:57:27,5,62,18.6,69,5,1012.6,1017.5,2.7,4.8,10,5.1,0
2014-12-24 10:02:27,5,62,18.5,69,5.1,1012.7,1017.6,2.4,3.4,10,5.1,0
2014-12-24 10:07:27,5,62,18.5,69,5,1012.7,1017.6,1.7,2.4,10,5.1,0
2014-12-24 10:12:27,5,63,18.5,70,4.9,1012.8,1017.7,1.7,3.1,10,5.1,0
2014-12-24 10:17:27,5,63,18.6,69,5,1012.6,1017.5,1.7,2.7,10,5.1,0
2014-12-24 10:22:27,5,63,18.6,69,5,1012.8,1017.7,2,2.4,12,5.1,0
2014-12-24 10:27:27,5,63,18.6,69,5.1,1013,1017.9,2,2.7,12,5.1,0
2014-12-24 10:32:27,5,63,18.6,69,5.3,1012.9,1017.8,2,3.4,0,5.1,0
2014-12-24 10:37:27,5,63,18.6,69,5.4,1013.2,1018.1,2.4,3.4,14,5.1,0
2014-12-24 10:42:27,5,63,18.6,69,5.5,1013.2,1018.1,1.7,2.7,14,5.1,0
2014-12-24 10:47:27,5,63,18.6,69,5.6,1013.2,1018.1,1.7,2.7,12,5.1,0
2014-12-24 10:52:27,5,63,18.6,69,5.7,1013.3,1018.2,2.4,3.1,12,5.1,0
2014-12-24 10:57:27,5,63,18.7,68,5.8,1013.4,1018.3,3.7,4.4,14,5.1,0
2014-12-24 11:02:27,5,63,18.7,67,5.8,1013.6,1018.5,4.1,5.4,10,5.1,0
2014-12-24 11:07:27,5,63,18.7,66,5.8,1013.6,1018.5,2.4,4.4,13,5.1,0
2014-12-24 11:12:27,5,63,18.7,66,5.8,1013.6,1018.5,2.7,3.7,11,5.1,0
2014-12-24 11:17:27,5,63,18.7,66,5.9,1013.6,1018.5,2.4,3.1,8,5.1,0
2014-12-24 11:22:27,5,63,18.7,65,6.1,1013.6,1018.5,2,3.4,12,5.1,0
2014-12-24 11:27:27,5,63,18.7,65,6.1,1013.5,1018.4,1.7,2.4,14,5.1,0
2014-12-24 11:32:27,5,63,18.7,65,6.2,1013.6,1018.5,2.7,4.1,14,5.1,0
2014-12-24 11:37:27,5,63,18.8,65,6.5,1013.7,1018.6,2.4,3.1,10,5.1,0
2014-12-24 11:42:27,5,63,18.8,65,6.7,1013.7,1018.6,2,3.1,12,5.1,0
2014-12-24 11:47:27,5,63,18.9,65,6.7,1013.7,1018.6,3.7,5.1,10,5.1,0
2014-12-24 11:52:27,5,62,19,66,6.7,1013.7,1018.6,3.7,5.1,10,5.1,0
2014-12-24 11:57:27,5,63,19,65,6.6,1013.6,1018.5,4.1,6.5,10,5.1,0
2014-12-24 12:02:27,5,62,19.1,65,6.6,1013.9,1018.8,4.4,5.4,10,5.1,0
2014-12-24 12:07:27,5,62,19.1,65,6.7,1013.6,1018.5,3.4,5.1,12,5.1,0
2014-12-24 12:12:27,5,62,19.2,64,6.6,1013.5,1018.4,3.7,5.1,10,5.1,0
2014-12-24 12:17:27,5,62,19.2,64,6.3,1013.6,1018.5,3.1,4.8,14,5.1,0
2014-12-24 12:22:27,5,63,19.3,64,6.4,1013.7,1018.6,3.4,5.4,10,5.1,0
2014-12-24 12:27:27,5,63,19.3,64,6.3,1013.7,1018.6,2.4,3.4,14,5.1,0
2014-12-24 12:32:27,5,63,19.4,65,6.4,1013.7,1018.6,3.1,3.7,10,5.1,0
2014-12-24 12:37:27,5,63,19.4,64,6.6,1013.7,1018.6,3.4,5.1,14,5.1,0
2014-12-24 12:42:27,5,63,19.5,64,6.6,1013.9,1018.8,2.4,4.1,10,5.1,0
2014-12-24 12:47:27,5,63,19.6,64,6.7,1013.7,1018.6,2.4,3.1,12,5.1,0
2014-12-24 12:52:27,5,63,19.6,65,6.6,1013.9,1018.8,3.7,7.8,14,5.1,0
2014-12-24 12:57:27,5,63,19.6,65,6.4,1013.9,1018.8,3.7,4.8,12,5.1,0
2014-12-24 13:02:27,5,63,19.6,66,6.3,1013.9,1018.8,3.7,5.4,12,5.1,0
2014-12-24 13:07:27,5,63,19.7,66,6.4,1014.1,1019,4.4,5.1,10,5.1,0
2014-12-24 13:12:27,5,64,19.7,65,6.2,1014,1018.9,2.7,3.4,11,5.1,0
2014-12-24 13:17:27,5,64,19.7,66,6.3,1013.8,1018.7,1.4,2.4,9,5.1,0
2014-12-24 13:22:27,5,64,19.7,66,6.2,1013.8,1018.7,3.1,4.1,12,5.1,0
2014-12-24 13:27:27,5,64,19.8,67,6.2,1013.9,1018.8,2,3.1,12,5.1,0
2014-12-24 13:32:27,5,64,19.8,67,6.6,1013.8,1018.7,1.7,2.7,14,5.1,0
2014-12-24 13:37:27,5,64,19.8,67,6.9,1013.9,1018.8,3.1,6.1,12,5.1,0
2014-12-24 13:42:27,5,64,19.9,66,6.8,1013.9,1018.8,2.7,4.8,10,5.1,0
2014-12-24 13:47:27,5,65,19.9,67,6.9,1013.9,1018.8,3.1,3.7,14,5.1,0
2014-12-24 13:53:27,6,64,20,65,7.1,1013.9,1018.8,3.4,4.4,12,5.1,0
2014-12-24 13:58:27,5,64,20,65,7.2,1013.9,1018.8,2,3.4,12,5.1,0
2014-12-24 14:03:27,5,65,19.9,64,7.3,1014,1018.9,4.4,5.1,8,5.1,0
2014-12-24 14:09:27,6,64,20,64,7.3,1013.9,1018.8,3.1,4.8,8,5.1,0
2014-12-24 14:14:27,5,64,20,64,7.3,1014.2,1019.1,2.7,3.7,12,5.1,0
2014-12-24 14:19:27,5,65,20.1,64,7.4,1014.2,1019.1,2,3.1,12,5.1,0
2014-12-24 14:24:27,5,65,20.1,64,7.2,1014.1,1019,2.4,3.7,12,5.1,0
2014-12-24 14:29:27,5,65,20.2,65,7.4,1014.1,1019,1.7,2.7,8,5.1,0
2014-12-24 14:34:27,5,65,20.3,65,7.5,1014.3,1019.2,2,3.4,10,5.1,0
2014-12-24 14:39:27,5,65,20.3,63,7.1,1014.3,1019.2,3.1,4.1,14,5.1,0
2014-12-24 14:44:27,5,64,20.4,63,6.8,1014.4,1019.3,4.1,4.8,12,5.1,0
2014-12-24 14:49:27,5,63,20.3,64,6.8,1014.6,1019.5,2.7,4.1,10,5.1,0
2014-12-24 14:54:27,5,63,20.3,64,6.8,1014.5,1019.4,2,3.1,12,5.1,0
2014-12-24 14:59:27,5,63,20.3,64,6.6,1014.5,1019.4,2,3.7,12,5.1,0
2014-12-24 15:04:27,5,63,20.3,65,6.3,1014.6,1019.5,2,3.1,10,5.1,0
2014-12-24 15:09:27,5,63,20.3,65,6.2,1014.8,1019.7,2.7,3.7,12,5.1,0
2014-12-24 15:14:27,5,63,20.3,65,6.2,1014.7,1019.6,1.7,2.7,8,5.1,0
2014-12-24 15:19:27,5,63,20.4,66,6.2,1014.6,1019.5,2,2.7,10,5.1,0
2014-12-24 15:24:27,5,63,20.4,66,6.2,1014.9,1019.8,2,3.4,10,5.1,0
2014-12-24 15:29:27,5,63,20.4,66,6.2,1015,1019.9,1.7,2.4,12,5.1,0
2014-12-24 15:34:27,5,63,20.4,66,6,1014.8,1019.7,1.7,2.4,14,5.1,0
2014-12-24 15:39:27,5,63,20.3,67,6,1015.1,1020,2,2.7,0,5.1,0
2014-12-24 15:45:27,6,62,20.3,67,6.2,1015.3,1020.2,2.7,4.4,10,5.1,0
2014-12-24 15:50:27,5,62,20.3,68,6.3,1015.3,1020.2,2,3.4,12,5.1,0
2014-12-24 15:55:27,5,62,20.3,68,6.2,1015.3,1020.2,2.4,3.1,12,5.1,0
2014-12-24 16:01:27,6,62,20.3,68,6.1,1015.4,1020.3,2.7,3.4,8,5.1,0
2014-12-24 16:06:27,5,63,20.3,68,6,1015.4,1020.3,2.4,2.7,10,5.1,0
2014-12-24 16:11:27,5,63,20.3,69,5.9,1015.4,1020.3,2.4,3.1,12,5.1,0
2014-12-24 16:17:27,6,63,20.3,69,5.8,1015.5,1020.4,3.1,4.4,0,5.1,0
2014-12-24 16:22:27,5,63,20.3,68,5.8,1015.5,1020.4,2.4,3.4,12,5.1,0
2014-12-24 16:27:27,5,63,20.2,68,5.8,1015.5,1020.4,2.7,4.1,12,5.1,0
2014-12-24 16:33:27,6,64,20.3,68,5.8,1015.3,1020.2,2.4,4.1,12,5.1,0
2014-12-24 16:38:27,5,64,20.2,68,5.8,1015.6,1020.5,2.7,3.7,0,5.1,0
2014-12-24 16:43:27,5,64,20.2,68,5.8,1015.6,1020.5,2.4,3.1,12,5.1,0
2014-12-24 16:49:27,6,64,20.2,68,5.6,1015.7,1020.6,2.7,3.7,10,5.1,0
2014-12-24 16:54:27,5,64,20.2,69,5.6,1015.6,1020.5,1.7,2,12,5.1,0
2014-12-24 16:59:27,5,64,20.2,69,5.5,1015.8,1020.7,2,3.4,10,5.1,0
2014-12-24 17:05:27,6,64,20.2,70,5.5,1015.8,1020.7,2.4,3.1,12,5.1,0
2014-12-24 17:10:27,5,64,20.2,71,5.5,1016,1020.9,2,3.1,12,5.1,0
2014-12-24 17:15:27,5,64,20.2,71,5.5,1016,1020.9,2,3.1,10,5.1,0
2014-12-24 17:21:27,6,63,20.2,72,5.5,1016,1020.9,2,3.1,12,5.1,0
2014-12-24 17:26:27,5,62,20.1,72,5.4,1016.1,1021,2,2.7,12,5.1,0
2014-12-24 17:31:27,5,62,20.1,72,5.3,1016,1020.9,1.7,3.4,14,5.1,0
2014-12-24 17:37:27,6,62,20.1,72,5.2,1016.3,1021.2,2,3.1,12,5.1,0
2014-12-24 17:42:27,5,62,20.1,72,5.3,1016.3,1021.2,2,2.7,12,5.1,0
2014-12-24 17:47:27,5,62,20,72,5.2,1016.3,1021.2,1.4,2.4,10,5.1,0
2014-12-24 17:53:27,6,62,20,72,5.2,1016.4,1021.3,1.7,2.4,12,5.1,0
2014-12-24 17:58:27,5,62,20,72,5.2,1016.4,1021.3,2,3.1,10,5.1,0
2014-12-24 18:03:27,5,62,20,72,5.2,1016.6,1021.5,1.4,2,10,5.1,0
2014-12-24 18:09:27,6,63,19.9,72,5.2,1016.5,1021.4,1.7,2.4,10,5.1,0
2014-12-24 18:14:27,5,63,19.9,72,5.2,1016.7,1021.6,1,1.4,10,5.1,0
2014-12-24 18:19:27,5,63,19.9,73,5.1,1016.7,1021.6,1.4,2,12,5.1,0
2014-12-24 18:25:27,6,63,19.9,73,5.1,1016.8,1021.7,1.4,2,10,5.1,0
2014-12-24 18:30:27,5,63,19.8,73,5.1,1016.7,1021.6,2,2.7,12,5.1,0
2014-12-24 18:35:27,5,63,19.8,73,5.2,1016.8,1021.7,1.7,3.1,12,5.1,0
2014-12-24 18:41:27,6,63,19.8,73,5.3,1017,1021.9,2,3.1,8,5.1,0
2014-12-24 18:46:27,5,63,19.8,72,5.3,1017.1,1022,2,3.4,10,5.1,0
2014-12-24 18:51:27,5,62,19.8,72,5.3,1017.1,1022,2,3.4,10,5.1,0
2014-12-24 18:57:27,6,62,19.8,71,5.3,1017,1021.9,1.7,2.4,12,5.1,0
2014-12-24 19:02:27,5,62,19.7,71,5.2,1017.2,1022.1,1.4,2,10,5.1,0
2014-12-24 19:07:27,5,62,19.7,71,5.1,1017.3,1022.2,1.7,2.4,10,5.1,0
2014-12-24 19:13:27,6,62,19.7,71,5.1,1017.4,1022.3,2,2.7,12,5.1,0
2014-12-24 19:18:27,5,62,19.7,71,5.2,1017.4,1022.3,2,3.4,12,5.1,0
2014-12-24 19:23:27,5,62,19.7,72,5.1,1017.5,1022.4,1.7,2.4,11,5.1,0
2014-12-24 19:29:27,6,62,19.7,72,5.2,1017.5,1022.4,1.7,2.7,10,5.1,0
2014-12-24 19:34:27,5,62,19.6,72,5.2,1017.6,1022.5,1.7,2.4,12,5.1,0
2014-12-24 19:39:27,5,62,19.6,72,5.2,1017.6,1022.5,1.4,2,10,5.1,0
2014-12-24 19:45:27,6,62,19.6,72,5.1,1017.7,1022.6,1.4,2,8,5.1,0
2014-12-24 19:50:27,5,62,19.7,73,5,1017.9,1022.8,1,1.4,10,5.1,0
2014-12-24 19:55:27,5,63,19.7,74,4.9,1017.9,1022.8,1.7,2.4,12,5.1,0
2014-12-24 20:01:27,6,64,19.7,73,5,1018.1,1023,1.4,2.4,12,5.1,0
2014-12-24 20:06:27,5,66,19.8,73,5.1,1017.9,1022.8,2,2.7,12,5.1,0
2014-12-24 20:11:27,5,67,19.8,73,5.2,1018.2,1023.1,2,3.1,12,5.1,0
2014-12-24 20:17:27,6,70,19.9,73,5.2,1018.2,1023.1,1,2.4,9,5.1,0
2014-12-24 20:22:27,5,70,20,73,5.2,1018.2,1023.1,1,1.7,10,5.1,0
2014-12-24 20:27:27,5,70,20,72,5.1,1018.2,1023.1,1.4,2,10,5.1,0
2014-12-24 20:33:27,6,70,20,72,5,1018.2,1023.1,1.4,2,12,5.1,0
2014-12-24 20:38:27,5,70,20.1,73,4.9,1018.4,1023.3,0.7,1.7,10,5.1,0
2014-12-24 20:43:27,5,70,20.1,73,4.7,1018.4,1023.3,1,1.7,12,5.1,0
2014-12-24 20:49:27,6,70,20.1,73,4.6,1018.5,1023.4,0.7,1.4,10,5.1,0
2014-12-24 20:54:27,5,70,20.1,73,4.5,1018.5,1023.4,1,1.7,12,5.1,0
2014-12-24 20:59:27,5,69,20.1,73,4.5,1018.6,1023.5,1,1.7,10,5.1,0
2014-12-24 21:05:27,6,69,20.1,72,4.5,1018.7,1023.6,1,1.4,12,5.1,0
2014-12-24 21:10:27,5,69,20.1,72,4.4,1018.7,1023.6,1,1.7,12,5.1,0
2014-12-24 21:15:27,5,68,20.1,73,4.4,1018.8,1023.7,1.4,1.7,12,5.1,0
2014-12-24 21:21:27,6,67,20.1,73,4.4,1018.8,1023.7,1.4,1.7,14,5.1,0
2014-12-24 21:26:27,5,67,20.1,72,4.4,1019,1023.9,1,2,10,5.1,0
2014-12-24 21:31:27,5,67,20.1,72,4.2,1019,1023.9,2.4,3.4,12,5.1,0
2014-12-24 21:37:27,6,67,20.1,72,4.5,1019,1023.9,2.4,3.4,12,5.1,0
2014-12-24 21:42:27,5,67,20.1,72,4.6,1019,1023.9,2,2.7,10,5.1,0
2014-12-24 21:47:27,5,67,20.2,72,4.6,1019.1,1024,1.4,2,12,5.1,0
2014-12-24 21:53:27,6,66,20.2,71,4.5,1019,1023.9,0.7,1.4,10,5.1,0
2014-12-24 21:58:27,5,66,20.2,71,4.4,1019.1,1024,0.7,1.4,10,5.1,0
2014-12-24 22:03:27,5,66,20.2,71,4,1019.1,1024,0.7,1,12,5.1,0
2014-12-24 22:09:27,6,66,20.1,73,3.5,1019,1023.9,0.7,1,10,5.1,0
2014-12-24 22:14:27,5,66,20.1,73,3.3,1019.1,1024,0.3,1,10,5.1,0
2014-12-24 22:19:27,5,66,20.1,74,3.1,1019.1,1024,0.7,1,14,5.1,0
2014-12-24 22:25:27,6,65,20.1,71,2.9,1019.2,1024.1,0.7,1.4,10,5.1,0
2014-12-24 22:30:27,5,65,20.1,71,2.8,1019.2,1024.1,0.7,1.4,10,5.1,0
2014-12-24 22:35:27,5,65,20,71,2.7,1019.2,1024.1,1,1.7,10,5.1,0
2014-12-24 22:41:27,6,65,20,72,2.9,1019.2,1024.1,1,1.7,10,5.1,0
2014-12-24 22:46:27,5,65,20,76,3,1019.2,1024.1,1.4,2,12,5.1,0
2014-12-24 22:51:27,5,65,20,76,3.2,1019.4,1024.3,1.7,2,13,5.1,0
2014-12-24 22:57:27,6,65,20,76,3.5,1019.5,1024.4,1,1.4,12,5.1,0
2014-12-24 23:02:27,5,65,20,76,3.5,1019.6,1024.5,0.7,1.4,10,5.1,0
2014-12-24 23:07:27,5,66,19.9,76,3.5,1019.4,1024.3,1.4,2.7,10,5.1,0
2014-12-24 23:13:27,6,66,19.9,76,3.4,1019.6,1024.5,1,1.7,10,5.1,0
2014-12-24 23:18:27,5,66,19.9,76,3.3,1019.6,1024.5,0.7,1.7,8,5.1,0
2014-12-24 23:23:27,5,66,19.9,76,3.3,1019.6,1024.5,1,1.7,10,5.1,0
2014-12-24 23:29:27,6,66,19.9,76,3.4,1019.7,1024.6,1,1.7,10,5.1,0
2014-12-24 23:34:27,5,66,19.9,76,3.5,1019.8,1024.7,1,1.7,14,5.1,0
2014-12-24 23:39:27,5,66,19.8,76,3.5,1019.9,1024.8,0.7,1.4,10,5.1,0
2014-12-24 23:45:27,6,66,19.9,76,3.2,1019.8,1024.7,0.7,1,10,5.1,0
2014-12-24 23:50:27,5,66,19.8,76,3,1019.9,1024.8,0.3,0.7,10,5.1,0
2014-12-24 23:55:27,5,66,19.8,72,2.9,1020,1024.9,0.7,1.4,10,5.1,0
