2019-10-15 00:03:23,5,64,20,91,11.9,999,1003.9,0,0,10,791.1,0
2019-10-15 00:08:23,5,64,20,91,11.9,998.9,1003.8,0,0,10,791.1,0
2019-10-15 00:13:23,5,64,20,91,11.9,998.9,1003.8,0,0,10,791.1,0
2019-10-15 00:18:23,5,64,20,91,11.9,999,1003.9,0,0,14,791.1,0
2019-10-15 00:23:23,5,64,20,91,11.9,999,1003.9,0,0,14,791.1,0
2019-10-15 00:28:23,5,64,20,91,11.8,999,1003.9,0,0,10,791.1,0
2019-10-15 00:33:23,5,64,20,91,11.8,999,1003.9,0,0,10,791.1,0
2019-10-15 00:38:23,5,65,19.9,91,11.7,999,1003.9,0,0,10,791.1,0
2019-10-15 00:43:23,5,65,19.9,91,11.6,998.9,1003.8,0,0,11,791.1,0
2019-10-15 00:48:23,5,65,19.9,91,11.5,998.7,1003.6,0,0,12,791.1,0
2019-10-15 00:53:23,5,65,19.9,91,11.4,998.7,1003.6,0,0,10,791.1,0
2019-10-15 00:58:23,5,65,19.9,91,11.4,998.8,1003.7,0,0,10,791.1,0
2019-10-15 01:03:23,5,65,19.9,91,11.3,998.8,1003.7,0,0,8,791.1,0
2019-10-15 01:08:23,5,65,19.9,91,11.3,998.8,1003.7,0,0,10,791.1,0
2019-10-15 01:13:23,5,65,19.9,91,11.2,998.8,1003.7,0,0,10,791.1,0
2019-10-15 01:18:23,5,65,19.9,91,11,998.6,1003.5,0,0,10,791.1,0
2019-10-15 01:23:23,5,65,19.9,90,10.9,998.7,1003.6,0,0,10,791.1,0
2019-10-15 01:28:23,5,65,19.9,90,10.7,998.7,1003.6,0,0,10,791.1,0
2019-10-15 01:33:23,5,65,19.8,90,10.6,998.6,1003.5,0,0,10,791.1,0
2019-10-15 01:38:23,5,65,19.8,90,10.6,998.6,1003.5,0,0,10,791.1,0
2019-10-15 01:43:23,5,65,19.8,90,10.5,998.6,1003.5,0,0,10,791.1,0
2019-10-15 01:48:23,5,65,19.8,90,10.5,998.5,1003.4,0,0,10,791.1,0
2019-10-15 01:53:23,5,65,19.8,90,10.5,998.5,1003.4,0,0,14,791.1,0
2019-10-15 01:58:23,5,65,19.8,90,10.5,998.5,1003.4,0,0,10,791.1,0
2019-10-15 02:03:23,5,65,19.8,90,10.5,998.5,1003.4,0,0,10,791.1,0
2019-10-15 02:08:23,5,65,19.8,90,10.5,998.4,1003.3,0,0,10,791.1,0
2019-10-15 02:13:23,5,65,19.8,90,10.5,998.5,1003.4,0,0,8,791.1,0
2019-10-15 02:18:23,5,65,19.8,90,10.6,998.4,1003.3,0,0,8,791.1,0
2019-10-15 02:23:23,5,65,19.8,90,10.6,998.4,1003.3,0,0,13,791.1,0
2019-10-15 02:28:23,5,65,19.7,90,10.5,998.4,1003.3,0,0,10,791.1,0
2019-10-15 02:33:23,5,65,19.7,90,10.5,998.4,1003.3,0,0,10,791.1,0
2019-10-15 02:38:23,5,65,19.8,90,10.5,998.3,1003.2,0,0,10,791.1,0
2019-10-15 02:43:23,5,65,19.8,90,10.3,998.4,1003.3,0,0,10,791.1,0
2019-10-15 02:48:23,5,65,19.8,90,10.1,998.3,1003.2,0,0,10,791.1,0
2019-10-15 02:53:23,5,65,19.7,90,10,998.3,1003.2,0,0,11,791.1,0
2019-10-15 02:58:23,5,65,19.7,90,10,998.3,1003.2,0,0,10,791.1,0
2019-10-15 03:03:23,5,65,19.7,90,10.1,998.4,1003.3,0,0,8,791.1,0
2019-10-15 03:08:23,5,65,19.7,90,10.1,998.3,1003.2,0,0,11,791.1,0
2019-10-15 03:13:23,5,65,19.7,90,10.2,998.3,1003.2,0,0,11,791.1,0
2019-10-15 03:18:23,5,65,19.7,90,10.2,998.3,1003.2,0,0,11,791.1,0
2019-10-15 03:23:23,5,65,19.7,90,10.2,998.1,1003,0,0,10,791.1,0
2019-10-15 03:28:23,5,65,19.7,90,10.2,998.2,1003.1,0,0,14,791.1,0
2019-10-15 03:33:23,5,65,19.7,90,10.2,998.3,1003.2,0,0,12,791.1,0
2019-10-15 03:38:23,5,65,19.7,90,10.1,998.3,1003.2,0,0,10,791.1,0
2019-10-15 03:43:23,5,65,19.7,90,10.1,998.3,1003.2,0,0,11,791.1,0
2019-10-15 03:48:23,5,65,19.7,90,10,998.4,1003.3,0,0,11,791.1,0
2019-10-15 03:53:23,5,65,19.7,90,10,998.5,1003.4,0,0,10,791.1,0
2019-10-15 03:58:23,5,65,19.7,90,10,998.5,1003.4,0,0,10,791.1,0
2019-10-15 04:03:23,5,65,19.7,90,10,998.7,1003.6,0,0,10,791.1,0
2019-10-15 04:08:23,5,65,19.6,90,10,998.6,1003.5,0,0,11,791.1,0
2019-10-15 04:13:23,5,65,19.7,90,10,998.7,1003.6,0,0,10,791.1,0
2019-10-15 04:18:23,5,65,19.7,90,10,998.7,1003.6,0,0,10,791.1,0
2019-10-15 04:23:23,5,65,19.6,90,10.1,998.6,1003.5,0,0,10,791.1,0
2019-10-15 04:28:23,5,65,19.6,90,10.1,998.7,1003.6,0,0,10,791.1,0
2019-10-15 04:33:23,5,65,19.6,90,10.1,998.7,1003.6,0,0,10,791.1,0
2019-10-15 04:38:23,5,65,19.6,90,10.1,998.8,1003.7,0,0,14,791.1,0
2019-10-15 04:43:23,5,65,19.6,90,10.1,998.6,1003.5,0,0,14,791.1,0
2019-10-15 04:48:23,5,65,19.6,90,10,998.6,1003.5,0,0,0,791.1,0
2019-10-15 04:53:23,5,65,19.6,90,10,998.7,1003.6,0,0,0,791.1,0
2019-10-15 04:58:23,5,65,19.6,90,10,998.6,1003.5,0,0,15,791.1,0
2019-10-15 05:03:23,5,64,19.6,90,10,998.8,1003.7,0,0,15,791.1,0
2019-10-15 05:08:23,5,64,19.5,90,10,998.8,1003.7,0,0,15,791.1,0
2019-10-15 05:13:23,5,64,19.5,90,10,998.7,1003.6,0,0,4,791.1,0
2019-10-15 05:18:23,5,64,19.5,90,10,998.8,1003.7,0,0,10,791.1,0
2019-10-15 05:23:23,5,64,19.5,90,10,998.9,1003.8,0,0,11,791.1,0
2019-10-15 05:28:23,5,64,19.5,90,10,998.8,1003.7,0,0,12,791.1,0
2019-10-15 05:33:23,5,64,19.5,90,10,998.8,1003.7,0,0,8,791.1,0
2019-10-15 05:38:23,5,64,19.5,90,9.9,998.7,1003.6,0,0,14,791.1,0
2019-10-15 05:43:23,5,64,19.5,90,9.9,998.7,1003.6,0,0,11,791.1,0
2019-10-15 05:48:24,5,64,19.5,90,9.9,998.7,1003.6,0,0,11,791.1,0
2019-10-15 05:53:22,5,64,19.5,90,9.9,998.6,1003.5,0,0,8,791.1,0
2019-10-15 05:58:22,5,64,19.5,90,9.8,998.6,1003.5,0,0,10,791.1,0
2019-10-15 06:03:22,5,64,19.5,90,9.8,998.3,1003.2,0,0,11,791.1,0
2019-10-15 06:08:22,5,64,19.5,90,9.7,998.4,1003.3,0,0,11,791.1,0
2019-10-15 06:13:22,5,64,19.5,90,9.7,998.3,1003.2,0,0,4,791.1,0
2019-10-15 06:18:22,5,64,19.5,90,9.6,998.2,1003.1,0,0,12,791.1,0
2019-10-15 06:23:22,5,64,19.5,90,9.5,998.2,1003.1,0,0,8,791.1,0
2019-10-15 06:28:22,5,64,19.5,90,9.4,998.2,1003.1,0,0,8,791.1,0
2019-10-15 06:33:22,5,64,19.5,90,9.3,998.2,1003.1,0,0,8,791.1,0
2019-10-15 06:38:22,5,64,19.5,90,9.2,998.2,1003.1,0,0,10,791.1,0
2019-10-15 06:43:22,5,64,19.5,90,9.2,998.2,1003.1,0,0,10,791.1,0
2019-10-15 06:48:22,5,64,19.5,90,9,998.2,1003.1,0,0,8,791.1,0
2019-10-15 06:53:22,5,64,19.4,90,8.9,998.2,1003.1,0,0,10,791.1,0
2019-10-15 06:58:22,5,64,19.5,90,8.7,998.1,1003,0,0,4,791.1,0
2019-10-15 07:03:22,5,64,19.5,90,8.6,998.2,1003.1,0,0,8,791.1,0
2019-10-15 07:08:22,5,64,19.5,90,8.6,998.2,1003.1,0,0,8,791.1,0
2019-10-15 07:13:22,5,63,19.5,90,8.6,998.1,1003,0,0,10,791.1,0
2019-10-15 07:18:22,5,64,19.4,90,8.5,998.1,1003,0,0,10,791.1,0
2019-10-15 07:23:22,5,64,19.4,90,8.5,998.1,1003,0,0,10,791.1,0
2019-10-15 07:28:22,5,64,19.4,90,8.6,998.2,1003.1,0,0,10,791.1,0
2019-10-15 07:33:22,5,65,19.4,90,8.9,998.1,1003,0,0,10,791.1,0
2019-10-15 07:38:22,5,65,19.4,90,9.2,998.1,1003,0,0,4,791.1,0
2019-10-15 07:43:22,5,65,19.4,90,9.3,998,1002.9,0,0,15,791.1,0
2019-10-15 07:48:22,5,65,19.4,90,9.6,998,1002.9,0,0,12,791.1,0
2019-10-15 07:53:22,5,65,19.4,90,9.8,998.1,1003,0,0,13,791.1,0
2019-10-15 07:58:22,5,65,19.4,90,10.3,998,1002.9,0,0,4,791.4,0
2019-10-15 08:03:22,5,65,19.4,90,10.5,997.9,1002.8,0,0,14,791.4,0
2019-10-15 08:08:22,5,65,19.5,90,10.7,997.9,1002.8,0,0,8,791.4,0
2019-10-15 08:13:22,5,63,19.4,90,10.8,998,1002.9,0,0,10,791.4,0
2019-10-15 08:18:22,5,59,19.4,90,10.8,997.8,1002.7,0,0,10,791.4,0
2019-10-15 08:23:22,5,62,19.4,89,11,997.9,1002.8,0,0,4,791.4,0
2019-10-15 08:28:22,5,63,19.4,88,11.2,997.9,1002.8,0,0,10,791.4,0
2019-10-15 08:33:22,5,63,19.4,86,11.3,998,1002.9,0,0,4,791.4,0
2019-10-15 08:38:22,5,63,19.4,85,11.3,997.9,1002.8,0,0,12,791.4,0
2019-10-15 08:43:22,5,63,19.4,84,11,997.8,1002.7,0,0,1,791.4,0
2019-10-15 08:48:22,5,63,19.4,83,11.1,997.7,1002.6,0,0,2,791.4,0
2019-10-15 08:53:22,5,64,19.5,82,11.3,997.8,1002.7,0,0,4,791.4,0
2019-10-15 08:58:22,5,64,19.4,81,11.6,997.7,1002.6,0,0,8,791.4,0
2019-10-15 09:03:22,5,64,19.5,81,11.9,997.7,1002.6,0,0,4,791.4,0
2019-10-15 09:08:22,5,64,19.5,80,12.2,997.7,1002.6,0,0,8,791.4,0
2019-10-15 09:13:22,5,64,19.5,79,12.1,997.5,1002.4,0,0,14,791.4,0
2019-10-15 09:18:22,5,64,19.5,77,11.7,997.5,1002.4,0,0,2,791.4,0
2019-10-15 09:23:22,5,64,19.5,77,11.7,997.5,1002.4,0,0,14,791.4,0
2019-10-15 09:28:22,5,64,19.5,76,11.7,997.2,1002.1,0,0,8,791.4,0
2019-10-15 09:33:22,5,64,19.6,76,11.7,997.2,1002.1,0,0,4,791.4,0
2019-10-15 09:38:22,5,64,19.6,75,11.9,997.2,1002.1,0,0,14,791.4,0
2019-10-15 09:43:22,5,64,19.6,75,12.2,997.4,1002.3,0,0,8,791.4,0
2019-10-15 09:48:22,5,64,19.7,72,12.6,997.3,1002.2,0,0,8,791.4,0
2019-10-15 09:53:22,5,64,19.6,72,12.6,997.3,1002.2,0,0.3,,791.4,0
2019-10-15 09:58:22,5,64,19.7,73,12.4,997.2,1002.1,0.3,0.7,4,791.4,0
2019-10-15 10:03:22,5,64,19.6,70,12.6,997.3,1002.2,0.7,1,4,791.4,0
2019-10-15 10:08:22,5,64,19.6,70,12.5,997.2,1002.1,0.7,1.4,10,791.4,0
2019-10-15 10:13:22,5,64,19.6,70,12.5,997.2,1002.1,0.7,1,4,791.4,0
2019-10-15 10:18:22,5,64,19.7,72,12.2,997.2,1002.1,1,1.7,10,791.4,0
2019-10-15 10:23:22,5,64,19.6,72,12.2,997.1,1002,1.4,2,,791.4,0
2019-10-15 10:28:22,5,64,19.7,72,12.3,996.9,1001.8,1.7,2,8,791.4,0
2019-10-15 10:33:22,5,64,19.7,71,12.7,997,1001.9,1,1.7,15,791.4,0
2019-10-15 10:38:22,5,64,19.7,70,13.3,996.9,1001.8,1,2,8,791.4,0
2019-10-15 10:43:22,5,64,19.8,68,13.4,996.9,1001.8,1.4,2.4,11,791.4,0
2019-10-15 10:48:22,5,65,19.8,67,13.2,996.9,1001.8,1.7,2.7,,791.4,0
2019-10-15 10:53:22,5,63,19.8,65,12.6,996.6,1001.5,1,1.7,12,791.4,0
2019-10-15 10:58:22,5,60,19.7,68,12.6,996.7,1001.6,1,1.4,12,791.4,0
2019-10-15 11:03:22,5,57,19.7,68,12.5,996.6,1001.5,1.7,3.1,8,791.4,0
2019-10-15 11:08:22,5,55,19.7,71,12.2,996.5,1001.4,1.7,2.7,8,791.4,0
2019-10-15 11:13:22,5,58,19.6,71,12,996.5,1001.4,1.4,2.4,8,791.4,0
2019-10-15 11:18:22,5,59,19.5,72,12.1,996.5,1001.4,1.4,1.7,10,791.4,0
2019-10-15 11:23:22,5,58,19.5,72,12.3,996.4,1001.3,1.7,2.4,2,791.4,0
2019-10-15 11:28:22,5,59,19.4,71,12.3,996.3,1001.2,2,3.1,10,791.4,0
2019-10-15 11:33:22,5,61,19.5,70,12.6,996.2,1001.1,1.4,2,0,791.4,0
2019-10-15 11:38:22,5,61,19.5,69,12.8,996.2,1001.1,1.7,2.4,10,791.4,0
2019-10-15 11:43:22,5,61,19.6,68,13.2,996.2,1001.1,2.7,4.1,10,791.4,0
2019-10-15 11:48:22,5,62,19.5,68,13.2,996.1,1001,1.7,2,10,791.4,0
2019-10-15 11:53:22,5,62,19.6,68,13,996,1000.9,2,2.7,,791.4,0
2019-10-15 11:58:22,5,62,19.6,68,13,995.9,1000.8,1.7,2,,791.4,0
2019-10-15 12:03:22,5,62,19.6,68,13,995.9,1000.8,1.7,2.7,10,791.4,0
2019-10-15 12:08:22,5,62,19.7,69,12.9,995.8,1000.7,2,2.7,10,791.4,0
2019-10-15 12:13:22,5,62,19.6,69,12.7,995.8,1000.7,3.4,5.8,10,791.4,0
2019-10-15 12:18:22,5,62,19.7,70,12.7,995.7,1000.6,1.4,2,8,791.4,0
2019-10-15 12:23:22,5,62,19.7,70,12.7,995.6,1000.5,2,2.7,8,791.4,0
2019-10-15 12:28:22,5,62,19.7,70,12.6,995.7,1000.6,1.4,1.7,8,791.4,0
2019-10-15 12:33:22,5,62,19.7,70,12.8,995.5,1000.4,1.4,2.4,2,791.4,0
2019-10-15 12:38:22,5,62,19.7,70,12.7,995.3,1000.2,1,1.4,10,791.4,0
2019-10-15 12:43:22,5,63,19.8,70,12.7,995.4,1000.3,2.7,3.7,14,791.4,0
2019-10-15 12:48:22,5,63,19.8,70,12.7,995.4,1000.3,1.4,2,10,791.4,0
2019-10-15 12:53:22,5,63,19.8,71,12.8,995.2,1000.1,3.1,3.7,4,791.4,0
2019-10-15 12:58:22,5,63,19.8,70,12.7,995.1,1000,2.4,3.4,14,791.4,0
2019-10-15 13:03:22,5,63,19.8,71,12.7,995,999.9,3.7,5.1,14,791.4,0
2019-10-15 13:08:22,5,63,19.8,71,12.6,995.1,1000,1.7,2.7,4,791.4,0
2019-10-15 13:13:22,5,63,19.8,71,12.7,995,999.9,2,2.7,4,791.4,0
2019-10-15 13:18:22,5,63,19.9,71,12.7,995,999.9,1.7,2.7,10,791.4,0
2019-10-15 13:23:22,5,63,19.9,71,12.7,994.8,999.7,1.7,2.4,14,791.4,0
2019-10-15 13:28:22,5,63,19.9,72,12.7,994.9,999.8,3.4,4.4,4,791.4,0
2019-10-15 13:33:22,5,63,19.9,72,12.6,994.7,999.6,3.1,4.8,10,791.4,0
2019-10-15 13:38:22,5,63,19.9,72,12.6,994.7,999.6,3.4,4.4,4,791.4,0
2019-10-15 13:43:22,5,63,19.8,72,12.6,994.8,999.7,3.1,5.4,10,791.4,0
2019-10-15 13:48:22,5,63,19.9,72,12.6,994.7,999.6,3.1,4.1,13,791.4,0
2019-10-15 13:53:22,5,63,19.9,72,12.6,994.5,999.4,4.4,5.8,,791.4,0
2019-10-15 13:58:22,5,63,19.9,72,12.5,994.4,999.3,4.4,5.1,4,791.4,0
2019-10-15 14:03:22,5,63,19.9,72,12.5,994.3,999.2,3.7,4.4,4,791.4,0
2019-10-15 14:08:22,5,63,19.9,73,12.6,994.3,999.2,3.7,4.8,,791.4,0
2019-10-15 14:13:22,5,63,19.9,73,12.7,994.3,999.2,2.7,4.1,4,791.4,0
2019-10-15 14:18:22,5,63,19.8,73,12.8,994.1,999,4.4,5.4,4,791.4,0
2019-10-15 14:23:22,5,63,19.9,73,12.8,994.1,999,4.1,5.8,4,791.4,0
2019-10-15 14:28:22,5,63,19.9,73,12.9,994,998.9,4.8,5.8,,791.4,0
2019-10-15 14:33:22,5,63,19.9,73,12.9,993.9,998.8,4.8,6.1,4,791.4,0
2019-10-15 14:38:22,5,63,19.9,73,12.9,993.9,998.8,5.4,7.1,4,791.4,0
2019-10-15 14:43:22,5,63,19.9,73,13,993.7,998.6,5.1,7.1,4,791.4,0
2019-10-15 14:48:22,5,63,19.9,73,13,993.6,998.5,5.4,6.5,0,791.4,0
2019-10-15 14:53:22,5,63,19.9,73,13.1,993.6,998.5,2.7,4.4,2,791.4,0
2019-10-15 14:58:22,5,63,19.9,73,13.1,993.3,998.2,4.4,6.1,4,791.4,0
2019-10-15 15:03:22,5,63,19.9,73,13.1,993.3,998.2,5.8,6.8,8,791.4,0
2019-10-15 15:08:22,5,63,19.9,73,13.2,993.2,998.1,5.1,6.8,,791.4,0
2019-10-15 15:13:22,5,63,19.9,73,13.2,993.1,998,4.1,6.1,8,791.4,0
2019-10-15 15:18:22,5,63,19.9,73,13.3,993.1,998,3.4,3.7,,791.4,0
2019-10-15 15:23:22,5,63,19.9,73,13.3,993.2,998.1,3.7,4.8,4,791.4,0
2019-10-15 15:28:22,5,63,19.9,73,13.4,993.1,998,4.1,5.4,4,791.4,0
2019-10-15 15:33:22,5,63,19.9,72,13.4,993.1,998,2.7,3.7,4,791.4,0
2019-10-15 15:38:22,5,63,19.9,73,13.4,992.6,997.5,3.4,4.4,8,791.4,0
2019-10-15 15:43:22,5,63,19.9,73,13.4,992.8,997.7,3.1,4.1,2,791.4,0
2019-10-15 15:48:22,5,63,19.8,73,13.4,992.5,997.4,3.1,5.1,4,791.4,0
2019-10-15 15:53:22,5,63,19.9,73,13.4,992.6,997.5,2,3.4,,791.4,0
2019-10-15 15:58:22,5,63,19.9,73,13.4,992.5,997.4,3.1,5.1,10,791.4,0
2019-10-15 16:03:22,5,63,19.9,73,13.4,992.4,997.3,4.4,5.4,,791.4,0
2019-10-15 16:08:22,5,63,19.9,73,13.5,992.3,997.2,3.1,4.1,2,791.4,0
2019-10-15 16:13:22,5,63,19.9,73,13.5,992.3,997.2,2.7,3.7,,791.4,0
2019-10-15 16:18:22,5,63,19.8,73,13.5,992.1,997,3.4,4.8,4,791.4,0
2019-10-15 16:23:22,5,63,19.8,73,13.5,991.9,996.8,4.1,5.4,12,791.4,0
2019-10-15 16:28:22,5,63,19.8,73,13.6,991.9,996.8,3.7,4.8,10,791.4,0
2019-10-15 16:33:22,5,63,19.9,73,13.5,992,996.9,4.4,5.8,4,791.4,0
2019-10-15 16:38:22,5,63,19.8,72,13.5,992,996.9,4.1,6.1,4,791.4,0
2019-10-15 16:43:22,5,63,19.8,73,13.4,991.9,996.8,4.8,5.8,4,791.4,0
2019-10-15 16:48:22,5,62,19.8,73,13.4,991.8,996.7,5.1,7.5,4,791.4,0
2019-10-15 16:53:22,5,62,19.8,73,13.4,991.7,996.6,5.1,6.8,4,791.4,0
2019-10-15 16:58:22,5,62,19.8,73,13.3,991.6,996.5,5.8,7.8,0,791.4,0
2019-10-15 17:03:22,5,62,19.7,73,13.3,991.7,996.6,3.7,5.4,,791.4,0
2019-10-15 17:08:22,5,62,19.8,73,13.2,991.5,996.4,4.8,6.1,,791.4,0
2019-10-15 17:13:22,5,62,19.8,73,13.2,991.5,996.4,5.1,6.1,4,791.4,0
2019-10-15 17:18:22,5,62,19.7,73,13.2,991.5,996.4,4.4,5.4,4,791.4,0
2019-10-15 17:23:22,5,62,19.7,73,13.2,991.3,996.2,4.8,6.8,4,791.4,0
2019-10-15 17:28:22,5,63,19.7,73,13.2,991.1,996,4.4,5.8,4,791.4,0
2019-10-15 17:33:22,5,63,19.7,73,13.2,991.2,996.1,5.4,7.1,4,791.4,0
2019-10-15 17:38:22,5,63,19.7,74,13.1,991.1,996,4.4,5.8,4,791.4,0
2019-10-15 17:43:22,5,63,19.7,75,13,991.1,996,4.8,7.5,2,791.4,0
2019-10-15 17:48:22,5,63,19.7,76,12.8,991.1,996,2,3.4,4,791.4,0
2019-10-15 17:53:22,5,64,19.6,77,12.7,991,995.9,0,0.3,4,791.4,0
2019-10-15 17:58:22,5,64,19.6,78,12.6,991.1,996,0,0,4,791.4,0
2019-10-15 18:03:22,5,64,19.6,79,12.6,991,995.9,0,0,,791.4,0
2019-10-15 18:08:22,5,64,19.6,79,12.5,990.8,995.7,0,0,4,791.4,0
2019-10-15 18:13:22,5,64,19.7,82,12.4,990.9,995.8,0,0,4,791.4,0
2019-10-15 18:18:22,5,64,19.7,83,12.3,990.8,995.7,0,0,11,791.4,0
2019-10-15 18:23:22,5,65,19.7,84,12.3,990.8,995.7,0,0,4,791.4,0
2019-10-15 18:28:22,5,65,19.7,84,12.3,990.6,995.5,0,0,4,791.4,0
2019-10-15 18:33:22,5,64,19.7,84,12.3,990.5,995.4,0,0,4,791.4,0
2019-10-15 18:38:22,5,64,19.8,85,12.3,990.5,995.4,0,0,4,791.4,0
2019-10-15 18:43:22,5,64,19.8,85,12.3,990.5,995.4,0,0,4,791.4,0
2019-10-15 18:48:22,5,64,19.8,86,12.3,990.3,995.2,0,0,,791.4,0
2019-10-15 18:53:22,5,64,19.9,86,12.3,990.2,995.1,0,0,,791.4,0
2019-10-15 18:58:22,5,64,19.9,86,12.3,990.1,995,0,0,4,791.4,0
2019-10-15 19:03:22,5,64,19.9,86,12.4,990.2,995.1,0,0,4,791.4,0
2019-10-15 19:08:22,5,63,20,83,12.5,990.2,995.1,0,0,4,791.4,0
2019-10-15 19:13:22,5,63,20,83,12.5,990.3,995.2,0,0,4,791.4,0
2019-10-15 19:18:22,5,63,20.1,83,12.5,990.1,995,0,0,4,791.4,0
2019-10-15 19:23:22,5,63,20.1,86,12.4,990,994.9,0,0,,791.4,0
2019-10-15 19:28:22,5,63,20.1,87,12.4,990,994.9,0,0,4,791.7,0
2019-10-15 19:33:22,5,63,20.1,87,12.4,990,994.9,0,0,12,791.7,0
2019-10-15 19:38:22,5,63,20.2,88,12.4,990,994.9,0,0,4,791.7,0
2019-10-15 19:43:22,5,63,20.2,88,12.4,990,994.9,0,0,,791.7,0
2019-10-15 19:48:22,5,63,20.2,88,12.4,989.8,994.7,0,0,4,791.7,0
2019-10-15 19:53:22,5,63,20.2,89,12.4,989.9,994.8,0,0,4,791.7,0
2019-10-15 19:58:22,5,63,20.2,89,12.4,989.9,994.8,0,0,4,792.3,0
2019-10-15 20:03:22,5,64,20.3,89,12.4,989.8,994.7,0,0,4,792.3,0
2019-10-15 20:08:22,5,64,20.4,85,12.5,989.9,994.8,0,0,4,792.3,0
2019-10-15 20:13:22,5,64,20.5,85,12.5,990,994.9,0,0,4,792.3,0
2019-10-15 20:18:22,5,64,20.5,86,12.5,989.9,994.8,0,0,4,792.3,0
2019-10-15 20:23:22,5,64,20.5,86,12.6,989.8,994.7,0,0,,792.3,0
2019-10-15 20:28:22,5,63,20.7,86,12.6,989.8,994.7,0,0,2,792.3,0
2019-10-15 20:33:22,5,63,20.8,86,12.6,989.9,994.8,0,0,2,792.3,0
2019-10-15 20:38:22,5,63,20.9,86,12.6,989.9,994.8,0,0,4,792.3,0
2019-10-15 20:43:22,5,63,20.9,86,12.6,989.9,994.8,0,0,4,792.3,0
2019-10-15 20:48:22,5,63,20.9,86,12.6,989.9,994.8,0,0,12,792.3,0
2019-10-15 20:53:22,5,62,21,86,12.6,989.9,994.8,0,0,10,792.6,0
2019-10-15 20:58:22,5,61,21.1,86,12.6,990.1,995,0,0,11,792.6,0
2019-10-15 21:03:22,5,62,21.1,86,12.7,990.3,995.2,0,0,8,792.9,0
2019-10-15 21:08:22,5,62,21.2,86,12.7,990.7,995.6,0,0,10,793.2,0
2019-10-15 21:13:22,5,62,21.2,89,11.7,990.8,995.7,0,0,14,793.2,0
2019-10-15 21:18:22,5,62,21.2,88,11.2,990.8,995.7,0,0,12,793.2,0
2019-10-15 21:23:22,5,62,21.2,88,10.9,991,995.9,0,0,12,793.2,0
2019-10-15 21:28:22,5,62,21.2,88,10.7,991,995.9,0,0,13,793.2,0
2019-10-15 21:33:22,5,62,21.4,88,10.6,991.1,996,0,0,14,793.2,0
2019-10-15 21:38:22,5,61,21.4,88,10.5,991.3,996.2,0,0,10,793.2,0
2019-10-15 21:43:22,5,61,21.4,88,10.4,991.2,996.1,0,0,10,793.2,0
2019-10-15 21:48:22,5,61,21.4,88,10.3,991.3,996.2,0,0,10,793.2,0
2019-10-15 21:53:22,5,61,21.5,88,10.3,991.4,996.3,0,0,12,793.2,0
2019-10-15 21:58:22,5,61,21.4,88,10.3,991.5,996.4,0,0,14,793.2,0
2019-10-15 22:03:22,5,61,21.4,88,10.3,991.6,996.5,0,0,10,793.2,0
2019-10-15 22:08:22,5,61,21.4,88,10.2,991.6,996.5,0,0,14,793.5,0
2019-10-15 22:13:22,5,61,21.4,87,10.2,991.7,996.6,0,0,14,793.5,0
2019-10-15 22:18:22,5,61,21.4,87,10.2,991.6,996.5,0,0,10,793.5,0
2019-10-15 22:23:22,5,61,21.4,87,10.2,991.7,996.6,0,0,13,793.5,0
2019-10-15 22:28:22,5,61,21.4,86,10.1,991.8,996.7,0,0,14,793.5,0
2019-10-15 22:33:22,5,61,21.4,86,10.1,991.8,996.7,0,0,14,793.5,0
2019-10-15 22:38:22,5,60,21.4,86,10.1,991.9,996.8,0,0,10,793.5,0
2019-10-15 22:43:22,5,60,21.1,86,10.1,991.9,996.8,0,0,12,793.5,0
2019-10-15 22:48:22,5,61,21.2,85,10,991.9,996.8,0,0,12,793.5,0
2019-10-15 22:53:22,5,61,21.2,85,10,991.9,996.8,0,0,13,793.5,0
2019-10-15 22:58:22,5,61,21.1,84,9.9,992.1,997,0,0,14,793.5,0
2019-10-15 23:03:22,5,61,21.1,84,9.8,992.1,997,0,0,14,793.5,0
2019-10-15 23:08:22,5,61,21,84,9.7,992.3,997.2,0,0,10,793.5,0
2019-10-15 23:13:22,5,62,20.9,84,9.6,992.2,997.1,0,0,12,793.5,0
2019-10-15 23:18:22,5,62,20.9,84,9.5,992.2,997.1,0,0,14,793.5,0
2019-10-15 23:23:22,5,62,20.8,84,9.4,992.3,997.2,0,0,14,793.5,0
2019-10-15 23:28:22,5,62,20.8,84,9.3,992.4,997.3,0,0,10,793.5,0
2019-10-15 23:33:22,5,62,20.7,83,9,992.4,997.3,0,0,10,793.5,0
2019-10-15 23:38:22,5,62,20.6,84,8.9,992.6,997.5,0,0,8,793.5,0
2019-10-15 23:43:22,5,62,20.6,84,8.8,992.5,997.4,0,0,10,793.5,0
2019-10-15 23:48:22,5,62,20.6,84,9,992.6,997.5,0,0,10,793.5,0
2019-10-15 23:53:22,5,62,20.6,85,9.3,992.6,997.5,0,0,12,793.5,0
2019-10-15 23:58:22,5,62,20.6,85,9.3,992.5,997.4,0,0,14,793.5,0
