2014-10-17 00:04:48,5,70,19.2,71,11.1,989.5,994.4,1.7,2.7,10,127.5,0
2014-10-17 00:09:48,5,70,19.1,72,11.1,989.4,994.3,1,2,8,127.5,0
2014-10-17 00:14:48,5,70,19.1,72,11.1,989.5,994.4,2,2.7,10,127.5,0
2014-10-17 00:19:48,5,70,19.1,72,11.1,989.6,994.5,2.7,3.7,10,127.5,0
2014-10-17 00:24:48,5,70,19,72,11.2,989.7,994.6,2,3.1,10,127.5,0
2014-10-17 00:29:48,5,70,19.1,72,11.2,989.7,994.6,2,2.7,8,127.5,0
2014-10-17 00:34:48,5,70,19.1,72,11.2,989.8,994.7,1,2,0,127.5,0
2014-10-17 00:39:48,5,70,19,72,11.2,989.7,994.6,2,3.1,8,127.5,0
2014-10-17 00:44:48,5,70,19,72,11.2,989.6,994.5,1,1.4,2,127.5,0
2014-10-17 00:49:48,5,70,19,72,11.1,989.7,994.6,2,2.7,8,127.5,0
2014-10-17 00:54:48,5,70,19,72,11.2,989.7,994.6,2,3.1,4,127.5,0
2014-10-17 00:59:48,5,70,19,72,11.1,989.8,994.7,2,3.1,10,127.5,0
2014-10-17 01:04:48,5,70,19,72,11.1,989.7,994.6,1.4,2,10,127.5,0
2014-10-17 01:09:48,5,70,19,72,11.1,990,994.9,2,3.1,8,127.5,0
2014-10-17 01:14:48,5,69,19,72,11.1,989.9,994.8,1.4,2,10,127.5,0
2014-10-17 01:19:48,5,69,19,72,11.1,990,994.9,2,3.1,10,127.5,0
2014-10-17 01:24:48,5,70,18.9,72,11.1,990,994.9,1,2,6,127.5,0
2014-10-17 01:29:48,5,70,18.9,72,11.1,990.1,995,1,2,9,127.5,0
2014-10-17 01:34:48,5,69,19,73,11.1,990.1,995,1,1.7,11,127.5,0
2014-10-17 01:39:48,5,69,19,73,11.2,990.3,995.2,1,2,12,127.5,0
2014-10-17 01:44:48,5,69,19,73,11.2,990.3,995.2,1,2,10,127.5,0
2014-10-17 01:49:48,5,70,18.9,72,11.2,990.4,995.3,0.7,1.4,10,127.5,0
2014-10-17 01:54:48,5,69,19,72,11.2,990.2,995.1,0.7,1.4,2,127.5,0
2014-10-17 01:59:48,5,70,18.9,72,11.2,990.4,995.3,2,4.1,10,127.5,0
2014-10-17 02:04:48,5,70,18.9,73,11.3,990.5,995.4,1,1.7,8,127.5,0
2014-10-17 02:09:48,5,70,18.9,73,11.2,990.6,995.5,0.7,1.4,2,127.5,0
2014-10-17 02:14:48,5,70,18.9,73,11.2,990.5,995.4,0.3,1,4,127.5,0
2014-10-17 02:19:48,5,70,18.9,73,11.2,990.5,995.4,1.4,2,10,127.5,0
2014-10-17 02:24:48,5,70,18.9,73,11.3,990.5,995.4,0.7,1.4,4,127.5,0
2014-10-17 02:29:48,5,70,18.9,73,11.3,990.6,995.5,0.3,0.7,10,127.5,0
2014-10-17 02:34:48,5,70,18.9,73,11.1,990.7,995.6,0,1,4,127.5,0
2014-10-17 02:39:48,5,70,18.9,73,10.7,990.6,995.5,1.4,2,3,127.5,0
2014-10-17 02:44:48,5,70,18.9,73,10.2,990.7,995.6,1,2,8,127.5,0
2014-10-17 02:49:48,5,70,18.9,74,9.8,990.6,995.5,1,1.7,8,127.5,0
2014-10-17 02:54:48,5,70,18.9,75,9.6,990.8,995.7,0.7,1.4,6,127.5,0
2014-10-17 02:59:48,5,70,18.9,75,9.7,990.9,995.8,2,3.1,4,127.5,0
2014-10-17 03:04:48,5,70,18.8,76,9.7,990.7,995.6,1.4,1.7,4,127.5,0
2014-10-17 03:09:48,5,70,18.8,76,9.6,990.7,995.6,1.4,1.7,4,127.5,0
2014-10-17 03:14:48,5,70,18.8,76,9.5,990.8,995.7,1.7,2.4,4,127.5,0
2014-10-17 03:19:48,5,70,18.8,76,9.4,990.9,995.8,1.4,2,6,127.5,0
2014-10-17 03:24:48,5,70,18.8,76,9.4,990.9,995.8,1.4,2.4,4,127.5,0
2014-10-17 03:29:48,5,70,18.8,77,9.6,990.9,995.8,1.7,2.4,4,127.5,0
2014-10-17 03:34:48,5,70,18.8,77,9.7,991.1,996,2,2.7,2,127.5,0
2014-10-17 03:39:48,5,70,18.8,77,9.6,990.9,995.8,1.4,1.7,6,127.5,0
2014-10-17 03:44:48,5,70,18.7,77,9.3,991,995.9,1.7,2.4,4,127.5,0
2014-10-17 03:49:48,5,70,18.7,77,9.1,990.9,995.8,2,2.7,4,127.5,0
2014-10-17 03:54:48,5,70,18.8,77,9.3,991,995.9,2,2.4,2,127.5,0
2014-10-17 03:59:48,5,70,18.8,77,9.4,991,995.9,1.7,2.4,4,127.5,0
2014-10-17 04:04:48,5,70,18.7,77,9.3,991,995.9,1,2,6,127.5,0
2014-10-17 04:09:48,5,70,18.8,77,9.3,991.1,996,1.4,2,6,127.5,0
2014-10-17 04:14:48,5,70,18.7,77,9.3,991.1,996,1.7,2.7,6,127.5,0
2014-10-17 04:19:48,5,70,18.7,78,9.5,991.2,996.1,1.7,2.4,4,127.5,0
2014-10-17 04:24:48,5,70,18.7,78,9.5,991.3,996.2,1.7,2,4,127.5,0
2014-10-17 04:29:48,5,70,18.7,78,9.5,991.2,996.1,1.7,2.7,4,127.5,0
2014-10-17 04:34:48,5,70,18.7,78,9.4,991.1,996,2,2.7,6,127.5,0
2014-10-17 04:39:48,5,70,18.7,78,9.4,991.4,996.3,1.4,2.4,6,127.5,0
2014-10-17 04:44:48,5,70,18.7,78,9.5,991.5,996.4,1.4,1.7,6,127.5,0
2014-10-17 04:49:48,5,70,18.7,78,9.5,991.6,996.5,1.7,2.4,6,127.5,0
2014-10-17 04:54:48,5,70,18.7,78,9.8,991.6,996.5,1.7,2.4,6,127.5,0
2014-10-17 04:59:48,5,70,18.7,77,10.1,991.5,996.4,1.7,2.7,6,127.5,0
2014-10-17 05:04:48,5,70,18.7,77,10.3,991.7,996.6,2,3.4,4,127.5,0
2014-10-17 05:09:48,5,70,18.7,78,10.4,991.6,996.5,2,2.7,4,127.5,0
2014-10-17 05:14:48,5,70,18.7,78,10.5,991.6,996.5,2,3.1,4,127.5,0
2014-10-17 05:19:48,5,70,18.7,78,10.6,991.8,996.7,2,2.7,6,127.5,0
2014-10-17 05:24:48,5,70,18.7,78,10.8,991.8,996.7,2.4,3.1,5,127.5,0
2014-10-17 05:29:48,5,70,18.6,78,10.8,991.9,996.8,1,1.7,4,127.5,0
2014-10-17 05:34:48,5,70,18.7,78,10.7,991.7,996.6,1,2,12,127.5,0
2014-10-17 05:39:48,5,70,18.7,77,11,991.9,996.8,0.7,1,4,127.5,0
2014-10-17 05:44:48,5,70,18.7,77,11.3,991.9,996.8,1.4,2,8,127.5,0
2014-10-17 05:49:48,5,70,18.6,77,11.5,991.8,996.7,1,1.7,10,127.5,0
2014-10-17 05:54:48,5,70,18.7,77,11.6,991.8,996.7,0.7,1.7,10,127.5,0
2014-10-17 05:59:48,5,70,18.7,77,11.6,991.8,996.7,0.7,1.7,4,127.5,0
2014-10-17 06:04:48,5,70,18.7,76,11.6,991.8,996.7,1.4,2,4,127.5,0
2014-10-17 06:09:48,5,70,18.6,76,11.4,991.9,996.8,1.4,2,6,127.5,0
2014-10-17 06:14:48,5,70,18.6,76,10.7,991.9,996.8,1.4,2,6,127.5,0
2014-10-17 06:19:48,5,70,18.6,76,10.5,991.9,996.8,1.7,2.7,4,127.5,0
2014-10-17 06:24:48,5,70,18.6,76,10.4,992.1,997,2.4,3.1,6,127.5,0
2014-10-17 06:29:48,5,70,18.6,76,10.1,992.1,997,1.4,2,2,127.5,0
2014-10-17 06:34:48,5,70,18.6,77,9.8,992.1,997,1.4,1.7,4,127.5,0
2014-10-17 06:39:48,5,70,18.6,77,9.7,992.1,997,2.4,3.1,4,127.5,0
2014-10-17 06:44:48,5,70,18.6,77,9.6,991.9,996.8,1.4,2.7,6,127.5,0
2014-10-17 06:49:48,5,70,18.6,77,9.5,992.2,997.1,2,2.7,6,127.5,0
2014-10-17 06:54:48,5,70,18.6,78,9.5,992.2,997.1,1.4,2.4,6,127.5,0
2014-10-17 06:59:48,5,70,18.6,78,9.5,992.3,997.2,1.7,2.4,3,127.5,0
2014-10-17 07:04:48,5,70,18.6,77,10.1,992.5,997.4,1.7,2,2,127.5,0
2014-10-17 07:09:48,5,70,18.6,77,10.5,992.5,997.4,1.7,2.7,6,127.5,0
2014-10-17 07:14:48,5,70,18.6,77,10.5,992.5,997.4,1.4,2,0,127.5,0
2014-10-17 07:19:48,5,70,18.6,77,10.2,992.4,997.3,2,3.1,6,127.5,0
2014-10-17 07:24:48,5,70,18.6,77,10.2,992.5,997.4,2.4,3.1,4,127.5,0
2014-10-17 07:29:48,5,70,18.6,77,10.2,992.5,997.4,1.7,2,2,127.5,0
2014-10-17 07:34:48,5,70,18.6,77,10.2,992.5,997.4,2.4,3.1,6,127.5,0
2014-10-17 07:39:48,5,70,18.6,77,10.3,992.7,997.6,2,3.1,6,127.5,0
2014-10-17 07:44:48,5,70,18.6,78,10.6,992.7,997.6,1.7,3.1,4,127.5,0
2014-10-17 07:49:48,5,70,18.6,78,10.9,992.8,997.7,2,2.7,6,127.5,0
2014-10-17 07:54:48,5,70,18.6,77,11.2,992.9,997.8,2.4,3.7,6,127.5,0
2014-10-17 07:59:48,5,67,18.6,77,11.5,992.8,997.7,3.1,4.4,6,127.5,0
2014-10-17 08:04:48,5,66,18.5,77,11.7,992.7,997.6,3.4,4.4,6,127.5,0
2014-10-17 08:09:48,5,68,18.5,76,11.9,992.7,997.6,2.7,3.7,6,127.5,0
2014-10-17 08:14:48,5,68,18.5,75,12,992.8,997.7,2.7,4.1,4,127.5,0
2014-10-17 08:19:48,5,69,18.5,74,12,992.9,997.8,3.7,4.8,6,127.5,0
2014-10-17 08:24:48,5,69,18.5,74,12.1,992.8,997.7,3.7,4.8,6,127.5,0
2014-10-17 08:29:48,5,69,18.6,74,12.1,993.1,998,3.1,4.4,4,127.5,0
2014-10-17 08:34:48,5,69,18.6,74,12.2,992.9,997.8,3.7,4.8,4,127.5,0
2014-10-17 08:39:48,5,69,18.6,74,12.1,993,997.9,2.4,3.4,6,127.5,0
2014-10-17 08:44:48,5,69,18.6,74,12,992.8,997.7,2,2.7,4,127.5,0
2014-10-17 08:49:48,5,69,18.6,75,11.9,992.8,997.7,2.7,3.7,4,127.5,0
2014-10-17 08:54:48,5,69,18.6,74,12,992.8,997.7,2.7,3.7,4,127.5,0
2014-10-17 08:59:48,5,69,18.6,74,12.2,992.9,997.8,2.7,4.1,4,127.5,0
2014-10-17 09:04:48,5,69,18.6,74,12.4,992.8,997.7,3.7,5.8,6,127.5,0
2014-10-17 09:09:48,5,70,18.6,74,12.5,992.8,997.7,3.7,5.4,6,127.5,0
2014-10-17 09:14:48,5,70,18.7,74,12.5,992.8,997.7,2.7,3.7,4,127.5,0
2014-10-17 09:19:48,5,70,18.7,74,12.5,992.8,997.7,3.7,5.1,6,127.5,0
2014-10-17 09:24:48,5,70,18.7,74,12.5,992.6,997.5,3.7,5.1,4,127.5,0
2014-10-17 09:29:48,5,70,18.7,74,12.5,992.5,997.4,2.7,4.1,4,127.5,0
2014-10-17 09:34:48,5,70,18.7,74,12.5,992.6,997.5,3.1,4.8,6,127.5,0
2014-10-17 09:39:48,5,70,18.7,74,12.5,992.7,997.6,3.7,4.8,4,127.5,0
2014-10-17 09:44:48,5,70,18.7,74,12.6,992.8,997.7,3.4,4.4,4,127.5,0
2014-10-17 09:49:48,5,70,18.7,73,12.6,992.8,997.7,2.4,3.4,4,127.5,0
2014-10-17 09:54:48,5,70,18.7,73,12.8,992.7,997.6,2,2.7,0,127.5,0
2014-10-17 09:59:48,5,70,18.7,73,12.8,992.6,997.5,1.7,2.7,4,127.5,0
2014-10-17 10:04:48,5,70,18.7,73,12.8,992.6,997.5,1,2,4,127.5,0
2014-10-17 10:09:48,5,70,18.8,73,12.9,992.7,997.6,2,2.7,2,127.5,0
2014-10-17 10:14:48,5,69,18.8,74,13,992.6,997.5,1.7,2.4,4,127.5,0
2014-10-17 10:19:48,5,69,18.8,74,13.2,992.6,997.5,0.7,1.4,6,127.5,0
2014-10-17 10:24:48,5,69,18.8,74,13.3,992.6,997.5,1.7,2.4,4,127.5,0
2014-10-17 10:29:48,5,69,18.8,74,13.5,992.4,997.3,2.7,3.7,4,127.5,0
2014-10-17 10:34:48,5,69,18.8,73,13.5,992.3,997.2,2.4,3.7,6,127.5,0
2014-10-17 10:39:48,5,69,18.9,73,13.5,992.3,997.2,3.1,4.8,6,127.5,0
2014-10-17 10:44:48,5,69,18.9,73,13.6,992.3,997.2,3.4,5.1,6,127.5,0
2014-10-17 10:49:48,5,69,18.9,73,13.8,992.1,997,2.7,4.1,4,127.5,0
2014-10-17 10:54:48,5,69,18.9,72,14.1,992.2,997.1,3.4,4.8,4,127.5,0
2014-10-17 10:59:48,5,68,19,71,14.3,992,996.9,3.4,4.8,4,127.5,0
2014-10-17 11:04:48,5,68,19,71,14.4,991.9,996.8,4.1,7.1,6,127.5,0
2014-10-17 11:09:48,5,68,19,70,14.7,991.8,996.7,3.1,4.8,2,127.5,0
2014-10-17 11:14:48,5,68,19,70,14.8,991.8,996.7,4.1,5.1,4,127.5,0
2014-10-17 11:19:48,5,68,19,70,14.9,991.6,996.5,3.4,4.8,4,127.5,0
2014-10-17 11:24:48,5,68,19,69,15,991.5,996.4,3.7,5.4,4,127.5,0
2014-10-17 11:29:48,5,68,19,69,15.1,991.6,996.5,3.1,4.8,4,127.5,0
2014-10-17 11:34:48,5,68,19.1,69,15,991.4,996.3,5.4,7.5,6,127.5,0
2014-10-17 11:39:48,5,68,19.1,70,15,991.4,996.3,4.4,6.8,4,127.5,0
2014-10-17 11:44:48,5,68,19.1,70,15,991.2,996.1,4.4,5.8,10,127.5,0
2014-10-17 11:49:48,5,68,19.1,70,15,990.9,995.8,4.8,8.2,4,127.5,0
2014-10-17 11:54:48,5,68,19,70,15.1,990.9,995.8,3.7,5.8,4,127.5,0
2014-10-17 11:59:48,5,68,19.1,70,15.2,990.9,995.8,3.4,4.4,6,127.5,0
2014-10-17 12:04:48,5,68,19.1,70,15.3,991,995.9,3.7,4.8,4,127.5,0
2014-10-17 12:09:48,5,68,19.1,70,15.2,990.9,995.8,4.4,6.8,4,127.5,0
2014-10-17 12:14:48,5,68,19.1,69,15.2,990.8,995.7,5.1,8.8,4,127.5,0
2014-10-17 12:19:48,5,68,19.1,69,15.3,990.7,995.6,3.7,5.8,6,127.5,0
2014-10-17 12:24:48,5,68,19.1,69,15.3,990.8,995.7,3.4,5.4,4,127.5,0
2014-10-17 12:29:48,5,68,19.1,69,15.3,990.7,995.6,3.4,5.1,6,127.5,0
2014-10-17 12:34:48,5,68,19.1,69,15.3,990.6,995.5,5.1,7.5,4,127.5,0
2014-10-17 12:39:48,5,68,19.1,69,15.3,990.4,995.3,5.1,6.8,4,127.5,0
2014-10-17 12:44:48,5,68,19.1,69,15.3,990.5,995.4,4.1,6.1,4,127.5,0
2014-10-17 12:49:48,5,68,19.1,69,15.3,990.4,995.3,4.8,7.1,4,127.5,0
2014-10-17 12:54:48,5,68,19.2,69,15.4,990.4,995.3,4.1,5.8,6,127.5,0
2014-10-17 12:59:48,5,68,19.1,69,15.4,990.4,995.3,4.4,5.8,4,127.5,0
2014-10-17 13:04:48,5,68,19.1,68,15.4,990.3,995.2,4.4,6.5,4,127.5,0
2014-10-17 13:09:48,5,68,19.1,68,15.4,990.3,995.2,4.4,5.4,4,127.5,0
2014-10-17 13:14:48,5,68,19.1,68,15.4,990.2,995.1,4.8,6.8,6,127.5,0
2014-10-17 13:19:48,5,68,19.1,69,15.3,990.2,995.1,4.4,5.4,2,127.5,0
2014-10-17 13:24:48,5,68,19,69,15.3,990.1,995,4.1,5.8,4,127.5,0
2014-10-17 13:29:48,5,68,19,69,15.2,989.7,994.6,3.1,4.4,6,127.5,0
2014-10-17 13:34:48,5,68,19.1,69,15.1,989.6,994.5,4.4,6.8,6,127.5,0
2014-10-17 13:39:48,5,68,19.1,70,15.1,989.4,994.3,4.8,6.1,8,127.5,0
2014-10-17 13:44:48,5,68,19.1,70,15.1,989.4,994.3,4.8,6.8,4,127.5,0
2014-10-17 13:49:48,5,68,19.1,70,15.1,989.1,994,4.4,6.5,6,127.5,0
2014-10-17 13:54:48,5,68,19,70,15.2,988.9,993.8,5.8,9.2,4,127.5,0
2014-10-17 13:59:48,5,68,19,69,15.2,988.9,993.8,4.8,6.8,4,127.5,0
2014-10-17 14:04:48,5,68,19,69,15.2,988.9,993.8,5.8,7.1,4,127.5,0
2014-10-17 14:09:48,5,68,19,69,15.3,988.4,993.3,4.4,5.8,6,127.5,0
2014-10-17 14:14:48,5,68,19.1,69,15.2,987.9,992.8,5.4,7.5,6,127.5,0
2014-10-17 14:19:48,5,68,19.1,69,15.3,988,992.9,5.8,7.8,4,127.5,0
2014-10-17 14:24:48,5,68,19.1,69,15.4,988.2,993.1,4.8,5.8,6,127.8,0
2014-10-17 14:29:48,5,68,19.1,68,15.5,988,992.9,5.4,7.8,4,127.8,0
2014-10-17 14:34:48,5,68,19,68,15.7,987.7,992.6,6.8,9.5,6,127.8,0
2014-10-17 14:39:48,5,68,19,68,15.8,987.6,992.5,6.1,7.8,6,127.8,0
2014-10-17 14:44:48,5,68,19,68,15.9,987.9,992.8,5.1,7.8,4,127.8,0
2014-10-17 14:49:48,5,68,19,67,15.8,987.7,992.6,5.1,8.2,4,127.8,0
2014-10-17 14:54:48,5,68,19.1,67,15.9,987.3,992.2,5.8,7.5,6,127.8,0
2014-10-17 14:59:48,5,68,19.1,67,15.9,987.2,992.1,7.1,9.9,4,127.8,0
2014-10-17 15:04:48,5,68,19.1,66,15.9,987,991.9,7.8,10.2,6,127.8,0
2014-10-17 15:09:48,5,68,19.1,67,15.9,986.5,991.4,7.1,10.5,6,127.8,0
2014-10-17 15:14:48,5,68,19,66,15.8,986.6,991.5,6.5,10.5,6,127.8,0
2014-10-17 15:19:48,5,68,19,66,15.7,986.3,991.2,7.1,8.2,4,127.8,0
2014-10-17 15:24:48,5,68,19,66,15.8,986.2,991.1,6.8,9.2,6,127.8,0
2014-10-17 15:29:48,5,69,18.9,67,15.7,986.2,991.1,4.4,6.5,4,127.8,0
2014-10-17 15:34:48,5,68,19.1,67,15.5,986,990.9,6.8,9.2,4,127.8,0
2014-10-17 15:39:48,5,68,19,67,15.6,986,990.9,7.1,10.2,6,127.8,0
2014-10-17 15:44:48,5,68,19,67,15.5,986.2,991.1,7.8,10.5,6,127.8,0
2014-10-17 15:49:48,5,68,19.1,67,15.4,985.8,990.7,9.9,13.3,4,127.8,0
2014-10-17 15:54:48,5,68,19,68,15.1,985.7,990.6,6.1,7.8,6,128.1,0
2014-10-17 15:59:48,5,68,19,70,14.8,985.5,990.4,8.2,10.9,6,128.1,0
2014-10-17 16:04:48,5,68,19,70,14.8,985.6,990.5,6.5,7.8,6,128.1,0
2014-10-17 16:09:48,5,68,19,71,14.7,985.4,990.3,6.1,9.9,4,128.4,0
2014-10-17 16:14:48,5,68,19,72,14.6,985.5,990.4,7.5,9.9,4,128.4,0
2014-10-17 16:19:48,5,68,19,72,14.6,985.5,990.4,6.5,9.5,4,128.4,0
2014-10-17 16:24:48,5,68,19,72,14.5,985.2,990.1,9.2,11.6,4,128.4,0
2014-10-17 16:29:48,5,68,19,72,14.4,985.2,990.1,8.8,11.6,4,128.4,0
2014-10-17 16:34:48,5,70,18.9,73,14.3,985.3,990.2,6.1,7.8,4,128.7,0
2014-10-17 16:39:48,5,70,18.9,73,14.3,984.9,989.8,7.8,10.5,4,128.7,0
2014-10-17 16:44:48,5,71,18.9,73,14.2,984.9,989.8,6.8,10.2,4,128.7,0
2014-10-17 16:49:48,5,70,19,74,14.2,984.9,989.8,6.1,8.2,4,128.7,0
2014-10-17 16:54:48,5,70,19,74,14.2,984.7,989.6,5.4,8.2,4,129,0
2014-10-17 16:59:48,5,70,19,74,14.2,984.6,989.5,6.1,8.5,6,129,0
2014-10-17 17:04:48,5,71,18.9,74,14.2,984.4,989.3,5.8,7.8,4,129,0
2014-10-17 17:09:48,5,70,18.9,74,14.3,984.4,989.3,4.1,7.8,4,129,0
2014-10-17 17:14:48,5,70,18.9,75,14.3,984.6,989.5,5.8,7.5,9,129,0
2014-10-17 17:19:48,5,71,18.9,75,14.4,984.5,989.4,4.8,7.1,6,129,0
2014-10-17 17:24:48,5,71,18.9,75,14.5,984.5,989.4,6.1,8.5,6,129,0
2014-10-17 17:29:48,5,70,18.8,75,14.5,984.4,989.3,4.1,5.8,4,129,0
2014-10-17 17:34:48,5,70,18.8,75,14.6,984.3,989.2,3.4,6.1,6,129.3,0
2014-10-17 17:39:48,5,71,18.9,75,14.7,984.3,989.2,3.4,6.5,6,129.3,0
2014-10-17 17:44:48,5,71,18.8,75,14.9,984.3,989.2,3.7,6.1,9,129.3,0
2014-10-17 17:49:48,5,71,18.9,74,15,984.3,989.2,2.4,3.7,10,129.3,0
2014-10-17 17:54:48,5,71,18.8,74,15.1,984.4,989.3,1.4,2.4,2,129.3,0
2014-10-17 17:59:48,5,71,18.9,74,15.3,984.4,989.3,2,3.7,8,129.3,0
2014-10-17 18:04:48,5,72,18.9,74,15.5,984.1,989,2,4.1,10,129.3,0
2014-10-17 18:09:48,5,72,18.9,74,15.7,984.1,989,3.7,4.8,3,129.3,0
2014-10-17 18:14:48,5,72,18.8,73,15.7,983.9,988.8,3.1,6.1,1,129.3,0
2014-10-17 18:19:48,5,72,18.8,73,15.8,983.9,988.8,1.7,3.4,0,129.3,0
2014-10-17 18:24:48,5,72,18.8,73,15.8,983.7,988.6,2,4.8,10,129.6,0
2014-10-17 18:29:48,5,72,18.8,72,15.9,983.8,988.7,4.8,6.5,4,129.6,0
2014-10-17 18:34:48,5,72,18.9,72,15.9,983.8,988.7,3.7,6.8,2,129.6,0
2014-10-17 18:39:48,5,72,18.9,71,15.9,983.6,988.5,2,4.1,12,129.6,0
2014-10-17 18:44:48,5,72,18.8,71,15.8,983.5,988.4,3.7,5.8,8,129.6,0
2014-10-17 18:49:48,5,72,18.8,70,15.9,983.5,988.4,3.7,5.8,10,129.6,0
2014-10-17 18:54:48,5,73,18.8,70,15.8,983.7,988.6,2,4.1,2,129.6,0
2014-10-17 18:59:48,5,73,18.9,70,15.8,983.6,988.5,3.1,4.8,2,129.6,0
2014-10-17 19:04:48,5,73,18.9,70,15.8,983.3,988.2,3.1,5.1,2,129.6,0
2014-10-17 19:09:48,5,73,18.9,71,15.8,983.2,988.1,4.4,7.1,8,129.6,0
2014-10-17 19:14:48,5,72,19,71,15.8,983.4,988.3,4.4,7.1,6,129.6,0
2014-10-17 19:19:48,5,73,19,71,15.9,983.2,988.1,4.8,7.5,4,129.6,0
2014-10-17 19:24:48,5,74,19,71,15.9,982.9,987.8,4.1,6.1,4,129.6,0
2014-10-17 19:29:48,5,74,19,71,15.9,983.1,988,3.7,5.8,0,129.6,0
2014-10-17 19:34:48,5,75,19.1,71,15.8,983,987.9,4.4,6.8,3,129.6,0
2014-10-17 19:39:48,5,75,19.2,71,15.8,983,987.9,3.7,5.4,6,129.6,0
2014-10-17 19:44:48,5,75,19.2,71,15.8,983.1,988,4.1,7.8,7,129.6,0
2014-10-17 19:49:48,5,75,19.3,71,15.8,983,987.9,3.7,6.5,4,129.6,0
2014-10-17 19:54:48,5,76,19.4,71,15.8,982.9,987.8,3.7,5.8,6,129.6,0
2014-10-17 19:59:48,5,76,19.4,71,15.7,983,987.9,2.4,6.8,0,129.6,0
2014-10-17 20:04:48,5,76,19.5,71,15.6,983,987.9,4.1,5.8,4,129.9,0
2014-10-17 20:09:48,5,76,19.5,72,15.5,983,987.9,2.7,4.1,2,130.2,0
2014-10-17 20:14:48,5,76,19.6,73,15.4,983.2,988.1,2.7,6.1,8,130.8,0
2014-10-17 20:19:48,5,75,19.6,73,15.3,983.1,988,3.1,6.5,8,131.1,0
2014-10-17 20:24:48,5,75,19.6,73,15.3,983.4,988.3,1.4,3.1,4,131.4,0
2014-10-17 20:29:48,5,75,19.6,73,15.3,983.1,988,2,3.7,2,131.4,0
2014-10-17 20:34:48,5,75,19.7,73,15.2,983.1,988,2,4.1,12,131.4,0
2014-10-17 20:39:48,5,75,19.7,73,15.2,982.7,987.6,2.7,4.4,8,131.4,0
2014-10-17 20:44:48,5,75,19.7,73,15.2,982.4,987.3,2,3.4,8,131.7,0
2014-10-17 20:49:48,5,75,19.8,73,15.2,982.9,987.8,2.7,4.1,10,131.7,0
2014-10-17 20:54:48,5,75,19.8,73,15.1,983,987.9,2.4,4.4,2,131.7,0
2014-10-17 20:59:48,5,75,19.8,73,15.1,982.9,987.8,1,4.1,8,131.7,0
2014-10-17 21:04:48,5,75,19.8,72,15.2,982.9,987.8,4.4,6.5,10,131.7,0
2014-10-17 21:09:48,5,75,19.9,71,15.2,983,987.9,3.1,5.1,10,131.7,0
2014-10-17 21:14:48,5,75,19.9,70,15.1,983,987.9,3.7,4.8,10,131.7,0
2014-10-17 21:19:48,5,75,19.9,70,15,983.2,988.1,3.7,5.8,9,131.7,0
2014-10-17 21:24:48,5,75,19.9,70,14.8,983,987.9,4.8,6.8,10,131.7,0
2014-10-17 21:29:48,5,74,20,70,14.7,983.1,988,3.1,5.4,15,131.7,0
2014-10-17 21:34:48,5,74,20,70,14.6,983.3,988.2,4.1,5.4,10,131.7,0
2014-10-17 21:39:48,5,74,20,70,14.4,983.4,988.3,3.1,5.8,8,131.7,0
2014-10-17 21:44:48,5,74,20,71,14.4,983.2,988.1,4.4,7.5,10,131.7,0
2014-10-17 21:49:48,5,74,20,71,14.6,983.2,988.1,4.8,6.8,8,131.7,0
2014-10-17 21:54:48,5,74,20,71,14.6,983.3,988.2,2.7,4.8,10,131.7,0
2014-10-17 21:59:48,5,74,20,71,14.6,983.4,988.3,2,3.7,12,131.7,0
2014-10-17 22:04:48,5,74,20.1,71,14.6,983.3,988.2,3.4,4.8,10,131.7,0
2014-10-17 22:09:48,5,74,20.1,71,14.6,983.4,988.3,4.1,6.1,12,131.7,0
2014-10-17 22:14:48,5,74,20.1,71,14.6,983.4,988.3,4.4,6.5,8,131.7,0
2014-10-17 22:19:48,5,74,20.1,71,14.7,983.5,988.4,4.1,6.8,5,131.7,0
2014-10-17 22:24:48,5,74,20.2,70,14.8,983.5,988.4,2,3.1,10,131.7,0
2014-10-17 22:29:48,5,74,20.1,71,14.7,983.5,988.4,5.1,6.5,8,131.7,0
2014-10-17 22:34:48,5,74,20.1,71,14.6,983.7,988.6,4.4,7.1,9,131.7,0
2014-10-17 22:39:48,5,74,20.2,70,14.6,983.9,988.8,3.4,5.1,10,131.7,0
2014-10-17 22:44:48,5,74,20.2,70,14.6,983.7,988.6,2.4,3.4,10,131.7,0
2014-10-17 22:49:48,5,75,20.2,70,14.5,983.9,988.8,3.4,5.1,9,131.7,0
2014-10-17 22:54:48,5,75,20.2,70,14.4,983.6,988.5,3.7,6.5,10,131.7,0
2014-10-17 22:59:48,5,75,20.2,70,14.4,983.7,988.6,1.4,3.1,9,131.7,0
2014-10-17 23:04:48,5,75,20.2,70,14.2,983.5,988.4,2.7,5.1,12,131.7,0
2014-10-17 23:09:48,5,75,20.2,70,14.2,983.4,988.3,5.1,6.8,10,131.7,0
2014-10-17 23:14:48,5,75,20.2,70,14.2,983.5,988.4,2.7,4.8,6,131.7,0
2014-10-17 23:19:48,5,74,20.2,70,14.2,983.8,988.7,3.4,5.4,8,131.7,0
2014-10-17 23:24:48,5,74,20.2,70,14.2,983.9,988.8,3.7,6.1,8,131.7,0
2014-10-17 23:29:48,5,74,20.3,70,14.3,983.9,988.8,2.7,4.4,10,131.7,0
2014-10-17 23:34:48,5,74,20.2,70,14.2,983.8,988.7,3.7,7.1,8,131.7,0
2014-10-17 23:39:48,5,74,20.3,70,14.2,984,988.9,2.7,5.4,10,131.7,0
2014-10-17 23:44:48,5,74,20.3,70,14.3,983.9,988.8,2.4,4.8,10,131.7,0
2014-10-17 23:49:48,5,74,20.3,70,14.3,984.1,989,3.4,5.4,8,131.7,0
2014-10-17 23:54:48,5,74,20.2,70,14.4,984,988.9,2,4.1,4,131.7,0
2014-10-17 23:59:48,5,74,20.2,70,14.4,984.2,989.1,3.1,5.1,14,131.7,0
