2014-10-01 00:04:50,5,65,20.8,70,13.7,1011.4,1016.3,2.4,2.7,10,86.1,0
2014-10-01 00:09:50,5,65,20.7,70,13.8,1011.4,1016.3,3.1,4.1,10,86.1,0
2014-10-01 00:14:50,5,65,20.7,70,13.9,1011.5,1016.4,1.7,2.4,10,86.1,0
2014-10-01 00:19:50,5,65,20.7,69,14,1011.4,1016.3,1.4,2.7,10,86.1,0
2014-10-01 00:24:50,5,65,20.7,70,13.9,1011.5,1016.4,1.7,2.4,10,86.1,0
2014-10-01 00:29:50,5,65,20.7,69,14,1011.5,1016.4,1.4,2.4,0,86.1,0
2014-10-01 00:34:50,5,65,20.7,69,14,1011.4,1016.3,1.7,2,8,86.1,0
2014-10-01 00:39:50,5,65,20.7,69,14,1011.6,1016.5,1.7,3.1,10,86.1,0
2014-10-01 00:44:50,5,66,20.7,69,14,1011.7,1016.6,1.7,2.7,8,86.1,0
2014-10-01 00:49:50,5,66,20.7,69,14,1011.6,1016.5,2.7,4.1,8,86.1,0
2014-10-01 00:54:50,5,66,20.7,69,14,1011.5,1016.4,2.4,4.1,10,86.1,0
2014-10-01 00:59:50,5,66,20.7,69,14,1011.6,1016.5,1.7,2.4,12,86.1,0
2014-10-01 01:04:50,5,66,20.7,70,14.1,1011.7,1016.6,2.7,3.7,10,86.1,0
2014-10-01 01:09:50,5,66,20.6,70,14.2,1012,1016.9,2,3.4,8,86.1,0
2014-10-01 01:14:50,5,66,20.7,70,14.1,1011.9,1016.8,2.4,3.1,8,86.1,0
2014-10-01 01:19:50,5,66,20.6,71,14,1012.2,1017.1,1.4,2,10,86.1,0
2014-10-01 01:24:50,5,66,20.6,72,13.9,1011.9,1016.8,2.7,3.4,10,86.1,0
2014-10-01 01:29:50,5,66,20.6,72,13.8,1012.1,1017,3.1,4.1,10,86.1,0
2014-10-01 01:34:50,5,66,20.6,73,13.7,1012.1,1017,1.4,2,10,86.1,0
2014-10-01 01:39:50,5,66,20.6,73,13.6,1011.9,1016.8,1.4,2.4,10,86.1,0
2014-10-01 01:44:50,5,66,20.6,74,13.6,1011.9,1016.8,1,2,10,86.1,0
2014-10-01 01:49:50,5,66,20.6,74,13.5,1012,1016.9,2,2.7,8,86.1,0
2014-10-01 01:54:50,5,66,20.6,75,13.5,1012,1016.9,1.7,3.4,8,86.1,0
2014-10-01 01:59:50,5,66,20.6,75,13.5,1011.9,1016.8,2,3.7,10,86.1,0
2014-10-01 02:04:50,5,66,20.5,75,13.5,1011.9,1016.8,2,2.7,10,86.1,0
2014-10-01 02:09:50,5,66,20.5,75,13.5,1011.9,1016.8,1.7,3.1,10,86.1,0
2014-10-01 02:14:50,5,66,20.5,75,13.6,1011.8,1016.7,3.4,4.8,9,86.1,0
2014-10-01 02:19:50,5,66,20.5,75,13.7,1011.7,1016.6,1.7,2.7,8,86.1,0
2014-10-01 02:24:50,5,66,20.5,75,13.8,1011.8,1016.7,2,3.4,10,86.1,0
2014-10-01 02:29:50,5,66,20.6,75,13.8,1011.7,1016.6,2,3.1,12,86.1,0
2014-10-01 02:34:50,5,66,20.5,75,13.7,1011.7,1016.6,1.4,3.1,10,86.1,0
2014-10-01 02:39:50,5,66,20.5,75,13.6,1011.5,1016.4,1.4,2,8,86.1,0
2014-10-01 02:44:50,5,66,20.5,75,13.7,1011.6,1016.5,1.7,3.4,4,86.1,0
2014-10-01 02:49:50,5,66,20.5,75,13.8,1011.7,1016.6,2.7,4.8,13,86.1,0
2014-10-01 02:54:50,5,66,20.5,75,13.8,1011.7,1016.6,2,3.1,10,86.1,0
2014-10-01 02:59:50,5,66,20.5,75,13.9,1011.6,1016.5,1.7,2.4,10,86.1,0
2014-10-01 03:04:50,5,66,20.5,75,13.9,1011.7,1016.6,2,2.7,10,86.1,0
2014-10-01 03:09:50,5,66,20.5,75,13.8,1011.7,1016.6,1,2,10,86.1,0
2014-10-01 03:14:50,5,66,20.5,75,13.8,1011.8,1016.7,1.7,2.7,11,86.1,0
2014-10-01 03:19:50,5,66,20.4,75,13.7,1011.7,1016.6,1.4,2.4,8,86.1,0
2014-10-01 03:24:50,5,67,20.4,75,13.7,1011.8,1016.7,0.3,1,8,86.1,0
2014-10-01 03:29:50,5,67,20.5,75,13.6,1011.9,1016.8,1.4,2.4,10,86.1,0
2014-10-01 03:34:50,5,67,20.4,75,13.6,1012,1016.9,1,1.7,10,86.1,0
2014-10-01 03:39:50,5,67,20.5,76,13.6,1012.1,1017,0.7,1.4,12,86.1,0
2014-10-01 03:44:50,5,67,20.5,76,13.7,1012.2,1017.1,1,2,14,86.1,0
2014-10-01 03:49:50,5,67,20.5,76,13.8,1012.2,1017.1,1,1.7,8,86.1,0
2014-10-01 03:54:50,5,67,20.5,76,13.8,1012.3,1017.2,1,1.4,8,86.1,0
2014-10-01 03:59:50,5,67,20.5,76,13.7,1012.7,1017.6,1,1.4,12,86.1,0
2014-10-01 04:04:50,5,67,20.5,75,12.4,1012.9,1017.8,2.7,4.1,0,86.4,0
2014-10-01 04:09:50,5,67,20.4,75,11.7,1013.1,1018,1.7,2.7,0,86.4,0
2014-10-01 04:14:50,5,67,20.4,75,11.5,1013.2,1018.1,1.7,2.4,13,86.4,0
2014-10-01 04:19:50,5,67,20.4,75,11.2,1013.3,1018.2,1.4,2.4,14,86.4,0
2014-10-01 04:24:50,5,67,20.4,76,11,1013.3,1018.2,0.7,1.4,0,86.4,0
2014-10-01 04:29:50,5,67,20.4,76,11,1013.7,1018.6,1.4,2.7,14,86.4,0
2014-10-01 04:34:50,5,67,20.4,77,10.9,1013.7,1018.6,1,1.4,15,86.4,0
2014-10-01 04:39:50,5,67,20.4,77,10.9,1013.9,1018.8,0.3,0.7,12,86.4,0
2014-10-01 04:44:50,5,67,20.4,77,10.9,1013.8,1018.7,0,0.3,12,86.4,0
2014-10-01 04:49:50,5,67,20.3,77,10.9,1013.9,1018.8,0,0.7,14,86.4,0
2014-10-01 04:54:50,5,67,20.3,77,10.9,1013.7,1018.6,0,0.3,8,86.4,0
2014-10-01 04:59:50,5,67,20.3,77,10.9,1014.1,1019,0,0.3,12,86.4,0
2014-10-01 05:04:50,5,67,20.3,77,10.9,1014.2,1019.1,0.7,1,12,86.4,0
2014-10-01 05:09:50,5,67,20.3,77,10.9,1014.2,1019.1,0,0.3,8,86.4,0
2014-10-01 05:14:50,5,67,20.3,77,10.9,1014.2,1019.1,0.3,1,8,86.4,0
2014-10-01 05:19:50,5,67,20.3,77,10.9,1014.2,1019.1,0,0,10,86.4,0
2014-10-01 05:24:50,5,67,20.3,77,10.9,1014.4,1019.3,0,0.3,6,86.4,0
2014-10-01 05:29:50,5,67,20.2,77,10.9,1014.4,1019.3,0.3,0.7,9,86.4,0
2014-10-01 05:34:50,5,67,20.2,77,10.9,1014.6,1019.5,0.3,0.7,10,86.4,0
2014-10-01 05:39:50,5,67,20.2,77,10.9,1014.7,1019.6,0.3,0.7,10,86.4,0
2014-10-01 05:44:50,5,67,20.2,77,10.9,1014.7,1019.6,0,0.3,10,86.4,0
2014-10-01 05:49:50,5,67,20.2,77,10.9,1014.9,1019.8,0,0,10,86.4,0
2014-10-01 05:54:50,5,67,20.2,78,10.9,1014.8,1019.7,0,0.3,10,86.4,0
2014-10-01 05:59:50,5,67,20.2,78,10.9,1015.2,1020.1,0.3,0.7,10,86.4,0
2014-10-01 06:04:50,5,67,20.2,77,11,1015,1019.9,0,0.3,10,86.4,0
2014-10-01 06:09:50,5,67,20.2,77,11,1015.2,1020.1,0,0.3,10,86.4,0
2014-10-01 06:14:50,5,67,20.2,77,11,1015.2,1020.1,0.3,0.7,8,86.4,0
2014-10-01 06:19:50,5,67,20.2,77,11,1015.3,1020.2,0.3,0.7,10,86.4,0
2014-10-01 06:24:50,5,67,20.2,77,11,1015.3,1020.2,0.3,0.7,8,86.4,0
2014-10-01 06:29:50,5,67,20.2,77,11,1015.3,1020.2,0,0.3,10,86.4,0
2014-10-01 06:34:50,5,67,20.1,77,11,1015.3,1020.2,0,0.3,10,86.4,0
2014-10-01 06:39:50,5,67,20.2,77,11,1015.4,1020.3,0,0.3,10,86.4,0
2014-10-01 06:44:50,5,67,20.2,77,11.1,1015.3,1020.2,0,0.7,8,86.4,0
2014-10-01 06:49:50,5,67,20.2,77,11.1,1015.5,1020.4,0,0.3,10,86.4,0
2014-10-01 06:54:50,5,67,20.1,77,11,1015.6,1020.5,0,0.7,8,86.4,0
2014-10-01 06:59:50,5,67,20.1,77,11,1015.7,1020.6,0.3,0.7,6,86.4,0
2014-10-01 07:04:50,5,67,20.1,77,11,1015.9,1020.8,0,0.7,10,86.4,0
2014-10-01 07:09:50,5,67,20.1,77,11,1015.9,1020.8,0.3,0.7,8,86.4,0
2014-10-01 07:14:50,5,68,20.1,77,11,1016.1,1021,0,0.7,9,86.4,0
2014-10-01 07:19:50,5,68,20.2,77,11.1,1015.9,1020.8,0.3,0.7,8,86.4,0
2014-10-01 07:24:50,5,68,20.1,77,11.1,1016.1,1021,0.3,0.7,10,86.4,0
2014-10-01 07:29:50,5,68,20.2,77,11,1016.2,1021.1,0,0.3,10,86.4,0
2014-10-01 07:34:50,5,68,20.2,77,11,1016.3,1021.2,0,0,10,86.4,0
2014-10-01 07:39:50,5,68,20.2,77,11.1,1016.5,1021.4,0,0.3,8,86.4,0
2014-10-01 07:44:50,5,68,20.1,77,11.1,1016.7,1021.6,0,0.3,9,86.4,0
2014-10-01 07:49:50,5,65,20.2,77,11.2,1016.7,1021.6,0,0.3,9,86.4,0
2014-10-01 07:54:50,5,65,20.1,77,11.3,1016.7,1021.6,0,0.3,14,86.4,0
2014-10-01 07:59:50,5,66,20.1,77,11.3,1016.8,1021.7,0.3,0.7,12,86.4,0
2014-10-01 08:04:50,5,66,20.2,77,11.3,1016.9,1021.8,0,0,14,86.4,0
2014-10-01 08:09:50,5,66,20.2,77,11.3,1016.9,1021.8,0,0.3,12,86.4,0
2014-10-01 08:14:50,5,67,20.1,77,11.4,1017.2,1022.1,0,0.3,12,86.4,0
2014-10-01 08:19:50,5,67,20.1,77,11.5,1017.3,1022.2,0,0.7,14,86.4,0
2014-10-01 08:24:50,5,67,20.2,77,12.1,1017.4,1022.3,0,0.7,10,86.4,0
2014-10-01 08:29:50,5,67,20.2,77,12.7,1017.5,1022.4,0,0.3,12,86.4,0
2014-10-01 08:34:50,5,67,20.2,77,13.3,1017.5,1022.4,1,1.7,14,86.4,0
2014-10-01 08:39:50,5,67,20.3,76,13.3,1017.5,1022.4,1,1.7,12,86.4,0
2014-10-01 08:44:50,5,67,20.3,75,13,1017.8,1022.7,1,2,12,86.4,0
2014-10-01 08:49:50,5,67,20.4,74,13.1,1017.8,1022.7,0.7,1,10,86.4,0
2014-10-01 08:54:50,5,67,20.4,73,13.2,1017.7,1022.6,1,1.4,12,86.4,0
2014-10-01 08:59:50,5,67,20.4,72,12.8,1017.7,1022.6,0.7,1.4,12,86.4,0
2014-10-01 09:04:50,5,67,20.5,71,12.8,1017.8,1022.7,1.4,2,14,86.4,0
2014-10-01 09:09:50,5,67,20.5,70,13.1,1017.9,1022.8,1,2.7,12,86.4,0
2014-10-01 09:14:50,5,67,20.5,70,13.1,1018.1,1023,0.7,1,0,86.4,0
2014-10-01 09:19:50,5,67,20.6,70,13,1018,1022.9,1,1.7,14,86.4,0
2014-10-01 09:24:50,5,67,20.6,69,12.8,1018,1022.9,1.4,2.4,14,86.4,0
2014-10-01 09:29:50,5,67,20.6,68,13,1018.2,1023.1,1.7,2.4,14,86.4,0
2014-10-01 09:34:50,5,67,20.6,68,13.1,1018.2,1023.1,1.7,2.7,12,86.4,0
2014-10-01 09:39:50,5,67,20.6,67,13.4,1018.3,1023.2,2.7,3.4,14,86.4,0
2014-10-01 09:44:50,5,67,20.6,66,13.3,1018.4,1023.3,2,3.4,10,86.4,0
2014-10-01 09:49:50,5,67,20.7,66,13.3,1018.4,1023.3,1,2.7,12,86.4,0
2014-10-01 09:54:50,5,67,20.7,66,13.3,1018.5,1023.4,1.7,2.4,14,86.4,0
2014-10-01 09:59:50,5,67,20.7,64,13.2,1018.6,1023.5,1.7,2.7,12,86.4,0
2014-10-01 10:04:50,5,67,20.8,64,13.3,1018.7,1023.6,1.7,3.1,14,86.4,0
2014-10-01 10:09:50,5,67,20.8,61,13.8,1018.9,1023.8,2,3.1,14,86.4,0
2014-10-01 10:14:50,5,67,20.8,61,14.1,1018.7,1023.6,1,1.4,12,86.4,0
2014-10-01 10:19:50,5,60,20.8,60,14.1,1018.8,1023.7,2.7,3.7,14,86.4,0
2014-10-01 10:24:50,5,56,20.7,62,13.9,1018.8,1023.7,1.4,1.7,13,86.4,0
2014-10-01 10:29:50,5,54,20.6,59,14,1018.8,1023.7,2.7,3.4,12,86.4,0
2014-10-01 10:34:50,5,55,20.5,57,14.1,1018.9,1023.8,3.1,4.1,0,86.4,0
2014-10-01 10:39:50,5,58,20.5,60,13.8,1019,1023.9,1.4,2.4,14,86.4,0
2014-10-01 10:44:50,5,61,20.5,57,14.3,1019,1023.9,0.7,2,9,86.4,0
2014-10-01 10:49:50,5,62,20.5,56,14.3,1019.2,1024.1,1.4,2,12,86.4,0
2014-10-01 10:54:50,5,62,20.5,56,14.5,1019.1,1024,2,2.7,14,86.4,0
2014-10-01 10:59:50,5,63,20.5,55,14.6,1019.1,1024,1,2.4,10,86.4,0
2014-10-01 11:04:50,5,63,20.6,55,14.8,1019.1,1024,4.1,5.1,14,86.4,0
2014-10-01 11:09:50,5,63,20.6,54,14.4,1019.2,1024.1,2.7,3.7,12,86.4,0
2014-10-01 11:14:50,5,64,20.7,55,14.5,1019.1,1024,3.1,4.1,14,86.4,0
2014-10-01 11:19:50,5,64,20.7,54,14.7,1019.3,1024.2,1.7,2.7,14,86.4,0
2014-10-01 11:24:50,5,64,20.7,55,14.4,1019.3,1024.2,2.4,3.7,14,86.4,0
2014-10-01 11:29:50,5,64,20.8,55,14,1019.5,1024.4,4.1,6.1,14,86.4,0
2014-10-01 11:34:50,5,64,20.8,57,13.7,1019.3,1024.2,3.4,6.1,14,86.4,0
2014-10-01 11:39:50,5,64,20.8,57,13.8,1019.5,1024.4,4.1,5.4,14,86.4,0
2014-10-01 11:44:50,5,64,20.8,57,13.7,1019.6,1024.5,3.4,4.4,14,86.4,0
2014-10-01 11:49:50,5,64,20.8,55,14.1,1019.5,1024.4,3.4,4.8,14,86.4,0
2014-10-01 11:54:50,5,64,20.8,56,14.5,1019.5,1024.4,1.7,2.7,12,86.4,0
2014-10-01 11:59:50,5,64,20.9,55,14.6,1019.7,1024.6,3.4,4.1,14,86.4,0
2014-10-01 12:04:50,5,64,20.8,56,14.4,1019.8,1024.7,2,3.7,14,86.4,0
2014-10-01 12:09:50,5,64,20.9,54,14.2,1019.7,1024.6,0.7,1.4,0,86.4,0
2014-10-01 12:14:50,5,64,20.9,54,14,1019.8,1024.7,1.4,1.7,0,86.4,0
2014-10-01 12:19:50,5,64,20.9,55,14.2,1019.8,1024.7,1,1.7,10,86.4,0
2014-10-01 12:24:50,5,64,20.9,54,14.7,1019.7,1024.6,0.7,1,12,86.4,0
2014-10-01 12:29:50,5,64,20.9,54,15.6,1019.8,1024.7,0.7,1.4,12,86.4,0
2014-10-01 12:34:50,5,64,20.9,50,15.5,1019.8,1024.7,0.7,1.4,10,86.4,0
2014-10-01 12:39:50,5,63,20.9,49,15.8,1019.9,1024.8,3.1,3.7,12,86.4,0
2014-10-01 12:44:50,5,64,20.9,49,16,1019.8,1024.7,2.7,4.4,12,86.7,0
2014-10-01 12:49:50,5,64,20.9,49,16.8,1019.8,1024.7,1,1.7,12,86.7,0
2014-10-01 12:54:50,5,63,20.9,46,16.2,1020,1024.9,4.4,5.8,14,86.7,0
2014-10-01 12:59:50,5,57,20.9,51,15.9,1019.8,1024.7,1.7,3.4,2,86.7,0
2014-10-01 13:04:50,5,54,20.9,47,15.8,1019.9,1024.8,1.4,2.7,12,86.7,0
2014-10-01 13:09:50,5,52,20.9,49,15.5,1019.8,1024.7,1,1.7,10,86.7,0
2014-10-01 13:14:50,5,52,20.9,45,16.4,1019.9,1024.8,1.7,2.7,0,86.7,0
2014-10-01 13:19:50,5,50,20.8,45,16,1020.1,1025,1.7,2.4,14,86.7,0
2014-10-01 13:24:50,5,50,20.8,42,16,1020.1,1025,1.4,2.4,12,86.7,0
2014-10-01 13:29:50,5,49,20.9,44,15.5,1020.3,1025.2,1.7,2.7,12,86.7,0
2014-10-01 13:34:50,5,47,20.8,45,15,1020.2,1025.1,1.4,1.7,12,86.7,0
2014-10-01 13:39:50,5,47,20.8,46,15.2,1020,1024.9,0.7,1.4,10,86.7,0
2014-10-01 13:44:50,5,49,20.8,47,16,1020.2,1025.1,1,2,12,86.7,0
2014-10-01 13:49:50,5,50,20.8,49,16.9,1020.3,1025.2,1.4,2,12,86.7,0
2014-10-01 13:54:50,5,50,20.8,47,17,1020.2,1025.1,1,2,10,86.7,0
2014-10-01 13:59:50,5,50,20.9,45,17.1,1020.3,1025.2,1.4,1.7,10,86.7,0
2014-10-01 14:04:50,5,49,21,47,16.7,1020.3,1025.2,1.4,2,12,86.7,0
2014-10-01 14:09:50,5,49,21,47,16.6,1020.4,1025.3,1,1.4,10,86.7,0
2014-10-01 14:14:50,5,49,21,46,16.7,1020.3,1025.2,1.7,2.4,10,86.7,0
2014-10-01 14:19:50,5,49,21.1,45,16.4,1020.4,1025.3,1,2,10,86.7,0
2014-10-01 14:24:50,5,48,21.1,45,16.3,1020.5,1025.4,1.7,2.7,14,86.7,0
2014-10-01 14:29:50,5,47,21.1,45,16.2,1020.5,1025.4,2.4,3.1,12,86.7,0
2014-10-01 14:34:50,5,47,21.1,44,16,1020.5,1025.4,2,3.4,12,86.7,0
2014-10-01 14:39:50,5,46,21.1,45,16.1,1020.5,1025.4,1.7,3.1,12,86.7,0
2014-10-01 14:44:50,5,46,21.1,45,16.2,1020.5,1025.4,2.4,3.7,12,86.7,0
2014-10-01 14:49:50,5,49,21.2,44,16.2,1020.7,1025.6,1,1.7,12,86.7,0
2014-10-01 14:54:50,5,50,21.2,44,16.3,1020.7,1025.6,0.3,1.4,8,86.7,0
2014-10-01 14:59:50,5,50,21.3,45,16.5,1020.8,1025.7,2,3.4,12,86.7,0
2014-10-01 15:04:50,5,51,21.4,45,16.4,1020.8,1025.7,1.7,2.7,10,86.7,0
2014-10-01 15:09:50,5,52,21.5,45,16.3,1020.9,1025.8,0.7,1,14,86.7,0
2014-10-01 15:14:50,5,52,21.5,45,16.3,1020.9,1025.8,1,1.4,12,86.7,0
2014-10-01 15:19:50,5,53,21.5,45,16.3,1020.8,1025.7,1.7,3.1,11,86.7,0
2014-10-01 15:24:50,5,53,21.7,75,-22.4,1020.9,1025.8,2,2.7,10,86.7,0
2014-10-01 15:29:50,5,54,21.8,46,16,1021.1,1026,2.7,3.4,12,86.7,0
2014-10-01 15:34:50,5,54,21.9,49,15.9,1021,1025.9,0.7,1.4,10,86.7,0
2014-10-01 15:39:50,5,53,22,46,16.1,1021,1025.9,1.7,2.7,10,86.7,0
2014-10-01 15:44:50,5,54,22.1,47,16,1021.1,1026,1.4,2.4,12,86.7,0
2014-10-01 15:49:50,5,54,22.2,45,16,1021.1,1026,1.7,3.1,12,86.7,0
2014-10-01 15:54:50,5,54,22.3,46,15.7,1021,1025.9,1.7,3.7,12,86.7,0
2014-10-01 15:59:50,5,54,22.3,47,15.9,1021.1,1026,1,2.4,10,86.7,0
2014-10-01 16:04:50,5,54,22.3,43,15.9,1021.3,1026.2,1.4,2,12,86.7,0
2014-10-01 16:09:50,5,55,22.4,44,15.6,1021.4,1026.3,2.7,4.1,12,86.7,0
2014-10-01 16:14:50,5,55,22.4,44,15.5,1021.4,1026.3,1.7,2.7,10,86.7,0
2014-10-01 16:19:50,5,49,22.5,44,15.2,1021.4,1026.3,1.7,2.7,10,86.7,0
2014-10-01 16:24:50,5,49,22.4,45,15.1,1021.5,1026.4,1,1.7,10,86.7,0
2014-10-01 16:29:50,5,51,22.4,47,15.1,1021.6,1026.5,1,2,12,86.7,0
2014-10-01 16:34:50,5,52,22.4,48,15.1,1021.5,1026.4,0.7,1.4,14,86.7,0
2014-10-01 16:39:50,5,53,22.4,49,14.9,1021.6,1026.5,1,1.7,10,86.7,0
2014-10-01 16:44:50,5,53,22.4,50,14.3,1021.8,1026.7,0.7,1,10,86.7,0
2014-10-01 16:49:50,5,54,22.4,52,14,1021.5,1026.4,0.3,1,12,86.7,0
2014-10-01 16:54:50,5,54,22.3,54,13.8,1021.7,1026.6,0.3,1,10,86.7,0
2014-10-01 16:59:50,5,54,22.3,55,13.7,1021.9,1026.8,0,0.7,13,86.7,0
2014-10-01 17:04:50,5,52,22.3,55,13.7,1021.7,1026.6,0.3,1,10,86.7,0
2014-10-01 17:09:50,5,48,22.3,56,13.5,1021.7,1026.6,0.7,1.4,12,86.7,0
2014-10-01 17:14:50,5,43,22.2,57,13.3,1021.6,1026.5,0,0.7,11,86.7,0
2014-10-01 17:19:50,5,43,21.9,57,13.1,1021.9,1026.8,0.3,0.7,8,86.7,0
2014-10-01 17:24:50,5,43,21.8,58,12.9,1021.9,1026.8,0,0.3,10,86.7,0
2014-10-01 17:29:50,5,49,21.5,59,12.7,1022,1026.9,0.3,0.7,12,86.7,0
2014-10-01 17:34:50,5,51,21.4,60,12.5,1022,1026.9,0,0.3,10,86.7,0
2014-10-01 17:39:50,5,50,21.3,60,12.5,1022,1026.9,0,0.3,10,86.7,0
2014-10-01 17:44:50,5,47,21.2,60,12.3,1022.3,1027.2,0,0.3,10,86.7,0
2014-10-01 17:49:50,5,45,21,61,12,1022.2,1027.1,0,0.3,12,86.7,0
2014-10-01 17:54:50,5,45,20.8,62,11.9,1022.4,1027.3,0,0.3,8,86.7,0
2014-10-01 17:59:50,5,45,20.6,62,11.7,1022.3,1027.2,0,0.3,12,86.7,0
2014-10-01 18:04:50,5,45,20.5,62,11.5,1022.4,1027.3,0,0.3,8,86.7,0
2014-10-01 18:09:50,5,47,20.4,62,11.2,1022.6,1027.5,0,0.3,12,86.7,0
2014-10-01 18:14:50,5,50,20.4,62,11.1,1022.5,1027.4,0,0,12,86.7,0
2014-10-01 18:19:50,5,51,20.4,64,10.9,1022.5,1027.4,0,0.3,4,86.7,0
2014-10-01 18:24:50,5,51,20.4,64,10.7,1022.7,1027.6,0,0.3,4,86.7,0
2014-10-01 18:29:50,5,52,20.4,64,10.3,1022.7,1027.6,0.3,0.7,10,86.7,0
2014-10-01 18:34:50,5,53,20.4,65,10.2,1022.7,1027.6,0.7,1,8,86.7,0
2014-10-01 18:39:50,5,53,20.4,66,10,1022.8,1027.7,0,0,4,86.7,0
2014-10-01 18:44:50,5,52,20.4,67,9.8,1022.7,1027.6,0,0,4,86.7,0
2014-10-01 18:49:50,5,52,20.3,67,9.6,1022.8,1027.7,0,0.3,6,86.7,0
2014-10-01 18:54:50,5,53,20.3,68,9.5,1022.9,1027.8,0,0.3,6,86.7,0
2014-10-01 18:59:50,5,54,20.3,68,9.4,1022.9,1027.8,0,0.3,8,86.7,0
2014-10-01 19:04:50,5,54,20.3,68,9.2,1022.9,1027.8,0,0.3,6,86.7,0
2014-10-01 19:09:50,5,55,20.3,69,8.9,1023.1,1028,0,0.3,4,86.7,0
2014-10-01 19:14:50,5,54,20.4,69,8.7,1023.1,1028,0,0.3,8,86.7,0
2014-10-01 19:19:50,5,57,20.4,69,8.5,1023.1,1028,0,0,8,86.7,0
2014-10-01 19:24:50,5,60,20.4,69,8.3,1023.2,1028.1,0,0.3,4,86.7,0
2014-10-01 19:29:50,5,61,20.5,69,8.2,1023.1,1028,0,0.3,4,86.7,0
2014-10-01 19:34:50,5,62,20.5,69,8.1,1023.2,1028.1,0,0,4,86.7,0
2014-10-01 19:39:50,5,63,20.5,70,8,1023.3,1028.2,0,0.3,4,86.7,0
2014-10-01 19:44:50,5,64,20.6,70,8,1023.3,1028.2,0,0.3,4,86.7,0
2014-10-01 19:49:50,5,65,20.6,71,7.9,1023.3,1028.2,0,0.3,4,86.7,0
2014-10-01 19:54:50,5,65,20.6,71,7.9,1023.3,1028.2,0,0.3,4,86.7,0
2014-10-01 19:59:50,5,65,20.7,71,7.8,1023.3,1028.2,0,0.3,4,86.7,0
2014-10-01 20:04:50,5,65,20.7,71,7.8,1023.5,1028.4,0,0,4,86.7,0
2014-10-01 20:09:50,5,65,20.7,71,7.8,1023.5,1028.4,0,0.3,4,86.7,0
2014-10-01 20:14:50,5,65,20.7,71,7.7,1023.5,1028.4,0.3,0.7,4,86.7,0
2014-10-01 20:19:50,5,63,20.7,71,7.6,1023.3,1028.2,0.3,0.7,4,86.7,0
2014-10-01 20:24:50,5,60,20.6,71,7.5,1023.6,1028.5,0,0.3,4,86.7,0
2014-10-01 20:29:50,5,60,20.6,71,7.5,1023.4,1028.3,0,0,14,86.7,0
2014-10-01 20:34:50,5,61,20.6,71,7.4,1023.4,1028.3,0,0.3,4,86.7,0
2014-10-01 20:39:50,5,62,20.6,71,7.5,1023.3,1028.2,0,0.3,4,86.7,0
2014-10-01 20:44:50,5,62,20.6,71,7.5,1023.3,1028.2,0,0.3,4,86.7,0
2014-10-01 20:49:50,5,62,20.6,72,7.5,1023.5,1028.4,0,0.3,4,86.7,0
2014-10-01 20:54:50,5,62,20.6,72,7.4,1023.3,1028.2,0,0.7,4,86.7,0
2014-10-01 20:59:50,5,62,20.6,72,7.4,1023.5,1028.4,0.3,0.7,4,86.7,0
2014-10-01 21:04:50,5,62,20.6,72,7.4,1023.5,1028.4,0,0.3,1,86.7,0
2014-10-01 21:09:50,5,62,20.6,72,7.3,1023.6,1028.5,0.3,0.3,10,86.7,0
2014-10-01 21:14:50,5,62,20.5,72,7.3,1023.5,1028.4,0,0.7,12,86.7,0
2014-10-01 21:19:50,5,62,20.5,72,7.5,1023.4,1028.3,0.7,1,10,86.7,0
2014-10-01 21:24:50,5,62,20.5,72,7.8,1023.5,1028.4,0.3,1,10,86.7,0
2014-10-01 21:29:50,5,62,20.5,72,7.9,1023.5,1028.4,0.3,0.7,10,86.7,0
2014-10-01 21:34:50,5,62,20.5,72,8,1023.6,1028.5,0.3,0.7,10,86.7,0
2014-10-01 21:39:50,5,62,20.5,72,7.9,1023.6,1028.5,0,0.3,10,86.7,0
2014-10-01 21:44:50,5,62,20.5,72,7.7,1023.7,1028.6,0,0.7,10,86.7,0
2014-10-01 21:49:50,5,62,20.5,72,7.6,1023.6,1028.5,0.3,0.7,10,86.7,0
2014-10-01 21:54:50,5,62,20.5,72,7.6,1023.7,1028.6,0.3,1,10,86.7,0
2014-10-01 21:59:50,5,62,20.5,72,7.6,1023.7,1028.6,0.3,0.7,6,86.7,0
2014-10-01 22:04:50,5,62,20.5,72,7.5,1023.8,1028.7,0,0.3,14,86.7,0
2014-10-01 22:09:50,5,62,20.5,71,7.3,1023.7,1028.6,0,0.3,4,86.7,0
2014-10-01 22:14:50,5,62,20.4,72,7.3,1023.6,1028.5,0,0.3,4,86.7,0
2014-10-01 22:19:50,5,62,20.4,72,7.3,1023.7,1028.6,0,0.3,4,86.7,0
2014-10-01 22:24:50,5,62,20.4,72,7.3,1023.6,1028.5,0,0.7,4,86.7,0
2014-10-01 22:29:50,5,62,20.3,72,7.3,1023.8,1028.7,0,0,4,86.7,0
2014-10-01 22:34:50,5,63,20.4,72,7.3,1023.7,1028.6,0,0.3,4,86.7,0
2014-10-01 22:39:50,5,63,20.4,72,7.2,1023.7,1028.6,0,0.3,10,86.7,0
2014-10-01 22:44:50,5,63,20.3,72,7.2,1023.7,1028.6,0,0.3,6,86.7,0
2014-10-01 22:49:50,5,63,20.3,72,7.3,1023.6,1028.5,0.3,0.7,10,86.7,0
2014-10-01 22:54:50,5,63,20.3,71,7.3,1023.7,1028.6,0,0,10,86.7,0
2014-10-01 22:59:50,5,63,20.3,71,7.3,1023.6,1028.5,0,0.3,4,86.7,0
2014-10-01 23:04:50,5,63,20.3,71,7.1,1023.7,1028.6,0,0.3,6,86.7,0
2014-10-01 23:09:50,5,63,20.3,71,7,1023.8,1028.7,1,1.4,10,86.7,0
2014-10-01 23:14:50,5,63,20.3,71,7.2,1023.7,1028.6,0.3,0.7,10,86.7,0
2014-10-01 23:19:50,5,63,20.3,71,7.2,1023.8,1028.7,0.3,1,10,86.7,0
2014-10-01 23:24:50,5,63,20.3,71,7.2,1023.7,1028.6,0.3,0.7,10,86.7,0
2014-10-01 23:29:50,5,63,20.2,71,7.1,1023.7,1028.6,0.3,0.7,10,86.7,0
2014-10-01 23:34:50,5,63,20.3,71,7,1023.7,1028.6,0.3,0.7,10,86.7,0
2014-10-01 23:39:50,5,63,20.2,72,7,1023.7,1028.6,0.3,0.7,10,86.7,0
2014-10-01 23:44:50,5,63,20.2,72,7.2,1023.4,1028.3,0.3,1,10,86.7,0
2014-10-01 23:49:50,5,63,20.2,72,7.3,1023.6,1028.5,1,1.4,8,86.7,0
2014-10-01 23:54:50,5,63,20.2,72,7.4,1023.6,1028.5,0.7,1,10,86.7,0
2014-10-01 23:59:50,5,63,20.2,71,7.5,1023.7,1028.6,0.3,0.7,8,86.7,0
