2025-04-22 00:00:54,5,49,21,84,7.8,1011.5,1016.4,1.4,2,12,1795.2,0
2025-04-22 00:06:54,6,49,21,84,7.9,1011.4,1016.3,0.7,1,10,1795.2,0
2025-04-22 00:11:54,5,49,21,84,7.9,1011.4,1016.3,0.7,1,12,1795.2,0
2025-04-22 00:16:54,5,50,20.9,84,7.8,1011.5,1016.4,0.7,1,12,1795.2,0
2025-04-22 00:21:54,5,50,20.9,84,7.9,1011.5,1016.4,1,1.4,10,1795.2,0
2025-04-22 00:26:54,5,50,20.9,84,8,1011.4,1016.3,1.7,2.4,10,1795.2,0
2025-04-22 00:31:54,5,51,20.8,84,8,1011.4,1016.3,0.3,0.7,6,1795.2,0
2025-04-22 00:36:54,5,51,20.8,83,8,1011.3,1016.2,2,3.4,12,1795.2,0
2025-04-22 00:41:54,5,51,20.8,83,8,1011.4,1016.3,1,1.4,10,1795.2,0
2025-04-22 00:46:54,5,51,20.7,83,7.9,1011.4,1016.3,0.7,1,10,1795.2,0
2025-04-22 00:51:54,5,51,20.7,83,7.8,1011.2,1016.1,1.4,2,10,1795.2,0
2025-04-22 00:56:54,5,51,20.7,83,7.8,1011.2,1016.1,1,1.4,10,1795.2,0
2025-04-22 01:01:54,5,51,20.6,83,7.8,1011.2,1016.1,1.4,1.7,12,1795.2,0
2025-04-22 01:06:54,5,51,20.5,83,7.8,1011.3,1016.2,0.3,0.7,12,1795.2,0
2025-04-22 01:11:54,5,51,20.5,83,7.8,1011.3,1016.2,0.3,0.3,10,1795.2,0
2025-04-22 01:16:54,5,51,20.4,83,7.7,1011.2,1016.1,0.3,0.7,12,1795.2,0
2025-04-22 01:22:54,6,51,20.4,83,7.8,1011.2,1016.1,0.3,0.7,10,1795.2,0
2025-04-22 01:27:54,5,51,20.4,84,7.7,1011.2,1016.1,0.7,1,6,1795.2,0
2025-04-22 01:32:54,5,51,20.4,84,7.7,1011.2,1016.1,0.3,0.7,6,1795.2,0
2025-04-22 01:40:54,8,51,20.4,83,7.6,1011.1,1016,1,1.4,6,1795.2,0
2025-04-22 01:46:54,6,51,20.4,83,7.5,1011.2,1016.1,0.3,0.7,12,1795.2,0
2025-04-22 01:51:54,5,51,20.3,89,7.3,1011.1,1016,0.3,0.7,6,1795.2,0
2025-04-22 01:56:54,5,51,20.3,89,7.2,1011.2,1016.1,1,1.4,6,1795.2,0
2025-04-22 02:01:54,5,51,20.3,89,7.1,1011.2,1016.1,0.7,1,6,1795.2,0
2025-04-22 02:06:54,5,51,20.3,89,7,1011.1,1016,1,1.4,6,1795.2,0
2025-04-22 02:11:54,5,51,20.2,90,7,1011.1,1016,0.7,1.4,6,1795.2,0
2025-04-22 02:18:54,7,51,20.2,90,7,1011.2,1016.1,0.7,1.4,8,1795.2,0
2025-04-22 02:23:54,5,51,20.2,90,6.9,1011.1,1016,0.3,0.7,4,1795.2,0
2025-04-22 02:28:54,5,51,20.2,90,7,1010.9,1015.8,0.3,0.7,6,1795.2,0
2025-04-22 02:34:54,6,51,20.1,91,7.2,1011,1015.9,1,1.4,14,1795.2,0
2025-04-22 02:39:54,5,51,20.1,91,7.3,1010.9,1015.8,1,1.7,8,1795.2,0
2025-04-22 02:44:54,5,51,20.1,91,7.3,1011.1,1016,1.4,2,8,1795.2,0
2025-04-22 02:49:54,5,51,20.1,91,7.2,1011.1,1016,1.4,1.7,6,1795.2,0
2025-04-22 02:54:54,5,51,20.1,91,7.2,1011,1015.9,2,2.7,6,1795.2,0
2025-04-22 02:59:54,5,51,20.1,90,7.2,1010.9,1015.8,2.4,3.1,6,1795.2,0
2025-04-22 03:04:54,5,51,20.1,90,7.1,1010.8,1015.7,2.4,2.7,6,1795.2,0
2025-04-22 03:10:54,6,51,20,90,7.2,1010.7,1015.6,1.7,2,6,1795.2,0
2025-04-22 03:15:54,5,51,20,90,7.2,1010.7,1015.6,2,2.7,7,1795.2,0
2025-04-22 03:20:54,5,51,20,90,7.2,1010.7,1015.6,1.4,2.7,6,1795.2,0
2025-04-22 03:25:54,5,51,20,90,7.2,1010.7,1015.6,1.4,1.7,7,1795.2,0
2025-04-22 03:30:54,5,51,20,90,7.3,1010.6,1015.5,1.7,2.7,6,1795.2,0
2025-04-22 03:35:54,5,51,20,90,7.4,1010.5,1015.4,1.7,2.4,6,1795.2,0
2025-04-22 03:40:54,5,51,20,84,7.5,1010.5,1015.4,1,1.4,6,1795.2,0
2025-04-22 03:45:54,5,52,19.9,84,7.5,1010.5,1015.4,1.7,2.4,8,1795.2,0
2025-04-22 03:50:54,5,52,19.9,84,7.5,1010.5,1015.4,1.4,1.7,8,1795.2,0
2025-04-22 03:55:54,5,53,19.9,83,7.5,1010.5,1015.4,1,2,6,1795.2,0
2025-04-22 04:00:54,5,53,19.9,83,7.5,1010.3,1015.2,1.4,1.7,8,1795.2,0
2025-04-22 04:05:54,5,53,19.9,83,7.5,1010.2,1015.1,1.4,1.7,6,1795.2,0
2025-04-22 04:10:54,5,53,19.8,83,7.6,1010.3,1015.2,0.7,1.4,4,1795.2,0
2025-04-22 04:15:54,5,53,19.8,83,7.6,1010.1,1015,1.7,2.4,6,1795.2,0
2025-04-22 04:20:54,5,53,19.8,84,7.7,1010.1,1015,1.7,2.7,4,1795.2,0
2025-04-22 04:25:54,5,53,19.8,84,7.8,1010,1014.9,1.4,2,6,1795.2,0
2025-04-22 04:30:54,5,53,19.8,84,7.8,1010,1014.9,1,2,6,1795.2,0
2025-04-22 04:35:54,5,53,19.8,84,7.8,1009.9,1014.8,1,1.7,8,1795.2,0
2025-04-22 04:40:54,5,53,19.7,84,7.8,1009.9,1014.8,1.4,1.7,10,1795.2,0
2025-04-22 04:45:54,5,53,19.7,84,7.7,1009.9,1014.8,1.4,1.7,6,1795.2,0
2025-04-22 04:50:54,5,53,19.8,89,7.4,1010,1014.9,1.4,2,8,1795.2,0
2025-04-22 04:55:54,5,53,19.7,89,7.2,1009.8,1014.7,1.7,2.4,8,1795.2,0
2025-04-22 05:00:54,5,53,19.7,90,7.2,1009.8,1014.7,1.7,2,11,1795.2,0
2025-04-22 05:05:54,5,53,19.7,85,7.5,1009.8,1014.7,2.4,3.1,6,1795.2,0
2025-04-22 05:10:54,5,53,19.7,86,7.9,1009.9,1014.8,2,2.7,6,1795.2,0
2025-04-22 05:15:54,5,53,19.7,86,8.1,1009.8,1014.7,1.7,2.4,5,1795.2,0
2025-04-22 05:20:54,5,53,19.7,85,8.1,1009.9,1014.8,1.7,2.4,6,1795.2,0
2025-04-22 05:25:54,5,53,19.7,85,8.3,1009.9,1014.8,1.7,3.1,10,1795.2,0
2025-04-22 05:30:54,5,53,19.7,84,8.4,1009.7,1014.6,1.7,2.4,8,1795.2,0
2025-04-22 05:35:54,5,53,19.7,84,8.4,1009.7,1014.6,1.7,2.4,4,1795.2,0
2025-04-22 05:40:54,5,53,19.6,83,8.4,1009.7,1014.6,2.4,2.7,6,1795.2,0
2025-04-22 05:45:54,5,53,19.6,83,8.3,1009.8,1014.7,1.7,2.4,6,1795.2,0
2025-04-22 05:50:54,5,53,19.6,83,8.3,1009.6,1014.5,2,3.7,7,1795.2,0
2025-04-22 05:55:54,5,53,19.6,83,8.3,1009.9,1014.8,2.7,3.7,6,1795.2,0
2025-04-22 06:00:54,5,53,19.6,83,8.3,1009.7,1014.6,2.7,4.4,6,1795.2,0
2025-04-22 06:05:54,5,53,19.6,83,8.3,1009.7,1014.6,2.4,3.4,4,1795.2,0
2025-04-22 06:10:54,5,53,19.6,83,8.3,1009.7,1014.6,2,3.1,4,1795.2,0
2025-04-22 06:15:54,5,53,19.6,83,8.4,1009.8,1014.7,2.7,4.4,6,1795.2,0
2025-04-22 06:20:54,5,53,19.6,83,8.4,1009.8,1014.7,2.4,3.4,8,1795.2,0
2025-04-22 06:25:54,5,53,19.6,83,8.4,1009.6,1014.5,2.7,4.1,8,1795.2,0
2025-04-22 06:30:54,5,53,19.6,84,8.4,1009.6,1014.5,3.7,5.1,6,1795.2,0
2025-04-22 06:35:54,5,53,19.6,84,8.4,1009.8,1014.7,3.1,5.1,8,1795.2,0
2025-04-22 06:40:54,5,53,19.6,85,8.4,1009.7,1014.6,3.1,4.1,6,1795.2,0
2025-04-22 06:46:54,6,53,19.6,86,8.5,1009.8,1014.7,3.7,4.8,8,1795.2,0
2025-04-22 06:51:54,5,53,19.6,86,8.6,1009.6,1014.5,2.7,3.4,6,1795.2,0
2025-04-22 06:56:54,5,53,19.6,87,8.7,1009.6,1014.5,3.4,4.8,7,1795.2,0
2025-04-22 07:01:54,5,53,19.6,87,8.7,1009.4,1014.3,3.7,4.8,8,1795.2,0
2025-04-22 07:06:54,5,53,19.6,87,8.8,1009.5,1014.4,2.7,3.4,6,1795.2,0
2025-04-22 07:11:54,5,53,19.6,88,8.9,1009.3,1014.2,3.1,4.4,6,1795.2,0
2025-04-22 07:16:54,5,53,19.6,88,9,1009.3,1014.2,3.4,4.1,6,1795.2,0
2025-04-22 07:21:54,5,53,19.6,88,9.1,1009.3,1014.2,3.7,4.4,8,1795.2,0
2025-04-22 07:26:54,5,53,19.6,88,9.2,1009.3,1014.2,3.1,4.1,8,1795.2,0
2025-04-22 07:31:54,5,53,19.6,88,9.4,1009.1,1014,2.4,3.1,4,1795.2,0
2025-04-22 07:36:54,5,53,19.6,89,9.6,1009.2,1014.1,2,3.4,6,1795.2,0
2025-04-22 07:41:54,5,53,19.6,89,9.9,1009.1,1014,4.1,5.4,8,1795.2,0
2025-04-22 07:46:54,5,53,19.6,89,10.1,1009.1,1014,2,3.7,14,1795.2,0
2025-04-22 07:51:54,5,53,19.7,88,10.2,1008.9,1013.8,3.7,5.4,4,1795.2,0
2025-04-22 07:56:54,5,53,19.7,88,10.3,1008.8,1013.7,2.7,4.8,6,1795.2,0
2025-04-22 08:01:54,5,54,19.7,87,10.3,1008.8,1013.7,3.4,4.8,6,1795.2,0
2025-04-22 08:06:54,5,54,19.7,87,10.3,1008.7,1013.6,3.1,4.4,12,1795.2,0
2025-04-22 08:11:54,5,54,19.7,87,10.4,1008.7,1013.6,2.4,3.4,4,1795.2,0
2025-04-22 08:16:54,5,54,19.7,87,10.4,1008.8,1013.7,2,2.7,8,1795.2,0
2025-04-22 08:21:54,5,54,19.7,87,10.5,1008.7,1013.6,2,4.1,10,1795.2,0
2025-04-22 08:26:54,5,55,19.8,87,10.6,1008.5,1013.4,2.4,3.1,8,1795.2,0
2025-04-22 08:31:54,5,55,19.8,87,10.8,1008.6,1013.5,2.7,4.4,7,1795.2,0
2025-04-22 08:36:54,5,55,19.9,87,10.9,1008.6,1013.5,2.7,4.1,8,1795.2,0
2025-04-22 08:41:54,5,55,20,86,10.9,1008.5,1013.4,3.4,5.1,10,1795.2,0
2025-04-22 08:46:54,5,55,20,86,11,1008.5,1013.4,2.7,4.8,8,1795.2,0
2025-04-22 08:51:54,5,55,20.1,86,11,1008.2,1013.1,2.7,5.8,6,1795.2,0
2025-04-22 08:56:54,5,55,20.1,86,11.1,1008.4,1013.3,3.4,4.8,6,1795.2,0
2025-04-22 09:01:54,5,55,20.2,86,11.1,1008.1,1013,3.4,5.8,4,1795.2,0
2025-04-22 09:06:54,5,55,20.2,86,11.2,1008.2,1013.1,3.7,6.8,8,1795.2,0
2025-04-22 09:11:54,5,55,20.3,86,11.2,1008,1012.9,2.7,4.4,8,1795.2,0
2025-04-22 09:16:54,5,55,20.3,86,11.3,1007.9,1012.8,6.1,8.8,4,1795.2,0
2025-04-22 09:21:54,5,55,20.4,85,11.4,1007.9,1012.8,2.4,3.4,6,1795.2,0
2025-04-22 09:26:54,5,55,20.4,85,11.6,1007.7,1012.6,4.4,6.1,14,1795.2,0
2025-04-22 09:31:54,5,55,20.4,85,11.7,1007.6,1012.5,3.7,5.4,6,1795.2,0
2025-04-22 09:36:54,5,55,20.5,85,11.9,1007.5,1012.4,2,2.7,4,1795.2,0
2025-04-22 09:41:54,5,55,20.5,84,11.9,1007.5,1012.4,5.1,7.1,6,1795.2,0
2025-04-22 09:46:54,5,55,20.5,84,11.9,1007.6,1012.5,3.4,5.4,8,1795.2,0
2025-04-22 09:51:54,5,55,20.6,83,11.9,1007.5,1012.4,4.8,6.8,6,1795.2,0
2025-04-22 09:56:54,5,54,20.6,83,11.9,1007.4,1012.3,3.1,5.8,5,1795.2,0
2025-04-22 10:02:54,6,54,20.6,83,11.6,1007.3,1012.2,4.8,5.8,6,1795.2,0
2025-04-22 10:07:54,5,54,20.6,84,11.6,1007.3,1012.2,4.4,5.8,6,1795.2,0
2025-04-22 10:12:54,5,54,20.6,85,11.6,1007.1,1012,4.4,5.4,4,1795.2,0
2025-04-22 10:17:54,5,54,20.7,86,11.7,1007.1,1012,3.7,5.1,5,1795.2,0
2025-04-22 10:22:54,5,54,20.7,86,11.8,1007,1011.9,3.7,4.4,6,1795.2,0
2025-04-22 10:27:54,5,54,20.7,85,12,1007,1011.9,3.7,5.1,10,1795.2,0
2025-04-22 10:32:54,5,54,20.7,85,12.2,1007,1011.9,2.7,4.8,6,1795.2,0
2025-04-22 10:37:54,5,54,20.8,83,12.2,1006.8,1011.7,4.1,6.8,6,1795.2,0
2025-04-22 10:42:54,5,54,20.8,82,12.2,1006.8,1011.7,3.7,5.8,8,1795.2,0
2025-04-22 10:47:54,5,54,20.9,82,12.1,1006.6,1011.5,4.1,6.1,7,1795.2,0
2025-04-22 10:52:54,5,54,20.9,82,12.1,1006.6,1011.5,3.1,4.1,8,1795.2,0
2025-04-22 10:57:54,5,54,20.9,82,12,1006.6,1011.5,2.4,3.4,10,1795.2,0
2025-04-22 11:02:54,5,54,20.9,82,12,1006.6,1011.5,3.7,5.8,12,1795.2,0
2025-04-22 11:08:54,6,54,20.9,83,11.7,1006.5,1011.4,2.7,3.4,12,1795.2,0
2025-04-22 11:13:54,5,54,20.9,84,11.7,1006.2,1011.1,2.7,5.1,8,1795.2,0
2025-04-22 11:18:54,5,54,20.9,84,11.7,1006.2,1011.1,3.4,4.8,2,1795.2,0
2025-04-22 11:23:54,5,54,20.9,84,11.7,1006.2,1011.1,2.4,3.7,6,1795.2,0
2025-04-22 11:28:54,5,54,20.9,85,11.6,1006,1010.9,3.7,5.4,6,1795.2,0
2025-04-22 11:33:54,5,54,20.9,85,11.7,1005.8,1010.7,2.4,4.4,6,1795.2,0
2025-04-22 11:38:54,5,54,20.9,84,11.7,1005.7,1010.6,5.1,6.8,4,1795.2,0
2025-04-22 11:43:54,5,53,21,83,11.8,1005.8,1010.7,2,2.7,8,1795.2,0
2025-04-22 11:48:54,5,53,20.9,83,11.8,1005.6,1010.5,2,2.7,6,1795.2,0
2025-04-22 11:53:54,5,52,21,83,11.7,1005.5,1010.4,2.7,4.8,8,1795.2,0
2025-04-22 11:59:54,6,53,20.9,83,11.6,1005.6,1010.5,3.4,5.1,10,1795.2,0
2025-04-22 12:04:54,5,53,20.9,84,11.4,1005.4,1010.3,3.4,4.8,8,1795.5,0
2025-04-22 12:09:54,5,53,20.8,86,11.2,1005.4,1010.3,3.4,4.8,5,1795.5,0
2025-04-22 12:14:54,5,53,20.8,88,11.2,1005.1,1010,3.1,6.1,4,1795.8,0
2025-04-22 12:19:54,5,53,20.8,90,11.2,1005,1009.9,2.7,4.1,6,1795.8,0
2025-04-22 12:24:54,5,53,20.7,90,11.3,1004.9,1009.8,5.1,7.8,14,1796.1,0
2025-04-22 12:29:54,5,53,20.7,91,11.4,1004.8,1009.7,4.4,6.1,8,1796.4,0
2025-04-22 12:34:54,5,53,20.6,92,11.4,1004.5,1009.4,6.1,8.8,6,1796.4,0
2025-04-22 12:39:54,5,53,20.6,92,11.3,1004.7,1009.6,4.4,6.1,8,1796.7,0
2025-04-22 12:44:54,5,53,20.6,92,11.3,1004.7,1009.6,4.1,5.8,6,1796.7,0
2025-04-22 12:49:54,5,53,20.6,92,11.3,1004.5,1009.4,3.1,5.4,12,1797,0
2025-04-22 12:54:54,5,53,20.5,92,11.3,1004.4,1009.3,4.4,5.8,2,1797.3,0
2025-04-22 12:59:54,5,53,20.5,92,11.3,1004.4,1009.3,4.1,5.8,6,1797.3,0
2025-04-22 13:04:54,5,54,20.5,92,11.3,1004.3,1009.2,5.1,7.8,4,1797.6,0
2025-04-22 13:09:54,5,54,20.5,93,11.4,1004.3,1009.2,5.8,7.5,6,1797.9,0
2025-04-22 13:14:54,5,54,20.5,93,11.5,1003.9,1008.8,4.4,6.8,8,1797.9,0
2025-04-22 13:19:54,5,54,20.5,93,11.6,1003.9,1008.8,5.4,7.5,4,1798.2,0
2025-04-22 13:24:54,5,54,20.5,93,11.6,1003.8,1008.7,6.1,7.1,8,1798.2,0
2025-04-22 13:29:54,5,54,20.5,94,11.5,1003.7,1008.6,4.4,6.1,6,1798.8,0
2025-04-22 13:34:54,5,54,20.6,94,11.4,1003.6,1008.5,6.5,7.8,8,1799.1,0
2025-04-22 13:39:54,5,54,20.6,94,11.4,1003.5,1008.4,5.8,6.1,6,1799.4,0
2025-04-22 13:44:54,5,54,20.6,95,11.4,1003.4,1008.3,5.8,7.5,6,1799.7,0
2025-04-22 13:49:54,5,54,20.6,95,11.4,1003.4,1008.3,5.4,7.5,7,1800.3,0
2025-04-22 13:54:54,5,54,20.6,95,11.5,1003,1007.9,5.8,6.8,8,1800.6,0
2025-04-22 13:59:54,5,54,20.6,96,11.5,1002.9,1007.8,6.5,7.5,6,1800.9,0
2025-04-22 14:04:54,5,54,20.6,96,11.6,1002.7,1007.6,8.2,9.2,2,1801.2,0
2025-04-22 14:09:54,5,54,20.7,97,11.7,1002.7,1007.6,6.1,7.5,6,1801.5,0
2025-04-22 14:14:54,5,55,20.7,97,11.8,1002.6,1007.5,3.7,4.8,10,1801.8,0
2025-04-22 14:19:54,5,55,20.7,97,12,1002.6,1007.5,3.4,4.8,6,1801.8,0
2025-04-22 14:24:54,5,54,20.7,97,12.2,1002.5,1007.4,3.4,5.4,6,1802.1,0
2025-04-22 14:29:54,5,54,20.7,98,12.3,1002.2,1007.1,3.4,5.1,6,1802.1,0
2025-04-22 14:34:54,5,55,20.7,98,12.3,1002.3,1007.2,3.4,4.1,6,1802.1,0
2025-04-22 14:39:54,5,54,20.8,98,12.4,1002.3,1007.2,4.1,5.4,12,1802.1,0
2025-04-22 14:44:54,5,54,20.8,97,12.4,1002.2,1007.1,3.7,5.1,10,1802.1,0
2025-04-22 14:49:54,5,54,20.8,97,12.4,1002.1,1007,3.1,5.8,10,1802.4,0
2025-04-22 14:54:54,5,54,20.8,94,12.5,1001.9,1006.8,4.1,6.1,8,1802.4,0
2025-04-22 14:59:54,5,54,20.8,94,12.6,1001.8,1006.7,1.7,3.4,14,1802.4,0
2025-04-22 15:04:54,5,54,20.8,94,12.6,1001.6,1006.5,2.7,4.1,4,1802.4,0
2025-04-22 15:09:54,5,54,20.9,94,12.6,1001.6,1006.5,2.7,3.7,14,1802.7,0
2025-04-22 15:14:54,5,54,20.8,94,12.6,1001.4,1006.3,2.4,3.7,8,1802.7,0
2025-04-22 15:19:54,5,54,20.9,94,12.5,1001.4,1006.3,2.4,3.4,6,1802.7,0
2025-04-22 15:24:54,5,54,20.9,94,12.5,1001.6,1006.5,2.4,3.4,8,1802.7,0
2025-04-22 15:29:54,5,54,20.9,94,12.5,1001.4,1006.3,1.4,1.7,12,1802.7,0
2025-04-22 15:34:54,5,54,20.9,94,12.5,1001.4,1006.3,3.1,4.8,8,1802.7,0
2025-04-22 15:39:54,5,54,20.9,94,12.6,1001.5,1006.4,2.4,2.7,10,1802.7,0
2025-04-22 15:44:54,5,54,20.8,94,12.6,1002,1006.9,3.4,4.8,14,1803.9,0
2025-04-22 15:49:54,5,54,20.9,96,12.2,1002,1006.9,2,2.7,10,1804.2,0
2025-04-22 15:54:54,5,54,20.8,96,12.2,1002.1,1007,1.7,2.7,12,1804.2,0
2025-04-22 15:59:54,5,54,20.9,96,12.1,1002.1,1007,2.4,3.1,12,1804.2,0
2025-04-22 16:04:54,5,54,20.9,97,12.3,1002,1006.9,1.7,2,12,1804.2,0
2025-04-22 16:09:54,5,54,20.9,97,12.4,1002.1,1007,1.7,2.4,12,1804.2,0
2025-04-22 16:14:54,5,54,20.9,97,12.4,1001.9,1006.8,3.7,4.8,10,1804.2,0
2025-04-22 16:19:54,5,54,20.9,97,12.3,1002,1006.9,1.7,2.7,12,1804.2,0
2025-04-22 16:24:54,5,54,20.8,97,12.3,1001.9,1006.8,1.7,2,12,1804.2,0
2025-04-22 16:29:54,5,54,20.8,97,12.3,1002,1006.9,1.7,2.4,12,1804.2,0
2025-04-22 16:34:54,5,54,20.8,97,12.2,1002,1006.9,3.1,4.1,10,1804.2,0
2025-04-22 16:39:54,5,54,20.8,96,11.7,1002.1,1007,3.7,4.1,14,1804.8,0
2025-04-22 16:44:54,5,54,20.8,96,11.6,1002.1,1007,2,3.1,13,1804.8,0
2025-04-22 16:49:54,5,54,20.8,96,11.9,1002.1,1007,2,2.7,12,1804.8,0
2025-04-22 16:54:54,5,54,20.8,97,12.2,1001.9,1006.8,2.4,3.7,12,1804.8,0
2025-04-22 16:59:54,5,54,21,97,12.1,1001.2,1006.1,3.4,4.4,10,1804.8,0
2025-04-22 17:04:54,5,55,21.5,96,12.2,1002,1006.9,2.7,4.4,12,1804.8,0
2025-04-22 17:09:54,5,52,22.1,95,11.9,1002,1006.9,3.1,4.4,10,1804.8,0
2025-04-22 17:14:54,5,51,22.2,94,11.7,1002.1,1007,3.4,4.4,12,1804.8,0
2025-04-22 17:19:54,5,51,22.2,92,11.4,1002.1,1007,3.4,4.8,14,1804.8,0
2025-04-22 17:24:54,5,50,22,91,11.3,1002.2,1007.1,3.1,4.8,10,1804.8,0
2025-04-22 17:29:54,5,51,21.8,91,11.3,1002.1,1007,2.7,3.4,14,1804.8,0
2025-04-22 17:34:54,5,52,21.7,92,11.3,1001.6,1006.5,3.1,4.4,12,1804.8,0
2025-04-22 17:39:54,5,52,22.1,92,11.6,1002.3,1007.2,4.4,5.4,14,1804.8,0
2025-04-22 17:44:54,5,51,22.4,91,11.4,1002.4,1007.3,3.4,5.1,14,1804.8,0
2025-04-22 17:49:54,5,50,22.3,90,11.3,1002.3,1007.2,2.4,3.1,12,1804.8,0
2025-04-22 17:54:54,5,50,22.1,90,11.4,1002.4,1007.3,1.7,3.7,12,1804.8,0
2025-04-22 17:59:54,5,51,21.8,90,11.4,1002.3,1007.2,3.4,5.4,14,1804.8,0
2025-04-22 18:04:54,5,52,21.7,88,11.2,1002.3,1007.2,3.1,4.1,12,1804.8,0
2025-04-22 18:09:54,5,52,21.5,87,11.1,1002.3,1007.2,1.7,2.4,10,1804.8,0
2025-04-22 18:14:54,5,52,21.4,86,11.1,1002.4,1007.3,2.4,3.1,12,1804.8,0
2025-04-22 18:19:54,5,52,21.4,85,11.1,1002.3,1007.2,2,2.7,12,1804.8,0
2025-04-22 18:24:54,5,53,21.1,85,11,1002.4,1007.3,3.1,3.7,10,1804.8,0
2025-04-22 18:29:54,5,53,21.1,85,11,1002.6,1007.5,2,2.7,14,1804.8,0
2025-04-22 18:34:54,5,53,21.1,85,11,1002.7,1007.6,2,2.4,10,1804.8,0
2025-04-22 18:39:54,5,53,21,85,10.9,1002.6,1007.5,2,3.1,12,1804.8,0
2025-04-22 18:44:54,5,54,20.9,86,10.9,1002.7,1007.6,1.4,2,14,1804.8,0
2025-04-22 18:49:54,5,54,20.8,86,10.9,1002.7,1007.6,2,3.1,14,1804.8,0
2025-04-22 18:54:54,5,54,20.8,86,11,1002.8,1007.7,2.7,3.7,10,1804.8,0
2025-04-22 18:59:54,5,54,20.7,86,10.9,1002.7,1007.6,4.1,5.4,14,1804.8,0
2025-04-22 19:04:54,5,54,20.7,86,10.9,1002.7,1007.6,1.4,2,10,1804.8,0
2025-04-22 19:09:54,5,54,20.7,86,10.8,1002.7,1007.6,1.7,2,12,1804.8,0
2025-04-22 19:14:54,5,54,20.6,86,10.8,1002.9,1007.8,2,3.4,8,1804.8,0
2025-04-22 19:19:54,5,54,20.6,87,10.7,1002.8,1007.7,2,3.1,12,1804.8,0
2025-04-22 19:24:54,5,54,20.5,87,10.5,1002.8,1007.7,4.1,5.8,10,1804.8,0
2025-04-22 19:29:54,5,54,20.5,88,10.4,1002.8,1007.7,2.4,3.7,10,1804.8,0
2025-04-22 19:34:54,5,54,20.5,89,10.4,1002.9,1007.8,1.7,2,12,1804.8,0
2025-04-22 19:39:54,5,54,20.5,90,10.4,1002.9,1007.8,1.4,2,14,1804.8,0
2025-04-22 19:44:54,5,55,20.4,90,10.4,1002.7,1007.6,2,2.7,12,1804.8,0
2025-04-22 19:49:54,5,55,20.4,91,10.4,1002.9,1007.8,3.1,3.7,12,1804.8,0
2025-04-22 19:54:54,5,55,20.4,91,10.4,1002.8,1007.7,3.4,4.8,12,1804.8,0
2025-04-22 19:59:54,5,55,20.4,92,10.4,1003,1007.9,1.7,2.7,12,1804.8,0
2025-04-22 20:04:54,5,55,20.4,92,10.4,1003,1007.9,1,1.4,12,1804.8,0
2025-04-22 20:09:54,5,55,20.4,92,10.3,1003.1,1008,0.7,0.7,12,1804.8,0
2025-04-22 20:14:54,5,56,20.4,93,10.3,1003.2,1008.1,1.7,2.7,12,1804.8,0
2025-04-22 20:19:54,5,56,20.4,93,10.3,1003,1007.9,1.7,2.7,10,1804.8,0
2025-04-22 20:24:54,5,56,20.5,93,10.2,1003.1,1008,2,3.7,10,1805.1,0
2025-04-22 20:29:54,5,56,20.6,93,10.2,1003.1,1008,1.4,2,12,1805.1,0
2025-04-22 20:34:54,5,56,20.7,93,10.1,1003,1007.9,2,2.4,12,1805.1,0
2025-04-22 20:39:54,5,55,20.7,94,10.1,1003.1,1008,1.7,2.7,12,1805.1,0
2025-04-22 20:44:54,5,55,20.7,94,10,1003.1,1008,1,1.4,12,1805.1,0
2025-04-22 20:49:54,5,55,20.7,94,10,1003.3,1008.2,0.7,1,12,1805.1,0
2025-04-22 20:54:54,5,55,20.7,94,10,1003,1007.9,0.7,1,12,1805.1,0
2025-04-22 20:59:54,5,55,20.8,94,9.9,1003,1007.9,1.7,2.4,12,1805.1,0
2025-04-22 21:04:54,5,55,20.8,94,9.9,1003,1007.9,1.7,2.4,12,1805.1,0
2025-04-22 21:09:54,5,55,20.9,94,9.9,1003.1,1008,1.7,2.4,14,1805.1,0
2025-04-22 21:14:54,5,55,20.9,95,9.9,1003.1,1008,2.4,2.7,11,1805.1,0
2025-04-22 21:19:54,5,54,21,95,10,1003.2,1008.1,2.4,3.4,12,1805.1,0
2025-04-22 21:24:54,5,55,20.9,95,10,1003.1,1008,1.7,2,14,1805.1,0
2025-04-22 21:29:54,5,55,20.9,95,10.1,1002.9,1007.8,1.4,1.7,12,1805.1,0
2025-04-22 21:34:54,5,55,20.9,95,10.1,1003.2,1008.1,1.7,2.4,10,1805.1,0
2025-04-22 21:39:54,5,55,20.8,95,10.1,1003.2,1008.1,1.7,2.4,10,1805.1,0
2025-04-22 21:44:54,5,55,20.8,95,10.1,1003.4,1008.3,1.4,1.7,12,1805.1,0
2025-04-22 21:49:54,5,55,20.8,96,10.2,1003.2,1008.1,1.7,2,12,1805.1,0
2025-04-22 21:54:54,5,55,20.7,96,10.2,1003.4,1008.3,0.7,1.4,12,1805.1,0
2025-04-22 21:59:54,5,55,20.7,96,10.2,1003.5,1008.4,1,1.4,10,1805.1,0
2025-04-22 22:04:54,5,55,20.7,96,10.2,1003.6,1008.5,1,1.4,12,1805.1,0
2025-04-22 22:09:54,5,55,20.7,96,10.2,1003.6,1008.5,1,1.4,12,1805.1,0
2025-04-22 22:14:54,5,55,20.6,96,10.2,1003.7,1008.6,1,1.4,10,1805.1,0
2025-04-22 22:19:54,5,55,20.6,96,10.2,1003.8,1008.7,0.3,0.7,10,1805.1,0
2025-04-22 22:24:54,5,55,20.5,96,10.2,1003.7,1008.6,1.7,2,12,1805.1,0
2025-04-22 22:29:54,5,55,20.5,96,10.2,1003.7,1008.6,1,1.4,12,1805.1,0
2025-04-22 22:34:54,5,55,20.5,97,10.2,1003.7,1008.6,1,1.4,12,1805.1,0
2025-04-22 22:39:54,5,55,20.4,97,10.2,1003.8,1008.7,1,1,10,1805.1,0
2025-04-22 22:44:54,5,55,20.4,97,10.2,1003.8,1008.7,1,1.4,12,1805.1,0
2025-04-22 22:49:54,5,55,20.4,97,10.2,1004,1008.9,0.3,0.7,10,1805.1,0
2025-04-22 22:54:54,5,55,20.4,97,10.2,1003.9,1008.8,0.3,0.3,10,1805.1,0
2025-04-22 22:59:54,5,55,20.4,97,10.2,1004,1008.9,0.7,1,12,1805.1,0
2025-04-22 23:04:54,5,55,20.3,97,10.2,1004.1,1009,0.3,0.7,12,1805.1,0
2025-04-22 23:09:54,5,55,20.3,97,10.2,1004.2,1009.1,0.7,1,10,1805.1,0
2025-04-22 23:14:54,5,55,20.2,97,10.2,1004.2,1009.1,0.7,1,10,1805.1,0
2025-04-22 23:19:54,5,55,20.2,98,10.2,1004.2,1009.1,0.3,0.7,10,1805.1,0
2025-04-22 23:24:54,5,55,20.2,98,10.2,1004.3,1009.2,0.3,0.7,10,1805.1,0
2025-04-22 23:29:54,5,55,20.2,98,10.2,1004.1,1009,0.3,0.7,10,1805.1,0
2025-04-22 23:34:54,5,55,20.2,98,10.2,1004.3,1009.2,0,0.3,10,1805.1,0
2025-04-22 23:39:54,5,55,20.1,98,10.2,1004.4,1009.3,0,0,10,1805.1,0
2025-04-22 23:44:54,5,55,20.1,98,10.1,1004.5,1009.4,0,0,10,1805.1,0
2025-04-22 23:49:54,5,55,20.1,98,10,1004.5,1009.4,0,0,10,1805.1,0
2025-04-22 23:54:54,5,55,20.1,98,10,1004.5,1009.4,0,0,10,1805.1,0
2025-04-22 23:59:54,5,55,20.1,98,9.9,1004.6,1009.5,0,0,14,1805.1,0
