2025-04-01 00:00:00,5,57,20,70,7.7,1021.6,1026.5,2,2.7,6,1761.6,0
2025-04-01 00:05:00,5,57,20,70,7.6,1021.5,1026.4,1.7,2,6,1761.6,0
2025-04-01 00:10:00,5,57,20,71,7.5,1021.5,1026.4,3.1,4.4,6,1761.6,0
2025-04-01 00:15:00,5,57,20,71,7.6,1021.4,1026.3,2.4,3.1,6,1761.6,0
2025-04-01 00:20:00,5,57,20,71,7.6,1021.5,1026.4,2,2.7,6,1761.6,0
2025-04-01 00:25:00,5,57,20,71,7.6,1021.5,1026.4,2,2.4,6,1761.6,0
2025-04-01 00:30:00,5,58,19.9,71,7.5,1021.5,1026.4,0.7,1,4,1761.6,0
2025-04-01 00:35:00,5,58,19.9,76,7.4,1021.5,1026.4,1,1.4,4,1761.6,0
2025-04-01 00:40:00,5,58,19.9,77,7.1,1021.5,1026.4,1.7,2,4,1761.6,0
2025-04-01 00:45:00,5,58,19.9,78,7,1021.4,1026.3,1.7,2,4,1761.6,0
2025-04-01 00:50:00,5,58,19.9,80,6.9,1021.3,1026.2,2,2.4,4,1761.6,0
2025-04-01 00:55:00,5,58,19.8,80,6.9,1021.3,1026.2,0.7,1.4,4,1761.6,0
2025-04-01 01:00:00,5,58,19.8,80,6.7,1021.3,1026.2,0.7,1,4,1761.6,0
2025-04-01 01:05:00,5,58,19.8,81,6.6,1021,1025.9,1.4,2,4,1761.6,0
2025-04-01 01:10:00,5,58,19.8,81,6.7,1021.1,1026,1,1.4,4,1761.6,0
2025-04-01 01:15:00,5,58,19.8,82,6.8,1021.2,1026.1,0.3,1,4,1761.6,0
2025-04-01 01:20:00,5,58,19.8,82,6.8,1020.9,1025.8,0.7,1,4,1761.6,0
2025-04-01 01:25:00,5,58,19.8,83,6.9,1021.1,1026,1,1.4,6,1761.6,0
2025-04-01 01:30:00,5,58,19.7,83,6.9,1021.2,1026.1,0,0.3,4,1761.6,0
2025-04-01 01:35:00,5,58,19.7,83,6.9,1021.1,1026,0.7,1,4,1761.6,0
2025-04-01 01:40:00,5,58,19.7,83,7,1021,1025.9,0.7,1,5,1761.6,0
2025-04-01 01:45:00,5,58,19.7,84,7.1,1020.9,1025.8,1.4,1.7,5,1761.6,0
2025-04-01 01:50:00,5,58,19.7,84,7.1,1021,1025.9,0.7,1,6,1761.6,0
2025-04-01 01:54:59,5,58,19.7,84,7,1020.8,1025.7,1.7,2.4,3,1761.6,0
2025-04-01 01:59:59,5,58,19.7,84,7.1,1020.8,1025.7,1.7,2,6,1761.6,0
2025-04-01 02:04:59,5,58,19.7,84,7.1,1020.8,1025.7,1.7,2.7,6,1761.6,0
2025-04-01 02:09:59,5,58,19.6,84,7.1,1020.8,1025.7,2,3.1,8,1761.6,0
2025-04-01 02:14:59,5,58,19.6,84,7,1020.7,1025.6,1.7,2.4,6,1761.6,0
2025-04-01 02:19:59,5,58,19.6,85,6.9,1020.6,1025.5,2,2.4,6,1761.6,0
2025-04-01 02:24:59,5,58,19.6,85,6.9,1020.7,1025.6,1.7,2,6,1761.6,0
2025-04-01 02:29:59,5,58,19.6,85,6.9,1020.7,1025.6,1.7,2.4,6,1761.6,0
2025-04-01 02:34:59,5,58,19.6,85,6.8,1020.6,1025.5,1.7,2.4,6,1761.6,0
2025-04-01 02:39:59,5,58,19.6,85,6.7,1020.7,1025.6,1.7,2,6,1761.6,0
2025-04-01 02:44:59,5,58,19.6,86,6.7,1020.7,1025.6,1.4,1.7,4,1761.6,0
2025-04-01 02:49:59,5,58,19.6,86,6.6,1020.5,1025.4,1.7,2,6,1761.6,0
2025-04-01 02:54:59,5,57,19.6,86,6.6,1020.4,1025.3,1.7,2.4,6,1761.6,0
2025-04-01 02:59:59,5,57,19.6,86,6.6,1020.5,1025.4,1.7,2,6,1761.6,0
2025-04-01 03:04:59,5,57,19.6,87,6.5,1020.5,1025.4,1.7,2.7,6,1761.6,0
2025-04-01 03:09:59,5,57,19.6,87,6.4,1020.2,1025.1,1.7,2.4,6,1761.6,0
2025-04-01 03:14:59,5,57,19.5,87,6.4,1020.4,1025.3,2.4,3.1,6,1761.6,0
2025-04-01 03:19:59,5,57,19.5,87,6.3,1020.5,1025.4,2,2.7,6,1761.6,0
2025-04-01 03:24:59,5,57,19.5,88,6.3,1020.5,1025.4,2.4,3.4,6,1761.6,0
2025-04-01 03:29:59,5,57,19.5,88,6.4,1020.4,1025.3,1.4,2,8,1761.6,0
2025-04-01 03:34:59,5,57,19.5,89,6.4,1020.4,1025.3,1.7,2.4,6,1761.6,0
2025-04-01 03:39:59,5,57,19.5,89,6.4,1020.3,1025.2,1.7,2.4,6,1761.6,0
2025-04-01 03:44:59,5,57,19.5,89,6.4,1020.4,1025.3,1.4,1.7,6,1761.6,0
2025-04-01 03:49:59,5,57,19.5,89,6.3,1020.2,1025.1,1.4,2,4,1761.6,0
2025-04-01 03:54:59,5,57,19.4,89,6.3,1020.2,1025.1,1.7,2.4,6,1761.6,0
2025-04-01 03:59:59,5,57,19.4,89,6.4,1020.3,1025.2,1.4,1.7,4,1761.6,0
2025-04-01 04:04:59,5,57,19.5,89,6.3,1020.2,1025.1,1,1.7,4,1761.6,0
2025-04-01 04:09:59,5,57,19.4,89,6.2,1020.2,1025.1,1,1.4,4,1761.6,0
2025-04-01 04:14:59,5,57,19.4,89,6.1,1020.1,1025,1,1.7,2,1761.6,0
2025-04-01 04:19:59,5,57,19.4,89,6,1020,1024.9,1.4,1.7,6,1761.6,0
2025-04-01 04:24:59,5,57,19.4,89,5.9,1019.9,1024.8,1.7,2.4,6,1761.6,0
2025-04-01 04:29:59,5,57,19.4,89,5.8,1020.1,1025,1,1.4,6,1761.6,0
2025-04-01 04:34:59,5,57,19.4,89,5.8,1019.9,1024.8,0.7,1,6,1761.6,0
2025-04-01 04:39:59,5,57,19.4,90,5.8,1019.9,1024.8,0.7,1.4,2,1761.6,0
2025-04-01 04:44:59,5,57,19.4,90,6,1019.7,1024.6,1.7,2.4,3,1761.6,0
2025-04-01 04:49:59,5,57,19.3,90,6.1,1019.6,1024.5,1,1.4,2,1761.6,0
2025-04-01 04:54:59,5,57,19.3,90,6.2,1019.6,1024.5,2,3.1,4,1761.6,0
2025-04-01 05:00:01,5,57,19.3,90,6.3,1019.5,1024.4,2.4,3.1,6,1761.6,0
2025-04-01 05:05:00,5,57,19.2,90,6.3,1019.7,1024.6,2,2.7,6,1761.6,0
2025-04-01 05:10:00,5,57,19.3,91,6.4,1019.6,1024.5,2.4,3.4,6,1761.6,0
2025-04-01 05:15:00,5,57,19.3,90,6.4,1019.6,1024.5,2,3.4,3,1761.6,0
2025-04-01 05:20:00,5,57,19.3,90,6.4,1019.6,1024.5,1.4,2,14,1761.6,0
2025-04-01 05:25:00,5,57,19.2,90,6.4,1019.5,1024.4,1.7,2.4,6,1761.6,0
2025-04-01 05:30:00,5,57,19.3,90,6.4,1019.6,1024.5,2.7,3.7,6,1761.6,0
2025-04-01 05:35:00,5,57,19.3,90,6.4,1019.6,1024.5,3.1,4.4,6,1761.6,0
2025-04-01 05:40:00,5,57,19.2,90,6.6,1019.5,1024.4,3.7,5.1,6,1761.6,0
2025-04-01 05:45:00,5,57,19.2,90,6.7,1019.4,1024.3,4.4,5.1,6,1761.6,0
2025-04-01 05:50:00,5,57,19.2,89,6.8,1019.3,1024.2,4.1,4.8,6,1761.6,0
2025-04-01 05:55:00,5,57,19.2,88,6.8,1019.3,1024.2,4.8,5.8,8,1761.6,0
2025-04-01 06:00:00,5,57,19.2,88,6.9,1019.3,1024.2,4.4,5.4,6,1761.6,0
2025-04-01 06:05:00,5,57,19.3,87,6.9,1019.4,1024.3,3.7,4.4,6,1761.6,0
2025-04-01 06:10:00,5,57,19.2,86,6.7,1019.3,1024.2,3.4,4.4,6,1761.6,0
2025-04-01 06:15:00,5,57,19.2,86,6.6,1019.4,1024.3,2.7,3.4,6,1761.6,0
2025-04-01 06:20:00,5,57,19.2,86,6.5,1019.4,1024.3,3.1,4.1,8,1761.6,0
2025-04-01 06:25:00,5,57,19.2,86,6.4,1019.5,1024.4,3.1,4.1,6,1761.6,0
2025-04-01 06:30:00,5,57,19.1,87,6.4,1019.3,1024.2,3.1,4.4,6,1761.6,0
2025-04-01 06:35:00,5,57,19.1,87,6.5,1019.3,1024.2,2.7,3.7,6,1761.6,0
2025-04-01 06:40:00,5,57,19.2,87,6.6,1019.5,1024.4,2,2.7,6,1761.6,0
2025-04-01 06:45:00,5,57,19.2,87,6.6,1019.6,1024.5,1.7,2.4,6,1761.6,0
2025-04-01 06:50:00,5,57,19.1,87,6.9,1019.7,1024.6,1.7,2.4,8,1761.6,0
2025-04-01 06:55:00,5,57,19.1,86,7.3,1019.7,1024.6,1.4,2,6,1761.6,0
2025-04-01 07:00:00,5,57,19.2,80,7.6,1019.6,1024.5,1.7,3.1,4,1761.6,0
2025-04-01 07:05:00,5,57,19.2,79,7.6,1019.7,1024.6,2.7,3.4,6,1761.6,0
2025-04-01 07:10:00,5,57,19.3,78,7.7,1019.7,1024.6,2,3.1,8,1761.6,0
2025-04-01 07:15:00,5,57,19.2,77,7.9,1019.7,1024.6,2.4,3.4,6,1761.6,0
2025-04-01 07:20:00,5,57,19.3,76,7.9,1019.7,1024.6,2.4,3.1,6,1761.6,0
2025-04-01 07:25:00,5,58,19.2,75,8,1019.5,1024.4,3.1,4.1,6,1761.6,0
2025-04-01 07:30:00,5,58,19.3,75,7.9,1019.5,1024.4,3.4,4.1,6,1761.6,0
2025-04-01 07:35:00,5,58,19.3,75,7.9,1019.7,1024.6,4.1,5.4,8,1761.6,0
2025-04-01 07:40:00,5,58,19.3,76,8.2,1019.7,1024.6,3.7,5.1,6,1761.6,0
2025-04-01 07:45:00,5,58,19.3,75,8.4,1019.8,1024.7,4.4,6.1,6,1761.6,0
2025-04-01 07:50:00,5,58,19.3,74,8.7,1019.8,1024.7,4.1,5.1,6,1761.6,0
2025-04-01 07:55:00,5,58,19.4,74,8.8,1019.8,1024.7,2.7,3.4,6,1761.6,0
2025-04-01 08:00:00,5,58,19.4,73,8.6,1019.9,1024.8,2.4,3.1,8,1761.6,0
2025-04-01 08:05:00,5,58,19.4,74,8.9,1019.7,1024.6,3.1,4.1,6,1761.6,0
2025-04-01 08:10:00,5,58,19.4,73,9.2,1019.6,1024.5,4.1,4.8,6,1761.6,0
2025-04-01 08:15:00,5,58,19.4,72,9.4,1019.8,1024.7,4.1,6.1,8,1761.6,0
2025-04-01 08:20:00,5,58,19.5,72,9.6,1019.7,1024.6,4.1,5.1,8,1761.6,0
2025-04-01 08:25:00,5,58,19.5,72,9.9,1019.7,1024.6,3.4,5.1,6,1761.6,0
2025-04-01 08:30:00,5,58,19.5,71,10,1019.7,1024.6,4.1,5.1,6,1761.6,0
2025-04-01 08:35:00,5,59,19.6,71,10.1,1019.7,1024.6,3.7,4.4,6,1761.6,0
2025-04-01 08:40:00,5,59,19.6,71,10.4,1019.5,1024.4,3.7,5.1,6,1761.6,0
2025-04-01 08:45:00,5,59,19.6,71,10.6,1019.7,1024.6,2.7,3.7,6,1761.6,0
2025-04-01 08:50:00,5,59,19.7,70,10.5,1019.8,1024.7,3.4,4.8,6,1761.6,0
2025-04-01 08:55:00,5,59,19.8,70,10.8,1019.6,1024.5,3.1,4.8,8,1761.6,0
2025-04-01 09:00:00,5,59,19.9,70,11,1019.6,1024.5,3.1,3.7,6,1761.6,0
2025-04-01 09:05:00,5,58,20,70,11.3,1019.6,1024.5,3.1,4.8,6,1761.6,0
2025-04-01 09:10:00,5,58,20,69,11.4,1019.8,1024.7,3.7,4.8,4,1761.6,0
2025-04-01 09:15:00,5,58,20.1,68,10.7,1019.6,1024.5,4.8,6.1,4,1761.6,0
2025-04-01 09:20:00,5,58,20.1,70,10.6,1019.5,1024.4,3.1,4.8,10,1761.6,0
2025-04-01 09:25:00,5,58,20.2,70,11.1,1019.5,1024.4,3.4,4.8,8,1761.6,0
2025-04-01 09:30:00,5,58,20.2,70,11.2,1019.4,1024.3,4.4,5.8,6,1761.6,0
2025-04-01 09:35:00,5,58,20.3,69,11.3,1019.5,1024.4,8.2,10.5,6,1761.6,0
2025-04-01 09:40:00,5,57,20.3,68,11.5,1019.2,1024.1,5.4,7.5,6,1761.6,0
2025-04-01 09:45:00,5,57,20.4,67,11.3,1019.4,1024.3,7.1,9.2,6,1761.6,0
2025-04-01 09:50:00,5,57,20.4,68,11,1019.3,1024.2,5.8,7.5,6,1761.6,0
2025-04-01 09:55:00,5,57,20.4,68,11.3,1019.4,1024.3,5.8,7.8,6,1761.6,0
2025-04-01 10:00:00,5,57,20.4,68,12,1019.4,1024.3,3.4,4.1,6,1761.6,0
2025-04-01 10:05:00,5,57,20.5,66,12.1,1019.5,1024.4,3.1,5.1,6,1761.6,0
2025-04-01 10:10:00,5,57,20.5,66,12.4,1019.5,1024.4,3.4,4.4,6,1761.6,0
2025-04-01 10:15:00,5,57,20.6,62,12.5,1019.3,1024.2,3.1,4.1,4,1761.6,0
2025-04-01 10:20:00,5,57,20.6,61,12.6,1019.4,1024.3,4.1,4.8,6,1761.6,0
2025-04-01 10:25:00,5,57,20.6,61,12.5,1019.3,1024.2,4.4,5.8,6,1761.6,0
2025-04-01 10:30:00,5,57,20.7,61,12.5,1019.3,1024.2,4.4,6.1,6,1761.6,0
2025-04-01 10:35:00,5,57,20.7,64,12.2,1019.2,1024.1,4.4,5.8,6,1761.6,0
2025-04-01 10:40:00,5,57,20.7,65,12.2,1019.2,1024.1,5.4,7.5,6,1761.6,0
2025-04-01 10:45:00,5,57,20.8,65,12.3,1019.1,1024,4.4,6.1,6,1761.6,0
2025-04-01 10:50:00,5,57,20.8,61,12.8,1019,1023.9,4.4,6.1,6,1761.6,0
2025-04-01 10:55:00,5,57,20.8,61,13.1,1019,1023.9,3.7,4.4,6,1761.6,0
2025-04-01 11:00:00,5,57,20.8,60,13.1,1018.9,1023.8,5.1,6.8,8,1761.6,0
2025-04-01 11:05:00,5,57,20.9,60,13,1019,1023.9,5.1,6.5,4,1761.6,0
2025-04-01 11:10:00,5,56,20.9,60,13,1019,1023.9,5.8,7.8,6,1761.6,0
2025-04-01 11:15:00,5,56,20.9,60,13,1019,1023.9,3.7,6.1,4,1761.6,0
2025-04-01 11:20:00,5,56,20.9,60,13.2,1018.9,1023.8,4.1,6.5,8,1761.6,0
2025-04-01 11:25:00,5,55,21,60,13.1,1019.1,1024,3.7,5.1,6,1761.6,0
2025-04-01 11:30:00,5,55,21,60,12.8,1018.9,1023.8,3.4,4.4,6,1761.6,0
2025-04-01 11:35:00,5,56,20.9,60,12.8,1018.7,1023.6,4.4,6.1,6,1761.6,0
2025-04-01 11:40:00,5,56,20.9,61,13.2,1018.7,1023.6,4.1,5.8,6,1761.6,0
2025-04-01 11:45:00,5,55,21,60,13.1,1018.6,1023.5,5.8,7.1,6,1761.6,0
2025-04-01 11:50:00,5,55,21,59,12.9,1018.5,1023.4,6.5,8.8,6,1761.6,0
2025-04-01 11:55:00,5,55,21,60,13.5,1018.6,1023.5,6.1,7.1,6,1761.6,0
2025-04-01 12:00:00,5,55,21,58,13.5,1018.5,1023.4,4.4,5.4,6,1761.6,0
2025-04-01 12:05:00,5,55,21,58,13.9,1018.4,1023.3,5.8,7.1,4,1761.6,0
2025-04-01 12:10:00,5,55,21,55,14,1018.2,1023.1,7.8,8.8,8,1761.6,0
2025-04-01 12:15:00,5,55,21,53,13.7,1018.4,1023.3,7.5,10.5,6,1761.6,0
2025-04-01 12:20:00,5,55,21,54,13.7,1018.5,1023.4,7.1,8.2,6,1761.6,0
2025-04-01 12:25:00,5,54,21,53,14.1,1018.3,1023.2,6.1,8.8,6,1761.6,0
2025-04-01 12:30:00,5,54,21,52,14.5,1018.3,1023.2,5.8,7.8,6,1761.6,0
2025-04-01 12:35:00,5,54,21,50,15,1018.1,1023,5.4,7.8,6,1761.6,0
2025-04-01 12:40:00,5,53,21.1,44,15.4,1018.1,1023,7.8,10.2,6,1761.6,0
2025-04-01 12:45:00,5,53,21.1,44,15,1018,1022.9,6.5,7.8,6,1761.6,0
2025-04-01 12:50:00,5,53,21.1,48,15,1017.9,1022.8,6.8,8.5,7,1761.6,0
2025-04-01 12:55:00,5,53,21.1,45,14.7,1018,1022.9,8.5,9.9,4,1761.6,0
2025-04-01 13:00:00,5,54,21.1,45,15.1,1018,1022.9,7.5,10.2,6,1761.6,0
2025-04-01 13:05:00,5,54,21.1,44,15.4,1018.1,1023,4.4,5.8,6,1761.6,0
2025-04-01 13:10:00,5,54,21.1,43,14.7,1017.8,1022.7,6.1,7.1,6,1761.6,0
2025-04-01 13:15:00,5,54,21.1,46,14.8,1018,1022.9,4.8,7.1,4,1761.6,0
2025-04-01 13:20:00,5,53,21.1,43,14.5,1017.8,1022.7,6.5,8.5,6,1761.6,0
2025-04-01 13:25:00,5,54,21.1,43,14.5,1017.6,1022.5,7.1,9.2,7,1761.6,0
2025-04-01 13:30:00,5,54,21.1,44,14.6,1017.8,1022.7,6.1,7.5,6,1761.6,0
2025-04-01 13:35:00,5,54,21.1,46,14.9,1017.6,1022.5,6.5,8.2,6,1761.6,0
2025-04-01 13:40:00,5,54,21.1,46,15.3,1017.4,1022.3,5.4,7.1,6,1761.6,0
2025-04-01 13:45:00,5,54,21.4,43,15.5,1017.6,1022.5,6.5,8.2,8,1761.6,0
2025-04-01 13:50:00,5,54,21.4,41,15.9,1017.4,1022.3,6.1,8.5,6,1761.6,0
2025-04-01 13:55:00,5,54,21.4,40,15.9,1017.5,1022.4,7.1,9.2,7,1761.6,0
2025-04-01 14:00:00,5,54,21.4,41,15.8,1017.5,1022.4,5.8,7.1,6,1761.6,0
2025-04-01 14:05:00,5,54,21.5,42,15,1017.6,1022.5,6.8,8.2,6,1761.6,0
2025-04-01 14:10:00,5,54,21.5,44,14.9,1017.5,1022.4,6.1,7.8,8,1761.6,0
2025-04-01 14:15:00,5,54,21.7,43,14.9,1017.6,1022.5,5.8,7.5,6,1761.6,0
2025-04-01 14:20:00,5,54,21.7,42,15.4,1017.4,1022.3,6.1,7.8,4,1761.6,0
2025-04-01 14:25:00,5,54,21.7,42,15.5,1017.5,1022.4,5.8,7.8,6,1761.6,0
2025-04-01 14:30:00,5,54,21.8,41,15.8,1017.2,1022.1,6.1,8.2,8,1761.6,0
2025-04-01 14:35:00,5,54,21.9,41,16,1017.3,1022.2,5.4,6.1,6,1761.6,0
2025-04-01 14:40:00,5,54,21.9,40,16.1,1017.2,1022.1,6.5,8.2,14,1761.6,0
2025-04-01 14:45:00,5,53,22,37,15.8,1017.2,1022.1,7.1,8.8,6,1761.6,0
2025-04-01 14:50:00,5,53,22,40,15.9,1017,1021.9,4.4,6.1,2,1761.6,0
2025-04-01 14:55:00,5,53,22.1,39,15.7,1016.9,1021.8,7.8,9.2,6,1761.6,0
2025-04-01 15:00:00,5,53,22.2,40,15.7,1016.9,1021.8,7.8,8.8,6,1761.6,0
2025-04-01 15:05:00,5,53,22.2,40,15.6,1016.9,1021.8,7.8,9.5,8,1761.6,0
2025-04-01 15:10:00,5,53,22.3,40,15.2,1016.9,1021.8,6.5,8.5,6,1761.6,0
2025-04-01 15:15:00,5,53,22.4,38,14.9,1016.7,1021.6,9.2,10.9,6,1761.6,0
2025-04-01 15:20:00,5,53,22.4,38,14.8,1016.5,1021.4,6.5,8.2,8,1761.6,0
2025-04-01 15:25:00,5,53,22.5,40,14.5,1016.4,1021.3,6.8,8.2,8,1761.6,0
2025-04-01 15:30:00,5,52,22.5,40,14.8,1016.4,1021.3,6.1,8.2,4,1761.6,0
2025-04-01 15:35:00,5,52,22.5,40,15.3,1016.3,1021.2,6.5,7.5,5,1761.6,0
2025-04-01 15:40:00,5,52,22.6,41,15.5,1016.5,1021.4,6.1,8.2,5,1761.6,0
2025-04-01 15:45:00,5,52,22.7,41,15.6,1016.5,1021.4,5.4,7.5,8,1761.6,0
2025-04-01 15:50:00,5,52,22.7,40,15.7,1016.6,1021.5,5.1,7.1,5,1761.6,0
2025-04-01 15:55:00,5,52,22.7,40,15.4,1016.6,1021.5,5.4,8.2,6,1761.6,0
2025-04-01 16:00:00,5,51,22.8,41,15.1,1016.5,1021.4,5.4,6.8,6,1761.6,0
2025-04-01 16:05:00,5,51,22.8,41,15.3,1016.8,1021.7,4.8,6.8,6,1761.6,0
2025-04-01 16:10:00,5,51,22.9,41,15.3,1016.8,1021.7,6.1,8.2,6,1761.6,0
2025-04-01 16:15:00,5,51,22.9,41,15.5,1016.6,1021.5,5.1,6.5,6,1761.6,0
2025-04-01 16:20:00,5,52,23,41,15.2,1016.7,1021.6,6.1,8.2,6,1761.6,0
2025-04-01 16:25:00,5,52,23,41,15.1,1016.7,1021.6,5.4,6.5,6,1761.6,0
2025-04-01 16:30:00,5,52,23.1,41,15,1016.5,1021.4,6.1,8.8,6,1761.6,0
2025-04-01 16:35:00,5,52,23.1,41,14.7,1016.7,1021.6,6.8,8.5,8,1761.6,0
2025-04-01 16:40:00,5,52,23.1,42,14.2,1016.6,1021.5,5.1,6.1,5,1761.6,0
2025-04-01 16:45:00,5,52,23.2,43,14.1,1016.6,1021.5,4.4,6.1,4,1761.6,0
2025-04-01 16:50:00,5,51,23.3,45,13.8,1016.4,1021.3,7.1,8.8,6,1761.6,0
2025-04-01 16:55:00,5,50,23.3,46,13.7,1016.6,1021.5,5.1,7.1,6,1761.6,0
2025-04-01 17:00:00,5,50,23.3,46,13.7,1016.3,1021.2,5.1,6.5,5,1761.6,0
2025-04-01 17:05:00,5,49,23.3,47,13.5,1016.1,1021,5.4,7.1,6,1761.6,0
2025-04-01 17:10:00,5,49,23.5,49,13.4,1016.4,1021.3,5.1,6.1,8,1761.6,0
2025-04-01 17:15:00,5,49,23.7,49,13.3,1016.5,1021.4,6.1,7.8,5,1761.6,0
2025-04-01 17:20:00,5,48,23.8,50,13.2,1016.4,1021.3,5.4,6.1,7,1761.6,0
2025-04-01 17:25:00,5,48,23.7,50,13.1,1016.7,1021.6,6.1,8.2,6,1761.6,0
2025-04-01 17:30:00,5,48,23.6,51,13.1,1016.7,1021.6,4.4,5.1,6,1761.6,0
2025-04-01 17:35:00,5,48,23.5,51,13.2,1016.8,1021.7,3.1,4.4,12,1761.6,0
2025-04-01 17:40:00,5,48,23.4,51,13.1,1016.9,1021.8,3.7,4.8,6,1761.6,0
2025-04-01 17:45:00,5,48,23.4,52,13.2,1016.9,1021.8,3.4,5.1,6,1761.6,0
2025-04-01 17:50:00,5,48,23.3,51,13.2,1017,1021.9,4.1,5.1,8,1761.6,0
2025-04-01 17:55:00,5,49,23.3,51,13.1,1017,1021.9,3.7,5.4,8,1761.6,0
2025-04-01 18:00:00,5,49,23.2,51,13.1,1016.9,1021.8,5.1,6.5,6,1761.6,0
2025-04-01 18:05:00,5,49,23.2,51,13,1016.8,1021.7,3.4,4.8,6,1761.6,0
2025-04-01 18:10:00,5,49,23.2,51,12.8,1017.1,1022,3.1,4.8,5,1761.6,0
2025-04-01 18:15:00,5,49,23.2,52,12.6,1017.1,1022,3.1,4.4,6,1761.6,0
2025-04-01 18:20:00,5,49,23.2,56,12.4,1017.1,1022,5.1,5.8,6,1761.6,0
2025-04-01 18:25:00,5,49,23.1,56,12.2,1017.1,1022,4.1,5.4,6,1761.6,0
2025-04-01 18:30:00,5,49,23,57,12.1,1017.2,1022.1,3.1,3.7,6,1761.6,0
2025-04-01 18:35:00,5,49,23,57,12,1017.1,1022,1.4,2,6,1761.6,0
2025-04-01 18:40:00,5,50,22.9,58,11.8,1017.2,1022.1,1.4,1.7,6,1761.6,0
2025-04-01 18:45:00,5,50,22.8,60,11.5,1017.1,1022,1,1.4,3,1761.6,0
2025-04-01 18:50:00,5,50,22.8,60,11.1,1017.2,1022.1,0.3,1,2,1761.6,0
2025-04-01 18:55:00,5,50,22.7,61,10.5,1017.4,1022.3,0.7,0.7,2,1761.6,0
2025-04-01 19:00:00,5,50,22.6,62,10.3,1017.3,1022.2,0.3,0.7,2,1761.6,0
2025-04-01 19:05:00,5,49,22.6,63,10,1017.4,1022.3,1,1.4,4,1761.6,0
2025-04-01 19:10:00,5,49,22.5,63,10.1,1017.3,1022.2,1.7,2.4,2,1761.6,0
2025-04-01 19:15:00,5,49,22.3,63,10.2,1017.4,1022.3,1.7,2.4,6,1761.6,0
2025-04-01 19:20:00,5,49,22.3,63,10,1017.4,1022.3,2.4,3.4,6,1761.6,0
2025-04-01 19:25:00,5,48,22.2,63,10,1017.4,1022.3,2,2.7,6,1761.6,0
2025-04-01 19:30:00,5,48,22.2,63,10.2,1017.3,1022.2,2.4,3.1,6,1761.6,0
2025-04-01 19:35:00,5,48,22,63,10.4,1017.4,1022.3,3.4,4.1,6,1761.6,0
2025-04-01 19:40:00,5,48,22,62,10.5,1017.5,1022.4,2.4,3.1,6,1761.6,0
2025-04-01 19:45:00,5,49,21.9,62,10.4,1017.6,1022.5,2,3.1,4,1761.6,0
2025-04-01 19:50:00,5,49,21.8,63,10.3,1017.7,1022.6,2.7,3.4,6,1761.6,0
2025-04-01 19:55:00,5,49,21.7,63,10.2,1017.7,1022.6,1.4,2,6,1761.6,0
2025-04-01 20:00:00,5,49,21.7,63,10.1,1017.8,1022.7,1,2,4,1761.6,0
2025-04-01 20:05:00,5,49,21.5,63,10.1,1017.8,1022.7,1.7,2,6,1761.6,0
2025-04-01 20:10:00,5,49,21.5,63,10,1018,1022.9,1,1.4,2,1761.6,0
2025-04-01 20:15:00,5,50,21.5,63,9.9,1018,1022.9,1,1.7,4,1761.6,0
2025-04-01 20:20:00,5,50,21.3,63,9.9,1018,1022.9,1.7,2.4,6,1761.6,0
2025-04-01 20:25:00,5,50,21.4,63,9.8,1017.9,1022.8,1.4,2,2,1761.6,0
2025-04-01 20:30:00,5,50,21.3,63,9.4,1017.9,1022.8,2.4,2.7,4,1761.6,0
2025-04-01 20:35:00,5,50,21.3,65,9.3,1018,1022.9,1.7,2.4,4,1761.6,0
2025-04-01 20:40:00,5,50,21.3,66,9.5,1018,1022.9,1.7,2.4,4,1761.6,0
2025-04-01 20:45:00,5,50,21.4,66,9.5,1018,1022.9,1,1.4,4,1761.6,0
2025-04-01 20:50:00,5,50,21.1,66,9.5,1017.9,1022.8,2,3.1,2,1761.6,0
2025-04-01 20:55:00,5,50,21.1,66,9.6,1017.9,1022.8,2,2.7,4,1761.6,0
2025-04-01 21:00:00,5,51,21.1,66,9.8,1018,1022.9,1.4,2,8,1761.6,0
2025-04-01 21:05:00,5,51,21.1,65,9.9,1018.1,1023,2.4,3.1,4,1761.6,0
2025-04-01 21:10:00,5,51,21,65,9.9,1017.9,1022.8,2,3.4,6,1761.6,0
2025-04-01 21:15:00,5,51,21,64,10,1018.1,1023,2,2.7,3,1761.6,0
2025-04-01 21:20:00,5,51,21.1,64,9.9,1018,1022.9,1.7,2,4,1761.6,0
2025-04-01 21:25:00,5,51,21,64,9.9,1018,1022.9,2,3.1,3,1761.6,0
2025-04-01 21:30:00,5,51,21,64,9.7,1018.1,1023,1.7,2.4,4,1761.6,0
2025-04-01 21:35:00,5,51,21.1,64,9.4,1018,1022.9,1.7,2,4,1761.6,0
2025-04-01 21:40:00,5,52,21.1,64,9.1,1018.1,1023,2,2.4,2,1761.6,0
2025-04-01 21:45:00,5,52,21.1,65,8.9,1017.9,1022.8,1.4,1.7,4,1761.6,0
2025-04-01 21:50:00,5,52,21.1,65,8.8,1017.9,1022.8,1.4,1.7,4,1761.6,0
2025-04-01 21:55:00,5,52,21.1,66,8.6,1017.9,1022.8,2.7,3.7,4,1761.6,0
2025-04-01 22:00:00,5,52,21,66,8.8,1018,1022.9,1.4,2,4,1761.6,0
2025-04-01 22:05:00,5,52,21,66,8.7,1017.8,1022.7,2,2.4,2,1761.6,0
2025-04-01 22:10:00,5,52,21,66,8.7,1017.8,1022.7,2.7,3.4,4,1761.6,0
2025-04-01 22:15:00,5,53,20.9,66,8.8,1018,1022.9,2,2.7,6,1761.6,0
2025-04-01 22:20:00,5,53,20.9,66,9.1,1018.1,1023,1,1.7,6,1761.6,0
2025-04-01 22:25:00,5,53,20.9,65,9.3,1018.1,1023,2,2.7,6,1761.6,0
2025-04-01 22:30:00,5,53,20.9,64,9.4,1018.1,1023,2.4,3.4,4,1761.6,0
2025-04-01 22:35:00,5,53,20.9,64,9.3,1018.3,1023.2,1.4,2,2,1761.6,0
2025-04-01 22:40:00,5,53,20.8,63,9.2,1018.2,1023.1,1.7,2.7,6,1761.6,0
2025-04-01 22:45:00,5,53,20.8,63,9,1018.2,1023.1,1.7,2.7,2,1761.6,0
2025-04-01 22:50:00,5,53,20.8,64,8.8,1018.3,1023.2,1,1.4,2,1761.6,0
2025-04-01 22:55:00,5,53,20.8,64,8.3,1018.3,1023.2,1,1.7,4,1761.6,0
2025-04-01 23:00:00,5,53,20.7,64,7.8,1018.4,1023.3,2,2.7,2,1761.6,0
2025-04-01 23:05:00,5,53,20.7,65,7.5,1018.5,1023.4,1.7,2,4,1761.6,0
2025-04-01 23:10:00,5,53,20.7,71,7.2,1018.5,1023.4,1.7,2,4,1761.6,0
2025-04-01 23:15:00,5,53,20.6,72,7.1,1018.4,1023.3,1.7,2,4,1761.6,0
2025-04-01 23:20:00,5,53,20.6,73,7.1,1018.4,1023.3,1.4,2,4,1761.6,0
2025-04-01 23:25:00,5,53,20.7,74,7.1,1018.5,1023.4,1.4,2,4,1761.6,0
2025-04-01 23:30:00,5,53,20.6,74,7,1018.3,1023.2,1.7,2,4,1761.6,0
2025-04-01 23:35:00,5,53,20.6,74,6.9,1018.5,1023.4,1.7,2.4,4,1761.6,0
2025-04-01 23:40:00,5,53,20.6,74,6.7,1018.3,1023.2,1.4,1.7,2,1761.6,0
2025-04-01 23:45:00,5,53,20.6,74,6.5,1018.4,1023.3,1.4,1.7,4,1761.6,0
2025-04-01 23:50:00,5,53,20.6,75,6.3,1018.4,1023.3,1.4,1.7,3,1761.6,0
2025-04-01 23:55:00,5,53,20.5,76,6.3,1018.4,1023.3,1.7,2,2,1761.6,0
