2020-12-21 00:04:35,5,52,19.9,84,5.3,1003.5,1008.4,1.4,2,,1136.7,0
2020-12-21 00:09:35,5,52,19.9,84,5.3,1003.4,1008.3,1.4,1.7,4,1136.7,0
2020-12-21 00:14:35,5,52,19.9,84,5.1,1003.5,1008.4,1.7,2.4,4,1136.7,0
2020-12-21 00:19:35,5,52,19.9,84,5,1003.4,1008.3,1.7,2.4,4,1136.7,0
2020-12-21 00:24:35,5,52,19.8,84,5,1003.3,1008.2,2.4,3.1,,1136.7,0
2020-12-21 00:29:35,5,53,19.8,84,5,1003.3,1008.2,2,2.7,10,1136.7,0
2020-12-21 00:34:35,5,53,19.8,85,5,1003.2,1008.1,1.7,2,,1136.7,0
2020-12-21 00:39:35,5,53,19.7,85,5,1003,1007.9,1.7,2.4,4,1136.7,0
2020-12-21 00:44:35,5,53,19.7,85,5,1003,1007.9,2,2.7,,1136.7,0
2020-12-21 00:49:35,5,53,19.7,85,4.9,1003,1007.9,2,2.4,4,1136.7,0
2020-12-21 00:54:35,5,53,19.7,85,4.9,1002.8,1007.7,1.7,2.7,,1136.7,0
2020-12-21 00:59:35,5,53,19.6,86,4.9,1002.6,1007.5,1.4,2,,1136.7,0
2020-12-21 01:04:35,5,53,19.6,86,5.1,1002.4,1007.3,2.7,3.4,14,1136.7,0
2020-12-21 01:09:35,5,53,19.6,86,5.2,1002.3,1007.2,2,2.7,4,1136.7,0
2020-12-21 01:14:35,5,53,19.6,86,5.4,1002.5,1007.4,2.7,3.1,4,1136.7,0
2020-12-21 01:19:35,5,53,19.6,86,5.5,1002.5,1007.4,2,2.7,,1136.7,0
2020-12-21 01:24:35,5,53,19.5,86,5.6,1002.5,1007.4,1.7,2.4,4,1136.7,0
2020-12-21 01:29:35,5,53,19.5,86,5.7,1002.2,1007.1,2,2.7,,1136.7,0
2020-12-21 01:34:35,5,53,19.5,86,5.8,1002.3,1007.2,2,2.4,4,1136.7,0
2020-12-21 01:39:35,5,53,19.5,86,5.8,1002.2,1007.1,2,2.7,4,1136.7,0
2020-12-21 01:44:35,5,53,19.4,85,5.8,1002.2,1007.1,2,2.4,,1136.7,0
2020-12-21 01:49:35,5,53,19.4,85,5.8,1002.1,1007,1.7,2,,1136.7,0
2020-12-21 01:54:35,5,53,19.4,84,5.7,1001.7,1006.6,2.4,3.1,4,1136.7,0
2020-12-21 01:59:35,5,53,19.4,84,5.6,1001.7,1006.6,2.4,3.1,,1136.7,0
2020-12-21 02:04:35,5,54,19.4,85,5.6,1001.8,1006.7,1.7,2,4,1136.7,0
2020-12-21 02:09:35,5,54,19.4,85,5.7,1001.7,1006.6,2.7,3.7,,1136.7,0
2020-12-21 02:14:35,5,54,19.4,85,5.7,1001.8,1006.7,2.7,3.1,4,1136.7,0
2020-12-21 02:19:35,5,54,19.4,85,5.6,1001.6,1006.5,1.7,2.4,4,1136.7,0
2020-12-21 02:24:35,5,54,19.3,84,5.2,1001.6,1006.5,1,1.4,4,1136.7,0
2020-12-21 02:29:35,5,54,19.3,84,5.1,1001.6,1006.5,1.7,2.4,,1136.7,0
2020-12-21 02:34:35,5,54,19.3,85,5,1001.6,1006.5,1.4,1.7,4,1136.7,0
2020-12-21 02:39:35,5,54,19.3,85,4.9,1001.3,1006.2,1.7,2.4,4,1136.7,0
2020-12-21 02:44:35,5,54,19.3,85,4.8,1001.2,1006.1,1.7,2,2,1136.7,0
2020-12-21 02:49:35,5,54,19.3,85,4.8,1000.9,1005.8,1.4,1.7,,1136.7,0
2020-12-21 02:54:35,5,54,19.2,86,4.8,1000.9,1005.8,1.7,2.4,,1136.7,0
2020-12-21 02:59:35,5,54,19.2,86,4.8,1000.7,1005.6,1.7,2,4,1136.7,0
2020-12-21 03:04:35,5,54,19.2,87,4.8,1000.6,1005.5,1.7,2,,1136.7,0
2020-12-21 03:09:35,5,54,19.2,87,4.9,1000.7,1005.6,2,2.7,4,1136.7,0
2020-12-21 03:14:35,5,54,19.2,87,5,1000.6,1005.5,1.4,2,1,1136.7,0
2020-12-21 03:19:35,5,54,19.2,88,5.1,1000.5,1005.4,1.7,2.4,2,1136.7,0
2020-12-21 03:24:35,5,54,19.2,88,5.1,1000.6,1005.5,1.7,2,4,1136.7,0
2020-12-21 03:29:35,5,54,19.2,88,5,1000.3,1005.2,2,2.7,4,1136.7,0
2020-12-21 03:34:35,5,54,19.2,88,5,1000.3,1005.2,2,2.7,2,1136.7,0
2020-12-21 03:39:35,5,54,19.2,88,5,1000.4,1005.3,1.7,2,,1136.7,0
2020-12-21 03:44:35,5,54,19.2,89,5,1000.1,1005,1.4,1.7,4,1136.7,0
2020-12-21 03:49:35,5,54,19.1,89,5,1000.2,1005.1,1.4,2,4,1136.7,0
2020-12-21 03:54:35,5,54,19.1,89,4.9,999.8,1004.7,1.4,2.4,,1136.7,0
2020-12-21 03:59:35,5,54,19.2,89,4.9,999.9,1004.8,1.4,1.7,0,1136.7,0
2020-12-21 04:04:35,5,54,19.1,89,4.9,999.8,1004.7,1.4,2,2,1136.7,0
2020-12-21 04:09:35,5,54,19.1,90,5,999.7,1004.6,1.4,2,2,1136.7,0
2020-12-21 04:14:35,5,54,19.1,90,5,999.6,1004.5,1.7,2,4,1137,0
2020-12-21 04:19:35,5,54,19.1,90,5,999.3,1004.2,2,2.4,4,1137,0
2020-12-21 04:24:35,5,54,19.1,90,5,999.5,1004.4,1,1.7,2,1137,0
2020-12-21 04:29:35,5,54,19.1,90,5.1,999.4,1004.3,1.4,1.7,0,1137,0
2020-12-21 04:34:35,5,54,19.1,90,5.1,999.3,1004.2,1.4,1.7,4,1137.3,0
2020-12-21 04:39:35,5,54,19.1,90,5.1,999.1,1004,1.4,2,4,1137.6,0
2020-12-21 04:44:35,5,54,19.1,90,5.1,999,1003.9,1.4,2,,1137.6,0
2020-12-21 04:49:35,5,54,19.1,90,5.2,999,1003.9,2,2.7,4,1137.9,0
2020-12-21 04:54:35,5,54,19.1,91,5.2,998.8,1003.7,1.4,1.7,4,1137.9,0
2020-12-21 04:59:35,5,54,19.1,91,5.2,998.8,1003.7,1.4,1.7,,1137.9,0
2020-12-21 05:04:35,5,54,19.1,91,5.2,998.7,1003.6,1.4,2,,1137.9,0
2020-12-21 05:09:35,5,54,19.1,91,5.3,998.6,1003.5,0.7,1.4,2,1137.9,0
2020-12-21 05:14:35,5,54,19.1,91,5.3,998.6,1003.5,1,1.7,4,1137.9,0
2020-12-21 05:19:35,5,54,19.1,91,5.4,998.6,1003.5,1.4,1.4,2,1137.9,0
2020-12-21 05:24:35,5,54,19.1,91,5.5,998.6,1003.5,1,1.4,4,1138.2,0
2020-12-21 05:29:35,5,54,19.1,92,5.6,998.4,1003.3,1,1.4,2,1138.2,0
2020-12-21 05:34:35,5,54,19,92,5.7,998.4,1003.3,1.4,1.7,2,1138.2,0
2020-12-21 05:39:35,5,54,19,92,5.7,998.4,1003.3,1,1.4,4,1138.5,0
2020-12-21 05:44:35,5,54,19,92,5.7,998.4,1003.3,1.4,1.7,2,1138.8,0
2020-12-21 05:49:35,5,54,19,92,5.7,998.4,1003.3,1.4,1.7,0,1138.8,0
2020-12-21 05:54:35,5,54,19,92,5.7,998.3,1003.2,1.4,1.7,2,1138.8,0
2020-12-21 05:59:35,5,54,19,93,5.7,998.1,1003,1.4,2,2,1139.1,0
2020-12-21 06:04:35,5,54,19,93,5.7,998.1,1003,1,1.4,2,1139.4,0
2020-12-21 06:09:35,5,54,19,93,5.7,998.2,1003.1,1,1.4,2,1139.7,0
2020-12-21 06:14:35,5,54,19,93,5.7,998,1002.9,1.7,2,4,1139.7,0
2020-12-21 06:19:35,5,54,19,94,5.7,997.9,1002.8,1,1.7,4,1140,0
2020-12-21 06:24:35,5,54,19,94,5.8,998.1,1003,1.4,2,2,1140,0
2020-12-21 06:29:35,5,54,19,94,5.8,997.9,1002.8,1.4,2,2,1140,0
2020-12-21 06:34:35,5,55,18.9,94,5.9,998,1002.9,1,1.4,2,1140.3,0
2020-12-21 06:39:35,5,55,18.9,95,5.9,997.9,1002.8,1,1.7,2,1140.3,0
2020-12-21 06:44:35,5,54,19,95,6,997.9,1002.8,1,1.7,2,1140.3,0
2020-12-21 06:49:35,5,54,19,95,6,997.9,1002.8,1,1.7,2,1140.3,0
2020-12-21 06:54:35,5,54,19,95,6,997.8,1002.7,1,1.7,0,1140.6,0
2020-12-21 06:59:35,5,54,19,96,6,997.6,1002.5,1.4,2,2,1140.6,0
2020-12-21 07:04:35,5,54,19,96,6,997.5,1002.4,1.7,2,2,1140.9,0
2020-12-21 07:09:35,5,54,19,96,6,997.3,1002.2,0.7,1,2,1140.9,0
2020-12-21 07:14:35,5,54,19,96,6,997,1001.9,1.4,2,2,1140.9,0
2020-12-21 07:19:35,5,54,19,96,6,997.1,1002,1,1.7,2,1140.9,0
2020-12-21 07:24:35,5,53,19,97,6,996.9,1001.8,1.7,2.4,2,1140.9,0
2020-12-21 07:29:35,5,53,19,97,6,996.9,1001.8,1.7,2.7,2,1141.2,0
2020-12-21 07:34:35,5,53,19,97,6.1,996.9,1001.8,1.4,1.7,2,1141.2,0
2020-12-21 07:39:35,5,53,19,97,6,996.8,1001.7,1.7,2.4,2,1141.2,0
2020-12-21 07:44:35,5,53,19,97,6,996.7,1001.6,1.4,2,2,1141.2,0
2020-12-21 07:49:35,5,53,19,98,6.1,996.7,1001.6,2,2.4,2,1141.2,0
2020-12-21 07:54:35,5,53,19,98,6.1,996.7,1001.6,1,1.7,2,1141.2,0
2020-12-21 07:59:35,5,53,19,98,6.1,996.7,1001.6,1.7,2.4,2,1141.2,0
2020-12-21 08:04:35,5,53,19,98,6.1,996.6,1001.5,1,1.7,2,1141.2,0
2020-12-21 08:09:35,5,53,19,98,6.1,996.5,1001.4,1.7,2,4,1141.2,0
2020-12-21 08:14:36,5,53,19,98,6.2,996.6,1001.5,1.4,1.7,2,1141.5,0
2020-12-21 08:19:34,5,53,19,99,6.2,996.5,1001.4,1.4,2,2,1141.5,0
2020-12-21 08:24:34,5,53,19,99,6.2,996.6,1001.5,1.4,1.7,2,1141.5,0
2020-12-21 08:29:34,5,53,19,99,6.3,996.6,1001.5,1.4,1.7,2,1141.5,0
2020-12-21 08:34:34,5,54,18.9,99,6.3,996.4,1001.3,1.4,1.7,2,1141.5,0
2020-12-21 08:39:34,5,54,18.9,99,6.3,996.6,1001.5,1.4,1.7,2,1141.5,0
2020-12-21 08:44:34,5,54,18.9,99,6.4,996.5,1001.4,1,1.4,4,1141.5,0
2020-12-21 08:49:34,5,54,18.9,99,6.4,996.5,1001.4,1.7,2,4,1141.5,0
2020-12-21 08:54:34,5,54,18.9,99,6.4,996.6,1001.5,2,2.7,2,1141.5,0
2020-12-21 08:59:34,5,54,18.8,99,6.4,996.5,1001.4,2,3.1,2,1141.5,0
2020-12-21 09:04:34,5,54,18.9,99,6.4,996.6,1001.5,1.4,2,0,1141.5,0
2020-12-21 09:09:34,5,55,18.8,99,6.5,996.6,1001.5,1.4,2,2,1141.5,0
2020-12-21 09:14:34,5,55,18.9,99,6.5,996.6,1001.5,1.4,2,2,1141.5,0
2020-12-21 09:19:34,5,55,18.9,99,6.5,996.5,1001.4,1.7,2,8,1141.5,0
2020-12-21 09:24:34,5,56,18.9,99,6.5,996.5,1001.4,1,1.4,,1141.5,0
2020-12-21 09:29:34,5,55,19,99,6.5,996.5,1001.4,0.7,1,4,1141.5,0
2020-12-21 09:34:34,5,56,19,99,6.6,996.3,1001.2,1,1.4,4,1141.5,0
2020-12-21 09:39:34,5,56,19.1,99,6.6,996.4,1001.3,0.7,1,4,1141.5,0
2020-12-21 09:44:34,5,56,19.1,99,6.6,996.3,1001.2,1,1.4,2,1141.5,0
2020-12-21 09:49:34,5,56,19.2,99,6.7,996.2,1001.1,1,1.4,4,1141.8,0
2020-12-21 09:54:34,5,57,19.2,99,6.7,996.3,1001.2,1,1.7,4,1141.8,0
2020-12-21 09:59:34,5,57,19.3,99,6.7,996.1,1001,0.7,1.4,2,1141.8,0
2020-12-21 10:04:34,5,58,19.4,99,6.8,996.1,1001,1.4,1.7,2,1141.8,0
2020-12-21 10:09:34,5,58,19.5,99,6.8,996.3,1001.2,1,1.4,2,1141.8,0
2020-12-21 10:14:34,5,58,19.6,99,6.8,996.1,1001,0.7,1,2,1141.8,0
2020-12-21 10:19:34,5,58,19.7,99,6.9,996.4,1001.3,0.3,1,,1141.8,0
2020-12-21 10:24:34,5,58,19.8,99,6.9,996.3,1001.2,1,1.4,2,1141.8,0
2020-12-21 10:29:34,5,58,19.9,99,7,996.3,1001.2,1,1.7,2,1141.8,0
2020-12-21 10:34:34,5,58,19.9,99,7,996.3,1001.2,0.7,0.7,2,1141.8,0
2020-12-21 10:39:34,5,56,20,99,7,996.2,1001.1,0.7,1,2,1141.8,0
2020-12-21 10:44:34,5,56,20.1,99,7.1,996.4,1001.3,0.3,0.7,4,1141.8,0
2020-12-21 10:49:34,5,56,20.1,99,7.1,996.4,1001.3,0.3,0.7,2,1141.8,0
2020-12-21 10:54:34,5,56,20.1,99,7.1,996.4,1001.3,1,1.4,2,1141.8,0
2020-12-21 10:59:34,5,56,20.2,99,7.2,996.3,1001.2,0.3,0.7,0,1141.8,0
2020-12-21 11:04:34,5,56,20.2,99,7.2,996.2,1001.1,0.7,1,2,1141.8,0
2020-12-21 11:09:34,5,56,20.2,99,7.3,996,1000.9,1,1.4,2,1141.8,0
2020-12-21 11:14:34,5,56,20.2,99,7.3,996.1,1001,1,1.4,2,1141.8,0
2020-12-21 11:19:34,5,56,20.2,99,7.3,996.1,1001,0.3,0.7,2,1141.8,0
2020-12-21 11:24:34,5,56,20.3,99,7.4,996.1,1001,0.7,1,4,1141.8,0
2020-12-21 11:29:34,5,56,20.3,99,7.4,996.1,1001,0.7,1.4,2,1141.8,0
2020-12-21 11:34:34,5,55,20.3,99,7.4,996.1,1001,0.7,1,2,1141.8,0
2020-12-21 11:39:34,5,55,20.2,97,7.5,996,1000.9,0.7,1,2,1141.8,0
2020-12-21 11:44:34,5,55,20.2,97,7.5,996.2,1001.1,0.7,1,2,1141.8,0
2020-12-21 11:49:34,5,55,20.2,97,7.6,996.2,1001.1,1,1.4,2,1141.8,0
2020-12-21 11:54:34,5,55,20.1,97,7.6,996.1,1001,0.7,1,2,1141.8,0
2020-12-21 11:59:34,5,55,20.1,97,7.6,996,1000.9,1.4,1.7,0,1141.8,0
2020-12-21 12:04:34,5,55,20.1,97,7.6,996.1,1001,1.7,2,0,1141.8,0
2020-12-21 12:09:34,5,55,20,97,7.6,996.2,1001.1,0.7,1,2,1141.8,0
2020-12-21 12:14:34,5,55,20,97,7.6,996.1,1001,1,1.4,2,1141.8,0
2020-12-21 12:19:34,5,56,19.9,97,7.7,996.1,1001,1.4,2,2,1141.8,0
2020-12-21 12:24:34,5,56,19.9,97,7.8,996.2,1001.1,1.4,1.7,2,1141.8,0
2020-12-21 12:29:34,5,56,19.8,97,7.8,996.3,1001.2,1.7,1.7,2,1141.8,0
2020-12-21 12:34:34,5,55,19.8,97,7.9,996.3,1001.2,1,1.4,0,1141.8,0
2020-12-21 12:39:34,5,55,19.8,97,7.8,996.4,1001.3,1.4,1.7,14,1141.8,0
2020-12-21 12:44:34,5,55,19.7,97,7.8,996.5,1001.4,2,2.4,0,1141.8,0
2020-12-21 12:49:34,5,55,19.7,97,7.7,996.3,1001.2,1,1.7,0,1141.8,0
2020-12-21 12:54:34,5,55,19.7,97,7.8,996.4,1001.3,1.7,2,14,1141.8,0
2020-12-21 12:59:34,5,55,19.6,97,7.8,996.4,1001.3,1.7,2,14,1141.8,0
2020-12-21 13:04:34,5,55,19.6,97,7.8,996.4,1001.3,2,2.4,0,1141.8,0
2020-12-21 13:09:34,5,55,19.6,97,7.8,996.5,1001.4,2,2.4,14,1141.8,0
2020-12-21 13:14:34,5,55,19.6,97,7.8,996.5,1001.4,2,2.4,14,1141.8,0
2020-12-21 13:19:34,5,55,19.6,97,7.8,996.8,1001.7,2.7,3.4,14,1141.8,0
2020-12-21 13:24:34,5,56,19.6,97,7.6,996.8,1001.7,2.7,3.7,14,1141.8,0
2020-12-21 13:29:34,5,56,19.6,99,7.4,996.7,1001.6,4.1,4.8,14,1141.8,0
2020-12-21 13:34:34,5,56,19.5,99,7.3,996.9,1001.8,4.1,5.4,14,1141.8,0
2020-12-21 13:39:34,5,56,19.5,99,7.2,996.9,1001.8,4.1,5.1,12,1141.8,0
2020-12-21 13:44:34,5,56,19.5,99,7.2,997,1001.9,2.7,3.4,14,1141.8,0
2020-12-21 13:49:34,5,56,19.5,99,7,997.1,1002,4.8,5.8,0,1141.8,0
2020-12-21 13:54:34,5,56,19.5,99,6.8,997.1,1002,5.8,6.8,14,1142.1,0
2020-12-21 13:59:34,5,56,19.4,99,6.7,997.2,1002.1,5.4,6.5,14,1142.1,0
2020-12-21 14:04:34,5,56,19.4,99,6.7,997.3,1002.2,5.1,6.1,14,1142.1,0
2020-12-21 14:09:34,5,56,19.4,99,6.6,997.2,1002.1,4.8,5.4,0,1142.1,0
2020-12-21 14:14:34,5,55,19.4,99,6.7,997.3,1002.2,2.7,3.4,14,1142.1,0
2020-12-21 14:19:34,5,55,19.4,99,6.6,997.3,1002.2,4.4,5.1,14,1142.1,0
2020-12-21 14:24:34,5,55,19.3,99,6.6,997.5,1002.4,3.4,5.4,14,1142.1,0
2020-12-21 14:29:34,5,55,19.3,99,6.6,997.5,1002.4,4.4,5.4,0,1142.1,0
2020-12-21 14:34:34,5,55,19.3,99,6.6,997.5,1002.4,4.4,5.8,0,1142.1,0
2020-12-21 14:39:34,5,55,19.3,99,6.7,997.5,1002.4,3.1,4.4,0,1142.1,0
2020-12-21 14:44:34,5,55,19.3,99,6.7,997.5,1002.4,4.1,5.1,14,1142.1,0
2020-12-21 14:49:34,5,55,19.2,99,6.6,997.4,1002.3,4.4,6.1,0,1142.1,0
2020-12-21 14:54:34,5,54,19.2,99,6.6,997.4,1002.3,5.1,6.5,2,1142.1,0
2020-12-21 14:59:34,5,54,19.1,99,6.7,997.5,1002.4,3.4,4.1,0,1142.1,0
2020-12-21 15:04:34,5,54,19.1,99,6.7,997.5,1002.4,4.1,5.8,0,1142.1,0
2020-12-21 15:09:34,5,54,19.1,99,6.7,997.5,1002.4,4.1,4.8,2,1142.1,0
2020-12-21 15:14:34,5,54,19.1,99,6.8,997.2,1002.1,2.7,3.7,0,1142.1,0
2020-12-21 15:19:34,5,54,19.1,99,6.8,997.5,1002.4,2.4,3.1,0,1142.1,0
2020-12-21 15:24:34,5,54,19.1,99,6.8,997.3,1002.2,2.4,3.4,0,1142.1,0
2020-12-21 15:29:34,5,54,19.1,99,6.8,997.5,1002.4,2.7,3.4,0,1142.1,0
2020-12-21 15:34:34,5,54,19.1,99,6.8,997.6,1002.5,3.1,3.7,0,1142.1,0
2020-12-21 15:39:34,5,54,19.1,99,6.8,997.8,1002.7,3.4,4.4,0,1142.1,0
2020-12-21 15:44:34,5,54,19,99,6.8,998,1002.9,3.4,4.1,0,1142.1,0
2020-12-21 15:49:34,5,54,19,99,6.8,998.1,1003,3.1,3.7,0,1142.1,0
2020-12-21 15:54:34,5,53,19,99,6.8,998.2,1003.1,2,2.4,0,1142.1,0
2020-12-21 15:59:34,5,53,19,99,6.8,998.3,1003.2,2.7,3.1,14,1142.1,0
2020-12-21 16:04:34,5,53,19,99,6.7,998.2,1003.1,3.1,3.7,0,1142.1,0
2020-12-21 16:09:34,5,53,18.9,99,6.7,998,1002.9,2.4,3.4,0,1142.1,0
2020-12-21 16:14:34,5,53,18.8,99,6.7,998.2,1003.1,2.7,3.4,0,1142.1,0
2020-12-21 16:19:34,5,53,18.7,99,6.6,998.2,1003.1,3.7,4.4,13,1142.1,0
2020-12-21 16:24:34,5,53,18.7,99,6.6,998.2,1003.1,2.7,3.4,0,1142.1,0
2020-12-21 16:29:34,5,53,18.7,98,6.6,998.4,1003.3,2.4,3.4,0,1142.1,0
2020-12-21 16:34:34,5,53,18.7,98,6.6,998.6,1003.5,2,2.7,14,1142.1,0
2020-12-21 16:39:34,5,53,18.7,98,6.6,998.9,1003.8,1,1.4,12,1142.1,0
2020-12-21 16:44:34,5,53,18.7,98,6.5,998.7,1003.6,2,2.4,0,1142.1,0
2020-12-21 16:49:34,5,53,18.6,97,6.5,998.9,1003.8,2,3.1,0,1142.1,0
2020-12-21 16:54:34,5,53,18.6,97,6.5,998.9,1003.8,1.7,2,14,1142.1,0
2020-12-21 16:59:34,5,53,18.6,97,6.5,998.6,1003.5,2.4,3.1,0,1142.1,0
2020-12-21 17:04:34,5,53,18.6,97,6.5,998.8,1003.7,2,2.7,2,1142.1,0
2020-12-21 17:09:34,5,53,18.6,97,6.5,999.1,1004,2.4,2.7,14,1142.1,0
2020-12-21 17:14:34,5,53,18.6,97,6.4,999.1,1004,2,2.4,14,1142.1,0
2020-12-21 17:19:34,5,53,18.6,96,6.4,999.3,1004.2,1.7,2,14,1142.1,0
2020-12-21 17:24:34,5,53,18.6,96,6.4,999.4,1004.3,2,2.4,14,1142.1,0
2020-12-21 17:29:34,5,53,18.6,96,6.4,999.6,1004.5,1.4,1.7,12,1142.1,0
2020-12-21 17:34:34,5,53,18.6,96,6.4,999.8,1004.7,0.7,1,12,1142.1,0
2020-12-21 17:39:34,5,53,18.5,96,6.4,999.8,1004.7,0.7,1,12,1142.1,0
2020-12-21 17:44:34,5,54,18.5,96,6.4,999.9,1004.8,1,1.4,12,1142.1,0
2020-12-21 17:49:34,5,54,18.5,96,6.4,1000,1004.9,0.7,1,14,1142.1,0
2020-12-21 17:54:34,5,54,18.5,96,6.4,1000,1004.9,1.4,1.7,12,1142.1,0
2020-12-21 17:59:34,5,54,18.5,96,6.3,1000.1,1005,0.7,1.4,12,1142.1,0
2020-12-21 18:04:34,5,54,18.5,96,6.3,1000.2,1005.1,1,1.4,12,1142.1,0
2020-12-21 18:09:34,5,54,18.5,96,6.3,1000.3,1005.2,1,1.4,14,1142.1,0
2020-12-21 18:14:34,5,54,18.5,95,6.3,1000.4,1005.3,0.7,1.4,12,1142.1,0
2020-12-21 18:19:34,5,54,18.5,95,6.3,1000.4,1005.3,1,1,12,1142.1,0
2020-12-21 18:24:34,5,54,18.5,95,6.3,1000.7,1005.6,1.4,1.7,14,1142.1,0
2020-12-21 18:29:34,5,54,18.5,95,6.2,1000.7,1005.6,1,1.4,12,1142.1,0
2020-12-21 18:34:34,5,54,18.4,95,6.2,1000.9,1005.8,0.7,1,12,1142.1,0
2020-12-21 18:39:34,5,54,18.4,95,6.2,1000.9,1005.8,0.7,1,12,1142.1,0
2020-12-21 18:44:34,5,54,18.4,95,6.1,1000.9,1005.8,0.3,0.7,14,1142.1,0
2020-12-21 18:49:34,5,54,18.4,95,6.1,1000.9,1005.8,0.3,0.7,12,1142.1,0
2020-12-21 18:54:34,5,54,18.4,95,6.1,1001.1,1006,0.3,0.7,14,1142.1,0
2020-12-21 18:59:34,5,54,18.4,95,6,1001.2,1006.1,0.3,0.7,12,1142.1,0
2020-12-21 19:04:34,5,54,18.4,95,6,1001.2,1006.1,0.3,0.7,14,1142.1,0
2020-12-21 19:09:34,5,54,18.4,95,6,1001.2,1006.1,0.7,1,12,1142.1,0
2020-12-21 19:14:34,5,54,18.4,95,6,1001.2,1006.1,0.3,0.3,12,1142.1,0
2020-12-21 19:19:34,5,54,18.4,95,5.9,1001.4,1006.3,0.3,0.7,14,1142.1,0
2020-12-21 19:24:34,5,54,18.4,95,5.8,1001.4,1006.3,0.3,0.7,14,1142.1,0
2020-12-21 19:29:34,5,54,18.4,95,5.8,1001.5,1006.4,0.7,1,14,1142.1,0
2020-12-21 19:34:34,5,54,18.4,95,5.8,1001.5,1006.4,1,1.4,14,1142.1,0
2020-12-21 19:39:34,5,54,18.4,95,5.8,1001.7,1006.6,1,1.4,14,1142.1,0
2020-12-21 19:44:34,5,54,18.4,95,5.8,1001.9,1006.8,1,1.4,14,1142.1,0
2020-12-21 19:49:34,5,54,18.4,95,5.7,1001.8,1006.7,0.7,1,12,1142.1,0
2020-12-21 19:54:34,5,54,18.4,95,5.6,1001.9,1006.8,0.7,1,12,1142.1,0
2020-12-21 19:59:34,5,54,18.4,95,5.5,1001.9,1006.8,1.4,2,0,1142.1,0
2020-12-21 20:04:34,5,54,18.4,95,5.4,1002,1006.9,1,1.4,14,1142.1,0
2020-12-21 20:09:34,5,54,18.4,95,5.2,1002,1006.9,1,1.4,14,1142.1,0
2020-12-21 20:14:34,5,54,18.4,95,5.1,1002.1,1007,1.7,2.4,14,1142.1,0
2020-12-21 20:19:34,5,54,18.4,94,5,1002.1,1007,1,1,12,1142.1,0
2020-12-21 20:24:34,5,54,18.4,94,4.8,1002.2,1007.1,0.7,1,12,1142.1,0
2020-12-21 20:29:34,5,54,18.4,94,4.6,1002.4,1007.3,0.7,1,12,1142.1,0
2020-12-21 20:34:34,5,54,18.5,94,4.5,1002.5,1007.4,0.7,1,14,1142.1,0
2020-12-21 20:39:34,5,54,18.5,94,4.4,1002.6,1007.5,0.7,1,12,1142.1,0
2020-12-21 20:44:34,5,55,18.5,94,4.2,1002.7,1007.6,1,1.4,12,1142.1,0
2020-12-21 20:49:34,5,56,18.6,94,4.1,1002.7,1007.6,1,1.4,12,1142.1,0
2020-12-21 20:54:34,5,57,18.5,93,4,1002.5,1007.4,0.7,1.4,14,1142.1,0
2020-12-21 20:59:34,5,59,18.5,93,3.8,1002.8,1007.7,0.3,0.7,14,1142.1,0
2020-12-21 21:04:34,5,62,18.6,93,3.6,1003,1007.9,1,1.4,12,1142.1,0
2020-12-21 21:09:34,5,62,18.6,93,3.6,1003,1007.9,0.7,1,14,1142.1,0
2020-12-21 21:14:34,5,62,18.6,93,3.5,1003.2,1008.1,0.7,0.7,12,1142.1,0
2020-12-21 21:19:34,5,62,18.7,93,3.3,1003.3,1008.2,0,0.3,10,1142.1,0
2020-12-21 21:24:34,5,62,18.7,92,3.1,1003.3,1008.2,0.3,0.7,10,1142.1,0
2020-12-21 21:29:34,5,62,18.7,92,3,1003.4,1008.3,0.3,0.7,10,1142.1,0
2020-12-21 21:34:34,5,62,18.8,92,3,1003.5,1008.4,0.7,1,10,1142.1,0
2020-12-21 21:39:34,5,62,18.7,92,2.9,1003.6,1008.5,0.7,0.7,10,1142.1,0
2020-12-21 21:44:34,5,62,18.8,92,2.8,1003.7,1008.6,0.7,1,10,1142.1,0
2020-12-21 21:49:34,5,62,18.8,92,2.7,1003.9,1008.8,0.7,1,12,1142.1,0
2020-12-21 21:54:34,5,60,18.8,92,2.7,1003.8,1008.7,0.7,1,10,1142.1,0
2020-12-21 21:59:34,5,59,18.8,92,2.6,1004.1,1009,0.7,1,10,1142.1,0
2020-12-21 22:04:34,5,59,18.8,92,2.5,1004.1,1009,0.7,1,10,1142.1,0
2020-12-21 22:09:34,5,59,18.8,92,2.3,1004.4,1009.3,0,0.3,,1142.1,0
2020-12-21 22:14:34,5,59,18.8,92,2.1,1004.3,1009.2,0,0.3,,1142.1,0
2020-12-21 22:19:34,5,60,18.9,92,2.1,1004.3,1009.2,0.3,0.7,10,1142.1,0
2020-12-21 22:24:34,5,59,18.9,92,2.1,1004.4,1009.3,0.3,0.7,10,1142.1,0
2020-12-21 22:29:34,5,59,18.8,92,2,1004.3,1009.2,0,0,8,1142.1,0
2020-12-21 22:34:34,5,59,18.8,92,2.1,1004.5,1009.4,0.7,1,10,1142.1,0
2020-12-21 22:39:34,5,59,18.9,92,2.1,1004.7,1009.6,0.7,1,8,1142.1,0
2020-12-21 22:44:34,5,59,18.9,92,2.1,1004.9,1009.8,0.7,1,10,1142.1,0
2020-12-21 22:49:34,5,59,18.9,92,2,1004.6,1009.5,0.7,1.4,10,1142.1,0
2020-12-21 22:54:34,5,59,18.9,92,1.9,1004.7,1009.6,0.7,1,9,1142.1,0
2020-12-21 22:59:34,5,59,18.9,92,1.9,1004.9,1009.8,0.3,0.7,10,1142.1,0
2020-12-21 23:04:34,5,59,18.9,92,1.9,1005,1009.9,0.7,1,10,1142.1,0
2020-12-21 23:09:34,5,59,18.9,92,1.9,1005.2,1010.1,0.3,0.7,10,1142.1,0
2020-12-21 23:14:34,5,59,18.9,92,1.8,1005.1,1010,0.7,1,8,1142.1,0
2020-12-21 23:19:34,5,59,18.9,92,1.8,1005.1,1010,0.3,1,10,1142.1,0
2020-12-21 23:24:34,5,60,18.9,92,1.8,1005.2,1010.1,0.7,1,8,1142.1,0
2020-12-21 23:29:34,5,61,18.9,92,1.7,1005.4,1010.3,0.3,0.7,,1142.1,0
2020-12-21 23:34:34,5,61,19,92,1.7,1005.4,1010.3,0.7,1,8,1142.1,0
2020-12-21 23:39:34,5,63,18.9,92,1.6,1005.4,1010.3,0.3,0.7,10,1142.1,0
2020-12-21 23:44:34,5,63,18.9,92,1.5,1005.4,1010.3,0.3,0.7,10,1142.1,0
2020-12-21 23:49:34,5,62,19,92,1.5,1005.5,1010.4,0.7,1,8,1142.1,0
2020-12-21 23:54:34,5,62,19,92,1.4,1005.6,1010.5,0.7,1,10,1142.1,0
2020-12-21 23:59:34,5,63,19,92,1.5,1005.7,1010.6,0.7,1,10,1142.1,0
