2020-12-12 00:02:37,5,57,20.9,88,5,993.1,998,0.7,1.4,14,1104.6,0
2020-12-12 00:07:37,5,57,20.9,88,4.9,993,997.9,1,1.7,12,1104.6,0
2020-12-12 00:13:37,6,57,20.9,88,5,993.3,998.2,2,2.4,12,1104.6,0
2020-12-12 00:18:37,5,57,20.9,88,5.1,993.2,998.1,2,2.7,12,1104.6,0
2020-12-12 00:23:37,5,57,20.9,87,5.1,993.3,998.2,1.7,2,12,1104.6,0
2020-12-12 00:29:37,6,57,20.9,87,5,993.3,998.2,1.4,2,12,1104.6,0
2020-12-12 00:34:37,5,57,20.9,87,5,993.3,998.2,1.4,2,12,1104.6,0
2020-12-12 00:39:37,5,57,20.9,87,5,993.6,998.5,1.4,2,12,1104.6,0
2020-12-12 00:45:37,6,56,20.9,87,4.9,993.5,998.4,1.7,2,10,1104.6,0
2020-12-12 00:50:37,5,56,20.9,86,4.9,993.7,998.6,1.4,1.7,12,1104.6,0
2020-12-12 00:55:37,5,56,20.9,86,4.9,993.7,998.6,1.4,1.7,12,1104.6,0
2020-12-12 01:01:37,6,56,20.9,86,4.8,993.9,998.8,1.7,2.4,12,1104.6,0
2020-12-12 01:06:37,5,56,20.9,87,4.8,993.9,998.8,1.4,2,10,1104.6,0
2020-12-12 01:11:37,5,56,20.9,87,4.8,993.8,998.7,1.4,2,10,1104.6,0
2020-12-12 01:17:37,6,56,20.9,87,4.9,994,998.9,1.4,2,10,1104.6,0
2020-12-12 01:22:37,5,56,20.8,87,4.7,994.1,999,1,1.7,10,1104.6,0
2020-12-12 01:27:37,5,56,20.9,87,4.4,994.2,999.1,1,1.7,12,1104.6,0
2020-12-12 01:33:37,6,56,20.8,87,4.1,994.2,999.1,1,1.4,12,1104.6,0
2020-12-12 01:38:37,5,56,20.9,87,4.1,994.4,999.3,1.4,1.7,12,1104.6,0
2020-12-12 01:43:37,5,56,20.9,87,4.2,994.3,999.2,1.4,1.7,12,1104.6,0
2020-12-12 01:49:37,6,56,20.9,88,4.6,994.3,999.2,2.4,3.1,10,1104.6,0
2020-12-12 01:54:37,5,56,20.8,89,5,994.5,999.4,2,2.7,12,1104.6,0
2020-12-12 01:59:37,5,56,20.8,89,5.1,994.5,999.4,2,2.4,12,1104.6,0
2020-12-12 02:05:37,6,56,20.8,89,5.2,994.6,999.5,1.4,2,11,1104.6,0
2020-12-12 02:10:37,5,56,20.8,89,5.2,994.7,999.6,1.4,1.7,10,1104.6,0
2020-12-12 02:15:37,5,56,20.8,89,5.3,994.8,999.7,2,2.4,10,1104.6,0
2020-12-12 02:21:37,6,56,20.8,89,5.4,994.9,999.8,2,2.7,14,1104.6,0
2020-12-12 02:26:37,5,55,20.8,88,5.5,995,999.9,1.4,1.7,12,1104.6,0
2020-12-12 02:31:37,5,55,20.8,88,5.4,995.2,1000.1,1.7,2.4,12,1104.6,0
2020-12-12 02:37:37,6,55,20.8,88,5.4,995.2,1000.1,1,1.7,12,1104.6,0
2020-12-12 02:42:37,5,55,20.8,87,5.4,995.2,1000.1,1,1.4,10,1104.6,0
2020-12-12 02:47:37,5,55,20.8,87,5.3,995.2,1000.1,1,1.7,12,1104.6,0
2020-12-12 02:53:37,6,55,20.8,87,5.4,995.4,1000.3,1.4,2,14,1104.6,0
2020-12-12 02:58:37,5,55,20.8,87,5.5,995.5,1000.4,2,2.7,12,1104.6,0
2020-12-12 03:03:37,5,55,20.8,87,5.5,995.6,1000.5,1.4,2,12,1104.6,0
2020-12-12 03:09:37,6,55,20.8,87,5.4,995.6,1000.5,1,1.4,12,1104.6,0
2020-12-12 03:14:37,5,55,20.8,87,5.3,995.7,1000.6,1,1.4,14,1104.6,0
2020-12-12 03:19:37,5,55,20.7,86,5.3,995.6,1000.5,1,1.4,12,1104.6,0
2020-12-12 03:25:37,6,55,20.7,86,5.3,995.9,1000.8,2,2.4,10,1104.6,0
2020-12-12 03:30:37,5,55,20.7,86,5.3,996,1000.9,1,1.7,12,1104.6,0
2020-12-12 03:35:37,5,55,20.7,86,5.4,996,1000.9,1.4,2,10,1104.6,0
2020-12-12 03:41:37,6,55,20.7,86,5.6,996,1000.9,2.7,3.1,12,1104.6,0
2020-12-12 03:46:37,5,55,20.7,86,5.7,996,1000.9,1.4,1.7,12,1104.6,0
2020-12-12 03:51:37,5,55,20.7,86,5.7,996,1000.9,1.4,1.7,12,1104.6,0
2020-12-12 03:57:37,6,55,20.7,85,5.5,996.1,1001,1,1.4,0,1104.6,0
2020-12-12 04:02:37,5,54,20.6,85,5.4,996.3,1001.2,1,1.7,12,1104.6,0
2020-12-12 04:07:37,5,54,20.6,85,5.5,996.2,1001.1,1.4,1.7,12,1104.6,0
2020-12-12 04:13:37,6,54,20.6,85,5.5,996.3,1001.2,1.4,2,12,1104.6,0
2020-12-12 04:18:37,5,54,20.6,85,5.6,996.2,1001.1,1.7,2,12,1104.6,0
2020-12-12 04:23:37,5,54,20.6,85,5.6,996.3,1001.2,1.4,2,12,1104.6,0
2020-12-12 04:29:37,6,54,20.6,85,5.7,996.4,1001.3,1.7,2.4,12,1104.6,0
2020-12-12 04:34:37,5,54,20.6,85,5.7,996.4,1001.3,1.7,2,12,1104.6,0
2020-12-12 04:39:37,5,54,20.6,84,5.7,996.5,1001.4,1.4,2,12,1104.6,0
2020-12-12 04:45:37,6,54,20.6,84,5.7,996.6,1001.5,1.4,1.7,12,1104.6,0
2020-12-12 04:50:37,5,54,20.5,84,5.6,996.6,1001.5,1,1.4,12,1104.6,0
2020-12-12 04:55:37,5,54,20.5,84,5.6,996.9,1001.8,1,1.4,12,1104.6,0
2020-12-12 05:01:37,6,54,20.5,84,5.6,996.9,1001.8,1,1.7,12,1104.6,0
2020-12-12 05:06:37,5,54,20.5,84,5.5,996.9,1001.8,1.4,1.7,10,1104.6,0
2020-12-12 05:11:37,5,54,20.5,84,5.4,996.9,1001.8,0.7,1.4,10,1104.6,0
2020-12-12 05:17:37,6,54,20.5,84,5.3,996.9,1001.8,0.7,1,12,1104.6,0
2020-12-12 05:22:37,5,54,20.5,84,5.2,997.1,1002,0.7,1,12,1104.6,0
2020-12-12 05:27:37,5,54,20.5,84,5.1,997.1,1002,0.7,1,12,1104.6,0
2020-12-12 05:33:37,6,54,20.5,84,5,997.2,1002.1,1,1.4,12,1104.6,0
2020-12-12 05:38:37,5,54,20.5,84,4.8,997.2,1002.1,0.3,0.7,4,1104.6,0
2020-12-12 05:43:37,5,54,20.5,84,4.7,997.4,1002.3,1,1.4,12,1104.6,0
2020-12-12 05:49:37,6,54,20.5,84,4.9,997.3,1002.2,1,1.7,12,1104.6,0
2020-12-12 05:54:37,5,54,20.5,84,5,997.4,1002.3,2,2.4,12,1104.6,0
2020-12-12 05:59:37,5,53,20.4,85,5.1,997.4,1002.3,1.4,1.7,12,1104.6,0
2020-12-12 06:05:37,6,53,20.4,85,5,997.5,1002.4,1,1.4,10,1104.6,0
2020-12-12 06:10:37,5,53,20.4,85,4.8,997.5,1002.4,1,1.4,8,1104.6,0
2020-12-12 06:15:37,5,53,20.4,84,4.5,997.5,1002.4,0.7,1,10,1104.6,0
2020-12-12 06:21:37,6,53,20.4,84,4.2,997.7,1002.6,0.7,1,12,1104.6,0
2020-12-12 06:26:37,5,53,20.4,84,4.1,997.6,1002.5,0.7,1,10,1104.6,0
2020-12-12 06:31:37,5,53,20.4,85,4,997.7,1002.6,1,1.7,12,1104.6,0
2020-12-12 06:37:37,6,53,20.4,85,3.9,997.9,1002.8,1,1.4,12,1104.6,0
2020-12-12 06:42:37,5,53,20.3,85,4,998,1002.9,1,1.4,12,1104.6,0
2020-12-12 06:47:37,5,53,20.3,86,4.1,997.9,1002.8,1.4,1.7,12,1104.6,0
2020-12-12 06:53:37,6,53,20.4,86,4.3,998,1002.9,1.4,1.7,12,1104.6,0
2020-12-12 06:58:37,5,53,20.3,87,4.4,998.1,1003,1.4,1.7,8,1104.6,0
2020-12-12 07:03:37,5,53,20.3,87,4.4,998.2,1003.1,2,2.4,12,1104.6,0
2020-12-12 07:09:37,6,53,20.4,87,4.6,998.2,1003.1,1.4,1.7,10,1104.6,0
2020-12-12 07:14:37,5,53,20.4,87,4.3,998.3,1003.2,0.7,1,10,1104.6,0
2020-12-12 07:19:37,5,53,20.4,86,4,998.3,1003.2,0.7,1,10,1104.6,0
2020-12-12 07:25:37,6,53,20.3,86,3.8,998.3,1003.2,1,1.4,10,1104.6,0
2020-12-12 07:30:36,5,53,20.3,86,3.7,998.3,1003.2,1,1.7,12,1104.6,0
2020-12-12 07:35:36,5,53,20.4,87,3.7,998.5,1003.4,1.4,2,10,1104.6,0
2020-12-12 07:41:36,6,53,20.3,87,4,998.6,1003.5,1.4,1.7,12,1104.6,0
2020-12-12 07:46:36,5,53,20.3,88,4.1,998.8,1003.7,1,1.4,10,1104.6,0
2020-12-12 07:51:36,5,53,20.3,88,4.1,998.8,1003.7,1,1.4,12,1104.6,0
2020-12-12 07:57:36,6,53,20.3,88,4.2,999,1003.9,1.4,1.7,10,1104.6,0
2020-12-12 08:02:36,5,52,20.3,88,4.3,999,1003.9,1.4,1.7,12,1104.6,0
2020-12-12 08:07:36,5,52,20.3,88,4.2,999.2,1004.1,0.7,1.4,10,1104.6,0
2020-12-12 08:13:36,6,52,20.2,88,3.9,999.2,1004.1,1,1.4,12,1104.6,0
2020-12-12 08:18:36,5,52,20.2,88,3.9,999.5,1004.4,1,1.7,12,1104.6,0
2020-12-12 08:23:36,5,52,20.2,88,3.8,999.4,1004.3,0.7,1,10,1104.6,0
2020-12-12 08:29:36,6,52,20.2,88,3.7,999.5,1004.4,1.4,1.7,10,1104.6,0
2020-12-12 08:34:36,5,52,20.2,88,3.7,999.8,1004.7,1,1.4,10,1104.6,0
2020-12-12 08:39:36,5,52,20.2,88,3.6,999.8,1004.7,0.3,0.7,10,1104.6,0
2020-12-12 08:45:36,6,52,20.2,88,3.4,1000,1004.9,0.7,1,10,1104.6,0
2020-12-12 08:50:36,5,52,20.2,88,3.4,1000,1004.9,0.7,1,10,1104.6,0
2020-12-12 08:55:36,5,52,20.2,88,3.3,999.9,1004.8,1,1.7,10,1104.6,0
2020-12-12 09:01:36,6,52,20.2,89,3.4,1000.1,1005,0.7,1.4,10,1104.6,0
2020-12-12 09:06:36,5,52,20.2,89,3.5,1000.1,1005,1,1.7,8,1104.6,0
2020-12-12 09:11:36,5,52,20.2,89,3.5,1000.1,1005,0.7,1.4,12,1104.6,0
2020-12-12 09:17:36,6,52,20.2,90,3.7,1000.2,1005.1,1,1.4,12,1104.6,0
2020-12-12 09:22:36,5,52,20.2,90,4,1000.2,1005.1,1,1.4,10,1104.6,0
2020-12-12 09:27:36,5,52,20.1,90,4.2,1000.3,1005.2,1,1.4,12,1104.6,0
2020-12-12 09:33:36,6,52,20.1,90,4.5,1000.4,1005.3,1,1.4,12,1104.6,0
2020-12-12 09:38:36,5,52,20.1,90,4.7,1000.4,1005.3,1,1.7,12,1104.6,0
2020-12-12 09:43:36,5,52,20.1,90,4.9,1000.4,1005.3,0.7,1,10,1104.6,0
2020-12-12 09:49:36,6,52,20.1,90,4.7,1000.4,1005.3,1.4,1.7,10,1104.6,0
2020-12-12 09:54:36,5,52,20.1,90,4.6,1000.6,1005.5,0.7,1,10,1104.6,0
2020-12-12 09:59:36,5,52,20.2,90,4.6,1000.7,1005.6,1,1.4,10,1104.6,0
2020-12-12 10:05:36,6,52,20.2,90,4.7,1000.7,1005.6,0.3,0.7,10,1104.6,0
2020-12-12 10:10:36,5,52,20.2,90,4.8,1000.9,1005.8,0.7,1,12,1104.6,0
2020-12-12 10:15:36,5,52,20.2,90,5.1,1001,1005.9,1,1,12,1104.6,0
2020-12-12 10:21:36,6,52,20.2,90,5.2,1001,1005.9,1,1.4,12,1104.6,0
2020-12-12 10:26:36,5,52,20.2,90,5.5,1000.9,1005.8,1,1.7,12,1104.6,0
2020-12-12 10:31:36,5,52,20.2,90,5.7,1001.2,1006.1,1,1.4,12,1104.6,0
2020-12-12 10:37:36,6,51,20.2,90,5.9,1001.2,1006.1,1.4,1.7,12,1104.6,0
2020-12-12 10:42:36,5,51,20.2,89,6.1,1001.1,1006,1.7,2,12,1104.6,0
2020-12-12 10:47:36,5,51,20.2,89,6.3,1001.3,1006.2,1.4,2,12,1104.6,0
2020-12-12 10:53:36,6,51,20.2,89,6.8,1001.3,1006.2,1,1.4,12,1104.6,0
2020-12-12 10:58:36,5,51,20.2,88,7,1001.3,1006.2,1,1.4,12,1104.6,0
2020-12-12 11:03:36,5,51,20.2,87,7.2,1001.3,1006.2,0.7,1,10,1104.6,0
2020-12-12 11:09:36,6,51,20.2,86,7.4,1001.2,1006.1,1,1.7,10,1104.6,0
2020-12-12 11:14:36,5,51,20.2,85,7.3,1001.3,1006.2,1.4,1.7,10,1104.6,0
2020-12-12 11:19:36,5,52,20.2,84,7.3,1001.4,1006.3,1,1.7,12,1104.6,0
2020-12-12 11:25:36,6,52,20.2,84,7.2,1001.3,1006.2,1,1.7,10,1104.6,0
2020-12-12 11:30:36,5,52,20.2,84,7.2,1001.4,1006.3,1.4,1.7,12,1104.6,0
2020-12-12 11:35:36,5,52,20.3,84,7.2,1001.4,1006.3,1.4,1.7,10,1104.6,0
2020-12-12 11:41:36,6,53,20.3,84,7.2,1001.4,1006.3,1,1.7,10,1104.6,0
2020-12-12 11:46:36,5,53,20.3,84,7.3,1001.5,1006.4,1,1.7,12,1104.6,0
2020-12-12 11:51:36,5,53,20.4,84,7.3,1001.4,1006.3,1,1.7,12,1104.6,0
2020-12-12 11:57:36,6,54,20.4,84,7.4,1001.5,1006.4,1,1.4,12,1104.6,0
2020-12-12 12:02:36,5,55,20.4,84,7.4,1001.7,1006.6,1.4,1.7,10,1104.6,0
2020-12-12 12:07:36,5,56,20.5,84,7.3,1001.6,1006.5,1,1.4,10,1104.6,0
2020-12-12 12:13:36,6,57,20.5,84,7.2,1001.6,1006.5,1.4,1.7,8,1104.6,0
2020-12-12 12:18:36,5,58,20.6,84,7.2,1001.6,1006.5,1,1.4,12,1104.6,0
2020-12-12 12:23:36,5,58,20.6,84,7.1,1001.7,1006.6,1,1.4,10,1104.6,0
2020-12-12 12:29:36,6,58,20.6,84,7,1001.6,1006.5,0.7,1,10,1104.6,0
2020-12-12 12:34:36,5,58,20.6,84,6.9,1001.8,1006.7,0.7,1,12,1104.6,0
2020-12-12 12:39:36,5,58,20.7,84,7.1,1001.7,1006.6,1,1.4,12,1104.6,0
2020-12-12 12:45:36,6,59,20.7,80,7.7,1001.6,1006.5,1.4,2,10,1104.6,0
2020-12-12 12:50:36,5,59,20.7,80,8,1001.8,1006.7,1,1.7,12,1104.6,0
2020-12-12 12:55:36,5,59,20.7,79,8.3,1001.8,1006.7,1.4,1.7,12,1104.6,0
2020-12-12 13:01:36,6,59,20.8,77,8.7,1001.6,1006.5,1.7,2.4,12,1104.6,0
2020-12-12 13:06:36,5,59,20.9,75,8.4,1001.5,1006.4,2,2.7,12,1104.6,0
2020-12-12 13:11:36,5,59,20.9,73,8.1,1001.7,1006.6,2,2.7,14,1104.6,0
2020-12-12 13:17:36,6,56,21.1,73,8,1001.5,1006.4,1.4,1.7,12,1104.6,0
2020-12-12 13:22:36,5,52,21,73,8.3,1001.8,1006.7,1.4,2,12,1104.6,0
2020-12-12 13:27:36,5,52,20.9,73,8.1,1001.8,1006.7,1.7,2.4,10,1104.6,0
2020-12-12 13:33:36,6,51,21,80,7.4,1001.8,1006.7,1,1.7,12,1104.6,0
2020-12-12 13:38:36,5,52,20.9,80,7.3,1001.9,1006.8,1,1.4,10,1104.6,0
2020-12-12 13:43:36,5,51,21,81,7.3,1001.8,1006.7,0.7,1.4,8,1104.6,0
2020-12-12 13:49:36,6,51,21,81,7.3,1001.8,1006.7,1.4,1.7,12,1104.6,0
2020-12-12 13:54:36,5,52,21,81,7.2,1001.7,1006.6,1.7,2,12,1104.6,0
2020-12-12 13:59:36,5,51,21,81,7.1,1001.6,1006.5,1,1.4,12,1104.6,0
2020-12-12 14:05:36,6,51,21,81,6.9,1001.6,1006.5,0.7,1,10,1104.6,0
2020-12-12 14:10:36,5,51,21,81,6.7,1001.6,1006.5,0.3,0.7,10,1104.6,0
2020-12-12 14:15:36,5,52,20.9,81,6.6,1001.5,1006.4,0.7,0.7,4,1104.6,0
2020-12-12 14:21:36,6,51,21,82,6.3,1001.7,1006.6,0,0,4,1104.6,0
2020-12-12 14:26:36,5,51,21,82,6.2,1001.6,1006.5,0.3,0.7,10,1104.6,0
2020-12-12 14:31:36,5,52,20.8,82,6.1,1001.4,1006.3,0.7,1.4,10,1104.6,0
2020-12-12 14:37:36,6,49,20.9,83,6.1,1001.4,1006.3,1,1.4,9,1104.6,0
2020-12-12 14:42:36,5,45,20.8,84,6.2,1001.6,1006.5,2,2.7,10,1104.6,0
2020-12-12 14:47:36,5,46,20.7,84,6.2,1001.8,1006.7,1.7,2.4,10,1104.6,0
2020-12-12 14:53:36,6,46,20.6,84,6.2,1001.7,1006.6,0.7,1,10,1104.6,0
2020-12-12 14:58:36,5,46,20.6,84,6.2,1001.7,1006.6,0.3,0.7,10,1104.6,0
2020-12-12 15:03:36,5,47,20.6,84,6,1001.7,1006.6,0.7,1,10,1104.6,0
2020-12-12 15:09:36,6,48,20.5,84,5.8,1001.6,1006.5,0.7,1,10,1104.6,0
2020-12-12 15:14:36,5,48,20.5,84,5.8,1001.7,1006.6,1.4,1.7,10,1104.6,0
2020-12-12 15:19:36,5,49,20.5,84,5.7,1001.7,1006.6,0.7,1,10,1104.6,0
2020-12-12 15:25:36,6,50,20.5,84,5.5,1001.7,1006.6,0.7,1,10,1104.6,0
2020-12-12 15:30:36,5,50,20.6,84,5.5,1001.8,1006.7,1,1.7,10,1104.6,0
2020-12-12 15:35:36,5,50,20.6,84,5.3,1001.8,1006.7,0.3,1,,1104.6,0
2020-12-12 15:41:36,6,50,20.7,85,5.3,1001.7,1006.6,0.7,1,10,1104.6,0
2020-12-12 15:46:36,5,50,20.7,85,5.3,1001.4,1006.3,0.7,1,8,1104.6,0
2020-12-12 15:51:36,5,50,20.7,85,5.3,1001.6,1006.5,0,0.3,4,1104.6,0
2020-12-12 15:57:36,6,50,20.7,85,5.1,1001.5,1006.4,0.3,0.7,4,1104.6,0
2020-12-12 16:02:36,5,50,20.7,85,5,1001.6,1006.5,0.3,0.7,,1104.6,0
2020-12-12 16:07:36,5,50,20.7,85,5,1001.5,1006.4,0.3,0.7,,1104.6,0
2020-12-12 16:13:36,6,50,20.7,85,4.9,1001.5,1006.4,0.7,1,,1104.6,0
2020-12-12 16:18:36,5,50,20.7,85,4.8,1001.6,1006.5,0.3,0.7,8,1104.6,0
2020-12-12 16:23:36,5,50,20.7,85,4.7,1001.5,1006.4,0.7,1,,1104.6,0
2020-12-12 16:29:36,6,50,20.7,86,4.6,1001.5,1006.4,0,0.3,4,1104.6,0
2020-12-12 16:34:36,5,50,20.7,86,4.5,1001.6,1006.5,0.3,0.7,4,1104.6,0
2020-12-12 16:39:36,5,50,20.7,86,4.4,1001.8,1006.7,0.7,1,4,1104.6,0
2020-12-12 16:45:36,6,50,20.7,86,4.4,1001.6,1006.5,0.3,0.7,4,1104.6,0
2020-12-12 16:50:36,5,50,20.7,86,4.4,1001.5,1006.4,0.3,1,4,1104.6,0
2020-12-12 16:55:36,5,50,20.7,87,4.5,1001.3,1006.2,0.7,1,,1104.6,0
2020-12-12 17:01:36,6,47,20.6,87,4.5,1001.3,1006.2,0.7,1,4,1104.6,0
2020-12-12 17:06:36,5,47,20.6,87,4.4,1001.2,1006.1,0.3,0.7,4,1104.6,0
2020-12-12 17:11:36,5,48,20.6,87,4.5,1001.1,1006,0.7,1,4,1104.6,0
2020-12-12 17:17:36,6,48,20.5,88,4.7,1000.9,1005.8,0.7,1.4,1,1104.6,0
2020-12-12 17:22:36,5,48,20.5,88,4.8,1000.9,1005.8,0.7,1.4,2,1104.6,0
2020-12-12 17:27:36,5,49,20.5,89,5,1000.9,1005.8,0.7,1.4,,1104.6,0
2020-12-12 17:32:36,5,49,20.4,89,5.3,1000.8,1005.7,1,1.4,10,1104.6,0
2020-12-12 17:37:36,5,49,20.5,89,5.4,1000.5,1005.4,1,1.4,10,1104.6,0
2020-12-12 17:42:36,5,49,20.4,89,5.5,1000.5,1005.4,0.3,0.7,,1104.6,0
2020-12-12 17:47:36,5,49,20.4,89,5.5,1000.3,1005.2,1,1.4,0,1104.6,0
2020-12-12 17:52:36,5,50,20.4,89,5.6,1000.4,1005.3,0.7,1,8,1104.6,0
2020-12-12 17:57:36,5,50,20.4,89,5.6,1000.4,1005.3,0.7,1,10,1104.6,0
2020-12-12 18:02:36,5,50,20.3,88,5.6,1000.4,1005.3,1,1.7,10,1104.6,0
2020-12-12 18:07:36,5,50,20.3,88,5.6,1000.5,1005.4,0.7,1.4,4,1104.6,0
2020-12-12 18:12:36,5,50,20.3,88,5.6,1000.5,1005.4,0.7,2,4,1104.6,0
2020-12-12 18:17:36,5,50,20.3,88,5.6,1000.5,1005.4,0.7,1.4,4,1104.6,0
2020-12-12 18:22:36,5,50,20.3,88,5.6,1000.4,1005.3,1.7,2,,1104.6,0
2020-12-12 18:27:36,5,50,20.3,88,5.7,1000.2,1005.1,2.4,3.4,4,1104.6,0
2020-12-12 18:32:36,5,51,20.3,88,5.9,1000.3,1005.2,2.4,3.4,4,1104.6,0
2020-12-12 18:37:36,5,51,20.3,88,6,1000.1,1005,2.4,3.7,4,1104.6,0
2020-12-12 18:42:36,5,51,20.3,88,6,1000.1,1005,3.1,4.1,4,1104.6,0
2020-12-12 18:47:36,5,52,20.2,87,6,999.9,1004.8,2,3.4,4,1104.6,0
2020-12-12 18:53:36,6,53,20.3,86,5.8,1000,1004.9,1.4,2,,1104.6,0
2020-12-12 18:58:36,5,54,20.3,86,5.7,1000.1,1005,1.7,2,,1104.6,0
2020-12-12 19:03:36,5,55,20.3,86,5.7,1000.1,1005,1.7,2.4,,1104.6,0
2020-12-12 19:08:36,5,56,20.3,87,5.6,1000,1004.9,1.7,2.4,4,1104.6,0
2020-12-12 19:13:36,5,56,20.4,87,5.7,1000.1,1005,1.7,2.7,4,1104.6,0
2020-12-12 19:18:36,5,56,20.4,87,5.7,999.8,1004.7,1.7,2.4,4,1104.6,0
2020-12-12 19:23:36,5,56,20.4,87,5.7,999.9,1004.8,1,1.7,4,1104.6,0
2020-12-12 19:28:36,5,57,20.4,87,5.7,999.6,1004.5,2.4,3.4,4,1104.6,0
2020-12-12 19:33:36,5,57,20.4,86,5.8,999.7,1004.6,2.7,3.4,2,1104.6,0
2020-12-12 19:38:36,5,57,20.4,86,5.7,999.8,1004.7,1.7,2.4,4,1104.6,0
2020-12-12 19:43:36,5,57,20.4,86,5.8,999.7,1004.6,2.4,3.1,4,1104.6,0
2020-12-12 19:48:36,5,57,20.5,86,5.8,999.6,1004.5,2.7,3.4,,1104.6,0
2020-12-12 19:53:36,5,57,20.5,85,5.8,999.5,1004.4,1.7,2,,1104.6,0
2020-12-12 19:58:36,5,57,20.5,85,5.7,999.4,1004.3,2.7,3.1,4,1104.6,0
2020-12-12 20:03:36,5,57,20.5,85,5.7,999.3,1004.2,1.7,2.4,2,1104.6,0
2020-12-12 20:08:36,5,57,20.5,85,5.8,999.1,1004,2.4,2.7,4,1104.6,0
2020-12-12 20:13:36,5,57,20.5,85,5.9,999.2,1004.1,2.7,4.1,4,1104.6,0
2020-12-12 20:18:36,5,57,20.5,84,6.1,999.3,1004.2,1.7,2.7,8,1104.6,0
2020-12-12 20:23:36,5,58,20.5,84,6.1,999.1,1004,3.1,3.4,4,1104.6,0
2020-12-12 20:28:36,5,58,20.6,83,6.2,998.9,1003.8,2.7,3.7,2,1104.6,0
2020-12-12 20:33:36,5,59,20.6,83,6.3,998.9,1003.8,4.1,4.8,10,1104.6,0
2020-12-12 20:38:36,5,59,20.6,82,6.3,998.8,1003.7,3.4,4.4,,1104.6,0
2020-12-12 20:43:36,5,59,20.6,82,6.2,998.4,1003.3,3.4,4.4,4,1104.6,0
2020-12-12 20:48:36,5,59,20.6,82,5.9,998.5,1003.4,3.1,4.1,4,1104.6,0
2020-12-12 20:53:36,5,59,20.6,82,5.9,998.2,1003.1,4.1,4.8,,1104.6,0
2020-12-12 20:58:36,5,59,20.6,83,5.8,998.2,1003.1,4.4,5.4,,1104.6,0
2020-12-12 21:03:36,5,58,20.6,83,5.7,998.3,1003.2,3.7,5.4,4,1104.6,0
2020-12-12 21:08:36,5,58,20.7,83,5.6,998.2,1003.1,2.7,3.7,4,1104.6,0
2020-12-12 21:13:36,5,58,20.7,84,5.5,997.9,1002.8,2.7,3.4,,1104.6,0
2020-12-12 21:18:36,5,58,20.7,84,5.4,997.7,1002.6,2.7,3.4,15,1104.6,0
2020-12-12 21:23:36,5,58,20.7,85,5.4,997.4,1002.3,4.1,4.8,,1104.6,0
2020-12-12 21:28:36,5,58,20.7,85,5.6,997.4,1002.3,4.1,5.8,8,1104.6,0
2020-12-12 21:33:36,5,58,20.7,85,5.6,997.4,1002.3,3.4,4.1,,1104.6,0
2020-12-12 21:38:36,5,58,20.8,85,5.6,997.4,1002.3,4.1,4.4,,1104.6,0
2020-12-12 21:43:36,5,58,20.8,85,5.5,997.1,1002,3.1,3.7,,1104.6,0
2020-12-12 21:48:36,5,57,20.7,85,5.5,996.8,1001.7,3.4,4.8,,1104.6,0
2020-12-12 21:53:36,5,57,20.8,85,5.4,996.6,1001.5,3.7,5.4,,1104.6,0
2020-12-12 21:58:36,5,57,20.8,86,5.5,996.2,1001.1,3.7,4.8,4,1104.6,0
2020-12-12 22:03:36,5,57,20.8,86,5.5,996.4,1001.3,3.4,4.8,,1104.6,0
2020-12-12 22:08:36,5,57,20.8,86,5.5,996.3,1001.2,2.7,3.4,,1104.6,0
2020-12-12 22:13:36,5,57,20.8,86,5.6,995.9,1000.8,4.1,5.1,4,1104.6,0
2020-12-12 22:18:36,5,57,20.8,86,5.6,995.7,1000.6,3.4,4.1,,1104.6,0
2020-12-12 22:23:36,5,57,20.8,86,5.6,995.7,1000.6,3.4,7.1,13,1104.6,0
2020-12-12 22:28:36,5,57,20.8,86,5.7,995.4,1000.3,4.1,5.1,4,1104.6,0
2020-12-12 22:33:36,5,57,20.8,86,5.7,995.1,1000,3.7,4.8,,1104.6,0
2020-12-12 22:38:36,5,57,20.8,86,5.8,994.8,999.7,4.1,5.1,0,1104.6,0
2020-12-12 22:43:36,5,57,20.9,86,5.9,995,999.9,4.8,6.1,,1104.6,0
2020-12-12 22:48:36,5,57,20.9,86,6.1,995.2,1000.1,4.4,5.1,,1104.6,0
2020-12-12 22:53:36,5,57,20.9,86,6.2,995.4,1000.3,3.7,4.8,13,1104.6,0
2020-12-12 22:58:36,5,57,20.9,86,6.3,995.9,1000.8,2.4,3.7,9,1104.6,0
2020-12-12 23:03:36,5,56,20.8,86,6.3,995.9,1000.8,2.7,3.7,4,1104.6,0
2020-12-12 23:08:36,5,57,20.9,86,6.4,995.3,1000.2,3.1,4.4,4,1104.6,0
2020-12-12 23:13:36,5,56,20.9,86,6.4,995.1,1000,5.1,6.1,2,1104.6,0
2020-12-12 23:18:36,5,56,20.8,86,6.4,994.7,999.6,4.8,5.8,,1104.9,0
2020-12-12 23:23:36,5,56,20.9,86,6.4,994.3,999.2,4.8,5.8,4,1105.2,0
2020-12-12 23:29:36,6,56,20.9,86,6.2,994.1,999,4.4,5.4,,1105.5,0
2020-12-12 23:34:36,5,56,20.9,87,6.2,993.7,998.6,4.4,5.1,4,1105.8,0
2020-12-12 23:39:36,5,56,20.9,88,6.1,993.7,998.6,6.5,8.5,,1105.8,0
2020-12-12 23:44:36,5,56,20.9,89,6.1,993.5,998.4,4.8,6.1,4,1105.8,0
2020-12-12 23:49:36,5,56,20.9,89,6.1,993.3,998.2,6.5,8.2,4,1106.1,0
2020-12-12 23:54:36,5,56,20.9,90,6.2,992.8,997.7,4.8,6.8,,1106.1,0
2020-12-12 23:59:36,5,56,20.9,90,6.2,992.7,997.6,5.4,6.1,,1106.1,0
