2020-12-11 00:01:37,5,57,20.8,90,9,979.1,984,0,1,14,1103.7,0
2020-12-11 00:06:37,5,57,20.7,90,8.9,979,983.9,0.3,1,10,1103.7,0
2020-12-11 00:11:37,5,57,20.7,90,8.8,979,983.9,0,0.3,10,1103.7,0
2020-12-11 00:16:37,5,57,20.7,90,8.8,979.1,984,0,0.7,8,1103.7,0
2020-12-11 00:21:37,5,57,20.7,90,8.9,979,983.9,0,0.3,14,1103.7,0
2020-12-11 00:26:37,5,57,20.6,90,8.9,979.1,984,0,0.7,8,1103.7,0
2020-12-11 00:31:37,5,57,20.6,90,8.9,979,983.9,0,0.7,10,1103.7,0
2020-12-11 00:36:37,5,57,20.6,90,8.9,979,983.9,0,1,10,1103.7,0
2020-12-11 00:41:37,5,57,20.6,90,8.9,978.7,983.6,0.3,1,14,1103.7,0
2020-12-11 00:46:37,5,57,20.5,90,8.8,978.7,983.6,0,0.7,14,1103.7,0
2020-12-11 00:51:37,5,57,20.5,90,8.7,978.8,983.7,0,0,10,1103.7,0
2020-12-11 00:56:37,5,57,20.5,90,8.7,978.7,983.6,0.3,0.7,14,1103.7,0
2020-12-11 01:01:37,5,57,20.5,90,8.6,978.6,983.5,0.3,0.7,10,1103.7,0
2020-12-11 01:06:37,5,57,20.4,90,8.6,978.5,983.4,0,0,10,1103.7,0
2020-12-11 01:11:37,5,57,20.5,90,8.6,978.5,983.4,0,0.7,10,1103.7,0
2020-12-11 01:16:37,5,57,20.4,90,8.7,978.5,983.4,0.3,0.7,10,1103.7,0
2020-12-11 01:21:37,5,57,20.4,90,8.8,978.5,983.4,0,0,14,1103.7,0
2020-12-11 01:26:37,5,57,20.4,90,8.9,978.4,983.3,0,0.3,,1103.7,0
2020-12-11 01:31:37,5,57,20.4,90,8.9,978.3,983.2,0,0,8,1103.7,0
2020-12-11 01:36:37,5,57,20.4,90,8.9,978.3,983.2,0,0,10,1103.7,0
2020-12-11 01:41:37,5,57,20.3,90,9,978.2,983.1,0,0,10,1103.7,0
2020-12-11 01:46:37,5,57,20.3,90,8.9,978.2,983.1,0,0,10,1103.7,0
2020-12-11 01:51:37,5,57,20.3,90,8.9,978,982.9,0,0,10,1103.7,0
2020-12-11 01:56:37,5,57,20.3,90,8.9,978.1,983,0,0,10,1103.7,0
2020-12-11 02:01:37,5,57,20.3,90,8.9,978.2,983.1,0,0,10,1103.7,0
2020-12-11 02:06:37,5,57,20.3,89,8.9,978.2,983.1,0,0,10,1103.7,0
2020-12-11 02:11:37,5,57,20.3,89,8.9,978.2,983.1,0,0,10,1103.7,0
2020-12-11 02:16:37,5,57,20.3,89,8.9,978.2,983.1,0,0,10,1103.7,0
2020-12-11 02:21:37,5,57,20.2,90,8.8,978.1,983,0,0.3,10,1103.7,0
2020-12-11 02:26:37,5,57,20.2,90,8.9,978.1,983,0,0,10,1103.7,0
2020-12-11 02:31:37,5,57,20.2,90,8.9,978.2,983.1,0,0,10,1104,0
2020-12-11 02:36:37,5,57,20.2,90,8.9,978.1,983,0,0,10,1104,0
2020-12-11 02:41:37,5,57,20.2,90,8.8,978,982.9,0,0,10,1104,0
2020-12-11 02:46:37,5,57,20.1,90,8.8,978,982.9,0,0,10,1104.3,0
2020-12-11 02:51:37,5,57,20.2,90,8.8,977.9,982.8,0,0,8,1104.3,0
2020-12-11 02:56:37,5,57,20.2,90,8.8,977.9,982.8,0,0,10,1104.3,0
2020-12-11 03:01:37,5,57,20.2,90,8.8,978,982.9,0,0,8,1104.3,0
2020-12-11 03:06:37,5,57,20.2,90,8.8,977.9,982.8,0,0,10,1104.3,0
2020-12-11 03:11:37,5,57,20.2,90,8.8,977.9,982.8,0,0,10,1104.3,0
2020-12-11 03:16:37,5,57,20.2,90,8.9,977.8,982.7,0,0,8,1104.3,0
2020-12-11 03:21:37,5,57,20.2,90,9,977.6,982.5,0,0,8,1104.3,0
2020-12-11 03:26:37,5,57,20.1,90,9,977.7,982.6,0,0,10,1104.3,0
2020-12-11 03:31:37,5,57,20.1,90,9,977.8,982.7,0,0,9,1104.3,0
2020-12-11 03:36:37,5,57,20.1,90,8.9,977.7,982.6,0,0,10,1104.3,0
2020-12-11 03:41:37,5,57,20.1,90,8.9,977.5,982.4,0,0,9,1104.3,0
2020-12-11 03:46:37,5,57,20.1,90,8.8,977.5,982.4,0,0,10,1104.3,0
2020-12-11 03:51:37,5,57,20,90,8.9,977.6,982.5,0,0,10,1104.3,0
2020-12-11 03:56:37,5,57,20.1,90,8.9,977.5,982.4,0,0.3,10,1104.3,0
2020-12-11 04:01:37,5,56,20.1,90,9,977.5,982.4,0,0,10,1104.3,0
2020-12-11 04:06:37,5,56,20.1,90,9,977.4,982.3,0,0,10,1104.3,0
2020-12-11 04:11:37,5,56,20.1,90,9,977.3,982.2,0,0,10,1104.3,0
2020-12-11 04:16:37,5,56,20.1,90,9,977.4,982.3,0,0,10,1104.3,0
2020-12-11 04:21:37,5,56,20,90,9,977.3,982.2,0,0,11,1104.3,0
2020-12-11 04:26:37,5,56,20,90,8.9,977.3,982.2,0,0,11,1104.3,0
2020-12-11 04:31:37,5,56,20,90,8.9,977.4,982.3,0,0,10,1104.3,0
2020-12-11 04:36:37,5,56,20,90,8.9,977.2,982.1,0,0,10,1104.3,0
2020-12-11 04:41:36,5,56,20,90,8.8,977.4,982.3,0,0,10,1104.3,0
2020-12-11 04:46:36,5,56,20,90,8.8,977.4,982.3,0,0,8,1104.3,0
2020-12-11 04:51:36,5,56,20,90,8.8,977.4,982.3,0,0.3,10,1104.3,0
2020-12-11 04:56:36,5,56,20,90,8.8,977.5,982.4,0,0.3,10,1104.3,0
2020-12-11 05:01:36,5,56,20,90,8.9,977.3,982.2,0,0,10,1104.3,0
2020-12-11 05:06:36,5,57,19.9,90,8.9,977.4,982.3,0,0,14,1104.3,0
2020-12-11 05:11:36,5,57,19.9,90,8.8,977.4,982.3,0,0,10,1104.3,0
2020-12-11 05:16:36,5,57,19.9,90,8.8,977.3,982.2,0,0,8,1104.3,0
2020-12-11 05:21:36,5,57,19.9,90,8.8,977.4,982.3,0,0.3,10,1104.3,0
2020-12-11 05:26:36,5,57,19.9,90,8.8,977.3,982.2,0,0.3,10,1104.3,0
2020-12-11 05:31:36,5,57,19.9,90,8.8,977.5,982.4,0,0.3,10,1104.3,0
2020-12-11 05:36:36,5,57,19.9,90,8.7,977.5,982.4,0,0,10,1104.3,0
2020-12-11 05:41:36,5,57,19.9,90,8.7,977.5,982.4,0.3,0.7,10,1104.3,0
2020-12-11 05:46:36,5,57,19.9,90,8.7,977.3,982.2,0,0,10,1104.3,0
2020-12-11 05:51:36,5,57,19.9,90,8.8,977.4,982.3,0,0,10,1104.3,0
2020-12-11 05:56:36,5,57,19.9,90,8.8,977.4,982.3,0,0,8,1104.3,0
2020-12-11 06:01:36,5,57,19.9,90,8.8,977.3,982.2,0,0,10,1104.3,0
2020-12-11 06:06:36,5,57,19.8,90,8.8,977.3,982.2,0,0,10,1104.3,0
2020-12-11 06:11:36,5,57,19.9,90,8.8,977.4,982.3,0,0,8,1104.3,0
2020-12-11 06:16:36,5,57,19.8,90,8.9,977.6,982.5,0,0,10,1104.3,0
2020-12-11 06:21:36,5,57,19.8,90,8.9,977.5,982.4,0,0,10,1104.3,0
2020-12-11 06:26:36,5,57,19.9,90,8.9,977.6,982.5,0,0,10,1104.3,0
2020-12-11 06:31:36,5,57,19.9,90,8.9,977.7,982.6,0,0,10,1104.3,0
2020-12-11 06:36:36,5,57,19.8,90,8.8,977.7,982.6,0,0.3,8,1104.3,0
2020-12-11 06:41:36,5,57,19.9,90,8.8,977.8,982.7,0,0,8,1104.3,0
2020-12-11 06:46:36,5,57,19.8,90,8.8,977.8,982.7,0,0,8,1104.3,0
2020-12-11 06:51:36,5,57,19.9,90,8.9,977.8,982.7,0,0,10,1104.3,0
2020-12-11 06:56:36,5,57,19.9,90,8.9,977.9,982.8,0,0,10,1104.3,0
2020-12-11 07:01:36,5,57,19.8,90,8.9,977.9,982.8,0,0,10,1104.3,0
2020-12-11 07:06:36,5,57,19.8,90,8.8,977.8,982.7,0,0,8,1104.3,0
2020-12-11 07:11:36,5,57,19.9,90,8.8,977.9,982.8,0,0,10,1104.3,0
2020-12-11 07:16:36,5,57,19.8,90,8.6,978.1,983,0,0.7,10,1104.3,0
2020-12-11 07:21:38,5,57,19.9,90,8.5,977.9,982.8,0.3,0.7,10,1104.3,0
2020-12-11 07:26:37,5,57,19.8,90,8.4,977.9,982.8,0.3,0.7,10,1104.3,0
2020-12-11 07:31:37,5,57,19.8,90,8.3,978.1,983,0.3,0.7,10,1104.3,0
2020-12-11 07:36:37,5,57,19.8,90,8.3,978.3,983.2,0.3,0.7,10,1104.3,0
2020-12-11 07:41:37,5,57,19.8,90,8.2,978.3,983.2,0.3,0.7,10,1104.3,0
2020-12-11 07:46:37,5,57,19.8,90,8.3,978.4,983.3,0,0.7,10,1104.3,0
2020-12-11 07:51:37,5,57,19.8,90,8.3,978.4,983.3,0,0,10,1104.3,0
2020-12-11 07:56:37,5,57,19.8,90,8.3,978.6,983.5,0,0.3,10,1104.3,0
2020-12-11 08:01:37,5,57,19.8,90,8.2,978.5,983.4,0,0,10,1104.3,0
2020-12-11 08:06:37,5,57,19.8,90,8.2,978.5,983.4,0,0.3,8,1104.3,0
2020-12-11 08:11:37,5,57,19.8,90,8.1,978.6,983.5,0.3,0.7,10,1104.3,0
2020-12-11 08:16:37,5,57,19.8,90,8.1,978.7,983.6,0,0.7,10,1104.3,0
2020-12-11 08:21:37,5,57,19.8,90,8.1,978.7,983.6,0.3,0.7,10,1104.3,0
2020-12-11 08:26:37,5,57,19.7,90,8.1,979,983.9,0.3,0.7,10,1104.3,0
2020-12-11 08:31:37,5,57,19.7,90,8,978.9,983.8,0.3,0.7,10,1104.3,0
2020-12-11 08:36:37,5,57,19.7,90,8,979.1,984,0.3,0.7,10,1104.3,0
2020-12-11 08:41:37,5,57,19.7,90,8,979.2,984.1,0,0.7,10,1104.3,0
2020-12-11 08:46:37,5,57,19.7,90,8.1,979.2,984.1,0.3,0.7,10,1104.3,0
2020-12-11 08:51:37,5,57,19.7,90,8.1,979.2,984.1,0,0.3,10,1104.3,0
2020-12-11 08:56:37,5,57,19.7,90,8.1,979.4,984.3,0.3,0.7,10,1104.3,0
2020-12-11 09:01:37,5,57,19.7,91,8.1,979.4,984.3,0,0.7,10,1104.3,0
2020-12-11 09:06:37,5,58,19.8,91,8.2,979.4,984.3,0.3,0.7,10,1104.3,0
2020-12-11 09:11:37,5,58,19.9,91,8.2,979.5,984.4,0,0.3,10,1104.3,0
2020-12-11 09:16:37,5,58,20,91,8.3,979.5,984.4,0,0.3,10,1104.3,0
2020-12-11 09:21:37,5,58,20,91,8.3,979.7,984.6,0.3,0.7,10,1104.3,0
2020-12-11 09:26:37,5,58,20.1,91,8.4,979.7,984.6,0,0,10,1104.3,0
2020-12-11 09:31:37,5,58,20.2,91,8.4,979.6,984.5,0.3,0.7,10,1104.3,0
2020-12-11 09:36:37,5,58,20.2,91,8.5,979.8,984.7,0,0,10,1104.3,0
2020-12-11 09:41:37,5,58,20.2,91,8.5,979.7,984.6,0.3,0.7,10,1104.3,0
2020-12-11 09:46:37,5,58,20.3,91,8.6,979.9,984.8,0.3,0.7,14,1104.3,0
2020-12-11 09:51:37,5,59,20.3,91,8.6,980,984.9,0.3,0.7,10,1104.3,0
2020-12-11 09:56:37,5,59,20.3,91,8.6,980.2,985.1,0.3,0.7,8,1104.3,0
2020-12-11 10:01:37,5,59,20.4,92,8.7,980.1,985,0,0.3,10,1104.3,0
2020-12-11 10:06:37,5,59,20.5,92,8.8,980.3,985.2,0,0.7,10,1104.3,0
2020-12-11 10:11:37,5,60,20.6,92,8.9,980.3,985.2,0,0.3,8,1104.3,0
2020-12-11 10:16:37,5,60,20.8,92,9,980.3,985.2,0,0,10,1104.3,0
2020-12-11 10:21:37,5,60,20.9,92,9,980.3,985.2,0,0,10,1104.3,0
2020-12-11 10:26:37,5,58,21.1,92,9,980.3,985.2,0.3,0.7,14,1104.3,0
2020-12-11 10:31:37,5,58,21.1,92,9,980.5,985.4,0.3,0.7,14,1104.3,0
2020-12-11 10:36:37,5,58,21.2,92,9,980.6,985.5,0,0.7,10,1104.3,0
2020-12-11 10:41:37,5,57,21.4,92,8.9,980.5,985.4,0,0.7,12,1104.3,0
2020-12-11 10:46:37,5,57,21.4,92,8.8,980.5,985.4,0,0.3,14,1104.3,0
2020-12-11 10:51:37,5,57,21.5,92,9,980.7,985.6,0,0.3,14,1104.3,0
2020-12-11 10:56:37,5,56,21.5,92,9,980.8,985.7,0,0.3,14,1104.3,0
2020-12-11 11:01:37,5,57,21.5,92,9.2,980.7,985.6,0,0.3,14,1104.3,0
2020-12-11 11:06:37,5,57,21.5,92,9.2,980.7,985.6,0,0.7,10,1104.3,0
2020-12-11 11:11:37,5,57,21.5,92,9.2,980.9,985.8,0,0.3,14,1104.3,0
2020-12-11 11:16:37,5,57,21.5,92,9.1,980.7,985.6,0,0,10,1104.3,0
2020-12-11 11:21:37,5,56,21.5,92,9,980.9,985.8,0,0,14,1104.3,0
2020-12-11 11:26:37,5,56,21.5,92,9,980.8,985.7,0,0,14,1104.3,0
2020-12-11 11:31:37,5,56,21.5,92,9.1,980.8,985.7,0,0,14,1104.3,0
2020-12-11 11:36:37,5,56,21.4,92,9.1,981.1,986,0,0,12,1104.3,0
2020-12-11 11:41:37,5,56,21.4,92,9.2,981.1,986,0,0,12,1104.3,0
2020-12-11 11:46:37,5,56,21.4,92,9.4,981.1,986,0,0,10,1104.3,0
2020-12-11 11:51:37,5,56,21.4,92,9.5,981.1,986,0,0.3,14,1104.3,0
2020-12-11 11:56:37,5,56,21.2,92,9.5,981.2,986.1,0,0,10,1104.3,0
2020-12-11 12:01:37,5,56,21.2,92,9.5,981.2,986.1,0,0,14,1104.3,0
2020-12-11 12:06:37,5,56,21.2,92,9.5,981.4,986.3,0,0,10,1104.3,0
2020-12-11 12:11:37,5,56,21.2,92,9.5,981.5,986.4,0,0,14,1104.3,0
2020-12-11 12:16:37,5,56,21.1,92,9.5,981.5,986.4,0,0,10,1104.3,0
2020-12-11 12:21:37,5,56,21.2,91,9.6,981.5,986.4,0,0,8,1104.3,0
2020-12-11 12:26:37,5,56,21.2,91,9.7,981.8,986.7,0,0.7,14,1104.3,0
2020-12-11 12:31:37,5,56,21.2,91,9.6,981.8,986.7,0,0.3,12,1104.3,0
2020-12-11 12:36:37,5,56,21.2,91,9.5,981.8,986.7,0,0.7,14,1104.3,0
2020-12-11 12:41:37,5,56,21.2,91,9.8,982,986.9,0,0,10,1104.3,0
2020-12-11 12:46:37,5,56,21.2,91,10.1,982.1,987,0,0,14,1104.3,0
2020-12-11 12:51:37,5,56,21.2,90,10,982.2,987.1,0,0,12,1104.3,0
2020-12-11 12:56:37,5,56,21.2,89,9.8,982.2,987.1,0,0,12,1104.3,0
2020-12-11 13:01:37,5,56,21.2,88,9.7,982.2,987.1,0.7,1,12,1104.3,0
2020-12-11 13:06:37,5,56,21.1,87,9.6,982.3,987.2,0,0.7,14,1104.3,0
2020-12-11 13:11:37,5,56,21.2,86,9.6,982.4,987.3,0,0.3,10,1104.3,0
2020-12-11 13:16:37,5,55,21.1,86,9.5,982.4,987.3,0.7,1.4,14,1104.3,0
2020-12-11 13:21:37,5,55,21.2,85,9.4,982.4,987.3,1.4,1.7,14,1104.3,0
2020-12-11 13:26:37,5,55,21.1,85,9.3,982.5,987.4,1,1.7,14,1104.3,0
2020-12-11 13:31:37,5,55,21.1,85,9.3,982.5,987.4,1.7,2,14,1104.3,0
2020-12-11 13:36:37,5,54,21.1,85,9.3,982.6,987.5,1.4,1.7,14,1104.3,0
2020-12-11 13:41:37,5,54,21.1,85,9.4,982.9,987.8,1,1.4,14,1104.3,0
2020-12-11 13:46:37,5,54,21,85,9.5,982.8,987.7,1.4,2,10,1104.3,0
2020-12-11 13:51:37,5,54,21,86,9.5,982.8,987.7,1.4,1.7,10,1104.3,0
2020-12-11 13:56:37,5,55,21,86,9.5,982.9,987.8,1.7,2.4,12,1104.3,0
2020-12-11 14:01:37,5,56,20.9,86,9.5,982.9,987.8,2.4,3.1,14,1104.3,0
2020-12-11 14:06:37,5,56,20.9,85,9.4,983,987.9,1.7,2,14,1104.3,0
2020-12-11 14:11:37,5,56,20.9,85,9.4,983,987.9,2.4,3.4,10,1104.3,0
2020-12-11 14:16:37,5,56,20.9,85,9.3,983,987.9,1.7,1.7,14,1104.3,0
2020-12-11 14:21:37,5,57,20.9,85,9.4,983,987.9,2,3.1,12,1104.3,0
2020-12-11 14:26:37,5,56,21,85,9.3,983.2,988.1,1.7,2,14,1104.3,0
2020-12-11 14:31:37,5,56,21,85,9.3,983.4,988.3,1.7,2,12,1104.3,0
2020-12-11 14:36:37,5,56,21,85,9.3,983.5,988.4,1,2,12,1104.3,0
2020-12-11 14:41:37,5,56,21.1,85,9.3,983.5,988.4,2,2.7,14,1104.3,0
2020-12-11 14:46:37,5,56,21,85,9.2,983.6,988.5,2.4,3.7,12,1104.3,0
2020-12-11 14:51:37,5,56,21.1,86,9.1,983.7,988.6,1.4,1.7,14,1104.3,0
2020-12-11 14:56:37,5,56,21,86,9,983.8,988.7,3.1,4.4,14,1104.3,0
2020-12-11 15:01:37,5,56,21,86,9,984,988.9,2,3.1,12,1104.3,0
2020-12-11 15:06:37,5,56,21,86,9,984.1,989,1.4,1.7,14,1104.3,0
2020-12-11 15:11:37,5,56,21,87,9,984.1,989,1.4,1.7,10,1104.3,0
2020-12-11 15:16:37,5,57,21,87,9,984.2,989.1,2,2.4,12,1104.3,0
2020-12-11 15:21:37,5,57,21.1,87,8.9,984.3,989.2,1.7,2,14,1104.3,0
2020-12-11 15:26:37,5,57,21,87,8.9,984.3,989.2,1.4,1.7,14,1104.3,0
2020-12-11 15:31:37,5,58,21.1,87,8.9,984.5,989.4,1.7,2,14,1104.3,0
2020-12-11 15:36:37,5,57,21.1,87,8.9,984.7,989.6,1.4,2,14,1104.3,0
2020-12-11 15:41:37,5,57,21.1,87,8.8,984.7,989.6,1.4,2,14,1104.3,0
2020-12-11 15:46:37,5,56,21,88,8.8,984.6,989.5,1.4,2,13,1104.3,0
2020-12-11 15:51:37,5,56,21,88,8.7,985,989.9,1.4,1.7,14,1104.3,0
2020-12-11 15:56:37,5,56,21.1,88,8.6,985,989.9,1,1.7,14,1104.3,0
2020-12-11 16:01:37,5,56,21,88,8.5,984.9,989.8,1,1.7,12,1104.3,0
2020-12-11 16:06:37,5,56,21,88,8.5,985.1,990,1,1.7,14,1104.3,0
2020-12-11 16:11:37,5,56,20.9,88,8.4,985.3,990.2,0.7,1.4,14,1104.3,0
2020-12-11 16:16:37,5,56,20.9,88,8.4,985.4,990.3,1,1.4,14,1104.3,0
2020-12-11 16:21:37,5,56,20.8,88,8.3,985.6,990.5,1,1.4,14,1104.3,0
2020-12-11 16:26:37,5,55,20.8,88,8.2,985.6,990.5,1,1.4,14,1104.3,0
2020-12-11 16:31:37,5,55,20.8,88,8,985.7,990.6,0.3,1.4,12,1104.3,0
2020-12-11 16:36:37,5,55,20.6,88,8,985.9,990.8,0.3,1.4,12,1104.3,0
2020-12-11 16:41:37,5,55,20.6,88,7.8,985.9,990.8,0.7,1.4,10,1104.3,0
2020-12-11 16:46:37,5,55,20.6,87,7.7,986.1,991,0.7,1.4,12,1104.3,0
2020-12-11 16:51:37,5,55,20.5,87,7.7,986.1,991,0.7,1.4,14,1104.3,0
2020-12-11 16:56:37,5,55,20.5,87,7.7,986.4,991.3,1,1.4,14,1104.3,0
2020-12-11 17:01:37,5,55,20.5,87,7.8,986.3,991.2,0.7,1.4,13,1104.3,0
2020-12-11 17:06:37,5,55,20.4,87,7.8,986.4,991.3,1,1.4,10,1104.3,0
2020-12-11 17:11:37,5,55,20.4,86,7.7,986.6,991.5,1,1.4,10,1104.3,0
2020-12-11 17:16:37,5,55,20.3,86,7.7,986.6,991.5,1,1.4,8,1104.3,0
2020-12-11 17:21:37,5,55,20.3,86,7.6,986.8,991.7,1,1.4,12,1104.3,0
2020-12-11 17:26:37,5,55,20.2,86,7.6,986.8,991.7,1,1.4,14,1104.3,0
2020-12-11 17:31:37,5,55,20.2,86,7.6,986.9,991.8,1,1.4,14,1104.3,0
2020-12-11 17:36:37,5,55,20.2,86,7.5,987.2,992.1,1,1.4,14,1104.3,0
2020-12-11 17:41:37,5,55,20.2,91,7.4,987.2,992.1,1,1.4,14,1104.3,0
2020-12-11 17:46:37,5,55,20.1,91,7.3,987.3,992.2,1,1.4,10,1104.3,0
2020-12-11 17:51:37,5,55,20.1,91,7.4,987.2,992.1,1,1.4,12,1104.3,0
2020-12-11 17:56:37,5,55,20.1,90,7.3,987.5,992.4,1.4,1.7,14,1104.3,0
2020-12-11 18:01:37,5,55,20,90,7.2,987.6,992.5,1.4,1.7,12,1104.3,0
2020-12-11 18:06:37,5,55,20,90,7.2,987.7,992.6,1.4,1.7,14,1104.3,0
2020-12-11 18:11:37,5,55,20,90,7.2,987.8,992.7,1.4,2,14,1104.3,0
2020-12-11 18:16:37,5,55,20,90,7.2,987.9,992.8,1.7,2,14,1104.3,0
2020-12-11 18:21:37,5,55,20,90,7.2,988.1,993,1,1.7,14,1104.3,0
2020-12-11 18:26:37,5,55,20,90,7.3,988.1,993,1.7,2,14,1104.3,0
2020-12-11 18:31:37,5,54,20,89,7.3,988.1,993,1.4,2,14,1104.3,0
2020-12-11 18:36:37,5,54,20,89,7.4,988.2,993.1,1,1.4,14,1104.3,0
2020-12-11 18:41:37,5,54,20,89,7.3,988.5,993.4,1,1.4,14,1104.3,0
2020-12-11 18:46:37,5,54,20,89,7.3,988.4,993.3,1,1.7,10,1104.3,0
2020-12-11 18:51:37,5,55,20,89,7.3,988.5,993.4,1.4,1.7,14,1104.3,0
2020-12-11 18:56:37,5,55,20,89,7.3,988.6,993.5,1.7,2.4,14,1104.3,0
2020-12-11 19:01:37,5,56,20,89,7.3,988.8,993.7,1.7,2,14,1104.3,0
2020-12-11 19:06:37,5,56,20,89,7.3,988.8,993.7,1,1.4,14,1104.3,0
2020-12-11 19:11:37,5,56,20.1,89,7.3,988.8,993.7,1,1.4,12,1104.3,0
2020-12-11 19:16:37,5,57,20.1,89,7.2,989.1,994,1.7,2.7,10,1104.3,0
2020-12-11 19:21:37,5,57,20.1,88,7.2,989.3,994.2,1,1.4,12,1104.3,0
2020-12-11 19:26:37,5,57,20.2,88,7.1,989.3,994.2,0.7,1,10,1104.3,0
2020-12-11 19:31:37,5,57,20.2,88,7.1,989.3,994.2,1,1.4,10,1104.3,0
2020-12-11 19:36:37,5,57,20.2,89,7,989.4,994.3,0.7,1,10,1104.3,0
2020-12-11 19:41:37,5,57,20.2,89,6.9,989.5,994.4,0.7,1,10,1104.3,0
2020-12-11 19:46:37,5,58,20.2,89,6.8,989.4,994.3,0.7,1,12,1104.3,0
2020-12-11 19:51:37,5,58,20.3,89,6.7,989.6,994.5,1,1.4,10,1104.3,0
2020-12-11 19:56:37,5,58,20.3,89,6.6,989.7,994.6,1,1.4,8,1104.3,0
2020-12-11 20:01:37,5,58,20.3,89,6.4,989.7,994.6,0.3,0.7,12,1104.3,0
2020-12-11 20:06:37,5,58,20.3,89,6.2,989.9,994.8,0.7,1,12,1104.3,0
2020-12-11 20:11:37,5,59,20.3,88,6,990,994.9,0.7,0.7,10,1104.3,0
2020-12-11 20:16:37,5,59,20.4,88,5.8,990.1,995,0.3,0.3,10,1104.3,0
2020-12-11 20:21:37,5,59,20.4,89,5.7,990.1,995,1,1.4,10,1104.3,0
2020-12-11 20:26:37,5,59,20.5,89,5.5,990.3,995.2,1,1.4,10,1104.3,0
2020-12-11 20:31:37,5,59,20.5,89,5.5,990.3,995.2,1,1.4,8,1104.6,0
2020-12-11 20:36:37,5,59,20.5,89,5.5,990.4,995.3,1,1.4,10,1104.6,0
2020-12-11 20:41:37,5,59,20.5,89,5.6,990.4,995.3,0.7,1,10,1104.6,0
2020-12-11 20:46:37,5,59,20.6,89,5.7,990.4,995.3,0.7,1,10,1104.6,0
2020-12-11 20:51:37,5,59,20.6,89,5.7,990.6,995.5,1,1.4,14,1104.6,0
2020-12-11 20:56:37,5,59,20.6,89,5.7,990.7,995.6,1,1.4,12,1104.6,0
2020-12-11 21:01:37,5,59,20.6,89,5.8,990.7,995.6,0.7,1.4,12,1104.6,0
2020-12-11 21:06:37,5,59,20.6,89,5.9,990.7,995.6,1.4,2,10,1104.6,0
2020-12-11 21:11:37,5,59,20.6,89,6,990.8,995.7,1.4,1.7,12,1104.6,0
2020-12-11 21:16:37,5,59,20.6,89,6.1,991,995.9,1.4,1.7,12,1104.6,0
2020-12-11 21:21:37,5,59,20.7,88,6.1,991,995.9,1.7,2.7,12,1104.6,0
2020-12-11 21:26:37,5,59,20.7,88,6.1,991.1,996,2,2.4,10,1104.6,0
2020-12-11 21:31:37,5,59,20.7,88,6.2,991.2,996.1,1.7,2.4,10,1104.6,0
2020-12-11 21:36:37,5,59,20.7,87,6.1,991.2,996.1,1.7,2.4,10,1104.6,0
2020-12-11 21:41:37,5,59,20.7,87,6.1,991.2,996.1,1.7,2,12,1104.6,0
2020-12-11 21:46:37,5,59,20.7,86,6,991.1,996,1.4,1.7,10,1104.6,0
2020-12-11 21:51:37,5,59,20.7,86,5.9,991.3,996.2,1.4,1.7,12,1104.6,0
2020-12-11 21:56:37,5,59,20.8,86,5.8,991.4,996.3,2,2.7,12,1104.6,0
2020-12-11 22:01:37,5,58,20.8,86,5.7,991.5,996.4,1.4,1.7,12,1104.6,0
2020-12-11 22:06:37,5,58,20.8,86,5.5,991.7,996.6,1.4,1.7,12,1104.6,0
2020-12-11 22:11:37,5,58,20.8,86,5.4,991.7,996.6,1.4,2,12,1104.6,0
2020-12-11 22:16:37,5,58,20.8,86,5.4,991.6,996.5,1,1.4,10,1104.6,0
2020-12-11 22:21:37,5,58,20.8,86,5.3,991.8,996.7,1,1.7,10,1104.6,0
2020-12-11 22:26:37,5,58,20.8,86,5,991.8,996.7,0.7,1,10,1104.6,0
2020-12-11 22:31:37,5,58,20.8,86,4.8,991.7,996.6,1,1.4,10,1104.6,0
2020-12-11 22:36:37,5,58,20.8,86,4.7,991.8,996.7,1,1.4,10,1104.6,0
2020-12-11 22:41:37,5,58,20.9,86,4.5,992,996.9,1,1.4,10,1104.6,0
2020-12-11 22:46:37,5,58,20.8,87,4.4,992.1,997,0.7,1,10,1104.6,0
2020-12-11 22:51:37,5,58,20.9,87,4.3,992.1,997,1,1.4,10,1104.6,0
2020-12-11 22:56:37,5,58,20.9,87,4.2,992.3,997.2,0.7,1.4,10,1104.6,0
2020-12-11 23:01:37,5,58,20.9,87,4.1,992.4,997.3,1,1.4,10,1104.6,0
2020-12-11 23:06:37,5,58,20.9,88,4.1,992.4,997.3,1,1.4,10,1104.6,0
2020-12-11 23:11:37,5,58,20.9,88,4,992.4,997.3,0.7,1,12,1104.6,0
2020-12-11 23:16:37,5,58,20.9,88,4.1,992.5,997.4,1.4,1.7,10,1104.6,0
2020-12-11 23:21:37,5,58,20.9,89,4.7,992.6,997.5,1.4,1.7,10,1104.6,0
2020-12-11 23:26:37,5,58,20.9,90,5,992.7,997.6,1.4,1.7,12,1104.6,0
2020-12-11 23:31:37,5,58,20.9,90,5.2,992.5,997.4,1.4,1.7,10,1104.6,0
2020-12-11 23:36:37,5,58,20.9,90,5.3,992.6,997.5,1.4,2,12,1104.6,0
2020-12-11 23:41:37,5,58,20.9,89,5.3,992.7,997.6,1.4,2,12,1104.6,0
2020-12-11 23:46:37,5,57,20.8,89,5.2,992.9,997.8,1,1.4,12,1104.6,0
2020-12-11 23:51:37,5,57,20.8,89,5.1,992.9,997.8,1,1.4,10,1104.6,0
2020-12-11 23:57:37,6,57,20.9,88,5.1,992.9,997.8,1,1.4,10,1104.6,0
