2020-08-24 00:01:03,5,63,22.3,96,12.6,1013.9,1018.8,0,0,4,781.8,0
2020-08-24 00:06:03,5,63,22.3,96,12.5,1013.9,1018.8,0,0,4,781.8,0
2020-08-24 00:11:03,5,63,22.2,96,12.5,1013.9,1018.8,0,0,4,781.8,0
2020-08-24 00:16:03,5,63,22.2,99,12.4,1013.8,1018.7,0.3,0.7,4,781.8,0
2020-08-24 00:21:03,5,63,22.2,99,12.4,1013.8,1018.7,0.3,0.3,4,781.8,0
2020-08-24 00:26:03,5,63,22.2,99,12.4,1013.9,1018.8,0,0,4,781.8,0
2020-08-24 00:31:03,5,63,22.2,99,12.3,1013.9,1018.8,0,0,4,781.8,0
2020-08-24 00:36:03,5,63,22.2,99,12.3,1013.8,1018.7,0,0,4,781.8,0
2020-08-24 00:41:03,5,63,22.2,99,12.3,1013.8,1018.7,0,0,4,781.8,0
2020-08-24 00:46:03,5,63,22.2,99,12.3,1013.5,1018.4,0.3,0.3,4,781.8,0
2020-08-24 00:51:03,5,63,22.1,99,12.4,1013.5,1018.4,0,0,4,781.8,0
2020-08-24 00:56:03,5,63,22.1,99,12.3,1013.5,1018.4,0,0,4,781.8,0
2020-08-24 01:01:03,5,63,22.1,99,12.3,1013.3,1018.2,0.3,0.7,4,781.8,0
2020-08-24 01:06:03,5,63,22,99,12.2,1013.3,1018.2,0,0.3,4,781.8,0
2020-08-24 01:11:03,5,63,22,99,12.2,1013.4,1018.3,0,0,4,781.8,0
2020-08-24 01:16:03,5,63,22,99,12.1,1013.3,1018.2,0,0,4,781.8,0
2020-08-24 01:21:03,5,63,22,99,12.2,1013.2,1018.1,0,0.3,4,781.8,0
2020-08-24 01:26:03,5,63,22,99,12.2,1013.1,1018,0,0.3,0,781.8,0
2020-08-24 01:31:03,5,63,22,99,12.2,1013.1,1018,0,0,2,781.8,0
2020-08-24 01:36:03,5,63,22,99,12.2,1013,1017.9,0.3,0.7,4,781.8,0
2020-08-24 01:41:03,5,63,22,99,12.1,1013,1017.9,0,0,4,781.8,0
2020-08-24 01:46:03,5,64,21.9,99,12.1,1012.8,1017.7,0,0,4,781.8,0
2020-08-24 01:51:03,5,64,21.9,99,12.1,1012.8,1017.7,0,0,4,781.8,0
2020-08-24 01:56:03,5,64,21.9,99,12,1012.9,1017.8,0,0,4,781.8,0
2020-08-24 02:01:03,5,64,21.9,99,12.1,1012.9,1017.8,0,0,4,781.8,0
2020-08-24 02:06:03,5,64,21.9,99,12,1012.7,1017.6,0,0,4,781.8,0
2020-08-24 02:11:03,5,64,21.9,99,12,1012.7,1017.6,0,0,4,781.8,0
2020-08-24 02:16:03,5,64,21.9,99,12,1012.7,1017.6,0,0,4,781.8,0
2020-08-24 02:21:03,5,64,21.8,99,12,1012.6,1017.5,0,0.3,4,781.8,0
2020-08-24 02:26:03,5,64,21.8,99,12,1012.7,1017.6,0.3,0.7,4,782.1,0
2020-08-24 02:31:03,5,64,21.8,99,12,1012.8,1017.7,0,0,4,782.1,0
2020-08-24 02:36:03,5,64,21.8,99,11.9,1012.8,1017.7,0,0,4,782.1,0
2020-08-24 02:41:03,5,64,21.7,99,11.8,1012.8,1017.7,0,0,4,782.1,0
2020-08-24 02:46:03,5,64,21.8,99,11.7,1012.6,1017.5,0,0.3,4,782.1,0
2020-08-24 02:51:03,5,64,21.7,99,11.7,1012.9,1017.8,0,0,4,782.1,0
2020-08-24 02:56:03,5,64,21.7,99,11.6,1012.9,1017.8,0,0,4,782.1,0
2020-08-24 03:01:03,5,64,21.8,99,11.6,1013,1017.9,0,0,4,782.1,0
2020-08-24 03:06:03,5,64,21.7,99,11.6,1013.2,1018.1,0,0.3,2,782.1,0
2020-08-24 03:11:03,5,64,21.7,99,11.5,1012.9,1017.8,0.3,0.7,2,782.1,0
2020-08-24 03:16:03,5,64,21.6,99,11.6,1013.1,1018,0.3,0.7,2,782.1,0
2020-08-24 03:21:03,5,64,21.6,99,11.7,1012.9,1017.8,0.3,0.7,2,782.1,0
2020-08-24 03:26:03,5,64,21.6,99,11.8,1012.9,1017.8,0.7,1,2,782.1,0
2020-08-24 03:31:03,5,64,21.6,99,11.8,1012.7,1017.6,0.7,1,2,782.1,0
2020-08-24 03:36:03,5,64,21.6,99,11.9,1012.6,1017.5,0.7,1,2,782.1,0
2020-08-24 03:41:03,5,64,21.6,99,11.9,1012.6,1017.5,1,1.4,4,782.1,0
2020-08-24 03:46:03,5,64,21.6,99,11.9,1012.5,1017.4,0.7,0.7,2,782.1,0
2020-08-24 03:51:03,5,64,21.6,99,12,1012.6,1017.5,0.3,0.7,2,782.1,0
2020-08-24 03:56:03,5,64,21.6,99,11.9,1012.5,1017.4,0,0.3,4,782.1,0
2020-08-24 04:01:03,5,64,21.6,99,11.9,1012.5,1017.4,0,0,2,782.1,0
2020-08-24 04:06:03,5,64,21.6,99,11.9,1012.6,1017.5,0,0,2,782.1,0
2020-08-24 04:11:03,5,64,21.5,99,11.9,1012.5,1017.4,0.3,0.7,4,782.1,0
2020-08-24 04:16:03,5,64,21.5,99,11.9,1012.4,1017.3,0,0,4,782.1,0
2020-08-24 04:21:03,5,64,21.5,99,11.9,1012.4,1017.3,0,0,4,782.1,0
2020-08-24 04:26:03,5,64,21.5,99,11.9,1012.3,1017.2,0,0,4,782.1,0
2020-08-24 04:31:03,5,64,21.5,99,11.9,1012.4,1017.3,0.3,0.7,4,782.1,0
2020-08-24 04:36:03,5,64,21.5,99,11.9,1012.2,1017.1,0,0.3,2,782.1,0
2020-08-24 04:41:03,5,64,21.5,99,11.8,1012,1016.9,0.3,0.7,2,782.1,0
2020-08-24 04:46:03,5,64,21.5,99,11.7,1012,1016.9,0.3,0.7,2,782.1,0
2020-08-24 04:51:03,5,64,21.5,99,11.7,1011.9,1016.8,1,1.4,2,782.1,0
2020-08-24 04:56:03,5,64,21.4,99,11.7,1011.9,1016.8,0.7,1,2,782.1,0
2020-08-24 05:01:03,5,64,21.4,99,11.7,1011.8,1016.7,0,0.3,2,782.1,0
2020-08-24 05:06:03,5,64,21.5,99,11.6,1011.7,1016.6,0.3,0.7,2,782.1,0
2020-08-24 05:12:03,6,64,21.4,99,11.3,1011.9,1016.8,0,0,2,782.1,0
2020-08-24 05:17:03,5,64,21.4,99,11.2,1012,1016.9,0.7,1,4,782.1,0
2020-08-24 05:22:03,5,64,21.4,99,11.1,1012,1016.9,0.3,0.7,4,782.1,0
2020-08-24 05:28:03,6,64,21.4,99,10.9,1012.1,1017,0,0,4,782.1,0
2020-08-24 05:33:03,5,64,21.4,99,10.8,1012.1,1017,0.3,0.7,8,782.1,0
2020-08-24 05:38:03,5,64,21.5,99,10.7,1012.1,1017,0.3,0.7,8,782.1,0
2020-08-24 05:44:03,6,64,21.4,99,10.7,1012.1,1017,0,0,10,782.1,0
2020-08-24 05:49:03,5,64,21.4,99,10.7,1012.1,1017,0,0,10,782.1,0
2020-08-24 05:54:03,5,64,21.4,99,10.7,1012.2,1017.1,0,0,10,782.1,0
2020-08-24 06:00:03,6,64,21.4,99,10.6,1012.3,1017.2,0.3,0.7,4,782.1,0
2020-08-24 06:05:03,5,64,21.4,99,10.6,1012.3,1017.2,0,0,4,782.1,0
2020-08-24 06:10:03,5,64,21.4,99,10.7,1012.4,1017.3,0,0,4,782.1,0
2020-08-24 06:16:03,6,64,21.4,99,11.1,1012.4,1017.3,0,0,4,782.1,0
2020-08-24 06:21:03,5,64,21.4,99,11.1,1012.2,1017.1,0,0,10,782.1,0
2020-08-24 06:26:03,5,64,21.4,99,11.2,1012.3,1017.2,0,0,10,782.1,0
2020-08-24 06:32:03,6,64,21.4,99,11.4,1012.2,1017.1,0,0,10,782.1,0
2020-08-24 06:37:03,5,64,21.4,99,11.5,1012.2,1017.1,0,0,10,782.1,0
2020-08-24 06:42:03,5,64,21.4,99,12.1,1012.2,1017.1,0,0,10,782.1,0
2020-08-24 06:48:03,6,64,21.5,97,12.6,1012.3,1017.2,0,0,10,782.1,0
2020-08-24 06:53:03,5,64,21.4,98,13.4,1012.2,1017.1,0.3,0.7,10,782.1,0
2020-08-24 06:58:03,5,64,21.4,97,13.6,1012.3,1017.2,0.3,0.7,10,782.1,0
2020-08-24 07:04:03,6,64,21.4,97,13.7,1012.2,1017.1,0,0,10,782.1,0
2020-08-24 07:09:03,5,64,21.4,97,14.5,1012.1,1017,0,0.3,4,782.1,0
2020-08-24 07:14:03,5,64,21.5,98,15,1012.1,1017,0.3,0.7,4,782.1,0
2020-08-24 07:20:03,6,64,21.4,98,15.2,1012.2,1017.1,0.7,1,4,782.1,0
2020-08-24 07:25:03,5,64,21.5,98,14.7,1012,1016.9,0.7,1,4,782.1,0
2020-08-24 07:30:03,5,64,21.4,98,14.5,1012.3,1017.2,0,0.3,4,782.1,0
2020-08-24 07:36:03,6,64,21.4,98,14.8,1012.2,1017.1,0,0.3,4,782.1,0
2020-08-24 07:41:03,5,64,21.4,98,14.9,1012,1016.9,0.3,0.7,4,782.1,0
2020-08-24 07:46:03,5,64,21.4,98,15.5,1012.1,1017,0.7,1,4,782.1,0
2020-08-24 07:52:03,6,64,21.5,98,16,1012.1,1017,1.4,1.7,4,782.1,0
2020-08-24 07:57:03,5,65,21.6,96,15.9,1012.3,1017.2,0.7,1,,782.1,0
2020-08-24 08:02:03,5,65,21.8,93,15.7,1012.2,1017.1,1,1.4,0,782.1,0
2020-08-24 08:08:03,6,63,21.8,89,15.6,1012.1,1017,0.3,0.7,,782.1,0
2020-08-24 08:13:03,5,62,21.9,88,15.7,1012,1016.9,0.3,0.7,4,782.1,0
2020-08-24 08:18:03,5,63,21.9,86,15.5,1011.9,1016.8,0.7,1,4,782.1,0
2020-08-24 08:24:03,6,62,22,83,15.1,1012,1016.9,1,1.4,4,782.1,0
2020-08-24 08:29:03,5,62,22,82,15.1,1011.9,1016.8,1.7,2,,782.1,0
2020-08-24 08:34:03,5,62,22.1,82,15.2,1012,1016.9,1,1.7,,782.1,0
2020-08-24 08:40:03,6,62,22.1,82,15.9,1011.7,1016.6,1.7,2.4,4,782.1,0
2020-08-24 08:45:03,5,61,22.1,80,16.3,1011.9,1016.8,1.7,2,4,782.1,0
2020-08-24 08:50:03,5,60,22.1,79,16.8,1011.7,1016.6,1.7,2.4,2,782.1,0
2020-08-24 08:56:03,6,60,22.2,76,17.2,1011.9,1016.8,2.4,2.7,4,782.1,0
2020-08-24 09:01:03,5,60,22.2,74,17.2,1011.7,1016.6,2,2.4,4,782.1,0
2020-08-24 09:06:03,5,60,22.3,74,17.2,1011.7,1016.6,1.4,2,4,782.1,0
2020-08-24 09:12:03,6,59,22.3,74,16.9,1011.6,1016.5,1.4,1.7,2,782.1,0
2020-08-24 09:17:03,5,59,22.3,74,17.1,1011.5,1016.4,1.4,2,4,782.1,0
2020-08-24 09:22:03,5,58,22.3,70,17.5,1011.6,1016.5,1.7,2,12,782.1,0
2020-08-24 09:28:03,6,58,22.4,71,17.2,1011.6,1016.5,1.7,2.4,4,782.1,0
2020-08-24 09:33:03,5,58,22.4,72,16.8,1011.3,1016.2,1.7,2,4,782.1,0
2020-08-24 09:38:03,5,58,22.4,73,17,1011.3,1016.2,2,2.7,4,782.1,0
2020-08-24 09:44:03,6,58,22.4,72,17,1011.4,1016.3,2.4,2.7,4,782.1,0
2020-08-24 09:49:03,5,58,22.4,73,16.7,1011.3,1016.2,2,3.1,4,782.1,0
2020-08-24 09:54:03,5,58,22.4,73,16.7,1011.3,1016.2,1.7,2,,782.1,0
2020-08-24 10:00:03,6,58,22.5,73,17.1,1011.3,1016.2,1.7,2,4,782.1,0
2020-08-24 10:05:03,5,58,22.5,72,16.8,1011.3,1016.2,1.4,1.7,4,782.1,0
2020-08-24 10:10:03,5,57,22.5,73,17.1,1011.2,1016.1,1.4,2,4,782.1,0
2020-08-24 10:16:03,6,57,22.5,71,17.3,1011.2,1016.1,1.7,2,2,782.1,0
2020-08-24 10:21:03,5,57,22.5,70,17.2,1011.2,1016.1,1.4,2,4,782.1,0
2020-08-24 10:26:03,5,56,22.6,70,17,1011.2,1016.1,1,1.4,2,782.1,0
2020-08-24 10:32:03,6,56,22.6,73,16.9,1011.2,1016.1,1,2,2,782.1,0
2020-08-24 10:37:03,5,57,22.7,73,17.3,1011.2,1016.1,1,1.7,2,782.1,0
2020-08-24 10:42:03,5,57,22.6,72,17.2,1011.2,1016.1,1.7,2,4,782.1,0
2020-08-24 10:48:03,6,57,22.6,73,17.4,1011,1015.9,1,1.4,,782.1,0
2020-08-24 10:53:03,5,57,22.7,72,17.3,1010.8,1015.7,1.7,2,4,782.1,0
2020-08-24 10:58:03,5,57,22.7,74,17.2,1010.8,1015.7,1.7,2.4,0,782.1,0
2020-08-24 11:04:03,6,57,22.8,74,17,1010.8,1015.7,2,2.7,2,782.1,0
2020-08-24 11:09:03,5,57,22.8,75,17.1,1010.7,1015.6,2.4,2.7,4,782.1,0
2020-08-24 11:14:03,5,57,22.8,75,17.2,1010.6,1015.5,1.7,2.4,4,782.1,0
2020-08-24 11:20:03,6,57,22.8,71,17.6,1010.7,1015.6,1.7,2.4,4,782.1,0
2020-08-24 11:25:03,5,57,22.8,71,17.5,1010.6,1015.5,2.7,3.4,4,782.1,0
2020-08-24 11:30:03,5,57,22.8,74,17.3,1010.5,1015.4,2.7,4.1,4,782.1,0
2020-08-24 11:36:03,6,57,22.8,74,17.1,1010.4,1015.3,2.7,4.1,,782.1,0
2020-08-24 11:41:03,5,57,22.9,75,17.3,1010.4,1015.3,2,2.7,2,782.1,0
2020-08-24 11:46:03,5,57,22.8,74,17.2,1010.4,1015.3,3.1,3.7,4,782.1,0
2020-08-24 11:52:03,6,55,23,74,17.3,1010.3,1015.2,2,2.7,4,782.1,0
2020-08-24 11:57:03,5,56,22.9,72,17.5,1010.1,1015,3.1,3.7,4,782.1,0
2020-08-24 12:02:03,5,56,22.9,75,17.4,1010.3,1015.2,2.7,3.4,4,782.1,0
2020-08-24 12:08:03,6,56,22.9,75,17.4,1010.1,1015,2.4,3.1,,782.1,0
2020-08-24 12:13:03,5,56,22.9,73,17.6,1010.1,1015,2.4,3.1,4,782.1,0
2020-08-24 12:18:03,5,56,22.8,72,17.6,1010,1014.9,2.7,4.1,,782.1,0
2020-08-24 12:24:03,6,56,22.8,72,17.8,1010.2,1015.1,2.4,2.7,4,782.1,0
2020-08-24 12:29:03,5,57,22.8,71,17.7,1010.1,1015,3.7,5.1,,782.1,0
2020-08-24 12:34:03,5,57,22.8,71,17.8,1010.1,1015,3.1,3.7,4,782.1,0
2020-08-24 12:40:03,6,58,22.8,71,18,1009.7,1014.6,1.7,2.4,2,782.1,0
2020-08-24 12:45:03,5,58,22.9,70,18,1009.8,1014.7,2.4,3.1,4,782.1,0
2020-08-24 12:50:03,5,56,23,71,17.8,1009.7,1014.6,2.4,3.7,4,782.1,0
2020-08-24 12:55:03,5,56,23,72,17.8,1009.6,1014.5,2,2.7,,782.1,0
2020-08-24 13:00:03,5,57,23,71,17.7,1009.6,1014.5,2.4,2.7,4,782.1,0
2020-08-24 13:05:03,5,57,23.1,71,17.7,1009.6,1014.5,2.7,3.4,4,782.1,0
2020-08-24 13:10:03,5,57,23.2,71,17.9,1009.8,1014.7,2,2.4,2,782.1,0
2020-08-24 13:15:03,5,57,23.3,72,18.2,1009.6,1014.5,2.7,3.4,,782.1,0
2020-08-24 13:20:03,5,57,23.3,71,18.1,1009.4,1014.3,2.4,2.7,4,782.1,0
2020-08-24 13:25:03,5,58,23.4,72,18.1,1009.4,1014.3,2.7,3.4,4,782.1,0
2020-08-24 13:30:03,5,58,23.4,71,18,1009.3,1014.2,2.4,3.1,4,782.1,0
2020-08-24 13:35:03,5,58,23.5,71,18.1,1009.2,1014.1,2.7,3.4,,782.1,0
2020-08-24 13:40:03,5,57,23.6,71,18.3,1009.1,1014,0.7,1.4,10,782.1,0
2020-08-24 13:45:03,5,57,23.6,70,18.4,1009.1,1014,0.7,1,10,782.1,0
2020-08-24 13:50:03,5,57,23.6,70,18.5,1008.9,1013.8,1.7,2.4,2,782.1,0
2020-08-24 13:55:03,5,57,23.6,70,18.6,1009,1013.9,2,2.4,8,782.1,0
2020-08-24 14:00:03,5,57,23.7,68,18.6,1008.9,1013.8,1,1.7,12,782.1,0
2020-08-24 14:05:03,5,57,23.7,70,18.8,1008.7,1013.6,0.7,1,14,782.1,0
2020-08-24 14:10:03,5,57,23.8,70,19.1,1008.6,1013.5,1,1.4,,782.1,0
2020-08-24 14:15:03,5,57,23.8,67,19.2,1008.7,1013.6,1,1.4,8,782.1,0
2020-08-24 14:20:03,5,57,23.8,67,19.3,1008.5,1013.4,1.4,2.4,4,782.1,0
2020-08-24 14:25:03,5,57,23.9,67,18.8,1008.3,1013.2,3.1,4.4,4,782.1,0
2020-08-24 14:30:03,5,57,23.9,69,18.5,1008.2,1013.1,2.7,3.7,2,782.1,0
2020-08-24 14:35:03,5,58,23.9,69,18.3,1008.4,1013.3,3.4,4.4,4,782.1,0
2020-08-24 14:40:03,5,58,23.9,70,18.4,1008.2,1013.1,3.1,4.1,2,782.1,0
2020-08-24 14:45:03,5,57,24,70,18.5,1007.9,1012.8,2.4,3.1,4,782.1,0
2020-08-24 14:50:03,5,57,24.1,70,18.8,1007.9,1012.8,2.4,3.1,4,782.1,0
2020-08-24 14:55:03,5,57,24.2,70,18.9,1007.7,1012.6,2,2.7,4,782.1,0
2020-08-24 15:00:03,5,57,24.2,70,18.9,1007.7,1012.6,2.7,3.7,2,782.1,0
2020-08-24 15:05:03,5,57,24.3,69,18.9,1007.6,1012.5,2.7,3.1,4,782.1,0
2020-08-24 15:10:03,5,57,24.4,70,19.2,1007.5,1012.4,3.1,3.7,,782.1,0
2020-08-24 15:15:03,5,57,24.4,69,19.1,1007.4,1012.3,2.7,3.7,4,782.1,0
2020-08-24 15:20:03,5,56,24.5,69,18.9,1007.3,1012.2,2.7,4.1,,782.1,0
2020-08-24 15:25:03,5,56,24.5,70,18.9,1007.2,1012.1,2,2.7,,782.1,0
2020-08-24 15:30:03,5,56,24.5,70,18.9,1007,1011.9,2,3.1,4,782.1,0
2020-08-24 15:35:03,5,57,24.5,70,19,1007,1011.9,2.4,3.1,,782.1,0
2020-08-24 15:40:03,5,57,24.5,70,19,1007,1011.9,2.7,3.1,,782.1,0
2020-08-24 15:45:03,5,57,24.5,70,19,1006.9,1011.8,1.7,2.7,4,782.1,0
2020-08-24 15:50:03,5,56,24.6,70,19,1006.8,1011.7,2,2.7,4,782.1,0
2020-08-24 15:55:03,5,55,24.6,70,18.9,1006.6,1011.5,2.7,3.4,4,782.1,0
2020-08-24 16:00:03,5,55,24.6,71,19,1006.8,1011.7,3.1,3.7,,782.1,0
2020-08-24 16:05:03,5,54,24.5,70,18.9,1006.6,1011.5,2.4,3.1,4,782.1,0
2020-08-24 16:10:03,5,54,24.5,71,18.9,1006.6,1011.5,2.7,3.7,,782.1,0
2020-08-24 16:15:03,5,54,24.4,71,18.8,1006.6,1011.5,2,2.7,4,782.1,0
2020-08-24 16:20:03,5,55,24.4,71,18.8,1006.3,1011.2,3.4,4.4,,782.1,0
2020-08-24 16:25:03,5,55,24.4,72,18.8,1006.2,1011.1,2.7,3.7,,782.1,0
2020-08-24 16:30:03,5,55,24.4,72,18.7,1006.1,1011,2.7,3.4,12,782.1,0
2020-08-24 16:35:03,5,55,24.4,72,18.6,1006,1010.9,3.1,4.4,4,782.1,0
2020-08-24 16:40:03,5,55,24.4,72,18.6,1005.9,1010.8,2.7,3.7,4,782.1,0
2020-08-24 16:45:03,5,55,24.4,72,18.5,1005.8,1010.7,3.1,4.1,4,782.1,0
2020-08-24 16:50:03,5,55,24.4,72,18.5,1005.8,1010.7,2.4,2.7,4,782.1,0
2020-08-24 16:55:03,5,55,24.3,73,18.5,1005.6,1010.5,2,2.7,4,782.1,0
2020-08-24 17:00:03,5,55,24.2,73,18.5,1005.6,1010.5,2.4,3.1,,782.1,0
2020-08-24 17:05:03,5,55,24.2,73,18.4,1005.5,1010.4,3.1,4.1,,782.1,0
2020-08-24 17:10:03,5,55,24.1,74,18.4,1005.4,1010.3,2.7,3.4,,782.1,0
2020-08-24 17:15:03,5,55,24.1,74,18.3,1005.3,1010.2,1.7,2.4,,782.1,0
2020-08-24 17:20:03,5,55,24.1,74,18.3,1005.2,1010.1,1.7,2,,782.1,0
2020-08-24 17:25:03,5,55,24,75,18.3,1005.3,1010.2,2.4,3.1,,782.1,0
2020-08-24 17:30:03,5,56,24,75,18.2,1005.1,1010,2,2.7,4,782.1,0
2020-08-24 17:35:03,5,57,23.9,76,18.1,1004.9,1009.8,2,2.7,,782.1,0
2020-08-24 17:40:03,5,57,23.7,76,18.1,1005,1009.9,2,2.7,4,782.1,0
2020-08-24 17:45:03,5,57,23.6,76,18,1004.7,1009.6,2.4,3.4,8,782.1,0
2020-08-24 17:50:03,5,57,23.6,77,18,1004.6,1009.5,2,3.1,,782.1,0
2020-08-24 17:55:03,5,57,23.8,77,17.9,1004.5,1009.4,2,2.7,,782.1,0
2020-08-24 18:00:03,5,57,23.7,77,17.9,1004.4,1009.3,2.7,3.1,,782.1,0
2020-08-24 18:05:03,5,57,23.6,78,17.8,1004.3,1009.2,2.4,2.7,4,782.1,0
2020-08-24 18:10:03,5,58,23.6,78,17.8,1004.2,1009.1,3.1,3.7,4,782.1,0
2020-08-24 18:15:03,5,58,23.6,78,17.7,1004.1,1009,3.4,4.1,13,782.1,0
2020-08-24 18:20:03,5,58,23.5,78,17.7,1003.9,1008.8,3.4,4.8,,782.1,0
2020-08-24 18:25:03,5,58,23.5,78,17.7,1003.9,1008.8,2.7,3.7,4,782.1,0
2020-08-24 18:30:03,5,58,23.4,79,17.6,1003.8,1008.7,3.4,4.4,,782.1,0
2020-08-24 18:35:03,5,58,23.5,79,17.5,1003.8,1008.7,3.4,4.1,4,782.1,0
2020-08-24 18:40:03,5,58,23.5,82,17.4,1003.7,1008.6,2.4,3.4,4,782.1,0
2020-08-24 18:45:03,5,59,23.5,83,17.4,1003.6,1008.5,2,2.4,,782.1,0
2020-08-24 18:50:03,5,59,23.5,83,17.3,1003.6,1008.5,2,3.1,4,782.1,0
2020-08-24 18:55:03,5,60,23.5,83,17.2,1003.4,1008.3,1.4,2.4,,782.1,0
2020-08-24 19:00:03,5,60,23.5,83,17.2,1003.3,1008.2,1.7,2.4,,782.1,0
2020-08-24 19:05:03,5,60,23.6,82,17.2,1003.2,1008.1,2.4,2.7,4,782.1,0
2020-08-24 19:10:03,5,60,23.6,82,17.2,1003.1,1008,2.7,4.1,,782.1,0
2020-08-24 19:15:03,5,60,23.6,81,17.1,1002.8,1007.7,1.7,2.7,,782.1,0
2020-08-24 19:20:03,5,60,23.6,81,17,1002.7,1007.6,2.7,3.7,4,782.1,0
2020-08-24 19:25:03,5,60,23.6,82,16.9,1002.7,1007.6,3.7,4.8,4,782.1,0
2020-08-24 19:30:03,5,60,23.6,81,16.9,1002.5,1007.4,4.1,4.8,,782.1,0
2020-08-24 19:35:03,5,59,23.6,81,16.8,1002.5,1007.4,3.4,4.1,4,782.1,0
2020-08-24 19:40:03,5,60,23.6,81,16.7,1002.5,1007.4,3.1,4.1,4,782.1,0
2020-08-24 19:45:03,5,60,23.7,82,16.6,1002.3,1007.2,3.1,3.4,8,782.1,0
2020-08-24 19:50:03,5,60,23.7,82,16.4,1002.3,1007.2,2.7,3.7,,782.1,0
2020-08-24 19:55:03,5,60,23.7,83,16.3,1002.2,1007.1,3.1,4.1,,782.1,0
2020-08-24 20:00:03,5,60,23.7,84,16.2,1002.2,1007.1,2.7,4.1,,782.1,0
2020-08-24 20:05:03,5,60,23.8,85,16.1,1002,1006.9,2.4,3.1,,782.1,0
2020-08-24 20:10:03,5,60,23.7,86,16,1001.9,1006.8,2.7,3.7,,782.1,0
2020-08-24 20:15:03,5,60,23.7,87,15.9,1001.9,1006.8,3.7,4.8,,782.1,0
2020-08-24 20:20:03,5,60,23.7,88,15.9,1001.7,1006.6,3.1,3.7,,782.1,0
2020-08-24 20:25:03,5,60,23.7,89,15.8,1001.8,1006.7,3.1,4.4,4,782.1,0
2020-08-24 20:30:03,5,60,23.7,89,15.7,1001.6,1006.5,4.4,5.1,4,782.4,0
2020-08-24 20:35:03,5,60,23.7,89,15.5,1001.5,1006.4,4.8,5.8,,782.4,0
2020-08-24 20:40:03,5,60,23.7,89,15.4,1001.5,1006.4,4.1,5.1,4,782.4,0
2020-08-24 20:45:03,5,60,23.7,90,15.3,1001.2,1006.1,3.7,4.8,,782.7,0
2020-08-24 20:50:03,5,60,23.7,90,15.2,1001.2,1006.1,3.1,4.1,4,782.7,0
2020-08-24 20:55:03,5,60,23.8,90,15,1001.1,1006,3.7,4.8,4,782.7,0
2020-08-24 21:00:03,5,61,23.8,90,14.9,1000.9,1005.8,4.4,5.1,4,783,0
2020-08-24 21:05:03,5,60,23.7,91,14.8,1000.8,1005.7,3.4,4.1,4,783,0
2020-08-24 21:10:03,5,60,23.7,91,14.7,1000.9,1005.8,4.1,5.4,4,783.3,0
2020-08-24 21:15:03,5,60,23.7,91,14.7,1000.9,1005.8,4.8,5.8,4,783.3,0
2020-08-24 21:20:03,5,60,23.7,91,14.6,1000.7,1005.6,4.8,6.5,4,783.3,0
2020-08-24 21:25:03,5,61,23.6,91,14.5,1000.6,1005.5,3.1,4.1,8,783.6,0
2020-08-24 21:30:03,5,61,23.7,91,14.4,1000.4,1005.3,4.4,5.8,,783.9,0
2020-08-24 21:35:03,5,61,23.6,91,14.3,1000.2,1005.1,5.1,6.8,,783.9,0
2020-08-24 21:40:03,5,61,23.6,91,14.1,999.9,1004.8,4.4,5.4,,784.2,0
2020-08-24 21:45:03,5,61,23.6,91,14,999.6,1004.5,5.8,6.8,2,784.2,0
2020-08-24 21:50:03,5,60,23.7,91,13.9,999.3,1004.2,5.4,8.5,4,784.5,0
2020-08-24 21:55:03,5,60,23.7,91,13.8,999.3,1004.2,4.8,5.8,4,784.8,0
2020-08-24 22:00:03,5,60,23.6,91,13.8,999.1,1004,4.1,4.8,,784.8,0
2020-08-24 22:05:04,5,60,23.5,91,13.7,998.8,1003.7,3.4,4.1,4,785.1,0
2020-08-24 22:10:04,5,60,23.5,91,13.6,998.6,1003.5,5.1,6.1,4,785.4,0
2020-08-24 22:15:04,5,60,23.4,92,13.6,998.3,1003.2,5.1,5.4,,785.7,0
2020-08-24 22:20:04,5,60,23.4,92,13.7,998.4,1003.3,4.4,5.1,,786,0
2020-08-24 22:25:04,5,60,23.3,92,13.7,998.1,1003,5.1,6.5,4,786.3,0
2020-08-24 22:30:04,5,60,23.2,93,13.7,998.1,1003,4.1,5.1,4,786.6,0
2020-08-24 22:35:04,5,60,23.2,93,13.6,998,1002.9,4.8,6.8,0,786.9,0
2020-08-24 22:40:04,5,60,23.2,93,13.6,998,1002.9,4.8,6.5,,787.8,0
2020-08-24 22:45:04,5,60,23.1,94,13.6,997.6,1002.5,4.8,6.1,4,788.4,0
2020-08-24 22:50:04,5,60,23.1,94,13.6,997.5,1002.4,3.4,4.4,,789,0
2020-08-24 22:55:04,5,60,23.1,94,13.6,997.3,1002.2,4.1,5.8,0,789.9,0
2020-08-24 23:00:04,5,60,23,95,13.6,997.3,1002.2,4.4,5.8,4,790.8,0
2020-08-24 23:05:04,5,60,23,95,13.6,997,1001.9,3.7,6.5,,791.1,0
2020-08-24 23:10:04,5,60,23,95,13.6,996.4,1001.3,5.8,7.8,2,791.7,0
2020-08-24 23:15:04,5,60,23,96,13.6,996.1,1001,4.8,5.8,2,792,0
2020-08-24 23:20:04,5,60,22.9,96,13.6,995.9,1000.8,5.8,8.8,,792.6,0
2020-08-24 23:25:04,5,60,22.9,96,13.7,995.7,1000.6,5.1,6.8,,792.9,0
2020-08-24 23:30:04,5,60,22.9,96,13.7,995.4,1000.3,4.1,5.8,4,793.2,0
2020-08-24 23:35:04,5,60,22.9,97,13.7,995.2,1000.1,4.1,4.8,4,793.8,0
2020-08-24 23:40:04,5,60,22.8,97,13.8,995.1,1000,3.1,4.4,,794.1,0
2020-08-24 23:45:04,5,60,22.8,97,13.8,994.8,999.7,4.4,5.4,2,794.4,0
2020-08-24 23:50:04,5,60,22.8,97,13.8,994.7,999.6,4.4,5.4,0,795,0
2020-08-24 23:55:04,5,60,22.8,97,13.8,994.2,999.1,5.1,7.1,2,795.3,0
