2020-08-19 00:01:05,5,63,23.7,96,14.2,1000.6,1005.5,0,0,4,729.3,0
2020-08-19 00:06:05,5,63,23.6,97,14.3,1000.7,1005.6,0,0,4,729.3,0
2020-08-19 00:11:05,5,63,23.6,97,14.3,1000.7,1005.6,0,0,4,729.3,0
2020-08-19 00:16:05,5,63,23.6,97,14.3,1000.8,1005.7,0,0,4,729.3,0
2020-08-19 00:21:05,5,63,23.6,97,14.3,1000.8,1005.7,0,0.3,2,729.3,0
2020-08-19 00:26:05,5,63,23.5,97,14.3,1000.6,1005.5,0,0,2,729.3,0
2020-08-19 00:31:05,5,63,23.5,97,14.3,1000.6,1005.5,0,0,2,729.3,0
2020-08-19 00:36:05,5,63,23.5,97,14.2,1000.8,1005.7,0,0,2,729.3,0
2020-08-19 00:41:05,5,63,23.4,97,14.2,1000.5,1005.4,0,0.3,2,729.3,0
2020-08-19 00:46:05,5,63,23.4,98,14.2,1000.6,1005.5,0,0,2,729.3,0
2020-08-19 00:51:05,5,63,23.4,98,14.2,1000.5,1005.4,0,0,2,729.3,0
2020-08-19 00:56:05,5,63,23.3,98,14.2,1000.3,1005.2,0,0,2,729.3,0
2020-08-19 01:01:05,5,63,23.3,98,14.2,1000.1,1005,0,0,2,729.3,0
2020-08-19 01:06:05,5,63,23.2,98,14.2,1000.2,1005.1,0.3,0.7,2,729.3,0
2020-08-19 01:11:05,5,63,23.3,98,14.2,1000,1004.9,0,0,4,729.3,0
2020-08-19 01:16:05,5,63,23.2,98,14.2,1000,1004.9,0,0,4,729.3,0
2020-08-19 01:21:05,5,63,23.2,98,14.3,999.9,1004.8,0,0.3,2,729.3,0
2020-08-19 01:26:05,5,63,23.2,98,14.2,999.9,1004.8,0.3,0.7,2,729.3,0
2020-08-19 01:31:05,5,63,23.2,99,14.4,999.6,1004.5,0.7,1,2,729.3,0
2020-08-19 01:36:05,5,63,23.1,99,14.4,999.6,1004.5,0.3,0.7,2,729.3,0
2020-08-19 01:41:05,5,63,23.2,99,14.4,999.8,1004.7,0.3,0.7,4,729.3,0
2020-08-19 01:46:05,5,63,23.1,99,14.4,999.8,1004.7,0,0,,729.3,0
2020-08-19 01:51:05,5,63,23.1,99,14.2,999.6,1004.5,0,0,,729.3,0
2020-08-19 01:56:05,5,63,23.1,99,14.1,999.7,1004.6,0.7,1,4,729.3,0
2020-08-19 02:01:05,5,63,23.1,99,14.1,999.6,1004.5,0.3,0.7,4,729.3,0
2020-08-19 02:06:05,5,63,23.1,99,14.3,999.8,1004.7,1,1,4,729.3,0
2020-08-19 02:11:05,5,63,23.1,99,14.3,999.6,1004.5,1,1.4,2,729.3,0
2020-08-19 02:16:05,5,63,23,99,14.4,999.6,1004.5,0.7,1.4,2,729.3,0
2020-08-19 02:21:05,5,63,23,99,14.4,999.6,1004.5,0.7,1,2,729.3,0
2020-08-19 02:26:05,5,63,23,99,14.3,999.7,1004.6,1,1.4,4,729.3,0
2020-08-19 02:31:05,5,63,23,99,14.2,999.7,1004.6,1,1.4,4,729.3,0
2020-08-19 02:36:05,5,62,22.9,99,14.1,999.6,1004.5,1,1.7,4,729.3,0
2020-08-19 02:41:05,5,62,22.9,99,14.2,999.5,1004.4,1,1.4,4,729.3,0
2020-08-19 02:46:05,5,62,22.9,99,14.3,999.6,1004.5,0.7,1,4,729.3,0
2020-08-19 02:51:05,5,62,22.9,99,14.3,999.5,1004.4,0.3,0.7,4,729.3,0
2020-08-19 02:56:05,5,62,22.9,99,14.3,999.6,1004.5,0.7,1,4,729.3,0
2020-08-19 03:01:05,5,62,22.9,99,14.2,999.3,1004.2,0,0,4,729.3,0
2020-08-19 03:06:05,5,62,22.9,99,14.3,999.4,1004.3,0,0,4,729.3,0
2020-08-19 03:11:05,5,63,22.9,99,14.4,999.4,1004.3,0.7,1,2,729.3,0
2020-08-19 03:16:05,5,63,22.9,99,14.4,999.3,1004.2,0.3,0.7,2,729.3,0
2020-08-19 03:21:05,5,63,22.9,99,14.5,999.3,1004.2,0.7,1.4,4,729.3,0
2020-08-19 03:26:05,5,63,22.8,99,14.5,999.1,1004,0.7,1.4,4,729.3,0
2020-08-19 03:31:05,5,63,22.8,99,14.5,999.1,1004,0.7,1.4,2,729.3,0
2020-08-19 03:36:05,5,63,22.8,99,14.5,999,1003.9,0.3,0.7,2,729.3,0
2020-08-19 03:41:05,5,63,22.7,99,14.5,999,1003.9,0.7,1.4,4,729.3,0
2020-08-19 03:46:05,5,63,22.7,99,14.5,998.9,1003.8,0.3,0.7,4,729.3,0
2020-08-19 03:51:05,5,63,22.8,99,14.4,998.9,1003.8,0,0.3,2,729.3,0
2020-08-19 03:56:05,5,63,22.7,99,14.4,999,1003.9,0.7,1,2,729.3,0
2020-08-19 04:01:05,5,63,22.8,99,14.4,998.9,1003.8,0.7,1,2,729.3,0
2020-08-19 04:06:05,5,63,22.8,99,14.3,998.5,1003.4,0.7,1.4,2,729.3,0
2020-08-19 04:11:05,5,63,22.8,99,14.3,998.4,1003.3,1,1.4,2,729.3,0
2020-08-19 04:16:05,5,63,22.7,99,14.3,998.2,1003.1,0.7,1,2,729.3,0
2020-08-19 04:21:05,5,63,22.7,99,14.2,998.1,1003,0.7,1,4,729.3,0
2020-08-19 04:26:05,5,63,22.7,99,14.2,998,1002.9,1.4,1.7,4,729.3,0
2020-08-19 04:31:05,5,63,22.7,99,14.2,998.2,1003.1,1.4,1.7,,729.3,0
2020-08-19 04:36:05,5,63,22.7,99,14.2,997.8,1002.7,1,1.4,0,729.3,0
2020-08-19 04:41:05,5,63,22.7,99,14.1,997.9,1002.8,1.4,1.7,2,729.3,0
2020-08-19 04:46:05,5,63,22.7,99,14.1,998,1002.9,0.7,1,4,729.3,0
2020-08-19 04:51:05,5,63,22.6,99,14.1,997.9,1002.8,1,1.4,2,729.3,0
2020-08-19 04:56:05,5,63,22.6,99,14.1,997.9,1002.8,1,1.4,2,729.3,0
2020-08-19 05:01:05,5,63,22.6,99,14.1,997.8,1002.7,1,1.4,4,729.3,0
2020-08-19 05:06:05,5,63,22.6,99,14,997.7,1002.6,1.4,1.7,,729.3,0
2020-08-19 05:11:05,5,63,22.6,99,13.9,997.7,1002.6,0.7,1,2,729.3,0
2020-08-19 05:16:05,5,63,22.6,99,13.9,997.7,1002.6,0.7,1,2,729.3,0
2020-08-19 05:21:05,5,63,22.6,99,13.9,997.5,1002.4,0.7,1.4,4,729.3,0
2020-08-19 05:26:05,5,63,22.6,99,13.9,997.7,1002.6,1,1.7,,729.3,0
2020-08-19 05:31:05,5,63,22.6,99,13.8,997.7,1002.6,0.3,1,2,729.3,0
2020-08-19 05:36:05,5,63,22.6,99,13.8,997.3,1002.2,0.7,1,2,729.3,0
2020-08-19 05:41:05,5,63,22.6,99,13.9,997.3,1002.2,1,1.4,2,729.3,0
2020-08-19 05:46:05,5,63,22.6,99,13.9,997.1,1002,0.7,1,2,729.3,0
2020-08-19 05:51:05,5,63,22.6,99,13.9,997.2,1002.1,0.3,0.7,2,729.3,0
2020-08-19 05:56:05,5,63,22.5,99,13.9,997,1001.9,0.3,0.7,2,729.3,0
2020-08-19 06:01:05,5,63,22.5,99,13.8,997.1,1002,0.7,1,2,729.3,0
2020-08-19 06:06:05,5,63,22.5,99,13.8,997.1,1002,1,1.4,4,729.3,0
2020-08-19 06:11:05,5,63,22.5,99,13.7,997,1001.9,0,0.3,2,729.3,0
2020-08-19 06:16:05,5,63,22.5,99,13.8,997.1,1002,0.7,1,,729.3,0
2020-08-19 06:21:05,5,63,22.5,99,13.8,996.9,1001.8,1.4,1.7,4,729.3,0
2020-08-19 06:26:05,5,63,22.5,99,13.9,996.9,1001.8,1,1.4,2,729.3,0
2020-08-19 06:31:05,5,63,22.5,99,14,996.7,1001.6,1,1.4,4,729.3,0
2020-08-19 06:36:05,5,63,22.5,99,14,996.7,1001.6,2.7,3.4,4,729.3,0
2020-08-19 06:41:05,5,63,22.5,99,14.1,996.7,1001.6,2.4,2.7,,729.3,0
2020-08-19 06:46:05,5,63,22.5,99,14.2,996.7,1001.6,1.7,2.4,2,729.3,0
2020-08-19 06:51:05,5,63,22.5,99,14.2,996.7,1001.6,2,2.7,2,729.3,0
2020-08-19 06:56:05,5,63,22.5,99,14.2,996.6,1001.5,1.7,2.4,2,729.3,0
2020-08-19 07:01:05,5,63,22.5,99,14.3,996.6,1001.5,2.4,3.1,4,729.3,0
2020-08-19 07:06:05,5,62,22.5,99,14.3,996.5,1001.4,2,2.4,2,729.3,0
2020-08-19 07:11:05,5,63,22.5,99,14.4,996.5,1001.4,2.7,3.4,2,729.3,0
2020-08-19 07:16:05,5,63,22.6,99,14.4,996.3,1001.2,1.4,1.7,2,729.3,0
2020-08-19 07:21:05,5,64,22.6,99,14.5,996.2,1001.1,2,2.7,4,729.3,0
2020-08-19 07:26:05,5,64,22.7,99,14.5,996.3,1001.2,2,2.7,4,729.3,0
2020-08-19 07:31:05,5,64,22.8,99,14.6,995.9,1000.8,1.4,1.7,2,729.3,0
2020-08-19 07:36:05,5,64,22.9,99,14.8,995.9,1000.8,1.4,1.7,0,729.3,0
2020-08-19 07:41:05,5,64,23,99,15,995.8,1000.7,1.4,2,2,729.3,0
2020-08-19 07:46:05,5,64,23,99,15,995.7,1000.6,1.7,2.4,2,729.3,0
2020-08-19 07:51:05,5,63,23.1,99,15.1,995.7,1000.6,2.4,2.7,2,729.3,0
2020-08-19 07:56:05,5,63,23.1,99,15.2,995.6,1000.5,1.7,2,4,729.3,0
2020-08-19 08:01:05,5,63,23.2,99,15.4,995.7,1000.6,2.4,2.7,2,729.3,0
2020-08-19 08:06:05,5,64,23.2,99,15.5,995.7,1000.6,1.4,2,4,729.3,0
2020-08-19 08:11:05,5,63,23.2,99,15.4,995.6,1000.5,1.7,2,,729.3,0
2020-08-19 08:16:05,5,64,23.3,99,15.4,995.6,1000.5,1.7,2.4,4,729.3,0
2020-08-19 08:21:05,5,63,23.3,99,15.5,995.5,1000.4,2,2.4,0,729.3,0
2020-08-19 08:26:05,5,63,23.2,98,15.5,995.4,1000.3,1,1.4,4,729.3,0
2020-08-19 08:31:05,5,63,23.3,98,15.6,995.4,1000.3,1.4,2,2,729.3,0
2020-08-19 08:36:05,5,63,23.2,97,15.5,995.2,1000.1,1.7,2,2,729.3,0
2020-08-19 08:41:05,5,62,23.2,96,15.5,995,999.9,1.7,2,0,729.3,0
2020-08-19 08:46:05,5,62,23.2,96,15.5,995,999.9,2,3.1,2,729.3,0
2020-08-19 08:51:05,5,62,23.2,96,15.5,995,999.9,2.4,3.4,2,729.3,0
2020-08-19 08:56:05,5,62,23.3,97,15.6,994.9,999.8,2.4,3.1,2,729.3,0
2020-08-19 09:01:05,5,62,23.3,97,15.7,994.8,999.7,1.7,2.4,2,729.3,0
2020-08-19 09:06:05,5,62,23.3,97,15.8,994.8,999.7,1.4,2,2,729.3,0
2020-08-19 09:11:05,5,62,23.2,97,15.8,994.6,999.5,2,2.4,4,729.3,0
2020-08-19 09:16:05,5,62,23.2,97,15.8,994.3,999.2,2,3.4,2,729.3,0
2020-08-19 09:21:05,5,62,23.2,98,15.8,994.3,999.2,2.7,3.7,0,729.6,0
2020-08-19 09:26:05,5,62,23.3,98,15.8,994.2,999.1,2.7,3.4,2,729.6,0
2020-08-19 09:31:05,5,63,23.2,99,15.8,994.1,999,1.7,2.4,2,729.9,0
2020-08-19 09:36:05,5,63,23.3,99,15.9,994,998.9,1.7,2.4,2,729.9,0
2020-08-19 09:41:05,5,63,23.3,99,15.9,993.9,998.8,2.4,3.4,2,729.9,0
2020-08-19 09:46:05,5,63,23.3,99,16,993.7,998.6,2.7,3.4,2,729.9,0
2020-08-19 09:51:05,5,63,23.3,99,16.1,993.8,998.7,2,2.7,2,729.9,0
2020-08-19 09:56:05,5,63,23.4,99,16.2,993.8,998.7,2.7,3.7,0,729.9,0
2020-08-19 10:01:05,5,63,23.5,99,16.3,993.5,998.4,3.1,3.7,4,729.9,0
2020-08-19 10:06:05,5,63,23.6,99,16.5,993.4,998.3,3.1,3.7,4,730.2,0
2020-08-19 10:11:05,5,63,23.6,99,16.6,993.5,998.4,2.4,3.4,2,730.2,0
2020-08-19 10:16:05,5,63,23.6,99,16.7,993.3,998.2,1.7,2,2,730.2,0
2020-08-19 10:21:05,5,63,23.6,99,16.8,993.4,998.3,2.4,3.1,2,730.2,0
2020-08-19 10:26:05,5,63,23.6,98,16.8,993.4,998.3,2,2.4,4,730.2,0
2020-08-19 10:31:05,5,63,23.6,98,16.9,993.3,998.2,1.7,2.4,2,730.2,0
2020-08-19 10:36:05,5,63,23.6,97,16.9,993.3,998.2,2.7,3.7,2,730.2,0
2020-08-19 10:41:05,5,63,23.6,96,16.9,993.2,998.1,3.1,3.4,2,730.2,0
2020-08-19 10:46:05,5,63,23.6,95,16.9,993.2,998.1,2,2.7,2,730.2,0
2020-08-19 10:51:05,5,63,23.6,95,16.9,993.1,998,3.1,4.1,2,730.2,0
2020-08-19 10:56:05,5,63,23.7,94,16.8,992.9,997.8,3.1,3.7,2,730.2,0
2020-08-19 11:01:05,5,63,23.7,95,16.8,993.1,998,2.7,3.7,2,730.2,0
2020-08-19 11:06:05,5,63,23.7,95,16.8,992.9,997.8,2,3.4,2,730.2,0
2020-08-19 11:11:05,5,63,23.8,95,16.7,992.7,997.6,2.4,3.1,2,730.8,0
2020-08-19 11:16:05,5,63,23.7,96,16.7,992.6,997.5,2.7,3.4,1,730.8,0
2020-08-19 11:21:05,5,63,23.9,97,16.7,992.6,997.5,2,3.1,2,731.1,0
2020-08-19 11:26:05,5,63,23.9,98,16.6,992.4,997.3,3.1,4.1,2,731.1,0
2020-08-19 11:31:05,5,63,23.9,98,16.7,992.3,997.2,2.4,3.1,4,731.1,0
2020-08-19 11:36:05,5,63,23.9,99,16.8,992.2,997.1,3.4,4.1,4,731.1,0
2020-08-19 11:41:05,5,62,24,99,16.9,992.1,997,2.4,3.7,4,731.4,0
2020-08-19 11:46:05,5,62,24,99,16.8,992,996.9,2.7,3.4,2,731.4,0
2020-08-19 11:51:05,5,62,24,99,16.9,991.8,996.7,3.1,3.7,2,731.4,0
2020-08-19 11:56:05,5,62,24.1,99,16.9,991.9,996.8,2,2.7,2,731.4,0
2020-08-19 12:01:05,5,62,24.1,99,16.9,991.8,996.7,2.4,3.1,4,731.4,0
2020-08-19 12:06:05,5,62,24,99,16.8,991.8,996.7,4.1,5.4,4,731.4,0
2020-08-19 12:11:05,5,62,24,98,16.8,991.6,996.5,2.7,3.1,2,731.4,0
2020-08-19 12:16:05,5,63,23.9,97,16.8,991.6,996.5,3.1,4.1,4,731.4,0
2020-08-19 12:21:05,5,63,23.9,97,16.8,991.7,996.6,3.4,4.8,2,731.7,0
2020-08-19 12:26:05,5,63,23.8,97,16.7,991.6,996.5,2.7,3.7,2,731.7,0
2020-08-19 12:31:05,5,64,23.9,97,16.7,991.3,996.2,3.1,4.1,2,732,0
2020-08-19 12:36:05,5,64,23.9,98,16.8,991.1,996,4.1,6.1,2,732,0
2020-08-19 12:41:05,5,64,23.9,98,16.9,990.9,995.8,2,2.7,4,732,0
2020-08-19 12:46:05,5,63,24,98,17,990.8,995.7,2.4,3.1,2,732,0
2020-08-19 12:51:05,5,63,24,99,17,990.6,995.5,2.7,4.4,0,732,0
2020-08-19 12:56:05,5,64,23.9,98,16.9,990.4,995.3,3.4,4.8,2,732,0
2020-08-19 13:01:05,5,63,24,98,17.1,990.2,995.1,3.7,4.8,4,732,0
2020-08-19 13:06:05,5,63,24.1,97,17.3,990.3,995.2,3.7,5.4,4,732,0
2020-08-19 13:11:05,5,63,24.1,96,17.3,990.2,995.1,3.7,4.4,2,732,0
2020-08-19 13:16:05,5,63,24.2,95,17.4,989.9,994.8,4.8,6.1,2,732,0
2020-08-19 13:21:05,5,63,24.2,95,17.3,989.8,994.7,3.7,5.1,2,732,0
2020-08-19 13:26:05,5,63,24.2,94,17.3,989.9,994.8,3.4,5.4,4,732,0
2020-08-19 13:31:05,5,63,24.2,95,17.2,989.9,994.8,4.1,5.1,2,732,0
2020-08-19 13:36:05,5,63,24.3,95,17.2,989.9,994.8,3.1,3.7,2,732,0
2020-08-19 13:41:05,5,63,24.3,94,17.1,989.7,994.6,3.4,4.4,2,732,0
2020-08-19 13:46:05,5,63,24.3,94,17.3,989.7,994.6,2.7,3.1,2,732,0
2020-08-19 13:51:05,5,63,24.3,94,17.4,989.3,994.2,2.7,3.4,4,732,0
2020-08-19 13:56:05,5,63,24.3,93,17.3,989.4,994.3,3.4,4.1,2,732,0
2020-08-19 14:01:05,5,63,24.3,93,17.2,989.3,994.2,4.8,6.8,2,732,0
2020-08-19 14:06:05,5,63,24.3,93,17.3,989,993.9,3.4,4.4,2,732,0
2020-08-19 14:11:05,5,63,24.3,92,17.3,989,993.9,3.4,4.8,2,732,0
2020-08-19 14:16:05,5,62,24.3,92,17.3,988.8,993.7,4.4,5.8,11,732,0
2020-08-19 14:21:05,5,62,24.3,93,17.3,988.4,993.3,3.4,5.1,2,732,0
2020-08-19 14:26:05,5,62,24.3,93,17.3,988.5,993.4,2.4,4.1,2,732,0
2020-08-19 14:31:05,5,62,24.3,94,17.3,988.4,993.3,3.4,4.8,2,732,0
2020-08-19 14:36:05,5,63,24.2,95,17.3,988.2,993.1,3.4,4.1,2,732,0
2020-08-19 14:41:05,5,63,24.3,95,17.3,988.2,993.1,3.1,4.8,2,732,0
2020-08-19 14:46:05,5,63,24.3,96,17.2,988.1,993,4.1,5.4,0,732,0
2020-08-19 14:51:05,5,63,24.3,96,17.1,987.9,992.8,5.1,6.1,2,732.3,0
2020-08-19 14:56:05,5,62,24.3,97,17,987.9,992.8,3.4,4.4,2,732.3,0
2020-08-19 15:01:05,5,62,24.3,97,17,987.5,992.4,3.1,4.1,2,732.6,0
2020-08-19 15:06:05,5,62,24.3,98,16.9,987.5,992.4,4.4,6.1,4,732.6,0
2020-08-19 15:11:05,5,62,24.3,98,16.9,987.4,992.3,4.1,4.8,4,732.9,0
2020-08-19 15:16:05,5,62,24.4,99,16.9,987.1,992,3.1,3.7,2,733.2,0
2020-08-19 15:21:05,5,62,24.4,99,16.9,987,991.9,3.4,4.4,2,733.2,0
2020-08-19 15:26:05,5,62,24.4,99,16.9,986.9,991.8,3.4,4.1,2,733.2,0
2020-08-19 15:31:05,5,62,24.5,99,16.8,987,991.9,3.7,4.8,2,733.2,0
2020-08-19 15:36:05,5,62,24.5,99,16.7,986.8,991.7,2.4,3.4,2,733.2,0
2020-08-19 15:41:05,5,62,24.6,99,16.7,986.7,991.6,3.4,4.4,2,733.2,0
2020-08-19 15:46:05,5,62,24.6,99,16.7,986.7,991.6,2.4,3.4,2,733.2,0
2020-08-19 15:51:05,5,62,24.6,99,16.7,986.5,991.4,2.7,3.4,4,733.2,0
2020-08-19 15:56:05,5,62,24.6,99,16.7,986.2,991.1,2.7,3.4,2,733.2,0
2020-08-19 16:01:05,5,62,24.6,99,16.7,986.1,991,2.7,3.7,2,733.2,0
2020-08-19 16:06:05,5,62,24.6,99,16.7,986.1,991,2.4,2.7,2,733.2,0
2020-08-19 16:11:05,5,62,24.5,99,16.8,985.9,990.8,2,2.7,2,733.2,0
2020-08-19 16:16:05,5,62,24.4,99,16.8,985.9,990.8,2.4,3.1,2,733.2,0
2020-08-19 16:21:05,5,62,24.4,99,16.9,985.8,990.7,3.4,4.1,2,733.2,0
2020-08-19 16:26:05,5,62,24.4,99,17,985.7,990.6,2.7,4.8,4,733.2,0
2020-08-19 16:31:05,5,62,24.4,99,17,985.4,990.3,1.7,2,1,733.2,0
2020-08-19 16:36:05,5,62,24.3,99,17,985.3,990.2,2.7,3.7,2,733.2,0
2020-08-19 16:41:05,5,62,24.3,99,17.1,985,989.9,2.4,3.1,4,733.2,0
2020-08-19 16:46:05,5,62,24.3,99,17.1,984.9,989.8,1.7,2.4,2,733.2,0
2020-08-19 16:51:05,5,62,24.2,99,17.1,984.9,989.8,2.7,4.1,2,733.2,0
2020-08-19 16:56:05,5,62,24.2,99,17.1,984.7,989.6,1.7,2.4,2,733.2,0
2020-08-19 17:01:05,5,62,24.2,99,17.1,984.7,989.6,1.4,1.7,2,733.2,0
2020-08-19 17:06:05,5,62,24.1,99,17.2,984.5,989.4,2.4,3.4,2,733.2,0
2020-08-19 17:11:05,5,62,24.1,99,17.2,984.4,989.3,3.1,4.4,2,733.2,0
2020-08-19 17:16:05,5,62,24.1,99,17.3,984.2,989.1,2.7,3.7,4,733.2,0
2020-08-19 17:21:05,5,62,24.1,99,17.3,984.1,989,2,2.7,,733.2,0
2020-08-19 17:26:05,5,62,24,99,17.3,983.9,988.8,3.1,3.4,,733.2,0
2020-08-19 17:31:05,5,63,23.9,99,17.4,983.7,988.6,1.4,2,2,733.2,0
2020-08-19 17:36:04,5,63,23.9,99,17.4,983.7,988.6,2.4,3.1,2,733.2,0
2020-08-19 17:41:04,5,63,23.9,99,17.5,983.4,988.3,2.4,3.4,2,733.2,0
2020-08-19 17:46:04,5,63,23.8,99,17.5,983.5,988.4,3.1,3.7,4,733.2,0
2020-08-19 17:51:04,5,63,23.8,99,17.5,983.1,988,2,2.7,2,733.2,0
2020-08-19 17:56:04,5,63,23.8,99,17.5,983.1,988,3.4,4.4,4,733.2,0
2020-08-19 18:01:04,5,63,23.8,99,17.5,982.9,987.8,2,2.7,4,733.2,0
2020-08-19 18:06:04,5,63,23.8,99,17.5,982.8,987.7,2.7,3.4,2,733.2,0
2020-08-19 18:11:04,5,64,23.8,99,17.6,982.7,987.6,2.7,3.7,0,733.2,0
2020-08-19 18:16:04,5,64,23.8,99,17.6,982.8,987.7,2.4,3.1,2,733.2,0
2020-08-19 18:21:04,5,64,23.8,99,17.6,982.5,987.4,2.4,3.1,2,733.2,0
2020-08-19 18:26:04,5,64,23.8,99,17.6,982.3,987.2,2.4,2.7,0,733.2,0
2020-08-19 18:31:04,5,64,23.7,99,17.7,981.9,986.8,1.7,2.4,,733.2,0
2020-08-19 18:36:04,5,64,23.6,99,17.7,981.9,986.8,2,2.4,2,733.2,0
2020-08-19 18:41:04,5,65,23.5,99,17.8,982,986.9,1.4,2,,733.2,0
2020-08-19 18:46:04,5,65,23.5,99,17.8,981.9,986.8,1.4,1.7,14,733.2,0
2020-08-19 18:51:04,5,65,23.6,99,17.9,981.7,986.6,0.7,1.7,2,733.2,0
2020-08-19 18:56:04,5,65,23.5,99,17.9,981.6,986.5,0.3,1.7,4,733.2,0
2020-08-19 19:01:04,5,66,23.5,99,18,981.5,986.4,0.7,1.7,2,733.2,0
2020-08-19 19:06:04,5,66,23.5,99,18,981.3,986.2,1,1.7,2,733.2,0
2020-08-19 19:11:04,5,66,23.4,99,18,981.1,986,0.3,1.4,2,733.2,0
2020-08-19 19:16:04,5,66,23.4,99,18,981,985.9,0,0.7,,733.2,0
2020-08-19 19:21:04,5,66,23.3,99,18.1,981,985.9,0,0,4,733.2,0
2020-08-19 19:26:04,5,67,23.3,99,18,980.9,985.8,0,0,4,733.2,0
2020-08-19 19:31:04,5,67,23.3,99,18.1,980.8,985.7,0,0,4,733.2,0
2020-08-19 19:36:04,5,67,23.2,99,18.1,980.5,985.4,0,0.3,2,733.2,0
2020-08-19 19:41:04,5,67,23.2,99,18.1,980.2,985.1,0,0,14,733.2,0
2020-08-19 19:46:04,5,67,23.2,99,18.1,980.4,985.3,0,0.3,2,733.2,0
2020-08-19 19:51:04,5,67,23.2,99,18.1,980,984.9,0,0,2,733.2,0
2020-08-19 19:56:04,5,68,23.1,99,18.1,979.8,984.7,0,0,4,733.2,0
2020-08-19 20:01:04,5,68,23.1,99,18,979.6,984.5,0,0,2,733.2,0
2020-08-19 20:06:04,5,68,23.1,99,18,979.6,984.5,0,0,4,733.2,0
2020-08-19 20:11:04,5,68,23.1,99,17.9,979.4,984.3,0,0,13,733.2,0
2020-08-19 20:16:04,5,68,23,99,17.9,979.4,984.3,0,0,,733.2,0
2020-08-19 20:21:04,5,68,23,99,17.9,979.1,984,0,0.7,8,733.2,0
2020-08-19 20:26:04,5,67,23,99,17.9,979.1,984,0,0,2,733.2,0
2020-08-19 20:31:04,5,67,23,99,18,979.1,984,0,0,4,733.2,0
2020-08-19 20:36:04,5,67,23,99,18,979.1,984,0,0,2,733.2,0
2020-08-19 20:41:04,5,67,23,99,17.9,978.9,983.8,0,0.7,,733.2,0
2020-08-19 20:46:04,5,67,23,99,17.9,978.4,983.3,0,1,2,733.5,0
2020-08-19 20:51:04,5,67,23,99,17.9,978.2,983.1,0,1,4,733.5,0
2020-08-19 20:56:04,5,68,22.9,99,17.8,977.9,982.8,0.3,1.7,2,733.5,0
2020-08-19 21:01:04,5,67,23,98,17.7,977.6,982.5,1,1.7,4,733.8,0
2020-08-19 21:06:04,5,67,23,98,17.6,977.6,982.5,0.3,2,2,733.8,0
2020-08-19 21:11:04,5,67,23,97,17.6,977,981.9,1,2,2,733.8,0
2020-08-19 21:16:04,5,67,23,98,17.4,976.5,981.4,2.4,3.1,0,733.8,0
2020-08-19 21:21:04,5,67,23,95,17.3,976.2,981.1,4.4,5.8,2,733.8,0
2020-08-19 21:26:04,5,67,23,93,17.1,976.3,981.2,8.2,10.2,2,733.8,0
2020-08-19 21:31:04,5,66,23,89,17,976.1,981,6.1,7.8,4,733.8,0
2020-08-19 21:36:06,5,66,23,87,16.9,976,980.9,4.4,6.1,2,733.8,0
2020-08-19 21:41:05,5,66,23,87,16.8,975.6,980.5,5.1,6.1,2,733.8,0
2020-08-19 21:46:05,5,66,23,87,16.8,975.2,980.1,5.1,6.5,4,733.8,0
2020-08-19 21:51:05,5,66,23,85,16.7,974.7,979.6,4.1,5.1,2,733.8,0
2020-08-19 21:56:05,5,66,23,85,16.6,974.2,979.1,5.1,7.8,0,733.8,0
2020-08-19 22:01:05,5,66,23,84,16.5,973.7,978.6,4.4,5.4,2,733.8,0
2020-08-19 22:06:05,5,66,23,83,16.6,973.8,978.7,5.8,8.2,2,733.8,0
2020-08-19 22:11:05,5,65,23,84,16.6,973.3,978.2,5.4,6.8,2,733.8,0
2020-08-19 22:16:05,5,65,22.9,85,16.5,973.2,978.1,4.4,6.1,2,733.8,0
2020-08-19 22:21:05,5,65,23,86,16.6,972.7,977.6,7.8,13.6,2,734.1,0
2020-08-19 22:26:05,5,65,22.9,88,16.7,972,976.9,5.1,6.5,0,734.1,0
2020-08-19 22:31:05,5,65,22.9,90,16.8,971.6,976.5,5.8,9.9,4,734.1,0
2020-08-19 22:36:05,5,65,22.9,90,17,971.3,976.2,6.8,8.2,4,734.1,0
2020-08-19 22:41:05,5,65,22.9,87,17.2,970.7,975.6,9.5,11.9,4,734.1,0
2020-08-19 22:46:05,5,65,22.9,84,17.2,970.2,975.1,6.8,8.5,4,734.4,0
2020-08-19 22:51:05,5,64,22.9,82,16.9,969.7,974.6,10.2,12.2,4,735.9,0
2020-08-19 22:56:05,5,64,22.9,81,16.7,969.6,974.5,9.5,12.2,8,736.2,0
2020-08-19 23:01:05,5,64,22.8,81,16.4,969.2,974.1,9.5,12.2,4,736.2,0
2020-08-19 23:06:05,5,63,22.8,80,16.3,968.7,973.6,12.2,15,4,737.1,0
2020-08-19 23:11:05,5,63,22.8,80,16.2,968.5,973.4,8.5,9.9,4,737.1,0
2020-08-19 23:16:05,5,62,22.8,79,16.1,967.8,972.7,11.9,15,4,737.1,0
2020-08-19 23:21:05,5,61,22.8,79,15.9,967.3,972.2,7.8,9.9,4,737.1,0
2020-08-19 23:26:05,5,61,22.8,79,15.8,966.9,971.8,8.2,10.2,2,737.1,0
2020-08-19 23:31:05,5,61,22.8,80,15.6,966.3,971.2,6.5,8.8,2,738,0
2020-08-19 23:36:05,5,61,22.7,82,14.6,965.7,970.6,10.5,14.6,4,739.5,0
2020-08-19 23:41:05,5,61,22.7,84,14,964.4,969.3,9.9,12.2,2,739.8,0
2020-08-19 23:46:05,5,61,22.7,87,13.6,963.1,968,6.8,8.5,12,739.8,0
2020-08-19 23:51:05,5,61,22.7,89,13.6,962.6,967.5,7.8,10.2,12,740.1,0
2020-08-19 23:56:05,5,61,22.7,91,13.8,962.3,967.2,9.5,11.2,12,740.1,0
