2020-08-16 00:03:06,5,62,24.7,95,16,1011.1,1016,0.7,1,,705.9,0
2020-08-16 00:09:06,6,62,24.7,96,16,1011,1015.9,1.4,2,,705.9,0
2020-08-16 00:14:06,5,62,24.6,96,16.1,1011,1015.9,1.4,1.7,2,705.9,0
2020-08-16 00:19:06,5,62,24.7,97,16.1,1010.9,1015.8,1,1.7,2,705.9,0
2020-08-16 00:25:06,6,62,24.6,97,16.1,1010.9,1015.8,1.4,2,2,705.9,0
2020-08-16 00:30:06,5,62,24.6,97,16,1010.9,1015.8,2,2.4,2,705.9,0
2020-08-16 00:35:06,5,62,24.6,97,16,1010.8,1015.7,1,1.4,2,705.9,0
2020-08-16 00:41:06,6,62,24.5,98,16.1,1010.9,1015.8,1.4,2,2,705.9,0
2020-08-16 00:46:06,5,62,24.5,98,16.1,1010.9,1015.8,1.7,2.4,2,705.9,0
2020-08-16 00:51:06,5,62,24.4,98,16,1010.8,1015.7,1.4,1.7,2,705.9,0
2020-08-16 00:57:06,6,62,24.4,98,16,1010.8,1015.7,2,2.7,,705.9,0
2020-08-16 01:02:06,5,62,24.4,98,15.9,1010.8,1015.7,2,2.7,2,705.9,0
2020-08-16 01:07:06,5,62,24.4,98,15.8,1010.9,1015.8,1.7,2.4,2,705.9,0
2020-08-16 01:13:06,6,62,24.4,98,15.8,1010.7,1015.6,1.4,2.4,2,705.9,0
2020-08-16 01:18:06,5,62,24.4,98,15.8,1010.8,1015.7,0.7,1.4,2,705.9,0
2020-08-16 01:23:06,5,62,24.3,98,15.8,1010.7,1015.6,1,1.4,,705.9,0
2020-08-16 01:29:06,6,62,24.3,98,15.8,1010.8,1015.7,1.4,1.7,2,705.9,0
2020-08-16 01:34:06,5,62,24.3,98,15.7,1010.7,1015.6,1.4,1.7,2,705.9,0
2020-08-16 01:39:06,5,62,24.3,98,15.7,1010.7,1015.6,1,1.7,2,705.9,0
2020-08-16 01:45:06,6,62,24.2,99,15.6,1010.8,1015.7,1.4,2,2,705.9,0
2020-08-16 01:50:06,5,62,24.2,99,15.5,1010.6,1015.5,1.4,1.7,2,705.9,0
2020-08-16 01:55:06,5,62,24.2,99,15.5,1010.6,1015.5,0.7,1.7,4,705.9,0
2020-08-16 02:01:06,6,62,24.2,99,15.4,1010.5,1015.4,1,1.7,2,705.9,0
2020-08-16 02:06:06,5,62,24.1,99,15.3,1010.5,1015.4,1.7,2.4,2,705.9,0
2020-08-16 02:11:06,5,62,24.1,99,15.3,1010.4,1015.3,1.7,2,2,705.9,0
2020-08-16 02:16:06,5,62,24.1,99,15.3,1010.3,1015.2,1.7,2.4,2,705.9,0
2020-08-16 02:21:06,5,62,24.1,99,15.3,1010.4,1015.3,1,1.7,2,705.9,0
2020-08-16 02:26:06,5,63,23.9,99,15.2,1010.3,1015.2,1,1.4,2,705.9,0
2020-08-16 02:31:06,5,63,23.9,99,15.2,1010.3,1015.2,1,1.7,2,705.9,0
2020-08-16 02:36:06,5,63,23.8,99,15.2,1010.3,1015.2,1,1.4,2,705.9,0
2020-08-16 02:41:06,5,63,23.8,99,15.2,1010.2,1015.1,0.7,1.4,4,705.9,0
2020-08-16 02:46:06,5,63,23.8,99,15.2,1010.2,1015.1,1.4,2,2,705.9,0
2020-08-16 02:51:06,5,63,23.8,99,15.1,1010.1,1015,2.7,3.4,2,705.9,0
2020-08-16 02:56:06,5,63,23.7,99,15.1,1010.2,1015.1,1,1.4,4,705.9,0
2020-08-16 03:01:06,5,63,23.7,99,15.1,1010.2,1015.1,1.7,2,2,705.9,0
2020-08-16 03:06:06,5,63,23.7,99,15,1010.1,1015,1.4,1.7,2,705.9,0
2020-08-16 03:11:06,5,63,23.7,99,15,1010.1,1015,1.4,2,4,705.9,0
2020-08-16 03:16:06,5,63,23.7,99,15,1010.2,1015.1,1.4,2,2,705.9,0
2020-08-16 03:21:06,5,63,23.7,99,15,1010.1,1015,1,1.7,2,705.9,0
2020-08-16 03:26:06,5,63,23.6,99,14.9,1010.1,1015,2,2.4,2,705.9,0
2020-08-16 03:31:06,5,63,23.6,99,14.9,1010.1,1015,1,1.4,2,705.9,0
2020-08-16 03:36:06,5,63,23.6,99,14.9,1010.2,1015.1,1,1.4,2,705.9,0
2020-08-16 03:41:06,5,63,23.6,99,14.8,1010.2,1015.1,2,2.7,2,705.9,0
2020-08-16 03:46:06,5,63,23.6,99,14.8,1010.2,1015.1,1.7,2.4,2,705.9,0
2020-08-16 03:51:06,5,63,23.5,99,14.8,1010.2,1015.1,1.4,1.7,2,705.9,0
2020-08-16 03:56:06,5,63,23.5,99,14.8,1010.3,1015.2,1.4,1.7,4,705.9,0
2020-08-16 04:01:06,5,63,23.5,99,14.8,1010.3,1015.2,0.7,1,4,705.9,0
2020-08-16 04:06:06,5,63,23.5,99,14.9,1010.3,1015.2,1,1.4,2,705.9,0
2020-08-16 04:11:06,5,63,23.5,99,14.9,1010.2,1015.1,1,1.7,2,705.9,0
2020-08-16 04:16:06,5,63,23.5,99,14.9,1010.2,1015.1,0.7,1,4,705.9,0
2020-08-16 04:21:06,5,63,23.4,99,14.9,1010.2,1015.1,0.7,1,2,705.9,0
2020-08-16 04:26:06,5,63,23.4,99,14.9,1010.1,1015,1,1.7,2,705.9,0
2020-08-16 04:31:06,5,63,23.4,99,14.9,1010.1,1015,0.7,1,2,705.9,0
2020-08-16 04:36:06,5,63,23.4,99,14.9,1010.1,1015,1,1.4,4,705.9,0
2020-08-16 04:41:06,5,63,23.3,99,14.9,1010.1,1015,0.7,1.4,4,705.9,0
2020-08-16 04:46:06,5,63,23.3,99,15,1010.1,1015,0.7,1,2,705.9,0
2020-08-16 04:51:06,5,64,23.3,99,15,1010.1,1015,0.3,0.7,2,705.9,0
2020-08-16 04:56:06,5,64,23.3,99,15,1010.1,1015,0.7,1,2,705.9,0
2020-08-16 05:01:06,5,64,23.3,99,15,1010.1,1015,2,2.7,2,705.9,0
2020-08-16 05:06:06,5,64,23.3,99,15,1010,1014.9,1.7,2.4,2,705.9,0
2020-08-16 05:11:06,5,64,23.2,99,15,1009.9,1014.8,2,3.1,2,705.9,0
2020-08-16 05:16:06,5,64,23.2,99,15,1009.9,1014.8,1.7,2.7,2,705.9,0
2020-08-16 05:21:06,5,64,23.2,99,15,1009.8,1014.7,1.7,2.4,2,705.9,0
2020-08-16 05:26:06,5,64,23.3,99,15.1,1009.9,1014.8,1.7,2,2,705.9,0
2020-08-16 05:31:06,5,64,23.2,99,15.1,1009.9,1014.8,1.7,2.4,2,705.9,0
2020-08-16 05:36:06,5,64,23.3,99,15.1,1009.8,1014.7,2,3.1,2,705.9,0
2020-08-16 05:41:06,5,64,23.2,99,15.1,1009.8,1014.7,1,1.7,2,705.9,0
2020-08-16 05:46:06,5,64,23.2,99,15.1,1009.8,1014.7,1.7,2.4,2,705.9,0
2020-08-16 05:51:06,5,64,23.2,99,15.1,1009.8,1014.7,1,1.7,2,705.9,0
2020-08-16 05:56:06,5,64,23.2,99,15.1,1009.9,1014.8,1.4,1.7,2,705.9,0
2020-08-16 06:01:06,5,64,23.2,99,15.2,1009.9,1014.8,1.7,2.4,2,705.9,0
2020-08-16 06:06:06,5,64,23.2,99,15.2,1009.8,1014.7,1.7,2.4,1,705.9,0
2020-08-16 06:11:06,5,64,23.2,99,15.2,1010,1014.9,2,2.7,2,705.9,0
2020-08-16 06:16:06,5,64,23.2,99,15.3,1009.9,1014.8,2.4,3.4,2,705.9,0
2020-08-16 06:21:06,5,64,23.2,99,15.3,1009.9,1014.8,1.7,2,4,705.9,0
2020-08-16 06:26:06,5,64,23.2,99,15.4,1009.9,1014.8,1,1.7,2,705.9,0
2020-08-16 06:31:06,5,64,23.2,99,15.4,1009.9,1014.8,1.4,2,4,705.9,0
2020-08-16 06:36:06,5,64,23.2,99,15.5,1010,1014.9,2.4,3.1,2,705.9,0
2020-08-16 06:41:06,5,64,23.1,99,15.5,1009.9,1014.8,1.4,1.7,2,705.9,0
2020-08-16 06:46:06,5,64,23.1,99,15.5,1009.9,1014.8,2.7,3.7,2,705.9,0
2020-08-16 06:51:06,5,64,23.1,99,15.5,1010,1014.9,3.1,4.4,2,705.9,0
2020-08-16 06:56:06,5,64,23.2,99,15.6,1009.9,1014.8,1.7,2.4,2,705.9,0
2020-08-16 07:01:06,5,64,23.2,99,15.7,1009.9,1014.8,1.7,2.4,2,705.9,0
2020-08-16 07:06:06,5,64,23.2,99,15.8,1010,1014.9,1,1.7,2,705.9,0
2020-08-16 07:11:06,5,64,23.2,99,15.8,1010.1,1015,1.7,2.4,2,705.9,0
2020-08-16 07:16:06,5,64,23.2,99,15.9,1009.9,1014.8,1.7,2.7,2,705.9,0
2020-08-16 07:21:06,5,64,23.1,99,16,1009.9,1014.8,1,1.7,12,705.9,0
2020-08-16 07:26:06,5,64,23.2,99,16,1010,1014.9,1.4,1.7,3,705.9,0
2020-08-16 07:31:06,5,64,23.2,99,16.1,1010.1,1015,1.7,2.4,2,705.9,0
2020-08-16 07:36:06,5,64,23.2,99,16.2,1010.2,1015.1,1.4,2,2,705.9,0
2020-08-16 07:41:06,5,64,23.2,99,16.3,1010,1014.9,1.4,2,0,705.9,0
2020-08-16 07:46:06,5,64,23.2,99,16.4,1010,1014.9,2.7,3.4,2,705.9,0
2020-08-16 07:51:06,5,64,23.3,99,16.4,1010,1014.9,1.4,2,2,705.9,0
2020-08-16 07:56:06,5,64,23.2,99,16.6,1010,1014.9,1.7,2,4,705.9,0
2020-08-16 08:01:06,5,64,23.2,99,16.8,1010,1014.9,1.7,2,2,705.9,0
2020-08-16 08:06:06,5,64,23.3,99,16.7,1010,1014.9,2.4,3.4,2,705.9,0
2020-08-16 08:11:06,5,64,23.3,99,16.7,1010.1,1015,2.7,3.4,2,705.9,0
2020-08-16 08:16:06,5,64,23.3,99,16.7,1010.1,1015,2,2.7,2,705.9,0
2020-08-16 08:21:06,5,64,23.3,99,16.6,1010.2,1015.1,3.1,4.1,4,705.9,0
2020-08-16 08:26:06,5,64,23.3,97,16.6,1010.1,1015,2.4,3.1,2,705.9,0
2020-08-16 08:31:06,5,64,23.3,96,16.6,1010.1,1015,1.7,2.4,2,705.9,0
2020-08-16 08:36:06,5,64,23.3,95,16.6,1009.9,1014.8,2.4,3.4,2,705.9,0
2020-08-16 08:41:06,5,64,23.3,95,16.7,1009.9,1014.8,1.7,2,2,705.9,0
2020-08-16 08:46:06,5,64,23.3,95,16.8,1009.8,1014.7,1.4,2,2,705.9,0
2020-08-16 08:51:06,5,64,23.3,95,16.8,1009.8,1014.7,2,3.1,2,705.9,0
2020-08-16 08:56:06,5,64,23.3,95,17,1009.8,1014.7,1.7,2.7,2,705.9,0
2020-08-16 09:01:06,5,64,23.3,95,17.2,1009.9,1014.8,1,1.7,4,705.9,0
2020-08-16 09:06:06,5,64,23.3,94,17.2,1009.7,1014.6,2,2.7,2,705.9,0
2020-08-16 09:11:06,5,64,23.3,92,17.2,1009.8,1014.7,2.7,3.1,2,705.9,0
2020-08-16 09:16:06,5,64,23.4,92,17.3,1009.8,1014.7,2.7,3.1,0,705.9,0
2020-08-16 09:21:06,5,64,23.4,91,17.3,1009.8,1014.7,2,2.7,2,705.9,0
2020-08-16 09:26:06,5,64,23.4,91,17.4,1009.8,1014.7,2,2.7,2,705.9,0
2020-08-16 09:31:06,5,64,23.4,91,17.4,1009.7,1014.6,2,3.1,2,705.9,0
2020-08-16 09:36:06,5,64,23.4,87,17.6,1009.6,1014.5,1.4,2,0,705.9,0
2020-08-16 09:41:06,5,64,23.4,86,17.7,1009.8,1014.7,2.4,3.1,2,705.9,0
2020-08-16 09:46:06,5,64,23.4,86,17.8,1009.6,1014.5,2,2.4,2,705.9,0
2020-08-16 09:51:06,5,64,23.4,85,17.9,1009.5,1014.4,2,2.7,2,705.9,0
2020-08-16 09:56:06,5,64,23.4,84,18,1009.6,1014.5,2.7,3.4,2,705.9,0
2020-08-16 10:01:06,5,64,23.4,84,18,1009.6,1014.5,2.4,3.4,2,705.9,0
2020-08-16 10:06:06,5,64,23.4,84,18.2,1009.6,1014.5,2,2.4,2,705.9,0
2020-08-16 10:11:06,5,64,23.4,83,18.2,1009.7,1014.6,2.4,3.1,2,705.9,0
2020-08-16 10:16:06,5,64,23.5,82,18.3,1009.6,1014.5,2.7,3.7,2,705.9,0
2020-08-16 10:21:06,5,64,23.5,82,18.4,1009.7,1014.6,2,2.4,2,705.9,0
2020-08-16 10:26:06,5,64,23.5,82,18.4,1009.7,1014.6,2,2.7,4,705.9,0
2020-08-16 10:31:06,5,64,23.5,81,18.4,1009.6,1014.5,3.4,5.1,2,705.9,0
2020-08-16 10:36:06,5,64,23.5,81,18.5,1009.5,1014.4,3.1,4.1,4,705.9,0
2020-08-16 10:41:06,5,64,23.5,81,18.6,1009.5,1014.4,2.4,3.1,2,705.9,0
2020-08-16 10:46:06,5,64,23.5,81,18.7,1009.4,1014.3,3.1,4.4,2,705.9,0
2020-08-16 10:51:06,5,64,23.5,81,18.7,1009.4,1014.3,2.4,3.1,2,705.9,0
2020-08-16 10:56:06,5,64,23.5,81,18.8,1009.4,1014.3,1.7,2.7,2,705.9,0
2020-08-16 11:01:06,5,64,23.5,80,18.6,1009.5,1014.4,2.4,3.4,2,705.9,0
2020-08-16 11:06:06,5,64,23.5,80,18.6,1009.6,1014.5,2.4,3.7,2,705.9,0
2020-08-16 11:11:06,5,64,23.5,80,18.7,1009.4,1014.3,2,2.7,0,705.9,0
2020-08-16 11:16:06,5,64,23.6,79,19.1,1009.4,1014.3,2.7,3.7,2,705.9,0
2020-08-16 11:21:06,5,64,23.5,78,19.1,1009.4,1014.3,2.4,3.1,2,705.9,0
2020-08-16 11:26:06,5,64,23.6,78,19.1,1009.2,1014.1,2.4,2.7,2,705.9,0
2020-08-16 11:31:06,5,64,23.6,78,19.1,1009.3,1014.2,2,3.1,2,705.9,0
2020-08-16 11:36:06,5,64,23.7,78,19,1009.2,1014.1,1.7,2.4,0,705.9,0
2020-08-16 11:41:06,5,64,23.7,79,18.9,1009.1,1014,2.7,4.4,4,705.9,0
2020-08-16 11:46:06,5,64,23.7,78,18.9,1009.2,1014.1,2.4,3.4,2,705.9,0
2020-08-16 11:51:06,5,64,23.6,78,19,1009.3,1014.2,3.4,3.7,4,705.9,0
2020-08-16 11:56:06,5,64,23.7,78,19.3,1009.2,1014.1,2,2.7,4,705.9,0
2020-08-16 12:01:06,5,64,23.7,76,19.4,1009.1,1014,2,2.7,2,705.9,0
2020-08-16 12:06:06,5,64,23.7,77,19.6,1009.3,1014.2,2.7,3.7,2,705.9,0
2020-08-16 12:11:06,5,63,23.7,77,19.5,1009.3,1014.2,2.4,3.4,2,705.9,0
2020-08-16 12:16:06,5,63,23.8,77,19.4,1009.1,1014,1.7,2.7,2,705.9,0
2020-08-16 12:21:06,5,63,23.8,77,19.3,1009.2,1014.1,2.7,3.4,,705.9,0
2020-08-16 12:26:06,5,63,23.8,77,19.2,1009.2,1014.1,2.7,3.1,4,705.9,0
2020-08-16 12:31:06,5,63,23.8,77,19.2,1009.1,1014,2.4,2.7,2,705.9,0
2020-08-16 12:36:06,5,63,23.7,77,19.3,1009.1,1014,2,2.7,2,705.9,0
2020-08-16 12:41:06,5,62,23.7,76,19.5,1009.1,1014,2.7,3.7,0,705.9,0
2020-08-16 12:46:06,5,62,23.8,76,19.6,1009.1,1014,2.4,3.4,2,705.9,0
2020-08-16 12:51:06,5,62,23.7,75,19.7,1009.1,1014,2.4,3.1,2,705.9,0
2020-08-16 12:56:06,5,62,23.8,76,19.6,1008.9,1013.8,2.7,3.4,,705.9,0
2020-08-16 13:01:06,5,62,23.8,76,19.5,1009.1,1014,2.7,4.1,2,705.9,0
2020-08-16 13:06:06,5,62,23.8,76,19.5,1009,1013.9,2.4,3.1,8,705.9,0
2020-08-16 13:11:06,5,63,23.8,76,19.5,1009,1013.9,1.4,1.7,2,705.9,0
2020-08-16 13:16:06,5,63,23.9,77,19.5,1009,1013.9,2,2.7,2,705.9,0
2020-08-16 13:21:06,5,63,23.9,77,19.5,1009,1013.9,2.7,3.7,2,705.9,0
2020-08-16 13:26:06,5,63,23.9,76,19.6,1008.9,1013.8,2,2.4,2,705.9,0
2020-08-16 13:31:06,5,62,24.1,76,19.8,1009,1013.9,2,3.4,2,705.9,0
2020-08-16 13:36:06,5,62,24.2,77,19.6,1008.7,1013.6,1.7,2.4,2,705.9,0
2020-08-16 13:41:06,5,62,24.2,77,19.6,1008.9,1013.8,2.4,2.7,2,705.9,0
2020-08-16 13:46:06,5,62,24.3,77,19.8,1008.5,1013.4,2,3.1,2,705.9,0
2020-08-16 13:51:06,5,62,24.4,76,19.8,1008.8,1013.7,2.4,3.1,2,705.9,0
2020-08-16 13:56:06,5,62,24.5,75,19.6,1008.8,1013.7,1.7,2.7,2,705.9,0
2020-08-16 14:01:06,5,62,24.5,77,19.5,1008.8,1013.7,2,2.7,2,705.9,0
2020-08-16 14:06:06,5,62,24.7,78,19.5,1008.8,1013.7,2.4,3.4,2,705.9,0
2020-08-16 14:11:06,5,61,24.7,78,19.2,1008.7,1013.6,2.7,3.7,2,705.9,0
2020-08-16 14:16:06,5,61,24.7,79,19.3,1008.7,1013.6,2.4,3.4,2,705.9,0
2020-08-16 14:21:06,5,61,24.8,79,19.4,1008.6,1013.5,1.7,2.4,2,705.9,0
2020-08-16 14:26:06,5,61,24.8,79,19.4,1008.5,1013.4,2.4,3.4,1,705.9,0
2020-08-16 14:31:06,5,61,24.9,79,19.4,1008.5,1013.4,1.7,3.4,2,705.9,0
2020-08-16 14:36:06,5,60,25,79,19.3,1008.5,1013.4,1.4,2,2,705.9,0
2020-08-16 14:41:06,5,60,25,78,19.3,1008.6,1013.5,1.4,1.7,2,705.9,0
2020-08-16 14:46:06,5,60,25,78,19.2,1008.6,1013.5,1.7,2,2,705.9,0
2020-08-16 14:51:06,5,60,25,80,19.2,1008.5,1013.4,0.7,1.7,2,705.9,0
2020-08-16 14:56:06,5,60,25,78,19.2,1008.5,1013.4,1.7,2.4,2,705.9,0
2020-08-16 15:01:06,5,60,25,78,19.2,1008.4,1013.3,1.7,2,2,705.9,0
2020-08-16 15:06:06,5,60,25,78,19.2,1008.4,1013.3,1,1.4,0,705.9,0
2020-08-16 15:11:06,5,60,25,79,19.1,1008.4,1013.3,2.4,3.7,2,705.9,0
2020-08-16 15:16:06,5,60,25,79,19,1008.3,1013.2,1.4,1.7,2,705.9,0
2020-08-16 15:21:06,5,60,25,80,18.9,1008.2,1013.1,1.7,2.7,2,705.9,0
2020-08-16 15:26:06,5,60,25,80,18.8,1008.3,1013.2,1.4,2.4,4,705.9,0
2020-08-16 15:31:06,5,60,25,80,18.8,1008.3,1013.2,1.7,2.4,0,705.9,0
2020-08-16 15:36:06,5,60,25,80,18.5,1008.2,1013.1,2.7,3.4,2,705.9,0
2020-08-16 15:41:06,5,61,24.9,80,18.5,1008.2,1013.1,1.7,2.4,2,705.9,0
2020-08-16 15:46:06,5,61,24.9,81,18.5,1008.1,1013,2.7,3.4,2,705.9,0
2020-08-16 15:51:06,5,61,24.9,81,18.6,1008.1,1013,1.7,2,0,705.9,0
2020-08-16 15:56:06,5,61,24.9,81,18.6,1008.2,1013.1,2,2.7,2,705.9,0
2020-08-16 16:01:06,5,61,24.9,81,18.6,1008.2,1013.1,1.7,2.7,2,705.9,0
2020-08-16 16:06:06,5,61,24.8,81,18.6,1008.2,1013.1,1.7,2,2,705.9,0
2020-08-16 16:11:06,5,61,24.8,81,18.5,1008.3,1013.2,1.4,1.7,2,705.9,0
2020-08-16 16:16:06,5,61,24.8,81,18.3,1008.2,1013.1,2.7,3.7,2,705.9,0
2020-08-16 16:21:06,5,61,24.8,81,18.2,1008.3,1013.2,2,2.4,2,705.9,0
2020-08-16 16:26:06,5,61,24.8,82,18.2,1008.3,1013.2,2,2.7,2,705.9,0
2020-08-16 16:31:06,5,61,24.8,81,18.2,1008.2,1013.1,1.7,2,2,705.9,0
2020-08-16 16:36:06,5,61,24.8,82,18.3,1008,1012.9,1.7,2.4,0,705.9,0
2020-08-16 16:41:06,5,60,24.7,82,18.3,1008.2,1013.1,1.7,2,2,705.9,0
2020-08-16 16:46:06,5,60,24.6,82,18.3,1007.9,1012.8,1.4,1.7,0,705.9,0
2020-08-16 16:51:06,5,59,24.7,82,18.3,1008.2,1013.1,1.4,2,2,705.9,0
2020-08-16 16:56:06,5,59,24.6,81,18.2,1008.1,1013,1,1.7,2,705.9,0
2020-08-16 17:01:06,5,59,24.6,82,18,1007.9,1012.8,2.4,2.7,2,705.9,0
2020-08-16 17:06:06,5,59,24.4,82,17.9,1008.1,1013,1.7,2.4,2,705.9,0
2020-08-16 17:11:06,5,59,24.4,83,17.9,1008,1012.9,1.7,2.4,4,705.9,0
2020-08-16 17:16:06,5,58,24.4,83,18,1008,1012.9,1,1.4,2,705.9,0
2020-08-16 17:21:06,5,58,24.3,83,17.9,1007.9,1012.8,2,2.4,2,705.9,0
2020-08-16 17:26:06,5,59,24.3,83,17.9,1008.1,1013,1,1.4,2,705.9,0
2020-08-16 17:31:06,5,59,24.2,84,17.8,1007.8,1012.7,1.4,2,2,705.9,0
2020-08-16 17:36:06,5,59,24.1,84,17.8,1007.9,1012.8,2.4,3.7,4,705.9,0
2020-08-16 17:41:06,5,59,24.1,84,17.7,1007.7,1012.6,1.4,1.7,2,705.9,0
2020-08-16 17:46:06,5,59,24.1,85,17.7,1007.6,1012.5,1.7,2.7,2,705.9,0
2020-08-16 17:51:06,5,59,24.1,85,17.6,1007.8,1012.7,1.4,1.7,2,705.9,0
2020-08-16 17:56:06,5,59,24,85,17.5,1007.8,1012.7,1.7,2,0,705.9,0
2020-08-16 18:01:06,5,60,23.9,89,17.4,1007.7,1012.6,1.4,1.7,2,705.9,0
2020-08-16 18:06:06,5,60,23.9,89,17.4,1007.9,1012.8,1.7,2,4,705.9,0
2020-08-16 18:11:06,5,61,23.9,90,17.3,1007.8,1012.7,1.4,2,2,705.9,0
2020-08-16 18:16:06,5,61,23.9,90,17.3,1007.7,1012.6,2,3.1,2,705.9,0
2020-08-16 18:21:06,5,61,23.9,90,17.3,1007.6,1012.5,1.4,1.7,2,705.9,0
2020-08-16 18:26:06,5,62,23.8,90,17.3,1007.7,1012.6,1.4,2,2,705.9,0
2020-08-16 18:31:06,5,62,23.9,90,17.3,1007.7,1012.6,1.7,2.4,2,705.9,0
2020-08-16 18:36:06,5,62,23.8,90,17.2,1007.5,1012.4,2.4,2.7,2,705.9,0
2020-08-16 18:41:06,5,62,23.8,91,17.2,1007.6,1012.5,1.4,2,2,705.9,0
2020-08-16 18:46:06,5,62,23.9,91,17.2,1007.6,1012.5,1.7,2.7,2,705.9,0
2020-08-16 18:51:06,5,62,23.8,90,17.2,1007.6,1012.5,1.7,2.7,4,705.9,0
2020-08-16 18:56:06,5,62,23.9,91,17,1007.6,1012.5,1.4,2,2,705.9,0
2020-08-16 19:01:06,5,62,23.8,91,17,1007.7,1012.6,2.4,3.1,2,705.9,0
2020-08-16 19:06:06,5,62,23.9,91,16.9,1007.8,1012.7,1.7,2.4,2,705.9,0
2020-08-16 19:11:06,5,62,23.9,92,16.9,1007.9,1012.8,2.4,3.1,4,705.9,0
2020-08-16 19:16:06,5,63,23.9,92,16.8,1007.9,1012.8,2,3.1,2,705.9,0
2020-08-16 19:21:06,5,62,23.9,93,16.7,1007.7,1012.6,1.4,2,2,705.9,0
2020-08-16 19:26:06,5,63,23.9,93,16.7,1007.8,1012.7,1.7,3.1,2,705.9,0
2020-08-16 19:31:06,5,63,23.9,94,16.6,1007.5,1012.4,2.4,3.1,4,705.9,0
2020-08-16 19:36:06,5,62,24,94,16.6,1007.6,1012.5,0.7,1,2,705.9,0
2020-08-16 19:41:06,5,62,24.1,94,16.6,1007.8,1012.7,0.7,1,4,705.9,0
2020-08-16 19:46:06,5,62,24.2,94,16.6,1007.6,1012.5,1,1.7,0,705.9,0
2020-08-16 19:51:06,5,62,24.2,94,16.6,1007.7,1012.6,1.4,2,2,705.9,0
2020-08-16 19:56:06,5,63,24.3,95,16.5,1007.6,1012.5,1,1.7,2,705.9,0
2020-08-16 20:01:06,5,63,24.3,95,16.5,1007.4,1012.3,2,2.7,2,705.9,0
2020-08-16 20:06:06,5,63,24.3,95,16.5,1007.6,1012.5,1.7,2.4,2,705.9,0
2020-08-16 20:11:06,5,63,24.3,95,16.5,1007.5,1012.4,0.7,1,2,705.9,0
2020-08-16 20:16:06,5,63,24.4,95,16.5,1007.5,1012.4,1.7,2,2,705.9,0
2020-08-16 20:21:06,5,63,24.5,95,16.4,1007.5,1012.4,1.4,1.7,2,705.9,0
2020-08-16 20:26:06,5,63,24.5,95,16.4,1007.5,1012.4,1.4,2,2,705.9,0
2020-08-16 20:31:06,5,63,24.5,96,16.4,1007.5,1012.4,1.4,1.7,2,705.9,0
2020-08-16 20:36:06,5,63,24.6,96,16.3,1007.6,1012.5,1.7,2,2,705.9,0
2020-08-16 20:41:06,5,63,24.6,96,16.3,1007.5,1012.4,1.7,2.4,2,705.9,0
2020-08-16 20:46:06,5,62,24.7,96,16.3,1007.5,1012.4,1.4,2,2,705.9,0
2020-08-16 20:51:06,5,63,24.7,96,16.3,1007.5,1012.4,1.4,1.7,4,705.9,0
2020-08-16 20:56:06,5,62,24.7,96,16.3,1007.6,1012.5,1,1.4,2,705.9,0
2020-08-16 21:01:06,5,62,24.7,97,16.3,1007.5,1012.4,1,1.7,4,705.9,0
2020-08-16 21:06:06,5,62,24.7,97,16.2,1007.5,1012.4,1,1.7,2,705.9,0
2020-08-16 21:11:06,5,62,24.8,97,16.2,1007.7,1012.6,0.7,1,2,705.9,0
2020-08-16 21:16:06,5,62,24.8,97,16.2,1007.6,1012.5,1.4,2,4,705.9,0
2020-08-16 21:21:06,5,62,24.8,97,16.2,1007.6,1012.5,1.7,2.4,4,705.9,0
2020-08-16 21:26:06,5,62,24.9,96,16.2,1007.5,1012.4,2,2.4,0,705.9,0
2020-08-16 21:31:06,5,62,24.9,96,16.2,1007.6,1012.5,1.7,2,2,705.9,0
2020-08-16 21:36:06,5,62,24.9,96,16.1,1007.3,1012.2,1.4,1.7,2,705.9,0
2020-08-16 21:41:06,5,62,24.9,97,16.1,1007.4,1012.3,1,1.7,2,705.9,0
2020-08-16 21:46:06,5,62,24.9,97,16.1,1007.3,1012.2,1.4,1.7,2,705.9,0
2020-08-16 21:51:06,5,62,24.9,97,16,1007.4,1012.3,1.7,2.4,2,705.9,0
2020-08-16 21:56:06,5,62,24.9,97,16,1007.3,1012.2,0.7,1.4,4,705.9,0
2020-08-16 22:01:06,5,62,24.8,98,16,1007.2,1012.1,1.7,2,2,705.9,0
2020-08-16 22:06:06,5,62,24.8,98,16,1007.2,1012.1,1.7,2,2,705.9,0
2020-08-16 22:11:06,5,62,24.7,98,16,1007.2,1012.1,1,1.4,2,705.9,0
2020-08-16 22:16:06,5,61,24.7,98,16,1007.3,1012.2,1.4,2,1,705.9,0
2020-08-16 22:21:06,5,61,24.6,99,15.9,1007.3,1012.2,1.4,2,2,705.9,0
2020-08-16 22:26:06,5,61,24.5,99,15.9,1007.3,1012.2,1.4,2,4,705.9,0
2020-08-16 22:31:06,5,62,24.5,99,15.9,1007.2,1012.1,1,1.4,2,705.9,0
2020-08-16 22:36:06,5,62,24.4,99,15.8,1007.3,1012.2,1.7,2,2,705.9,0
2020-08-16 22:41:06,5,62,24.3,99,15.9,1007.3,1012.2,2,2.4,2,705.9,0
2020-08-16 22:46:06,5,62,24.3,99,15.8,1007.2,1012.1,1,1.7,2,705.9,0
2020-08-16 22:51:06,5,62,24.2,99,15.8,1007,1011.9,1.4,1.7,2,705.9,0
2020-08-16 22:56:06,5,62,24.1,99,15.8,1007.1,1012,1.7,2,2,705.9,0
2020-08-16 23:01:06,5,62,24.1,99,15.8,1007.1,1012,0.7,1.4,,705.9,0
2020-08-16 23:06:06,5,62,24.1,99,15.8,1007.1,1012,0.3,0.7,2,705.9,0
2020-08-16 23:11:06,5,62,24,99,15.8,1007,1011.9,0.3,0.7,2,705.9,0
2020-08-16 23:16:06,5,62,24,99,15.8,1007,1011.9,0.3,0.7,2,705.9,0
2020-08-16 23:21:06,5,63,23.9,99,15.8,1007.1,1012,0.7,1,2,705.9,0
2020-08-16 23:26:06,5,63,23.9,99,15.8,1007.1,1012,1,1,4,705.9,0
2020-08-16 23:31:06,5,63,23.9,99,15.8,1007,1011.9,0.7,1.4,2,705.9,0
2020-08-16 23:36:06,5,63,23.8,99,15.8,1007.1,1012,1,1.7,2,705.9,0
2020-08-16 23:41:06,5,63,23.8,99,15.8,1006.9,1011.8,0.7,1,2,705.9,0
2020-08-16 23:46:06,5,63,23.7,99,15.8,1006.9,1011.8,1.7,2.4,4,705.9,0
2020-08-16 23:51:06,5,63,23.7,99,15.8,1007.1,1012,1,1.7,2,705.9,0
2020-08-16 23:56:06,5,63,23.7,99,15.8,1007,1011.9,0.7,1,2,705.9,0
