2019-04-24 00:01:39,5,52,21.2,74,12.4,988.4,993.3,2,2.7,0,286.2,0
2019-04-24 00:06:39,5,52,21.2,75,12.4,988.4,993.3,3.1,4.1,4,286.2,0
2019-04-24 00:11:39,5,52,21.2,75,12.4,988.3,993.2,2.7,3.4,13,286.2,0
2019-04-24 00:16:39,5,52,21.2,75,12.4,988.5,993.4,2.7,3.4,,286.2,0
2019-04-24 00:21:39,5,52,21.2,75,12.4,988.2,993.1,2,2.4,4,286.2,0
2019-04-24 00:26:39,5,52,21.2,75,12.3,988.2,993.1,2,3.4,4,286.2,0
2019-04-24 00:31:39,5,52,21.2,76,12.3,988.3,993.2,3.4,4.4,4,286.2,0
2019-04-24 00:36:39,5,53,21.2,76,12.3,988.2,993.1,1.4,2,4,286.2,0
2019-04-24 00:41:39,5,52,21.1,77,12.3,988.2,993.1,2,2.7,4,286.2,0
2019-04-24 00:46:39,5,53,21.2,78,12.2,988.1,993,1.4,2,4,286.2,0
2019-04-24 00:51:39,5,53,21.2,79,12.1,988,992.9,2,2.7,4,286.2,0
2019-04-24 00:56:39,5,53,21.2,80,12,988.1,993,1.4,1.7,,286.2,0
2019-04-24 01:01:39,5,53,21.1,80,12,988.1,993,2,2.7,4,286.2,0
2019-04-24 01:06:39,5,53,21.1,80,12,988,992.9,0.7,1,,286.2,0
2019-04-24 01:11:39,5,53,21.1,80,12,987.7,992.6,0.3,0.3,2,286.2,0
2019-04-24 01:16:39,5,53,21.1,80,11.9,987.6,992.5,0.7,1,2,286.2,0
2019-04-24 01:21:39,5,53,21.2,80,11.9,987.6,992.5,0.7,1,2,286.2,0
2019-04-24 01:26:39,5,53,21.2,80,11.9,987.7,992.6,1,1.4,2,286.2,0
2019-04-24 01:31:39,5,53,21.1,81,11.9,987.5,992.4,0.3,0.7,2,286.2,0
2019-04-24 01:36:39,5,53,21.1,81,11.8,987.7,992.6,0.7,1,4,286.2,0
2019-04-24 01:41:39,5,53,21.1,82,11.8,987.6,992.5,1.4,1.7,4,286.5,0
2019-04-24 01:46:39,5,53,21.1,82,11.7,987.5,992.4,1.4,1.7,2,286.5,0
2019-04-24 01:51:39,5,53,21.1,82,11.7,987.6,992.5,1,1.4,2,286.5,0
2019-04-24 01:56:39,5,53,21,83,11.6,987.4,992.3,1,1.4,2,286.5,0
2019-04-24 02:01:39,5,53,21,84,11.6,987.3,992.2,1,2,2,286.5,0
2019-04-24 02:06:39,5,53,21,84,11.7,987.2,992.1,0.7,1,2,286.5,0
2019-04-24 02:11:39,5,53,21,84,11.6,987.2,992.1,0.7,1,2,286.5,0
2019-04-24 02:16:39,5,53,21,85,11.6,987.2,992.1,0.7,1.4,0,286.5,0
2019-04-24 02:21:39,5,53,21,85,11.6,987.2,992.1,1,1.4,4,286.5,0
2019-04-24 02:26:39,5,53,21,85,11.6,987.2,992.1,1,1.4,2,286.5,0
2019-04-24 02:31:39,5,53,21,86,11.6,987.1,992,1,1.4,2,286.5,0
2019-04-24 02:36:39,5,53,21,86,11.6,987,991.9,1,1.7,,286.5,0
2019-04-24 02:41:39,5,53,21,87,11.6,987,991.9,1.7,2.7,2,286.5,0
2019-04-24 02:46:39,5,54,20.9,87,11.6,987,991.9,2,3.1,,286.5,0
2019-04-24 02:51:39,5,54,20.9,87,11.7,986.9,991.8,2.4,3.1,2,286.5,0
2019-04-24 02:56:39,5,54,20.9,87,11.7,986.8,991.7,2.4,3.4,4,286.5,0
2019-04-24 03:01:39,5,54,20.9,87,11.7,986.8,991.7,2,3.4,2,286.5,0
2019-04-24 03:06:39,5,54,20.9,87,11.7,986.7,991.6,1.4,2,2,286.5,0
2019-04-24 03:11:39,5,54,20.9,87,11.7,986.6,991.5,1.7,2.4,4,286.5,0
2019-04-24 03:16:39,5,54,20.9,87,11.8,986.5,991.4,3.4,3.7,4,286.5,0
2019-04-24 03:21:39,5,54,20.9,87,11.7,986.5,991.4,2,2.4,2,286.5,0
2019-04-24 03:26:39,5,54,20.9,87,11.7,986.5,991.4,1.7,2.4,2,286.5,0
2019-04-24 03:31:39,5,54,20.9,87,11.7,986.4,991.3,1.7,2.7,2,286.5,0
2019-04-24 03:36:39,5,54,20.8,87,11.8,986.4,991.3,1,2.4,4,286.5,0
2019-04-24 03:41:39,5,54,20.8,87,11.8,986.3,991.2,1,1.7,2,286.5,0
2019-04-24 03:46:39,5,54,20.8,87,11.7,986.4,991.3,1.4,1.7,,286.5,0
2019-04-24 03:51:39,5,54,20.8,87,11.8,986.2,991.1,2,2.4,2,286.5,0
2019-04-24 03:56:39,5,54,20.8,87,11.8,986.2,991.1,2,2.7,4,286.5,0
2019-04-24 04:01:38,5,54,20.8,87,11.8,986.2,991.1,2.7,3.1,4,286.5,0
2019-04-24 04:06:38,5,54,20.8,87,11.8,986.1,991,1.7,2.7,2,286.5,0
2019-04-24 04:11:38,5,54,20.8,87,11.8,986,990.9,1.7,2,4,286.5,0
2019-04-24 04:16:38,5,54,20.8,87,11.8,986.1,991,2,2.7,4,286.5,0
2019-04-24 04:21:38,5,54,20.8,87,11.8,986.1,991,1.4,2,4,286.5,0
2019-04-24 04:26:38,5,54,20.8,87,11.8,986.1,991,1.4,2,0,286.5,0
2019-04-24 04:31:38,5,54,20.8,87,11.8,986,990.9,2,2.4,,286.5,0
2019-04-24 04:36:38,5,54,20.7,87,11.8,986,990.9,1.4,2,2,286.5,0
2019-04-24 04:41:38,5,54,20.7,87,11.8,985.9,990.8,1.7,2,2,286.5,0
2019-04-24 04:46:38,5,54,20.7,86,11.8,985.9,990.8,2,2.4,2,286.5,0
2019-04-24 04:51:38,5,54,20.7,86,11.8,986,990.9,1.7,2.7,2,286.5,0
2019-04-24 04:56:38,5,54,20.7,86,11.9,985.9,990.8,1.4,2,2,286.5,0
2019-04-24 05:01:38,5,54,20.7,86,11.8,985.9,990.8,2.4,3.7,4,286.5,0
2019-04-24 05:06:38,5,54,20.7,86,11.8,985.9,990.8,1.7,2.4,0,286.5,0
2019-04-24 05:11:38,5,54,20.7,86,11.8,985.8,990.7,2,2.4,4,286.5,0
2019-04-24 05:16:38,5,54,20.7,86,11.8,986.1,991,2.4,3.1,4,286.5,0
2019-04-24 05:21:38,5,54,20.7,87,11.8,985.8,990.7,1.7,2.4,,286.5,0
2019-04-24 05:26:38,5,54,20.7,87,11.7,986,990.9,1.4,2,2,286.5,0
2019-04-24 05:31:38,5,54,20.7,87,11.7,985.8,990.7,1.7,2,4,286.8,0
2019-04-24 05:36:38,5,54,20.7,88,11.6,985.8,990.7,1.4,2,2,286.8,0
2019-04-24 05:41:38,5,54,20.7,88,11.6,985.9,990.8,1.7,2.4,2,286.8,0
2019-04-24 05:46:38,5,54,20.7,89,11.6,985.9,990.8,1,1.7,4,286.8,0
2019-04-24 05:51:38,5,54,20.7,89,11.5,985.8,990.7,1.7,2,4,287.1,0
2019-04-24 05:56:38,5,54,20.6,90,11.5,985.9,990.8,1.4,1.7,4,287.1,0
2019-04-24 06:01:38,5,54,20.6,90,11.5,985.7,990.6,2.4,3.7,0,287.1,0
2019-04-24 06:06:38,5,54,20.6,90,11.5,985.8,990.7,1.4,2,2,287.1,0
2019-04-24 06:11:38,5,54,20.6,90,11.5,985.5,990.4,1.4,2.4,4,287.1,0
2019-04-24 06:16:38,5,54,20.6,90,11.5,985.5,990.4,1.7,3.1,4,287.1,0
2019-04-24 06:21:38,5,54,20.6,91,11.6,985.7,990.6,1.7,2.4,0,287.1,0
2019-04-24 06:26:38,5,54,20.6,91,11.6,985.5,990.4,1.7,2,14,287.1,0
2019-04-24 06:31:38,5,54,20.6,91,11.6,985.6,990.5,1.4,1.7,4,287.4,0
2019-04-24 06:36:38,5,54,20.6,91,11.6,985.6,990.5,2.4,3.1,4,287.4,0
2019-04-24 06:41:38,5,54,20.6,91,11.7,985.6,990.5,1.7,2.4,4,287.4,0
2019-04-24 06:46:38,5,54,20.6,91,11.7,985.7,990.6,2,3.1,2,287.4,0
2019-04-24 06:51:38,5,54,20.6,91,11.7,985.6,990.5,1.4,2,4,287.7,0
2019-04-24 06:56:38,5,54,20.6,91,11.7,985.7,990.6,2,2.7,,287.7,0
2019-04-24 07:01:38,5,54,20.6,91,11.6,985.5,990.4,1.7,2.4,2,287.7,0
2019-04-24 07:06:38,5,55,20.6,91,11.6,985.5,990.4,1.4,2.4,4,287.7,0
2019-04-24 07:11:38,5,55,20.6,91,11.6,985.6,990.5,2.4,3.1,0,287.7,0
2019-04-24 07:16:38,5,55,20.6,91,11.6,985.4,990.3,1.4,2,2,287.7,0
2019-04-24 07:21:38,5,55,20.6,92,11.6,985.3,990.2,1.4,2,2,288,0
2019-04-24 07:26:38,5,56,20.6,92,11.7,985.4,990.3,1.7,2.7,4,288,0
2019-04-24 07:31:38,5,56,20.6,92,11.7,985.4,990.3,2,2.7,2,288,0
2019-04-24 07:36:38,5,56,20.7,92,11.6,985.4,990.3,2,2.7,2,288,0
2019-04-24 07:41:38,5,57,20.7,92,11.7,985.3,990.2,1.4,2,2,288,0
2019-04-24 07:46:38,5,57,20.7,92,11.7,985.3,990.2,2,2.4,2,288,0
2019-04-24 07:51:38,5,57,20.7,92,11.7,985.2,990.1,2.4,3.1,4,288,0
2019-04-24 07:56:38,5,57,20.7,92,11.7,985.2,990.1,2.4,3.4,0,288,0
2019-04-24 08:01:38,5,56,20.8,92,11.8,985.1,990,2.7,3.1,2,288,0
2019-04-24 08:06:38,5,57,20.8,92,11.8,985.1,990,2,2.7,2,288,0
2019-04-24 08:11:38,5,57,20.8,92,11.9,985.1,990,2,3.1,4,288,0
2019-04-24 08:16:38,5,57,20.8,92,12,985.1,990,2,2.7,2,288,0
2019-04-24 08:21:38,5,57,20.8,91,12,985.2,990.1,2,3.4,2,288,0
2019-04-24 08:26:38,5,57,20.8,91,12,985.1,990,2.7,4.1,2,288.3,0
2019-04-24 08:31:38,5,57,20.8,91,12.1,985.1,990,1.4,2,2,288.3,0
2019-04-24 08:36:38,5,57,20.8,91,12.1,984.8,989.7,2.4,3.4,2,288.3,0
2019-04-24 08:41:38,5,56,20.9,91,12.2,984.9,989.8,2,2.7,4,288.3,0
2019-04-24 08:46:38,5,56,20.8,91,12.2,984.9,989.8,2.7,3.7,4,288.3,0
2019-04-24 08:51:38,5,56,20.9,91,12.3,984.8,989.7,2,3.1,2,288.3,0
2019-04-24 08:56:38,5,56,20.9,92,12.4,984.8,989.7,2.4,3.1,4,288.3,0
2019-04-24 09:01:38,5,56,20.9,92,12.4,984.6,989.5,2.7,4.1,0,288.6,0
2019-04-24 09:06:38,5,56,20.8,92,12.4,984.7,989.6,3.4,3.7,4,288.6,0
2019-04-24 09:11:38,5,56,20.9,92,12.4,984.8,989.7,3.1,3.7,2,288.6,0
2019-04-24 09:16:38,5,56,20.9,89,12.5,984.5,989.4,3.1,3.4,,288.6,0
2019-04-24 09:21:38,5,56,20.9,89,12.6,984.4,989.3,2.4,3.1,2,288.9,0
2019-04-24 09:26:38,5,56,20.9,89,12.7,984.5,989.4,1.7,2.4,2,288.9,0
2019-04-24 09:31:38,5,56,20.9,89,12.7,984.4,989.3,2.7,3.4,2,288.9,0
2019-04-24 09:36:38,5,56,20.9,89,12.9,984.3,989.2,2,3.1,2,288.9,0
2019-04-24 09:41:38,5,56,20.9,89,13,984.3,989.2,2.4,3.7,4,288.9,0
2019-04-24 09:46:38,5,56,20.9,88,13.2,984.2,989.1,2.7,3.7,1,288.9,0
2019-04-24 09:51:38,5,55,21,88,13.2,984.3,989.2,2.7,3.4,2,288.9,0
2019-04-24 09:56:38,5,55,21,87,13.2,984,988.9,2.4,3.7,2,288.9,0
2019-04-24 10:01:38,5,55,21,87,13.3,984.1,989,3.1,3.7,4,288.9,0
2019-04-24 10:06:38,5,55,21,86,13.4,984.1,989,2.7,3.4,4,288.9,0
2019-04-24 10:11:38,5,55,21.1,86,13.7,984,988.9,2,3.4,2,288.9,0
2019-04-24 10:16:38,5,55,21.1,85,13.8,984,988.9,3.1,3.7,,288.9,0
2019-04-24 10:21:38,5,55,21.1,84,13.7,984,988.9,2.7,3.7,2,288.9,0
2019-04-24 10:26:38,5,55,21.1,84,13.7,984,988.9,2.7,3.4,4,288.9,0
2019-04-24 10:31:38,5,55,21.1,84,13.6,984.1,989,2,2.7,2,288.9,0
2019-04-24 10:36:38,5,55,21.1,84,13.7,984,988.9,2.7,3.7,2,288.9,0
2019-04-24 10:41:38,5,55,21.1,84,13.7,983.9,988.8,3.4,4.8,0,288.9,0
2019-04-24 10:46:38,5,56,21.2,84,13.9,984,988.9,3.4,5.1,1,288.9,0
2019-04-24 10:51:38,5,56,21.2,83,14,983.8,988.7,3.4,4.8,2,288.9,0
2019-04-24 10:56:38,5,59,21.2,83,13.9,984,988.9,2.4,3.1,2,288.9,0
2019-04-24 11:01:38,5,59,21.2,83,14,983.9,988.8,3.4,5.1,,288.9,0
2019-04-24 11:06:38,5,58,21.2,83,13.9,984,988.9,2.7,3.4,,288.9,0
2019-04-24 11:11:38,5,58,21.2,84,13.8,984.1,989,3.4,4.1,0,288.9,0
2019-04-24 11:16:38,5,59,21.2,85,13.7,984,988.9,2.4,3.1,2,288.9,0
2019-04-24 11:21:38,5,59,21.2,86,13.6,984.1,989,2,3.1,4,288.9,0
2019-04-24 11:26:38,5,59,21.2,87,13.6,984,988.9,3.1,4.1,0,289.2,0
2019-04-24 11:31:38,5,59,21.2,87,13.5,984,988.9,2.7,3.7,2,289.2,0
2019-04-24 11:36:38,5,59,21.2,87,13.5,984.1,989,2.4,3.1,0,289.2,0
2019-04-24 11:41:38,5,59,21.2,87,13.6,983.9,988.8,2.7,3.1,4,289.2,0
2019-04-24 11:46:38,5,59,21.2,87,13.9,984,988.9,3.1,4.1,4,289.2,0
2019-04-24 11:51:38,5,59,21.2,87,14.1,983.9,988.8,2,2.4,14,289.2,0
2019-04-24 11:56:38,5,59,21.2,86,14.2,983.9,988.8,2.4,3.1,10,289.2,0
2019-04-24 12:01:38,5,59,21.2,85,14.2,983.9,988.8,4.1,5.4,11,289.2,0
2019-04-24 12:06:38,5,59,21.2,84,14.1,983.8,988.7,3.7,5.1,4,289.2,0
2019-04-24 12:11:38,5,59,21.2,84,14.1,984,988.9,3.1,4.4,0,289.2,0
2019-04-24 12:16:38,5,58,21.2,84,14,983.9,988.8,3.4,3.7,,289.2,0
2019-04-24 12:21:38,5,58,21.2,84,14,983.9,988.8,2,2.7,4,289.2,0
2019-04-24 12:26:38,5,58,21.2,84,13.9,983.8,988.7,4.4,5.1,,289.2,0
2019-04-24 12:31:38,5,58,21.2,84,13.9,983.8,988.7,4.4,5.1,4,289.2,0
2019-04-24 12:36:38,5,58,21.1,83,14.1,983.7,988.6,4.8,5.8,,289.2,0
2019-04-24 12:41:38,5,58,21.2,81,14.4,983.7,988.6,5.1,6.1,4,289.2,0
2019-04-24 12:46:38,5,58,21.4,77,14.6,983.8,988.7,5.1,5.8,4,289.2,0
2019-04-24 12:51:38,5,58,21.4,74,14.8,983.7,988.6,4.1,5.4,,289.2,0
2019-04-24 12:56:38,5,58,21.5,74,15,983.6,988.5,4.1,5.4,,289.2,0
2019-04-24 13:01:38,5,57,21.5,74,15.3,983.6,988.5,4.4,5.8,4,289.2,0
2019-04-24 13:06:38,5,57,21.5,73,15.9,983.6,988.5,2.4,3.4,8,289.2,0
2019-04-24 13:11:38,5,57,21.6,71,15.7,983.6,988.5,4.1,5.1,4,289.2,0
2019-04-24 13:17:38,6,57,21.6,71,15,983.7,988.6,3.1,3.7,2,289.2,0
2019-04-24 13:22:38,5,57,21.8,72,15.3,983.7,988.6,3.4,4.4,4,289.2,0
2019-04-24 13:27:38,5,57,21.8,71,15.1,983.7,988.6,3.7,4.8,,289.2,0
2019-04-24 13:32:38,5,57,21.8,71,14.6,983.8,988.7,4.8,5.4,,289.2,0
2019-04-24 13:37:38,5,56,21.8,72,14.6,983.7,988.6,3.4,4.1,,289.2,0
2019-04-24 13:42:38,5,56,21.8,72,14.6,983.7,988.6,3.7,4.8,4,289.2,0
2019-04-24 13:47:38,5,56,21.8,71,14.5,983.6,988.5,4.8,5.8,4,289.2,0
2019-04-24 13:52:38,5,56,21.8,70,14.4,983.7,988.6,3.7,4.8,,289.2,0
2019-04-24 13:57:38,5,56,21.8,70,14.2,983.8,988.7,3.4,4.8,,289.2,0
2019-04-24 14:02:38,5,56,21.8,70,14.1,983.7,988.6,4.4,5.1,,289.2,0
2019-04-24 14:07:38,5,56,21.8,68,14,983.7,988.6,4.1,5.1,,289.2,0
2019-04-24 14:13:39,6,56,21.8,69,13.9,983.7,988.6,4.1,5.8,2,289.2,0
2019-04-24 14:18:39,5,56,21.8,71,13.9,983.7,988.6,3.7,4.8,4,289.2,0
2019-04-24 14:23:39,5,56,21.7,71,13.6,983.7,988.6,3.1,4.4,,289.2,0
2019-04-24 14:28:39,5,56,21.7,72,13.5,983.7,988.6,3.1,4.8,,289.2,0
2019-04-24 14:33:39,5,56,21.6,73,13.5,983.7,988.6,2.7,3.7,8,289.2,0
2019-04-24 14:38:39,5,56,21.6,74,13.4,983.7,988.6,3.4,4.1,4,289.2,0
2019-04-24 14:43:39,5,56,21.6,74,13.4,983.7,988.6,2.4,4.1,,289.2,0
2019-04-24 14:48:39,5,56,21.6,74,13.2,983.6,988.5,4.4,5.1,4,289.2,0
2019-04-24 14:53:39,5,56,21.6,74,12.9,983.8,988.7,4.1,5.1,4,289.2,0
2019-04-24 14:58:39,5,56,21.6,76,12.8,983.8,988.7,3.7,5.4,4,289.2,0
2019-04-24 15:03:39,5,56,21.5,77,12.7,983.9,988.8,2.7,3.7,4,289.2,0
2019-04-24 15:08:39,5,56,21.5,78,12.7,983.8,988.7,3.7,4.8,4,289.2,0
2019-04-24 15:13:39,5,56,21.5,79,12.8,983.8,988.7,2.7,3.4,4,289.2,0
2019-04-24 15:18:39,5,56,21.5,78,12.8,983.6,988.5,3.7,4.8,4,289.2,0
2019-04-24 15:23:39,5,56,21.5,78,12.9,983.6,988.5,3.7,4.8,4,289.2,0
2019-04-24 15:28:39,5,56,21.5,78,12.8,983.7,988.6,4.1,5.1,,289.2,0
2019-04-24 15:33:39,5,56,21.5,79,12.8,983.7,988.6,2.4,3.1,4,289.2,0
2019-04-24 15:38:39,5,56,21.5,79,12.7,983.7,988.6,3.4,4.1,,289.2,0
2019-04-24 15:43:39,5,56,21.5,79,12.6,983.7,988.6,3.4,4.4,,289.2,0
2019-04-24 15:48:39,5,56,21.4,79,12.5,983.7,988.6,3.4,4.1,2,289.2,0
2019-04-24 15:53:39,5,56,21.4,80,12.5,983.7,988.6,2.4,3.1,4,289.2,0
2019-04-24 15:58:39,5,56,21.2,83,12.4,983.8,988.7,2.4,2.7,4,289.2,0
2019-04-24 16:03:39,5,56,21.2,83,12.4,983.8,988.7,2.4,3.4,,289.5,0
2019-04-24 16:08:39,5,55,21.2,84,12.3,983.7,988.6,2.7,3.4,2,289.5,0
2019-04-24 16:13:39,5,55,21.2,84,12.2,983.7,988.6,3.1,4.4,4,289.5,0
2019-04-24 16:18:39,5,56,21.2,85,12.2,983.8,988.7,2.7,3.4,4,289.5,0
2019-04-24 16:23:39,5,56,21.2,85,12.1,983.9,988.8,2.7,3.4,13,289.5,0
2019-04-24 16:28:39,5,56,21.2,86,12.1,983.9,988.8,2,2.7,,289.8,0
2019-04-24 16:33:39,5,56,21.2,87,12.1,983.9,988.8,2,2.7,4,289.8,0
2019-04-24 16:38:39,5,56,21.2,88,12,983.8,988.7,2.4,3.1,4,290.1,0
2019-04-24 16:43:39,5,56,21.2,88,12,984,988.9,1.7,2,4,290.1,0
2019-04-24 16:48:39,5,56,21.2,89,11.9,983.9,988.8,2,2.7,0,290.4,0
2019-04-24 16:53:39,5,55,21.1,90,11.9,984,988.9,2.4,3.1,,290.7,0
2019-04-24 16:58:39,5,56,21.1,90,11.8,984,988.9,2,2.7,4,290.7,0
2019-04-24 17:03:39,5,56,21,90,11.8,983.9,988.8,2.4,2.7,4,290.7,0
2019-04-24 17:08:39,5,56,21,91,11.8,984,988.9,2.4,3.1,4,291,0
2019-04-24 17:13:39,5,56,21,91,11.7,984,988.9,3.1,3.4,,291.3,0
2019-04-24 17:18:39,5,56,21,91,11.5,984,988.9,2.4,2.7,4,291.3,0
2019-04-24 17:23:39,5,56,21,91,11.5,984,988.9,2,2.4,4,291.6,0
2019-04-24 17:28:39,5,56,21,91,11.5,984.1,989,3.1,3.7,,291.9,0
2019-04-24 17:33:39,5,57,21,91,11.5,984.1,989,2,3.4,3,291.9,0
2019-04-24 17:38:39,5,58,20.9,91,11.4,984,988.9,2.4,3.4,4,291.9,0
2019-04-24 17:43:39,5,58,20.9,91,11.4,984,988.9,2.7,3.1,4,291.9,0
2019-04-24 17:48:39,5,57,21,92,11.4,984.1,989,3.1,4.1,,291.9,0
2019-04-24 17:53:39,5,58,20.9,92,11.4,984.1,989,3.1,3.7,4,292.2,0
2019-04-24 17:58:39,5,58,20.9,92,11.4,984.2,989.1,3.7,4.4,4,292.2,0
2019-04-24 18:03:39,5,59,20.9,92,11.3,984.1,989,3.4,4.1,4,292.5,0
2019-04-24 18:08:39,5,59,20.9,92,11.3,984.2,989.1,3.4,4.4,4,292.5,0
2019-04-24 18:13:39,5,59,20.9,92,11.1,984.2,989.1,4.4,5.4,4,292.5,0
2019-04-24 18:18:39,5,59,20.9,91,11,984.5,989.4,2.7,3.4,4,292.8,0
2019-04-24 18:23:39,5,59,20.9,91,10.8,984.4,989.3,3.1,4.8,4,292.8,0
2019-04-24 18:28:39,5,59,20.9,91,10.8,984.5,989.4,3.1,4.1,4,293.1,0
2019-04-24 18:33:39,5,59,20.9,91,10.7,984.5,989.4,2.7,3.7,4,293.1,0
2019-04-24 18:38:39,5,60,20.8,91,10.6,984.5,989.4,2,2.4,,293.1,0
2019-04-24 18:43:39,5,60,20.8,90,10.5,984.5,989.4,2,2.7,4,293.1,0
2019-04-24 18:48:39,5,60,20.8,90,10.4,984.5,989.4,2.4,3.1,4,293.4,0
2019-04-24 18:53:39,5,60,20.9,90,10.4,984.5,989.4,1.7,2,3,293.4,0
2019-04-24 18:58:39,5,60,20.8,91,10.4,984.5,989.4,1.7,2.4,,293.7,0
2019-04-24 19:03:39,5,60,20.9,91,10.4,984.6,989.5,1.7,2.4,,293.7,0
2019-04-24 19:08:39,5,60,20.9,91,10.4,984.5,989.4,2.7,3.1,4,293.7,0
2019-04-24 19:13:39,5,60,20.9,91,10.4,984.4,989.3,2,2.4,4,293.7,0
2019-04-24 19:18:39,5,60,20.9,91,10.4,984.6,989.5,2.4,3.1,13,293.7,0
2019-04-24 19:23:39,5,60,20.9,91,10.3,984.6,989.5,2.4,2.7,4,293.7,0
2019-04-24 19:28:39,5,60,20.9,91,10.3,984.7,989.6,2.4,2.7,4,293.7,0
2019-04-24 19:33:39,5,60,20.9,91,10.3,984.6,989.5,2.4,2.7,4,293.7,0
2019-04-24 19:38:39,5,60,20.9,92,10.3,984.5,989.4,2.7,3.4,,293.7,0
2019-04-24 19:43:39,5,60,20.9,92,10.3,984.7,989.6,2.4,3.4,4,293.7,0
2019-04-24 19:48:39,5,60,20.9,92,10.3,984.6,989.5,2.4,3.4,8,293.7,0
2019-04-24 19:53:39,5,59,21,92,10.3,984.6,989.5,2.4,2.7,4,293.7,0
2019-04-24 19:58:39,5,59,21.1,92,10.4,984.7,989.6,2,2.7,,293.7,0
2019-04-24 20:03:39,5,59,21.1,92,10.4,984.7,989.6,1.4,2,10,293.7,0
2019-04-24 20:08:39,5,59,21.1,92,10.4,984.7,989.6,0.3,0.7,12,293.7,0
2019-04-24 20:13:39,5,59,21.2,92,10.4,984.9,989.8,0.3,0.7,4,293.7,0
2019-04-24 20:18:39,5,59,21.2,91,10.4,984.7,989.6,1,1.4,8,293.7,0
2019-04-24 20:23:39,5,59,21.2,91,10.3,984.7,989.6,1,1.7,10,293.7,0
2019-04-24 20:29:39,6,59,21.4,91,10.2,984.7,989.6,1,1.7,10,293.7,0
2019-04-24 20:34:39,5,59,21.5,90,10.1,984.8,989.7,1.4,1.7,10,293.7,0
2019-04-24 20:39:39,5,59,21.5,90,10.1,984.9,989.8,1.4,1.7,8,293.7,0
2019-04-24 20:44:39,5,59,21.5,90,10.1,985,989.9,1,1.4,10,293.7,0
2019-04-24 20:49:39,5,59,21.5,90,10,984.9,989.8,1.4,2,9,293.7,0
2019-04-24 20:54:39,5,59,21.5,90,10,984.9,989.8,1,1.4,,293.7,0
2019-04-24 20:59:39,5,59,21.5,89,9.9,985.1,990,0.7,1.4,10,293.7,0
2019-04-24 21:04:39,5,59,21.2,88,9.9,985,989.9,1,1.7,8,293.7,0
2019-04-24 21:09:39,5,59,21.2,88,9.8,985.1,990,1.4,1.7,12,293.7,0
2019-04-24 21:14:39,5,59,21.2,87,9.8,985,989.9,1.4,2,8,293.7,0
2019-04-24 21:19:39,5,59,21.2,86,9.7,985.1,990,3.4,4.4,10,293.7,0
2019-04-24 21:24:39,5,59,21.2,86,9.7,985,989.9,1.4,1.7,8,293.7,0
2019-04-24 21:29:39,5,59,21.2,85,9.7,985.1,990,2.4,2.7,10,293.7,0
2019-04-24 21:34:39,5,59,21.2,85,9.7,985.1,990,2.4,3.4,10,293.7,0
2019-04-24 21:39:39,5,59,21.1,85,9.7,985.3,990.2,1,1.7,10,293.7,0
2019-04-24 21:44:39,5,59,21.1,86,9.7,985.4,990.3,1.7,2.7,10,293.7,0
2019-04-24 21:49:39,5,59,21.2,86,9.6,985.3,990.2,1,1.7,10,293.7,0
2019-04-24 21:54:39,5,59,21.2,87,9.6,985.5,990.4,1,1.4,15,293.7,0
2019-04-24 21:59:39,5,59,21.2,87,9.6,985.6,990.5,0.3,1,4,293.7,0
2019-04-24 22:04:39,5,59,21.2,87,9.6,985.7,990.6,0.7,1,10,294,0
2019-04-24 22:09:39,5,59,21.2,88,9.5,985.7,990.6,0.7,1,4,294,0
2019-04-24 22:14:39,5,59,21.2,88,9.5,985.8,990.7,1,1.7,4,294,0
2019-04-24 22:19:39,5,59,21.1,88,9.5,985.9,990.8,0.7,1,10,294,0
2019-04-24 22:24:39,5,59,21.1,88,9.4,985.9,990.8,0.7,1,8,294,0
2019-04-24 22:29:39,5,59,21.1,88,9.3,985.9,990.8,1,1.7,10,294,0
2019-04-24 22:34:39,5,59,21,87,9.2,985.8,990.7,0.7,1,8,294,0
2019-04-24 22:39:39,5,59,21,87,9.2,985.9,990.8,0.3,0.7,14,294,0
2019-04-24 22:44:39,5,60,20.9,86,9.1,986,990.9,0.3,1,4,294,0
2019-04-24 22:49:39,5,59,21,86,9.1,986,990.9,0.3,1,10,294,0
2019-04-24 22:54:39,5,60,20.9,86,9.1,986.1,991,1,1.4,8,294,0
2019-04-24 22:59:39,5,60,20.9,85,9.1,986.2,991.1,0.3,0.7,8,294,0
2019-04-24 23:04:39,5,60,20.9,85,9.1,986.1,991,1,1.7,10,294,0
2019-04-24 23:09:39,5,60,20.9,85,9,986.1,991,0.7,1,10,294,0
2019-04-24 23:14:39,5,60,20.8,85,9,986.1,991,0.7,1.4,9,294,0
2019-04-24 23:19:39,5,60,20.8,85,9,986.1,991,1.4,2,10,294,0
2019-04-24 23:24:39,5,60,20.8,84,9,986.3,991.2,0.7,1,8,294,0
2019-04-24 23:29:39,5,60,20.7,84,9,986.3,991.2,0.7,1,8,294,0
2019-04-24 23:34:39,5,60,20.7,84,9,986.3,991.2,0.7,1,8,294,0
2019-04-24 23:39:39,5,60,20.7,84,8.9,986.3,991.2,0.3,0.7,4,294,0
2019-04-24 23:44:39,5,60,20.7,84,8.9,986.4,991.3,1,1.7,,294,0
2019-04-24 23:49:39,5,60,20.7,85,8.9,986.5,991.4,0.7,1.4,4,294,0
2019-04-24 23:54:39,5,60,20.7,85,8.9,986.5,991.4,0.7,1.4,4,294,0
2019-04-24 23:59:39,5,60,20.6,85,8.9,986.6,991.5,0.3,0.7,10,294,0
