2020-07-16 00:01:14,5,59,22.4,96,14,1019.4,1024.3,1.4,1.7,8,577.8,0
2020-07-16 00:06:14,5,59,22.4,96,14,1019.4,1024.3,0.7,1.4,12,577.8,0
2020-07-16 00:11:14,5,59,22.4,96,14,1019.4,1024.3,1,1.7,12,577.8,0
2020-07-16 00:16:14,5,59,22.4,96,14,1019.5,1024.4,1,1.4,14,577.8,0
2020-07-16 00:21:14,5,59,22.4,96,14,1019.4,1024.3,0.7,1.4,12,577.8,0
2020-07-16 00:26:14,5,59,22.3,96,14,1019.3,1024.2,1,1.4,9,577.8,0
2020-07-16 00:31:14,5,59,22.3,96,14,1019.5,1024.4,1,1.4,10,577.8,0
2020-07-16 00:36:14,5,59,22.3,97,14.1,1019.5,1024.4,0.7,1,10,577.8,0
2020-07-16 00:41:14,5,59,22.3,97,14.1,1019.4,1024.3,1,1.4,12,577.8,0
2020-07-16 00:46:14,5,59,22.3,97,14.1,1019.4,1024.3,1,1.4,12,577.8,0
2020-07-16 00:51:14,5,59,22.3,97,14.1,1019.5,1024.4,1,1.4,12,577.8,0
2020-07-16 00:56:14,5,59,22.2,97,14.1,1019.4,1024.3,1,1.4,10,577.8,0
2020-07-16 01:01:14,5,59,22.2,97,14.1,1019.5,1024.4,0.3,0.7,12,577.8,0
2020-07-16 01:06:14,5,59,22.2,97,14.1,1019.5,1024.4,0.7,1,10,577.8,0
2020-07-16 01:11:14,5,59,22.2,97,14.1,1019.5,1024.4,1,1.4,2,577.8,0
2020-07-16 01:16:14,5,59,22.2,97,14.2,1019.5,1024.4,0.7,1,0,577.8,0
2020-07-16 01:21:14,5,59,22.2,97,14.2,1019.4,1024.3,1,1.4,12,577.8,0
2020-07-16 01:26:14,5,59,22.2,97,14.2,1019.5,1024.4,0.7,1,10,577.8,0
2020-07-16 01:31:14,5,59,22.2,98,14.2,1019.4,1024.3,1,1.4,10,577.8,0
2020-07-16 01:36:14,5,59,22.2,98,14.2,1019.4,1024.3,1,1.7,8,577.8,0
2020-07-16 01:41:14,5,59,22.2,98,14.2,1019.3,1024.2,0.7,1,10,577.8,0
2020-07-16 01:46:14,5,59,22.1,98,14.2,1019.3,1024.2,0.7,1,10,577.8,0
2020-07-16 01:51:14,5,59,22.1,98,14.3,1019.5,1024.4,0.7,1,12,577.8,0
2020-07-16 01:56:14,5,59,22.1,98,14.3,1019.3,1024.2,0.3,0.7,10,577.8,0
2020-07-16 02:01:14,5,59,22.1,98,14.3,1019.4,1024.3,1,1.4,12,577.8,0
2020-07-16 02:06:14,5,59,22.1,98,14.3,1019.3,1024.2,1,1.7,12,577.8,0
2020-07-16 02:11:14,5,59,22.1,98,14.3,1019.4,1024.3,1.4,1.7,,577.8,0
2020-07-16 02:16:14,5,59,22.1,98,14.3,1019.4,1024.3,1,1.7,12,577.8,0
2020-07-16 02:21:14,5,59,22,98,14.3,1019.2,1024.1,1.4,2.4,12,577.8,0
2020-07-16 02:26:14,5,59,22,98,14.3,1019.3,1024.2,1.7,2,12,577.8,0
2020-07-16 02:31:14,5,59,22.1,99,14.3,1019.3,1024.2,1,1.7,12,577.8,0
2020-07-16 02:36:14,5,59,22,99,14.4,1019.2,1024.1,1.4,1.7,10,577.8,0
2020-07-16 02:41:14,5,59,22,99,14.4,1019.1,1024,1,1.4,10,577.8,0
2020-07-16 02:46:14,5,59,22,99,14.4,1019.2,1024.1,1,1.4,10,577.8,0
2020-07-16 02:51:14,5,59,22,99,14.4,1019.3,1024.2,0.7,1,12,577.8,0
2020-07-16 02:56:14,5,59,22,99,14.4,1019.1,1024,1.4,2,10,577.8,0
2020-07-16 03:01:14,5,59,22,99,14.4,1019.2,1024.1,1.4,2.4,10,577.8,0
2020-07-16 03:06:14,5,60,21.9,99,14.4,1019.1,1024,1,1.7,12,577.8,0
2020-07-16 03:11:14,5,60,21.9,99,14.4,1019.1,1024,0.7,1,14,577.8,0
2020-07-16 03:16:14,5,59,22,99,14.4,1019.2,1024.1,0.7,1.4,8,577.8,0
2020-07-16 03:21:14,5,59,22,99,14.4,1019.3,1024.2,1,1.4,10,577.8,0
2020-07-16 03:26:14,5,59,22,99,14.5,1019.3,1024.2,1,1.4,14,577.8,0
2020-07-16 03:31:14,5,59,22,99,14.5,1019.2,1024.1,0.7,1.4,12,577.8,0
2020-07-16 03:36:14,5,59,22,99,14.5,1019.3,1024.2,0.7,1,10,577.8,0
2020-07-16 03:41:14,5,59,22,99,14.5,1019.4,1024.3,0.7,1,10,577.8,0
2020-07-16 03:46:14,5,59,22,99,14.4,1019.4,1024.3,0.7,1,10,577.8,0
2020-07-16 03:51:14,5,60,21.9,99,14.4,1019.2,1024.1,0.7,1,10,577.8,0
2020-07-16 03:56:14,5,60,21.9,99,14.5,1019.2,1024.1,0.3,0.7,10,577.8,0
2020-07-16 04:01:14,5,60,21.9,99,14.5,1019.4,1024.3,0.3,0.7,8,577.8,0
2020-07-16 04:06:14,5,60,21.9,99,14.5,1019.2,1024.1,1,1.4,12,577.8,0
2020-07-16 04:11:14,5,60,21.9,99,14.5,1019.1,1024,0.7,1.4,14,577.8,0
2020-07-16 04:16:14,5,60,21.9,99,14.5,1019.1,1024,1,1.4,14,577.8,0
2020-07-16 04:21:14,5,60,21.9,99,14.5,1019.3,1024.2,0.7,1,12,577.8,0
2020-07-16 04:26:14,5,60,21.9,99,14.5,1019.3,1024.2,1,1.4,10,577.8,0
2020-07-16 04:31:14,5,60,21.9,99,14.5,1019.1,1024,1,1.4,12,577.8,0
2020-07-16 04:36:14,5,60,21.9,99,14.5,1019.2,1024.1,1,1.4,10,577.8,0
2020-07-16 04:41:14,5,60,21.9,99,14.6,1019.3,1024.2,1,1.7,10,577.8,0
2020-07-16 04:46:14,5,60,21.9,99,14.6,1019.3,1024.2,0.7,1,14,577.8,0
2020-07-16 04:51:14,5,60,21.9,99,14.6,1019.4,1024.3,0.7,1.4,10,577.8,0
2020-07-16 04:56:14,5,60,21.9,99,14.6,1019.3,1024.2,1,1.4,12,577.8,0
2020-07-16 05:01:14,5,60,21.9,99,14.6,1019.2,1024.1,1,2,10,577.8,0
2020-07-16 05:06:14,5,60,21.9,99,14.6,1019.4,1024.3,0.7,1.4,12,577.8,0
2020-07-16 05:11:14,5,60,21.8,99,14.6,1019.5,1024.4,1,1.4,14,577.8,0
2020-07-16 05:16:14,5,61,21.8,99,14.6,1019.4,1024.3,1,1.4,12,577.8,0
2020-07-16 05:21:14,5,61,21.8,99,14.6,1019.4,1024.3,1,1.4,14,577.8,0
2020-07-16 05:26:14,5,61,21.8,99,14.6,1019.4,1024.3,1,1.4,1,577.8,0
2020-07-16 05:31:14,5,61,21.9,99,14.6,1019.4,1024.3,0.7,1,8,577.8,0
2020-07-16 05:36:14,5,61,21.8,99,14.6,1019.4,1024.3,0.7,1.4,10,577.8,0
2020-07-16 05:41:14,5,61,21.8,99,14.6,1019.5,1024.4,0.7,1.4,12,577.8,0
2020-07-16 05:46:14,5,61,21.9,99,14.6,1019.5,1024.4,1.4,2,10,577.8,0
2020-07-16 05:51:14,5,61,21.8,99,14.7,1019.5,1024.4,0.7,1,14,577.8,0
2020-07-16 05:56:14,5,61,21.9,99,14.7,1019.4,1024.3,0.7,1,10,577.8,0
2020-07-16 06:01:14,5,61,21.8,99,14.7,1019.5,1024.4,1,1.4,10,577.8,0
2020-07-16 06:06:14,5,61,21.8,99,14.7,1019.5,1024.4,0.7,1.4,12,577.8,0
2020-07-16 06:11:14,5,61,21.8,99,14.7,1019.4,1024.3,0.7,1,10,577.8,0
2020-07-16 06:16:14,5,61,21.8,99,14.8,1019.5,1024.4,0.7,1,10,577.8,0
2020-07-16 06:21:14,5,61,21.8,99,14.9,1019.5,1024.4,1,1.4,10,577.8,0
2020-07-16 06:26:14,5,61,21.8,99,14.9,1019.5,1024.4,0.7,1,12,577.8,0
2020-07-16 06:31:14,5,61,21.8,99,14.9,1019.4,1024.3,1,1.4,14,577.8,0
2020-07-16 06:36:14,5,61,21.8,99,14.9,1019.4,1024.3,0.7,1,10,577.8,0
2020-07-16 06:41:14,5,61,21.8,99,15,1019.4,1024.3,1.4,1.7,15,577.8,0
2020-07-16 06:46:14,5,61,21.9,99,15,1019.6,1024.5,1,1,10,577.8,0
2020-07-16 06:51:14,5,61,21.9,99,15.1,1019.5,1024.4,0.7,1.4,10,577.8,0
2020-07-16 06:56:14,5,61,21.9,99,15.2,1019.3,1024.2,1,1.4,12,577.8,0
2020-07-16 07:01:14,5,61,21.9,99,15.2,1019.3,1024.2,1,1.7,10,577.8,0
2020-07-16 07:06:14,5,61,21.9,99,15.2,1019.5,1024.4,1,1.4,10,577.8,0
2020-07-16 07:11:14,5,61,21.9,99,15.2,1019.6,1024.5,1,1.4,10,577.8,0
2020-07-16 07:16:14,5,61,21.9,99,15.2,1019.7,1024.6,1,1.4,8,577.8,0
2020-07-16 07:21:14,5,61,21.9,99,15.2,1019.8,1024.7,1,1.4,10,577.8,0
2020-07-16 07:26:14,5,61,21.9,99,15.3,1019.7,1024.6,1,1.4,12,577.8,0
2020-07-16 07:31:14,5,61,21.9,99,15.2,1019.7,1024.6,1,1.4,12,577.8,0
2020-07-16 07:36:14,5,61,21.9,99,15.3,1019.8,1024.7,1,1.4,10,577.8,0
2020-07-16 07:41:14,5,61,21.9,99,15.3,1019.9,1024.8,1,1.4,14,577.8,0
2020-07-16 07:46:14,5,61,21.9,99,15.3,1019.8,1024.7,0.7,1.4,14,577.8,0
2020-07-16 07:51:14,5,61,21.9,99,15.4,1019.9,1024.8,0.7,1.4,12,577.8,0
2020-07-16 07:56:14,5,60,22,99,15.4,1020,1024.9,1,1.4,14,577.8,0
2020-07-16 08:01:14,5,61,22,99,15.5,1019.9,1024.8,0.7,1,14,577.8,0
2020-07-16 08:06:14,5,61,22.1,99,15.5,1020,1024.9,0.3,1,10,577.8,0
2020-07-16 08:11:14,5,61,22.2,99,15.5,1019.9,1024.8,0.7,1.4,14,577.8,0
2020-07-16 08:16:14,5,62,22.3,99,15.5,1019.8,1024.7,0.7,1.4,14,577.8,0
2020-07-16 08:21:14,5,62,22.4,99,15.5,1019.9,1024.8,0.7,1.4,10,577.8,0
2020-07-16 08:26:14,5,62,22.5,99,15.5,1019.8,1024.7,1,1.4,0,577.8,0
2020-07-16 08:31:14,5,62,22.6,99,15.5,1019.8,1024.7,1,1.4,14,577.8,0
2020-07-16 08:36:14,5,62,22.7,99,15.6,1019.8,1024.7,1,1.4,12,577.8,0
2020-07-16 08:41:14,5,62,22.8,99,15.7,1019.8,1024.7,1,1.4,10,577.8,0
2020-07-16 08:46:14,5,63,22.9,99,15.7,1019.9,1024.8,1,1.7,10,577.8,0
2020-07-16 08:51:14,5,63,23,99,15.8,1019.8,1024.7,0.7,1,10,577.8,0
2020-07-16 08:56:14,5,63,23.1,99,15.9,1019.8,1024.7,1,1.4,10,577.8,0
2020-07-16 09:01:14,5,63,23.2,99,15.9,1019.7,1024.6,1,1.4,0,577.8,0
2020-07-16 09:06:14,5,63,23.3,99,15.9,1019.8,1024.7,0.7,1,10,577.8,0
2020-07-16 09:11:14,5,63,23.3,99,16.1,1019.9,1024.8,0.7,1,14,577.8,0
2020-07-16 09:16:14,5,63,23.4,99,16,1020,1024.9,1.4,2,12,577.8,0
2020-07-16 09:21:14,5,63,23.5,99,16,1019.9,1024.8,2,2.7,14,577.8,0
2020-07-16 09:26:14,5,63,23.6,99,16.2,1019.9,1024.8,1.4,1.7,14,577.8,0
2020-07-16 09:31:14,5,63,23.6,99,16.3,1019.9,1024.8,1.4,2,10,577.8,0
2020-07-16 09:36:14,5,63,23.6,99,16.3,1019.9,1024.8,1.7,2.4,12,577.8,0
2020-07-16 09:41:14,5,63,23.7,99,16.3,1020,1024.9,1.7,2.4,10,577.8,0
2020-07-16 09:46:14,5,63,23.8,99,16.3,1020.1,1025,1.7,2.4,14,577.8,0
2020-07-16 09:51:14,5,63,23.9,99,16.4,1019.8,1024.7,1.7,2.4,15,577.8,0
2020-07-16 09:56:14,5,62,24.1,99,16.5,1019.9,1024.8,1.7,2,8,577.8,0
2020-07-16 10:01:14,5,62,24.1,99,16.5,1019.8,1024.7,1.4,2,10,577.8,0
2020-07-16 10:06:14,5,62,24.2,99,16.5,1019.9,1024.8,1.4,1.7,14,577.8,0
2020-07-16 10:11:14,5,62,24.2,98,16.6,1020,1024.9,1,1.7,8,577.8,0
2020-07-16 10:16:14,5,62,24.3,97,16.9,1020,1024.9,1.7,2.4,12,577.8,0
2020-07-16 10:21:14,5,62,24.4,96,16.9,1020.1,1025,1.4,1.7,12,577.8,0
2020-07-16 10:26:14,5,62,24.4,95,16.8,1020,1024.9,1.7,2.7,12,577.8,0
2020-07-16 10:31:14,5,62,24.5,94,16.9,1020,1024.9,1.7,2,8,577.8,0
2020-07-16 10:36:14,5,62,24.6,93,17.1,1019.9,1024.8,1.4,2,12,577.8,0
2020-07-16 10:41:14,5,62,24.7,92,17.4,1020,1024.9,1.7,2,10,577.8,0
2020-07-16 10:46:14,5,62,24.7,89,17.8,1020,1024.9,1.4,2,12,577.8,0
2020-07-16 10:51:14,5,62,24.8,87,18.3,1019.9,1024.8,1,1.7,14,577.8,0
2020-07-16 10:56:14,5,62,24.8,85,18.8,1019.8,1024.7,1.4,2,10,577.8,0
2020-07-16 11:01:14,5,61,24.8,82,18.8,1020,1024.9,1.7,2,10,577.8,0
2020-07-16 11:06:14,5,60,24.8,80,18.8,1019.8,1024.7,1.4,2,10,577.8,0
2020-07-16 11:11:14,5,60,24.8,80,18.9,1019.9,1024.8,1.7,2.4,,577.8,0
2020-07-16 11:16:14,5,59,24.8,77,18.9,1019.8,1024.7,1.7,2.4,14,577.8,0
2020-07-16 11:21:14,5,59,24.8,78,19.3,1019.9,1024.8,2.4,3.1,10,577.8,0
2020-07-16 11:26:14,5,58,24.8,77,19.5,1019.9,1024.8,1.4,1.7,14,577.8,0
2020-07-16 11:31:14,5,58,24.8,76,19.5,1019.8,1024.7,1,1.4,10,577.8,0
2020-07-16 11:36:14,5,58,24.8,75,19.6,1019.7,1024.6,1.4,2,8,577.8,0
2020-07-16 11:41:14,5,58,24.8,75,19.9,1019.7,1024.6,1,1.7,12,577.8,0
2020-07-16 11:46:14,5,58,24.8,73,19.9,1019.7,1024.6,2,2.7,12,577.8,0
2020-07-16 11:51:14,5,58,24.8,73,20.1,1019.7,1024.6,1.4,1.7,12,577.8,0
2020-07-16 11:56:14,5,58,24.8,74,20.6,1019.6,1024.5,0.7,1,10,577.8,0
2020-07-16 12:01:14,5,58,24.8,71,20.7,1019.7,1024.6,1.7,2.4,12,577.8,0
2020-07-16 12:06:14,5,58,24.8,71,20.7,1019.6,1024.5,1.7,2.7,12,577.8,0
2020-07-16 12:11:14,5,58,24.8,71,20.6,1019.7,1024.6,2.4,3.7,11,577.8,0
2020-07-16 12:16:14,5,58,24.8,71,20.8,1019.7,1024.6,1.7,2.4,10,577.8,0
2020-07-16 12:21:14,5,58,24.7,70,20.5,1019.9,1024.8,2.4,4.1,12,577.8,0
2020-07-16 12:26:14,5,58,24.7,70,20.5,1019.7,1024.6,2,3.1,14,577.8,0
2020-07-16 12:31:14,5,58,24.7,70,20.5,1019.6,1024.5,1.7,2.4,12,577.8,0
2020-07-16 12:36:14,5,58,24.7,67,20.7,1019.7,1024.6,3.1,4.4,12,577.8,0
2020-07-16 12:41:14,5,58,24.7,68,20.8,1019.7,1024.6,2,2.7,12,577.8,0
2020-07-16 12:46:14,5,57,24.6,68,20.7,1019.8,1024.7,2,3.1,10,577.8,0
2020-07-16 12:51:14,5,57,24.6,66,20.4,1019.8,1024.7,2.4,3.1,10,577.8,0
2020-07-16 12:56:14,5,58,24.5,68,20.3,1019.7,1024.6,2,2.7,10,577.8,0
2020-07-16 13:01:14,5,58,24.6,69,20.4,1019.8,1024.7,1.7,2.4,12,577.8,0
2020-07-16 13:06:14,5,58,24.6,68,20.2,1019.8,1024.7,1.7,2.4,12,577.8,0
2020-07-16 13:11:14,5,58,24.7,67,20.3,1019.8,1024.7,2,3.1,12,577.8,0
2020-07-16 13:16:14,5,58,24.7,67,20,1019.8,1024.7,2.4,3.1,12,577.8,0
2020-07-16 13:21:14,5,58,24.8,67,19.8,1019.9,1024.8,2.7,3.7,12,577.8,0
2020-07-16 13:26:14,5,58,24.8,68,19.8,1020,1024.9,2.4,3.7,12,577.8,0
2020-07-16 13:31:14,5,58,24.9,69,20,1019.9,1024.8,2.4,3.1,12,577.8,0
2020-07-16 13:36:14,5,58,24.9,68,19.8,1020.1,1025,1.7,2.4,10,577.8,0
2020-07-16 13:41:14,5,57,25,67,19.5,1020.1,1025,2.4,3.4,10,577.8,0
2020-07-16 13:46:14,5,57,25,69,19.3,1019.9,1024.8,2.4,2.7,12,577.8,0
2020-07-16 13:51:14,5,57,25,70,19.2,1020,1024.9,2,2.7,12,577.8,0
2020-07-16 13:56:14,5,56,25,69,19.2,1020,1024.9,3.4,4.4,12,577.8,0
2020-07-16 14:01:14,5,56,25.1,69,18.9,1019.9,1024.8,2.4,3.4,8,577.8,0
2020-07-16 14:06:14,5,56,25.2,70,18.9,1020,1024.9,3.1,3.7,12,577.8,0
2020-07-16 14:11:14,5,56,25.1,69,18.8,1020.1,1025,3.1,4.1,12,577.8,0
2020-07-16 14:16:14,5,56,25.1,69,18.8,1020,1024.9,3.7,5.1,14,577.8,0
2020-07-16 14:21:14,5,56,25.2,70,18.8,1019.8,1024.7,2,2.7,12,577.8,0
2020-07-16 14:26:14,5,56,25.2,71,19.2,1019.9,1024.8,2,2.7,12,577.8,0
2020-07-16 14:31:14,5,56,25.2,69,19.2,1019.8,1024.7,3.1,5.1,12,577.8,0
2020-07-16 14:36:14,5,56,25.2,68,19,1019.8,1024.7,2.7,3.4,12,577.8,0
2020-07-16 14:41:14,5,56,25.3,70,19.1,1019.7,1024.6,3.1,4.1,10,577.8,0
2020-07-16 14:46:14,5,56,25.3,70,19.1,1019.7,1024.6,1.7,2,14,577.8,0
2020-07-16 14:51:14,5,56,25.3,70,19,1019.7,1024.6,4.1,4.8,14,577.8,0
2020-07-16 14:56:14,5,56,25.4,70,19.1,1019.6,1024.5,2.4,3.4,10,577.8,0
2020-07-16 15:01:14,5,56,25.4,70,19.2,1019.6,1024.5,2,3.1,14,577.8,0
2020-07-16 15:06:14,5,56,25.4,70,19.4,1019.5,1024.4,1,1.4,12,577.8,0
2020-07-16 15:11:14,5,56,25.4,68,19.8,1019.5,1024.4,2,2.7,10,577.8,0
2020-07-16 15:16:14,5,55,25.5,67,20.2,1019.5,1024.4,1,1.4,10,577.8,0
2020-07-16 15:21:14,5,55,25.5,65,20.3,1019.5,1024.4,1,1.7,10,577.8,0
2020-07-16 15:26:14,5,55,25.5,63,20.2,1019.4,1024.3,1.7,2.4,10,577.8,0
2020-07-16 15:31:14,5,55,25.5,64,20,1019.4,1024.3,1.7,2.4,10,577.8,0
2020-07-16 15:36:14,5,54,25.6,64,20,1019.4,1024.3,1.4,2,12,577.8,0
2020-07-16 15:41:14,5,54,25.5,64,20,1019.2,1024.1,2,3.7,14,577.8,0
2020-07-16 15:46:14,5,53,25.4,65,20.1,1019.2,1024.1,1.4,1.7,12,577.8,0
2020-07-16 15:51:14,5,52,25.4,65,20.2,1019.3,1024.2,1.4,2.4,12,577.8,0
2020-07-16 15:56:14,5,52,25.4,63,20.1,1019.1,1024,2,2.7,10,577.8,0
2020-07-16 16:01:14,5,52,25.3,64,20,1019.3,1024.2,1,1.4,12,577.8,0
2020-07-16 16:06:14,5,51,25.3,63,20,1019.3,1024.2,2.4,3.4,12,577.8,0
2020-07-16 16:11:14,5,51,25.3,63,19.8,1019.2,1024.1,1.7,2.7,14,577.8,0
2020-07-16 16:16:14,5,51,25.2,63,19.8,1019.3,1024.2,1.4,1.7,12,577.8,0
2020-07-16 16:21:14,5,51,25.2,64,19.8,1019.3,1024.2,1.7,2.4,8,577.8,0
2020-07-16 16:26:14,5,50,25.1,63,19.6,1019.2,1024.1,2,2.7,,577.8,0
2020-07-16 16:31:14,5,50,25.1,63,19.5,1019.4,1024.3,1.7,2.4,10,577.8,0
2020-07-16 16:36:14,5,50,25,64,19.5,1019.2,1024.1,1.7,2.4,10,577.8,0
2020-07-16 16:41:14,5,50,25,63,19.4,1019.3,1024.2,1.4,1.7,10,577.8,0
2020-07-16 16:46:14,5,50,25,64,19.4,1019.4,1024.3,1,1.7,10,577.8,0
2020-07-16 16:51:14,5,51,24.8,63,19.3,1019.2,1024.1,2,2.7,12,577.8,0
2020-07-16 16:56:14,5,51,24.8,63,19.2,1019.3,1024.2,2.4,3.4,10,577.8,0
2020-07-16 17:01:14,5,50,24.7,64,19.1,1019.2,1024.1,2,3.4,10,577.8,0
2020-07-16 17:06:14,5,50,24.7,64,19.1,1019.5,1024.4,1.4,2,10,577.8,0
2020-07-16 17:11:14,5,51,24.6,64,19.1,1019.3,1024.2,1,1.7,12,577.8,0
2020-07-16 17:16:14,5,51,24.5,68,18.9,1019.4,1024.3,2.4,3.4,10,577.8,0
2020-07-16 17:21:14,5,51,24.5,70,18.6,1019.3,1024.2,1.4,2,10,577.8,0
2020-07-16 17:26:14,5,52,24.5,71,18.4,1019.1,1024,2.4,3.4,13,577.8,0
2020-07-16 17:31:14,5,52,24.5,71,18.2,1019.1,1024,1.7,2.4,10,577.8,0
2020-07-16 17:36:14,5,52,24.5,72,18.1,1019.2,1024.1,1.7,2.7,14,577.8,0
2020-07-16 17:41:14,5,52,24.5,73,18,1019,1023.9,1.4,2,10,577.8,0
2020-07-16 17:46:14,5,52,24.5,74,17.9,1019,1023.9,2,2.7,12,577.8,0
2020-07-16 17:51:14,5,52,24.4,74,18,1019,1023.9,0.7,1.4,12,577.8,0
2020-07-16 17:56:14,5,52,24.4,75,18.1,1018.9,1023.8,1.4,1.7,10,577.8,0
2020-07-16 18:01:14,5,52,24.3,75,18.2,1019.1,1024,1.7,2,12,577.8,0
2020-07-16 18:06:14,5,52,24.3,76,18,1019,1023.9,2.7,3.4,12,577.8,0
2020-07-16 18:11:14,5,53,24.3,76,17.7,1019,1023.9,3.4,4.4,14,577.8,0
2020-07-16 18:16:14,5,53,24.2,81,17.4,1018.9,1023.8,1.4,2,12,577.8,0
2020-07-16 18:21:14,5,53,24.2,78,17.5,1018.9,1023.8,1,1.4,12,577.8,0
2020-07-16 18:26:14,5,53,24.1,78,17.5,1018.8,1023.7,2.4,3.1,14,577.8,0
2020-07-16 18:31:14,5,53,24.1,81,17.3,1018.9,1023.8,1.7,2.4,12,577.8,0
2020-07-16 18:36:14,5,54,24.1,82,17.1,1019.1,1024,2.4,2.7,12,577.8,0
2020-07-16 18:41:14,5,54,24.1,82,17,1019,1023.9,2,4.1,14,577.8,0
2020-07-16 18:46:14,5,54,24.1,82,16.8,1019.1,1024,2.4,3.4,14,577.8,0
2020-07-16 18:51:14,5,54,24.1,83,16.6,1019.1,1024,2.4,3.1,10,577.8,0
2020-07-16 18:56:14,5,54,24.1,84,16.5,1019.3,1024.2,2,2.7,12,577.8,0
2020-07-16 19:01:14,5,54,24.1,85,16.3,1019.2,1024.1,2,3.1,12,577.8,0
2020-07-16 19:06:14,5,54,24.1,86,16.2,1019.1,1024,1.4,2,9,577.8,0
2020-07-16 19:11:14,5,54,24,86,16.2,1019.2,1024.1,2,2.7,12,577.8,0
2020-07-16 19:16:14,5,54,24,86,16.2,1019.2,1024.1,1.4,2.4,14,577.8,0
2020-07-16 19:21:14,5,54,24,86,16.1,1019.2,1024.1,1.7,2,12,577.8,0
2020-07-16 19:26:14,5,55,23.9,86,16,1019.3,1024.2,2.4,2.7,14,577.8,0
2020-07-16 19:31:14,5,55,23.9,86,15.8,1019.3,1024.2,1.4,2,12,577.8,0
2020-07-16 19:36:14,5,55,23.9,86,15.5,1019.4,1024.3,2.4,3.4,10,577.8,0
2020-07-16 19:41:14,5,56,23.9,87,15.3,1019.4,1024.3,1.7,2.7,12,577.8,0
2020-07-16 19:46:14,5,56,23.9,87,15.1,1019.5,1024.4,2.4,3.1,10,577.8,0
2020-07-16 19:51:14,5,56,23.9,88,15,1019.4,1024.3,2,3.1,8,577.8,0
2020-07-16 19:56:14,5,55,24,89,14.9,1019.5,1024.4,1.7,2,12,577.8,0
2020-07-16 20:01:14,5,55,24,89,14.9,1019.3,1024.2,2.4,3.1,10,577.8,0
2020-07-16 20:06:14,5,55,24,90,14.9,1019.2,1024.1,1.4,1.7,12,577.8,0
2020-07-16 20:11:14,5,55,24,90,14.9,1019.3,1024.2,1.4,2,12,577.8,0
2020-07-16 20:16:14,5,55,24,90,14.8,1019.1,1024,1.4,1.7,10,577.8,0
2020-07-16 20:21:14,5,55,24,91,14.8,1019.1,1024,1.4,1.7,10,577.8,0
2020-07-16 20:26:14,5,55,24,91,14.8,1019.1,1024,1.4,2,10,577.8,0
2020-07-16 20:31:14,5,55,24,91,14.8,1019,1023.9,1,1.4,10,577.8,0
2020-07-16 20:36:14,5,55,24,91,14.8,1018.9,1023.8,1.4,1.7,12,577.8,0
2020-07-16 20:41:14,5,55,24,91,14.8,1018.9,1023.8,1,1.7,10,577.8,0
2020-07-16 20:46:14,5,55,24,92,14.8,1018.8,1023.7,1,2,14,577.8,0
2020-07-16 20:51:14,5,55,24,92,14.8,1018.9,1023.8,1.4,2,10,577.8,0
2020-07-16 20:56:14,5,55,24,92,14.8,1018.9,1023.8,1,1.4,12,577.8,0
2020-07-16 21:01:14,5,55,24,92,14.8,1018.9,1023.8,1.4,2.4,8,577.8,0
2020-07-16 21:06:14,5,56,24,92,14.8,1019,1023.9,1,1.7,,577.8,0
2020-07-16 21:11:14,5,56,24,92,14.8,1018.9,1023.8,1.4,2,10,577.8,0
2020-07-16 21:16:14,5,56,24,93,14.8,1018.9,1023.8,1.7,2.4,10,577.8,0
2020-07-16 21:21:14,5,57,23.9,93,14.8,1018.9,1023.8,1,1.7,8,577.8,0
2020-07-16 21:26:14,5,56,24,93,14.8,1018.9,1023.8,1,1.7,10,577.8,0
2020-07-16 21:31:14,5,56,24,93,14.8,1018.6,1023.5,2.4,3.4,10,577.8,0
2020-07-16 21:36:14,5,55,24,93,14.8,1018.6,1023.5,1.4,2.7,12,577.8,0
2020-07-16 21:41:14,5,55,24,94,14.8,1018.6,1023.5,2,3.4,10,577.8,0
2020-07-16 21:46:14,5,56,23.9,94,14.8,1018.7,1023.6,1.4,1.7,10,577.8,0
2020-07-16 21:51:14,5,56,23.9,94,14.8,1018.6,1023.5,1.7,2.7,12,577.8,0
2020-07-16 21:56:14,5,56,23.7,94,14.8,1018.7,1023.6,1,1.4,10,577.8,0
2020-07-16 22:01:14,5,56,23.7,94,14.9,1018.6,1023.5,1,1.4,8,577.8,0
2020-07-16 22:06:14,5,56,23.6,94,14.9,1018.6,1023.5,0.7,1,10,577.8,0
2020-07-16 22:11:14,5,56,23.5,94,14.9,1018.7,1023.6,1.4,2,14,577.8,0
2020-07-16 22:16:14,5,56,23.4,95,14.9,1018.7,1023.6,0.7,1.4,9,577.8,0
2020-07-16 22:21:14,5,56,23.4,95,14.9,1018.6,1023.5,1.7,2.4,12,577.8,0
2020-07-16 22:26:14,5,56,23.3,95,14.9,1018.5,1023.4,1,1.7,12,577.8,0
2020-07-16 22:31:14,5,56,23.2,95,14.9,1018.6,1023.5,1,1.4,12,577.8,0
2020-07-16 22:36:14,5,57,23.1,95,14.9,1018.5,1023.4,1,1.7,12,577.8,0
2020-07-16 22:41:14,5,57,23.1,95,14.9,1018.6,1023.5,1,1.4,12,577.8,0
2020-07-16 22:46:14,5,57,23,95,14.9,1018.5,1023.4,1,1.4,4,577.8,0
2020-07-16 22:51:14,5,57,23,95,14.9,1018.5,1023.4,1,1.4,10,577.8,0
2020-07-16 22:56:14,5,58,22.9,95,14.9,1018.4,1023.3,1,1.4,10,577.8,0
2020-07-16 23:01:14,5,58,22.8,95,14.9,1018.6,1023.5,1.4,2,12,577.8,0
2020-07-16 23:06:14,5,58,22.8,95,14.9,1018.3,1023.2,1.4,2,12,577.8,0
2020-07-16 23:11:14,5,58,22.8,95,14.9,1018.4,1023.3,1.4,2,14,577.8,0
2020-07-16 23:16:14,5,58,22.7,95,14.9,1018.4,1023.3,2.4,3.1,10,577.8,0
2020-07-16 23:21:14,5,58,22.7,96,14.9,1018.3,1023.2,1.4,2,12,577.8,0
2020-07-16 23:26:14,5,58,22.6,96,14.9,1018.2,1023.1,1.7,2.4,12,577.8,0
2020-07-16 23:31:15,5,58,22.6,96,15,1018.2,1023.1,1.4,2,12,577.8,0
2020-07-16 23:36:13,5,58,22.6,96,15,1018.2,1023.1,1,2.4,0,577.8,0
2020-07-16 23:41:13,5,58,22.5,96,15,1018.2,1023.1,2,2.7,0,577.8,0
2020-07-16 23:46:13,5,58,22.5,96,15,1018.2,1023.1,1.4,2,10,577.8,0
2020-07-16 23:51:13,5,58,22.5,96,15,1018.1,1023,1,1.7,8,577.8,0
2020-07-16 23:56:13,5,58,22.5,96,15,1017.9,1022.8,1,1.7,10,577.8,0
