2020-07-05 00:02:17,5,60,22.1,91,12.8,1001.5,1006.4,0,0,14,549.9,0
2020-07-05 00:07:17,5,59,22.2,91,12.7,1001.4,1006.3,0,0,14,549.9,0
2020-07-05 00:12:17,5,59,22.1,90,12.7,1001.8,1006.7,0,0.3,14,549.9,0
2020-07-05 00:18:17,6,59,22,89,12.7,1001.7,1006.6,1,1.4,10,549.9,0
2020-07-05 00:23:17,5,59,22,88,12.7,1001.8,1006.7,1.4,2,10,549.9,0
2020-07-05 00:28:17,5,59,22,88,12.6,1001.9,1006.8,1,2.4,14,549.9,0
2020-07-05 00:34:17,6,60,21.9,91,12.4,1002.1,1007,2.4,3.1,14,549.9,0
2020-07-05 00:39:17,5,60,21.9,91,12.3,1002,1006.9,2.4,3.1,14,549.9,0
2020-07-05 00:44:17,5,60,21.8,91,12.3,1002.1,1007,3.1,4.1,13,549.9,0
2020-07-05 00:50:17,6,60,21.8,91,12.3,1002.3,1007.2,2.4,3.7,14,549.9,0
2020-07-05 00:55:17,5,60,21.8,91,12.3,1002.4,1007.3,2,3.1,12,549.9,0
2020-07-05 01:00:17,5,60,21.7,91,12.3,1002.4,1007.3,3.1,3.7,10,549.9,0
2020-07-05 01:06:17,6,60,21.6,91,12.3,1002.4,1007.3,2,3.1,12,549.9,0
2020-07-05 01:11:17,5,60,21.6,91,12.2,1002.6,1007.5,2.7,3.4,12,549.9,0
2020-07-05 01:16:17,5,60,21.6,90,12.2,1002.9,1007.8,4.1,6.8,12,549.9,0
2020-07-05 01:22:17,6,59,21.6,89,12.2,1002.9,1007.8,2.7,4.8,14,549.9,0
2020-07-05 01:27:17,5,59,21.5,88,12.2,1002.9,1007.8,2,2.7,12,549.9,0
2020-07-05 01:32:17,5,59,21.5,87,12.2,1003,1007.9,3.1,4.8,12,549.9,0
2020-07-05 01:38:17,6,59,21.5,85,12.1,1003.1,1008,2.7,4.1,12,549.9,0
2020-07-05 01:43:17,5,59,21.5,84,12.1,1003.3,1008.2,3.7,5.4,14,549.9,0
2020-07-05 01:48:17,5,59,21.5,84,12.1,1003.2,1008.1,3.1,4.8,8,549.9,0
2020-07-05 01:54:17,6,59,21.5,82,12.1,1003.2,1008.1,4.4,5.1,14,549.9,0
2020-07-05 01:59:17,5,59,21.5,82,12.1,1003.2,1008.1,2.7,3.7,10,549.9,0
2020-07-05 02:04:17,5,59,21.5,81,12.1,1003.2,1008.1,4.4,6.1,12,549.9,0
2020-07-05 02:10:17,6,59,21.2,81,12.1,1003.4,1008.3,2.4,3.4,14,549.9,0
2020-07-05 02:15:17,5,59,21.2,81,12,1003.5,1008.4,2,2.7,12,549.9,0
2020-07-05 02:20:17,5,59,21.2,81,11.9,1003.4,1008.3,3.1,3.7,10,549.9,0
2020-07-05 02:26:17,6,58,21.2,81,11.8,1003.4,1008.3,2.7,3.7,12,549.9,0
2020-07-05 02:31:17,5,58,21.2,80,11.8,1003.4,1008.3,3.1,5.4,12,549.9,0
2020-07-05 02:36:17,5,58,21.2,81,11.7,1003.5,1008.4,1.7,2.4,10,549.9,0
2020-07-05 02:42:17,6,58,21.2,82,11.8,1003.5,1008.4,1.4,2.7,12,549.9,0
2020-07-05 02:47:17,5,58,21.2,82,11.8,1003.6,1008.5,2,2.7,14,549.9,0
2020-07-05 02:52:17,5,58,21.2,83,11.8,1003.8,1008.7,2.7,3.1,12,549.9,0
2020-07-05 02:57:17,5,58,21.2,82,11.9,1003.8,1008.7,2.7,4.1,12,549.9,0
2020-07-05 03:02:17,5,58,21.2,82,11.9,1003.8,1008.7,2.4,3.1,12,549.9,0
2020-07-05 03:07:17,5,58,21.2,81,11.9,1003.7,1008.6,4.4,5.8,14,549.9,0
2020-07-05 03:12:17,5,57,21.2,81,11.8,1003.9,1008.8,2.7,3.7,12,549.9,0
2020-07-05 03:18:17,6,57,21.2,81,11.7,1003.8,1008.7,4.4,5.8,14,549.9,0
2020-07-05 03:23:17,5,57,21.2,81,11.7,1003.9,1008.8,4.4,5.4,10,549.9,0
2020-07-05 03:28:17,5,57,21.2,80,11.7,1003.8,1008.7,3.4,4.4,12,549.9,0
2020-07-05 03:33:17,5,57,21.1,80,11.6,1003.8,1008.7,3.1,4.4,12,549.9,0
2020-07-05 03:38:17,5,57,21.1,80,11.6,1003.8,1008.7,2,3.1,13,549.9,0
2020-07-05 03:43:17,5,57,21.1,80,11.7,1003.9,1008.8,1.4,2.4,10,549.9,0
2020-07-05 03:48:17,5,56,21.1,80,11.7,1003.7,1008.6,2,2.7,14,549.9,0
2020-07-05 03:53:17,5,56,21.2,80,11.7,1003.7,1008.6,2,2.7,10,549.9,0
2020-07-05 03:58:17,5,56,21.1,80,11.8,1003.8,1008.7,2,3.1,12,549.9,0
2020-07-05 04:03:17,5,56,21.1,80,11.8,1003.6,1008.5,1.7,2.4,14,549.9,0
2020-07-05 04:08:17,5,56,21.1,81,11.9,1003.7,1008.6,2,2.7,10,549.9,0
2020-07-05 04:14:17,6,56,21.1,81,11.8,1003.8,1008.7,1.7,2.7,12,549.9,0
2020-07-05 04:19:17,5,56,21.1,81,11.8,1003.8,1008.7,2.4,3.4,12,549.9,0
2020-07-05 04:24:17,5,56,21.1,81,11.8,1003.8,1008.7,1.7,2.4,10,549.9,0
2020-07-05 04:30:17,6,56,21.1,82,11.8,1004,1008.9,2,2.7,12,549.9,0
2020-07-05 04:35:17,5,56,21,82,11.8,1004.1,1009,2,2.7,12,549.9,0
2020-07-05 04:40:17,5,56,21,82,11.8,1004,1008.9,2,3.7,10,549.9,0
2020-07-05 04:45:17,5,56,21,82,11.9,1003.9,1008.8,2,2.4,10,549.9,0
2020-07-05 04:50:17,5,56,21,82,12,1004.2,1009.1,2,2.4,12,549.9,0
2020-07-05 04:55:17,5,56,21.1,82,12,1004.1,1009,2.4,3.1,12,549.9,0
2020-07-05 05:00:17,5,56,21,82,12,1004.3,1009.2,1.7,2.4,10,549.9,0
2020-07-05 05:05:17,5,56,21,83,11.8,1004.1,1009,2.7,3.4,10,549.9,0
2020-07-05 05:10:17,5,56,21,84,11.8,1004.2,1009.1,2,2.7,8,549.9,0
2020-07-05 05:15:17,5,56,21,85,11.7,1004.2,1009.1,2.4,2.7,10,549.9,0
2020-07-05 05:20:17,5,56,21,85,11.7,1004.3,1009.2,1.7,2.4,4,550.2,0
2020-07-05 05:26:17,6,56,21,86,11.7,1004.1,1009,2.7,3.7,12,550.2,0
2020-07-05 05:31:17,5,56,21,85,11.9,1004.4,1009.3,2,2.7,14,550.2,0
2020-07-05 05:36:17,5,56,21,84,11.9,1004.7,1009.6,2.4,3.7,12,550.2,0
2020-07-05 05:41:17,5,56,21,84,12,1004.5,1009.4,2.7,3.4,10,550.2,0
2020-07-05 05:46:17,5,56,21,83,12.1,1004.5,1009.4,2,2.4,8,550.2,0
2020-07-05 05:51:17,5,56,21,83,12.1,1004.6,1009.5,2.4,3.4,12,550.2,0
2020-07-05 05:56:17,5,56,21,82,12.2,1004.5,1009.4,2.4,3.7,12,550.2,0
2020-07-05 06:01:17,5,55,21,80,12.6,1004.5,1009.4,2.4,3.4,10,550.2,0
2020-07-05 06:06:17,5,55,21,79,13,1004.7,1009.6,3.1,3.4,10,550.2,0
2020-07-05 06:11:17,5,55,21,77,12.8,1004.6,1009.5,1.7,2,10,550.2,0
2020-07-05 06:16:17,5,55,21,77,12.6,1004.6,1009.5,1.7,2.4,12,550.2,0
2020-07-05 06:21:17,5,55,21,78,12.6,1004.6,1009.5,2,3.7,12,550.2,0
2020-07-05 06:26:17,5,55,21.1,79,13,1004.6,1009.5,2,2.7,8,550.2,0
2020-07-05 06:31:17,5,55,21.1,79,13.1,1004.8,1009.7,2.7,3.1,12,550.2,0
2020-07-05 06:36:17,5,55,21,78,12.8,1004.8,1009.7,2,2.7,12,550.2,0
2020-07-05 06:41:17,5,55,21.1,78,13.3,1004.8,1009.7,2.4,3.4,14,550.2,0
2020-07-05 06:46:17,5,54,21.1,76,13.5,1004.7,1009.6,2.7,3.4,8,550.2,0
2020-07-05 06:51:17,5,54,21.2,75,13.5,1005,1009.9,1.7,2,12,550.2,0
2020-07-05 06:56:17,5,54,21.1,75,13.3,1004.9,1009.8,3.4,4.4,14,550.2,0
2020-07-05 07:02:17,6,54,21.1,75,13.7,1004.8,1009.7,2.7,3.7,14,550.2,0
2020-07-05 07:07:17,5,54,21.2,74,13.5,1004.9,1009.8,2.4,3.4,12,550.2,0
2020-07-05 07:12:17,5,54,21.2,74,13.3,1005,1009.9,2.4,3.4,14,550.2,0
2020-07-05 07:17:17,5,54,21.2,76,13.7,1005,1009.9,2.4,3.4,10,550.2,0
2020-07-05 07:22:17,5,54,21.2,75,13.8,1005.2,1010.1,2,3.1,14,550.2,0
2020-07-05 07:27:17,5,54,21.2,75,14,1004.9,1009.8,2.4,3.1,8,550.2,0
2020-07-05 07:32:17,5,54,21.2,75,14.2,1005.1,1010,1.4,1.7,,550.2,0
2020-07-05 07:37:17,5,54,21.2,73,13.7,1005.1,1010,3.4,4.4,10,550.2,0
2020-07-05 07:42:17,5,54,21.2,74,13.7,1005.3,1010.2,2.4,3.7,10,550.2,0
2020-07-05 07:47:17,5,54,21.1,74,14.1,1005.1,1010,3.4,4.4,8,550.2,0
2020-07-05 07:52:17,5,54,21.2,72,14.1,1005.1,1010,3.4,4.8,12,550.2,0
2020-07-05 07:58:17,6,53,21.2,73,14.3,1005,1009.9,2.4,3.1,10,550.2,0
2020-07-05 08:03:17,5,53,21.2,73,14,1005,1009.9,3.1,4.4,12,550.2,0
2020-07-05 08:08:17,5,53,21.2,74,13.6,1005.3,1010.2,2,2.7,12,550.2,0
2020-07-05 08:13:17,5,53,21.2,76,13.6,1005.4,1010.3,2.7,3.4,12,550.2,0
2020-07-05 08:18:17,5,53,21.2,75,13.7,1005.4,1010.3,3.1,4.1,12,550.2,0
2020-07-05 08:23:17,5,53,21.2,74,13.4,1005.5,1010.4,2.7,3.7,12,550.2,0
2020-07-05 08:28:17,5,53,21.2,75,13.2,1005.5,1010.4,3.4,3.7,14,550.2,0
2020-07-05 08:33:17,5,53,21.5,76,13.5,1005.4,1010.3,2,3.1,10,550.2,0
2020-07-05 08:38:17,5,53,21.5,76,13.9,1005.4,1010.3,2.7,3.7,12,550.2,0
2020-07-05 08:43:17,5,53,21.4,75,14.1,1005.4,1010.3,3.1,4.4,12,550.2,0
2020-07-05 08:48:17,5,53,21.5,75,14.4,1005.1,1010,3.4,4.1,12,550.2,0
2020-07-05 08:53:17,5,53,21.4,74,14.5,1005.2,1010.1,2.7,3.4,8,550.2,0
2020-07-05 08:58:17,5,53,21.4,74,14.2,1005.2,1010.1,3.1,4.4,14,550.2,0
2020-07-05 09:03:17,5,53,21.5,74,14.3,1005.2,1010.1,3.1,4.1,10,550.2,0
2020-07-05 09:08:17,5,53,21.4,73,14.5,1005.5,1010.4,3.4,4.8,10,550.2,0
2020-07-05 09:13:17,5,53,21.5,72,13.8,1005.2,1010.1,3.7,4.8,12,550.2,0
2020-07-05 09:18:17,5,52,21.5,74,13,1005.5,1010.4,4.4,6.5,8,550.2,0
2020-07-05 09:23:17,5,52,21.5,78,12.6,1005.7,1010.6,3.1,4.4,10,550.2,0
2020-07-05 09:28:17,5,52,21.5,80,12.9,1005.6,1010.5,3.1,4.1,8,550.2,0
2020-07-05 09:33:17,5,53,21.5,81,13.3,1005.5,1010.4,2,3.1,11,550.2,0
2020-07-05 09:38:17,5,53,21.5,80,13.9,1005.8,1010.7,3.1,4.1,10,550.2,0
2020-07-05 09:43:17,5,53,21.5,78,14.2,1005.8,1010.7,4.4,5.1,14,550.2,0
2020-07-05 09:48:17,5,53,21.4,75,14.2,1005.8,1010.7,3.1,4.4,12,550.2,0
2020-07-05 09:53:17,5,52,21.5,72,14.1,1005.8,1010.7,4.4,7.1,12,550.2,0
2020-07-05 09:58:17,5,52,21.5,73,14.5,1005.8,1010.7,2.7,3.7,10,550.2,0
2020-07-05 10:03:17,5,52,21.5,71,14.1,1005.8,1010.7,4.1,4.4,8,550.2,0
2020-07-05 10:08:17,5,52,21.5,71,13.6,1006,1010.9,3.1,3.7,10,550.2,0
2020-07-05 10:13:17,5,52,21.5,72,13.9,1005.9,1010.8,4.8,6.1,12,550.5,0
2020-07-05 10:18:17,5,52,21.5,71,14.2,1005.9,1010.8,4.4,6.8,12,550.5,0
2020-07-05 10:23:17,5,51,21.4,70,13.9,1005.7,1010.6,3.4,4.8,14,550.5,0
2020-07-05 10:28:17,5,51,21.5,71,14.3,1006,1010.9,4.8,5.8,10,550.5,0
2020-07-05 10:33:17,5,51,21.5,70,14.4,1006.1,1011,4.1,5.1,8,550.5,0
2020-07-05 10:38:17,5,51,21.5,70,14.6,1006,1010.9,4.1,6.5,10,550.5,0
2020-07-05 10:43:17,5,51,21.6,67,14.5,1006,1010.9,4.4,6.1,12,550.5,0
2020-07-05 10:48:17,5,50,21.6,66,14.4,1006.1,1011,5.4,8.5,12,550.5,0
2020-07-05 10:53:17,5,50,21.6,67,14.9,1006,1010.9,3.7,4.4,12,550.5,0
2020-07-05 10:58:17,5,50,21.6,64,14.3,1006,1010.9,5.1,6.8,15,550.5,0
2020-07-05 11:03:17,5,50,21.6,66,14.4,1006.1,1011,5.4,7.5,9,550.5,0
2020-07-05 11:08:17,5,50,21.6,67,14.6,1006,1010.9,2.7,3.7,12,550.5,0
2020-07-05 11:13:17,5,50,21.6,65,14.6,1006.1,1011,4.8,6.8,13,550.5,0
2020-07-05 11:18:17,5,50,21.6,65,14.3,1006.1,1011,3.7,5.1,12,550.5,0
2020-07-05 11:23:17,5,50,21.7,67,14.9,1006.2,1011.1,3.4,5.4,10,550.5,0
2020-07-05 11:28:17,5,50,21.8,64,14.6,1006.2,1011.1,4.1,5.8,10,550.5,0
2020-07-05 11:33:17,5,50,21.8,65,14.6,1006.3,1011.2,3.7,5.1,10,550.5,0
2020-07-05 11:38:17,5,51,21.9,66,14.6,1006.4,1011.3,3.1,4.1,10,550.5,0
2020-07-05 11:43:17,5,50,22,66,14.4,1006.2,1011.1,3.1,3.7,10,550.5,0
2020-07-05 11:48:17,5,50,22.1,67,14.6,1006.3,1011.2,3.4,4.8,12,550.5,0
2020-07-05 11:53:17,5,50,22.2,67,14.2,1006.5,1011.4,5.4,6.8,10,550.5,0
2020-07-05 11:58:17,5,49,22.2,71,13.5,1006.3,1011.2,3.4,4.4,10,550.5,0
2020-07-05 12:03:17,5,48,22.3,73,14.2,1006.3,1011.2,2.4,3.4,14,550.5,0
2020-07-05 12:08:17,5,48,22.3,70,14.5,1006.1,1011,3.7,4.8,12,550.5,0
2020-07-05 12:13:17,5,48,22.3,67,14.5,1006.2,1011.1,3.1,4.4,0,550.5,0
2020-07-05 12:18:17,5,48,22.3,70,13.7,1006.2,1011.1,3.1,5.1,10,550.5,0
2020-07-05 12:23:17,5,48,22.3,72,13.9,1006.1,1011,4.1,5.8,12,550.5,0
2020-07-05 12:28:17,5,48,22.2,71,14.1,1006.2,1011.1,4.1,5.4,12,550.5,0
2020-07-05 12:33:17,5,47,22.2,70,14.1,1006,1010.9,5.1,8.2,14,550.5,0
2020-07-05 12:38:17,5,47,22.2,70,14.4,1006.1,1011,5.8,8.8,14,550.5,0
2020-07-05 12:43:17,5,47,22.2,70,14.3,1006.4,1011.3,4.8,5.8,2,550.5,0
2020-07-05 12:48:17,5,47,22.2,70,14.2,1006.2,1011.1,4.4,5.4,,550.5,0
2020-07-05 12:53:17,5,47,22.2,70,14.3,1006.3,1011.2,3.4,5.1,0,550.5,0
2020-07-05 12:58:17,5,48,22.2,70,14.4,1006.2,1011.1,3.1,4.1,12,550.5,0
2020-07-05 13:03:17,5,48,22.2,69,14.3,1006.2,1011.1,3.7,5.4,10,550.5,0
2020-07-05 13:08:17,5,48,22.2,70,14.3,1006.2,1011.1,3.7,5.1,8,550.5,0
2020-07-05 13:13:17,5,48,22.2,71,14.2,1006.4,1011.3,3.1,4.1,,550.5,0
2020-07-05 13:18:17,5,48,22.2,71,14.3,1006.4,1011.3,5.8,7.1,12,550.5,0
2020-07-05 13:23:17,5,48,22.2,70,14.4,1006.4,1011.3,3.7,4.4,8,550.5,0
2020-07-05 13:28:17,5,48,22.3,71,14.5,1006.3,1011.2,3.4,5.1,0,550.5,0
2020-07-05 13:33:17,5,48,22.3,70,14.4,1006.3,1011.2,4.1,5.4,12,550.5,0
2020-07-05 13:38:17,5,48,22.3,71,14.7,1006.3,1011.2,4.1,4.8,,550.5,0
2020-07-05 13:43:17,5,48,22.3,71,14.9,1006.4,1011.3,4.8,6.5,12,550.5,0
2020-07-05 13:48:17,5,48,22.4,71,14.9,1006.4,1011.3,4.1,5.1,,550.5,0
2020-07-05 13:53:17,5,48,22.4,71,14.7,1006.5,1011.4,6.1,7.5,14,550.5,0
2020-07-05 13:58:17,5,48,22.4,71,14.4,1006.4,1011.3,4.4,5.4,10,550.5,0
2020-07-05 14:03:17,5,48,22.5,71,14.6,1006.4,1011.3,4.1,4.4,10,550.5,0
2020-07-05 14:08:17,5,48,22.5,71,14.7,1006.6,1011.5,3.4,4.1,14,550.5,0
2020-07-05 14:13:17,5,48,22.5,72,14.4,1006.6,1011.5,5.1,7.1,12,550.5,0
2020-07-05 14:18:17,5,48,22.5,73,14.2,1006.6,1011.5,4.1,5.1,10,550.5,0
2020-07-05 14:23:17,5,48,22.5,73,14.7,1006.7,1011.6,3.4,4.4,14,550.5,0
2020-07-05 14:28:17,5,48,22.5,73,15.1,1006.6,1011.5,5.4,7.1,12,550.5,0
2020-07-05 14:33:17,5,48,22.5,72,15,1006.9,1011.8,4.1,5.1,10,550.5,0
2020-07-05 14:38:17,5,48,22.5,72,14.9,1007,1011.9,4.1,4.8,10,550.5,0
2020-07-05 14:43:17,5,49,22.6,73,15.2,1006.9,1011.8,4.1,5.4,12,550.5,0
2020-07-05 14:48:17,5,49,22.8,72,15,1007.2,1012.1,3.4,4.4,12,550.5,0
2020-07-05 14:53:17,5,49,22.8,72,15,1007.1,1012,3.1,5.1,10,550.5,0
2020-07-05 14:58:17,5,49,22.9,72,15.1,1006.9,1011.8,6.1,10.5,12,550.5,0
2020-07-05 15:03:17,5,49,22.9,73,15.3,1007.1,1012,3.4,4.1,10,550.5,0
2020-07-05 15:08:17,5,49,23,72,15.3,1007.3,1012.2,3.4,4.1,12,550.5,0
2020-07-05 15:13:17,5,49,23.1,72,15.3,1007.4,1012.3,5.1,6.5,10,550.5,0
2020-07-05 15:18:17,5,49,23.2,72,15.2,1007.3,1012.2,2.7,3.7,10,550.5,0
2020-07-05 15:23:17,5,49,23.3,72,15.4,1007.3,1012.2,5.4,7.5,10,550.5,0
2020-07-05 15:28:17,5,49,23.3,71,15.2,1007.4,1012.3,4.1,5.1,12,550.5,0
2020-07-05 15:33:17,5,48,23.4,71,15.2,1007.6,1012.5,4.1,4.8,12,550.5,0
2020-07-05 15:38:17,5,48,23.4,70,14.9,1007.7,1012.6,4.8,5.4,12,550.5,0
2020-07-05 15:43:17,5,48,23.4,71,14.6,1007.9,1012.8,5.4,7.5,12,550.5,0
2020-07-05 15:48:17,5,48,23.4,72,14.2,1007.7,1012.6,5.4,7.5,12,550.5,0
2020-07-05 15:53:17,5,48,23.4,74,14.5,1008,1012.9,4.1,5.4,12,550.5,0
2020-07-05 15:58:17,5,48,23.4,74,14.4,1007.9,1012.8,2.4,3.4,10,550.5,0
2020-07-05 16:03:17,5,48,23.3,75,14.1,1008.1,1013,4.4,7.5,10,550.5,0
2020-07-05 16:08:17,5,48,23.3,77,14.1,1008,1012.9,3.7,5.1,10,550.5,0
2020-07-05 16:13:17,5,48,23.2,76,14.2,1008.2,1013.1,3.4,4.4,12,550.5,0
2020-07-05 16:18:17,5,48,23.2,75,14.5,1008.3,1013.2,4.4,7.1,12,550.5,0
2020-07-05 16:23:17,5,48,23.3,73,14.5,1008.3,1013.2,3.1,4.4,12,550.5,0
2020-07-05 16:28:17,5,48,23.3,72,14.5,1008.5,1013.4,3.7,6.1,12,550.5,0
2020-07-05 16:33:17,5,48,23.2,72,14.3,1008.3,1013.2,2,3.1,14,550.5,0
2020-07-05 16:38:17,5,48,23.2,75,14.1,1008.5,1013.4,3.7,5.4,10,550.5,0
2020-07-05 16:43:17,5,48,23.2,77,13.9,1008.4,1013.3,2.7,3.7,10,550.5,0
2020-07-05 16:48:17,5,48,23.2,78,14,1008.7,1013.6,4.8,6.1,12,550.5,0
2020-07-05 16:53:17,5,48,23.1,78,14.2,1008.7,1013.6,3.4,4.8,12,550.5,0
2020-07-05 16:58:17,5,48,23.1,78,14.5,1008.8,1013.7,2.7,3.7,12,550.5,0
2020-07-05 17:03:17,5,48,23.1,76,14.4,1008.9,1013.8,4.4,5.1,14,550.5,0
2020-07-05 17:08:17,5,48,23.1,76,14.2,1008.9,1013.8,4.1,5.8,12,550.5,0
2020-07-05 17:13:17,5,48,23.1,76,14.2,1009.1,1014,2.7,3.7,10,550.5,0
2020-07-05 17:18:17,5,48,23.1,76,14.7,1009.1,1014,2.7,4.8,12,550.5,0
2020-07-05 17:23:17,5,48,23.1,73,14.7,1009,1013.9,4.1,5.8,13,550.5,0
2020-07-05 17:28:17,5,48,23.2,71,14.9,1008.9,1013.8,5.1,7.1,12,550.5,0
2020-07-05 17:33:17,5,48,23.2,70,15.3,1009.2,1014.1,2.4,3.4,10,550.5,0
2020-07-05 17:38:17,5,48,23.2,70,15.7,1009.2,1014.1,2,2.7,12,550.5,0
2020-07-05 17:43:17,5,48,23.3,70,15.6,1009.3,1014.2,3.1,4.1,12,550.5,0
2020-07-05 17:48:17,5,48,23.4,70,15.5,1009.3,1014.2,4.4,6.8,12,550.5,0
2020-07-05 17:53:17,5,46,23.5,68,15.1,1009.5,1014.4,4.8,6.5,12,550.5,0
2020-07-05 17:58:17,5,47,23.5,69,14.8,1009.6,1014.5,4.1,5.8,12,550.5,0
2020-07-05 18:03:17,5,47,23.6,70,14.4,1009.7,1014.6,3.7,6.5,14,550.5,0
2020-07-05 18:08:17,5,47,23.6,71,14.3,1010,1014.9,3.4,4.4,12,550.5,0
2020-07-05 18:13:17,5,47,23.7,72,14.1,1009.7,1014.6,3.1,4.4,12,550.5,0
2020-07-05 18:18:17,5,47,23.7,71,14,1009.9,1014.8,5.1,7.8,12,550.5,0
2020-07-05 18:23:17,5,47,23.7,71,14.2,1009.7,1014.6,2.4,3.7,14,550.5,0
2020-07-05 18:28:17,5,47,23.6,71,14.6,1010.1,1015,2.7,3.4,14,550.5,0
2020-07-05 18:33:17,5,48,23.9,70,14.4,1010,1014.9,1.7,2.4,12,550.5,0
2020-07-05 18:38:17,5,47,24.3,71,14.4,1010.1,1015,2.7,4.4,12,550.5,0
2020-07-05 18:43:17,5,46,24.3,71,14.2,1010.2,1015.1,2,2.7,12,550.5,0
2020-07-05 18:48:17,5,46,24.3,72,14,1010.3,1015.2,4.1,6.1,12,550.5,0
2020-07-05 18:53:17,5,46,24.2,72,13.9,1010.4,1015.3,4.8,6.5,14,550.5,0
2020-07-05 18:58:17,5,46,24.1,72,13.9,1010.3,1015.2,2,2.7,12,550.5,0
2020-07-05 19:03:17,5,47,23.9,73,14,1010.4,1015.3,3.1,4.1,10,550.5,0
2020-07-05 19:08:17,5,47,23.9,73,13.8,1010.6,1015.5,2.7,3.7,10,550.5,0
2020-07-05 19:13:17,5,47,23.7,74,13.7,1010.7,1015.6,4.1,7.1,10,550.5,0
2020-07-05 19:18:17,5,47,23.7,74,13.6,1010.8,1015.7,4.1,5.1,12,550.5,0
2020-07-05 19:23:17,5,47,23.5,74,13.5,1010.9,1015.8,2.7,4.1,14,550.5,0
2020-07-05 19:28:17,5,47,23.5,75,13.5,1011,1015.9,2.4,3.1,10,550.5,0
2020-07-05 19:33:17,5,47,23.3,75,13.4,1011.2,1016.1,2.7,3.4,10,550.5,0
2020-07-05 19:38:17,5,47,23.3,76,13.5,1011.2,1016.1,2,2.7,10,550.5,0
2020-07-05 19:43:17,5,47,23.3,75,13.6,1011.3,1016.2,2,2.7,10,550.5,0
2020-07-05 19:48:17,5,47,23.2,75,13.5,1011.3,1016.2,2.7,3.4,12,550.5,0
2020-07-05 19:53:17,5,47,23.1,75,13.5,1011.5,1016.4,2.7,3.7,12,550.5,0
2020-07-05 19:58:17,5,47,23.1,76,13.5,1011.6,1016.5,2.4,3.4,12,550.5,0
2020-07-05 20:03:17,5,48,23.1,76,13.7,1011.6,1016.5,2,3.1,15,550.5,0
2020-07-05 20:08:17,5,48,23,76,13.6,1011.8,1016.7,2.4,3.4,12,550.5,0
2020-07-05 20:13:17,5,48,23.1,77,13.2,1011.8,1016.7,3.1,4.4,12,550.5,0
2020-07-05 20:18:17,5,48,23,78,13,1011.9,1016.8,1.7,2.4,12,550.5,0
2020-07-05 20:23:17,5,48,23.1,80,12.8,1012.1,1017,3.4,4.4,12,550.5,0
2020-07-05 20:28:17,5,48,23.1,80,12.6,1012,1016.9,1.4,2,12,550.5,0
2020-07-05 20:33:17,5,49,23.1,84,12.4,1012,1016.9,2.4,3.1,12,550.5,0
2020-07-05 20:38:17,5,49,23.1,84,12.3,1012.2,1017.1,2.4,4.1,12,550.5,0
2020-07-05 20:43:17,5,49,23.1,84,12.3,1012.3,1017.2,1.4,1.7,12,550.5,0
2020-07-05 20:48:16,5,49,23,85,12.3,1012.2,1017.1,1.7,2.4,12,550.5,0
2020-07-05 20:53:16,5,49,23.1,85,12.3,1012.2,1017.1,1.4,1.7,12,550.5,0
2020-07-05 20:58:16,5,49,23.1,86,12.3,1012.5,1017.4,1.7,2.4,12,550.5,0
2020-07-05 21:03:16,5,49,23,86,12.4,1012.6,1017.5,2,3.1,12,550.5,0
2020-07-05 21:08:16,5,49,23.1,86,12.4,1012.8,1017.7,1.7,2.7,12,550.5,0
2020-07-05 21:13:16,5,50,23.1,86,12.3,1012.8,1017.7,2,3.1,12,550.5,0
2020-07-05 21:18:16,5,50,23,86,12.2,1012.7,1017.6,2,3.1,10,550.5,0
2020-07-05 21:23:16,5,50,23.1,86,12.1,1012.8,1017.7,1.4,1.7,12,550.5,0
2020-07-05 21:28:16,5,50,23.1,86,12,1013,1017.9,1.7,2.4,12,550.5,0
2020-07-05 21:33:16,5,50,23.1,86,11.9,1012.9,1017.8,2,3.1,12,550.5,0
2020-07-05 21:38:16,5,50,23,86,11.9,1013.1,1018,2.4,3.4,12,550.5,0
2020-07-05 21:43:16,5,50,23.1,86,11.8,1013.2,1018.1,1.7,2.4,10,550.5,0
2020-07-05 21:48:16,5,50,23,86,11.7,1013.3,1018.2,1.7,2.7,10,550.5,0
2020-07-05 21:53:16,5,50,23,87,11.7,1013,1017.9,2,3.4,10,550.5,0
2020-07-05 21:58:16,5,50,23,87,11.7,1013.3,1018.2,1.7,2.4,10,550.5,0
2020-07-05 22:03:16,5,50,23,87,11.7,1013.5,1018.4,1.7,2.4,12,550.5,0
2020-07-05 22:08:16,5,50,23,87,11.6,1013.6,1018.5,1.4,2.4,10,550.5,0
2020-07-05 22:13:16,5,50,23,87,11.6,1013.6,1018.5,1.7,2,12,550.5,0
2020-07-05 22:18:16,5,50,23,87,11.6,1013.6,1018.5,2.4,3.4,12,550.5,0
2020-07-05 22:23:16,5,50,23,87,11.7,1013.6,1018.5,1.7,2.7,12,550.5,0
2020-07-05 22:28:16,5,50,23,87,11.8,1013.8,1018.7,2.4,3.1,12,550.5,0
2020-07-05 22:33:16,5,50,22.9,86,11.9,1013.8,1018.7,1.7,2.4,12,550.5,0
2020-07-05 22:38:16,5,50,22.9,86,11.9,1013.8,1018.7,2.7,4.1,12,550.5,0
2020-07-05 22:43:16,5,50,22.8,85,12,1013.9,1018.8,1.7,2.7,12,550.5,0
2020-07-05 22:48:16,5,50,22.8,85,12,1013.8,1018.7,1.7,2,12,550.5,0
2020-07-05 22:53:16,5,49,22.7,85,12,1014,1018.9,2,3.1,10,550.5,0
2020-07-05 22:58:16,5,49,22.6,85,12,1014.1,1019,2.7,3.7,12,550.5,0
2020-07-05 23:03:16,5,49,22.6,85,11.9,1014.2,1019.1,2.4,3.1,12,550.5,0
2020-07-05 23:08:16,5,49,22.5,85,11.9,1014.3,1019.2,2,2.7,12,550.5,0
2020-07-05 23:13:16,5,49,22.4,85,11.9,1014.4,1019.3,2.4,3.1,12,550.5,0
2020-07-05 23:18:16,5,49,22.3,85,11.9,1014.6,1019.5,2.4,2.7,14,550.5,0
2020-07-05 23:23:16,5,49,22.2,85,11.9,1014.4,1019.3,2,2.7,10,550.5,0
2020-07-05 23:28:16,5,49,22.1,86,12,1014.6,1019.5,2.7,3.4,12,550.5,0
2020-07-05 23:33:16,5,49,22.1,86,12.1,1014.6,1019.5,2.7,3.4,12,550.5,0
2020-07-05 23:38:16,5,49,22,86,12.1,1014.6,1019.5,2.7,3.7,10,550.5,0
2020-07-05 23:43:16,5,49,22,85,12.1,1014.7,1019.6,2.4,3.1,12,550.5,0
2020-07-05 23:48:16,5,50,21.9,85,12,1014.8,1019.7,2.4,3.4,12,550.5,0
2020-07-05 23:53:16,5,50,21.8,85,11.9,1014.7,1019.6,3.1,4.4,2,550.5,0
2020-07-05 23:58:16,5,50,21.8,85,11.8,1014.7,1019.6,3.1,4.1,12,550.5,0
