2022-09-02 00:04:54,5,53,21.8,82,12.5,1017.1,1022,1,1.4,4,17.1,0
2022-09-02 00:09:54,5,53,21.8,84,12.3,1017.1,1022,0,0,4,17.1,0
2022-09-02 00:14:54,5,53,21.8,84,12.1,1017,1021.9,0,0.3,4,17.1,0
2022-09-02 00:19:54,5,53,21.7,84,12.1,1016.9,1021.8,0,0,4,17.1,0
2022-09-02 00:24:54,5,53,21.7,85,12.1,1016.9,1021.8,0.7,1,4,17.1,0
2022-09-02 00:29:54,5,53,21.7,86,12.2,1017,1021.9,0.7,1,4,17.1,0
2022-09-02 00:34:54,5,53,21.6,85,12.1,1016.9,1021.8,0,0,,17.1,0
2022-09-02 00:39:54,5,53,21.5,85,11.8,1016.8,1021.7,0.3,0.7,8,17.1,0
2022-09-02 00:44:54,5,53,21.6,85,11.7,1016.9,1021.8,0.3,0.7,8,17.1,0
2022-09-02 00:49:54,5,53,21.5,86,11.6,1016.7,1021.6,0,0,,17.1,0
2022-09-02 00:54:54,5,53,21.5,86,11.6,1016.7,1021.6,0,0,,17.1,0
2022-09-02 00:59:54,5,53,21.5,86,11.4,1016.7,1021.6,0,0,,17.1,0
2022-09-02 01:04:54,5,53,21.5,86,11.1,1016.8,1021.7,0,0,10,17.1,0
2022-09-02 01:09:54,5,53,21.5,86,10.8,1016.6,1021.5,0,0,10,17.1,0
2022-09-02 01:14:54,5,53,21.5,86,10.4,1016.7,1021.6,0,0,10,17.1,0
2022-09-02 01:19:54,5,53,21.5,86,10.1,1016.7,1021.6,0,0,10,17.1,0
2022-09-02 01:24:54,5,53,21.5,86,10,1016.5,1021.4,0,0,8,17.1,0
2022-09-02 01:29:54,5,53,21.5,88,10.2,1016.5,1021.4,0,0,8,17.1,0
2022-09-02 01:34:54,5,53,21.5,90,10.3,1016.5,1021.4,0,0,8,17.1,0
2022-09-02 01:39:54,5,53,21.4,90,10.1,1016.3,1021.2,0,0,8,17.1,0
2022-09-02 01:44:54,5,53,21.4,90,10.1,1016.4,1021.3,0,0,8,17.1,0
2022-09-02 01:49:54,5,53,21.4,90,10,1016.3,1021.2,0,0,8,17.1,0
2022-09-02 01:54:54,5,53,21.4,91,9.9,1016.4,1021.3,0,0,8,17.1,0
2022-09-02 01:59:54,5,53,21.4,91,9.6,1016.4,1021.3,0,0,8,17.1,0
2022-09-02 02:04:54,5,53,21.4,91,9.6,1016.2,1021.1,0,0,8,17.1,0
2022-09-02 02:09:54,5,53,21.4,92,10.2,1016.1,1021,0,0,4,17.1,0
2022-09-02 02:14:54,5,53,21.4,93,10.8,1016.1,1021,0,0,4,17.1,0
2022-09-02 02:19:54,5,53,21.4,93,10.8,1016,1020.9,0,0,,17.1,0
2022-09-02 02:24:54,5,53,21.4,94,11.1,1016,1020.9,0,0,8,17.1,0
2022-09-02 02:29:54,5,53,21.4,94,11.3,1016,1020.9,0,0,4,17.1,0
2022-09-02 02:34:54,5,53,21.4,94,11.4,1015.9,1020.8,0,0,,17.1,0
2022-09-02 02:39:54,5,53,21.2,94,11.2,1015.9,1020.8,0,0,4,17.1,0
2022-09-02 02:44:54,5,53,21.2,94,11.2,1015.9,1020.8,0,0,4,17.1,0
2022-09-02 02:49:54,5,53,21.2,94,11.2,1015.8,1020.7,0,0,,17.1,0
2022-09-02 02:54:54,5,53,21.2,93,11,1015.7,1020.6,0,0,,17.1,0
2022-09-02 02:59:54,5,53,21.2,93,10.9,1015.6,1020.5,0,0,10,17.1,0
2022-09-02 03:04:54,5,53,21.2,93,10.8,1015.7,1020.6,0,0,10,17.1,0
2022-09-02 03:09:54,5,53,21.2,93,10.6,1015.6,1020.5,0,0,10,17.1,0
2022-09-02 03:14:54,5,53,21.2,92,10.4,1015.4,1020.3,0,0,10,17.1,0
2022-09-02 03:19:54,5,53,21.2,92,10.1,1015.5,1020.4,0,0,10,17.1,0
2022-09-02 03:24:54,5,53,21.2,92,10,1015.3,1020.2,0,0,10,17.1,0
2022-09-02 03:29:54,5,53,21.2,92,9.8,1015.4,1020.3,0,0,10,17.1,0
2022-09-02 03:34:54,5,53,21.2,92,9.5,1015.4,1020.3,0,0,12,17.1,0
2022-09-02 03:39:54,5,53,21.2,92,9.2,1015.4,1020.3,0,0,12,17.1,0
2022-09-02 03:44:54,5,53,21.2,92,9.2,1015.3,1020.2,0,0,12,17.1,0
2022-09-02 03:49:54,5,53,21.2,92,9.2,1015.1,1020,0,0,12,17.1,0
2022-09-02 03:54:54,5,53,21.2,92,9.2,1015.2,1020.1,0,0,12,17.1,0
2022-09-02 03:59:54,5,53,21.2,93,9.3,1015.1,1020,0,0,12,17.1,0
2022-09-02 04:04:54,5,53,21.2,94,9.4,1015.1,1020,0,0,12,17.1,0
2022-09-02 04:09:54,5,53,21.2,94,9.3,1015,1019.9,0,0,12,17.1,0
2022-09-02 04:14:54,5,53,21.2,94,9,1014.9,1019.8,0,0,4,17.1,0
2022-09-02 04:19:54,5,53,21.2,94,9,1014.8,1019.7,0,0,4,17.1,0
2022-09-02 04:24:54,5,53,21.2,94,9,1014.8,1019.7,0,0,4,17.1,0
2022-09-02 04:29:54,5,53,21.2,94,8.9,1014.7,1019.6,0,0,4,17.1,0
2022-09-02 04:34:54,5,53,21.2,94,8.9,1014.7,1019.6,0,0,,17.1,0
2022-09-02 04:39:54,5,53,21.1,95,9,1014.7,1019.6,0,0,,17.1,0
2022-09-02 04:44:54,5,53,21.1,95,9,1014.6,1019.5,0,0,,17.1,0
2022-09-02 04:49:54,5,53,21.1,95,8.8,1014.6,1019.5,0,0,,17.1,0
2022-09-02 04:54:54,5,53,21.1,95,8.8,1014.5,1019.4,0,0,,17.1,0
2022-09-02 04:59:54,5,53,21.1,95,8.9,1014.3,1019.2,0,0,4,17.1,0
2022-09-02 05:04:54,5,53,21.1,96,9.2,1014.5,1019.4,0,0,,17.1,0
2022-09-02 05:09:54,5,53,21.1,96,9.2,1014.3,1019.2,0,0,4,17.1,0
2022-09-02 05:14:54,5,53,21.1,96,8.8,1014.3,1019.2,0,0,4,17.1,0
2022-09-02 05:19:54,5,53,21.1,96,8.9,1014.2,1019.1,0,0,4,17.1,0
2022-09-02 05:24:54,5,53,21.1,97,9.5,1014,1018.9,0,0,,17.1,0
2022-09-02 05:29:54,5,53,21.1,98,9.8,1014.2,1019.1,0,0,,17.1,0
2022-09-02 05:34:54,5,53,21.1,98,9.8,1014.2,1019.1,0,0,,17.1,0
2022-09-02 05:39:54,5,53,21.1,98,9.6,1014.2,1019.1,0,0,,17.1,0
2022-09-02 05:44:54,5,53,21.1,98,9.7,1014,1018.9,0,0,,17.1,0
2022-09-02 05:49:54,5,53,21,98,9.7,1014.1,1019,0,0,,17.1,0
2022-09-02 05:54:54,5,53,21,98,9.6,1014.1,1019,0,0,,17.1,0
2022-09-02 05:59:54,5,53,21,98,9.6,1014,1018.9,0,0,,17.1,0
2022-09-02 06:04:54,5,53,21,98,9.6,1014,1018.9,0,0,,17.1,0
2022-09-02 06:09:54,5,53,21,98,9.6,1013.9,1018.8,0,0,4,17.1,0
2022-09-02 06:14:54,5,53,21,98,9.6,1014.1,1019,0,0,,17.1,0
2022-09-02 06:19:54,5,53,21,98,9.6,1014,1018.9,0,0,,17.1,0
2022-09-02 06:24:54,5,53,21,98,9.6,1014.1,1019,0,0,,17.1,0
2022-09-02 06:29:54,5,53,21,98,9.6,1014,1018.9,0,0,,17.1,0
2022-09-02 06:34:54,5,53,21,98,9.6,1014,1018.9,0,0,,17.1,0
2022-09-02 06:39:54,5,53,21,98,9.8,1013.9,1018.8,0,0,14,17.1,0
2022-09-02 06:44:54,5,53,21,99,10.2,1013.8,1018.7,0,0,10,17.1,0
2022-09-02 06:49:54,5,53,21,99,10.4,1013.9,1018.8,0,0,10,17.1,0
2022-09-02 06:54:54,5,53,21,99,10.8,1013.8,1018.7,0,0,10,17.1,0
2022-09-02 06:59:54,5,53,21,99,11.1,1013.8,1018.7,0,0,10,17.1,0
2022-09-02 07:04:54,5,53,21,99,11.2,1013.9,1018.8,0,0,8,17.1,0
2022-09-02 07:09:54,5,53,21,99,11.5,1013.7,1018.6,0,0,10,17.1,0
2022-09-02 07:14:54,5,53,21,99,11.7,1013.8,1018.7,0,0,10,17.1,0
2022-09-02 07:19:54,5,53,21,99,11.9,1013.9,1018.8,0,0,10,17.1,0
2022-09-02 07:24:54,5,54,20.9,98,12.1,1014,1018.9,0,0,10,17.1,0
2022-09-02 07:29:54,5,54,21,97,12.3,1013.8,1018.7,0,0,10,17.1,0
2022-09-02 07:34:54,5,54,21.1,94,12.5,1013.8,1018.7,0,0,8,17.1,0
2022-09-02 07:39:54,5,54,21.1,93,12.6,1013.7,1018.6,0,0,10,17.1,0
2022-09-02 07:44:54,5,54,21.1,92,12.8,1013.8,1018.7,0,0,10,17.1,0
2022-09-02 07:49:54,5,54,21.1,92,12.9,1013.8,1018.7,0,0,10,17.1,0
2022-09-02 07:54:54,5,54,21.1,91,13,1013.5,1018.4,0,0,8,17.1,0
2022-09-02 07:59:54,5,54,21.1,91,13.3,1013.5,1018.4,0,0,8,17.1,0
2022-09-02 08:04:54,5,54,21.1,91,13.6,1013.4,1018.3,0,0,10,17.1,0
2022-09-02 08:09:54,5,54,21.1,90,13.9,1013.4,1018.3,0,0,10,17.1,0
2022-09-02 08:14:54,5,54,21.1,89,14.2,1013.3,1018.2,0,0,8,17.1,0
2022-09-02 08:19:54,5,54,21.2,87,14.8,1013.2,1018.1,0,0,,17.1,0
2022-09-02 08:24:54,5,55,21.2,86,14.9,1013.2,1018.1,0,0,8,17.1,0
2022-09-02 08:29:54,5,55,21.2,85,14.9,1013.1,1018,0,0,10,17.1,0
2022-09-02 08:34:54,5,55,21.2,84,14.8,1013.1,1018,0,0,10,17.1,0
2022-09-02 08:39:54,5,55,21.2,85,15.2,1013.1,1018,0,0,10,17.1,0
2022-09-02 08:44:54,5,55,21.2,85,15.7,1013.1,1018,0,0,10,17.1,0
2022-09-02 08:49:54,5,55,21.4,83,15.7,1013.1,1018,0,0,10,17.1,0
2022-09-02 08:54:54,5,55,21.4,82,15.9,1013.1,1018,0,0,10,17.1,0
2022-09-02 08:59:54,5,55,21.4,82,16,1013,1017.9,0,0,10,17.1,0
2022-09-02 09:04:54,5,55,21.4,81,16.1,1012.9,1017.8,0,0,8,17.1,0
2022-09-02 09:09:54,5,55,21.5,80,15.9,1012.9,1017.8,0,0,12,17.1,0
2022-09-02 09:14:54,5,55,21.5,80,16,1012.8,1017.7,0,0,8,17.1,0
2022-09-02 09:19:54,5,55,21.4,81,16.2,1012.7,1017.6,0,0,14,17.1,0
2022-09-02 09:24:54,5,55,21.4,80,16.2,1012.7,1017.6,0,0,10,17.1,0
2022-09-02 09:29:54,5,55,21.5,81,16.6,1012.7,1017.6,0,0,10,17.1,0
2022-09-02 09:34:54,5,55,21.5,81,17.2,1012.6,1017.5,0,0,10,17.1,0
2022-09-02 09:39:54,5,55,21.5,80,17.2,1012.4,1017.3,1,1.4,10,17.1,0
2022-09-02 09:44:54,5,55,21.6,79,17.2,1012.5,1017.4,1.4,1.7,8,17.1,0
2022-09-02 09:49:54,5,56,21.7,79,17,1012.5,1017.4,2.7,3.7,12,17.1,0
2022-09-02 09:54:54,5,56,21.8,79,16.9,1012.3,1017.2,1.4,1.7,10,17.1,0
2022-09-02 09:59:54,5,56,21.8,80,16.8,1012.2,1017.1,1.4,2,8,17.1,0
2022-09-02 10:04:54,5,56,21.8,80,16.8,1012.2,1017.1,1.4,1.7,8,17.1,0
2022-09-02 10:09:54,5,56,21.8,80,16.8,1012.1,1017,2,2.7,10,17.1,0
2022-09-02 10:14:54,5,56,21.9,80,16.6,1011.8,1016.7,1.4,2,12,17.1,0
2022-09-02 10:19:54,5,55,21.9,80,16.7,1012,1016.9,1,1.7,10,17.1,0
2022-09-02 10:24:54,5,54,22,80,16.9,1011.8,1016.7,2,3.1,8,17.1,0
2022-09-02 10:29:54,5,55,22,80,17,1011.6,1016.5,1.7,2.7,10,17.1,0
2022-09-02 10:34:54,5,55,22,80,17,1011.7,1016.6,3.1,3.7,8,17.1,0
2022-09-02 10:39:54,5,55,22,80,16.8,1011.7,1016.6,1,1.4,10,17.1,0
2022-09-02 10:44:54,5,55,22,80,16.8,1011.6,1016.5,1,1.4,10,17.1,0
2022-09-02 10:49:54,5,54,22,80,16.7,1011.5,1016.4,1.7,2.7,10,17.1,0
2022-09-02 10:54:54,5,55,22.1,80,16.6,1011.3,1016.2,1.4,2,10,17.1,0
2022-09-02 10:59:54,5,54,22,80,16.7,1011.5,1016.4,1,1.7,,17.1,0
2022-09-02 11:04:54,5,54,22,80,16.8,1011.2,1016.1,1.4,2,12,17.1,0
2022-09-02 11:09:54,5,55,22.1,80,17,1011.2,1016.1,1.4,1.7,12,17.1,0
2022-09-02 11:14:54,5,54,22.1,80,17.2,1011.1,1016,2,3.1,10,17.1,0
2022-09-02 11:19:54,5,54,22,77,17.4,1010.9,1015.8,1.7,2,10,17.1,0
2022-09-02 11:24:54,5,54,22,73,17.5,1010.8,1015.7,1.7,2.4,8,17.1,0
2022-09-02 11:29:54,5,54,22.1,73,17.7,1010.8,1015.7,1.4,1.7,10,17.1,0
2022-09-02 11:34:54,5,54,22.1,73,17.9,1010.7,1015.6,1,1.7,10,17.1,0
2022-09-02 11:39:54,5,54,22.1,72,17.8,1010.7,1015.6,0.7,1.4,10,17.1,0
2022-09-02 11:44:54,5,54,22.1,72,17.9,1010.6,1015.5,1.7,2,10,17.1,0
2022-09-02 11:49:54,5,54,22.1,71,18,1010.4,1015.3,2,2.4,12,17.1,0
2022-09-02 11:54:54,5,54,22.2,70,17.9,1010.3,1015.2,1.4,2.7,10,17.1,0
2022-09-02 11:59:54,5,54,22.2,70,18.1,1010.2,1015.1,2,2.7,10,17.1,0
2022-09-02 12:04:54,5,54,22.1,68,17.9,1010.2,1015.1,1.4,1.7,12,17.1,0
2022-09-02 12:09:54,5,53,22.1,69,18.1,1010.2,1015.1,1,1.4,8,17.1,0
2022-09-02 12:14:54,5,53,22.1,69,18.2,1010,1014.9,1.7,2.4,10,17.1,0
2022-09-02 12:19:54,5,54,22.1,67,18.1,1010,1014.9,1.4,2,8,17.1,0
2022-09-02 12:24:54,5,54,22.1,67,18.3,1010,1014.9,1.7,2.4,10,17.1,0
2022-09-02 12:29:54,5,54,22,67,18.3,1009.8,1014.7,1.4,2,0,17.1,0
2022-09-02 12:34:54,5,53,22.1,68,18.3,1009.7,1014.6,1.4,2,10,17.1,0
2022-09-02 12:39:54,5,53,22,65,18.3,1009.5,1014.4,3.1,4.4,10,17.1,0
2022-09-02 12:44:54,5,53,22.1,64,18.5,1009.7,1014.6,1.4,1.7,10,17.1,0
2022-09-02 12:49:54,5,53,22.1,63,18.7,1009.4,1014.3,1.7,2.4,8,17.1,0
2022-09-02 12:54:54,5,53,22.1,64,18.9,1009.4,1014.3,2,2.4,10,17.1,0
2022-09-02 12:59:54,5,53,22.1,63,18.9,1009.4,1014.3,2.7,4.1,10,17.1,0
2022-09-02 13:04:54,5,53,22.2,62,18.7,1009.3,1014.2,1.7,2.4,10,17.1,0
2022-09-02 13:09:54,5,52,22.3,62,18.7,1009.2,1014.1,2.4,3.1,,17.1,0
2022-09-02 13:14:54,5,52,22.3,62,18.7,1009.1,1014,1.4,2.4,10,17.1,0
2022-09-02 13:19:54,5,52,22.3,63,18.9,1009,1013.9,1.4,2,10,17.1,0
2022-09-02 13:24:54,5,52,22.4,63,18.6,1008.8,1013.7,0.7,1.7,10,17.1,0
2022-09-02 13:29:54,5,52,22.4,62,18.5,1008.8,1013.7,1.7,2.7,,17.1,0
2022-09-02 13:34:54,5,51,22.5,63,18.5,1008.8,1013.7,1.7,2.4,10,17.1,0
2022-09-02 13:39:54,5,51,22.5,64,18.3,1008.7,1013.6,1.7,2,,17.1,0
2022-09-02 13:44:54,5,51,22.5,65,18.2,1008.8,1013.7,0.7,1.4,8,17.1,0
2022-09-02 13:49:54,5,51,22.5,65,18.2,1008.6,1013.5,1,1.4,8,17.1,0
2022-09-02 13:54:54,5,51,22.5,66,18.4,1008.5,1013.4,1,1.4,10,17.1,0
2022-09-02 13:59:54,5,51,22.6,66,18.4,1008.3,1013.2,0.7,1,10,17.1,0
2022-09-02 14:04:54,5,51,22.6,66,18.7,1008.3,1013.2,1.7,2,2,17.1,0
2022-09-02 14:09:54,5,51,22.6,66,18.9,1008.3,1013.2,1,1.4,10,17.1,0
2022-09-02 14:14:54,5,51,22.6,64,18.8,1008.1,1013,0.7,1.4,10,17.1,0
2022-09-02 14:19:54,5,51,22.6,64,18.7,1008.1,1013,2,3.7,10,17.1,0
2022-09-02 14:24:54,5,51,22.6,65,18.6,1007.9,1012.8,0.7,1.4,8,17.1,0
2022-09-02 14:29:54,5,51,22.7,65,18.8,1007.8,1012.7,0.7,1,10,17.1,0
2022-09-02 14:34:54,5,51,22.7,64,18.8,1007.8,1012.7,1.7,2.4,10,17.1,0
2022-09-02 14:39:54,5,51,22.7,63,18.7,1007.9,1012.8,1.4,2,8,17.1,0
2022-09-02 14:44:54,5,51,22.7,63,18.7,1007.7,1012.6,0.7,1,10,17.1,0
2022-09-02 14:49:54,5,50,22.8,63,18.8,1007.6,1012.5,2,2.4,10,17.1,0
2022-09-02 14:54:54,5,50,22.8,63,18.7,1007.3,1012.2,1.4,2.4,4,17.1,0
2022-09-02 14:59:54,5,50,22.8,64,18.7,1007.4,1012.3,1,1.7,,17.1,0
2022-09-02 15:04:54,5,50,22.8,64,18.7,1007.3,1012.2,0.7,0.7,10,17.1,0
2022-09-02 15:09:54,5,50,22.7,64,18.5,1007.2,1012.1,1.7,2.7,8,17.1,0
2022-09-02 15:14:54,5,50,22.7,63,18.2,1007.2,1012.1,1.7,2.4,10,17.1,0
2022-09-02 15:19:54,5,50,22.6,65,18,1007.1,1012,1.7,2.7,8,17.1,0
2022-09-02 15:24:54,5,50,22.5,65,17.8,1006.9,1011.8,2,3.1,8,17.1,0
2022-09-02 15:29:54,5,50,22.4,66,17.7,1006.8,1011.7,1.4,2,8,17.1,0
2022-09-02 15:34:54,5,50,22.4,66,17.7,1006.8,1011.7,1.4,2.4,8,17.1,0
2022-09-02 15:39:54,5,50,22.4,66,17.7,1006.8,1011.7,1.4,2,8,17.1,0
2022-09-02 15:44:54,5,50,22.3,66,17.9,1006.7,1011.6,1.4,2.4,8,17.1,0
2022-09-02 15:49:54,5,50,22.2,65,18.2,1006.6,1011.5,2.4,3.7,8,17.1,0
2022-09-02 15:54:54,5,52,22.3,64,18.5,1006.6,1011.5,1.7,2,10,17.1,0
2022-09-02 15:59:54,5,53,22.2,63,18.5,1006.3,1011.2,1.7,3.1,8,17.1,0
2022-09-02 16:04:54,5,53,22.2,63,18.5,1006.3,1011.2,1,1.7,10,17.1,0
2022-09-02 16:09:54,5,52,22.1,64,18.5,1006.2,1011.1,2.4,3.4,10,17.1,0
2022-09-02 16:14:54,5,52,22.1,63,18.5,1006.1,1011,1.7,2.4,10,17.1,0
2022-09-02 16:19:54,5,52,22,61,18.4,1005.9,1010.8,2,2.4,10,17.1,0
2022-09-02 16:24:54,5,51,22,61,18.3,1005.8,1010.7,2,2.4,9,17.1,0
2022-09-02 16:29:54,5,51,22,61,18.2,1005.8,1010.7,1.4,1.7,14,17.1,0
2022-09-02 16:34:54,5,52,21.9,62,18.1,1005.6,1010.5,1,1.4,10,17.1,0
2022-09-02 16:39:54,5,51,21.9,63,18.2,1005.6,1010.5,2,2.7,10,17.1,0
2022-09-02 16:44:54,5,51,21.8,63,18.2,1005.3,1010.2,0.7,1,,17.1,0
2022-09-02 16:49:54,5,51,21.8,63,18.1,1005.2,1010.1,0.7,1,12,17.1,0
2022-09-02 16:54:54,5,51,21.8,64,18,1005.2,1010.1,1,1.7,10,17.1,0
2022-09-02 16:59:54,5,51,21.7,65,17.8,1005,1009.9,1,1.4,12,17.1,0
2022-09-02 17:04:54,5,51,21.7,65,17.7,1005,1009.9,0.7,1.4,10,17.1,0
2022-09-02 17:09:54,5,51,21.6,63,17.5,1005.1,1010,1,1.4,12,17.1,0
2022-09-02 17:14:54,5,51,21.6,69,17.4,1004.9,1009.8,0.3,0.7,8,17.1,0
2022-09-02 17:19:54,5,51,21.5,70,17.3,1004.8,1009.7,1,1.7,9,17.1,0
2022-09-02 17:24:54,5,51,21.5,70,17.3,1004.7,1009.6,1.4,1.7,8,17.1,0
2022-09-02 17:29:54,5,51,21.5,70,17.3,1004.7,1009.6,0.7,1.4,0,17.1,0
2022-09-02 17:34:54,5,51,21.5,71,17.2,1004.5,1009.4,0,0.3,10,17.1,0
2022-09-02 17:39:54,5,52,21.4,71,17.1,1004.4,1009.3,0.7,1,10,17.1,0
2022-09-02 17:44:54,5,52,21.4,72,17.1,1004.3,1009.2,0.7,1,10,17.1,0
2022-09-02 17:49:54,5,52,21.4,72,17,1004.4,1009.3,0.3,0.7,10,17.1,0
2022-09-02 17:54:54,5,52,21.4,72,17,1004.3,1009.2,0.7,1,10,17.1,0
2022-09-02 17:59:54,5,52,21.4,72,17,1004,1008.9,0.3,1,10,17.1,0
2022-09-02 18:04:54,5,53,21.4,72,17,1004.1,1009,1,1.7,2,17.1,0
2022-09-02 18:09:54,5,53,21.4,72,17,1003.9,1008.8,1,1.7,4,17.1,0
2022-09-02 18:14:54,5,53,21.4,72,17,1003.8,1008.7,1,1.4,4,17.1,0
2022-09-02 18:19:54,5,53,21.4,72,17,1003.7,1008.6,1,1.4,4,17.1,0
2022-09-02 18:24:54,5,53,21.4,72,16.9,1003.6,1008.5,0.3,0.7,4,17.1,0
2022-09-02 18:29:54,5,53,21.4,72,16.9,1003.5,1008.4,0.7,1.4,4,17.1,0
2022-09-02 18:34:54,5,54,21.4,72,16.8,1003.5,1008.4,1,1.7,4,17.1,0
2022-09-02 18:39:54,5,54,21.4,73,16.7,1003.4,1008.3,0,0.3,4,17.1,0
2022-09-02 18:44:54,5,55,21.4,73,16.6,1003.5,1008.4,0,0,10,17.1,0
2022-09-02 18:49:54,5,56,21.5,74,16.4,1003.4,1008.3,0.3,0.7,12,17.1,0
2022-09-02 18:54:54,5,56,21.5,76,16.2,1003.7,1008.6,1,1.4,10,17.1,0
2022-09-02 18:59:54,5,57,21.5,80,15.5,1003.8,1008.7,1.4,2,10,17.1,0
2022-09-02 19:04:54,5,58,21.5,82,15,1003.6,1008.5,2,2.4,8,17.1,0
2022-09-02 19:09:54,5,59,21.5,85,14.6,1003.3,1008.2,0.7,1,8,17.1,0
2022-09-02 19:14:54,5,59,21.5,87,14.5,1003.4,1008.3,1.4,1.7,10,17.1,0
2022-09-02 19:19:54,5,59,21.5,89,14.3,1003.4,1008.3,0.7,1.4,10,17.1,0
2022-09-02 19:24:54,5,59,21.5,90,14.3,1003.5,1008.4,0.7,1,8,17.1,0
2022-09-02 19:29:54,5,59,21.6,91,14.2,1003.3,1008.2,0.3,0.7,10,17.1,0
2022-09-02 19:34:54,5,59,21.6,92,14.2,1003.2,1008.1,0,0,8,17.4,0
2022-09-02 19:39:54,5,59,21.6,93,14.1,1003.2,1008.1,0,0,10,17.4,0
2022-09-02 19:44:54,5,60,21.5,93,14.1,1003.3,1008.2,0,0,,17.4,0
2022-09-02 19:49:54,5,60,21.6,94,14.1,1003.2,1008.1,0,0.3,,17.4,0
2022-09-02 19:54:54,5,60,21.6,94,14.1,1003.2,1008.1,0,0,4,17.4,0
2022-09-02 19:59:54,5,60,21.6,94,14,1003,1007.9,1,1.7,4,17.4,0
2022-09-02 20:04:54,5,60,21.6,94,14,1003,1007.9,0,0.3,8,17.4,0
2022-09-02 20:09:54,5,60,21.5,95,14,1002.9,1007.8,0.3,1,2,17.4,0
2022-09-02 20:14:54,5,60,21.6,95,14,1002.9,1007.8,0,0.3,12,17.4,0
2022-09-02 20:19:54,5,60,21.6,95,14,1002.9,1007.8,1,1.7,8,17.4,0
2022-09-02 20:24:54,5,60,21.6,95,14,1002.9,1007.8,0.7,1.4,10,17.4,0
2022-09-02 20:29:54,5,60,21.5,95,14,1003.2,1008.1,2,2.7,10,17.4,0
2022-09-02 20:34:54,5,60,21.5,94,13.6,1003.3,1008.2,1.7,2.4,,17.4,0
2022-09-02 20:39:54,5,61,21.6,93,12.9,1003.4,1008.3,0.7,1,12,17.4,0
2022-09-02 20:44:54,5,61,21.6,92,12.5,1003.4,1008.3,0.3,1,10,17.4,0
2022-09-02 20:49:54,5,61,21.6,94,12.3,1003.2,1008.1,0,0.7,14,17.4,0
2022-09-02 20:54:54,5,61,21.6,94,12.2,1003.3,1008.2,0.3,0.7,14,17.4,0
2022-09-02 20:59:54,5,62,21.6,95,12.2,1003.1,1008,0,0.3,10,17.4,0
2022-09-02 21:04:54,5,62,21.6,95,12.1,1003.3,1008.2,0,0.3,10,17.4,0
2022-09-02 21:09:54,5,62,21.6,95,12.1,1003.3,1008.2,0.3,0.7,8,17.7,0
2022-09-02 21:14:54,5,62,21.6,95,12.1,1003.2,1008.1,0,0.3,10,17.7,0
2022-09-02 21:19:54,5,62,21.6,96,12.1,1003.3,1008.2,0.7,1,10,17.7,0
2022-09-02 21:24:54,5,62,21.6,96,12,1003.2,1008.1,1,1.4,10,17.7,0
2022-09-02 21:29:54,5,62,21.7,96,11.8,1003.3,1008.2,1,2,8,17.7,0
2022-09-02 21:34:54,5,62,21.6,96,11.7,1003.2,1008.1,1,1.7,10,17.7,0
2022-09-02 21:39:54,5,62,21.6,96,11.5,1003.1,1008,1.4,2,10,17.7,0
2022-09-02 21:44:54,5,62,21.6,96,11.5,1003.1,1008,1,1.4,10,17.7,0
2022-09-02 21:49:54,5,62,21.6,96,11.5,1003.1,1008,1.7,2,10,17.7,0
2022-09-02 21:54:54,5,62,21.6,96,11.5,1003,1007.9,1.4,2,8,17.7,0
2022-09-02 21:59:54,5,62,21.6,97,11.5,1003.2,1008.1,1,1.7,8,17.7,0
2022-09-02 22:04:54,5,62,21.6,97,11.4,1003.1,1008,1,1.4,10,17.7,0
2022-09-02 22:09:54,5,62,21.6,97,11.3,1003.3,1008.2,1,1.7,10,17.7,0
2022-09-02 22:14:54,5,62,21.6,97,11.2,1003.2,1008.1,2.4,3.1,8,17.7,0
2022-09-02 22:19:55,5,62,21.6,96,11.2,1003.1,1008,1.4,2,10,17.7,0
2022-09-02 22:24:53,5,62,21.6,96,11.1,1003.2,1008.1,2,2.4,10,17.7,0
2022-09-02 22:29:53,5,62,21.6,96,11.1,1002.9,1007.8,1.7,2.7,10,17.7,0
2022-09-02 22:34:53,5,62,21.6,96,11.1,1003.2,1008.1,1.7,2,8,17.7,0
2022-09-02 22:39:53,5,62,21.6,96,11.1,1003.2,1008.1,1.7,2.4,10,17.7,0
2022-09-02 22:44:53,5,62,21.5,96,11,1003,1007.9,1.4,1.7,10,17.7,0
2022-09-02 22:49:53,5,62,21.5,96,11,1003.2,1008.1,1,1.7,10,17.7,0
2022-09-02 22:54:53,5,62,21.5,96,11,1002.9,1007.8,0.7,1,10,17.7,0
2022-09-02 22:59:53,5,62,21.5,96,11,1002.8,1007.7,0.7,1,10,17.7,0
2022-09-02 23:04:53,5,62,21.5,97,11,1003.1,1008,2,2.4,10,17.7,0
2022-09-02 23:09:53,5,62,21.5,97,11,1002.7,1007.6,1.4,2,8,17.7,0
2022-09-02 23:14:53,5,62,21.5,97,11.1,1002.9,1007.8,1.7,2,10,17.7,0
2022-09-02 23:19:53,5,62,21.5,97,11,1002.9,1007.8,0.7,1.4,8,17.7,0
2022-09-02 23:24:53,5,62,21.5,97,11,1003,1007.9,0.3,0.7,10,17.7,0
2022-09-02 23:29:53,5,62,21.5,97,11,1002.9,1007.8,0.3,0.7,10,17.7,0
2022-09-02 23:34:53,5,62,21.5,98,11,1002.9,1007.8,0,0.3,10,17.7,0
2022-09-02 23:39:53,5,62,21.5,98,11,1003,1007.9,0,0.3,10,17.7,0
2022-09-02 23:44:53,5,62,21.4,98,11,1003,1007.9,0,0,4,17.7,0
2022-09-02 23:49:53,5,62,21.4,98,11,1002.8,1007.7,0,0,14,17.7,0
2022-09-02 23:54:53,5,61,21.4,98,11,1002.9,1007.8,0,0,10,17.7,0
2022-09-02 23:59:53,5,61,21.4,98,11,1002.9,1007.8,0,0,8,17.7,0
