2017-02-17 00:02:42,5,59,19.8,77,6.8,1020.2,1025.1,0,0.3,2,595.8,0
2017-02-17 00:07:42,5,59,19.8,77,6.7,1020.3,1025.2,0.3,1,0,595.8,0
2017-02-17 00:12:42,5,59,19.8,77,6.7,1020.1,1025,0.3,1,2,595.8,0
2017-02-17 00:17:42,5,59,19.8,78,6.6,1020.2,1025.1,1,1.4,2,595.8,0
2017-02-17 00:22:42,5,59,19.8,78,6.6,1020.5,1025.4,0.7,1,2,595.8,0
2017-02-17 00:27:42,5,59,19.8,78,6.6,1020.2,1025.1,0,0.7,2,595.8,0
2017-02-17 00:32:42,5,59,19.8,78,6.6,1020.3,1025.2,0.3,0.7,14,595.8,0
2017-02-17 00:37:42,5,59,19.8,78,6.7,1020.3,1025.2,0.3,1,8,595.8,0
2017-02-17 00:42:42,5,59,19.8,78,6.8,1020.3,1025.2,0.7,1.4,2,595.8,0
2017-02-17 00:47:42,5,59,19.8,78,6.9,1020.3,1025.2,1,1.7,2,595.8,0
2017-02-17 00:52:42,5,59,19.8,79,6.9,1020.2,1025.1,0.3,0.7,4,595.8,0
2017-02-17 00:57:42,5,59,19.7,79,6.9,1020.3,1025.2,0.3,0.7,8,595.8,0
2017-02-17 01:02:42,5,59,19.7,78,7,1020.3,1025.2,0.3,0.7,10,595.8,0
2017-02-17 01:07:42,5,59,19.7,78,7.1,1020.1,1025,0.3,1,0,595.8,0
2017-02-17 01:12:42,5,59,19.7,78,7.2,1020,1024.9,0.7,1.7,0,595.8,0
2017-02-17 01:17:42,5,59,19.7,78,7.3,1019.9,1024.8,0.7,1.4,2,595.8,0
2017-02-17 01:22:42,5,59,19.7,78,7.4,1019.8,1024.7,1.4,2,2,595.8,0
2017-02-17 01:27:42,5,59,19.7,78,7.4,1019.7,1024.6,1.4,2,8,595.8,0
2017-02-17 01:32:42,5,59,19.7,77,7.3,1019.8,1024.7,1,1.4,4,595.8,0
2017-02-17 01:37:42,5,59,19.7,77,7.2,1019.9,1024.8,1,2,0,595.8,0
2017-02-17 01:42:42,5,59,19.7,77,7.3,1019.7,1024.6,1.7,2.7,4,595.8,0
2017-02-17 01:47:42,5,59,19.7,77,7.4,1019.8,1024.7,2,2.7,2,595.8,0
2017-02-17 01:52:42,5,59,19.7,77,7.3,1019.7,1024.6,2.4,3.4,4,595.8,0
2017-02-17 01:57:42,5,59,19.7,77,7.3,1019.6,1024.5,2,3.1,2,595.8,0
2017-02-17 02:02:42,5,58,19.7,77,7.3,1019.8,1024.7,2,3.1,4,595.8,0
2017-02-17 02:07:42,5,58,19.7,77,7.1,1019.7,1024.6,2,2.7,4,595.8,0
2017-02-17 02:12:42,5,58,19.7,77,6.8,1019.7,1024.6,1.7,2.4,2,595.8,0
2017-02-17 02:17:42,5,58,19.7,77,6.5,1019.7,1024.6,1.7,2,2,595.8,0
2017-02-17 02:22:42,5,58,19.7,77,6.3,1019.7,1024.6,1.4,1.7,4,595.8,0
2017-02-17 02:27:42,5,58,19.6,78,6.2,1019.6,1024.5,2,3.1,2,595.8,0
2017-02-17 02:32:42,5,58,19.6,78,6.1,1019.8,1024.7,2,4.1,2,595.8,0
2017-02-17 02:37:42,5,58,19.6,78,6,1019.8,1024.7,1.4,2.4,2,595.8,0
2017-02-17 02:42:42,5,58,19.6,79,6.1,1019.8,1024.7,1.7,2.4,4,595.8,0
2017-02-17 02:47:42,5,58,19.6,80,5.9,1019.6,1024.5,1.7,2.7,4,595.8,0
2017-02-17 02:52:42,5,58,19.6,80,5.7,1019.7,1024.6,1.7,2.4,2,595.8,0
2017-02-17 02:57:42,5,58,19.6,80,5.6,1019.6,1024.5,1,1.4,8,595.8,0
2017-02-17 03:02:42,5,58,19.6,80,6.5,1019.5,1024.4,2.4,4.8,14,595.8,0
2017-02-17 03:07:42,5,58,19.6,80,7.2,1019.5,1024.4,1,2.4,0,595.8,0
2017-02-17 03:12:42,5,58,19.6,80,7.5,1019.4,1024.3,1,1.7,4,595.8,0
2017-02-17 03:17:42,5,58,19.6,80,7.4,1019.2,1024.1,1.4,2.4,4,595.8,0
2017-02-17 03:22:42,5,58,19.6,80,7.2,1019.2,1024.1,1.7,2.7,4,595.8,0
2017-02-17 03:27:42,5,58,19.6,80,6.9,1019.2,1024.1,1.4,2,4,595.8,0
2017-02-17 03:32:42,5,58,19.6,80,6.8,1019.1,1024,1,1.7,2,595.8,0
2017-02-17 03:37:42,5,58,19.6,80,6.7,1019,1023.9,0.7,1.4,11,595.8,0
2017-02-17 03:42:42,5,58,19.6,80,6.9,1019,1023.9,1,1.7,2,595.8,0
2017-02-17 03:47:42,5,57,19.6,79,7.1,1019,1023.9,1.4,2,4,595.8,0
2017-02-17 03:52:42,5,57,19.6,79,7,1019,1023.9,1,1.7,10,595.8,0
2017-02-17 03:57:42,5,57,19.6,79,7,1018.7,1023.6,1,2,4,595.8,0
2017-02-17 04:02:42,5,57,19.6,79,7.1,1018.8,1023.7,0.3,0.7,9,595.8,0
2017-02-17 04:07:42,5,57,19.6,80,7.2,1018.6,1023.5,0.7,1.4,4,595.8,0
2017-02-17 04:12:42,5,57,19.5,80,7.4,1018.6,1023.5,1.4,2.4,2,595.8,0
2017-02-17 04:17:42,5,57,19.5,80,7.8,1018.6,1023.5,1,1.7,2,595.8,0
2017-02-17 04:22:42,5,57,19.5,79,8,1018.5,1023.4,1,1.7,0,595.8,0
2017-02-17 04:27:42,5,57,19.5,79,8.2,1018.5,1023.4,1,1.7,0,595.8,0
2017-02-17 04:32:42,5,57,19.5,80,8.4,1018.4,1023.3,1.4,2,2,595.8,0
2017-02-17 04:37:42,5,57,19.5,80,8.5,1018.3,1023.2,2.4,3.1,4,595.8,0
2017-02-17 04:42:42,5,57,19.5,79,8.5,1018.3,1023.2,3.1,4.4,2,595.8,0
2017-02-17 04:47:42,5,57,19.5,79,8.6,1018.5,1023.4,1.4,2.4,2,595.8,0
2017-02-17 04:52:42,5,57,19.5,79,8.6,1018.3,1023.2,2.4,3.1,4,595.8,0
2017-02-17 04:57:42,5,57,19.5,79,8.7,1018.3,1023.2,2,2.7,4,595.8,0
2017-02-17 05:02:42,5,57,19.5,78,8.7,1018.2,1023.1,1.7,2,4,595.8,0
2017-02-17 05:07:42,5,57,19.5,78,8.7,1018.3,1023.2,1,2,2,595.8,0
2017-02-17 05:12:42,5,57,19.5,78,8.7,1018.2,1023.1,1.7,2.4,2,595.8,0
2017-02-17 05:17:42,5,57,19.5,78,8.7,1018.2,1023.1,1,1.7,4,595.8,0
2017-02-17 05:22:42,5,57,19.5,78,8.7,1018.2,1023.1,1,1.7,4,595.8,0
2017-02-17 05:27:42,5,57,19.5,78,8.8,1018.1,1023,2.4,2.7,2,595.8,0
2017-02-17 05:32:42,5,57,19.5,78,8.9,1018.1,1023,2,2.7,3,595.8,0
2017-02-17 05:37:42,5,57,19.5,78,8.9,1018,1022.9,1.7,2.7,0,595.8,0
2017-02-17 05:42:42,5,57,19.4,78,8.9,1017.9,1022.8,1.7,2.4,4,595.8,0
2017-02-17 05:47:42,5,57,19.4,78,8.9,1017.9,1022.8,1.4,2,2,595.8,0
2017-02-17 05:52:42,5,57,19.5,78,8.9,1017.8,1022.7,1.4,2.4,2,595.8,0
2017-02-17 05:57:42,5,57,19.5,78,8.9,1017.9,1022.8,2,3.1,4,595.8,0
2017-02-17 06:02:42,5,57,19.4,78,8.9,1017.8,1022.7,1.7,2.7,2,595.8,0
2017-02-17 06:07:42,5,57,19.4,78,8.9,1017.8,1022.7,1.7,2.7,2,595.8,0
2017-02-17 06:12:42,5,57,19.4,78,8.9,1017.8,1022.7,2.4,3.4,2,595.8,0
2017-02-17 06:17:42,5,57,19.4,78,8.9,1017.6,1022.5,2.4,3.4,2,595.8,0
2017-02-17 06:22:42,5,57,19.4,78,8.9,1017.5,1022.4,3.4,4.8,4,595.8,0
2017-02-17 06:27:42,5,57,19.4,77,9,1017.5,1022.4,4.4,6.1,2,595.8,0
2017-02-17 06:32:42,5,57,19.4,77,9,1017.4,1022.3,3.4,4.4,8,595.8,0
2017-02-17 06:37:42,5,57,19.4,77,9.1,1017.4,1022.3,1.7,2.7,1,595.8,0
2017-02-17 06:42:42,5,57,19.4,77,9,1017.3,1022.2,3.1,3.7,10,595.8,0
2017-02-17 06:47:42,5,57,19.4,77,9.1,1017.3,1022.2,2,2.7,4,595.8,0
2017-02-17 06:52:42,5,57,19.4,77,9.1,1017.2,1022.1,2.7,3.7,14,595.8,0
2017-02-17 06:57:42,5,57,19.4,77,9.2,1017.4,1022.3,2.7,3.4,4,595.8,0
2017-02-17 07:02:42,5,57,19.4,77,9.2,1017.4,1022.3,2,3.1,3,595.8,0
2017-02-17 07:07:42,5,57,19.4,77,9.2,1017.4,1022.3,2,4.8,4,595.8,0
2017-02-17 07:12:42,5,56,19.4,77,9.3,1017.5,1022.4,2,2.7,2,595.8,0
2017-02-17 07:17:42,5,57,19.4,77,9.3,1017.3,1022.2,2.4,3.1,2,595.8,0
2017-02-17 07:22:42,5,57,19.4,77,9.4,1017.3,1022.2,1.4,2.7,13,595.8,0
2017-02-17 07:27:42,5,57,19.4,77,9.4,1017.3,1022.2,2,2.7,0,595.8,0
2017-02-17 07:32:42,5,57,19.4,77,9.4,1017.3,1022.2,1.7,3.4,12,595.8,0
2017-02-17 07:37:42,5,57,19.4,77,9.5,1017.3,1022.2,2,2.7,2,595.8,0
2017-02-17 07:42:42,5,57,19.4,77,9.5,1017.3,1022.2,1,2,2,595.8,0
2017-02-17 07:47:42,5,57,19.4,77,9.5,1017.1,1022,2.4,3.4,2,595.8,0
2017-02-17 07:52:42,5,57,19.4,77,9.6,1017.2,1022.1,2.4,3.4,2,595.8,0
2017-02-17 07:57:42,5,57,19.4,77,9.7,1017.1,1022,1.7,2.4,14,595.8,0
2017-02-17 08:02:42,5,57,19.4,77,9.7,1017.1,1022,2.7,3.7,2,595.8,0
2017-02-17 08:07:42,5,57,19.3,77,9.6,1017.1,1022,1.4,2.4,10,595.8,0
2017-02-17 08:12:42,5,57,19.3,77,9.6,1017.1,1022,1.4,2,2,595.8,0
2017-02-17 08:17:42,5,57,19.3,77,9.6,1017.1,1022,1.7,2.7,2,595.8,0
2017-02-17 08:22:42,5,54,19.3,77,9.6,1017.1,1022,2,3.1,2,595.8,0
2017-02-17 08:27:42,5,53,19.2,77,9.5,1017.2,1022.1,1.7,2.7,2,595.8,0
2017-02-17 08:32:42,5,53,19.1,77,9.5,1017.2,1022.1,2,3.1,3,595.8,0
2017-02-17 08:37:42,5,54,19.1,77,9.5,1017.3,1022.2,2.7,3.4,2,595.8,0
2017-02-17 08:42:42,5,55,19,77,9.4,1017.2,1022.1,2.4,3.7,2,595.8,0
2017-02-17 08:47:42,5,55,19,77,9.4,1017.2,1022.1,2,2.7,4,595.8,0
2017-02-17 08:52:42,5,55,19,77,9.4,1017.1,1022,2.7,3.7,3,595.8,0
2017-02-17 08:57:42,5,55,19,77,9.5,1016.8,1021.7,2.4,3.1,2,595.8,0
2017-02-17 09:02:42,5,55,19.1,77,9.5,1016.9,1021.8,3.1,4.1,4,595.8,0
2017-02-17 09:07:42,5,56,19.1,77,9.7,1017,1021.9,2.7,4.1,2,595.8,0
2017-02-17 09:12:42,5,56,19,77,9.9,1016.8,1021.7,2.4,3.4,2,595.8,0
2017-02-17 09:17:42,5,56,19.1,76,10,1017,1021.9,1.7,2.4,4,595.8,0
2017-02-17 09:22:42,5,56,19.1,76,10.1,1017.2,1022.1,1,2,2,595.8,0
2017-02-17 09:27:42,5,56,19.1,76,10.2,1017,1021.9,2.4,4.1,2,595.8,0
2017-02-17 09:32:42,5,56,19.1,76,10.3,1017,1021.9,2.7,3.7,2,595.8,0
2017-02-17 09:37:42,5,56,19.1,76,10.3,1017,1021.9,2.7,3.7,14,595.8,0
2017-02-17 09:42:42,5,56,19.1,75,10.4,1016.9,1021.8,2.7,3.7,14,595.8,0
2017-02-17 09:47:42,5,56,19.1,75,10.5,1016.9,1021.8,1.7,3.4,2,595.8,0
2017-02-17 09:52:42,5,56,19.1,75,10.6,1016.9,1021.8,3.4,4.8,2,595.8,0
2017-02-17 09:57:42,5,56,19.1,75,10.6,1016.8,1021.7,3.4,4.8,4,595.8,0
2017-02-17 10:02:42,5,56,19.2,75,10.8,1016.6,1021.5,3.4,5.1,2,595.8,0
2017-02-17 10:07:42,5,56,19.2,75,10.8,1016.7,1021.6,2.4,4.1,2,595.8,0
2017-02-17 10:12:42,5,56,19.2,73,11.2,1016.6,1021.5,3.4,4.4,4,595.8,0
2017-02-17 10:17:42,5,56,19.2,73,11.3,1016.6,1021.5,2,3.7,2,595.8,0
2017-02-17 10:22:42,5,56,19.3,73,11.6,1016.7,1021.6,1,2,3,595.8,0
2017-02-17 10:27:42,5,56,19.3,72,11.7,1016.5,1021.4,2.4,3.4,12,595.8,0
2017-02-17 10:32:42,5,56,19.4,72,11.7,1016.6,1021.5,1.4,2.4,8,595.8,0
2017-02-17 10:37:42,5,56,19.4,72,11.8,1016.6,1021.5,1,2.4,4,595.8,0
2017-02-17 10:42:42,5,56,19.4,72,11.9,1016.6,1021.5,2.4,3.7,14,595.8,0
2017-02-17 10:47:42,5,56,19.4,72,11.7,1016.5,1021.4,2.7,4.8,13,595.8,0
2017-02-17 10:52:42,5,56,19.4,72,11.4,1016.7,1021.6,2.7,4.8,2,595.8,0
2017-02-17 10:57:42,5,56,19.4,72,11.3,1016.4,1021.3,2.7,4.4,4,595.8,0
2017-02-17 11:02:42,5,56,19.5,73,11.3,1016.5,1021.4,3.4,5.1,2,595.8,0
2017-02-17 11:07:42,5,56,19.5,73,11.4,1016.3,1021.2,4.4,6.1,2,595.8,0
2017-02-17 11:12:42,5,56,19.5,73,11.5,1016.4,1021.3,3.4,5.1,2,595.8,0
2017-02-17 11:17:42,5,55,19.5,73,11.5,1016.4,1021.3,3.4,5.4,2,595.8,0
2017-02-17 11:22:42,5,55,19.5,73,11.5,1016.5,1021.4,5.4,6.8,2,595.8,0
2017-02-17 11:27:42,5,55,19.5,73,11.5,1016.5,1021.4,2.7,3.7,2,595.8,0
2017-02-17 11:32:42,5,55,19.6,73,11.5,1016.4,1021.3,3.1,4.1,4,595.8,0
2017-02-17 11:37:42,5,55,19.6,73,11.5,1016.4,1021.3,4.1,6.5,1,595.8,0
2017-02-17 11:42:42,5,55,19.6,73,11.4,1016.3,1021.2,4.1,5.8,2,595.8,0
2017-02-17 11:47:42,5,55,19.6,73,11.4,1016.3,1021.2,2.4,3.4,2,595.8,0
2017-02-17 11:52:42,5,55,19.6,73,11.3,1016.3,1021.2,3.1,3.7,2,595.8,0
2017-02-17 11:57:42,5,55,19.6,73,11.3,1016.2,1021.1,3.7,5.4,4,595.8,0
2017-02-17 12:02:42,5,55,19.6,73,11.3,1016.2,1021.1,4.4,6.8,0,595.8,0
2017-02-17 12:07:42,5,55,19.6,74,11.3,1016.2,1021.1,2.4,4.1,2,595.8,0
2017-02-17 12:12:42,5,55,19.6,74,11.2,1016.3,1021.2,2,3.4,2,595.8,0
2017-02-17 12:17:42,5,55,19.5,74,11.1,1016.2,1021.1,2.7,3.7,4,595.8,0
2017-02-17 12:22:42,5,55,19.5,74,11.1,1016.1,1021,2.4,3.7,8,595.8,0
2017-02-17 12:27:42,5,55,19.5,74,11.1,1016.2,1021.1,2.4,3.4,2,595.8,0
2017-02-17 12:32:42,5,55,19.5,74,11.1,1015.9,1020.8,3.4,5.1,2,595.8,0
2017-02-17 12:37:42,5,55,19.5,74,11.1,1015.9,1020.8,3.7,6.1,2,595.8,0
2017-02-17 12:42:42,5,55,19.5,74,11.2,1015.8,1020.7,2.4,4.1,2,595.8,0
2017-02-17 12:47:42,5,55,19.5,74,11.2,1015.8,1020.7,2,4.8,13,595.8,0
2017-02-17 12:52:42,5,55,19.5,74,11.2,1015.8,1020.7,3.7,5.1,2,595.8,0
2017-02-17 12:57:42,5,55,19.5,74,11.2,1015.7,1020.6,4.1,6.5,2,595.8,0
2017-02-17 13:02:42,5,55,19.5,74,11.2,1015.6,1020.5,3.7,5.8,2,595.8,0
2017-02-17 13:07:42,5,55,19.4,74,11.2,1015.5,1020.4,3.7,7.1,2,595.8,0
2017-02-17 13:12:42,5,55,19.4,74,11.3,1015.4,1020.3,3.7,4.8,2,595.8,0
2017-02-17 13:17:42,5,55,19.4,74,11.4,1015.4,1020.3,4.1,5.4,2,595.8,0
2017-02-17 13:22:42,5,55,19.4,73,11.5,1015.3,1020.2,3.4,4.1,2,595.8,0
2017-02-17 13:27:42,5,55,19.4,73,11.5,1015.3,1020.2,3.1,5.4,2,595.8,0
2017-02-17 13:32:42,5,55,19.4,73,11.4,1015.4,1020.3,2.4,4.1,12,595.8,0
2017-02-17 13:37:42,5,55,19.4,74,11.4,1015.2,1020.1,2.7,3.4,2,595.8,0
2017-02-17 13:42:42,5,55,19.4,74,11.5,1015.2,1020.1,4.1,5.1,4,595.8,0
2017-02-17 13:47:42,5,55,19.4,74,11.5,1015.1,1020,3.7,6.1,2,595.8,0
2017-02-17 13:52:42,5,55,19.5,74,11.4,1015.1,1020,5.8,7.5,2,595.8,0
2017-02-17 13:57:42,5,55,19.5,74,11.4,1014.8,1019.7,3.7,5.1,10,595.8,0
2017-02-17 14:02:42,5,55,19.5,74,11.4,1015,1019.9,3.4,5.1,1,595.8,0
2017-02-17 14:07:42,5,55,19.5,74,11.4,1014.9,1019.8,3.7,5.8,8,595.8,0
2017-02-17 14:12:42,5,55,19.5,74,11.4,1014.9,1019.8,3.4,4.4,4,595.8,0
2017-02-17 14:17:42,5,55,19.5,74,11.3,1015,1019.9,3.1,4.8,4,595.8,0
2017-02-17 14:22:42,5,55,19.5,74,11.2,1015,1019.9,2.7,3.7,2,595.8,0
2017-02-17 14:27:42,5,55,19.5,74,11.1,1014.9,1019.8,2,2.4,2,595.8,0
2017-02-17 14:32:42,5,55,19.5,75,11.2,1014.6,1019.5,2.4,4.1,4,595.8,0
2017-02-17 14:37:42,5,55,19.5,75,11.3,1014.8,1019.7,2.4,3.7,2,595.8,0
2017-02-17 14:42:42,5,55,19.5,75,11.3,1014.5,1019.4,1.4,3.1,2,595.8,0
2017-02-17 14:47:42,5,55,19.5,74,11.4,1014.5,1019.4,1.4,3.4,2,595.8,0
2017-02-17 14:52:42,5,55,19.5,74,11.6,1014.3,1019.2,3.1,4.1,4,595.8,0
2017-02-17 14:57:42,5,55,19.5,74,11.6,1014.4,1019.3,2.7,3.7,2,595.8,0
2017-02-17 15:02:42,5,55,19.5,74,11.6,1014.2,1019.1,1.7,3.7,2,595.8,0
2017-02-17 15:07:42,5,55,19.5,74,11.6,1014.2,1019.1,2.7,4.1,4,595.8,0
2017-02-17 15:12:42,5,55,19.5,74,11.7,1014.3,1019.2,2.7,3.7,2,595.8,0
2017-02-17 15:17:42,5,55,19.4,73,11.8,1014.1,1019,2,3.1,2,595.8,0
2017-02-17 15:22:42,5,55,19.4,73,11.7,1014.2,1019.1,2,2.7,3,595.8,0
2017-02-17 15:27:42,5,55,19.4,73,11.8,1014,1018.9,3.1,4.1,2,595.8,0
2017-02-17 15:32:42,5,55,19.4,72,12,1014.1,1019,3.1,4.8,4,595.8,0
2017-02-17 15:37:42,5,55,19.4,72,12,1014,1018.9,3.1,4.8,2,595.8,0
2017-02-17 15:42:42,5,55,19.4,72,12,1013.9,1018.8,2,2.7,2,595.8,0
2017-02-17 15:47:42,5,55,19.4,72,12.1,1013.6,1018.5,2.7,4.4,10,595.8,0
2017-02-17 15:52:42,5,55,19.4,72,12.4,1013.8,1018.7,2.7,4.8,15,595.8,0
2017-02-17 15:57:42,5,55,19.4,72,12.6,1013.7,1018.6,2,2.7,4,595.8,0
2017-02-17 16:02:42,5,55,19.5,71,12.4,1013.8,1018.7,1.4,2.4,0,595.8,0
2017-02-17 16:07:42,5,55,19.5,71,12.2,1013.9,1018.8,1,1.7,14,595.8,0
2017-02-17 16:12:42,5,55,19.5,72,12,1013.7,1018.6,1,2.4,2,595.8,0
2017-02-17 16:17:42,5,55,19.5,72,12,1013.8,1018.7,1.4,2.4,8,595.8,0
2017-02-17 16:22:42,5,55,19.5,73,11.9,1013.7,1018.6,1.7,2.7,13,595.8,0
2017-02-17 16:27:42,5,55,19.5,73,11.9,1013.5,1018.4,2.4,3.7,10,595.8,0
2017-02-17 16:32:42,5,55,19.5,72,12,1013.4,1018.3,1.7,3.1,12,595.8,0
2017-02-17 16:37:42,5,55,19.5,72,12.1,1013.6,1018.5,2.7,3.1,2,595.8,0
2017-02-17 16:42:42,5,55,19.5,72,12,1013.5,1018.4,2,3.1,2,595.8,0
2017-02-17 16:47:42,5,55,19.5,72,12,1013.4,1018.3,1.7,2.4,2,595.8,0
2017-02-17 16:52:42,5,55,19.5,72,12,1013.4,1018.3,2.7,3.7,2,595.8,0
2017-02-17 16:57:42,5,55,19.5,73,11.9,1013.4,1018.3,2,2.7,2,595.8,0
2017-02-17 17:02:42,5,56,19.5,73,11.8,1013.2,1018.1,2.4,3.7,2,595.8,0
2017-02-17 17:07:42,5,56,19.5,73,11.7,1013.2,1018.1,3.4,4.8,4,595.8,0
2017-02-17 17:12:42,5,56,19.4,74,11.6,1013.2,1018.1,4.1,5.1,2,595.8,0
2017-02-17 17:17:42,5,56,19.4,74,11.6,1013.2,1018.1,2.7,4.1,0,595.8,0
2017-02-17 17:22:42,5,56,19.4,74,11.6,1013.2,1018.1,3.4,5.4,2,595.8,0
2017-02-17 17:27:42,5,56,19.4,74,11.6,1013.3,1018.2,2.4,3.1,2,595.8,0
2017-02-17 17:32:42,5,56,19.4,74,11.5,1013.1,1018,2.4,3.1,4,595.8,0
2017-02-17 17:37:42,5,56,19.4,74,11.5,1013.2,1018.1,2,3.4,14,595.8,0
2017-02-17 17:42:42,5,56,19.4,74,11.5,1013.3,1018.2,2.4,4.4,4,595.8,0
2017-02-17 17:47:42,5,56,19.4,74,11.5,1013.4,1018.3,2.7,4.4,2,595.8,0
2017-02-17 17:52:42,5,56,19.4,74,11.4,1013.4,1018.3,2.7,3.7,2,595.8,0
2017-02-17 17:57:42,5,56,19.4,74,11.4,1013.2,1018.1,3.4,4.8,2,595.8,0
2017-02-17 18:02:42,5,56,19.4,75,11.3,1013.2,1018.1,2,2.7,14,595.8,0
2017-02-17 18:07:42,5,56,19.3,75,11.3,1013.3,1018.2,2.7,3.7,14,595.8,0
2017-02-17 18:12:42,5,56,19.4,75,11.2,1013.5,1018.4,3.1,4.4,4,595.8,0
2017-02-17 18:17:42,5,56,19.4,75,11.2,1013.4,1018.3,1.4,2.4,8,595.8,0
2017-02-17 18:22:42,5,57,19.3,75,11.2,1013.5,1018.4,1.7,2.4,2,595.8,0
2017-02-17 18:27:42,5,57,19.3,75,11.2,1013.3,1018.2,2,3.7,14,595.8,0
2017-02-17 18:32:42,5,57,19.3,75,11.3,1013.5,1018.4,1.4,3.4,0,595.8,0
2017-02-17 18:37:42,5,57,19.3,74,11.3,1013.3,1018.2,1.4,2.4,14,595.8,0
2017-02-17 18:42:42,5,57,19.3,74,11.3,1013.3,1018.2,2.7,3.4,2,595.8,0
2017-02-17 18:47:42,5,57,19.3,74,11.3,1013.4,1018.3,1.4,2.7,2,595.8,0
2017-02-17 18:52:42,5,57,19.3,74,11.2,1013.2,1018.1,2,3.4,2,595.8,0
2017-02-17 18:57:42,5,58,19.3,74,11.2,1013.2,1018.1,2.7,4.1,2,595.8,0
2017-02-17 19:02:42,5,58,19.3,74,11.1,1013.3,1018.2,2.7,3.7,4,595.8,0
2017-02-17 19:07:42,5,59,19.3,74,11.1,1013.3,1018.2,3.4,4.4,4,595.8,0
2017-02-17 19:12:42,5,59,19.2,74,11,1013.3,1018.2,2.7,4.8,4,595.8,0
2017-02-17 19:17:42,5,60,19.3,74,11,1013.2,1018.1,3.1,4.1,4,595.8,0
2017-02-17 19:22:42,5,60,19.3,74,11,1013.2,1018.1,2.4,3.4,12,595.8,0
2017-02-17 19:27:42,5,60,19.3,75,11,1013.2,1018.1,4.4,6.5,2,595.8,0
2017-02-17 19:32:42,5,60,19.3,75,11.1,1013.2,1018.1,3.1,4.4,4,595.8,0
2017-02-17 19:37:42,5,59,19.3,75,11,1013.3,1018.2,3.4,4.4,4,595.8,0
2017-02-17 19:42:42,5,59,19.3,75,11,1013.1,1018,3.1,4.4,2,595.8,0
2017-02-17 19:47:42,5,60,19.3,75,11,1013.2,1018.1,2,3.4,4,595.8,0
2017-02-17 19:52:42,5,60,19.3,76,10.9,1013.2,1018.1,2,3.4,2,595.8,0
2017-02-17 19:57:42,5,60,19.4,77,10.9,1013.4,1018.3,3.4,5.1,4,595.8,0
2017-02-17 20:02:42,5,61,19.4,77,10.9,1013.2,1018.1,3.7,5.1,2,595.8,0
2017-02-17 20:07:42,5,61,19.4,77,10.9,1013.3,1018.2,3.4,4.8,0,595.8,0
2017-02-17 20:12:42,5,61,19.4,77,10.9,1013.2,1018.1,2.4,3.7,2,595.8,0
2017-02-17 20:17:42,5,61,19.4,77,10.9,1013.3,1018.2,2.4,3.4,4,595.8,0
2017-02-17 20:22:42,5,61,19.4,75,11,1013.3,1018.2,2.4,3.7,2,595.8,0
2017-02-17 20:27:42,5,62,19.5,75,11,1013.3,1018.2,1.7,3.7,2,595.8,0
2017-02-17 20:32:42,5,63,19.5,76,10.9,1013.3,1018.2,1.7,3.1,2,595.8,0
2017-02-17 20:37:42,5,64,19.5,76,10.9,1013.2,1018.1,2,4.4,12,595.8,0
2017-02-17 20:42:42,5,64,19.6,76,10.9,1013.3,1018.2,1.7,2.7,8,595.8,0
2017-02-17 20:47:42,5,65,19.6,76,10.9,1013.1,1018,1.4,2.7,8,595.8,0
2017-02-17 20:52:42,5,65,19.7,75,11,1013.2,1018.1,1.4,2.7,4,595.8,0
2017-02-17 20:57:42,5,65,19.7,74,11,1013.1,1018,1.4,2,2,595.8,0
2017-02-17 21:02:42,5,65,19.7,74,11,1013.1,1018,0.7,1.7,8,595.8,0
2017-02-17 21:07:42,5,65,19.7,74,11,1013.2,1018.1,0.7,1.7,4,595.8,0
2017-02-17 21:12:42,5,65,19.8,74,11,1013.2,1018.1,1.4,2.4,8,595.8,0
2017-02-17 21:17:42,5,64,19.9,74,11,1013.2,1018.1,1.7,2.7,2,595.8,0
2017-02-17 21:22:42,5,64,19.8,75,10.9,1013,1017.9,2,3.7,4,595.8,0
2017-02-17 21:27:42,5,64,19.9,74,11,1013,1017.9,2,3.1,12,595.8,0
2017-02-17 21:32:42,5,64,19.9,73,11.1,1013.2,1018.1,0.7,1.4,0,595.8,0
2017-02-17 21:37:42,5,64,19.9,73,11.1,1013.1,1018,3.1,4.4,8,595.8,0
2017-02-17 21:42:42,5,63,20,73,11.1,1013.1,1018,2.4,5.1,4,595.8,0
2017-02-17 21:47:42,5,63,20,73,11.1,1013.3,1018.2,2,3.1,9,595.8,0
2017-02-17 21:52:42,5,63,20,73,11.2,1013.2,1018.1,2,3.1,8,595.8,0
2017-02-17 21:57:42,5,63,20,73,11.2,1013.2,1018.1,1.4,2.7,14,595.8,0
2017-02-17 22:02:42,5,63,20,73,11.1,1013.2,1018.1,1.4,2.7,8,595.8,0
2017-02-17 22:07:42,5,63,20,73,11.1,1013.2,1018.1,1.7,3.4,,595.8,0
2017-02-17 22:12:42,5,63,20.1,73,11.1,1013.2,1018.1,1,2.4,2,595.8,0
2017-02-17 22:17:42,5,63,20.1,73,11.1,1013.2,1018.1,1.7,2.4,0,595.8,0
2017-02-17 22:22:42,5,63,20.1,73,11.1,1013.2,1018.1,2.4,3.7,0,595.8,0
2017-02-17 22:27:42,5,63,20.1,73,11.1,1013.2,1018.1,1.4,2,0,595.8,0
2017-02-17 22:32:42,5,63,20.1,73,11.1,1013.2,1018.1,1,2,2,595.8,0
2017-02-17 22:37:42,5,63,20.1,73,11.1,1013.2,1018.1,1.4,2.7,2,595.8,0
2017-02-17 22:42:42,5,62,20.1,73,11.1,1013.2,1018.1,1.4,2.7,14,595.8,0
2017-02-17 22:47:42,5,62,20.1,73,11.1,1013.2,1018.1,1,2,14,595.8,0
2017-02-17 22:52:42,5,62,20.1,73,11.1,1013.2,1018.1,2,2.7,10,595.8,0
2017-02-17 22:57:42,5,62,20.2,73,11.1,1013.2,1018.1,1.4,2.7,8,595.8,0
2017-02-17 23:02:42,5,62,20.2,73,11.1,1013.2,1018.1,1.7,2,13,595.8,0
2017-02-17 23:07:42,5,62,20.2,73,11.1,1013.1,1018,2.7,4.1,12,595.8,0
2017-02-17 23:12:42,5,62,20.2,73,11.1,1013.2,1018.1,3.4,5.1,14,595.8,0
2017-02-17 23:17:42,5,62,20.2,73,11.1,1013.3,1018.2,2.4,3.7,8,595.8,0
2017-02-17 23:22:42,5,62,20.2,73,11.1,1013.2,1018.1,2.7,3.7,10,595.8,0
2017-02-17 23:27:42,5,62,20.2,73,11,1013.3,1018.2,2.7,4.1,14,595.8,0
2017-02-17 23:32:42,5,62,20.2,75,10.9,1013.2,1018.1,3.1,4.1,8,595.8,0
2017-02-17 23:37:42,5,62,20.2,75,10.8,1013.2,1018.1,1.7,2.7,8,595.8,0
2017-02-17 23:42:42,5,62,20.2,75,10.8,1013.2,1018.1,3.4,4.8,8,595.8,0
2017-02-17 23:47:42,5,62,20.2,75,10.9,1013.3,1018.2,2.7,4.8,8,595.8,0
2017-02-17 23:52:42,5,62,20.2,75,10.9,1013.4,1018.3,3.7,4.8,8,595.8,0
2017-02-17 23:57:42,5,62,20.2,73,11,1013.4,1018.3,3.1,4.4,8,595.8,0
