2022-03-07 00:04:39,5,47,19.4,68,3.2,1026,1030.9,1.7,2,4,111,0
2022-03-07 00:09:39,5,47,19.4,69,3.1,1026,1030.9,1.4,1.7,4,111,0
2022-03-07 00:14:39,5,47,19.4,69,3.1,1026,1030.9,1.7,2.4,4,111,0
2022-03-07 00:19:39,5,47,19.4,70,3,1025.6,1030.5,1.7,2,4,111,0
2022-03-07 00:24:39,5,47,19.4,70,3,1025.7,1030.6,1.4,1.7,4,111,0
2022-03-07 00:29:39,5,46,19.3,70,2.9,1025.6,1030.5,1.7,2.7,4,111,0
2022-03-07 00:34:39,5,46,19.4,71,3,1025.5,1030.4,1.4,1.7,4,111,0
2022-03-07 00:39:39,5,46,19.3,70,3.1,1025.3,1030.2,1,1.4,4,111,0
2022-03-07 00:44:39,5,46,19.4,70,3.2,1025.4,1030.3,1,1.7,4,111,0
2022-03-07 00:49:39,5,46,19.3,70,3.1,1025.4,1030.3,1.4,1.7,4,111,0
2022-03-07 00:54:39,5,46,19.3,70,3.1,1025.4,1030.3,1,1.7,2,111,0
2022-03-07 00:59:39,5,46,19.3,70,3.1,1025.3,1030.2,1.7,2,4,111,0
2022-03-07 01:04:39,5,46,19.3,70,3.1,1025.3,1030.2,1.7,2.4,4,111,0
2022-03-07 01:09:39,5,46,19.3,70,3.2,1025.2,1030.1,1.7,2.7,4,111,0
2022-03-07 01:14:39,5,46,19.3,71,3.1,1025.3,1030.2,1.7,3.4,4,111,0
2022-03-07 01:19:39,5,46,19.2,71,3.2,1025.2,1030.1,2,2.7,10,111,0
2022-03-07 01:24:39,5,46,19.2,71,3.2,1025.3,1030.2,2.4,3.1,4,111,0
2022-03-07 01:29:39,5,46,19.2,71,3.2,1025.1,1030,2.4,2.7,4,111,0
2022-03-07 01:34:39,5,46,19.2,71,3.2,1025.2,1030.1,2,2.7,4,111,0
2022-03-07 01:39:39,5,46,19.2,71,3.2,1025,1029.9,1.7,2.4,4,111,0
2022-03-07 01:44:39,5,46,19.2,71,3.3,1024.9,1029.8,2,2.7,,111,0
2022-03-07 01:49:39,5,46,19.2,71,3.3,1025,1029.9,2,2.7,4,111,0
2022-03-07 01:54:39,5,46,19.1,71,3.3,1024.7,1029.6,2,2.4,4,111,0
2022-03-07 01:59:39,5,46,19.1,71,3.3,1024.8,1029.7,1.4,2,4,111,0
2022-03-07 02:04:39,5,46,19.1,71,3.4,1024.5,1029.4,2,3.1,4,111,0
2022-03-07 02:09:39,5,46,19,71,3.3,1024.5,1029.4,1.7,2,4,111,0
2022-03-07 02:14:39,5,45,19,71,3.3,1024.4,1029.3,1.7,2,4,111,0
2022-03-07 02:19:39,5,45,19,71,3.3,1024.5,1029.4,1.4,1.7,4,111,0
2022-03-07 02:24:39,5,45,19,71,3.2,1024.3,1029.2,1,1.7,4,111,0
2022-03-07 02:29:39,5,45,19,71,3.1,1024.2,1029.1,1,1.4,4,111,0
2022-03-07 02:34:39,5,45,19,72,3,1024.2,1029.1,0.7,1,,111,0
2022-03-07 02:39:39,5,46,18.9,72,3,1023.9,1028.8,0.7,1,4,111,0
2022-03-07 02:44:39,5,46,18.9,72,2.9,1024,1028.9,1.4,1.7,4,111,0
2022-03-07 02:49:39,5,46,18.9,72,2.9,1023.8,1028.7,1.7,2.4,2,111,0
2022-03-07 02:54:39,5,46,18.9,73,2.9,1023.7,1028.6,2.4,3.1,4,111,0
2022-03-07 02:59:39,5,46,18.9,73,3,1023.6,1028.5,2,2.7,4,111,0
2022-03-07 03:04:39,5,46,18.9,73,2.9,1023.6,1028.5,2,2.4,4,111,0
2022-03-07 03:09:39,5,46,18.9,74,2.9,1023.4,1028.3,1.4,1.7,4,111,0
2022-03-07 03:14:39,5,46,18.9,74,2.8,1023.4,1028.3,1.4,2,,111,0
2022-03-07 03:19:39,5,46,18.9,74,2.8,1023.3,1028.2,1.4,1.7,4,111,0
2022-03-07 03:24:39,5,46,18.8,74,2.8,1023.3,1028.2,1.4,1.7,4,111,0
2022-03-07 03:29:39,5,46,18.8,74,2.7,1023.2,1028.1,1,1.4,4,111,0
2022-03-07 03:34:39,5,46,18.8,75,2.6,1023.1,1028,1.4,1.7,4,111,0
2022-03-07 03:39:39,5,46,18.8,75,2.7,1022.8,1027.7,1.4,1.7,4,111,0
2022-03-07 03:44:39,5,46,18.7,76,2.8,1022.8,1027.7,1.4,2,4,111,0
2022-03-07 03:49:39,5,46,18.7,76,3,1022.8,1027.7,0.7,1,4,111,0
2022-03-07 03:54:39,5,46,18.7,76,3,1022.7,1027.6,0.3,1,4,111,0
2022-03-07 03:59:39,5,46,18.7,76,3.1,1022.6,1027.5,0.3,0.7,4,111,0
2022-03-07 04:04:39,5,46,18.7,75,3.2,1022.6,1027.5,0.7,1.4,2,111,0
2022-03-07 04:09:39,5,46,18.7,75,3.2,1022.7,1027.6,0.7,1,2,111,0
2022-03-07 04:14:39,5,46,18.7,75,3.3,1022.4,1027.3,0.7,1,4,111,0
2022-03-07 04:19:39,5,46,18.6,75,3.4,1022.3,1027.2,1,1.7,2,111,0
2022-03-07 04:24:39,5,46,18.6,75,3.5,1022.3,1027.2,1,1.7,4,111,0
2022-03-07 04:29:39,5,46,18.6,75,3.5,1022.3,1027.2,1,1.4,4,111,0
2022-03-07 04:34:39,5,46,18.6,75,3.5,1022.4,1027.3,0.7,1,4,111,0
2022-03-07 04:39:39,5,46,18.6,75,3.5,1022.5,1027.4,0.7,0.7,4,111,0
2022-03-07 04:44:39,5,46,18.6,75,3.5,1022.4,1027.3,0.3,0.7,4,111,0
2022-03-07 04:49:39,5,46,18.6,75,3.5,1022.6,1027.5,0.7,1,4,111,0
2022-03-07 04:54:39,5,46,18.5,75,3.5,1022.5,1027.4,1,1.4,4,111,0
2022-03-07 04:59:39,5,46,18.5,75,3.6,1022.4,1027.3,0.7,1,4,111,0
2022-03-07 05:04:39,5,46,18.5,75,3.6,1022.3,1027.2,1.7,2.4,2,111,0
2022-03-07 05:09:39,5,46,18.5,75,3.6,1022.2,1027.1,1.7,2,4,111,0
2022-03-07 05:14:39,5,46,18.5,75,3.7,1022.3,1027.2,2,2.4,4,111,0
2022-03-07 05:19:39,5,46,18.5,75,3.8,1022.1,1027,2,2.4,4,111,0
2022-03-07 05:24:39,5,46,18.5,74,3.9,1022,1026.9,1.4,1.7,,111,0
2022-03-07 05:29:39,5,46,18.5,74,3.9,1022.1,1027,1,1.4,2,111,0
2022-03-07 05:34:39,5,46,18.5,74,3.9,1022,1026.9,1,1.4,,111,0
2022-03-07 05:39:39,5,46,18.5,74,3.8,1022,1026.9,1.4,2,4,111,0
2022-03-07 05:44:39,5,46,18.5,74,3.8,1021.7,1026.6,1.4,2,4,111,0
2022-03-07 05:49:39,5,46,18.5,73,3.9,1021.8,1026.7,1,1.7,4,111,0
2022-03-07 05:54:39,5,46,18.5,73,4,1021.6,1026.5,1,1.7,,111,0
2022-03-07 05:59:39,5,45,18.4,72,4.1,1021.6,1026.5,1,1.4,,111,0
2022-03-07 06:04:39,5,45,18.4,72,4.1,1021.6,1026.5,0.7,1,4,111,0
2022-03-07 06:09:39,5,45,18.4,72,4.1,1021.8,1026.7,1,1.4,2,111,0
2022-03-07 06:14:39,5,45,18.5,72,4.1,1021.4,1026.3,1,1.7,2,111,0
2022-03-07 06:19:39,5,45,18.4,72,4,1021.4,1026.3,0.7,1,0,111,0
2022-03-07 06:24:40,5,45,18.4,72,4,1021.4,1026.3,0.7,1,2,111,0
2022-03-07 06:29:39,5,45,18.4,72,4.1,1021.4,1026.3,0.3,0.7,2,111,0
2022-03-07 06:34:39,5,45,18.4,72,4.1,1021.4,1026.3,0.3,0.7,2,111,0
2022-03-07 06:39:39,5,45,18.4,72,4.1,1021.5,1026.4,0.7,0.7,,111,0
2022-03-07 06:44:39,5,45,18.4,72,4.1,1021.3,1026.2,0.3,0.7,14,111,0
2022-03-07 06:49:39,5,45,18.4,72,4.1,1021.3,1026.2,0.7,1,0,111,0
2022-03-07 06:54:39,5,45,18.4,73,4,1021.2,1026.1,0.3,0.7,0,111,0
2022-03-07 06:59:39,5,45,18.4,73,3.8,1021,1025.9,0.3,0.7,2,111,0
2022-03-07 07:04:39,5,45,18.4,73,3.7,1021.1,1026,0,0,4,111,0
2022-03-07 07:09:39,5,45,18.4,73,3.7,1021,1025.9,0,0,0,111,0
2022-03-07 07:14:39,5,44,18.3,74,3.6,1021.1,1026,0,0,2,111,0
2022-03-07 07:19:39,5,45,18.3,74,3.6,1021.1,1026,0,0,10,111,0
2022-03-07 07:24:39,5,45,18.3,74,3.6,1020.9,1025.8,0,0,2,111,0
2022-03-07 07:29:39,5,45,18.3,74,3.7,1020.8,1025.7,0.7,1,4,111,0
2022-03-07 07:34:39,5,45,18.3,74,3.7,1020.9,1025.8,0.7,1,4,111,0
2022-03-07 07:39:39,5,45,18.3,,,1020.9,1025.8,,,,111,64
2022-03-07 07:44:39,5,45,18.3,,,1020.7,1025.6,,,,111,64
2022-03-07 07:49:39,5,45,18.3,,,1020.7,1025.6,,,,111,64
2022-03-07 07:54:39,5,45,18.3,,,1020.8,1025.7,,,,111,64
2022-03-07 07:59:39,5,45,18.3,,,1020.6,1025.5,,,,111,64
2022-03-07 08:04:39,5,45,18.3,,,1020.6,1025.5,,,,111,64
2022-03-07 08:09:39,5,45,18.3,,,1020.6,1025.5,,,,111,64
2022-03-07 08:14:39,5,45,18.3,,,1020.7,1025.6,,,,111,64
2022-03-07 08:19:39,5,45,18.3,,,1020.6,1025.5,,,,111,64
2022-03-07 08:24:39,5,45,18.3,,,1020.4,1025.3,,,,111,64
2022-03-07 08:29:39,5,45,18.3,,,1020.4,1025.3,,,,111,64
2022-03-07 08:34:39,5,45,18.3,,,1020.3,1025.2,,,,111,64
2022-03-07 08:39:39,5,45,18.3,,,1020.3,1025.2,,,,111,64
2022-03-07 08:44:39,5,45,18.4,,,1020.4,1025.3,,,,111,64
2022-03-07 08:49:39,5,45,18.4,,,1020.3,1025.2,,,,111,64
2022-03-07 08:54:39,5,45,18.4,66,5.4,1020.4,1025.3,3.1,3.7,4,111,0
2022-03-07 08:59:39,5,45,18.4,66,5.4,1020.4,1025.3,2.4,2.7,,111,0
2022-03-07 09:04:39,5,45,18.4,66,5.4,1020.3,1025.2,2.4,3.4,,111,0
2022-03-07 09:09:39,5,45,18.4,66,5.4,1020.3,1025.2,3.1,4.1,4,111,0
2022-03-07 09:14:39,5,45,18.4,66,5.5,1020.2,1025.1,2.7,3.4,,111,0
2022-03-07 09:19:39,5,45,18.4,66,5.5,1020.3,1025.2,2.7,3.7,4,111,0
2022-03-07 09:24:39,5,45,18.4,67,5.5,1020.3,1025.2,2.7,3.4,8,111,0
2022-03-07 09:29:39,5,46,18.3,67,5.6,1020.1,1025,3.4,4.1,4,111,0
2022-03-07 09:34:39,5,46,18.4,67,5.7,1020,1024.9,3.1,4.4,12,111,0
2022-03-07 09:39:39,5,47,18.5,67,5.9,1019.8,1024.7,2,3.1,,111,0
2022-03-07 09:44:39,5,47,18.5,66,6.1,1019.8,1024.7,1.4,2.7,4,111,0
2022-03-07 09:49:39,5,47,18.6,66,6.2,1019.7,1024.6,3.1,4.4,4,111,0
2022-03-07 09:54:39,5,48,18.7,65,6.2,1019.5,1024.4,4.8,5.8,4,111,0
2022-03-07 09:59:39,5,48,18.8,64,6.3,1019.4,1024.3,4.4,5.1,4,111,0
2022-03-07 10:04:39,5,48,18.9,64,6.3,1019.5,1024.4,2.7,3.4,8,111,0
2022-03-07 10:09:39,5,47,19,63,6.4,1019.3,1024.2,5.8,7.5,4,111,0
2022-03-07 10:14:39,5,47,19,63,6.4,1019.2,1024.1,5.1,5.8,4,111,0
2022-03-07 10:19:39,5,47,19.1,63,6.5,1019.2,1024.1,4.1,5.4,4,111,0
2022-03-07 10:24:39,5,47,19.2,62,6.6,1019,1023.9,6.8,8.5,4,111,0
2022-03-07 10:29:39,5,47,19.3,62,6.8,1018.8,1023.7,5.8,7.5,,111,0
2022-03-07 10:34:39,5,47,19.3,60,7.1,1018.9,1023.8,6.1,7.1,8,111,0
2022-03-07 10:39:39,5,47,19.4,60,6.8,1018.6,1023.5,4.8,7.1,4,111,0
2022-03-07 10:44:39,5,47,19.4,60,7.1,1018.6,1023.5,5.8,7.1,,111,0
2022-03-07 10:49:39,5,47,19.5,60,7.1,1018.6,1023.5,6.1,7.1,0,111,0
2022-03-07 10:54:39,5,46,19.5,60,7,1018.5,1023.4,3.4,4.4,4,111,0
2022-03-07 10:59:39,5,45,19.4,60,7,1018.1,1023,6.8,8.5,4,111,0
2022-03-07 11:04:39,5,45,19.4,60,7,1018.2,1023.1,7.5,8.8,4,111,0
2022-03-07 11:09:39,5,45,19.5,60,7,1018.2,1023.1,4.4,5.8,4,111,0
2022-03-07 11:14:39,5,45,19.6,60,7.1,1018.3,1023.2,5.1,6.8,4,111,0
2022-03-07 11:19:39,5,45,19.5,60,7.4,1018.1,1023,5.8,8.8,4,111,0
2022-03-07 11:24:39,5,45,19.6,60,7.4,1018.1,1023,5.8,8.8,4,111,0
2022-03-07 11:29:39,5,45,19.6,,,1018,1022.9,,,,111,64
2022-03-07 11:34:39,5,46,19.6,58,6.9,1017.8,1022.7,8.8,9.9,4,111,0
2022-03-07 11:39:39,5,46,19.7,59,6.9,1017.9,1022.8,5.1,6.5,4,111,0
2022-03-07 11:44:39,5,46,19.7,60,7.1,1017.8,1022.7,5.1,6.8,1,111,0
2022-03-07 11:49:39,5,46,19.7,58,7.2,1017.8,1022.7,7.8,9.9,2,111,0
2022-03-07 11:54:39,5,46,19.7,56,7.2,1017.7,1022.6,6.1,7.5,4,111,0
2022-03-07 11:59:39,5,46,19.8,55,7.3,1017.6,1022.5,6.8,9.2,4,111,0
2022-03-07 12:04:39,5,46,19.7,50,7.5,1017.5,1022.4,8.5,10.9,4,111,0
2022-03-07 12:09:39,5,46,19.8,50,7.5,1017.5,1022.4,6.8,8.5,10,111,0
2022-03-07 12:14:39,5,46,19.8,51,7.6,1017.4,1022.3,6.5,7.8,,111,0
2022-03-07 12:19:39,5,45,19.9,51,7.6,1017.3,1022.2,6.5,7.8,,111,0
2022-03-07 12:24:39,5,45,19.8,56,7.3,1017.1,1022,7.1,8.8,0,111,0
2022-03-07 12:29:39,5,45,19.9,56,7.3,1017.1,1022,5.8,6.8,4,111,0
2022-03-07 12:34:39,5,45,19.9,56,7.3,1017,1021.9,6.5,7.5,2,111,0
2022-03-07 12:39:39,5,45,19.9,,,1016.9,1021.8,,,,111,64
2022-03-07 12:44:39,5,45,19.9,58,7.1,1016.6,1021.5,7.8,10.9,2,111,0
2022-03-07 12:49:39,5,45,19.9,57,7.1,1016.5,1021.4,7.8,10.2,12,111,0
2022-03-07 12:54:39,5,45,19.9,56,7.3,1016.4,1021.3,4.4,7.1,,111.3,0
2022-03-07 12:59:39,5,44,20,54,7.1,1016.3,1021.2,6.1,8.2,8,111.3,0
2022-03-07 13:04:39,5,44,20,54,7.1,1016.2,1021.1,6.1,7.1,4,111.3,0
2022-03-07 13:09:39,5,44,20,54,7,1016,1020.9,7.1,8.8,,111.3,0
2022-03-07 13:14:39,5,44,20,55,7,1015.9,1020.8,8.2,8.8,2,111.3,0
2022-03-07 13:19:39,5,45,19.9,55,6.9,1015.8,1020.7,6.5,7.8,4,111.3,0
2022-03-07 13:24:39,5,45,19.8,54,6.7,1015.5,1020.4,10.2,12.6,4,111.3,0
2022-03-07 13:29:39,5,45,19.8,55,6.7,1015.5,1020.4,5.8,9.2,4,111.3,0
2022-03-07 13:34:39,5,45,19.8,56,6.7,1015.4,1020.3,6.1,8.8,,111.3,0
2022-03-07 13:39:39,5,45,19.8,56,7.1,1015,1019.9,8.8,12.2,4,111.3,0
2022-03-07 13:44:39,5,45,19.8,55,7,1015.1,1020,7.5,10.2,4,111.3,0
2022-03-07 13:49:39,5,45,19.8,56,7.3,1015.1,1020,5.1,7.5,,111.3,0
2022-03-07 13:54:39,5,44,19.7,55,7.2,1014.9,1019.8,7.5,10.2,4,111.3,0
2022-03-07 13:59:39,5,44,19.7,55,7,1015.1,1020,4.1,6.5,4,111.3,0
2022-03-07 14:04:39,5,44,19.7,56,7,1014.7,1019.6,6.1,7.5,,111.3,0
2022-03-07 14:09:39,5,44,19.7,56,7,1014.7,1019.6,7.1,8.5,,111.3,0
2022-03-07 14:14:39,5,44,19.6,56,7.4,1014.5,1019.4,7.1,9.2,4,111.3,0
2022-03-07 14:19:39,5,44,19.7,55,7.2,1014.4,1019.3,8.8,10.5,4,111.3,0
2022-03-07 14:24:39,5,44,19.7,56,7.3,1014.3,1019.2,5.1,7.1,4,111.3,0
2022-03-07 14:29:39,5,44,19.8,56,7.4,1014.1,1019,6.5,7.8,,111.3,0
2022-03-07 14:34:39,5,44,19.9,51,7.5,1014.1,1019,5.4,8.8,4,111.3,0
2022-03-07 14:39:39,5,44,19.8,55,7.4,1013.9,1018.8,7.5,11.6,4,111.3,0
2022-03-07 14:44:39,5,44,19.9,51,7.5,1014,1018.9,5.8,7.8,8,111.3,0
2022-03-07 14:49:39,5,43,20,51,7.5,1013.8,1018.7,5.8,7.1,8,111.3,0
2022-03-07 14:54:39,5,43,20,55,7.3,1013.7,1018.6,6.1,10.5,4,111.3,0
2022-03-07 14:59:39,5,43,20.1,55,7.2,1013.7,1018.6,7.5,10.5,4,111.3,0
2022-03-07 15:04:39,5,43,20.1,55,7.2,1013.4,1018.3,7.1,8.5,15,111.3,0
2022-03-07 15:09:39,5,43,20.1,56,7.1,1013.5,1018.4,6.1,7.8,4,111.3,0
2022-03-07 15:14:39,5,43,20.1,56,7.1,1013.4,1018.3,3.7,8.2,4,111.3,0
2022-03-07 15:19:39,5,43,20.2,57,7.1,1013.5,1018.4,5.8,7.8,4,111.3,0
2022-03-07 15:24:39,5,43,20.2,57,7,1013.3,1018.2,6.8,9.2,4,111.3,0
2022-03-07 15:29:39,5,43,20.2,57,7.1,1013.3,1018.2,5.8,8.2,4,111.3,0
2022-03-07 15:34:39,5,43,20.2,57,7,1013.1,1018,7.8,9.2,4,111.3,0
2022-03-07 15:39:39,5,43,20.2,57,7,1013.1,1018,4.4,5.8,2,111.3,0
2022-03-07 15:44:39,5,43,20.2,58,7,1013.1,1018,8.2,9.9,4,111.3,0
2022-03-07 15:49:39,5,43,20.2,57,7,1012.8,1017.7,7.5,9.9,12,111.3,0
2022-03-07 15:54:39,5,43,20.2,57,7,1012.9,1017.8,5.8,7.1,,111.3,0
2022-03-07 15:59:39,5,43,20.2,57,6.9,1012.7,1017.6,6.8,8.5,4,111.3,0
2022-03-07 16:04:39,5,42,20.2,57,6.9,1012.8,1017.7,8.2,10.2,12,111.3,0
2022-03-07 16:09:39,5,42,20.2,58,6.9,1012.9,1017.8,6.1,7.1,4,111.3,0
2022-03-07 16:14:39,5,42,20.1,58,6.9,1012.7,1017.6,6.1,7.1,4,111.3,0
2022-03-07 16:19:39,5,42,20.1,,,1012.7,1017.6,,,,111.3,64
2022-03-07 16:24:39,5,42,20,58,6.8,1012.5,1017.4,5.1,7.1,0,111.3,0
2022-03-07 16:29:39,5,42,20,60,6.7,1012.6,1017.5,6.8,8.5,,111.3,0
2022-03-07 16:34:39,5,42,20,59,6.6,1012.4,1017.3,6.5,7.8,4,111.3,0
2022-03-07 16:39:39,5,42,20,60,6.6,1012.3,1017.2,7.1,9.2,8,111.3,0
2022-03-07 16:44:39,5,42,20,60,6.6,1012.2,1017.1,6.5,8.5,,111.3,0
2022-03-07 16:49:39,5,43,19.9,60,6.6,1011.9,1016.8,6.8,8.2,,111.3,0
2022-03-07 16:54:39,5,43,19.9,60,6.5,1011.9,1016.8,7.1,8.8,4,111.3,0
2022-03-07 16:59:39,5,43,19.8,60,6.5,1011.9,1016.8,6.1,7.8,4,111.3,0
2022-03-07 17:04:39,5,43,19.7,60,6.4,1011.7,1016.6,6.8,8.8,,111.3,0
2022-03-07 17:09:39,5,42,19.6,60,6.3,1011.8,1016.7,5.8,8.5,4,111.3,0
2022-03-07 17:14:39,5,43,19.6,60,6.3,1011.8,1016.7,5.4,6.5,4,111.3,0
2022-03-07 17:19:39,5,43,19.4,61,6.3,1011.6,1016.5,5.1,7.5,2,111.3,0
2022-03-07 17:24:39,5,43,19.5,61,6.2,1011.6,1016.5,6.5,7.8,4,111.3,0
2022-03-07 17:29:39,5,43,19.4,60,6.2,1011.5,1016.4,6.5,7.8,4,111.3,0
2022-03-07 17:34:39,5,43,19.3,60,6.2,1011.6,1016.5,5.8,7.5,,111.3,0
2022-03-07 17:39:39,5,43,19.2,60,6.2,1011.7,1016.6,5.1,6.1,,111.3,0
2022-03-07 17:44:39,5,43,19.2,61,6.1,1011.5,1016.4,4.1,5.8,,111.3,0
2022-03-07 17:49:39,5,43,19.2,61,6,1011.4,1016.3,3.7,4.8,4,111.3,0
2022-03-07 17:54:39,5,43,19.1,60,6,1011.5,1016.4,4.8,5.8,,111.3,0
2022-03-07 17:59:39,5,43,19.1,60,6,1011.5,1016.4,4.8,5.8,4,111.3,0
2022-03-07 18:04:39,5,43,19.1,61,5.9,1011.4,1016.3,4.1,4.8,4,111.3,0
2022-03-07 18:09:39,5,43,19,61,5.9,1011.1,1016,5.1,6.1,4,111.3,0
2022-03-07 18:14:39,5,44,18.9,61,5.9,1010.9,1015.8,5.4,6.5,4,111.3,0
2022-03-07 18:19:39,5,44,18.9,61,5.9,1010.9,1015.8,5.8,6.5,2,111.3,0
2022-03-07 18:24:39,5,44,18.8,61,5.9,1010.8,1015.7,4.4,6.1,4,111.3,0
2022-03-07 18:29:39,5,44,18.8,61,5.8,1010.8,1015.7,5.4,6.8,4,111.3,0
2022-03-07 18:34:39,5,44,18.7,61,5.8,1010.9,1015.8,5.1,6.1,4,111.3,0
2022-03-07 18:39:39,5,44,18.7,61,5.8,1010.7,1015.6,4.4,5.1,4,111.3,0
2022-03-07 18:44:39,5,45,18.7,61,5.8,1010.7,1015.6,3.7,4.8,4,111.3,0
2022-03-07 18:49:39,5,45,18.6,61,5.8,1010.6,1015.5,4.4,5.4,,111.3,0
2022-03-07 18:54:39,5,45,18.6,61,5.7,1010.6,1015.5,5.1,6.8,4,111.3,0
2022-03-07 18:59:39,5,45,18.7,61,5.8,1010.9,1015.8,4.4,5.1,,111.3,0
2022-03-07 19:04:39,5,46,18.6,61,5.7,1010.6,1015.5,4.1,4.8,4,111.3,0
2022-03-07 19:09:39,5,46,18.6,61,5.6,1010.5,1015.4,5.4,6.5,4,111.3,0
2022-03-07 19:14:39,5,46,18.6,61,5.6,1010.5,1015.4,4.4,5.4,4,111.3,0
2022-03-07 19:19:39,5,46,18.6,61,5.6,1010.5,1015.4,4.8,7.1,4,111.3,0
2022-03-07 19:24:39,5,46,18.7,61,5.6,1010.3,1015.2,3.7,5.4,4,111.3,0
2022-03-07 19:29:39,5,46,18.6,61,5.5,1010.3,1015.2,4.4,5.1,4,111.3,0
2022-03-07 19:34:39,5,46,18.6,61,5.5,1010.2,1015.1,4.1,6.5,4,111.3,0
2022-03-07 19:39:39,5,47,18.6,61,5.5,1010.2,1015.1,4.1,5.8,4,111.3,0
2022-03-07 19:44:39,5,47,18.6,61,5.4,1010,1014.9,3.4,4.1,,111.3,0
2022-03-07 19:49:39,5,47,18.6,61,5.4,1010,1014.9,4.8,6.1,,111.3,0
2022-03-07 19:54:39,5,47,18.6,61,5.4,1009.9,1014.8,3.4,5.1,4,111.3,0
2022-03-07 19:59:39,5,47,18.6,61,5.3,1009.7,1014.6,3.1,4.8,4,111.3,0
2022-03-07 20:04:39,5,48,18.6,62,5.3,1009.7,1014.6,5.4,6.1,4,111.3,0
2022-03-07 20:09:39,5,48,18.7,62,5.4,1009.6,1014.5,4.8,5.8,4,111.3,0
2022-03-07 20:14:39,5,48,18.7,62,5.3,1009.4,1014.3,8.2,9.5,,111.3,0
2022-03-07 20:19:39,5,48,18.7,62,5.3,1009.2,1014.1,5.4,7.1,4,111.3,0
2022-03-07 20:24:39,5,48,18.6,62,5.3,1009.4,1014.3,5.1,6.1,4,111.3,0
2022-03-07 20:29:39,5,48,18.7,62,5.3,1009.4,1014.3,4.4,5.4,4,111.3,0
2022-03-07 20:34:39,5,48,18.7,62,5.2,1009.3,1014.2,5.1,6.8,4,111.3,0
2022-03-07 20:39:39,5,48,18.7,63,5.1,1009.2,1014.1,5.1,6.5,4,111.3,0
2022-03-07 20:44:39,5,48,18.7,63,5.1,1009.1,1014,4.1,4.8,4,111.3,0
2022-03-07 20:49:39,5,49,18.8,63,5.1,1009.1,1014,5.1,6.5,4,111.3,0
2022-03-07 20:54:39,5,49,18.7,63,5,1008.9,1013.8,4.1,4.8,4,111.3,0
2022-03-07 20:59:39,5,50,18.8,63,5,1008.8,1013.7,5.1,5.8,4,111.3,0
2022-03-07 21:04:39,5,51,18.9,64,5,1008.7,1013.6,4.4,5.8,4,111.3,0
2022-03-07 21:09:39,5,50,19,64,5,1008.7,1013.6,4.1,5.4,4,111.3,0
2022-03-07 21:14:39,5,51,19.1,64,5,1008.6,1013.5,3.7,4.8,,111.3,0
2022-03-07 21:19:39,5,51,19.1,64,5,1008.5,1013.4,4.1,5.4,4,111.3,0
2022-03-07 21:24:39,5,51,19.2,63,5.1,1008.5,1013.4,5.4,7.1,15,111.3,0
2022-03-07 21:29:39,5,51,19.4,64,5.1,1008.3,1013.2,5.4,7.5,2,111.3,0
2022-03-07 21:34:39,5,51,19.4,64,5.1,1008.3,1013.2,4.4,6.1,4,111.3,0
2022-03-07 21:39:39,5,51,19.5,64,5.1,1008.3,1013.2,4.4,6.1,4,111.3,0
2022-03-07 21:44:39,5,51,19.5,64,5.1,1008,1012.9,4.8,6.1,4,111.3,0
2022-03-07 21:49:39,5,51,19.6,64,5.2,1008,1012.9,2.7,3.7,4,111.3,0
2022-03-07 21:54:39,5,51,19.6,64,5.2,1007.8,1012.7,4.1,5.8,4,111.3,0
2022-03-07 21:59:39,5,51,19.6,64,5.2,1007.6,1012.5,4.4,6.1,4,111.3,0
2022-03-07 22:04:39,5,51,19.6,64,5.3,1007.5,1012.4,4.8,6.1,4,111.3,0
2022-03-07 22:09:39,5,51,19.6,63,5.3,1007.6,1012.5,5.1,6.1,4,111.3,0
2022-03-07 22:14:39,5,51,19.6,63,5.3,1007.4,1012.3,3.7,5.4,,111.3,0
2022-03-07 22:19:39,5,51,19.6,63,5.3,1007.4,1012.3,4.4,5.4,4,111.3,0
2022-03-07 22:24:39,5,51,19.6,63,5.3,1007.2,1012.1,5.1,6.5,4,111.3,0
2022-03-07 22:29:39,5,51,19.6,63,5.4,1007.2,1012.1,3.7,4.4,4,111.3,0
2022-03-07 22:34:39,5,51,19.6,63,5.4,1007.1,1012,3.1,4.8,4,111.3,0
2022-03-07 22:39:39,5,51,19.6,63,5.3,1007,1011.9,2.4,4.1,4,111.3,0
2022-03-07 22:44:39,5,51,19.6,63,5.4,1006.9,1011.8,3.7,4.8,,111.3,0
2022-03-07 22:49:39,5,51,19.6,63,5.3,1007,1011.9,4.1,5.4,0,111.3,0
2022-03-07 22:54:39,5,51,19.6,63,5.2,1007,1011.9,3.4,4.4,4,111.3,0
2022-03-07 22:59:39,5,51,19.6,64,5.3,1006.7,1011.6,4.4,5.8,4,111.3,0
2022-03-07 23:04:39,5,51,19.6,63,5.4,1006.6,1011.5,2.7,3.7,,111.3,0
2022-03-07 23:09:39,5,51,19.6,63,5.4,1006.3,1011.2,3.7,5.1,0,111.3,0
2022-03-07 23:14:39,5,51,19.6,63,5.4,1006.3,1011.2,3.4,3.7,4,111.3,0
2022-03-07 23:19:39,5,50,19.6,63,5.4,1006,1010.9,2.4,3.1,,111.3,0
2022-03-07 23:24:39,5,50,19.6,64,5.4,1006.1,1011,5.4,6.5,,111.3,0
2022-03-07 23:29:39,5,50,19.6,64,5.4,1005.8,1010.7,3.7,4.8,4,111.3,0
2022-03-07 23:34:39,5,50,19.5,64,5.3,1005.8,1010.7,5.1,6.1,,111.3,0
2022-03-07 23:39:39,5,50,19.4,64,5.1,1005.7,1010.6,5.1,7.1,4,111.3,0
2022-03-07 23:44:39,5,50,19.4,64,5.2,1005.4,1010.3,5.8,7.5,4,111.3,0
2022-03-07 23:49:39,5,50,19.4,64,5.3,1005.5,1010.4,7.1,9.9,4,111.3,0
2022-03-07 23:54:39,5,49,19.5,63,5.5,1005.3,1010.2,7.5,9.2,4,111.3,0
2022-03-07 23:59:39,5,49,19.5,62,5.6,1005.1,1010,7.8,9.2,4,111.3,0
