2021-10-12 00:04:37,5,61,20.6,84,11.4,1029.5,1034.4,0.3,0.7,12,647.4,0
2021-10-12 00:09:37,5,61,20.6,84,11.5,1029.3,1034.2,0.3,0.3,10,647.4,0
2021-10-12 00:14:37,5,61,20.6,84,11.5,1029.4,1034.3,0.3,0.7,10,647.4,0
2021-10-12 00:19:37,5,61,20.6,84,11.5,1029.4,1034.3,0.3,0.3,10,647.4,0
2021-10-12 00:24:37,5,61,20.5,84,11.4,1029.4,1034.3,0,0,10,647.4,0
2021-10-12 00:29:37,5,61,20.5,84,11.4,1029.5,1034.4,0,0,10,647.4,0
2021-10-12 00:34:37,5,61,20.5,85,11.5,1029.5,1034.4,0,0.3,10,647.4,0
2021-10-12 00:39:37,5,61,20.5,85,11.5,1029.3,1034.2,0,0,10,647.4,0
2021-10-12 00:44:37,5,61,20.5,85,11.5,1029.4,1034.3,0.3,0.7,10,647.4,0
2021-10-12 00:49:37,5,61,20.5,85,11.5,1029.4,1034.3,0.7,1,10,647.4,0
2021-10-12 00:54:37,5,61,20.4,85,11.5,1029.4,1034.3,0.3,0.7,10,647.4,0
2021-10-12 00:59:37,5,61,20.4,85,11.5,1029.5,1034.4,0.3,0.7,10,647.4,0
2021-10-12 01:04:37,5,61,20.4,85,11.5,1029.3,1034.2,0.7,0.7,10,647.4,0
2021-10-12 01:09:37,5,61,20.4,85,11.5,1029.3,1034.2,0,0.3,10,647.4,0
2021-10-12 01:14:37,5,61,20.4,85,11.5,1029.3,1034.2,0,0.3,10,647.4,0
2021-10-12 01:19:37,5,61,20.4,86,11.4,1029.3,1034.2,0.3,0.7,10,647.4,0
2021-10-12 01:24:37,5,61,20.3,86,11.5,1029.3,1034.2,0,0.3,10,647.4,0
2021-10-12 01:29:37,5,61,20.3,86,11.4,1029.3,1034.2,0,0,10,647.4,0
2021-10-12 01:34:37,5,61,20.3,86,11.4,1029,1033.9,0,0,10,647.4,0
2021-10-12 01:39:37,5,61,20.3,86,11.3,1029.1,1034,0,0,10,647.4,0
2021-10-12 01:44:37,5,61,20.3,87,11.3,1029.1,1034,0,0,10,647.4,0
2021-10-12 01:49:37,5,61,20.3,87,11.2,1029.2,1034.1,0,0,10,647.4,0
2021-10-12 01:54:37,5,61,20.2,87,11.2,1029.1,1034,0,0,10,647.4,0
2021-10-12 01:59:37,5,61,20.2,87,11.2,1029.2,1034.1,0,0,10,647.4,0
2021-10-12 02:04:37,5,61,20.2,88,11.2,1029.2,1034.1,0,0,10,647.4,0
2021-10-12 02:09:37,5,61,20.2,88,11.2,1029.1,1034,0,0,10,647.4,0
2021-10-12 02:14:37,5,61,20.2,88,11.1,1029,1033.9,0,0,10,647.4,0
2021-10-12 02:19:37,5,61,20.2,88,11.2,1029.1,1034,0,0,10,647.4,0
2021-10-12 02:24:37,5,61,20.2,89,11.2,1028.9,1033.8,0,0,10,647.4,0
2021-10-12 02:29:37,5,61,20.2,89,11.2,1028.8,1033.7,0,0,10,647.4,0
2021-10-12 02:34:37,5,61,20.2,89,11.2,1028.7,1033.6,0,0,10,647.4,0
2021-10-12 02:39:37,5,61,20.1,89,11.2,1028.6,1033.5,0,0,10,647.4,0
2021-10-12 02:44:39,5,61,20.2,90,11.1,1028.6,1033.5,0,0,10,647.4,0
2021-10-12 02:49:37,5,61,20.1,90,11.1,1028.6,1033.5,0,0.3,10,647.4,0
2021-10-12 02:54:37,5,61,20.1,90,11.1,1028.8,1033.7,0,0.3,10,647.4,0
2021-10-12 02:59:37,5,61,20.1,90,11.1,1028.8,1033.7,0,0.3,10,647.4,0
2021-10-12 03:04:37,5,61,20.1,90,11.1,1028.7,1033.6,0,0,10,647.4,0
2021-10-12 03:09:37,5,61,20.1,90,11.1,1028.6,1033.5,0.3,0.7,10,647.4,0
2021-10-12 03:14:37,5,61,20.1,90,11.1,1028.6,1033.5,0,0.3,10,647.4,0
2021-10-12 03:19:37,5,61,20.1,90,11.1,1028.8,1033.7,0,0,10,647.4,0
2021-10-12 03:24:37,5,61,20,90,11.1,1028.6,1033.5,0.3,0.7,10,647.4,0
2021-10-12 03:29:37,5,61,20.1,91,11.1,1028.5,1033.4,0.3,0.7,10,647.4,0
2021-10-12 03:34:37,5,61,20,91,11.1,1028.3,1033.2,0.3,0.7,10,647.4,0
2021-10-12 03:39:37,5,61,20,91,11.1,1028.4,1033.3,0,0,10,647.4,0
2021-10-12 03:44:37,5,61,20,91,11.1,1028.2,1033.1,0.7,1,10,647.4,0
2021-10-12 03:49:37,5,61,20,91,11.1,1028.3,1033.2,0.3,0.7,10,647.4,0
2021-10-12 03:54:37,5,61,20,91,11.1,1028.3,1033.2,0,0.3,10,647.4,0
2021-10-12 03:59:37,5,61,20,91,11.1,1028.4,1033.3,0.3,0.7,10,647.4,0
2021-10-12 04:04:37,5,61,20,91,11.2,1028.2,1033.1,0.3,0.7,10,647.4,0
2021-10-12 04:09:37,5,61,20,91,11.2,1028.2,1033.1,0.3,0.7,10,647.4,0
2021-10-12 04:14:37,5,61,20,91,11.2,1028.4,1033.3,0,0,10,647.4,0
2021-10-12 04:19:37,5,62,19.9,91,11.2,1028.3,1033.2,0,0,10,647.4,0
2021-10-12 04:24:37,5,62,19.9,91,11.2,1028.3,1033.2,0.3,0.7,10,647.4,0
2021-10-12 04:29:37,5,62,19.9,91,11.2,1028.3,1033.2,0.3,0.7,10,647.4,0
2021-10-12 04:34:37,5,62,19.9,91,11.2,1028.3,1033.2,0.3,0.7,10,647.4,0
2021-10-12 04:39:37,5,62,19.9,91,11.2,1028.1,1033,0,0.3,10,647.4,0
2021-10-12 04:44:37,5,62,19.9,91,11.2,1028.1,1033,0,0.3,10,647.4,0
2021-10-12 04:49:37,5,62,19.9,91,11.3,1028.2,1033.1,0,0,10,647.4,0
2021-10-12 04:54:37,5,62,19.9,91,11.3,1028.1,1033,0,0.3,10,647.4,0
2021-10-12 04:59:37,5,62,19.9,91,11.3,1028.1,1033,0,0,10,647.4,0
2021-10-12 05:04:37,5,62,19.9,91,11.3,1028.2,1033.1,0,0,10,647.4,0
2021-10-12 05:09:37,5,62,19.9,91,11.3,1028.2,1033.1,0.3,0.7,10,647.4,0
2021-10-12 05:14:37,5,62,19.9,91,11.3,1028.2,1033.1,0,0,10,647.4,0
2021-10-12 05:19:37,5,62,19.9,91,11.2,1028.3,1033.2,0.3,0.7,10,647.4,0
2021-10-12 05:24:37,5,62,19.8,90,11.2,1028.4,1033.3,0,0,10,647.4,0
2021-10-12 05:29:37,5,62,19.8,90,11.2,1028.3,1033.2,0,0,10,647.4,0
2021-10-12 05:34:37,5,62,19.8,90,11.2,1028.3,1033.2,0,0,10,647.4,0
2021-10-12 05:39:37,5,62,19.8,90,11.1,1028.2,1033.1,0.3,0.7,10,647.4,0
2021-10-12 05:44:37,5,62,19.8,91,11.1,1028.1,1033,0,0.3,10,647.4,0
2021-10-12 05:49:37,5,62,19.8,91,11.1,1028.3,1033.2,0,0.3,10,647.4,0
2021-10-12 05:54:37,5,62,19.8,91,11.2,1028.4,1033.3,0.7,1,10,647.4,0
2021-10-12 05:59:37,5,62,19.8,90,11.3,1028.3,1033.2,0,0,10,647.4,0
2021-10-12 06:04:37,5,62,19.7,90,11.3,1028.2,1033.1,0,0,10,647.4,0
2021-10-12 06:09:37,5,62,19.8,90,11.2,1028.1,1033,0.3,0.7,10,647.4,0
2021-10-12 06:14:37,5,62,19.8,90,11.2,1027.9,1032.8,0.3,0.7,10,647.4,0
2021-10-12 06:19:37,5,62,19.8,90,11.1,1028.1,1033,0,0,10,647.4,0
2021-10-12 06:24:37,5,62,19.8,90,11,1028,1032.9,0,0.3,8,647.4,0
2021-10-12 06:29:37,5,62,19.7,90,10.9,1028,1032.9,0,0,10,647.4,0
2021-10-12 06:34:37,5,62,19.7,90,10.8,1028.1,1033,0,0,10,647.4,0
2021-10-12 06:39:37,5,62,19.7,90,10.8,1028,1032.9,0,0,10,647.4,0
2021-10-12 06:44:37,5,62,19.7,90,10.8,1028.1,1033,0,0,10,647.4,0
2021-10-12 06:49:37,5,62,19.7,90,10.8,1028.1,1033,0.3,0.7,10,647.4,0
2021-10-12 06:54:37,5,62,19.7,90,10.8,1028.1,1033,0,0.3,10,647.4,0
2021-10-12 06:59:37,5,62,19.7,90,10.8,1028.3,1033.2,0.3,0.7,10,647.4,0
2021-10-12 07:04:37,5,62,19.7,90,10.8,1028.4,1033.3,0,0.3,10,647.4,0
2021-10-12 07:09:37,5,62,19.7,91,10.8,1028.4,1033.3,0,0,10,647.4,0
2021-10-12 07:14:37,5,62,19.7,91,10.8,1028.2,1033.1,0.3,0.7,10,647.4,0
2021-10-12 07:19:37,5,62,19.7,91,10.8,1028.2,1033.1,0.3,0.7,10,647.4,0
2021-10-12 07:24:37,5,62,19.7,91,10.9,1028.5,1033.4,0.3,0.7,10,647.4,0
2021-10-12 07:29:37,5,62,19.7,91,10.9,1028.5,1033.4,0,0.3,10,647.4,0
2021-10-12 07:34:37,5,62,19.7,91,11,1028.4,1033.3,0.3,0.7,10,647.4,0
2021-10-12 07:39:37,5,62,19.7,91,11,1028.4,1033.3,0,0.3,10,647.4,0
2021-10-12 07:44:37,5,62,19.7,91,11.1,1028.4,1033.3,0.3,0.7,10,647.4,0
2021-10-12 07:49:37,5,62,19.6,91,11.2,1028.2,1033.1,0,0,10,647.4,0
2021-10-12 07:54:37,5,62,19.7,91,11.3,1028.4,1033.3,0.3,0.7,10,647.4,0
2021-10-12 07:59:37,5,62,19.7,91,11.4,1028.4,1033.3,0.3,1,10,647.4,0
2021-10-12 08:04:37,5,62,19.6,91,11.7,1028.4,1033.3,0,0.3,10,647.4,0
2021-10-12 08:09:37,5,62,19.7,91,12,1028.4,1033.3,0.3,0.7,,647.4,0
2021-10-12 08:14:37,5,61,19.7,91,12.1,1028.4,1033.3,0.7,1,10,647.4,0
2021-10-12 08:19:37,5,60,19.7,90,12.1,1028.5,1033.4,0,0.3,10,647.4,0
2021-10-12 08:24:37,5,60,19.6,90,12.2,1028.4,1033.3,0,0.3,10,647.4,0
2021-10-12 08:29:37,5,61,19.6,89,12.3,1028.3,1033.2,0,0.3,10,647.4,0
2021-10-12 08:34:37,5,61,19.6,88,12.4,1028.5,1033.4,0,0,10,647.4,0
2021-10-12 08:39:37,5,61,19.7,84,12.5,1028.4,1033.3,0.3,0.3,10,647.4,0
2021-10-12 08:44:37,5,61,19.7,84,12.6,1028.5,1033.4,0,0,10,647.4,0
2021-10-12 08:49:37,5,62,19.7,83,12.7,1028.4,1033.3,0,0.7,12,647.4,0
2021-10-12 08:54:37,5,62,19.8,83,12.7,1028.4,1033.3,0,0,10,647.4,0
2021-10-12 08:59:37,5,62,19.9,83,12.8,1028.3,1033.2,0.3,0.7,10,647.4,0
2021-10-12 09:04:37,5,60,20,82,12.8,1028.4,1033.3,0,0,10,647.4,0
2021-10-12 09:09:37,5,58,20,81,12.9,1028.2,1033.1,0.3,0.7,10,647.4,0
2021-10-12 09:14:37,5,57,20,81,12.9,1028.4,1033.3,0.3,0.7,10,647.4,0
2021-10-12 09:19:37,5,57,20,81,13,1028.3,1033.2,0.3,0.7,10,647.4,0
2021-10-12 09:24:37,5,57,20,80,13.2,1028.4,1033.3,0,0,10,647.4,0
2021-10-12 09:29:37,5,57,20,79,13.3,1028.4,1033.3,0,0.3,10,647.4,0
2021-10-12 09:34:37,5,58,20.1,77,13.3,1028.2,1033.1,0.3,0.7,10,647.4,0
2021-10-12 09:39:37,5,58,20.1,75,13.3,1028.3,1033.2,1.4,2,2,647.4,0
2021-10-12 09:44:37,5,59,20.2,73,13.3,1028.5,1033.4,0.3,0.3,2,647.4,0
2021-10-12 09:49:37,5,59,20.3,73,13.5,1028.4,1033.3,0.7,1,10,647.4,0
2021-10-12 09:54:37,5,59,20.3,73,13.3,1028.3,1033.2,0.3,0.7,,647.4,0
2021-10-12 09:59:37,5,60,20.4,73,13.4,1028.4,1033.3,0.3,0.7,0,647.4,0
2021-10-12 10:04:37,5,60,20.5,73,13.6,1028.5,1033.4,1,1.4,12,647.4,0
2021-10-12 10:09:37,5,60,20.5,73,13.5,1028.4,1033.3,0.3,0.7,12,647.4,0
2021-10-12 10:14:37,5,60,20.5,73,13.5,1028.4,1033.3,0.3,0.7,12,647.4,0
2021-10-12 10:19:37,5,60,20.6,73,13.4,1028.5,1033.4,1,1,14,647.4,0
2021-10-12 10:24:37,5,60,20.6,74,13.9,1028.3,1033.2,0.3,0.7,8,647.4,0
2021-10-12 10:29:37,5,60,20.6,73,14.2,1028.4,1033.3,0.7,1,8,647.4,0
2021-10-12 10:34:37,5,60,20.7,72,14.1,1028.2,1033.1,0.3,0.7,10,647.4,0
2021-10-12 10:39:37,5,60,20.7,73,14.2,1028.1,1033,0.3,1,12,647.4,0
2021-10-12 10:44:37,5,60,20.7,72,14.3,1028.2,1033.1,0.7,1,0,647.4,0
2021-10-12 10:49:37,5,59,20.7,72,14.6,1028.4,1033.3,1.4,2,2,647.4,0
2021-10-12 10:54:37,5,59,20.7,71,14.4,1028.3,1033.2,0.7,1,0,647.4,0
2021-10-12 10:59:37,5,60,20.8,71,14.4,1028.4,1033.3,0.7,1,0,647.4,0
2021-10-12 11:04:37,5,60,20.8,71,14.6,1028.2,1033.1,1,1.4,8,647.4,0
2021-10-12 11:09:37,5,60,20.8,70,14.4,1028.3,1033.2,0.7,1,14,647.4,0
2021-10-12 11:14:37,5,60,20.8,70,14.3,1028.2,1033.1,1.4,1.7,12,647.4,0
2021-10-12 11:19:37,5,60,20.8,70,14.3,1028.1,1033,0.7,0.7,4,647.4,0
2021-10-12 11:24:37,5,60,20.9,71,14.7,1028.2,1033.1,1,1.4,2,647.4,0
2021-10-12 11:29:37,5,60,20.9,71,14.9,1028,1032.9,1,1.4,0,647.4,0
2021-10-12 11:34:37,5,60,20.9,70,15.2,1028.1,1033,0,0.3,14,647.4,0
2021-10-12 11:39:37,5,59,21,70,15.3,1028.2,1033.1,1,1.4,0,647.4,0
2021-10-12 11:44:37,5,59,21,70,15.3,1028.2,1033.1,0.3,1,0,647.4,0
2021-10-12 11:49:37,5,59,21,69,15,1028,1032.9,1,1.4,0,647.4,0
2021-10-12 11:54:37,5,58,21,69,14.7,1027.9,1032.8,1.7,2,14,647.4,0
2021-10-12 11:59:37,5,58,21,70,14.3,1028,1032.9,0.7,1,12,647.4,0
2021-10-12 12:04:37,5,58,21,71,14.5,1028,1032.9,0.7,1,15,647.4,0
2021-10-12 12:09:37,5,59,21,70,14.4,1028,1032.9,1.4,2,12,647.4,0
2021-10-12 12:14:37,5,59,21,71,14.4,1028.2,1033.1,1,1.4,10,647.4,0
2021-10-12 12:19:37,5,59,21,71,14.5,1028,1032.9,0.3,1,14,647.4,0
2021-10-12 12:24:37,5,59,21,71,14.4,1028,1032.9,0.7,1,14,647.4,0
2021-10-12 12:29:37,5,59,21,71,14.5,1027.8,1032.7,0.7,1,14,647.4,0
2021-10-12 12:34:37,5,60,20.9,71,14.6,1027.9,1032.8,0.7,1,12,647.4,0
2021-10-12 12:39:37,5,60,20.9,70,14.6,1027.8,1032.7,0.3,0.7,10,647.4,0
2021-10-12 12:44:37,5,60,20.9,71,14.5,1027.8,1032.7,0.3,1,12,647.4,0
2021-10-12 12:49:37,5,60,20.9,71,14.6,1027.6,1032.5,0.3,0.7,12,647.4,0
2021-10-12 12:54:37,5,60,20.8,71,14.6,1027.7,1032.6,1.7,2.4,0,647.4,0
2021-10-12 12:59:37,5,60,20.8,71,14.4,1027.6,1032.5,0.3,0.7,2,647.4,0
2021-10-12 13:04:37,5,60,20.9,72,14.5,1027.5,1032.4,0.7,1,2,647.4,0
2021-10-12 13:09:37,5,60,20.9,72,14.6,1027.6,1032.5,1.7,2,2,647.4,0
2021-10-12 13:14:37,5,60,20.9,71,14.6,1027.5,1032.4,0.3,0.7,0,647.4,0
2021-10-12 13:19:37,5,60,20.9,71,14.7,1027.5,1032.4,1.4,1.7,0,647.4,0
2021-10-12 13:24:37,5,60,20.9,71,14.6,1027.6,1032.5,1.7,2,14,647.4,0
2021-10-12 13:29:37,5,59,21,71,14.6,1027.6,1032.5,1,1.7,0,647.4,0
2021-10-12 13:34:37,5,59,21,72,14.6,1027.7,1032.6,1.4,1.7,0,647.4,0
2021-10-12 13:39:37,5,59,21.1,72,14.5,1027.6,1032.5,1.7,2.7,12,647.4,0
2021-10-12 13:44:37,5,59,21,72,14.5,1027.5,1032.4,0.7,1,10,647.4,0
2021-10-12 13:49:37,5,59,21.1,73,14.8,1027.4,1032.3,1,1,12,647.4,0
2021-10-12 13:54:37,5,59,21.1,72,14.8,1027.4,1032.3,0.3,0.7,4,647.4,0
2021-10-12 13:59:37,5,59,21.1,71,14.7,1027.4,1032.3,1,1.4,12,647.4,0
2021-10-12 14:04:37,5,59,21.1,71,14.5,1027.4,1032.3,1.7,2,14,647.4,0
2021-10-12 14:09:37,5,59,21.1,71,14.3,1027.3,1032.2,0.7,1,14,647.4,0
2021-10-12 14:14:37,5,59,21.2,72,14.5,1027.3,1032.2,0.7,0.7,12,647.4,0
2021-10-12 14:19:37,5,59,21.2,72,14.8,1027.2,1032.1,0.3,0.7,12,647.4,0
2021-10-12 14:24:37,5,59,21.2,71,14.9,1027.2,1032.1,0,0.3,10,647.4,0
2021-10-12 14:29:37,5,59,21.4,72,15,1027.2,1032.1,0.3,0.7,8,647.4,0
2021-10-12 14:34:37,5,59,21.4,71,14.7,1027.1,1032,0.7,1,10,647.4,0
2021-10-12 14:39:37,5,59,21.4,72,14.6,1027.1,1032,0.7,1,14,647.4,0
2021-10-12 14:44:37,5,59,21.4,72,14.4,1027.1,1032,1,1.4,14,647.4,0
2021-10-12 14:49:37,5,59,21.4,72,14.2,1027.1,1032,0.3,0.7,12,647.4,0
2021-10-12 14:54:37,5,59,21.4,72,14.3,1027,1031.9,1,1.4,0,647.4,0
2021-10-12 14:59:37,5,59,21.4,72,14.3,1027.1,1032,0.3,0.7,0,647.4,0
2021-10-12 15:04:37,5,59,21.4,72,14.4,1027,1031.9,0.7,1,14,647.4,0
2021-10-12 15:09:37,5,59,21.4,72,14.5,1027.1,1032,0.7,1,0,647.4,0
2021-10-12 15:14:37,5,59,21.4,72,14.5,1026.9,1031.8,0.3,0.7,2,647.4,0
2021-10-12 15:19:37,5,59,21.4,71,14.7,1026.9,1031.8,0.7,1,0,647.4,0
2021-10-12 15:24:37,5,59,21.4,71,14.8,1027.1,1032,0.7,1,12,647.4,0
2021-10-12 15:29:37,5,59,21.4,71,14.8,1027.1,1032,0,0,12,647.4,0
2021-10-12 15:34:37,5,59,21.4,70,14.8,1026.9,1031.8,0.3,0.7,10,647.4,0
2021-10-12 15:39:37,5,59,21.4,71,14.7,1027,1031.9,0,0.3,10,647.4,0
2021-10-12 15:44:37,5,59,21.4,71,14.6,1027,1031.9,0,0,8,647.4,0
2021-10-12 15:49:37,5,59,21.4,71,14.5,1026.9,1031.8,0.3,0.7,8,647.4,0
2021-10-12 15:54:37,5,59,21.4,71,14.3,1027.1,1032,0,0,,647.4,0
2021-10-12 15:59:37,5,59,21.4,71,14.3,1027,1031.9,0,0,,647.4,0
2021-10-12 16:04:37,5,59,21.1,72,14.1,1027,1031.9,0,0,,647.4,0
2021-10-12 16:09:37,5,58,21.2,73,14,1027.1,1032,0,0.3,,647.4,0
2021-10-12 16:14:37,5,58,21.2,73,13.8,1027,1031.9,0.3,0.7,,647.4,0
2021-10-12 16:19:37,5,58,21.2,74,13.6,1026.9,1031.8,0.3,0.7,,647.4,0
2021-10-12 16:24:37,5,58,21.1,74,13.5,1026.9,1031.8,0.3,0.7,,647.4,0
2021-10-12 16:29:37,5,58,21.1,75,13.5,1026.9,1031.8,0,0,,647.4,0
2021-10-12 16:34:37,5,58,21,76,13.5,1027,1031.9,0,0,,647.4,0
2021-10-12 16:39:37,5,57,21,76,13.5,1027.2,1032.1,0.3,0.7,,647.4,0
2021-10-12 16:44:37,5,59,20.9,76,13.5,1027,1031.9,0.3,0.3,,647.4,0
2021-10-12 16:49:37,5,59,20.9,77,13.4,1027.1,1032,0.3,0.7,,647.4,0
2021-10-12 16:54:37,5,59,20.9,77,13.4,1027.1,1032,0,0,,647.4,0
2021-10-12 16:59:37,5,60,20.8,77,13.4,1027,1031.9,0,0,,647.4,0
2021-10-12 17:04:37,5,60,20.8,77,13.3,1027.2,1032.1,0.3,0.7,0,647.4,0
2021-10-12 17:09:37,5,60,20.8,77,13.4,1027.1,1032,0,0,0,647.4,0
2021-10-12 17:14:37,5,60,20.7,76,13.4,1027.3,1032.2,0,0,14,647.4,0
2021-10-12 17:19:37,5,60,20.7,76,13.3,1027.1,1032,0,0.3,14,647.4,0
2021-10-12 17:24:37,5,60,20.7,76,13.2,1027.2,1032.1,0,0,14,647.4,0
2021-10-12 17:29:37,5,60,20.6,76,13.2,1027.3,1032.2,0,0,14,647.4,0
2021-10-12 17:34:37,5,60,20.6,76,13.2,1027.2,1032.1,0,0,12,647.4,0
2021-10-12 17:39:37,5,60,20.6,76,13.1,1027.4,1032.3,0,0,12,647.4,0
2021-10-12 17:44:37,5,60,20.5,75,13.1,1027.2,1032.1,0,0,12,647.4,0
2021-10-12 17:49:37,5,60,20.5,76,13,1027.2,1032.1,0,0,12,647.4,0
2021-10-12 17:54:37,5,60,20.5,76,13,1027.2,1032.1,0,0,12,647.4,0
2021-10-12 17:59:37,5,60,20.4,77,12.9,1027.1,1032,0,0,12,647.4,0
2021-10-12 18:04:37,5,60,20.4,77,12.8,1027.1,1032,0,0,12,647.4,0
2021-10-12 18:09:37,5,60,20.4,78,12.8,1027.2,1032.1,0,0,12,647.4,0
2021-10-12 18:14:37,5,60,20.4,78,12.7,1027.2,1032.1,0,0,12,647.4,0
2021-10-12 18:19:37,5,60,20.3,79,12.7,1027.2,1032.1,0,0,12,647.4,0
2021-10-12 18:24:37,5,60,20.3,79,12.6,1027.2,1032.1,0,0,12,647.4,0
2021-10-12 18:29:37,5,58,20.2,80,12.6,1027.5,1032.4,0,0,12,647.4,0
2021-10-12 18:34:37,5,57,20.1,80,12.6,1027.3,1032.2,0.3,0.7,10,647.4,0
2021-10-12 18:39:37,5,57,20.1,80,12.6,1027.5,1032.4,0.3,0.3,10,647.4,0
2021-10-12 18:44:37,5,58,20.1,80,12.5,1027.5,1032.4,0.3,0.7,10,647.4,0
2021-10-12 18:49:37,5,59,20.2,81,12.5,1027.6,1032.5,0,0,10,647.4,0
2021-10-12 18:54:37,5,60,20.2,81,12.5,1027.5,1032.4,0,0,10,647.4,0
2021-10-12 18:59:37,5,60,20.2,81,12.5,1027.6,1032.5,0,0,10,647.4,0
2021-10-12 19:04:37,5,61,20.3,81,12.5,1027.6,1032.5,0.3,0.7,10,647.4,0
2021-10-12 19:09:37,5,61,20.4,81,12.5,1027.5,1032.4,0,0,8,647.4,0
2021-10-12 19:14:37,5,61,20.5,81,12.5,1027.5,1032.4,0,0,8,647.4,0
2021-10-12 19:19:37,5,61,20.5,84,12.4,1027.5,1032.4,0.3,0.7,,647.4,0
2021-10-12 19:24:37,5,61,20.6,84,12.4,1027.5,1032.4,0,0,4,647.4,0
2021-10-12 19:29:37,5,61,20.6,85,12.3,1027.5,1032.4,0,0,4,647.4,0
2021-10-12 19:34:37,5,61,20.6,85,12.3,1027.6,1032.5,0,0,8,647.4,0
2021-10-12 19:39:37,5,61,20.7,85,12.3,1027.5,1032.4,0.3,0.7,4,647.4,0
2021-10-12 19:44:37,5,61,20.7,85,12.3,1027.4,1032.3,0,0,4,647.4,0
2021-10-12 19:49:37,5,61,20.8,85,12.3,1027.5,1032.4,0.3,0.7,4,647.4,0
2021-10-12 19:54:37,5,61,20.8,85,12.3,1027.6,1032.5,0.3,0.7,10,647.4,0
2021-10-12 19:59:37,5,61,20.9,86,12.3,1027.6,1032.5,0.3,0.7,,647.4,0
2021-10-12 20:04:37,5,61,20.9,85,12.3,1027.6,1032.5,0.3,0.7,,647.4,0
2021-10-12 20:09:37,5,60,21,85,12.3,1027.5,1032.4,0,0.3,4,647.4,0
2021-10-12 20:14:37,5,60,21,85,12.3,1027.5,1032.4,0,0,10,647.4,0
2021-10-12 20:19:37,5,60,21,85,12.3,1027.6,1032.5,0,0.3,10,647.4,0
2021-10-12 20:24:37,5,60,21.1,85,12.3,1027.5,1032.4,0.3,0.7,10,647.4,0
2021-10-12 20:29:37,5,60,21.1,85,12.3,1027.4,1032.3,0,0.3,10,647.4,0
2021-10-12 20:34:37,5,60,21.1,85,12.3,1027.5,1032.4,0,0,10,647.4,0
2021-10-12 20:39:37,5,60,21.1,85,12.3,1027.3,1032.2,0,0,10,647.4,0
2021-10-12 20:44:37,5,60,21.2,85,12.3,1027.3,1032.2,0,0.3,10,647.4,0
2021-10-12 20:49:37,5,60,21.2,85,12.3,1027.3,1032.2,0,0.3,10,647.4,0
2021-10-12 20:54:37,5,61,21.2,85,12.3,1027.3,1032.2,0,0,10,647.4,0
2021-10-12 20:59:37,5,61,21.1,85,12.2,1027.3,1032.2,0,0,10,647.4,0
2021-10-12 21:04:37,5,61,21.2,85,12.2,1027.2,1032.1,0,0,10,647.4,0
2021-10-12 21:09:37,5,61,21.2,85,12.1,1027.2,1032.1,0,0,10,647.4,0
2021-10-12 21:14:37,5,60,21.1,85,12.1,1027.2,1032.1,0,0,10,647.4,0
2021-10-12 21:19:37,5,60,21.2,85,12,1027.2,1032.1,0,0,10,647.4,0
2021-10-12 21:24:37,5,60,21.2,85,12,1027.2,1032.1,0,0.3,8,647.4,0
2021-10-12 21:29:37,5,60,21.2,85,12,1027.1,1032,0.3,0.7,10,647.4,0
2021-10-12 21:34:37,5,60,21.2,85,12,1027.2,1032.1,0,0.3,10,647.4,0
2021-10-12 21:39:37,5,60,21.1,85,12,1027.3,1032.2,0.3,0.7,8,647.4,0
2021-10-12 21:44:37,5,60,21.1,85,12,1027.4,1032.3,0.3,0.7,10,647.4,0
2021-10-12 21:49:37,5,60,21,85,12,1027.1,1032,0,0.3,10,647.4,0
2021-10-12 21:54:37,5,61,21,85,12,1027.2,1032.1,0.3,0.7,10,647.4,0
2021-10-12 21:59:37,5,61,21,85,12,1027.2,1032.1,0.3,0.7,10,647.4,0
2021-10-12 22:04:37,5,62,20.9,85,11.9,1027.2,1032.1,0,0.3,10,647.4,0
2021-10-12 22:09:37,5,62,20.9,85,11.9,1027.3,1032.2,0,0.3,10,647.4,0
2021-10-12 22:14:37,5,62,20.9,84,11.9,1027.2,1032.1,0,0,10,647.4,0
2021-10-12 22:19:37,5,62,20.9,84,11.8,1027.1,1032,0.3,0.7,12,647.4,0
2021-10-12 22:24:37,5,62,20.8,84,11.8,1027.2,1032.1,0,0.3,10,647.4,0
2021-10-12 22:29:37,5,62,20.8,84,11.8,1027.1,1032,0,0,10,647.4,0
2021-10-12 22:34:37,5,62,20.8,84,11.8,1027,1031.9,0.3,0.7,10,647.4,0
2021-10-12 22:39:37,5,62,20.7,83,11.8,1027.1,1032,0,0,10,647.4,0
2021-10-12 22:44:37,5,62,20.7,83,11.8,1027.2,1032.1,0.3,0.7,4,647.4,0
2021-10-12 22:49:37,5,62,20.7,83,11.9,1027.2,1032.1,0,0,4,647.4,0
2021-10-12 22:54:37,5,62,20.6,83,11.9,1027.1,1032,0,0,4,647.4,0
2021-10-12 22:59:37,5,62,20.6,83,11.9,1027.2,1032.1,0,0,4,647.4,0
2021-10-12 23:04:37,5,62,20.5,83,11.8,1027.2,1032.1,0,0,4,647.4,0
2021-10-12 23:09:37,5,62,20.6,83,11.8,1027.2,1032.1,0.7,1,10,647.4,0
2021-10-12 23:14:37,5,62,20.5,83,11.8,1027.2,1032.1,1,1.4,10,647.4,0
2021-10-12 23:19:37,5,62,20.6,83,11.9,1027.2,1032.1,0.7,1.4,10,647.4,0
2021-10-12 23:24:37,5,62,20.6,82,12,1027.2,1032.1,0,0.3,,647.4,0
2021-10-12 23:29:37,5,62,20.5,82,11.9,1027.1,1032,0,0,8,647.4,0
2021-10-12 23:34:37,5,62,20.5,82,11.9,1027.2,1032.1,0,0,8,647.4,0
2021-10-12 23:39:37,5,62,20.5,82,11.8,1026.9,1031.8,0,0,0,647.4,0
2021-10-12 23:44:37,5,62,20.5,82,11.8,1027,1031.9,0,0,0,647.4,0
2021-10-12 23:49:37,5,62,20.5,82,11.7,1027.2,1032.1,0,0,0,647.4,0
2021-10-12 23:54:37,5,62,20.4,82,11.7,1027,1031.9,0,0,0,647.4,0
2021-10-12 23:59:37,5,62,20.4,82,11.7,1027,1031.9,0,0.3,0,647.4,0
