2021-10-08 00:00:38,5,70,20.9,97,16.4,1018.1,1023,0.7,1,10,642.6,0
2021-10-08 00:05:38,5,70,20.9,97,16.4,1018.1,1023,1,1.4,8,642.6,0
2021-10-08 00:10:38,5,70,20.9,97,16.4,1018,1022.9,0.7,1,10,642.6,0
2021-10-08 00:15:38,5,70,20.9,97,16.4,1018.3,1023.2,1,1.7,10,642.6,0
2021-10-08 00:20:38,5,70,20.9,97,16.4,1018.2,1023.1,1.4,2,4,642.6,0
2021-10-08 00:25:38,5,70,20.9,97,16.5,1018.3,1023.2,1,1.7,,642.6,0
2021-10-08 00:30:38,5,70,20.9,97,16.5,1018.3,1023.2,0.7,1,8,642.6,0
2021-10-08 00:35:38,5,70,20.9,97,16.5,1018.3,1023.2,1,1.7,8,642.6,0
2021-10-08 00:40:38,5,70,20.8,96,16.5,1018.5,1023.4,1,1.4,10,642.6,0
2021-10-08 00:45:38,5,70,20.8,96,16.5,1018.4,1023.3,1,1.4,12,642.6,0
2021-10-08 00:50:38,5,70,20.8,96,16.5,1018.5,1023.4,1.4,2,8,642.6,0
2021-10-08 00:55:38,5,70,20.8,96,16.5,1018.5,1023.4,1,1.4,8,642.6,0
2021-10-08 01:00:38,5,70,20.8,96,16.5,1018.4,1023.3,1.4,2.4,8,642.6,0
2021-10-08 01:05:38,5,70,20.8,96,16.5,1018.6,1023.5,1,1.7,10,642.6,0
2021-10-08 01:10:38,5,70,20.8,96,16.5,1018.6,1023.5,1,1.7,10,642.6,0
2021-10-08 01:15:38,5,70,20.8,95,16.5,1018.6,1023.5,0.7,1.4,10,642.6,0
2021-10-08 01:20:38,5,70,20.8,95,16.5,1018.6,1023.5,0.7,1.4,10,642.6,0
2021-10-08 01:25:38,5,70,20.8,95,16.5,1018.6,1023.5,1,1.7,10,642.6,0
2021-10-08 01:30:38,5,70,20.8,95,16.5,1018.7,1023.6,0.7,1,10,642.6,0
2021-10-08 01:35:38,5,70,20.8,95,16.5,1018.8,1023.7,0.3,0.7,10,642.6,0
2021-10-08 01:40:38,5,70,20.8,95,16.4,1018.8,1023.7,0.3,1,12,642.6,0
2021-10-08 01:45:38,5,70,20.7,95,16.5,1018.7,1023.6,0.7,1,10,642.6,0
2021-10-08 01:50:38,5,70,20.7,95,16.5,1018.8,1023.7,0.7,1,,642.6,0
2021-10-08 01:55:38,5,70,20.7,95,16.4,1018.8,1023.7,1.7,2.4,10,642.6,0
2021-10-08 02:00:38,5,70,20.8,96,16.4,1018.8,1023.7,0.7,1.4,10,642.6,0
2021-10-08 02:05:38,5,70,20.7,96,16.4,1018.9,1023.8,1,1.4,10,642.6,0
2021-10-08 02:10:38,5,70,20.7,96,16.4,1018.8,1023.7,1,1,10,642.6,0
2021-10-08 02:15:38,5,70,20.7,96,16.4,1018.9,1023.8,1,1.7,10,642.6,0
2021-10-08 02:20:38,5,70,20.7,96,16.5,1018.8,1023.7,1,1,10,642.6,0
2021-10-08 02:25:39,5,70,20.7,96,16.5,1018.7,1023.6,1.7,3.4,8,642.6,0
2021-10-08 02:30:38,5,70,20.7,96,16.5,1018.6,1023.5,0.7,0.7,10,642.6,0
2021-10-08 02:35:38,5,70,20.7,96,16.4,1018.6,1023.5,1,1.4,10,642.6,0
2021-10-08 02:40:38,5,70,20.7,96,16.4,1018.6,1023.5,0.3,1,8,642.6,0
2021-10-08 02:45:38,5,70,20.7,96,16.4,1018.7,1023.6,0.7,1,10,642.6,0
2021-10-08 02:50:38,5,70,20.7,96,16.4,1018.7,1023.6,0.3,0.7,12,642.6,0
2021-10-08 02:55:38,5,70,20.7,96,16.4,1018.9,1023.8,0.7,1,10,642.6,0
2021-10-08 03:00:38,5,70,20.7,96,16.4,1018.6,1023.5,1,1.4,10,642.6,0
2021-10-08 03:05:38,5,70,20.7,96,16.4,1018.7,1023.6,1,1.4,10,642.6,0
2021-10-08 03:10:38,5,70,20.7,96,16.4,1018.6,1023.5,0.7,1,10,642.6,0
2021-10-08 03:15:38,5,70,20.7,96,16.4,1018.6,1023.5,1.4,2,14,642.6,0
2021-10-08 03:20:38,5,70,20.7,95,16.4,1018.7,1023.6,1,1.7,12,642.6,0
2021-10-08 03:25:38,5,70,20.7,95,16.4,1018.7,1023.6,1.4,2,4,642.6,0
2021-10-08 03:30:38,5,70,20.7,95,16.4,1018.7,1023.6,1,1.7,4,642.6,0
2021-10-08 03:35:38,5,70,20.6,95,16.4,1018.8,1023.7,1.4,2.4,8,642.6,0
2021-10-08 03:40:38,5,70,20.6,95,16.4,1018.8,1023.7,1,1.7,10,642.6,0
2021-10-08 03:45:38,5,70,20.6,95,16.4,1018.7,1023.6,1,1.7,4,642.6,0
2021-10-08 03:50:38,5,70,20.7,95,16.4,1018.8,1023.7,0.3,0.7,12,642.6,0
2021-10-08 03:55:38,5,70,20.6,96,16.4,1018.8,1023.7,0.3,0.7,4,642.6,0
2021-10-08 04:00:38,5,70,20.6,96,16.4,1018.8,1023.7,0.3,0.7,,642.6,0
2021-10-08 04:05:38,5,70,20.7,96,16.4,1018.8,1023.7,0.7,1,,642.6,0
2021-10-08 04:10:38,5,70,20.6,96,16.4,1018.8,1023.7,1,1.7,,642.6,0
2021-10-08 04:15:38,5,70,20.6,96,16.4,1018.9,1023.8,1.4,2.4,,642.6,0
2021-10-08 04:20:38,5,70,20.6,96,16.4,1018.7,1023.6,0.7,1,4,642.6,0
2021-10-08 04:25:38,5,70,20.6,96,16.4,1018.8,1023.7,0.3,1,8,642.6,0
2021-10-08 04:30:38,5,70,20.6,96,16.4,1018.8,1023.7,0.7,1.4,10,642.6,0
2021-10-08 04:35:38,5,70,20.6,96,16.4,1018.9,1023.8,1.4,1.7,10,642.6,0
2021-10-08 04:40:38,5,70,20.6,96,16.4,1018.9,1023.8,1,1.7,2,642.6,0
2021-10-08 04:45:38,5,70,20.6,95,16.4,1018.8,1023.7,1.4,2.4,10,642.6,0
2021-10-08 04:50:38,5,70,20.6,95,16.4,1019,1023.9,1,1.7,12,642.9,0
2021-10-08 04:55:38,5,70,20.6,95,16.4,1018.8,1023.7,1.4,2,10,642.9,0
2021-10-08 05:00:38,5,70,20.6,95,16.5,1018.8,1023.7,1.4,2,,642.9,0
2021-10-08 05:05:38,5,70,20.5,94,16.5,1019,1023.9,1,1.7,0,642.9,0
2021-10-08 05:10:38,5,70,20.6,94,16.5,1019,1023.9,1.7,2.7,12,642.9,0
2021-10-08 05:15:38,5,70,20.6,94,16.5,1019,1023.9,2,2.4,10,642.9,0
2021-10-08 05:20:38,5,70,20.6,94,16.4,1019,1023.9,1.7,2.4,12,642.9,0
2021-10-08 05:25:38,5,70,20.6,94,16.4,1018.8,1023.7,2,2.7,10,642.9,0
2021-10-08 05:30:38,5,70,20.6,94,16.4,1019.1,1024,2,2.7,12,642.9,0
2021-10-08 05:35:38,5,70,20.6,94,16.4,1019,1023.9,1.7,2.4,,642.9,0
2021-10-08 05:40:38,5,70,20.6,94,16.4,1019,1023.9,1.4,2.4,10,642.9,0
2021-10-08 05:45:38,5,70,20.6,94,16.3,1019.1,1024,1,2.4,10,642.9,0
2021-10-08 05:50:38,5,70,20.6,94,16.3,1019.2,1024.1,1.7,2,10,642.9,0
2021-10-08 05:55:38,5,70,20.6,94,16.3,1019.3,1024.2,1.4,2,10,642.9,0
2021-10-08 06:00:38,5,70,20.6,94,16.2,1019.3,1024.2,1.4,2,8,643.2,0
2021-10-08 06:05:38,5,70,20.6,94,16.2,1019.3,1024.2,0.7,1,8,643.2,0
2021-10-08 06:10:38,5,70,20.6,94,16.2,1019.3,1024.2,1.7,2,8,643.5,0
2021-10-08 06:15:38,5,70,20.6,95,16.2,1019.5,1024.4,1.4,2,,643.5,0
2021-10-08 06:20:38,5,70,20.5,95,16.2,1019.3,1024.2,1.4,2.4,4,643.5,0
2021-10-08 06:25:38,5,70,20.5,95,16.2,1019.5,1024.4,1.7,2.4,4,643.5,0
2021-10-08 06:30:38,5,70,20.5,95,16.2,1019.5,1024.4,1.4,2,4,643.8,0
2021-10-08 06:35:38,5,70,20.6,96,16.1,1019.5,1024.4,1,1.7,,643.8,0
2021-10-08 06:40:38,5,70,20.5,96,16.1,1019.5,1024.4,1,1.7,,644.1,0
2021-10-08 06:45:38,5,70,20.6,96,16.1,1019.5,1024.4,1.4,2,8,644.4,0
2021-10-08 06:50:38,5,70,20.6,96,16.1,1019.5,1024.4,1,1.4,12,644.7,0
2021-10-08 06:55:38,5,70,20.5,96,16,1019.5,1024.4,1.7,2.7,,644.7,0
2021-10-08 07:00:38,5,70,20.6,96,16.1,1019.7,1024.6,1.4,2.4,10,644.7,0
2021-10-08 07:05:38,5,70,20.6,96,16,1019.7,1024.6,1.7,2.4,10,644.7,0
2021-10-08 07:10:38,5,70,20.5,96,16,1019.9,1024.8,1.4,1.7,8,645,0
2021-10-08 07:15:38,5,70,20.5,97,16,1019.7,1024.6,1.4,2,10,645,0
2021-10-08 07:20:38,5,70,20.5,97,16.1,1019.7,1024.6,1.7,2.4,4,645,0
2021-10-08 07:25:38,5,70,20.5,97,16,1019.8,1024.7,1.7,2.7,10,645,0
2021-10-08 07:30:38,5,70,20.5,97,16.1,1019.8,1024.7,1.7,2.4,10,645,0
2021-10-08 07:35:38,5,70,20.5,97,16.1,1019.7,1024.6,2,3.7,8,645,0
2021-10-08 07:40:38,5,70,20.5,97,16.1,1019.9,1024.8,1.4,2.4,8,645,0
2021-10-08 07:45:38,5,70,20.5,97,16.1,1019.8,1024.7,1.7,2.4,0,645,0
2021-10-08 07:50:38,5,70,20.5,97,16.1,1020,1024.9,2,2.7,8,645,0
2021-10-08 07:55:38,5,70,20.5,97,16.2,1019.8,1024.7,1.7,2.4,8,645,0
2021-10-08 08:00:38,5,70,20.5,97,16.2,1020,1024.9,1.4,2,10,645,0
2021-10-08 08:05:38,5,70,20.5,97,16.2,1019.8,1024.7,1.7,2.7,,645,0
2021-10-08 08:10:38,5,70,20.6,97,16.2,1020,1024.9,1.4,2,8,645,0
2021-10-08 08:15:38,5,70,20.6,97,16.3,1020,1024.9,1.7,2.7,0,645,0
2021-10-08 08:20:38,5,70,20.6,96,16.3,1020,1024.9,2,2.7,8,645,0
2021-10-08 08:25:38,5,70,20.5,96,16.4,1020.1,1025,2.7,3.7,4,645,0
2021-10-08 08:30:38,5,70,20.5,96,16.5,1020.2,1025.1,1.7,2.7,10,645,0
2021-10-08 08:35:38,5,70,20.6,96,16.5,1020.3,1025.2,1.4,2,10,645,0
2021-10-08 08:40:38,5,71,20.6,95,16.5,1020.3,1025.2,1.4,1.7,10,645,0
2021-10-08 08:45:38,5,71,20.6,95,16.4,1020.2,1025.1,2,3.1,14,645,0
2021-10-08 08:50:38,5,71,20.6,95,16.4,1020.3,1025.2,1,1.7,10,645,0
2021-10-08 08:55:38,5,71,20.7,95,16.3,1020.3,1025.2,2,2.4,14,645,0
2021-10-08 09:00:38,5,71,20.7,94,16.3,1020.3,1025.2,1,1.7,10,645,0
2021-10-08 09:05:38,5,71,20.8,94,16.2,1020.3,1025.2,2,3.4,8,645,0
2021-10-08 09:10:38,5,71,20.8,93,16.2,1020.3,1025.2,1.4,2,10,645.3,0
2021-10-08 09:15:38,5,71,20.8,93,16.3,1020.6,1025.5,1.4,1.7,10,645.3,0
2021-10-08 09:20:38,5,71,20.9,93,16.3,1020.5,1025.4,1.4,2,10,645.3,0
2021-10-08 09:25:38,5,71,20.9,93,16.4,1020.5,1025.4,1.7,2.4,10,645.3,0
2021-10-08 09:30:38,5,70,21,93,16.4,1020.5,1025.4,1,1.4,8,645.3,0
2021-10-08 09:35:38,5,70,21,92,16.5,1020.7,1025.6,1,1.4,12,645.3,0
2021-10-08 09:40:38,5,70,21.1,92,16.6,1020.5,1025.4,1.4,2,10,645.3,0
2021-10-08 09:45:38,5,70,21.1,92,16.6,1020.7,1025.6,1.7,2.7,10,645.3,0
2021-10-08 09:50:38,5,70,21.2,91,16.6,1020.9,1025.8,0.7,1.4,10,645.3,0
2021-10-08 09:55:38,5,70,21.2,91,16.7,1020.8,1025.7,1,1.7,10,645.3,0
2021-10-08 10:00:38,5,70,21.2,90,16.7,1020.7,1025.6,1,1.7,10,645.3,0
2021-10-08 10:05:38,5,69,21.2,90,16.7,1020.8,1025.7,1,1.4,12,645.3,0
2021-10-08 10:10:38,5,69,21.4,89,16.7,1020.9,1025.8,1.7,2.7,8,645.3,0
2021-10-08 10:15:38,5,69,21.4,88,16.6,1021,1025.9,1.7,2,,645.3,0
2021-10-08 10:20:38,5,69,21.4,86,16.6,1020.8,1025.7,1.4,1.7,3,645.3,0
2021-10-08 10:25:38,5,69,21.4,85,16.6,1020.8,1025.7,1.7,2.4,10,645.3,0
2021-10-08 10:30:38,5,69,21.5,84,16.6,1021,1025.9,1,1.7,8,645.3,0
2021-10-08 10:35:38,5,69,21.5,84,16.6,1021.1,1026,1,1.7,12,645.3,0
2021-10-08 10:40:38,5,69,21.5,84,16.6,1021,1025.9,1,1.7,10,645.3,0
2021-10-08 10:45:38,5,69,21.6,83,16.6,1020.9,1025.8,1.4,1.7,12,645.3,0
2021-10-08 10:50:38,5,69,21.6,84,16.5,1021.2,1026.1,0.7,1.4,12,645.3,0
2021-10-08 10:55:38,5,69,21.6,84,16.5,1021,1025.9,2,2.7,8,645.3,0
2021-10-08 11:00:38,5,69,21.7,83,16.5,1021.1,1026,1,1.7,10,645.3,0
2021-10-08 11:05:38,5,68,21.8,83,16.5,1021.1,1026,1.4,2,,645.3,0
2021-10-08 11:10:38,5,68,21.8,83,16.5,1021.1,1026,1.4,2.4,15,645.3,0
2021-10-08 11:15:38,5,68,21.8,83,16.5,1021,1025.9,1.7,2.7,,645.3,0
2021-10-08 11:20:38,5,68,21.8,82,16.5,1021.1,1026,2.7,4.1,4,645.3,0
2021-10-08 11:25:38,5,67,21.8,82,16.6,1021.1,1026,2.4,3.1,12,645.3,0
2021-10-08 11:30:38,5,67,21.8,82,16.6,1021.3,1026.2,2,2.7,,645.3,0
2021-10-08 11:35:38,5,67,21.8,82,16.7,1021.2,1026.1,2.7,4.4,2,645.3,0
2021-10-08 11:40:38,5,67,21.8,82,16.7,1021.2,1026.1,1.4,2.4,,645.3,0
2021-10-08 11:45:38,5,67,21.8,82,16.7,1021.2,1026.1,1,1.7,14,645.3,0
2021-10-08 11:50:38,5,67,21.8,82,16.8,1021.2,1026.1,1,1.4,10,645.3,0
2021-10-08 11:55:38,5,67,21.9,82,16.8,1021.2,1026.1,1.4,1.7,10,645.3,0
2021-10-08 12:01:38,6,67,21.9,82,16.7,1021.1,1026,1,1.4,12,645.3,0
2021-10-08 12:06:38,5,67,21.9,82,16.8,1021.1,1026,1,1.4,10,645.3,0
2021-10-08 12:11:38,5,67,21.9,81,16.8,1021.2,1026.1,1.7,2.4,10,645.3,0
2021-10-08 12:17:38,6,67,21.9,81,16.9,1021.1,1026,1.7,2.4,0,645.3,0
2021-10-08 12:22:38,5,67,21.8,81,16.9,1021,1025.9,1,2,2,645.3,0
2021-10-08 12:27:38,5,67,21.8,81,17,1021.1,1026,1.4,2,2,645.3,0
2021-10-08 12:33:38,6,67,21.7,81,17,1021.1,1026,2.4,3.7,14,645.3,0
2021-10-08 12:38:38,5,67,21.7,81,17,1021.1,1026,1.7,2.7,4,645.3,0
2021-10-08 12:43:38,5,67,21.6,81,17.1,1021.2,1026.1,2,3.1,10,645.3,0
2021-10-08 12:49:38,6,67,21.6,81,17.1,1021.1,1026,1,1.7,10,645.3,0
2021-10-08 12:54:38,5,67,21.5,81,17.2,1021.3,1026.2,1.4,2,10,645.3,0
2021-10-08 12:59:38,5,67,21.6,81,17.3,1021.1,1026,1.7,3.1,10,645.3,0
2021-10-08 13:05:38,6,68,21.6,80,17.2,1021.2,1026.1,2,3.1,10,645.3,0
2021-10-08 13:10:38,5,68,21.6,80,17.2,1021.2,1026.1,1.4,2,8,645.3,0
2021-10-08 13:15:38,5,68,21.7,80,17.2,1021.1,1026,1.7,2,10,645.3,0
2021-10-08 13:21:38,6,68,21.8,80,17.1,1021.2,1026.1,1,1.4,10,645.3,0
2021-10-08 13:26:38,5,68,21.8,80,17.2,1021.1,1026,1,1.4,4,645.3,0
2021-10-08 13:31:38,5,68,21.8,80,17.2,1021.3,1026.2,1.7,2.4,8,645.3,0
2021-10-08 13:37:38,6,67,21.8,80,17.1,1021.2,1026.1,2.7,3.4,,645.3,0
2021-10-08 13:42:38,5,67,21.9,80,17.1,1021.3,1026.2,2,3.4,,645.3,0
2021-10-08 13:47:38,5,67,21.9,80,17,1021.2,1026.1,1.4,1.7,10,645.3,0
2021-10-08 13:53:38,6,67,21.9,80,16.8,1021.3,1026.2,3.1,4.1,10,645.3,0
2021-10-08 13:58:38,5,67,21.9,80,16.8,1021.2,1026.1,2,2.7,8,645.3,0
2021-10-08 14:03:38,5,66,22,80,16.8,1021.2,1026.1,1.4,1.7,10,645.3,0
2021-10-08 14:09:38,6,66,22,80,16.8,1021.3,1026.2,2.4,3.7,0,645.3,0
2021-10-08 14:14:38,5,66,22,80,16.8,1021.1,1026,2.4,3.4,,645.3,0
2021-10-08 14:19:38,5,66,22,80,16.7,1021.2,1026.1,1,1.7,4,645.3,0
2021-10-08 14:25:38,6,66,22,80,16.7,1021.2,1026.1,0.7,1,10,645.3,0
2021-10-08 14:30:38,5,66,22,80,16.6,1021.2,1026.1,0.7,1,4,645.3,0
2021-10-08 14:35:38,5,65,22,81,16.5,1021.2,1026.1,0.7,1.4,2,645.3,0
2021-10-08 14:41:38,6,65,22,81,16.5,1021.1,1026,1,1.7,2,645.3,0
2021-10-08 14:46:38,5,66,21.9,81,16.5,1021.1,1026,1.4,2.4,12,645.3,0
2021-10-08 14:51:38,5,66,21.9,81,16.5,1021.2,1026.1,1.4,2.4,12,645.3,0
2021-10-08 14:57:38,6,66,21.9,81,16.4,1021,1025.9,2.4,3.7,4,645.3,0
2021-10-08 15:02:38,5,66,21.8,81,16.4,1021,1025.9,3.1,4.1,,645.3,0
2021-10-08 15:07:38,5,66,21.7,81,16.4,1020.9,1025.8,2,2.7,4,645.3,0
2021-10-08 15:13:38,6,66,21.6,81,16.4,1021.2,1026.1,1.4,1.7,,645.3,0
2021-10-08 15:18:38,5,66,21.5,81,16.4,1021.1,1026,1.4,2,4,645.3,0
2021-10-08 15:23:38,5,65,21.5,80,16.5,1021.1,1026,1.4,1.7,0,645.3,0
2021-10-08 15:29:38,6,65,21.4,80,16.5,1021,1025.9,1.4,2.4,,645.3,0
2021-10-08 15:34:38,5,65,21.4,80,16.5,1021,1025.9,1.4,2,4,645.3,0
2021-10-08 15:39:38,5,65,21.4,80,16.5,1021,1025.9,0.3,0.7,8,645.3,0
2021-10-08 15:45:38,6,65,21.4,80,16.5,1021,1025.9,1,1.4,8,645.3,0
2021-10-08 15:50:38,5,65,21.4,80,16.5,1020.9,1025.8,1,1.7,10,645.3,0
2021-10-08 15:55:38,5,64,21.2,80,16.5,1021,1025.9,1,1.7,8,645.3,0
2021-10-08 16:01:38,6,63,21.1,80,16.5,1020.9,1025.8,1,1.7,10,645.3,0
2021-10-08 16:06:38,5,63,21.2,80,16.4,1020.9,1025.8,2.4,3.7,8,645.3,0
2021-10-08 16:11:38,5,63,21.1,79,16.3,1020.8,1025.7,1.7,2,10,645.3,0
2021-10-08 16:17:38,6,63,21.1,79,16.3,1020.9,1025.8,1,1.7,,645.3,0
2021-10-08 16:22:38,5,64,21.1,79,16.3,1021,1025.9,1.4,2,,645.3,0
2021-10-08 16:27:38,5,64,21.1,79,16.2,1021.1,1026,1,1.7,10,645.3,0
2021-10-08 16:33:38,6,64,21,79,16.2,1021.1,1026,1,1.4,8,645.3,0
2021-10-08 16:38:38,5,64,21,79,16.1,1021,1025.9,1.4,2,,645.3,0
2021-10-08 16:43:38,5,64,21,78,16.2,1021,1025.9,1.7,2.4,4,645.3,0
2021-10-08 16:49:38,6,64,21,78,16.1,1021.1,1026,2.7,4.1,,645.3,0
2021-10-08 16:54:38,5,66,20.9,78,16.1,1021.1,1026,2.4,3.1,2,645.3,0
2021-10-08 16:59:38,5,66,20.9,78,16.1,1021,1025.9,2.7,3.7,8,645.3,0
2021-10-08 17:05:38,6,66,20.9,78,16,1021,1025.9,1,1.4,8,645.3,0
2021-10-08 17:10:38,5,66,20.9,78,16,1021.1,1026,1,1.7,,645.3,0
2021-10-08 17:15:38,5,66,20.9,79,16,1021,1025.9,1.7,2.4,4,645.3,0
2021-10-08 17:21:38,6,66,20.9,79,15.9,1020.9,1025.8,1.7,2.7,4,645.3,0
2021-10-08 17:26:38,5,66,20.9,79,15.9,1021.1,1026,1.4,1.7,10,645.3,0
2021-10-08 17:31:38,5,66,20.8,79,15.9,1021.1,1026,2.4,3.4,10,645.3,0
2021-10-08 17:37:38,6,66,20.8,79,15.9,1021.1,1026,1,1.7,14,645.3,0
2021-10-08 17:42:38,5,66,20.8,79,15.7,1021.2,1026.1,0.7,1.4,10,645.3,0
2021-10-08 17:47:38,5,66,20.9,80,15.7,1021,1025.9,1.7,2.7,10,645.3,0
2021-10-08 17:52:38,5,66,20.9,80,15.7,1020.9,1025.8,2,2.7,4,645.3,0
2021-10-08 17:57:38,5,66,20.9,80,15.7,1020.9,1025.8,1.4,1.7,10,645.3,0
2021-10-08 18:02:38,5,65,21,80,15.6,1021,1025.9,1,1.4,10,645.3,0
2021-10-08 18:07:38,5,65,21,80,15.6,1021.1,1026,1.4,2,8,645.3,0
2021-10-08 18:13:38,6,65,21,80,15.5,1021.1,1026,2,3.1,0,645.3,0
2021-10-08 18:18:38,5,65,21.1,80,15.5,1021.1,1026,1.7,2.4,8,645.3,0
2021-10-08 18:23:38,5,65,21.1,80,15.5,1021,1025.9,2,2.7,4,645.3,0
2021-10-08 18:28:38,5,65,21.2,80,15.5,1021.1,1026,1.4,1.7,,645.3,0
2021-10-08 18:33:38,5,66,21.2,80,15.5,1021.1,1026,2.4,3.1,,645.3,0
2021-10-08 18:38:38,5,66,21.1,80,15.5,1021.2,1026.1,1.7,2.4,2,645.3,0
2021-10-08 18:43:38,5,66,21.1,80,15.5,1021,1025.9,1.4,2.7,,645.3,0
2021-10-08 18:48:38,5,66,21.1,81,15.5,1021.1,1026,1.7,2.4,4,645.3,0
2021-10-08 18:53:38,5,66,21.2,81,15.4,1021,1025.9,1.7,2.7,4,645.3,0
2021-10-08 18:58:38,5,66,21.4,81,15.5,1021.1,1026,1.4,2.4,10,645.3,0
2021-10-08 19:03:38,5,66,21.4,81,15.4,1020.9,1025.8,1.7,2.4,12,645.3,0
2021-10-08 19:08:38,5,66,21.4,81,15.4,1020.8,1025.7,1.7,3.7,0,645.3,0
2021-10-08 19:13:38,5,66,21.4,81,15.4,1021,1025.9,1,2,,645.3,0
2021-10-08 19:18:38,5,66,21.4,81,15.3,1021,1025.9,1,1.7,14,645.3,0
2021-10-08 19:23:38,5,66,21.4,81,15.3,1021,1025.9,1.4,1.7,14,645.3,0
2021-10-08 19:28:38,5,66,21.5,82,15.3,1021.1,1026,1.4,1.7,12,645.3,0
2021-10-08 19:33:38,5,66,21.5,82,15.3,1021.1,1026,1,1.4,,645.3,0
2021-10-08 19:38:38,5,66,21.5,82,15.3,1021.1,1026,1.4,2,10,645.3,0
2021-10-08 19:43:38,5,66,21.5,82,15.2,1021.1,1026,1,2,2,645.3,0
2021-10-08 19:48:38,5,66,21.4,82,15.3,1021.1,1026,1.4,2.4,10,645.3,0
2021-10-08 19:53:38,5,66,21.4,82,15.2,1021.1,1026,0.7,1,8,645.3,0
2021-10-08 19:58:38,5,66,21.4,83,15.2,1021.1,1026,1.4,2.4,4,645.3,0
2021-10-08 20:03:38,5,66,21.2,83,15.2,1021.2,1026.1,1.7,2.4,,645.3,0
2021-10-08 20:08:38,5,66,21.2,82,15.3,1021,1025.9,2.7,3.4,4,645.3,0
2021-10-08 20:13:38,5,66,21.2,82,15.3,1021,1025.9,2.7,3.7,2,645.3,0
2021-10-08 20:18:38,5,66,21.2,82,15.3,1021.1,1026,1.7,3.1,8,645.3,0
2021-10-08 20:23:38,5,66,21.1,82,15.3,1021.1,1026,3.1,4.1,8,645.3,0
2021-10-08 20:28:38,5,66,21.1,81,15.4,1021,1025.9,3.1,4.4,8,645.3,0
2021-10-08 20:33:38,5,66,21.1,81,15.4,1021,1025.9,2.7,4.1,4,645.3,0
2021-10-08 20:38:38,5,66,21.1,81,15.4,1020.9,1025.8,3.1,4.1,,645.3,0
2021-10-08 20:43:38,5,66,21,81,15.3,1021,1025.9,2.7,3.7,8,645.3,0
2021-10-08 20:48:38,5,66,21,81,15.2,1021,1025.9,2.4,3.1,4,645.3,0
2021-10-08 20:53:38,5,66,21,81,15.2,1021,1025.9,1.7,2.4,8,645.3,0
2021-10-08 20:58:38,5,66,21,82,15.1,1021.1,1026,2.7,3.4,2,645.3,0
2021-10-08 21:03:38,5,66,20.9,82,15.1,1021.1,1026,1.4,2,4,645.3,0
2021-10-08 21:08:38,5,66,21,83,15,1021.1,1026,1.4,1.7,4,645.3,0
2021-10-08 21:13:38,5,67,20.9,83,15,1021.1,1026,1.4,2.7,4,645.3,0
2021-10-08 21:18:38,5,67,20.9,83,14.9,1021,1025.9,1.4,2,2,645.3,0
2021-10-08 21:23:38,5,67,20.9,83,14.9,1020.9,1025.8,2,2.7,12,645.3,0
2021-10-08 21:28:38,5,67,20.9,84,15,1020.9,1025.8,2.4,3.4,2,645.3,0
2021-10-08 21:33:38,5,67,20.9,84,15,1020.9,1025.8,2,3.1,,645.3,0
2021-10-08 21:38:38,5,67,20.9,84,14.9,1020.7,1025.6,2.4,3.4,4,645.3,0
2021-10-08 21:43:38,5,67,20.9,84,14.9,1020.9,1025.8,2,2.7,4,645.3,0
2021-10-08 21:48:38,5,67,20.9,84,14.9,1020.8,1025.7,2,2.7,,645.3,0
2021-10-08 21:53:38,5,67,20.8,84,14.9,1020.6,1025.5,2.7,3.7,4,645.3,0
2021-10-08 21:58:38,5,67,20.8,85,15,1020.8,1025.7,1.4,2,2,645.3,0
2021-10-08 22:03:38,5,67,20.8,85,15,1020.8,1025.7,2,2.7,14,645.3,0
2021-10-08 22:08:38,5,67,20.8,85,15,1020.8,1025.7,1.4,2,0,645.3,0
2021-10-08 22:13:38,5,67,20.8,85,15.1,1020.7,1025.6,2.4,3.1,8,645.3,0
2021-10-08 22:18:38,5,67,20.8,85,15,1020.6,1025.5,1.7,2,,645.3,0
2021-10-08 22:23:38,5,67,20.8,85,15.1,1020.9,1025.8,0.7,1.4,13,645.3,0
2021-10-08 22:28:38,5,68,20.8,85,15.1,1020.8,1025.7,1.4,2,14,645.3,0
2021-10-08 22:33:38,5,68,20.8,84,15.2,1020.9,1025.8,2,2.7,4,645.3,0
2021-10-08 22:38:38,5,68,20.8,84,15.1,1020.8,1025.7,1.4,1.7,4,645.3,0
2021-10-08 22:43:38,5,68,20.8,84,15.1,1020.7,1025.6,2.4,3.1,8,645.3,0
2021-10-08 22:48:38,5,68,20.8,84,15.1,1020.7,1025.6,0.7,1.4,4,645.3,0
2021-10-08 22:53:38,5,68,20.8,84,15,1020.8,1025.7,1.4,2,,645.3,0
2021-10-08 22:58:38,5,68,20.8,85,15,1020.8,1025.7,1,2,10,645.3,0
2021-10-08 23:03:38,5,68,20.7,85,15,1020.7,1025.6,1.4,2,4,645.3,0
2021-10-08 23:08:38,5,68,20.7,85,15,1020.7,1025.6,1,1.4,2,645.3,0
2021-10-08 23:13:38,5,68,20.7,85,15,1020.6,1025.5,1,1.7,,645.3,0
2021-10-08 23:18:38,5,68,20.7,85,15,1020.5,1025.4,1.4,2.4,4,645.3,0
2021-10-08 23:23:38,5,68,20.7,84,15.1,1020.6,1025.5,1.4,1.7,4,645.3,0
2021-10-08 23:28:38,5,68,20.7,84,15,1020.5,1025.4,1,2.4,4,645.3,0
2021-10-08 23:33:38,5,68,20.7,84,15,1020.6,1025.5,2.4,3.1,2,645.3,0
2021-10-08 23:38:38,5,68,20.6,84,15.1,1020.6,1025.5,1.7,2,,645.3,0
2021-10-08 23:43:38,5,68,20.7,85,15.1,1020.4,1025.3,1,1,14,645.3,0
2021-10-08 23:48:38,5,68,20.7,85,15,1020.6,1025.5,0.7,1,,645.3,0
2021-10-08 23:53:38,5,68,20.6,85,15,1020.6,1025.5,1,1.7,4,645.6,0
2021-10-08 23:58:38,5,68,20.7,85,14.9,1020.5,1025.4,1.7,2.7,2,645.6,0
