2018-07-08 00:01:52,5,54,23.7,82,15.1,1023.4,1028.3,0.3,0.3,10,348.6,0
2018-07-08 00:06:52,5,54,23.7,83,15.1,1023.4,1028.3,0,0.3,10,348.6,0
2018-07-08 00:11:52,5,54,23.6,84,14.9,1023.5,1028.4,0,0.3,12,348.6,0
2018-07-08 00:16:52,5,54,23.6,84,14.9,1023.3,1028.2,0,0.3,12,348.6,0
2018-07-08 00:21:52,5,54,23.6,83,15,1023.4,1028.3,0,0,12,348.6,0
2018-07-08 00:26:52,5,54,23.6,83,15,1023.3,1028.2,0,0,12,348.6,0
2018-07-08 00:31:52,5,53,23.7,83,15,1023.3,1028.2,0,0,12,348.6,0
2018-07-08 00:36:52,5,53,23.6,83,15,1023.3,1028.2,0,0,12,348.6,0
2018-07-08 00:41:52,5,53,23.6,83,15,1023.3,1028.2,0,0,10,348.6,0
2018-07-08 00:46:52,5,53,23.6,84,14.9,1023.3,1028.2,0,0,10,348.6,0
2018-07-08 00:51:52,5,53,23.6,84,14.8,1023.4,1028.3,0,0.3,10,348.6,0
2018-07-08 00:56:52,5,53,23.6,84,14.7,1023.4,1028.3,0,0,10,348.6,0
2018-07-08 01:01:52,5,53,23.6,85,14.7,1023.7,1028.6,0,0,10,348.6,0
2018-07-08 01:06:52,5,53,23.5,85,14.7,1023.5,1028.4,0,0,10,348.6,0
2018-07-08 01:11:52,5,53,23.6,85,14.8,1023.5,1028.4,0,0.3,10,348.6,0
2018-07-08 01:16:52,5,53,23.5,85,14.9,1023.5,1028.4,0,0.3,10,348.6,0
2018-07-08 01:21:52,5,53,23.6,85,14.9,1023.5,1028.4,0,0,10,348.6,0
2018-07-08 01:26:52,5,53,23.6,84,15,1023.4,1028.3,0,0,10,348.6,0
2018-07-08 01:31:52,5,53,23.6,84,15,1023.4,1028.3,0,0,10,348.6,0
2018-07-08 01:36:52,5,53,23.5,84,15,1023.3,1028.2,0,0,10,348.6,0
2018-07-08 01:41:52,5,53,23.5,84,15.1,1023.4,1028.3,0,0,10,348.6,0
2018-07-08 01:46:52,5,53,23.5,84,15.1,1023.4,1028.3,0,0,10,348.6,0
2018-07-08 01:51:52,5,53,23.5,84,15,1023.4,1028.3,0,0,10,348.6,0
2018-07-08 01:56:52,5,53,23.5,85,14.9,1023.2,1028.1,0,0,10,348.6,0
2018-07-08 02:01:52,5,53,23.5,85,14.9,1023.4,1028.3,0,0,10,348.6,0
2018-07-08 02:06:52,5,53,23.5,85,14.9,1023.3,1028.2,0,0,10,348.6,0
2018-07-08 02:11:52,5,53,23.5,85,14.9,1023.4,1028.3,0,0,10,348.6,0
2018-07-08 02:16:52,5,53,23.5,84,15,1023.3,1028.2,0,0,10,348.6,0
2018-07-08 02:21:52,5,53,23.5,84,15,1023.4,1028.3,0,0,10,348.6,0
2018-07-08 02:26:51,5,53,23.5,84,15,1023.4,1028.3,0,0,10,348.6,0
2018-07-08 02:31:51,5,53,23.5,84,15,1023.6,1028.5,0,0,10,348.6,0
2018-07-08 02:36:51,5,53,23.5,84,15,1023.5,1028.4,0,0,10,348.6,0
2018-07-08 02:41:51,5,54,23.5,85,15.1,1023.6,1028.5,0,0,10,348.6,0
2018-07-08 02:46:51,5,54,23.5,85,15.1,1023.5,1028.4,0,0,10,348.6,0
2018-07-08 02:51:51,5,54,23.5,85,15.2,1023.5,1028.4,0,0,10,348.6,0
2018-07-08 02:56:51,5,54,23.5,85,15.2,1023.6,1028.5,0,0,10,348.6,0
2018-07-08 03:01:51,5,54,23.5,85,15.2,1023.5,1028.4,0,0,10,348.6,0
2018-07-08 03:06:51,5,54,23.5,85,15.3,1023.4,1028.3,0,0,10,348.6,0
2018-07-08 03:11:51,5,54,23.5,85,15.3,1023.5,1028.4,0,0,10,348.6,0
2018-07-08 03:16:51,5,54,23.5,85,15.3,1023.5,1028.4,0,0,10,348.6,0
2018-07-08 03:21:51,5,54,23.5,85,15.3,1023.5,1028.4,0,0,10,348.6,0
2018-07-08 03:26:51,5,54,23.4,85,15.3,1023.6,1028.5,0,0,10,348.6,0
2018-07-08 03:31:51,5,54,23.5,85,15.3,1023.7,1028.6,0,0,10,348.6,0
2018-07-08 03:36:51,5,54,23.5,85,15.3,1023.6,1028.5,0,0,10,348.6,0
2018-07-08 03:41:51,5,54,23.5,85,15.4,1023.6,1028.5,0,0,10,348.6,0
2018-07-08 03:46:51,5,54,23.5,85,15.4,1023.6,1028.5,0,0,10,348.6,0
2018-07-08 03:51:51,5,54,23.5,85,15.4,1023.6,1028.5,0,0,10,348.6,0
2018-07-08 03:56:51,5,54,23.5,85,15.4,1023.7,1028.6,0,0,10,348.6,0
2018-07-08 04:01:51,5,54,23.4,85,15.4,1023.8,1028.7,0,0,10,348.6,0
2018-07-08 04:06:51,5,54,23.4,85,15.4,1023.8,1028.7,0,0,10,348.6,0
2018-07-08 04:11:51,5,54,23.4,85,15.5,1023.7,1028.6,0,0,10,348.6,0
2018-07-08 04:16:51,5,54,23.4,85,15.4,1023.8,1028.7,0,0,10,348.6,0
2018-07-08 04:21:51,5,54,23.4,85,15.4,1023.7,1028.6,0,0,10,348.6,0
2018-07-08 04:26:51,5,54,23.4,85,15.4,1023.7,1028.6,0,0,10,348.6,0
2018-07-08 04:31:51,5,54,23.4,85,15.4,1023.8,1028.7,0,0,10,348.6,0
2018-07-08 04:36:51,5,54,23.4,85,15.4,1023.8,1028.7,0,0,10,348.6,0
2018-07-08 04:41:51,5,54,23.4,85,15.4,1023.8,1028.7,0,0,10,348.6,0
2018-07-08 04:46:51,5,54,23.4,85,15.4,1024,1028.9,0,0,10,348.6,0
2018-07-08 04:51:51,5,54,23.4,85,15.5,1023.9,1028.8,0,0,10,348.6,0
2018-07-08 04:56:51,5,54,23.4,85,15.5,1024,1028.9,0,0,10,348.6,0
2018-07-08 05:01:51,5,54,23.4,85,15.6,1024,1028.9,0,0,10,348.6,0
2018-07-08 05:06:51,5,54,23.4,85,15.6,1024,1028.9,0,0,10,348.6,0
2018-07-08 05:11:51,5,54,23.4,85,15.7,1023.9,1028.8,0,0,10,348.6,0
2018-07-08 05:16:51,5,54,23.4,85,15.8,1024.1,1029,0,0,10,348.6,0
2018-07-08 05:21:51,5,54,23.4,85,15.8,1024.1,1029,0,0,10,348.6,0
2018-07-08 05:26:51,5,54,23.4,85,15.8,1024.1,1029,0,0,10,348.6,0
2018-07-08 05:31:51,5,54,23.4,85,15.9,1024.1,1029,0,0,10,348.6,0
2018-07-08 05:36:51,5,54,23.4,85,15.9,1024,1028.9,0,0,10,348.6,0
2018-07-08 05:41:51,5,54,23.3,86,15.9,1024.4,1029.3,0,0,10,348.6,0
2018-07-08 05:46:51,5,54,23.4,85,16,1024.3,1029.2,0,0,10,348.6,0
2018-07-08 05:51:51,5,54,23.4,85,16.1,1024.2,1029.1,0,0,10,348.6,0
2018-07-08 05:56:51,5,54,23.4,85,16.1,1024.2,1029.1,0,0,10,348.6,0
2018-07-08 06:01:51,5,54,23.4,84,16.2,1024.3,1029.2,0,0,10,348.6,0
2018-07-08 06:06:51,5,54,23.4,84,16.2,1024.4,1029.3,0,0,10,348.6,0
2018-07-08 06:11:51,5,54,23.4,84,16.2,1024.4,1029.3,0,0,10,348.6,0
2018-07-08 06:16:51,5,54,23.4,84,16.4,1024.3,1029.2,0,0,10,348.6,0
2018-07-08 06:21:51,5,54,23.4,84,16.6,1024.4,1029.3,0,0,10,348.6,0
2018-07-08 06:26:51,5,54,23.4,84,16.8,1024.4,1029.3,0,0,10,348.6,0
2018-07-08 06:31:51,5,54,23.4,84,16.9,1024.3,1029.2,0,0,10,348.6,0
2018-07-08 06:36:51,5,54,23.5,83,17,1024.2,1029.1,0,0,10,348.6,0
2018-07-08 06:41:51,5,54,23.5,82,17,1024.4,1029.3,0,0,10,348.6,0
2018-07-08 06:46:51,5,54,23.5,82,17.2,1024.5,1029.4,0,0,10,348.6,0
2018-07-08 06:51:51,5,54,23.5,82,17.3,1024.4,1029.3,0,0,10,348.6,0
2018-07-08 06:56:51,5,54,23.5,81,17.5,1024.4,1029.3,0,0,10,348.6,0
2018-07-08 07:01:51,5,54,23.3,80,17.7,1024.5,1029.4,0,0,10,348.6,0
2018-07-08 07:06:51,5,55,23.5,79,17.9,1024.6,1029.5,0,0,10,348.6,0
2018-07-08 07:11:51,5,55,23.6,78,18,1024.7,1029.6,0,0,10,348.6,0
2018-07-08 07:16:51,5,55,23.6,77,18,1024.5,1029.4,0,0,10,348.6,0
2018-07-08 07:21:51,5,55,23.6,76,18.3,1024.7,1029.6,0,0,10,348.6,0
2018-07-08 07:26:51,5,55,23.6,76,18.4,1024.7,1029.6,0,0,10,348.6,0
2018-07-08 07:31:51,5,55,23.5,75,18.5,1024.7,1029.6,0,0,10,348.6,0
2018-07-08 07:36:51,5,55,23.6,75,18.7,1024.6,1029.5,0,0,10,348.6,0
2018-07-08 07:41:51,5,55,23.7,74,18.8,1024.7,1029.6,0,0,10,348.6,0
2018-07-08 07:46:51,5,55,23.7,72,19,1024.7,1029.6,0,0,10,348.6,0
2018-07-08 07:51:51,5,55,23.7,71,19.2,1024.7,1029.6,0,0,10,348.6,0
2018-07-08 07:56:51,5,55,23.7,71,19.5,1024.8,1029.7,0,0,12,348.6,0
2018-07-08 08:01:51,5,55,23.8,71,19.5,1024.8,1029.7,0,0,12,348.6,0
2018-07-08 08:06:51,5,55,23.8,70,19.4,1024.8,1029.7,0,0,12,348.6,0
2018-07-08 08:11:51,5,55,23.8,70,19.3,1024.7,1029.6,0,0,12,348.6,0
2018-07-08 08:16:51,5,55,23.8,70,19.4,1024.9,1029.8,0,0,10,348.6,0
2018-07-08 08:21:51,5,55,23.8,70,19.4,1024.9,1029.8,0.7,1.7,10,348.6,0
2018-07-08 08:26:51,5,55,23.9,70,18.9,1024.9,1029.8,0.3,1,12,348.6,0
2018-07-08 08:31:51,5,55,23.9,70,19.1,1024.9,1029.8,0,0.7,12,348.6,0
2018-07-08 08:36:51,5,55,23.7,71,19.6,1025,1029.9,0.7,1,12,348.6,0
2018-07-08 08:41:51,5,53,24,69,19.6,1024.9,1029.8,0.3,1,12,348.6,0
2018-07-08 08:46:51,5,53,24,69,19.5,1024.9,1029.8,0.7,1.4,12,348.6,0
2018-07-08 08:51:51,5,53,24,69,19.4,1025.1,1030,0.7,1,12,348.6,0
2018-07-08 08:56:51,5,53,24,68,19.1,1025.2,1030.1,1.7,2.4,12,348.6,0
2018-07-08 09:01:51,5,53,24,71,18.7,1025.2,1030.1,1.7,2.4,12,348.6,0
2018-07-08 09:06:51,5,53,24,73,18.6,1025.2,1030.1,1.7,2.7,10,348.6,0
2018-07-08 09:11:51,5,54,24.1,74,18.4,1025.1,1030,1,1.7,14,348.6,0
2018-07-08 09:16:51,5,54,24.1,75,18.4,1025.3,1030.2,1.7,2,10,348.6,0
2018-07-08 09:21:51,5,54,24.1,74,18.3,1025.3,1030.2,1,2,12,348.6,0
2018-07-08 09:26:51,5,54,24.1,74,18.2,1025.4,1030.3,0.7,1,12,348.6,0
2018-07-08 09:31:51,5,54,24.2,74,18.4,1025.2,1030.1,0.7,1.4,12,348.6,0
2018-07-08 09:36:51,5,54,24.1,74,18.7,1025.2,1030.1,1,2,10,348.6,0
2018-07-08 09:42:51,6,54,24.2,69,18.7,1025.4,1030.3,0.7,1.4,12,348.6,0
2018-07-08 09:47:51,5,54,24.2,69,19.2,1025.2,1030.1,1,2,12,348.6,0
2018-07-08 09:52:51,5,53,24.2,67,19.2,1025.4,1030.3,1,2,14,348.6,0
2018-07-08 09:58:51,6,53,24.2,67,19.5,1025.3,1030.2,1.4,2.4,12,348.6,0
2018-07-08 10:03:51,5,53,24.2,65,20,1025.2,1030.1,0.3,1.4,10,348.6,0
2018-07-08 10:08:51,5,53,24.2,64,20.4,1025.3,1030.2,1,1.7,12,348.6,0
2018-07-08 10:14:51,6,53,24.2,63,20.6,1025.2,1030.1,1,2.4,14,348.6,0
2018-07-08 10:19:51,5,53,24.2,63,20.7,1025.4,1030.3,2.4,3.4,0,348.6,0
2018-07-08 10:24:51,5,53,24.1,63,20.4,1025.4,1030.3,1,1.7,14,348.6,0
2018-07-08 10:29:51,5,53,24.1,63,20.4,1025.3,1030.2,0.7,1.4,12,348.6,0
2018-07-08 10:34:51,5,53,24.1,64,20.9,1025.3,1030.2,0,0.3,4,348.6,0
2018-07-08 10:39:51,5,53,24.1,62,21.2,1025.4,1030.3,1.7,2.7,14,348.6,0
2018-07-08 10:44:51,5,54,24.1,62,21,1025.4,1030.3,1.7,3.1,12,348.6,0
2018-07-08 10:49:51,5,54,24.1,63,20.6,1025.3,1030.2,1.7,3.7,12,348.6,0
2018-07-08 10:54:51,5,54,24.2,65,20.8,1025.2,1030.1,0.3,0.7,10,348.6,0
2018-07-08 10:59:51,5,54,24.1,64,20.7,1025.3,1030.2,2,2.4,14,348.6,0
2018-07-08 11:04:51,5,54,24.1,64,20.1,1025.4,1030.3,2,3.1,12,348.6,0
2018-07-08 11:09:51,5,54,24.1,65,20.1,1025.5,1030.4,1,1.7,12,348.6,0
2018-07-08 11:14:51,5,55,24.1,66,20.1,1025.7,1030.6,0.7,1.4,15,348.6,0
2018-07-08 11:19:51,5,55,24.1,66,20,1025.4,1030.3,1.4,2.4,14,348.6,0
2018-07-08 11:24:51,5,55,24.1,67,20,1025.4,1030.3,0.3,1,8,348.6,0
2018-07-08 11:29:51,5,55,24.1,66,20.3,1025.3,1030.2,0.7,1.7,14,348.6,0
2018-07-08 11:34:51,5,55,24.1,66,20.7,1025.4,1030.3,0.7,2,13,348.6,0
2018-07-08 11:39:51,5,55,24.1,65,21.1,1025.5,1030.4,0.7,1,10,348.6,0
2018-07-08 11:44:51,5,56,24.2,64,21.7,1025.5,1030.4,0.7,0.7,14,348.6,0
2018-07-08 11:49:51,5,56,24.3,61,22,1025.4,1030.3,0.7,1,14,348.6,0
2018-07-08 11:54:51,5,56,24.3,62,21.8,1025.6,1030.5,0.7,1,12,348.6,0
2018-07-08 11:59:51,5,55,24.3,62,21.8,1025.4,1030.3,0.3,0.7,12,348.6,0
2018-07-08 12:04:51,5,55,24.3,62,21.8,1025.5,1030.4,1,1.7,12,348.6,0
2018-07-08 12:09:51,5,55,24.3,63,21.3,1025.7,1030.6,0.7,1,10,348.6,0
2018-07-08 12:14:51,5,55,24.3,65,20.7,1025.6,1030.5,0.3,0.7,10,348.6,0
2018-07-08 12:19:51,5,55,24.3,66,20.5,1025.6,1030.5,2,2.7,14,348.6,0
2018-07-08 12:24:51,5,55,24.3,66,20.1,1025.7,1030.6,1,1.7,10,348.6,0
2018-07-08 12:29:51,5,55,24.3,67,20.3,1025.6,1030.5,0.7,1,12,348.6,0
2018-07-08 12:34:51,5,55,24.4,66,20.5,1025.7,1030.6,1.4,2,10,348.6,0
2018-07-08 12:39:51,5,55,24.4,66,20.6,1025.6,1030.5,1,1.7,14,348.6,0
2018-07-08 12:44:51,5,55,24.4,65,20.5,1025.6,1030.5,1,1.4,12,348.6,0
2018-07-08 12:49:51,5,55,24.4,65,20.7,1025.7,1030.6,0.7,1.4,10,348.6,0
2018-07-08 12:54:51,5,55,24.5,65,20.7,1025.6,1030.5,1,2,12,348.6,0
2018-07-08 12:59:51,5,55,24.5,65,20.8,1025.6,1030.5,1,2,14,348.6,0
2018-07-08 13:04:51,5,55,24.5,64,21.1,1025.6,1030.5,1,1.7,12,348.6,0
2018-07-08 13:09:51,5,54,24.5,63,21.4,1025.5,1030.4,1.4,2.7,14,348.6,0
2018-07-08 13:14:51,5,54,24.6,63,21.3,1025.5,1030.4,1.4,2.4,12,348.6,0
2018-07-08 13:19:51,5,54,24.7,63,21.8,1025.4,1030.3,1,2,10,348.6,0
2018-07-08 13:24:51,5,54,24.8,61,22.2,1025.4,1030.3,1.4,2.7,10,348.6,0
2018-07-08 13:29:51,5,54,24.8,60,22.2,1025.5,1030.4,1,2,12,348.6,0
2018-07-08 13:34:51,5,54,24.8,59,22,1025.5,1030.4,0.3,1,12,348.6,0
2018-07-08 13:39:51,5,54,24.8,60,22,1025.4,1030.3,0.7,1.7,10,348.6,0
2018-07-08 13:44:51,5,54,24.9,60,22,1025.3,1030.2,0.3,1,12,348.6,0
2018-07-08 13:49:51,5,53,25,60,22.2,1025.4,1030.3,2,3.1,12,348.6,0
2018-07-08 13:54:51,5,53,25,59,21.9,1025.4,1030.3,1.7,3.1,14,348.6,0
2018-07-08 13:59:51,5,53,25,60,22,1025.5,1030.4,0.7,1.7,12,348.6,0
2018-07-08 14:04:51,5,53,25.1,59,22.5,1025.5,1030.4,1.7,2.7,10,348.6,0
2018-07-08 14:09:51,5,53,25.1,56,22.1,1025.4,1030.3,1,2,12,348.6,0
2018-07-08 14:14:51,5,53,25.1,56,22.1,1025.5,1030.4,1,1.7,10,348.6,0
2018-07-08 14:19:51,5,53,25.1,56,22.2,1025.4,1030.3,1.7,2.4,12,348.6,0
2018-07-08 14:24:51,5,53,25.2,56,22,1025.5,1030.4,1,1.7,12,348.6,0
2018-07-08 14:29:51,5,53,25.2,56,22,1025.5,1030.4,1.7,2.4,10,348.6,0
2018-07-08 14:34:51,5,53,25.2,57,21.7,1025.5,1030.4,1.7,2.4,14,348.6,0
2018-07-08 14:39:51,5,53,25.2,57,21.6,1025.7,1030.6,1.7,2,10,348.6,0
2018-07-08 14:44:51,5,53,25.3,57,21.6,1025.5,1030.4,1.4,2,10,348.6,0
2018-07-08 14:49:51,5,53,25.3,57,21.7,1025.6,1030.5,2,3.7,8,348.6,0
2018-07-08 14:54:51,5,53,25.3,58,21.9,1025.5,1030.4,0.7,1.4,14,348.6,0
2018-07-08 14:59:51,5,52,25.3,56,22.2,1025.5,1030.4,1,1.7,12,348.6,0
2018-07-08 15:04:51,5,52,25.3,57,22.2,1025.6,1030.5,1.7,2.7,14,348.6,0
2018-07-08 15:09:51,5,52,25.4,57,22,1025.5,1030.4,2,2.7,14,348.6,0
2018-07-08 15:14:51,5,52,25.4,59,21.7,1025.5,1030.4,1.4,2,12,348.6,0
2018-07-08 15:19:51,5,52,25.4,58,22,1025.5,1030.4,2,2.7,12,348.6,0
2018-07-08 15:24:51,5,52,25.4,56,21.9,1025.4,1030.3,2.7,4.4,12,348.6,0
2018-07-08 15:29:51,5,52,25.5,58,21.3,1025.6,1030.5,1,2,12,348.6,0
2018-07-08 15:34:51,5,52,25.5,59,21.6,1025.5,1030.4,1,1.7,10,348.6,0
2018-07-08 15:39:51,5,52,25.5,59,21.8,1025.7,1030.6,1.7,3.1,14,348.6,0
2018-07-08 15:44:51,5,52,25.5,59,21.2,1025.4,1030.3,1,2,12,348.6,0
2018-07-08 15:49:51,5,52,25.5,58,21,1025.6,1030.5,1.7,2.7,12,348.6,0
2018-07-08 15:54:51,5,52,25.5,58,20.9,1025.4,1030.3,2,2.7,10,348.6,0
2018-07-08 15:59:51,5,52,25.5,59,20.9,1025.4,1030.3,2,2.7,12,348.6,0
2018-07-08 16:04:51,5,52,25.5,58,21.3,1025.5,1030.4,1.4,2,12,348.6,0
2018-07-08 16:09:51,5,52,25.5,57,21.5,1025.5,1030.4,1.7,3.4,12,348.6,0
2018-07-08 16:14:51,5,52,25.6,57,21.8,1025.5,1030.4,1,2,12,348.6,0
2018-07-08 16:19:51,5,52,25.6,56,21.8,1025.4,1030.3,1.4,2,14,348.6,0
2018-07-08 16:24:51,5,52,25.6,56,21.9,1025.4,1030.3,2.4,4.1,10,348.6,0
2018-07-08 16:29:51,5,52,25.6,57,21.6,1025.3,1030.2,0.7,1.4,10,348.6,0
2018-07-08 16:34:51,5,52,25.6,57,21.7,1025.5,1030.4,1.7,2.4,14,348.6,0
2018-07-08 16:39:51,5,52,25.6,56,21.3,1025.4,1030.3,0.7,1.4,14,348.6,0
2018-07-08 16:44:51,5,52,25.6,56,21.3,1025.2,1030.1,1.4,2,12,348.6,0
2018-07-08 16:49:51,5,52,25.7,57,21.7,1025.4,1030.3,0.7,1.4,12,348.6,0
2018-07-08 16:54:51,5,52,25.6,56,21.7,1025.4,1030.3,0.7,1,10,348.6,0
2018-07-08 16:59:51,5,51,25.6,56,21.6,1025.5,1030.4,2.7,3.4,14,348.6,0
2018-07-08 17:04:51,5,51,25.7,57,21.1,1025.4,1030.3,1,2,14,348.6,0
2018-07-08 17:09:51,5,51,25.7,58,21.4,1025.5,1030.4,1.4,2,12,348.6,0
2018-07-08 17:14:51,5,51,25.7,57,22.1,1025.4,1030.3,3.1,4.1,14,348.6,0
2018-07-08 17:19:51,5,51,25.7,56,22,1025.4,1030.3,1,1.4,12,348.6,0
2018-07-08 17:24:51,5,51,25.7,57,21.8,1025.4,1030.3,0.3,1,12,348.6,0
2018-07-08 17:29:51,5,51,25.7,57,21.7,1025.2,1030.1,0.3,0.7,12,348.6,0
2018-07-08 17:34:51,5,51,25.7,56,23,1025.3,1030.2,0.7,1.4,12,348.6,0
2018-07-08 17:39:51,5,51,25.7,54,23.8,1025.3,1030.2,0.7,1.4,12,348.6,0
2018-07-08 17:44:51,5,51,25.8,52,24.1,1025.2,1030.1,0.7,1.4,12,348.6,0
2018-07-08 17:49:51,5,50,25.9,52,23.9,1025.5,1030.4,1,1.7,12,348.6,0
2018-07-08 17:54:51,5,49,26,53,23.6,1025.4,1030.3,0.7,1.7,10,348.6,0
2018-07-08 17:59:51,5,49,26.2,53,23.7,1025.2,1030.1,0.7,1,14,348.6,0
2018-07-08 18:04:51,5,49,26.2,51,23.8,1025.2,1030.1,0.7,1,12,348.6,0
2018-07-08 18:09:51,5,49,26.2,52,22.9,1025.1,1030,1.4,2.4,14,348.6,0
2018-07-08 18:14:51,5,49,26.6,54,22.5,1025.3,1030.2,1.4,2,10,348.6,0
2018-07-08 18:19:51,5,49,26.6,54,22.4,1025.2,1030.1,1,1.7,14,348.6,0
2018-07-08 18:24:51,5,48,26.6,54,22.4,1025.3,1030.2,1.7,2.7,12,348.6,0
2018-07-08 18:29:51,5,48,26.7,54,22.2,1025.3,1030.2,2,3.4,14,348.6,0
2018-07-08 18:34:51,5,48,26.8,55,21.9,1025.2,1030.1,1.7,2.7,14,348.6,0
2018-07-08 18:39:51,5,47,26.8,56,21.4,1025.2,1030.1,1,1.7,12,348.6,0
2018-07-08 18:44:51,5,46,27,58,21,1025.3,1030.2,1.7,2.4,14,348.6,0
2018-07-08 18:49:51,5,46,27,61,20.7,1025.2,1030.1,0.7,1,10,348.6,0
2018-07-08 18:54:51,5,46,27,62,20.5,1025.4,1030.3,1.4,2,12,348.6,0
2018-07-08 18:59:51,5,46,27,63,20.3,1025.3,1030.2,0.7,1,12,348.6,0
2018-07-08 19:04:51,5,46,27,63,20.2,1025.4,1030.3,0.7,1.4,10,348.6,0
2018-07-08 19:09:51,5,46,27,63,20.2,1025.4,1030.3,1,2,14,348.6,0
2018-07-08 19:14:51,5,47,26.8,64,20.1,1025.4,1030.3,1,1.7,12,348.6,0
2018-07-08 19:19:51,5,47,26.7,64,20.2,1025.5,1030.4,1,2,12,348.6,0
2018-07-08 19:24:51,5,47,26.6,64,20.6,1025.5,1030.4,0.7,1,12,348.6,0
2018-07-08 19:29:51,5,47,26.6,62,21.1,1025.4,1030.3,0.7,1.4,12,348.6,0
2018-07-08 19:34:51,5,48,26.2,63,20.6,1025.5,1030.4,0.7,1,12,348.6,0
2018-07-08 19:39:51,5,48,26.2,64,20.5,1025.6,1030.5,1,1.7,14,348.6,0
2018-07-08 19:44:51,5,49,26.2,64,20.2,1025.8,1030.7,0.7,2,12,348.6,0
2018-07-08 19:49:51,5,49,26.2,66,19.6,1025.8,1030.7,0.7,1.4,12,348.6,0
2018-07-08 19:54:51,5,49,26.2,67,18.9,1025.7,1030.6,1,1.4,10,348.6,0
2018-07-08 19:59:51,5,49,26.2,68,18.5,1025.8,1030.7,0.7,1,12,348.6,0
2018-07-08 20:04:51,5,49,26.2,69,18.2,1025.6,1030.5,0.3,1,12,348.6,0
2018-07-08 20:09:51,5,49,26.1,70,18.2,1025.9,1030.8,0.3,0.7,12,348.6,0
2018-07-08 20:14:51,5,49,26,70,18,1026,1030.9,0.3,0.7,10,348.6,0
2018-07-08 20:19:51,5,49,26,71,17.8,1025.9,1030.8,0,0.3,12,348.6,0
2018-07-08 20:24:51,5,49,26,72,17.6,1026.1,1031,0.3,0.7,10,348.6,0
2018-07-08 20:29:51,5,49,26,72,17.4,1026,1030.9,0,0.3,,348.6,0
2018-07-08 20:34:51,5,50,25.9,73,17.1,1026.1,1031,0.3,0.7,12,348.6,0
2018-07-08 20:39:51,5,50,25.9,75,16.8,1026.1,1031,0,0.3,8,348.6,0
2018-07-08 20:44:51,5,50,25.9,75,16.7,1025.9,1030.8,0,0.3,10,348.6,0
2018-07-08 20:49:51,5,50,25.9,76,16.5,1026.3,1031.2,0,0.3,10,348.6,0
2018-07-08 20:54:51,5,50,25.9,77,16.3,1026.1,1031,0.3,0.7,10,348.6,0
2018-07-08 20:59:51,5,50,25.8,78,16.2,1026.2,1031.1,0,0.7,10,348.6,0
2018-07-08 21:04:51,5,50,25.8,78,16,1026.3,1031.2,0,0.3,10,348.6,0
2018-07-08 21:09:51,5,50,25.7,80,15.9,1026.3,1031.2,0.3,0.7,12,348.6,0
2018-07-08 21:14:51,5,50,25.7,80,15.8,1026.2,1031.1,0,0.3,10,348.6,0
2018-07-08 21:19:51,5,50,25.7,80,15.8,1026.5,1031.4,0,0.3,12,348.6,0
2018-07-08 21:24:51,5,50,25.7,81,15.7,1026.4,1031.3,0,0.3,12,348.6,0
2018-07-08 21:29:51,5,50,25.6,81,15.7,1026.3,1031.2,0,0.3,12,348.6,0
2018-07-08 21:34:51,5,50,25.6,82,15.6,1026.3,1031.2,0,0,10,348.6,0
2018-07-08 21:39:51,5,50,25.6,83,15.5,1026.4,1031.3,0,0.7,8,348.6,0
2018-07-08 21:44:51,5,50,25.6,83,15.4,1026.4,1031.3,0,0.3,10,348.6,0
2018-07-08 21:49:51,5,50,25.5,83,15.3,1026.3,1031.2,0,0,8,348.6,0
2018-07-08 21:54:51,5,50,25.5,84,15.3,1026.4,1031.3,0,0,10,348.6,0
2018-07-08 21:59:51,5,50,25.4,84,15.3,1026.4,1031.3,0,0,8,348.6,0
2018-07-08 22:04:51,5,50,25.4,84,15.2,1026.5,1031.4,0,0,10,348.6,0
2018-07-08 22:09:51,5,50,25.3,84,15.2,1026.5,1031.4,0.3,0.7,10,348.6,0
2018-07-08 22:14:51,5,50,25.3,84,15.1,1026.4,1031.3,0.3,0.7,10,348.6,0
2018-07-08 22:19:51,5,50,25.2,85,15,1026.5,1031.4,0.3,0.7,8,348.6,0
2018-07-08 22:24:51,5,50,25.2,85,15,1026.5,1031.4,0,0.3,10,348.6,0
2018-07-08 22:29:51,5,50,25.2,86,14.9,1026.5,1031.4,0,0.3,10,348.6,0
2018-07-08 22:35:51,6,51,25.1,86,14.9,1026.6,1031.5,0,0.3,10,348.6,0
2018-07-08 22:40:51,5,51,25,86,14.8,1026.6,1031.5,0,0,12,348.6,0
2018-07-08 22:45:51,5,51,25,86,14.8,1026.5,1031.4,0,0.3,12,348.6,0
2018-07-08 22:51:51,6,52,24.9,86,14.7,1026.6,1031.5,0,0,10,348.6,0
2018-07-08 22:56:51,5,52,24.9,87,14.6,1026.6,1031.5,0,0,8,348.6,0
2018-07-08 23:01:51,5,52,24.9,87,14.6,1026.6,1031.5,0,0,10,348.6,0
2018-07-08 23:06:51,5,52,24.9,87,14.5,1026.7,1031.6,0,0,10,348.6,0
2018-07-08 23:11:51,5,52,24.9,87,14.5,1026.6,1031.5,0,0.3,10,348.6,0
2018-07-08 23:16:51,5,52,24.8,87,14.4,1026.5,1031.4,0,0,10,348.6,0
2018-07-08 23:21:51,5,52,24.8,87,14.4,1026.6,1031.5,0,0,8,348.6,0
2018-07-08 23:26:51,5,52,24.7,87,14.4,1026.6,1031.5,0,0,8,348.6,0
2018-07-08 23:31:51,5,52,24.7,87,14.4,1026.7,1031.6,0,0,10,348.6,0
2018-07-08 23:36:51,5,52,24.6,88,14.4,1026.7,1031.6,0,0,10,348.6,0
2018-07-08 23:41:51,5,52,24.6,88,14.3,1026.6,1031.5,0,0,10,348.6,0
2018-07-08 23:46:51,5,52,24.6,88,14.3,1026.6,1031.5,0,0,10,348.6,0
2018-07-08 23:51:51,5,52,24.5,88,14.3,1026.6,1031.5,0,0.3,10,348.6,0
2018-07-08 23:56:51,5,52,24.5,88,14.3,1026.7,1031.6,0,0,8,348.6,0
