2016-09-24 00:02:08,5,68,17.4,64,16,1000.4,1005.3,3.7,5.8,8,331.5,0
2016-09-24 00:07:08,5,68,17.4,64,16,1000.2,1005.1,2.4,3.7,8,331.5,0
2016-09-24 00:12:08,5,68,17.4,66,15.9,1000,1004.9,2.7,4.4,10,331.5,0
2016-09-24 00:17:08,5,68,17.4,66,15.8,999.9,1004.8,2.4,3.7,10,331.5,0
2016-09-24 00:22:08,5,68,17.4,67,15.7,999.6,1004.5,4.4,6.5,12,331.5,0
2016-09-24 00:27:08,5,68,17.4,67,15.8,999.6,1004.5,4.1,5.1,10,331.5,0
2016-09-24 00:32:08,5,68,17.4,66,15.9,999.5,1004.4,3.7,5.4,8,331.8,0
2016-09-24 00:37:08,5,68,17.4,65,16,999.5,1004.4,3.7,6.5,8,331.8,0
2016-09-24 00:42:08,5,68,17.4,65,16,999.5,1004.4,3.4,4.8,,331.8,0
2016-09-24 00:47:08,5,68,17.4,65,16.1,999.5,1004.4,3.7,5.1,8,331.8,0
2016-09-24 00:52:08,5,68,17.4,65,16.1,999.4,1004.3,3.1,4.8,13,331.8,0
2016-09-24 00:57:08,5,68,17.4,64,16.2,999.3,1004.2,4.1,7.1,8,331.8,0
2016-09-24 01:02:08,5,68,17.4,64,16.3,999.2,1004.1,3.1,4.8,8,331.8,0
2016-09-24 01:07:08,5,68,17.4,64,16.3,999.1,1004,5.1,6.8,8,331.8,0
2016-09-24 01:12:08,5,68,17.4,64,16.4,999,1003.9,6.1,10.2,8,331.8,0
2016-09-24 01:17:08,5,68,17.4,64,16.5,998.6,1003.5,3.4,4.8,8,331.8,0
2016-09-24 01:22:08,5,68,17.4,64,16.5,998.5,1003.4,4.1,5.8,8,331.8,0
2016-09-24 01:27:08,5,68,17.4,64,16.5,998.4,1003.3,4.1,6.5,0,331.8,0
2016-09-24 01:32:08,5,68,17.4,64,16.5,998.3,1003.2,3.1,4.8,10,331.8,0
2016-09-24 01:37:08,5,68,17.4,64,16.5,997.9,1002.8,2.7,4.4,10,331.8,0
2016-09-24 01:42:08,5,68,17.4,64,16.5,997.8,1002.7,3.1,4.8,14,331.8,0
2016-09-24 01:47:08,5,68,17.4,64,16.5,998,1002.9,3.4,5.4,0,331.8,0
2016-09-24 01:52:08,5,68,17.4,64,16.5,997.8,1002.7,3.4,5.1,10,331.8,0
2016-09-24 01:57:08,5,68,17.4,63,16.6,998.1,1003,5.8,8.8,8,331.8,0
2016-09-24 02:02:08,5,68,17.4,63,16.6,998,1002.9,5.4,8.5,8,331.8,0
2016-09-24 02:07:08,5,68,17.4,63,16.6,997.8,1002.7,3.7,8.5,10,331.8,0
2016-09-24 02:12:08,5,69,17.4,63,16.7,997.8,1002.7,6.1,9.2,13,331.8,0
2016-09-24 02:17:08,5,69,17.4,63,16.7,997.8,1002.7,5.1,7.1,8,331.8,0
2016-09-24 02:22:08,5,69,17.4,63,16.8,997.8,1002.7,3.7,6.1,10,331.8,0
2016-09-24 02:27:08,5,69,17.4,63,16.7,997.8,1002.7,2.7,4.8,10,331.8,0
2016-09-24 02:32:08,5,69,17.4,63,16.6,997.6,1002.5,4.1,5.8,12,331.8,0
2016-09-24 02:37:08,5,69,17.4,63,16.7,997.6,1002.5,3.1,6.8,14,331.8,0
2016-09-24 02:42:08,5,69,17.4,63,16.7,997.6,1002.5,5.8,8.2,8,332.1,0
2016-09-24 02:47:08,5,69,17.4,63,16.8,997.5,1002.4,4.4,5.8,8,332.1,0
2016-09-24 02:52:08,5,69,17.4,63,16.7,997.3,1002.2,3.4,4.8,8,332.1,0
2016-09-24 02:57:08,5,69,17.4,63,16.6,997.4,1002.3,4.8,6.5,8,332.1,0
2016-09-24 03:02:08,5,69,17.4,63,16.6,997.5,1002.4,3.4,5.4,8,332.1,0
2016-09-24 03:07:08,5,69,17.4,63,16.5,997.5,1002.4,6.8,8.8,10,332.1,0
2016-09-24 03:12:08,5,69,17.4,63,16.4,997.6,1002.5,5.1,6.8,14,332.1,0
2016-09-24 03:17:08,5,69,17.4,64,16.2,997.7,1002.6,3.1,4.8,12,332.1,0
2016-09-24 03:22:08,5,69,17.4,66,15.8,997.6,1002.5,2.7,3.7,8,332.1,0
2016-09-24 03:27:08,5,69,17.4,67,15.6,997.6,1002.5,3.4,6.1,10,332.1,0
2016-09-24 03:32:08,5,69,17.4,67,15.5,997.4,1002.3,4.1,5.1,8,332.1,0
2016-09-24 03:37:08,5,69,17.4,68,15.4,997.3,1002.2,4.1,6.1,8,332.4,0
2016-09-24 03:42:08,5,69,17.4,68,15.3,997.3,1002.2,3.7,5.8,8,332.4,0
2016-09-24 03:47:08,5,69,17.4,68,15.3,997.4,1002.3,3.4,4.8,8,332.4,0
2016-09-24 03:52:08,5,69,17.4,68,15.2,997.3,1002.2,3.7,6.5,8,332.4,0
2016-09-24 03:57:08,5,69,17.4,68,15.1,997.1,1002,3.1,5.1,1,332.7,0
2016-09-24 04:02:08,5,69,17.4,69,15.1,997.2,1002.1,3.1,4.1,8,332.7,0
2016-09-24 04:07:08,5,69,17.4,69,15.1,997.1,1002,4.4,7.5,8,332.7,0
2016-09-24 04:12:08,5,69,17.4,68,15.1,997.1,1002,4.1,6.8,8,332.7,0
2016-09-24 04:17:08,5,69,17.4,68,15,997.2,1002.1,4.1,5.4,10,333,0
2016-09-24 04:22:08,5,69,17.4,69,14.9,997.2,1002.1,4.4,6.8,8,333.3,0
2016-09-24 04:27:08,5,69,17.4,70,14.7,997.3,1002.2,3.4,5.1,12,333.3,0
2016-09-24 04:32:08,5,69,17.4,70,14.6,997.2,1002.1,4.1,6.5,10,333.3,0
2016-09-24 04:37:08,5,69,17.4,70,14.6,997.3,1002.2,3.7,7.8,10,333.6,0
2016-09-24 04:42:08,5,69,17.4,69,14.5,997,1001.9,3.7,6.5,8,333.6,0
2016-09-24 04:47:08,5,69,17.4,69,14.4,997.1,1002,3.7,6.1,10,333.6,0
2016-09-24 04:52:08,5,69,17.4,69,14.4,997.4,1002.3,5.8,7.8,13,333.6,0
2016-09-24 04:57:08,5,69,17.4,69,14.4,997.3,1002.2,3.4,4.8,8,333.6,0
2016-09-24 05:02:08,5,69,17.4,70,14.3,997.2,1002.1,4.1,5.4,13,333.9,0
2016-09-24 05:07:08,5,69,17.4,70,14.3,997.4,1002.3,3.1,4.8,10,333.9,0
2016-09-24 05:12:08,5,69,17.4,71,14.4,997.3,1002.2,3.4,4.8,10,334.2,0
2016-09-24 05:17:08,5,69,17.4,71,14.5,997.4,1002.3,3.1,5.1,9,334.2,0
2016-09-24 05:22:08,5,69,17.4,71,14.5,997.2,1002.1,3.1,5.8,14,334.5,0
2016-09-24 05:27:08,5,69,17.4,72,14.6,997.3,1002.2,2,4.1,8,334.5,0
2016-09-24 05:32:08,5,69,17.4,72,14.7,997,1001.9,2.4,3.4,8,334.8,0
2016-09-24 05:37:08,5,69,17.4,72,14.7,997.2,1002.1,4.8,8.2,4,335.1,0
2016-09-24 05:42:08,5,69,17.4,72,14.9,997.1,1002,2.4,3.4,12,335.1,0
2016-09-24 05:47:08,5,69,17.4,71,15,997.1,1002,2.4,3.7,10,335.1,0
2016-09-24 05:52:08,5,69,17.4,72,15,997.1,1002,4.1,5.8,8,335.4,0
2016-09-24 05:57:08,5,69,17.4,72,15.1,997.2,1002.1,2,3.1,8,335.7,0
2016-09-24 06:02:08,5,69,17.4,72,15.1,997.1,1002,3.7,4.8,8,336,0
2016-09-24 06:07:08,5,69,17.4,72,15.1,997.1,1002,2.7,5.8,8,336,0
2016-09-24 06:12:08,5,69,17.4,72,15.2,997,1001.9,2.4,3.4,10,336,0
2016-09-24 06:17:08,5,69,17.4,72,15.2,997.2,1002.1,2,2.7,10,336,0
2016-09-24 06:22:08,5,69,17.1,72,15.3,997.1,1002,2.7,3.7,8,336,0
2016-09-24 06:27:08,5,69,17.4,72,15.4,996.9,1001.8,1.7,3.4,2,336,0
2016-09-24 06:32:08,5,69,17.4,72,15.4,997.1,1002,1.7,2.7,14,336,0
2016-09-24 06:37:08,5,69,17.1,72,15.4,997,1001.9,2.4,4.1,10,336,0
2016-09-24 06:42:08,5,69,17.4,72,15.4,997,1001.9,1.7,2.7,8,336,0
2016-09-24 06:47:08,5,69,17.1,72,15.5,997,1001.9,1.4,2.7,4,336,0
2016-09-24 06:52:08,5,69,17.1,72,15.5,997.2,1002.1,2.7,4.1,8,336,0
2016-09-24 06:57:08,5,69,17.4,72,15.6,997.2,1002.1,1.7,2.7,9,336,0
2016-09-24 07:02:08,5,69,17.4,72,15.7,997,1001.9,1.7,2.4,8,336,0
2016-09-24 07:07:08,5,69,17.4,72,15.8,997,1001.9,3.1,5.4,10,336,0
2016-09-24 07:12:08,5,69,17.4,72,15.8,997.3,1002.2,3.1,4.4,12,336.3,0
2016-09-24 07:17:08,5,69,17.3,71,15.8,997.3,1002.2,2.4,4.1,13,336.3,0
2016-09-24 07:22:08,5,69,17.3,72,15.7,997,1001.9,2,3.1,8,336.6,0
2016-09-24 07:27:08,5,69,17.4,72,15.7,996.9,1001.8,3.4,6.1,10,336.9,0
2016-09-24 07:32:08,5,69,17.4,72,15.7,997,1001.9,1.7,3.1,10,336.9,0
2016-09-24 07:37:08,5,69,17.4,72,15.7,997.1,1002,3.7,5.4,8,336.9,0
2016-09-24 07:42:08,5,69,17.4,72,15.6,996.9,1001.8,1.7,2.7,10,337.2,0
2016-09-24 07:47:08,5,69,17.4,72,15.6,996.8,1001.7,2,3.7,10,337.2,0
2016-09-24 07:52:08,5,69,17.4,72,15.5,996.7,1001.6,1.4,2.4,8,337.2,0
2016-09-24 07:57:08,5,69,17.3,72,15.5,996.5,1001.4,1.4,2,10,337.2,0
2016-09-24 08:02:08,5,69,17.4,72,15.4,996.1,1001,2,3.7,14,337.2,0
2016-09-24 08:07:08,5,69,17.4,72,15.4,996.5,1001.4,1.7,2.7,8,337.2,0
2016-09-24 08:12:08,5,69,17.4,73,15.4,996.8,1001.7,3.1,3.7,9,337.2,0
2016-09-24 08:17:08,5,69,17.4,73,15.4,996.8,1001.7,1.4,2,8,337.2,0
2016-09-24 08:22:08,5,69,17.4,73,15.3,996.8,1001.7,1,2,10,337.2,0
2016-09-24 08:27:08,5,69,17.4,73,15.3,996.8,1001.7,1,1.7,10,337.2,0
2016-09-24 08:32:08,5,69,17.4,73,15.3,996.8,1001.7,0.7,1.4,8,337.5,0
2016-09-24 08:37:08,5,69,17.4,73,15.2,996.9,1001.8,0.3,1.4,14,338.1,0
2016-09-24 08:42:08,5,69,17.4,73,15.2,996.7,1001.6,1.4,1.7,2,338.7,0
2016-09-24 08:47:08,5,69,17.4,73,15.2,996.8,1001.7,1,2,8,338.7,0
2016-09-24 08:52:08,5,69,17.4,73,15.2,996.9,1001.8,1,1.4,8,339.6,0
2016-09-24 08:57:08,5,69,17.4,73,15.2,996.7,1001.6,1,1.7,10,340.5,0
2016-09-24 09:02:08,5,69,17.4,73,15.3,996.6,1001.5,1.4,2.4,8,340.8,0
2016-09-24 09:07:08,5,69,17.4,73,15.3,996.5,1001.4,0.3,1,8,341.4,0
2016-09-24 09:12:08,5,69,17.4,73,15.3,996.6,1001.5,0.3,1,10,341.7,0
2016-09-24 09:17:08,5,69,17.4,73,15.3,996.5,1001.4,0,0.3,12,342.6,0
2016-09-24 09:22:08,5,69,17.4,73,15.3,996.7,1001.6,0.7,1.4,10,343.2,0
2016-09-24 09:27:08,5,69,17.4,73,15.3,996.5,1001.4,2.4,3.4,8,343.8,0
2016-09-24 09:32:08,5,69,17.4,73,15.3,996.5,1001.4,1.7,2.7,9,344.1,0
2016-09-24 09:37:08,5,69,17.4,73,15.2,996.6,1001.5,1.4,2.4,8,344.1,0
2016-09-24 09:42:08,5,69,17.4,73,15.2,996.7,1001.6,0.7,1.4,10,344.1,0
2016-09-24 09:47:08,5,69,17.4,74,15.2,996.8,1001.7,2,3.4,10,344.1,0
2016-09-24 09:52:08,5,69,17.3,74,15.2,996.4,1001.3,1.4,2,8,344.1,0
2016-09-24 09:57:08,5,69,17.4,74,15.2,996.3,1001.2,1.4,2.4,8,344.1,0
2016-09-24 10:02:08,5,69,17.4,74,15.2,996.5,1001.4,2.7,3.7,8,344.1,0
2016-09-24 10:07:08,5,69,17.4,73,15,997,1001.9,1.4,2,10,344.1,0
2016-09-24 10:12:08,5,69,17.4,74,14.7,996.8,1001.7,1.7,3.1,8,344.1,0
2016-09-24 10:17:08,5,69,17.4,74,14.5,996.9,1001.8,2.4,4.4,14,344.1,0
2016-09-24 10:22:08,5,69,17.4,74,14.6,997.3,1002.2,2.4,3.7,8,344.1,0
2016-09-24 10:27:08,5,69,17.4,74,14.6,997.6,1002.5,1.4,2.4,8,344.1,0
2016-09-24 10:32:08,5,69,17.4,74,14.6,997.4,1002.3,1,2.4,8,344.1,0
2016-09-24 10:37:08,5,69,17.4,74,14.6,997.3,1002.2,1.7,2.4,8,344.1,0
2016-09-24 10:42:08,5,69,17.4,74,14.6,997.2,1002.1,0.7,2,10,344.1,0
2016-09-24 10:47:08,5,69,17.4,74,14.9,997.1,1002,1.4,2.4,10,344.1,0
2016-09-24 10:52:08,5,69,17.4,73,15,997,1001.9,0.3,0.7,11,344.1,0
2016-09-24 10:57:08,5,69,17.4,73,15,997.7,1002.6,0.7,1.4,10,344.1,0
2016-09-24 11:02:08,5,69,17.4,74,14.9,997.6,1002.5,1.4,2.4,10,344.1,0
2016-09-24 11:07:08,5,69,17.4,74,14.8,997.6,1002.5,1,2,8,344.1,0
2016-09-24 11:12:08,5,70,17.4,73,15,997.6,1002.5,0.7,1.4,13,344.1,0
2016-09-24 11:17:08,5,70,17.5,73,15.1,997.5,1002.4,1,1.7,8,344.1,0
2016-09-24 11:22:08,5,70,17.5,73,15.3,997.7,1002.6,1,1.7,8,344.1,0
2016-09-24 11:27:08,5,70,17.5,72,15.3,997.8,1002.7,1.4,2.4,10,344.1,0
2016-09-24 11:32:08,5,70,17.5,72,15.3,997.7,1002.6,1,2,8,344.1,0
2016-09-24 11:37:08,5,70,17.5,71,15.2,997.8,1002.7,1,2,8,344.1,0
2016-09-24 11:42:08,5,70,17.5,70,15.2,997.7,1002.6,1,2,14,344.1,0
2016-09-24 11:47:08,5,70,17.5,70,15.3,997.7,1002.6,1,2,10,344.1,0
2016-09-24 11:52:08,5,70,17.6,69,15.3,997.8,1002.7,1,2,10,344.1,0
2016-09-24 11:57:08,5,70,17.6,70,15.5,997.5,1002.4,1,1.7,8,344.1,0
2016-09-24 12:02:08,5,70,17.6,69,15.7,997.6,1002.5,1.4,3.1,8,344.1,0
2016-09-24 12:07:08,5,70,17.6,69,15.8,997.7,1002.6,1.4,2.4,10,344.1,0
2016-09-24 12:12:08,5,70,17.7,69,15.9,997.8,1002.7,1,1.4,8,344.1,0
2016-09-24 12:17:08,5,70,17.7,68,15.7,997.8,1002.7,2,3.1,10,344.1,0
2016-09-24 12:22:08,5,70,17.7,68,15.6,997.6,1002.5,1,1.7,10,344.1,0
2016-09-24 12:27:08,5,70,17.7,68,15.7,997.6,1002.5,1.7,2.4,9,344.1,0
2016-09-24 12:32:08,5,70,17.7,68,15.7,997.7,1002.6,1,1.4,8,344.1,0
2016-09-24 12:37:08,5,70,17.7,68,15.8,997.8,1002.7,2.4,3.1,9,344.1,0
2016-09-24 12:42:08,5,70,17.7,67,15.7,997.8,1002.7,2,3.1,10,344.1,0
2016-09-24 12:47:08,5,70,17.7,67,15.7,997.7,1002.6,1.4,2,8,344.1,0
2016-09-24 12:52:08,5,70,17.8,67,15.8,997.7,1002.6,1.4,2,10,344.1,0
2016-09-24 12:57:08,5,71,17.8,68,15.8,997.7,1002.6,1,1.4,14,344.1,0
2016-09-24 13:02:08,5,71,17.8,68,15.7,997.5,1002.4,1,1.7,10,344.1,0
2016-09-24 13:07:08,5,70,17.8,67,15.6,997.3,1002.2,1.4,2,10,344.1,0
2016-09-24 13:12:08,5,70,17.8,68,15.8,997.2,1002.1,1,1.7,8,344.1,0
2016-09-24 13:17:08,5,70,17.8,66,16,997.2,1002.1,2,2.7,10,344.1,0
2016-09-24 13:22:08,5,70,17.8,67,15.9,997,1001.9,1.7,2.7,8,344.1,0
2016-09-24 13:27:08,5,70,17.8,66,15.9,997.2,1002.1,1,1.7,9,344.1,0
2016-09-24 13:32:08,5,70,17.8,66,16.1,997.3,1002.2,1,2.4,8,344.1,0
2016-09-24 13:37:08,5,70,17.8,65,16.1,997.1,1002,0.3,0.7,8,344.1,0
2016-09-24 13:42:08,5,70,17.7,65,16.3,997.2,1002.1,0.7,1.4,8,344.1,0
2016-09-24 13:47:08,5,70,17.8,65,16.3,997.1,1002,1.4,2.4,8,344.1,0
2016-09-24 13:52:08,5,70,17.8,65,16.3,997.2,1002.1,1.4,2.7,10,344.1,0
2016-09-24 13:57:08,5,70,17.8,64,16.3,997.1,1002,0.7,1.7,10,344.1,0
2016-09-24 14:02:08,5,70,17.8,64,16.3,997,1001.9,0.3,1.4,10,344.1,0
2016-09-24 14:07:08,5,70,17.8,64,16.4,997.1,1002,0.3,0.7,8,344.1,0
2016-09-24 14:12:08,5,70,17.8,64,16.5,996.9,1001.8,0.7,1.4,8,344.1,0
2016-09-24 14:17:08,5,70,17.9,64,16.6,997,1001.9,1,1.7,8,344.1,0
2016-09-24 14:22:08,5,70,17.9,64,16.6,997,1001.9,0.7,1.4,10,344.1,0
2016-09-24 14:27:08,5,70,17.9,63,16.6,996.8,1001.7,1.4,2.4,9,344.1,0
2016-09-24 14:32:08,5,70,17.9,63,16.6,996.8,1001.7,0.7,1.4,10,344.1,0
2016-09-24 14:37:08,5,70,17.9,64,16.8,996.7,1001.6,1,1.4,8,344.1,0
2016-09-24 14:42:08,5,70,17.9,63,17,996.7,1001.6,1.7,2.4,10,344.1,0
2016-09-24 14:47:08,5,70,17.9,62,17,996.7,1001.6,0.7,1.4,8,344.1,0
2016-09-24 14:52:08,5,70,18,62,17.1,996.5,1001.4,1.4,2,0,344.1,0
2016-09-24 14:57:08,5,70,17.9,62,17.1,996.6,1001.5,1.4,2.7,10,344.1,0
2016-09-24 15:02:08,5,71,18,62,17.1,996.5,1001.4,0.7,1.4,8,344.1,0
2016-09-24 15:07:08,5,72,18.1,62,17.3,996.4,1001.3,1,1.7,10,344.1,0
2016-09-24 15:12:08,5,72,18.1,62,17.2,996.4,1001.3,0.7,1.4,14,344.1,0
2016-09-24 15:17:08,5,72,18.1,61,17.3,996.4,1001.3,1.4,2.4,0,344.1,0
2016-09-24 15:22:08,5,72,18.2,61,17.3,996.2,1001.1,2,3.4,8,344.1,0
2016-09-24 15:27:08,5,71,18.2,61,17.3,996.2,1001.1,1.4,2.4,8,344.1,0
2016-09-24 15:32:08,5,71,18.2,60,17.5,996.2,1001.1,1.4,3.1,9,344.1,0
2016-09-24 15:37:08,5,71,18.3,60,17.3,996.2,1001.1,1,1.7,10,344.1,0
2016-09-24 15:42:08,5,71,18.3,62,16.9,996.3,1001.2,1.4,2,14,344.1,0
2016-09-24 15:47:08,5,71,18.3,62,16.6,996.2,1001.1,1.7,2.7,10,344.1,0
2016-09-24 15:52:08,5,71,18.3,62,16.6,996.1,1001,1.4,2,10,344.1,0
2016-09-24 15:57:08,5,70,18.3,63,16.9,996,1000.9,0.7,1,8,344.1,0
2016-09-24 16:02:08,5,70,18.3,62,16.9,996,1000.9,1.7,2.4,8,344.1,0
2016-09-24 16:07:08,5,70,18.3,63,16.6,996,1000.9,1.4,1.7,2,344.1,0
2016-09-24 16:12:08,5,70,18.4,63,16.6,996,1000.9,1.4,2,10,344.1,0
2016-09-24 16:17:08,5,71,18.4,62,17,995.9,1000.8,1,2,8,344.1,0
2016-09-24 16:22:08,5,72,18.4,61,17.3,995.9,1000.8,1.7,2.7,4,344.1,0
2016-09-24 16:27:08,5,72,18.4,62,16.8,995.8,1000.7,1.7,3.4,2,344.1,0
2016-09-24 16:32:08,5,71,18.4,62,16.5,995.7,1000.6,1.4,3.7,2,344.1,0
2016-09-24 16:37:08,5,71,18.4,63,16.4,995.6,1000.5,1.4,3.1,8,344.1,0
2016-09-24 16:42:08,5,71,18.4,63,16.3,995.7,1000.6,1.7,2.4,4,344.1,0
2016-09-24 16:47:08,5,71,18.4,63,16.2,995.5,1000.4,0.3,1,4,344.1,0
2016-09-24 16:52:08,5,72,18.4,63,16.2,995.6,1000.5,0.7,2,10,344.1,0
2016-09-24 16:57:08,5,72,18.4,64,16.2,995.7,1000.6,1.4,2.4,2,344.1,0
2016-09-24 17:02:08,5,72,18.4,64,16.2,995.7,1000.6,1,2,2,344.1,0
2016-09-24 17:07:08,5,72,18.4,64,16.2,995.6,1000.5,1,2.4,10,344.1,0
2016-09-24 17:12:08,5,72,18.4,64,16.1,995.6,1000.5,1,2,12,344.1,0
2016-09-24 17:17:08,5,72,18.4,64,16.1,995.6,1000.5,1.7,3.7,4,344.1,0
2016-09-24 17:22:08,5,72,18.4,64,16.1,995.4,1000.3,2.7,5.4,2,344.1,0
2016-09-24 17:27:08,5,72,18.4,64,16.1,995.6,1000.5,1.4,2.7,4,344.1,0
2016-09-24 17:32:08,5,72,18.4,64,16,995.6,1000.5,1.4,2,10,344.1,0
2016-09-24 17:37:08,5,72,18.4,65,15.8,995.8,1000.7,1,2.7,10,344.1,0
2016-09-24 17:42:08,5,72,18.4,65,15.6,995.8,1000.7,1.4,1.7,14,344.1,0
2016-09-24 17:47:08,5,72,18.4,66,15.3,995.7,1000.6,1.4,2,11,344.4,0
2016-09-24 17:52:08,5,72,18.4,67,15.1,995.9,1000.8,1,1.4,8,344.4,0
2016-09-24 17:57:08,5,72,18.4,68,14.9,995.8,1000.7,1.7,3.1,8,344.4,0
2016-09-24 18:02:08,5,72,18.4,69,14.6,995.7,1000.6,1.7,3.1,10,344.7,0
2016-09-24 18:07:08,5,73,18.3,69,14.4,995.7,1000.6,0.3,1.7,14,344.7,0
2016-09-24 18:12:08,5,73,18.4,70,14.4,995.8,1000.7,1,1.4,2,344.7,0
2016-09-24 18:17:08,5,73,18.4,70,14.3,995.7,1000.6,0.7,2,8,344.7,0
2016-09-24 18:22:08,5,73,18.3,70,14.2,995.6,1000.5,0.7,1.4,8,344.7,0
2016-09-24 18:27:08,5,73,18.4,70,14.1,995.8,1000.7,1,1.7,10,344.7,0
2016-09-24 18:32:08,5,73,18.4,71,14.1,995.8,1000.7,0.3,0.7,10,344.7,0
2016-09-24 18:37:08,5,73,18.4,72,13.9,995.7,1000.6,0.3,1,8,344.7,0
2016-09-24 18:42:08,5,73,18.4,72,13.8,995.6,1000.5,0.7,1,10,344.7,0
2016-09-24 18:47:08,5,73,18.4,72,13.7,995.8,1000.7,1,2,8,344.7,0
2016-09-24 18:52:08,5,73,18.4,72,13.6,995.8,1000.7,0.7,1.4,8,344.7,0
2016-09-24 18:57:08,5,74,18.4,72,13.6,995.6,1000.5,0.7,1.7,10,344.7,0
2016-09-24 19:02:08,5,75,18.4,72,13.6,995.6,1000.5,1,1.4,10,344.7,0
2016-09-24 19:07:08,5,75,18.4,72,13.6,995.8,1000.7,1,1.4,10,344.7,0
2016-09-24 19:12:08,5,75,18.4,72,13.6,995.6,1000.5,1.4,3.7,4,344.7,0
2016-09-24 19:17:08,5,75,18.4,72,13.4,995.6,1000.5,1,1.7,10,344.7,0
2016-09-24 19:22:08,5,75,18.4,72,13.4,995.7,1000.6,1.7,2.7,10,344.7,0
2016-09-24 19:27:08,5,75,18.4,71,13.4,995.9,1000.8,1.4,2,10,344.7,0
2016-09-24 19:32:08,5,75,18.4,71,13.3,995.9,1000.8,1.4,2.4,11,344.7,0
2016-09-24 19:37:08,5,75,18.4,70,13.2,995.9,1000.8,0.7,1.4,12,344.7,0
2016-09-24 19:42:08,5,75,18.4,70,13,995.9,1000.8,1.4,3.1,8,344.7,0
2016-09-24 19:47:08,5,76,18.4,69,13,996,1000.9,1.4,2,8,344.7,0
2016-09-24 19:52:08,5,77,18.4,70,12.9,996,1000.9,1.4,1.7,10,344.7,0
2016-09-24 19:57:08,5,77,18.5,70,12.8,996.1,1001,1,1.4,10,344.7,0
2016-09-24 20:02:08,5,78,18.5,70,12.8,996.3,1001.2,0.3,0.7,8,344.7,0
2016-09-24 20:07:08,5,78,18.5,70,12.8,996.2,1001.1,0.3,0.7,10,344.7,0
2016-09-24 20:12:08,5,77,18.5,71,12.7,996.2,1001.1,0,0.3,12,344.7,0
2016-09-24 20:17:08,5,77,18.6,71,12.6,996.1,1001,0.7,2,8,344.7,0
2016-09-24 20:22:08,5,78,18.6,71,12.6,996.2,1001.1,0.7,1.7,10,344.7,0
2016-09-24 20:27:08,5,78,18.6,71,12.5,996,1000.9,1.4,3.1,4,344.7,0
2016-09-24 20:32:08,5,77,18.6,71,12.3,996,1000.9,1.4,3.1,14,344.7,0
2016-09-24 20:37:08,5,77,18.6,71,12.2,995.9,1000.8,0.7,1.7,13,344.7,0
2016-09-24 20:42:08,5,77,18.6,70,12,995.9,1000.8,0.3,1,2,344.7,0
2016-09-24 20:47:08,5,77,18.6,71,11.9,995.9,1000.8,0.7,1.4,8,344.7,0
2016-09-24 20:52:08,5,77,18.6,70,11.8,996,1000.9,0.3,1,14,344.7,0
2016-09-24 20:57:08,5,77,18.6,70,11.8,996,1000.9,0.3,1,8,344.7,0
2016-09-24 21:02:08,5,77,18.7,70,11.7,996,1000.9,0.7,1.4,8,344.7,0
2016-09-24 21:07:08,5,77,18.7,70,11.7,996.1,1001,0.3,1,4,344.7,0
2016-09-24 21:12:08,5,77,18.7,70,11.7,996.1,1001,1,1.7,10,344.7,0
2016-09-24 21:17:08,5,77,18.7,70,11.8,996,1000.9,1.4,2.7,8,344.7,0
2016-09-24 21:22:08,5,77,18.6,69,11.9,996,1000.9,2,3.1,10,344.7,0
2016-09-24 21:27:08,5,77,18.6,68,12,995.9,1000.8,2,3.7,9,344.7,0
2016-09-24 21:32:08,5,77,18.7,68,12,996.2,1001.1,2.4,4.4,9,344.7,0
2016-09-24 21:37:08,5,77,18.7,67,12.1,996.4,1001.3,1.7,2.4,10,344.7,0
2016-09-24 21:42:08,5,77,18.6,68,11.9,996.2,1001.1,2,4.8,10,344.7,0
2016-09-24 21:47:08,5,77,18.6,68,11.9,996.4,1001.3,1.4,2.4,8,344.7,0
2016-09-24 21:52:08,5,77,18.7,68,11.8,996.4,1001.3,2.7,4.1,8,344.7,0
2016-09-24 21:57:08,5,77,18.6,68,11.7,996.4,1001.3,1.4,3.1,8,344.7,0
2016-09-24 22:02:08,5,77,18.7,69,11.8,996.4,1001.3,2,3.7,10,344.7,0
2016-09-24 22:07:08,5,77,18.7,69,11.8,996.3,1001.2,1.7,2.7,,344.7,0
2016-09-24 22:12:08,5,77,18.7,69,11.9,996.4,1001.3,2.7,4.8,8,344.7,0
2016-09-24 22:17:08,5,77,18.6,70,11.8,996.5,1001.4,3.1,5.1,10,344.7,0
2016-09-24 22:22:08,5,77,18.6,70,11.7,996.5,1001.4,3.4,4.4,14,344.7,0
2016-09-24 22:27:08,5,77,18.7,71,11.5,996.6,1001.5,1,1.7,8,344.7,0
2016-09-24 22:32:08,5,77,18.7,71,11.4,996.7,1001.6,2,3.1,10,344.7,0
2016-09-24 22:37:08,5,77,18.7,71,11.2,996.9,1001.8,1.4,2.4,10,344.7,0
2016-09-24 22:42:08,5,77,18.7,72,11.1,997.1,1002,1.4,2.4,8,344.7,0
2016-09-24 22:47:08,5,77,18.7,72,11,997.3,1002.2,0.7,1.4,10,344.7,0
2016-09-24 22:52:08,5,77,18.7,73,10.8,997.3,1002.2,0.3,1.4,12,344.7,0
2016-09-24 22:57:08,5,77,18.7,73,10.6,997.2,1002.1,0.7,1.4,10,344.7,0
2016-09-24 23:02:08,5,77,18.7,72,10.4,997.3,1002.2,0.7,1.4,12,344.7,0
2016-09-24 23:07:08,5,77,18.7,72,10.2,997.3,1002.2,0.7,1.4,10,344.7,0
2016-09-24 23:12:08,5,77,18.7,72,10.1,997.3,1002.2,0.7,1.4,10,344.7,0
2016-09-24 23:17:08,5,77,18.8,72,10,997.3,1002.2,0.7,1.4,8,344.7,0
2016-09-24 23:22:08,5,77,18.7,72,9.9,997.2,1002.1,1,1.7,10,344.7,0
2016-09-24 23:27:08,5,77,18.7,72,9.8,997.1,1002,1,2,10,344.7,0
2016-09-24 23:32:08,5,77,18.8,72,9.8,997.1,1002,1.4,1.7,8,344.7,0
2016-09-24 23:37:08,5,77,18.7,72,9.7,997.2,1002.1,1,1.7,10,344.7,0
2016-09-24 23:42:08,5,77,18.7,72,9.7,997.3,1002.2,1,1.7,10,344.7,0
2016-09-24 23:47:08,5,77,18.7,72,9.7,997.4,1002.3,0.7,1,8,344.7,0
2016-09-24 23:52:08,5,77,18.7,73,9.8,997.3,1002.2,1.4,2.4,10,344.7,0
2016-09-24 23:57:08,5,77,18.7,73,9.9,997.1,1002,1.7,2.4,8,344.7,0
