2015-04-17 00:00:49,5,51,19.5,66,5.3,1011.3,1016.2,1,1.4,2,226.5,0
2015-04-17 00:05:49,5,51,19.4,66,5.2,1011.3,1016.2,1.4,2.7,4,226.5,0
2015-04-17 00:10:49,5,51,19.4,66,5.1,1011.5,1016.4,1,1.7,4,226.5,0
2015-04-17 00:15:49,5,51,19.4,66,5.1,1011.4,1016.3,1.4,2,6,226.5,0
2015-04-17 00:20:49,5,50,19.5,66,5,1011.4,1016.3,0.7,2,0,226.5,0
2015-04-17 00:25:49,5,50,19.4,67,4.9,1011.4,1016.3,1,1.7,4,226.5,0
2015-04-17 00:30:49,5,50,19.4,67,4.9,1011.6,1016.5,1.4,2,4,226.5,0
2015-04-17 00:35:49,5,50,19.4,67,4.9,1011.5,1016.4,1,1.4,2,226.5,0
2015-04-17 00:40:49,5,50,19.4,67,4.8,1011.4,1016.3,1.4,2.4,2,226.5,0
2015-04-17 00:45:49,5,50,19.4,67,4.8,1011.4,1016.3,1,2,2,226.5,0
2015-04-17 00:50:49,5,50,19.3,67,4.8,1011.5,1016.4,0.7,1.4,4,226.5,0
2015-04-17 00:55:49,5,50,19.3,67,4.7,1011.5,1016.4,1,1.4,3,226.5,0
2015-04-17 01:00:49,5,50,19.3,67,4.6,1011.3,1016.2,0.3,1,2,226.5,0
2015-04-17 01:05:49,5,50,19.3,67,4.4,1011.1,1016,1,1.7,4,226.5,0
2015-04-17 01:10:49,5,50,19.3,67,4.3,1011.3,1016.2,0.7,1,4,226.5,0
2015-04-17 01:15:49,5,50,19.3,67,4.2,1011.3,1016.2,0.7,1.7,14,226.5,0
2015-04-17 01:20:49,5,50,19.2,68,4.2,1011.3,1016.2,1.7,2,3,226.5,0
2015-04-17 01:25:49,5,50,19.2,68,4.2,1011.2,1016.1,1,2,4,226.5,0
2015-04-17 01:30:49,5,50,19.2,68,4.1,1011,1015.9,0.3,1,4,226.5,0
2015-04-17 01:35:49,5,50,19.2,68,4,1011.1,1016,0.7,1.7,2,226.5,0
2015-04-17 01:40:49,5,50,19.2,70,3.9,1011.1,1016,1.7,2,4,226.5,0
2015-04-17 01:45:49,5,50,19.2,70,3.6,1011,1015.9,0.7,1.4,2,226.5,0
2015-04-17 01:50:49,5,50,19.2,70,3.6,1011,1015.9,1,2,2,226.5,0
2015-04-17 01:55:49,5,50,19.2,71,3.7,1010.9,1015.8,0.3,1,2,226.5,0
2015-04-17 02:00:49,5,50,19.1,71,3.7,1011,1015.9,1,2,4,226.5,0
2015-04-17 02:05:49,5,50,19.1,71,3.6,1010.9,1015.8,1,1.7,2,226.5,0
2015-04-17 02:10:49,5,50,19.1,71,3.6,1011,1015.9,1,1.4,2,226.5,0
2015-04-17 02:15:49,5,50,19.1,71,3.6,1011.1,1016,0.7,1.4,4,226.5,0
2015-04-17 02:20:49,5,50,19.1,71,3.5,1011,1015.9,0.7,1,0,226.5,0
2015-04-17 02:25:49,5,50,19.1,71,3.5,1011.2,1016.1,0.7,1.4,2,226.5,0
2015-04-17 02:30:49,5,50,19.1,71,3.4,1011.1,1016,1,1.7,2,226.5,0
2015-04-17 02:35:49,5,50,19,71,3.3,1011.1,1016,1,1.7,1,226.5,0
2015-04-17 02:40:49,5,50,19,72,3.2,1011.2,1016.1,1,1.4,2,226.5,0
2015-04-17 02:45:49,5,50,19,72,3.2,1011.3,1016.2,1,1.7,0,226.5,0
2015-04-17 02:50:49,5,50,19,72,3.2,1011.3,1016.2,0.7,1.4,0,226.5,0
2015-04-17 02:55:49,5,50,19,72,3.1,1011.4,1016.3,0.3,0.7,4,226.5,0
2015-04-17 03:00:49,5,50,19,72,3.1,1011.4,1016.3,0.7,1,0,226.5,0
2015-04-17 03:05:49,5,50,19,72,3,1011.4,1016.3,0.7,1,0,226.5,0
2015-04-17 03:10:49,5,50,19,73,3,1011.6,1016.5,0.3,1,1,226.5,0
2015-04-17 03:15:49,5,50,19,69,2.9,1011.6,1016.5,0.3,1,2,226.5,0
2015-04-17 03:20:49,5,50,19,69,2.9,1011.6,1016.5,0.3,0.7,4,226.5,0
2015-04-17 03:25:49,5,51,18.9,69,2.8,1011.5,1016.4,1,1.4,2,226.5,0
2015-04-17 03:30:49,5,51,18.9,69,2.7,1011.3,1016.2,0.3,1,0,226.5,0
2015-04-17 03:35:49,5,51,18.9,69,2.7,1011.4,1016.3,0.3,0.7,0,226.5,0
2015-04-17 03:40:49,5,51,18.9,69,2.6,1011.4,1016.3,0.7,1,0,226.5,0
2015-04-17 03:45:49,5,51,18.9,69,2.6,1011.3,1016.2,0.3,0.7,4,226.5,0
2015-04-17 03:50:49,5,51,18.8,70,2.5,1011.4,1016.3,1,1.4,6,226.5,0
2015-04-17 03:55:49,5,52,18.9,70,2.3,1011.5,1016.4,1,1.4,3,226.5,0
2015-04-17 04:00:49,5,52,18.8,70,2.3,1011.6,1016.5,0.3,1,0,226.5,0
2015-04-17 04:05:49,5,51,18.8,70,2.4,1011.7,1016.6,0.7,1,2,226.5,0
2015-04-17 04:10:49,5,51,18.8,71,2.4,1011.4,1016.3,0.7,1.4,2,226.5,0
2015-04-17 04:15:49,5,51,18.8,71,2.4,1011.6,1016.5,0.3,0.7,2,226.5,0
2015-04-17 04:20:49,5,51,18.8,70,2.2,1011.9,1016.8,0.3,0.7,0,226.5,0
2015-04-17 04:25:49,5,51,18.8,71,1.8,1011.9,1016.8,0.3,0.7,0,226.5,0
2015-04-17 04:30:49,5,51,18.8,71,1.5,1011.8,1016.7,0.3,1,0,226.5,0
2015-04-17 04:35:49,5,51,18.8,71,1.5,1011.8,1016.7,0.7,1,2,226.5,0
2015-04-17 04:40:49,5,51,18.7,72,1.7,1011.9,1016.8,0.7,1,0,226.5,0
2015-04-17 04:45:49,5,51,18.7,72,1.9,1011.9,1016.8,0.3,1,0,226.5,0
2015-04-17 04:50:49,5,51,18.7,72,2,1011.8,1016.7,0.7,1,2,226.5,0
2015-04-17 04:55:49,5,51,18.7,72,2,1012,1016.9,0.3,0.7,0,226.5,0
2015-04-17 05:00:49,5,51,18.6,72,2,1012.2,1017.1,0.7,1.4,2,226.5,0
2015-04-17 05:05:49,5,51,18.7,72,2,1012,1016.9,0.3,0.7,2,226.5,0
2015-04-17 05:10:49,5,51,18.7,73,1.8,1012.2,1017.1,0,0.3,0,226.5,0
2015-04-17 05:15:49,5,51,18.6,73,1.9,1012.2,1017.1,0,0.3,0,226.5,0
2015-04-17 05:20:49,5,51,18.6,73,1.8,1012.4,1017.3,0.3,0.7,0,226.5,0
2015-04-17 05:25:49,5,51,18.6,73,1.7,1012.3,1017.2,1,1.4,2,226.5,0
2015-04-17 05:30:49,5,51,18.6,73,1.6,1012.3,1017.2,0.7,1,0,226.5,0
2015-04-17 05:35:49,5,51,18.6,73,1.3,1012.4,1017.3,0.7,1,0,226.5,0
2015-04-17 05:40:49,5,51,18.6,73,1.2,1012.5,1017.4,0.3,0.7,0,226.5,0
2015-04-17 05:45:49,5,51,18.6,73,1.1,1012.5,1017.4,0.3,0.7,0,226.5,0
2015-04-17 05:50:49,5,51,18.6,73,1,1012.5,1017.4,0,0.3,2,226.5,0
2015-04-17 05:55:49,5,51,18.6,73,1.1,1012.5,1017.4,0,0.3,0,226.5,0
2015-04-17 06:00:49,5,51,18.6,73,1.3,1012.6,1017.5,0.3,1,4,226.5,0
2015-04-17 06:05:49,5,51,18.5,73,1.5,1012.6,1017.5,0,0.7,0,226.5,0
2015-04-17 06:10:49,5,51,18.5,73,1.7,1012.7,1017.6,0,0.3,0,226.5,0
2015-04-17 06:15:49,5,51,18.5,73,1.8,1012.9,1017.8,0.3,0.7,0,226.5,0
2015-04-17 06:20:49,5,51,18.5,73,2.1,1012.7,1017.6,0.7,1,0,226.5,0
2015-04-17 06:25:49,5,51,18.5,73,2.5,1012.8,1017.7,0.3,0.7,0,226.5,0
2015-04-17 06:30:49,5,51,18.5,73,2.7,1013.1,1018,0.3,0.7,2,226.5,0
2015-04-17 06:35:49,5,51,18.5,77,3,1013.1,1018,1,1.4,0,226.5,0
2015-04-17 06:40:49,5,51,18.5,76,3.4,1013.1,1018,1,1.4,0,226.5,0
2015-04-17 06:45:49,5,51,18.5,76,3.7,1013.2,1018.1,1,1.4,0,226.5,0
2015-04-17 06:50:49,5,51,18.5,75,3.9,1013.1,1018,2,2.4,0,226.5,0
2015-04-17 06:55:49,5,51,18.5,74,4.2,1013.3,1018.2,1.4,2,0,226.5,0
2015-04-17 07:00:49,5,51,18.5,74,4.6,1013.5,1018.4,1.4,1.7,0,226.5,0
2015-04-17 07:05:49,5,52,18.6,72,5,1013.6,1018.5,1.4,2,0,226.5,0
2015-04-17 07:10:49,5,52,18.5,72,5.4,1013.7,1018.6,1,1.4,2,226.5,0
2015-04-17 07:15:49,5,52,18.5,71,5.9,1013.6,1018.5,1.7,2.7,0,226.5,0
2015-04-17 07:20:49,5,52,18.5,69,6.1,1013.8,1018.7,1.7,2.4,0,226.5,0
2015-04-17 07:25:49,5,52,18.5,68,6.4,1013.7,1018.6,1,1.4,0,226.5,0
2015-04-17 07:30:49,5,52,18.5,67,6.8,1013.8,1018.7,1.7,2,1,226.5,0
2015-04-17 07:35:49,5,49,18.5,65,7.1,1013.8,1018.7,1.7,2.4,0,226.5,0
2015-04-17 07:40:49,5,51,18.5,64,7.2,1013.8,1018.7,1.7,2,2,226.5,0
2015-04-17 07:45:49,5,52,18.5,63,7.1,1013.8,1018.7,2.4,3.1,1,226.5,0
2015-04-17 07:50:49,5,52,18.5,64,7.2,1014,1018.9,2,2.7,2,226.5,0
2015-04-17 07:55:49,5,52,18.6,64,7.6,1013.9,1018.8,1.4,2.7,0,226.5,0
2015-04-17 08:00:49,5,52,18.6,64,7.9,1013.9,1018.8,1.7,2,15,226.5,0
2015-04-17 08:05:49,5,48,18.6,64,8.3,1013.9,1018.8,2.4,3.1,0,226.5,0
2015-04-17 08:10:49,5,43,18.5,63,8.5,1014.1,1019,2,3.4,15,226.5,0
2015-04-17 08:15:49,5,42,18.4,63,8.7,1014.1,1019,2.4,3.1,0,226.5,0
2015-04-17 08:20:49,5,42,18.2,63,8.8,1014.2,1019.1,2,2.7,0,226.5,0
2015-04-17 08:25:49,5,42,18.1,62,9,1014.2,1019.1,3.4,4.4,0,226.5,0
2015-04-17 08:30:49,5,41,17.9,61,9,1014.1,1019,2.7,3.7,0,226.5,0
2015-04-17 08:35:49,5,41,17.8,61,9,1014.1,1019,2.7,3.4,0,226.5,0
2015-04-17 08:40:49,5,41,17.7,62,9.3,1014.2,1019.1,3.1,4.1,0,226.5,0
2015-04-17 08:45:49,5,42,17.6,61,9.4,1014.3,1019.2,2.7,3.7,0,226.5,0
2015-04-17 08:50:49,5,42,17.4,62,9.9,1014.3,1019.2,2.4,3.4,0,226.5,0
2015-04-17 08:55:49,5,42,17.5,59,10.1,1014.5,1019.4,2.4,3.1,10,226.5,0
2015-04-17 09:00:49,5,42,17.5,58,10.3,1014.4,1019.3,2.7,3.7,0,226.5,0
2015-04-17 09:05:49,5,42,17.2,58,10.4,1014.4,1019.3,2.4,3.7,0,226.5,0
2015-04-17 09:10:49,5,42,17.2,58,10.7,1014.5,1019.4,2.7,3.4,0,226.5,0
2015-04-17 09:15:49,5,42,17.2,56,10.9,1014.5,1019.4,3.1,4.1,0,226.5,0
2015-04-17 09:20:49,5,42,17.2,56,10.8,1014.5,1019.4,3.1,3.7,0,226.5,0
2015-04-17 09:25:49,5,42,17.2,56,10.9,1014.6,1019.5,3.4,4.1,1,226.5,0
2015-04-17 09:30:49,5,42,17.2,55,11,1014.5,1019.4,3.4,4.1,0,226.5,0
2015-04-17 09:35:49,5,42,17.2,56,11.2,1014.7,1019.6,3.1,4.1,2,226.5,0
2015-04-17 09:40:49,5,42,17.2,54,11.3,1014.7,1019.6,2.4,3.1,0,226.5,0
2015-04-17 09:45:49,5,43,17.2,55,11.7,1014.9,1019.8,2.4,3.1,0,226.5,0
2015-04-17 09:50:49,5,43,17.2,54,11.7,1014.8,1019.7,2,2.4,2,226.5,0
2015-04-17 09:55:49,5,43,17.2,54,11.8,1014.9,1019.8,4.1,5.4,0,226.5,0
2015-04-17 10:00:49,5,44,17.2,54,11.9,1014.9,1019.8,2.4,3.4,2,226.5,0
2015-04-17 10:05:49,5,43,17.2,54,11.7,1014.8,1019.7,4.1,4.4,0,226.5,0
2015-04-17 10:10:49,5,44,17.2,55,11.9,1014.8,1019.7,3.1,3.4,2,226.5,0
2015-04-17 10:15:49,5,44,17.2,52,12,1014.9,1019.8,4.1,5.1,1,226.5,0
2015-04-17 10:20:49,5,44,17.2,53,12,1015,1019.9,3.7,4.4,0,226.5,0
2015-04-17 10:25:49,5,44,17.2,53,12.2,1015.2,1020.1,3.1,4.1,0,226.5,0
2015-04-17 10:30:49,5,44,17.2,52,12.4,1015.2,1020.1,3.4,5.4,1,226.5,0
2015-04-17 10:35:49,5,44,17.2,54,12.4,1015.4,1020.3,3.4,4.1,0,226.5,0
2015-04-17 10:40:49,5,45,17.2,53,12.6,1015.3,1020.2,3.1,3.7,0,226.5,0
2015-04-17 10:45:49,5,45,17.2,54,13,1015.3,1020.2,2.7,4.1,0,226.5,0
2015-04-17 10:50:49,5,45,17.2,52,13.2,1015.2,1020.1,3.7,5.4,0,226.5,0
2015-04-17 10:55:49,5,45,17.2,53,13.1,1015,1019.9,3.7,5.4,0,226.5,0
2015-04-17 11:00:49,5,45,17.2,53,13.1,1015,1019.9,4.4,5.4,0,226.5,0
2015-04-17 11:05:49,5,45,17.2,52,13,1015.2,1020.1,2.7,4.1,10,226.5,0
2015-04-17 11:10:49,5,46,17.2,51,13.1,1015.2,1020.1,3.1,5.4,0,226.5,0
2015-04-17 11:15:49,5,46,17.2,55,13.3,1015.3,1020.2,4.4,5.4,0,226.5,0
2015-04-17 11:20:49,5,47,17.5,53,13.5,1015.2,1020.1,3.4,4.1,0,226.5,0
2015-04-17 11:25:49,5,48,17.5,52,14,1015.4,1020.3,3.7,4.4,2,226.5,0
2015-04-17 11:30:49,5,48,17.6,54,13.9,1015.3,1020.2,3.4,5.1,0,226.5,0
2015-04-17 11:35:49,5,48,17.7,53,14,1015.3,1020.2,3.4,5.4,0,226.5,0
2015-04-17 11:40:49,5,48,17.8,52,13.9,1015.3,1020.2,4.1,5.4,0,226.5,0
2015-04-17 11:45:49,5,48,17.9,54,13.8,1015.4,1020.3,3.1,3.7,0,226.5,0
2015-04-17 11:50:49,5,48,17.9,54,14.2,1015.3,1020.2,3.7,5.1,0,226.5,0
2015-04-17 11:55:49,5,47,17.9,53,14.2,1015.4,1020.3,4.8,6.1,2,226.5,0
2015-04-17 12:00:49,5,48,17.9,54,14.2,1015.3,1020.2,3.7,5.4,0,226.5,0
2015-04-17 12:05:49,5,47,18,55,14.4,1015.4,1020.3,3.7,4.4,2,226.5,0
2015-04-17 12:10:49,5,47,18,53,14.5,1015.4,1020.3,4.4,5.4,0,226.5,0
2015-04-17 12:15:49,5,48,18.1,55,13.7,1015.4,1020.3,3.4,5.4,0,226.5,0
2015-04-17 12:20:49,5,48,18.2,55,13.7,1015.4,1020.3,4.4,5.8,0,226.5,0
2015-04-17 12:25:49,5,48,18.2,56,13.9,1015.4,1020.3,4.4,5.4,2,226.5,0
2015-04-17 12:30:49,5,49,18.3,56,13.9,1015.3,1020.2,3.4,4.8,0,226.5,0
2015-04-17 12:35:49,5,49,18.4,56,13.8,1015.4,1020.3,3.1,4.1,0,226.5,0
2015-04-17 12:40:49,5,49,18.4,55,14,1015.5,1020.4,3.4,4.4,0,226.5,0
2015-04-17 12:45:49,5,50,18.4,55,14.3,1015.4,1020.3,3.7,4.4,0,226.5,0
2015-04-17 12:50:49,5,49,18.5,54,14.4,1015.4,1020.3,3.4,4.1,0,226.5,0
2015-04-17 12:55:49,5,49,18.5,52,14.1,1015.5,1020.4,3.1,4.1,0,226.5,0
2015-04-17 13:00:49,5,49,18.5,54,14.7,1015.5,1020.4,2,4.8,8,226.5,0
2015-04-17 13:05:49,5,49,18.6,54,14.1,1015.5,1020.4,3.7,5.4,0,226.5,0
2015-04-17 13:10:49,5,49,18.6,55,13.5,1015.6,1020.5,5.1,6.5,2,226.5,0
2015-04-17 13:15:49,5,49,18.6,57,12.8,1015.7,1020.6,4.1,5.1,2,226.5,0
2015-04-17 13:20:49,5,48,18.6,58,12.7,1015.7,1020.6,4.1,5.4,0,226.5,0
2015-04-17 13:25:49,5,48,18.5,58,13.2,1015.7,1020.6,4.8,6.1,0,226.5,0
2015-04-17 13:30:49,5,49,18.5,58,13.3,1015.7,1020.6,3.4,4.4,1,226.5,0
2015-04-17 13:35:49,5,49,18.5,57,13.1,1015.7,1020.6,3.7,4.8,0,226.5,0
2015-04-17 13:40:49,5,49,18.5,58,13.2,1015.6,1020.5,4.1,5.4,1,226.5,0
2015-04-17 13:45:49,5,50,18.5,59,13.2,1015.7,1020.6,3.1,3.7,0,226.5,0
2015-04-17 13:50:49,5,50,18.4,58,13.2,1015.7,1020.6,3.7,5.4,0,226.5,0
2015-04-17 13:55:49,5,50,18.5,59,12.8,1015.8,1020.7,4.1,7.1,0,226.5,0
2015-04-17 14:00:49,5,50,18.5,61,12.5,1015.7,1020.6,4.8,6.8,0,226.5,0
2015-04-17 14:05:49,5,50,18.4,61,12.1,1015.6,1020.5,5.1,6.1,0,226.5,0
2015-04-17 14:10:49,5,49,18.4,63,11.9,1015.9,1020.8,5.4,6.5,0,226.5,0
2015-04-17 14:15:49,5,50,18.4,62,12.3,1015.7,1020.6,4.1,5.4,0,226.5,0
2015-04-17 14:20:49,5,50,18.4,62,12.7,1015.8,1020.7,5.1,6.1,0,226.5,0
2015-04-17 14:25:49,5,51,18.4,61,13.3,1015.8,1020.7,5.8,7.1,0,226.5,0
2015-04-17 14:30:49,5,52,18.4,61,13.5,1015.8,1020.7,4.4,5.1,0,226.5,0
2015-04-17 14:35:49,5,52,18.5,60,13.1,1015.9,1020.8,4.1,5.1,0,226.5,0
2015-04-17 14:40:49,5,52,18.5,59,13.6,1016,1020.9,3.7,4.8,0,226.5,0
2015-04-17 14:45:49,5,51,18.6,59,13.1,1015.9,1020.8,3.7,4.8,0,226.5,0
2015-04-17 14:50:49,5,51,18.6,59,13.1,1015.8,1020.7,4.4,6.1,0,226.5,0
2015-04-17 14:55:49,5,51,18.6,60,13,1015.8,1020.7,4.8,6.5,0,226.5,0
2015-04-17 15:00:49,5,51,18.7,60,13.4,1015.7,1020.6,5.1,6.1,0,226.5,0
2015-04-17 15:05:49,5,51,18.8,60,13.6,1015.9,1020.8,2.7,3.7,0,226.5,0
2015-04-17 15:10:49,5,51,18.8,59,13.7,1015.7,1020.6,3.7,5.4,2,226.5,0
2015-04-17 15:15:49,5,51,18.9,58,13.8,1015.8,1020.7,3.7,4.8,2,226.5,0
2015-04-17 15:20:49,5,51,18.9,57,13.9,1015.9,1020.8,2.4,3.7,2,226.5,0
2015-04-17 15:25:49,5,49,19,57,13.8,1015.9,1020.8,6.1,7.1,0,226.5,0
2015-04-17 15:30:49,5,49,19.1,58,13.9,1015.6,1020.5,4.8,6.1,2,226.5,0
2015-04-17 15:35:49,5,49,19.2,57,14,1015.7,1020.6,3.7,5.4,2,226.5,0
2015-04-17 15:40:49,5,49,19.2,57,13.9,1015.8,1020.7,4.8,6.5,2,226.5,0
2015-04-17 15:45:49,5,48,19.3,55,14.2,1015.7,1020.6,5.1,6.5,0,226.5,0
2015-04-17 15:50:49,5,48,19.4,55,14.4,1015.6,1020.5,2.7,3.4,0,226.5,0
2015-04-17 15:55:49,5,47,19.5,54,14.6,1015.6,1020.5,2,2.7,0,226.5,0
2015-04-17 16:00:49,5,47,19.6,54,14.8,1015.8,1020.7,3.7,4.4,0,226.5,0
2015-04-17 16:05:49,5,46,19.6,55,14.3,1016,1020.9,3.4,5.1,2,226.5,0
2015-04-17 16:10:49,5,47,19.7,55,13.9,1015.7,1020.6,3.7,4.4,2,226.5,0
2015-04-17 16:15:49,5,46,19.7,55,14.5,1015.8,1020.7,3.7,5.8,2,226.5,0
2015-04-17 16:20:49,5,46,19.7,55,13.8,1015.9,1020.8,4.1,5.4,2,226.5,0
2015-04-17 16:25:49,5,45,19.7,56,13.6,1015.9,1020.8,3.4,4.8,0,226.5,0
2015-04-17 16:30:49,5,46,19.7,53,14.3,1015.8,1020.7,4.8,6.1,2,226.5,0
2015-04-17 16:35:49,5,44,19.7,52,13.9,1015.8,1020.7,3.4,4.8,2,226.5,0
2015-04-17 16:40:49,5,44,19.8,52,14.3,1015.7,1020.6,4.1,6.1,0,226.5,0
2015-04-17 16:45:49,5,44,19.9,54,14.2,1015.7,1020.6,4.1,4.8,1,226.5,0
2015-04-17 16:50:49,5,43,20,54,14.5,1015.7,1020.6,3.4,5.1,0,226.5,0
2015-04-17 16:55:49,5,43,20,50,14.5,1015.7,1020.6,4.1,5.8,0,226.5,0
2015-04-17 17:00:49,5,43,20.1,52,14.3,1015.7,1020.6,3.7,5.1,0,226.5,0
2015-04-17 17:05:49,5,44,20.2,54,14.3,1016,1020.9,5.4,6.8,0,226.5,0
2015-04-17 17:10:49,5,43,20.2,54,14,1016,1020.9,3.1,4.4,2,226.5,0
2015-04-17 17:15:49,5,43,20.2,55,14,1016.1,1021,3.4,4.4,0,226.5,0
2015-04-17 17:20:49,5,43,20.2,56,13.3,1016.2,1021.1,3.4,4.4,0,226.5,0
2015-04-17 17:25:49,5,43,20.1,57,13.1,1016.2,1021.1,3.7,5.4,0,226.5,0
2015-04-17 17:30:49,5,43,20.1,56,13.2,1016.2,1021.1,4.1,5.4,0,226.5,0
2015-04-17 17:35:49,5,44,20,57,13.3,1015.9,1020.8,4.1,5.8,0,226.5,0
2015-04-17 17:40:49,5,44,20.2,56,13.2,1015.4,1020.3,3.7,4.8,0,226.5,0
2015-04-17 17:45:49,5,44,20.7,56,13.6,1015.8,1020.7,1.7,2.4,2,226.5,0
2015-04-17 17:50:49,5,43,21.1,55,13.9,1016.3,1021.2,2.4,4.1,2,226.5,0
2015-04-17 17:55:49,5,43,21.2,56,13.3,1015.7,1020.6,2.7,3.4,0,226.5,0
2015-04-17 18:00:49,5,43,21.2,57,13.3,1015.8,1020.7,3.1,4.8,0,226.5,0
2015-04-17 18:05:49,5,43,21.3,56,13.1,1016.2,1021.1,4.1,5.4,0,226.5,0
2015-04-17 18:10:49,5,43,21.3,56,12.7,1016,1020.9,2.4,3.1,0,226.5,0
2015-04-17 18:15:49,5,43,21.3,55,12.6,1015.9,1020.8,3.4,4.8,2,226.5,0
2015-04-17 18:20:49,5,43,21.7,56,12.4,1016,1020.9,3.1,4.4,0,226.5,0
2015-04-17 18:25:49,5,43,21.7,56,12.4,1015.9,1020.8,2.7,3.7,2,226.5,0
2015-04-17 18:30:49,5,42,22,57,12.2,1015.8,1020.7,3.4,4.1,2,226.5,0
2015-04-17 18:35:49,5,42,22.3,56,12.1,1015.8,1020.7,4.1,5.1,2,226.5,0
2015-04-17 18:40:49,5,42,22.6,55,12,1016.4,1021.3,3.4,4.8,2,226.5,0
2015-04-17 18:45:49,5,41,22.5,57,11.8,1016.6,1021.5,3.7,5.4,0,226.5,0
2015-04-17 18:50:49,5,41,22.2,57,11.7,1016.6,1021.5,3.1,3.7,2,226.5,0
2015-04-17 18:55:49,5,42,21.9,57,11.5,1016.8,1021.7,2,2.7,0,226.5,0
2015-04-17 19:00:49,5,42,21.7,57,11.4,1016.8,1021.7,1.7,2.4,0,226.5,0
2015-04-17 19:05:49,5,43,21.4,58,11.2,1017,1021.9,2,3.1,2,226.5,0
2015-04-17 19:10:49,5,43,21.2,58,11.1,1017.1,1022,1.4,2,13,226.5,0
2015-04-17 19:15:49,5,43,21,58,11,1017.1,1022,1.4,1.7,0,226.5,0
2015-04-17 19:20:49,5,44,20.8,59,10.8,1017.3,1022.2,2,2.4,14,226.5,0
2015-04-17 19:25:49,5,45,20.6,60,10.4,1017.3,1022.2,1.4,2,2,226.5,0
2015-04-17 19:30:49,5,45,20.5,61,10.1,1017.5,1022.4,1.4,2,2,226.5,0
2015-04-17 19:35:49,5,45,20.4,63,9.8,1017.6,1022.5,1.4,1.7,1,226.5,0
2015-04-17 19:40:49,5,46,20.3,63,9.4,1017.7,1022.6,1,1.7,0,226.5,0
2015-04-17 19:45:49,5,46,20.2,64,9.1,1017.7,1022.6,1.4,1.7,2,226.5,0
2015-04-17 19:50:49,5,46,20,65,8.9,1017.8,1022.7,1.4,1.7,2,226.5,0
2015-04-17 19:55:49,5,46,20,65,8.9,1017.9,1022.8,1.4,2.4,0,226.5,0
2015-04-17 20:00:49,5,48,19.9,65,8.9,1017.9,1022.8,0.7,1.4,0,226.5,0
2015-04-17 20:05:49,5,48,19.8,65,8.9,1018,1022.9,1.7,2.4,2,226.5,0
2015-04-17 20:10:49,5,48,19.7,65,8.8,1018.1,1023,1,1.7,0,226.5,0
2015-04-17 20:15:49,5,48,19.6,65,8.6,1018.2,1023.1,1,1.4,0,226.5,0
2015-04-17 20:20:49,5,49,19.6,65,8.4,1018.3,1023.2,0.7,1,2,226.5,0
2015-04-17 20:25:49,5,49,19.5,65,8.3,1018.4,1023.3,0.7,1,3,226.5,0
2015-04-17 20:30:49,5,49,19.4,65,8.2,1018.4,1023.3,1,1.4,0,226.5,0
2015-04-17 20:35:49,5,49,19.3,65,8,1018.4,1023.3,1.4,2.4,4,226.5,0
2015-04-17 20:40:49,5,49,19.3,66,8,1018.4,1023.3,1,1.7,2,226.5,0
2015-04-17 20:45:49,5,50,19.2,66,7.9,1018.5,1023.4,1.4,2,0,226.5,0
2015-04-17 20:50:49,5,50,19.2,66,7.7,1018.6,1023.5,1.7,2.7,1,226.5,0
2015-04-17 20:55:49,5,50,19.1,67,7.6,1018.8,1023.7,2.7,3.4,10,226.5,0
2015-04-17 21:00:49,5,50,19.1,67,7.6,1018.7,1023.6,1.7,2.4,2,226.5,0
2015-04-17 21:05:49,5,50,19,68,7.5,1018.8,1023.7,1.4,2,0,226.5,0
2015-04-17 21:10:49,5,50,19,69,7.6,1018.7,1023.6,2.4,3.1,2,226.5,0
2015-04-17 21:15:49,5,50,19,69,7.7,1019,1023.9,1.7,2.7,2,226.5,0
2015-04-17 21:20:49,5,51,18.9,69,7.7,1018.9,1023.8,0.7,1.4,0,226.5,0
2015-04-17 21:25:49,5,51,18.9,70,7.7,1019,1023.9,0.3,1,2,226.5,0
2015-04-17 21:30:49,5,51,18.9,70,7.6,1018.9,1023.8,0,0.3,1,226.5,0
2015-04-17 21:35:49,5,51,18.8,70,7.6,1019,1023.9,1,1.4,4,226.5,0
2015-04-17 21:40:49,5,51,18.8,70,7.5,1018.9,1023.8,0.7,1,4,226.5,0
2015-04-17 21:45:49,5,51,18.8,71,7.5,1019,1023.9,0.3,1.4,2,226.5,0
2015-04-17 21:50:49,5,51,18.8,71,7.6,1019,1023.9,1.4,2,2,226.5,0
2015-04-17 21:55:49,5,51,18.8,71,7.6,1019.1,1024,2.4,3.1,2,226.5,0
2015-04-17 22:00:49,5,51,18.7,71,7.7,1019.3,1024.2,1.7,2,2,226.5,0
2015-04-17 22:05:49,5,51,18.7,71,7.7,1019.2,1024.1,1.4,2,2,226.5,0
2015-04-17 22:10:49,5,51,18.7,71,7.7,1019.4,1024.3,1.7,2.4,13,226.5,0
2015-04-17 22:15:49,5,51,18.7,71,7.7,1019.3,1024.2,1.7,3.4,4,226.5,0
2015-04-17 22:20:49,5,51,18.7,71,7.8,1019.5,1024.4,1.4,2,2,226.5,0
2015-04-17 22:25:49,5,52,18.6,71,7.8,1019.4,1024.3,1,2.7,0,226.5,0
2015-04-17 22:30:49,5,51,18.6,71,7.7,1019.5,1024.4,1.4,2,4,226.5,0
2015-04-17 22:35:49,5,52,18.6,72,7.7,1019.6,1024.5,2.4,3.4,0,226.5,0
2015-04-17 22:40:49,5,52,18.6,72,7.7,1019.7,1024.6,1.4,2,0,226.5,0
2015-04-17 22:45:49,5,52,18.6,72,7.7,1019.7,1024.6,2,2.4,0,226.5,0
2015-04-17 22:50:49,5,52,18.6,72,7.7,1019.7,1024.6,1.4,2.4,4,226.5,0
2015-04-17 22:55:49,5,52,18.6,72,7.7,1019.7,1024.6,1.7,2.4,0,226.5,0
2015-04-17 23:00:49,5,52,18.6,72,7.7,1019.8,1024.7,1.7,2.7,2,226.5,0
2015-04-17 23:05:49,5,52,18.6,72,7.6,1019.9,1024.8,1.7,2.4,0,226.5,0
2015-04-17 23:10:49,5,52,18.5,72,7.5,1019.8,1024.7,2.4,3.4,0,226.5,0
2015-04-17 23:15:49,5,52,18.5,72,7.5,1019.9,1024.8,2,2.7,2,226.5,0
2015-04-17 23:20:49,5,52,18.5,72,7.5,1020,1024.9,2,3.1,0,226.5,0
2015-04-17 23:25:49,5,52,18.5,72,7.6,1020,1024.9,2,3.1,2,226.5,0
2015-04-17 23:30:49,5,52,18.5,72,7.7,1020,1024.9,1.7,2.7,1,226.5,0
2015-04-17 23:35:49,5,52,18.5,73,7.7,1020,1024.9,1.7,2.7,4,226.5,0
2015-04-17 23:40:49,5,52,18.5,73,7.8,1020.1,1025,1.4,1.7,4,226.5,0
2015-04-17 23:45:49,5,52,18.4,73,8,1020.3,1025.2,1.7,2.7,2,226.5,0
2015-04-17 23:50:49,5,52,18.5,73,8.1,1020.4,1025.3,1.4,2.4,4,226.5,0
2015-04-17 23:55:49,5,52,18.5,73,8.2,1020.3,1025.2,2,3.1,0,226.5,0
