2014-11-13 00:02:43,5,63,20.4,76,8,982.9,987.8,4.1,5.1,4,203.7,0
2014-11-13 00:07:43,5,63,20.4,76,8.1,982.9,987.8,4.1,5.4,6,203.7,0
2014-11-13 00:12:43,5,63,20.4,76,8.2,983,987.9,2.4,3.7,4,203.7,0
2014-11-13 00:17:43,5,63,20.4,76,8.2,982.8,987.7,3.1,4.8,4,203.7,0
2014-11-13 00:22:43,5,63,20.4,76,8.2,982.9,987.8,2.7,4.1,4,203.7,0
2014-11-13 00:27:43,5,63,20.4,76,8.2,982.6,987.5,3.1,3.7,6,203.7,0
2014-11-13 00:32:43,5,63,20.4,76,8.2,982.6,987.5,2.7,4.4,4,203.7,0
2014-11-13 00:37:43,5,63,20.3,76,8.3,982.5,987.4,2,3.1,8,203.7,0
2014-11-13 00:42:43,5,63,20.3,76,8.3,982.3,987.2,3.4,6.1,4,203.7,0
2014-11-13 00:47:43,5,63,20.4,76,8.4,982.1,987,4.1,5.1,4,203.7,0
2014-11-13 00:52:43,5,63,20.4,75,8.6,982.1,987,4.1,5.8,4,203.7,0
2014-11-13 00:57:43,5,63,20.3,75,8.7,981.8,986.7,3.7,5.1,7,203.7,0
2014-11-13 01:02:43,5,63,20.3,75,8.7,981.9,986.8,3.4,5.1,6,203.7,0
2014-11-13 01:07:43,5,63,20.3,75,8.7,982.1,987,2.7,3.7,7,203.7,0
2014-11-13 01:12:43,5,63,20.3,75,8.7,981.9,986.8,2.7,4.4,6,203.7,0
2014-11-13 01:17:43,5,63,20.3,74,9,981.9,986.8,3.4,5.4,13,203.7,0
2014-11-13 01:22:43,5,63,20.3,74,9.3,981.9,986.8,4.4,5.4,4,203.7,0
2014-11-13 01:27:43,5,63,20.3,73,9.4,981.7,986.6,3.7,5.4,4,203.7,0
2014-11-13 01:32:43,5,63,20.3,73,9.4,981.5,986.4,4.1,6.1,4,203.7,0
2014-11-13 01:37:43,5,63,20.3,73,9.4,981.3,986.2,5.4,9.9,4,203.7,0
2014-11-13 01:42:43,5,63,20.3,73,9.8,981.2,986.1,6.1,9.5,6,203.7,0
2014-11-13 01:47:43,5,63,20.2,71,9.9,981,985.9,4.8,6.1,4,203.7,0
2014-11-13 01:52:43,5,63,20.2,69,10,981,985.9,5.1,9.2,6,203.7,0
2014-11-13 01:57:43,5,63,20.2,70,9.9,981,985.9,5.1,6.8,6,203.7,0
2014-11-13 02:02:43,5,63,20.2,71,9.9,980.8,985.7,5.8,7.8,6,203.7,0
2014-11-13 02:07:43,5,63,20.2,71,9.9,980.8,985.7,6.1,7.1,4,203.7,0
2014-11-13 02:12:43,5,63,20.2,71,9.8,980.6,985.5,6.8,8.5,4,203.7,0
2014-11-13 02:17:43,5,63,20.2,72,9.7,980.6,985.5,5.8,8.8,4,203.7,0
2014-11-13 02:22:43,5,63,20.2,72,9.8,980.6,985.5,5.8,7.5,6,203.7,0
2014-11-13 02:27:43,5,62,20.2,72,9.9,980.7,985.6,4.1,5.1,6,203.7,0
2014-11-13 02:32:43,5,62,20.2,73,9.8,980.5,985.4,3.7,5.4,6,203.7,0
2014-11-13 02:37:43,5,62,20.2,73,9.8,980.4,985.3,6.8,9.9,6,203.7,0
2014-11-13 02:42:43,5,62,20.2,73,9.8,980.4,985.3,5.1,6.8,4,203.7,0
2014-11-13 02:47:43,5,62,20.2,74,9.8,980.1,985,5.8,7.8,4,203.7,0
2014-11-13 02:52:43,5,62,20.2,74,9.8,980.1,985,5.8,7.5,4,203.7,0
2014-11-13 02:57:43,5,62,20.2,74,9.8,979.9,984.8,6.1,8.5,4,203.7,0
2014-11-13 03:02:43,5,62,20.2,74,9.9,980,984.9,5.1,6.1,6,203.7,0
2014-11-13 03:07:43,5,62,20.2,73,10,980,984.9,4.4,6.5,5,203.7,0
2014-11-13 03:12:43,5,62,20.1,74,9.9,980.3,985.2,3.1,4.8,4,203.7,0
2014-11-13 03:17:43,5,62,20.1,74,9.8,980.3,985.2,4.8,6.5,4,204,0
2014-11-13 03:22:43,5,62,20.1,74,9.9,980.8,985.7,5.1,7.1,10,204,0
2014-11-13 03:27:43,5,62,20.1,73,9.3,981,985.9,1.7,3.1,10,204,0
2014-11-13 03:32:43,5,63,20.1,73,8.3,980.9,985.8,4.8,6.5,8,204,0
2014-11-13 03:37:43,5,63,20.1,73,7.8,980.8,985.7,3.4,5.1,10,204,0
2014-11-13 03:42:43,5,63,20.1,74,7.5,981,985.9,2.7,4.1,10,204.6,0
2014-11-13 03:47:43,5,63,20.1,75,7.2,980.7,985.6,1.4,3.1,6,204.9,0
2014-11-13 03:52:43,5,63,20.1,75,7.1,981.2,986.1,2,3.1,10,204.9,0
2014-11-13 03:57:43,5,63,20.1,77,6.9,981.2,986.1,1.4,2.7,12,205.2,0
2014-11-13 04:02:43,5,63,20.1,77,6.8,981.2,986.1,3.1,4.1,10,205.5,0
2014-11-13 04:07:43,5,63,20.1,77,6.8,981.2,986.1,1.4,2.4,9,205.8,0
2014-11-13 04:12:43,5,63,20.1,77,6.7,981.3,986.2,1,1.7,9,205.8,0
2014-11-13 04:17:43,5,63,20.1,77,6.7,981.4,986.3,2,3.1,10,205.8,0
2014-11-13 04:22:43,5,63,20.1,78,6.7,981.6,986.5,0.7,1.4,10,205.8,0
2014-11-13 04:27:43,5,63,20.1,78,6.6,981.6,986.5,0.7,1,12,205.8,0
2014-11-13 04:32:43,5,63,20.1,78,6.6,981.4,986.3,0.3,0.7,12,206.1,0
2014-11-13 04:37:43,5,63,20.1,78,6.6,981.4,986.3,1,1.7,10,206.4,0
2014-11-13 04:42:43,5,63,20.1,78,6.6,981.5,986.4,1.7,2.7,8,206.4,0
2014-11-13 04:47:43,5,63,20,78,6.6,981.5,986.4,1,1.4,10,206.4,0
2014-11-13 04:52:43,5,63,20.1,78,6.5,981.4,986.3,0.3,0.7,10,206.4,0
2014-11-13 04:57:43,5,63,20.1,78,6.5,981.4,986.3,0.3,0.7,12,206.7,0
2014-11-13 05:02:43,5,63,20.1,78,6.5,981.4,986.3,1,1.4,10,206.7,0
2014-11-13 05:07:43,5,63,20.1,78,6.5,981.5,986.4,0.7,1.4,8,206.7,0
2014-11-13 05:12:43,5,63,20,78,6.5,981.6,986.5,0.3,0.7,10,207,0
2014-11-13 05:17:43,5,63,20,78,6.5,981.5,986.4,0.3,1,8,207,0
2014-11-13 05:22:43,5,63,20,78,6.5,981.5,986.4,0,0.3,12,207,0
2014-11-13 05:27:43,5,63,20,79,6.5,981.6,986.5,0,0.3,4,207,0
2014-11-13 05:32:43,5,63,20,79,6.5,981.8,986.7,1.4,2,9,207,0
2014-11-13 05:37:43,5,63,20,79,6.5,982.1,987,1.7,3.1,8,207,0
2014-11-13 05:42:43,5,63,20,79,6.5,982.2,987.1,2.4,3.4,10,207,0
2014-11-13 05:47:43,5,63,20,78,6.6,982.2,987.1,3.1,4.4,10,207.3,0
2014-11-13 05:52:43,5,63,20,78,6.6,982.2,987.1,2,3.1,9,207.3,0
2014-11-13 05:57:43,5,63,20,78,6.5,982.3,987.2,3.1,4.8,10,207.6,0
2014-11-13 06:02:43,5,63,20,77,6.4,982.4,987.3,2.4,3.4,8,207.9,0
2014-11-13 06:07:43,5,63,20,77,6.3,982.4,987.3,3.1,4.8,8,208.2,0
2014-11-13 06:12:43,5,63,20,77,6.2,982.5,987.4,4.1,5.8,10,208.5,0
2014-11-13 06:17:43,5,63,20,77,6.1,982.6,987.5,2,3.4,10,208.8,0
2014-11-13 06:22:43,5,63,20,77,6,982.5,987.4,2,3.1,10,209.1,0
2014-11-13 06:27:43,5,63,20,77,6,982.6,987.5,2.4,3.1,9,209.7,0
2014-11-13 06:32:43,5,63,20,78,5.9,982.6,987.5,1.7,3.4,10,210,0
2014-11-13 06:37:43,5,63,20,78,5.9,982.7,987.6,1.4,2.4,8,210,0
2014-11-13 06:42:43,5,63,20,78,5.9,982.5,987.4,0.7,2,14,210.3,0
2014-11-13 06:47:43,5,63,20,78,5.9,982.5,987.4,1,1.7,4,210.6,0
2014-11-13 06:52:43,5,64,19.9,78,5.9,982.4,987.3,1.7,2.7,9,210.6,0
2014-11-13 06:57:43,5,64,19.9,78,5.9,982.6,987.5,1.7,2.4,8,210.9,0
2014-11-13 07:02:43,5,64,19.9,78,5.8,982.4,987.3,0.7,2,8,210.9,0
2014-11-13 07:07:43,5,65,19.9,78,5.8,982.4,987.3,1.7,2.4,9,210.9,0
2014-11-13 07:12:43,5,65,19.9,78,5.7,982.6,987.5,0.7,1.7,10,211.2,0
2014-11-13 07:17:43,5,65,19.9,78,5.6,982.6,987.5,1,2.4,12,211.5,0
2014-11-13 07:22:43,5,65,19.9,78,5.5,982.5,987.4,0,0.7,8,211.5,0
2014-11-13 07:27:43,5,65,19.9,78,5.5,982.5,987.4,0.3,0.7,4,212.1,0
2014-11-13 07:32:43,5,65,19.9,78,5.5,982.2,987.1,0.3,1,4,212.1,0
2014-11-13 07:37:43,5,65,19.9,78,5.4,982.3,987.2,0.7,1,2,212.1,0
2014-11-13 07:42:43,5,64,19.9,78,5.4,982.2,987.1,0.7,1,5,212.4,0
2014-11-13 07:47:43,5,64,19.9,78,5.4,982.2,987.1,0.3,0.7,2,212.7,0
2014-11-13 07:52:43,5,64,19.8,78,5.4,982,986.9,0.7,1,2,213,0
2014-11-13 07:57:43,5,64,19.8,78,5.5,981.8,986.7,0.3,1,2,213.3,0
2014-11-13 08:02:43,5,64,19.8,78,5.5,981.8,986.7,1.7,2.4,4,213.6,0
2014-11-13 08:07:43,5,64,19.9,78,5.6,981.8,986.7,1.4,2.4,4,213.9,0
2014-11-13 08:12:43,5,64,19.8,79,5.7,981.8,986.7,2.7,4.4,5,214.2,0
2014-11-13 08:17:43,5,64,19.8,79,5.8,981.9,986.8,2,3.1,4,214.8,0
2014-11-13 08:22:43,5,64,19.8,79,5.9,981.8,986.7,4.1,6.5,6,215.1,0
2014-11-13 08:27:43,5,64,19.8,78,6.1,981.5,986.4,4.1,5.8,4,215.7,0
2014-11-13 08:32:43,5,64,19.8,78,6.1,981.5,986.4,4.8,6.8,4,216,0
2014-11-13 08:37:43,5,64,19.8,78,6.1,981.4,986.3,4.4,6.1,6,216.3,0
2014-11-13 08:42:43,5,61,19.8,78,6.1,981.6,986.5,5.1,7.1,4,216.3,0
2014-11-13 08:47:43,5,61,19.8,78,6.1,981.4,986.3,4.8,6.5,6,216.6,0
2014-11-13 08:52:43,5,62,19.8,78,6.1,981.1,986,5.1,7.1,4,216.6,0
2014-11-13 08:57:43,5,62,19.8,78,6.1,981,985.9,4.4,5.8,6,216.6,0
2014-11-13 09:02:43,5,62,19.8,78,6.2,981,985.9,5.1,6.8,6,216.6,0
2014-11-13 09:07:43,5,62,19.8,78,6.2,980.9,985.8,5.1,6.1,4,216.6,0
2014-11-13 09:12:43,5,62,19.8,78,6.2,981,985.9,3.7,5.1,4,216.6,0
2014-11-13 09:17:43,5,62,19.8,78,6.2,980.8,985.7,4.1,6.1,6,216.6,0
2014-11-13 09:22:43,5,62,19.8,78,6.2,980.8,985.7,3.1,4.8,4,216.6,0
2014-11-13 09:27:43,5,62,19.8,78,6.3,980.7,985.6,3.4,5.1,4,216.6,0
2014-11-13 09:32:43,5,62,19.8,78,6.3,981,985.9,3.1,4.1,4,216.6,0
2014-11-13 09:37:43,5,62,19.8,78,6.3,981.3,986.2,4.4,6.8,4,216.6,0
2014-11-13 09:42:43,5,62,19.8,78,6.3,981.2,986.1,3.4,5.4,6,216.6,0
2014-11-13 09:47:43,5,62,19.8,78,6.3,981.4,986.3,4.1,5.8,2,216.6,0
2014-11-13 09:52:43,5,62,19.7,78,6.3,981.4,986.3,4.1,5.4,4,216.6,0
2014-11-13 09:57:43,5,62,19.8,78,6.4,981.5,986.4,3.1,4.4,4,216.6,0
2014-11-13 10:02:43,5,62,19.6,78,6.4,981.5,986.4,3.1,5.1,4,216.6,0
2014-11-13 10:07:43,5,62,19.6,78,6.4,981.6,986.5,4.1,4.4,4,216.6,0
2014-11-13 10:12:43,5,62,19.6,78,6.5,981.6,986.5,5.4,7.1,6,216.6,0
2014-11-13 10:17:43,5,62,19.6,78,6.5,981.8,986.7,3.7,5.8,4,216.6,0
2014-11-13 10:22:43,5,62,19.6,78,6.5,981.7,986.6,5.1,6.5,6,216.6,0
2014-11-13 10:27:43,5,62,19.7,78,6.5,981.8,986.7,3.1,4.8,6,216.6,0
2014-11-13 10:32:43,5,62,19.7,78,6.5,981.7,986.6,3.1,4.1,4,216.6,0
2014-11-13 10:37:43,5,62,19.7,78,6.5,981.8,986.7,2.7,4.1,2,216.6,0
2014-11-13 10:42:43,5,62,19.7,78,6.5,981.8,986.7,4.4,6.1,4,216.6,0
2014-11-13 10:47:43,5,62,19.7,78,6.6,981.9,986.8,3.7,4.8,6,216.6,0
2014-11-13 10:52:43,5,62,19.7,78,6.6,982.1,987,3.1,4.8,5,216.6,0
2014-11-13 10:57:43,5,62,19.7,78,6.6,981.8,986.7,3.7,4.8,6,216.9,0
2014-11-13 11:02:43,5,62,19.7,78,6.6,981.9,986.8,3.4,4.4,4,216.9,0
2014-11-13 11:07:43,5,62,19.6,78,6.7,982,986.9,3.7,4.8,6,216.9,0
2014-11-13 11:12:43,5,62,19.6,78,6.7,981.9,986.8,2.7,3.4,6,216.9,0
2014-11-13 11:17:43,5,62,19.6,78,6.7,981.8,986.7,3.1,4.4,4,216.9,0
2014-11-13 11:22:43,5,62,19.6,78,6.7,981.9,986.8,3.7,5.1,6,216.9,0
2014-11-13 11:27:43,5,62,19.7,78,6.8,981.8,986.7,2.7,4.4,4,216.9,0
2014-11-13 11:32:43,5,62,19.7,78,6.8,981.8,986.7,4.1,4.8,4,216.9,0
2014-11-13 11:37:43,5,62,19.7,78,6.8,981.7,986.6,2.7,3.4,6,216.9,0
2014-11-13 11:42:43,5,62,19.7,78,6.9,981.9,986.8,3.1,5.4,6,216.9,0
2014-11-13 11:47:43,5,62,19.7,78,6.9,981.7,986.6,2.7,3.7,3,216.9,0
2014-11-13 11:52:43,5,62,19.7,78,6.9,981.6,986.5,3.1,3.7,6,216.9,0
2014-11-13 11:57:43,5,62,19.7,78,6.9,981.5,986.4,4.1,6.1,6,216.9,0
2014-11-13 12:02:43,5,62,19.7,77,7,981.6,986.5,3.7,4.8,4,216.9,0
2014-11-13 12:07:43,5,62,19.7,76,7,981.7,986.6,3.4,5.1,6,216.9,0
2014-11-13 12:12:43,5,62,19.6,76,7,981.5,986.4,4.8,5.8,6,216.9,0
2014-11-13 12:17:43,5,62,19.6,76,7,981.5,986.4,4.1,6.1,6,216.9,0
2014-11-13 12:22:43,5,62,19.6,76,7,981.6,986.5,3.4,4.4,4,216.9,0
2014-11-13 12:27:43,5,62,19.7,76,7,981.4,986.3,3.7,5.1,4,216.9,0
2014-11-13 12:32:43,5,62,19.7,76,7,981.2,986.1,4.4,5.1,4,216.9,0
2014-11-13 12:37:43,5,62,19.7,76,7,981.3,986.2,2.7,3.4,6,216.9,0
2014-11-13 12:42:43,5,62,19.7,76,7.1,981.2,986.1,2.4,3.7,4,216.9,0
2014-11-13 12:47:43,5,62,19.6,76,7.1,981.3,986.2,2.7,3.4,6,216.9,0
2014-11-13 12:52:43,5,62,19.6,76,7.1,981.2,986.1,2.4,3.4,5,216.9,0
2014-11-13 12:57:43,5,62,19.6,76,7.1,981.2,986.1,2.7,3.7,6,216.9,0
2014-11-13 13:02:43,5,62,19.6,76,7.1,981.1,986,2.4,3.1,4,216.9,0
2014-11-13 13:07:43,5,62,19.7,76,7.1,980.9,985.8,1.7,2.4,4,216.9,0
2014-11-13 13:12:43,5,62,19.7,76,7.1,981,985.9,1.4,2,6,216.9,0
2014-11-13 13:17:43,5,62,19.7,76,7.2,981.1,986,1.4,2,6,216.9,0
2014-11-13 13:22:43,5,62,19.7,76,7.2,981.1,986,2,2.7,4,216.9,0
2014-11-13 13:27:43,5,62,19.6,76,7.3,980.9,985.8,2,2.7,4,216.9,0
2014-11-13 13:32:43,5,62,19.6,75,7.4,981.1,986,1.7,2.4,6,216.9,0
2014-11-13 13:37:43,5,62,19.6,75,7.4,981.1,986,1.7,2,4,216.9,0
2014-11-13 13:42:43,5,62,19.6,75,7.4,981,985.9,2.4,3.1,2,216.9,0
2014-11-13 13:47:43,5,62,19.7,75,7.4,981.2,986.1,2,3.1,4,216.9,0
2014-11-13 13:52:43,5,62,19.7,75,7.4,981.3,986.2,2,3.1,4,216.9,0
2014-11-13 13:57:43,5,62,19.7,75,7.3,981.5,986.4,2,3.1,4,216.9,0
2014-11-13 14:02:43,5,62,19.7,75,7.3,982,986.9,2.4,3.4,8,216.9,0
2014-11-13 14:07:43,5,62,19.6,75,7.1,982.1,987,1,1.7,10,217.8,0
2014-11-13 14:12:43,5,62,19.6,76,6.8,982.1,987,2,3.1,8,218.1,0
2014-11-13 14:17:43,5,62,19.6,76,6.6,982,986.9,0.7,1.4,14,218.4,0
2014-11-13 14:22:43,5,62,19.6,76,6.5,981.7,986.6,1,1.7,9,218.4,0
2014-11-13 14:27:43,5,62,19.6,77,6.5,981.8,986.7,1,1.7,10,218.7,0
2014-11-13 14:32:43,5,62,19.6,77,6.4,981.6,986.5,0.3,1,8,218.7,0
2014-11-13 14:37:43,5,62,19.6,77,6.5,982,986.9,0.3,1,2,219,0
2014-11-13 14:42:43,5,62,19.6,77,6.5,982.1,987,1.4,2.7,10,219,0
2014-11-13 14:47:43,5,62,19.6,77,6.5,982.3,987.2,1,1.7,14,219.6,0
2014-11-13 14:52:43,5,62,19.6,77,6.4,982.2,987.1,2.7,4.8,10,219.9,0
2014-11-13 14:57:43,5,62,19.5,77,6.4,982.5,987.4,2.7,3.7,10,219.9,0
2014-11-13 15:02:43,5,62,19.5,76,6.3,982.4,987.3,1,1.7,10,220.2,0
2014-11-13 15:07:43,5,62,19.5,76,6.3,982.6,987.5,2,2.4,10,220.5,0
2014-11-13 15:12:43,5,62,19.5,76,6.3,982.4,987.3,0.7,1.4,8,220.5,0
2014-11-13 15:17:43,5,62,19.5,76,6.2,982.2,987.1,0.3,1.4,4,220.5,0
2014-11-13 15:22:43,5,62,19.5,76,6.2,982.3,987.2,0.7,1.7,8,220.5,0
2014-11-13 15:27:43,5,62,19.5,76,6.3,982.2,987.1,0.3,1,2,220.5,0
2014-11-13 15:32:43,5,62,19.5,76,6.4,982,986.9,0.7,1.4,4,220.5,0
2014-11-13 15:37:43,5,62,19.5,76,6.6,982,986.9,1.4,1.7,6,220.5,0
2014-11-13 15:42:43,5,62,19.5,76,6.7,982,986.9,0.3,1,4,220.5,0
2014-11-13 15:47:43,5,61,19.5,76,6.9,982.1,987,1,1.7,4,220.5,0
2014-11-13 15:52:43,5,61,19.6,76,6.9,982.1,987,1.4,2,6,220.5,0
2014-11-13 15:57:43,5,61,19.6,74,7,982.1,987,1.4,2,4,220.5,0
2014-11-13 16:02:43,5,61,19.6,75,6.8,982,986.9,1.7,2.7,6,220.5,0
2014-11-13 16:07:43,5,61,19.6,75,6.6,982.1,987,2,2.7,4,220.5,0
2014-11-13 16:12:43,5,61,19.7,75,6.5,982,986.9,1.4,2.4,6,220.5,0
2014-11-13 16:17:43,5,61,19.7,76,6.4,981.6,986.5,2.4,3.1,4,220.5,0
2014-11-13 16:22:43,5,61,19.7,76,6.3,982.1,987,3.4,4.8,6,220.5,0
2014-11-13 16:27:43,5,61,19.7,76,6.2,982.2,987.1,3.1,4.4,4,220.5,0
2014-11-13 16:32:43,5,61,19.7,76,6.1,982.4,987.3,3.4,5.4,6,220.5,0
2014-11-13 16:37:43,5,61,19.7,76,6,982.4,987.3,3.7,4.8,6,220.5,0
2014-11-13 16:42:43,5,61,19.7,76,6,982.5,987.4,3.4,5.1,4,220.5,0
2014-11-13 16:47:43,5,61,19.7,76,6,982.5,987.4,4.1,4.8,5,220.5,0
2014-11-13 16:52:43,5,61,19.7,76,6.1,982.5,987.4,4.1,5.4,6,220.5,0
2014-11-13 16:57:43,5,61,19.7,76,6,982.4,987.3,3.7,5.1,6,220.5,0
2014-11-13 17:02:43,5,61,19.7,76,6,982.5,987.4,4.1,5.8,5,220.5,0
2014-11-13 17:07:43,5,61,19.6,77,5.9,982.5,987.4,3.7,5.1,4,220.5,0
2014-11-13 17:12:43,5,61,19.6,77,5.9,982.6,987.5,3.4,4.4,4,220.5,0
2014-11-13 17:17:43,5,61,19.6,76,6,982.6,987.5,3.1,4.4,7,220.5,0
2014-11-13 17:22:43,5,61,19.6,76,6,982.7,987.6,2.7,4.4,4,220.5,0
2014-11-13 17:27:43,5,61,19.5,76,6,982.8,987.7,2.7,3.7,6,220.5,0
2014-11-13 17:32:43,5,61,19.5,76,6,982.7,987.6,3.7,5.1,4,220.5,0
2014-11-13 17:37:43,5,61,19.5,76,6,982.7,987.6,3.4,4.1,6,220.5,0
2014-11-13 17:42:43,5,61,19.5,76,6,982.9,987.8,3.1,4.4,4,220.5,0
2014-11-13 17:47:43,5,61,19.4,76,6,983,987.9,3.1,4.8,5,220.5,0
2014-11-13 17:52:43,5,61,19.4,76,6,983.1,988,2.4,3.4,4,220.5,0
2014-11-13 17:57:43,5,61,19.4,77,5.9,983.1,988,1.7,2,4,220.5,0
2014-11-13 18:02:43,5,61,19.3,77,5.8,983.3,988.2,3.1,3.4,2,220.5,0
2014-11-13 18:07:43,5,61,19.3,77,5.8,983.3,988.2,1.7,2.7,4,220.5,0
2014-11-13 18:12:43,5,61,19.3,77,5.8,983.5,988.4,2,2.7,4,220.5,0
2014-11-13 18:17:43,5,61,19.3,76,6,983.6,988.5,2.4,3.7,4,220.5,0
2014-11-13 18:22:43,5,61,19.3,76,6.1,983.8,988.7,3.4,4.8,4,220.5,0
2014-11-13 18:27:43,5,61,19.2,76,6,983.8,988.7,3.1,3.7,6,220.5,0
2014-11-13 18:32:43,5,61,19.2,76,6.1,983.7,988.6,3.1,3.7,4,220.5,0
2014-11-13 18:37:43,5,61,19.3,76,6.2,984,988.9,2.7,4.4,4,220.5,0
2014-11-13 18:42:43,5,61,19.3,76,6.3,984,988.9,2.7,3.7,5,220.5,0
2014-11-13 18:47:43,5,61,19.2,76,6.5,984,988.9,2.4,3.4,4,220.5,0
2014-11-13 18:52:43,5,61,19.2,75,6.5,984,988.9,2.4,4.1,4,220.5,0
2014-11-13 18:57:43,5,61,19.2,75,6.7,984.2,989.1,4.4,7.5,4,220.5,0
2014-11-13 19:02:43,5,61,19.2,75,6.9,984.2,989.1,3.7,5.1,8,220.5,0
2014-11-13 19:07:43,5,61,19.3,75,6.9,984.3,989.2,4.1,5.4,4,220.5,0
2014-11-13 19:12:43,5,61,19.3,75,6.9,984.1,989,4.1,5.8,6,220.5,0
2014-11-13 19:17:43,5,61,19.3,74,6.9,983.9,988.8,2.7,3.7,4,220.5,0
2014-11-13 19:22:43,5,61,19.3,74,6.6,984.2,989.1,3.1,4.1,4,220.5,0
2014-11-13 19:27:43,5,61,19.2,74,6,984,988.9,2.7,4.1,6,220.5,0
2014-11-13 19:32:43,5,61,19.3,76,5.7,984.1,989,2.7,4.1,4,220.5,0
2014-11-13 19:37:43,5,61,19.2,76,5.5,984,988.9,2.4,3.4,4,220.5,0
2014-11-13 19:42:43,5,61,19.2,77,5.5,984.2,989.1,3.1,3.7,6,220.5,0
2014-11-13 19:47:43,5,61,19.3,77,5.6,984.4,989.3,3.4,4.8,6,220.5,0
2014-11-13 19:52:43,5,61,19.3,77,5.7,984.4,989.3,2.7,4.1,6,220.5,0
2014-11-13 19:57:43,5,61,19.3,77,5.6,984.3,989.2,2.4,3.1,4,220.5,0
2014-11-13 20:02:43,5,61,19.3,77,5.6,984.4,989.3,2,3.1,4,220.5,0
2014-11-13 20:07:43,5,61,19.2,77,5.6,984.4,989.3,2.4,3.4,4,220.5,0
2014-11-13 20:12:43,5,61,19.2,77,5.6,984.3,989.2,2.7,3.7,4,220.5,0
2014-11-13 20:17:43,5,61,19.2,77,5.7,984.5,989.4,2,2.7,4,220.5,0
2014-11-13 20:22:43,5,61,19.2,77,5.8,984.2,989.1,2.4,3.1,4,220.5,0
2014-11-13 20:27:43,5,61,19.2,77,5.7,984.3,989.2,2,2.4,4,220.5,0
2014-11-13 20:32:43,5,61,19.2,77,5.7,984.2,989.1,1.4,1.7,2,220.5,0
2014-11-13 20:37:43,5,61,19.2,78,5.8,984.1,989,2,3.1,6,220.5,0
2014-11-13 20:42:43,5,62,19.2,78,5.7,984.1,989,1.7,3.1,6,220.5,0
2014-11-13 20:47:43,5,62,19.3,78,5.9,984.3,989.2,2,2.7,2,220.5,0
2014-11-13 20:52:43,5,62,19.3,78,5.9,984.1,989,2,2.7,6,220.5,0
2014-11-13 20:57:43,5,62,19.3,78,5.9,984.1,989,2,2.7,4,220.5,0
2014-11-13 21:02:43,5,62,19.3,78,5.9,984,988.9,1.7,2.4,5,220.5,0
2014-11-13 21:07:43,5,62,19.4,78,5.9,984.1,989,1.4,2,4,220.5,0
2014-11-13 21:12:43,5,62,19.4,77,6,984.2,989.1,1,2,6,220.5,0
2014-11-13 21:17:43,5,62,19.4,77,6.2,984,988.9,0.7,1.4,4,220.5,0
2014-11-13 21:22:43,5,62,19.4,77,6.2,984.1,989,1.4,1.4,2,220.5,0
2014-11-13 21:27:43,5,62,19.4,77,6.4,983.9,988.8,1,1.7,2,220.5,0
2014-11-13 21:32:43,5,62,19.4,77,6.4,983.7,988.6,1,1.7,3,220.5,0
2014-11-13 21:37:43,5,62,19.4,77,6.5,983.7,988.6,1,1.7,4,220.5,0
2014-11-13 21:42:43,5,62,19.4,77,6.5,983.7,988.6,1,1.4,2,220.5,0
2014-11-13 21:47:43,5,63,19.4,78,6.6,983.6,988.5,1.4,2.7,2,220.5,0
2014-11-13 21:52:43,5,63,19.4,78,6.7,983.6,988.5,1.7,2.4,4,220.5,0
2014-11-13 21:57:43,5,63,19.5,78,6.6,983.6,988.5,1.4,2,6,220.5,0
2014-11-13 22:02:43,5,63,19.5,78,6.5,983.4,988.3,2,2.7,1,220.5,0
2014-11-13 22:07:43,5,63,19.5,78,6.5,983.4,988.3,1.7,3.1,6,220.5,0
2014-11-13 22:12:43,5,63,19.5,78,6.5,983.5,988.4,2.4,3.4,6,220.5,0
2014-11-13 22:17:43,5,63,19.6,78,6.5,983.3,988.2,2.7,4.4,4,220.5,0
2014-11-13 22:22:43,5,63,19.6,78,6.5,983.3,988.2,3.1,3.7,4,220.5,0
2014-11-13 22:27:43,5,63,19.6,78,6.6,983.2,988.1,2.4,4.4,4,220.5,0
2014-11-13 22:32:43,5,63,19.6,78,6.7,983.1,988,3.1,4.4,6,220.5,0
2014-11-13 22:37:43,5,63,19.6,78,6.9,983,987.9,2.4,3.1,5,220.5,0
2014-11-13 22:42:43,5,63,19.6,77,7,982.9,987.8,2.4,3.4,2,220.5,0
2014-11-13 22:47:43,5,63,19.6,77,7.1,982.8,987.7,2,3.1,4,220.5,0
2014-11-13 22:52:43,5,63,19.6,77,7.1,982.7,987.6,2,3.1,2,220.5,0
2014-11-13 22:57:43,5,63,19.6,77,7.1,982.7,987.6,1.4,1.7,4,220.5,0
2014-11-13 23:02:43,5,63,19.7,77,7.1,982.5,987.4,2,3.7,0,220.5,0
2014-11-13 23:07:43,5,63,19.7,77,7.1,982.6,987.5,3.1,4.1,4,220.5,0
2014-11-13 23:12:43,5,63,19.7,77,7,982.4,987.3,1.7,2.4,6,220.8,0
2014-11-13 23:17:43,5,63,19.7,77,7,982.5,987.4,1.7,2.4,6,220.8,0
2014-11-13 23:22:43,5,63,19.7,78,6.9,982.5,987.4,1.4,2,2,220.8,0
2014-11-13 23:27:43,5,63,19.7,78,6.9,982.2,987.1,1.4,2,2,221.1,0
2014-11-13 23:32:43,5,63,19.8,77,7,982.3,987.2,1,1.7,2,221.1,0
2014-11-13 23:37:43,5,63,19.8,77,7.1,982.3,987.2,0.7,1.4,6,221.1,0
2014-11-13 23:42:43,5,63,19.8,78,7.1,982.1,987,1,1.4,4,221.4,0
2014-11-13 23:47:43,5,63,19.8,78,7.1,982.1,987,0.7,1,2,221.4,0
2014-11-13 23:52:43,5,63,19.8,78,7.1,981.8,986.7,0.7,1,4,221.4,0
2014-11-13 23:57:43,5,63,19.8,78,7.1,981.8,986.7,0.7,1,0,221.4,0
