2021-08-15 00:01:50,5,68,20.9,99,15.3,1009.4,1014.3,1.4,1.7,4,548.7,0
2021-08-15 00:06:50,5,68,20.9,99,15.3,1009.2,1014.1,1.4,2,4,548.7,0
2021-08-15 00:11:50,5,68,20.9,99,15.2,1009.1,1014,0.7,1.4,8,548.7,0
2021-08-15 00:16:50,5,68,20.9,99,15.2,1009.1,1014,0.7,1,4,548.7,0
2021-08-15 00:21:50,5,68,20.9,99,15.2,1009.1,1014,1.4,1.7,4,548.7,0
2021-08-15 00:26:50,5,68,20.9,99,15.2,1009,1013.9,0.7,1,4,548.7,0
2021-08-15 00:31:50,5,68,20.9,99,15.1,1009.1,1014,0.7,1,4,548.7,0
2021-08-15 00:36:50,5,68,20.9,99,15.1,1009.1,1014,0,0,4,548.7,0
2021-08-15 00:41:50,5,68,20.9,99,15,1009,1013.9,1,1.4,,548.7,0
2021-08-15 00:46:50,5,68,20.9,99,15,1008.9,1013.8,0.3,0.7,,548.7,0
2021-08-15 00:51:50,5,68,20.9,99,15,1008.9,1013.8,0.7,1,,548.7,0
2021-08-15 00:56:50,5,68,20.9,99,14.9,1008.6,1013.5,1.4,2,,548.7,0
2021-08-15 01:01:50,5,68,20.9,99,14.9,1008.8,1013.7,1,2,4,548.7,0
2021-08-15 01:06:50,5,68,20.9,99,14.9,1008.9,1013.8,0.7,1,,548.7,0
2021-08-15 01:11:50,5,67,20.9,99,14.8,1009,1013.9,0.3,1,10,548.7,0
2021-08-15 01:16:50,5,67,20.9,99,14.8,1008.8,1013.7,0,0,10,548.7,0
2021-08-15 01:21:50,5,67,20.9,99,14.7,1008.8,1013.7,0,0.3,2,548.7,0
2021-08-15 01:26:50,5,67,20.9,99,14.7,1008.8,1013.7,0,0.3,4,548.7,0
2021-08-15 01:31:50,5,67,20.9,99,14.7,1008.7,1013.6,0,0,4,548.7,0
2021-08-15 01:36:50,5,67,20.9,99,14.6,1008.6,1013.5,0,0,4,548.7,0
2021-08-15 01:41:50,5,67,20.9,99,14.5,1008.6,1013.5,0,0,4,548.7,0
2021-08-15 01:46:50,5,67,20.9,99,14.5,1008.5,1013.4,1,1.7,4,548.7,0
2021-08-15 01:51:50,5,67,20.9,99,14.6,1008.7,1013.6,1,1.7,,548.7,0
2021-08-15 01:56:50,5,67,20.9,99,14.6,1008.5,1013.4,1,1.4,4,548.7,0
2021-08-15 02:01:50,5,67,20.9,99,14.6,1008.6,1013.5,0.3,0.7,4,548.7,0
2021-08-15 02:06:50,5,67,20.9,99,14.6,1008.6,1013.5,1.4,2,4,548.7,0
2021-08-15 02:11:50,5,67,20.8,99,14.6,1008.4,1013.3,1.4,1.7,4,548.7,0
2021-08-15 02:16:50,5,67,20.8,99,14.6,1008.5,1013.4,1,1.4,2,548.7,0
2021-08-15 02:21:50,5,67,20.8,99,14.6,1008.4,1013.3,1.4,1.7,,548.7,0
2021-08-15 02:26:50,5,67,20.8,99,14.6,1008.3,1013.2,1.7,2.4,,548.7,0
2021-08-15 02:31:50,5,67,20.8,99,14.6,1008.4,1013.3,1.4,1.7,4,548.7,0
2021-08-15 02:36:50,5,67,20.8,99,14.6,1008.3,1013.2,0.7,1,4,548.7,0
2021-08-15 02:41:50,5,67,20.8,99,14.6,1008.3,1013.2,1,1.4,4,548.7,0
2021-08-15 02:46:50,5,67,20.7,99,14.6,1008.3,1013.2,1,1.4,4,548.7,0
2021-08-15 02:51:50,5,67,20.7,99,14.5,1008.3,1013.2,0.7,1,4,548.7,0
2021-08-15 02:56:50,5,67,20.7,99,14.5,1008.2,1013.1,0.3,0.7,2,548.7,0
2021-08-15 03:01:50,5,67,20.7,99,14.4,1008.2,1013.1,0.3,0.7,2,548.7,0
2021-08-15 03:06:50,5,67,20.7,99,14.4,1008.2,1013.1,0.7,1,2,548.7,0
2021-08-15 03:11:50,5,67,20.7,99,14.4,1008.1,1013,0.3,0.7,2,548.7,0
2021-08-15 03:16:50,5,67,20.7,99,14.3,1008.1,1013,0.3,0.7,2,548.7,0
2021-08-15 03:21:50,5,67,20.7,99,14.3,1008.3,1013.2,0.3,0.7,2,548.7,0
2021-08-15 03:26:50,5,67,20.7,99,14.3,1008,1012.9,0.7,1,2,548.7,0
2021-08-15 03:31:50,5,67,20.7,99,14.3,1008.3,1013.2,1,1.7,4,548.7,0
2021-08-15 03:36:50,5,67,20.6,99,14.3,1008,1012.9,1,1.4,4,548.7,0
2021-08-15 03:41:50,5,66,20.6,99,14.3,1008.1,1013,0.7,1,4,548.7,0
2021-08-15 03:46:50,5,66,20.6,99,14.3,1008.2,1013.1,0.7,1,4,548.7,0
2021-08-15 03:51:50,5,66,20.6,99,14.3,1008,1012.9,0.7,1,2,548.7,0
2021-08-15 03:56:50,5,66,20.6,99,14.3,1007.9,1012.8,0.3,0.7,2,548.7,0
2021-08-15 04:01:50,5,66,20.6,99,14.3,1008,1012.9,0.3,0.7,2,548.7,0
2021-08-15 04:06:50,5,66,20.6,99,14.2,1007.9,1012.8,1,1.4,2,548.7,0
2021-08-15 04:11:50,5,66,20.6,99,14.2,1007.8,1012.7,0.7,1,2,548.7,0
2021-08-15 04:16:50,5,66,20.5,99,14.2,1007.9,1012.8,1.4,1.7,2,548.7,0
2021-08-15 04:21:50,5,66,20.5,99,14.2,1007.9,1012.8,1.7,2.4,4,548.7,0
2021-08-15 04:26:50,5,66,20.5,99,14.2,1007.8,1012.7,0.7,1,2,548.7,0
2021-08-15 04:31:50,5,66,20.5,99,14.1,1008,1012.9,0.3,0.7,2,548.7,0
2021-08-15 04:36:50,5,66,20.5,99,14.1,1007.9,1012.8,0.3,0.7,2,548.7,0
2021-08-15 04:41:50,5,66,20.5,99,14.1,1007.9,1012.8,0.7,1,2,548.7,0
2021-08-15 04:46:50,5,66,20.5,99,14.1,1008,1012.9,0.7,1,2,548.7,0
2021-08-15 04:51:50,5,66,20.5,99,14.1,1008,1012.9,0.7,1,2,548.7,0
2021-08-15 04:56:50,5,66,20.5,99,14.1,1007.9,1012.8,0.7,1.4,2,548.7,0
2021-08-15 05:01:50,5,66,20.5,99,14.1,1008.1,1013,0.7,1,2,548.7,0
2021-08-15 05:06:50,5,66,20.5,99,14,1008,1012.9,1,1.4,2,548.7,0
2021-08-15 05:11:50,5,66,20.5,99,14,1008.2,1013.1,0.3,0.7,2,548.7,0
2021-08-15 05:16:50,5,66,20.5,99,14.1,1008.1,1013,0.3,0.7,2,548.7,0
2021-08-15 05:21:50,5,66,20.5,99,14.1,1008.1,1013,0.7,1.4,2,548.7,0
2021-08-15 05:26:50,5,66,20.5,99,14.1,1008.2,1013.1,1,1.4,2,548.7,0
2021-08-15 05:31:50,5,66,20.4,99,14.1,1008.2,1013.1,1,1.4,2,548.7,0
2021-08-15 05:36:50,5,66,20.4,99,14.1,1008.3,1013.2,0.7,1.4,2,548.7,0
2021-08-15 05:41:50,5,66,20.4,99,14.1,1008.5,1013.4,0.7,1,2,548.7,0
2021-08-15 05:46:50,5,66,20.4,99,14.1,1008.3,1013.2,0.7,1,2,548.7,0
2021-08-15 05:51:50,5,66,20.4,99,14.2,1008.3,1013.2,0.7,1,2,548.7,0
2021-08-15 05:56:50,5,66,20.4,99,14.2,1008.5,1013.4,0.7,1,2,548.7,0
2021-08-15 06:01:50,5,66,20.4,99,14.2,1008.5,1013.4,1.4,1.7,2,548.7,0
2021-08-15 06:06:50,5,66,20.4,99,14.2,1008.3,1013.2,0.7,1,4,548.7,0
2021-08-15 06:11:50,5,66,20.4,99,14.3,1008.3,1013.2,0.7,1.4,2,548.7,0
2021-08-15 06:16:50,5,66,20.4,99,14.3,1008.4,1013.3,0.3,0.7,2,548.7,0
2021-08-15 06:21:50,5,66,20.4,99,14.4,1008.2,1013.1,1,1.4,4,548.7,0
2021-08-15 06:26:50,5,66,20.4,99,14.4,1008.3,1013.2,1.7,2,4,548.7,0
2021-08-15 06:31:50,5,66,20.4,99,14.5,1008.4,1013.3,0.7,1,4,548.7,0
2021-08-15 06:36:50,5,66,20.4,99,14.6,1008.6,1013.5,0.7,1,2,548.7,0
2021-08-15 06:41:50,5,66,20.5,99,14.6,1008.8,1013.7,1,1.4,2,548.7,0
2021-08-15 06:46:50,5,66,20.4,99,14.7,1008.7,1013.6,0.7,0.7,2,548.7,0
2021-08-15 06:51:50,5,66,20.4,99,14.7,1008.9,1013.8,2,2.4,0,548.7,0
2021-08-15 06:56:50,5,66,20.4,99,14.8,1009,1013.9,1.4,1.7,1,548.7,0
2021-08-15 07:01:50,5,66,20.4,99,14.8,1009,1013.9,1.7,2,2,548.7,0
2021-08-15 07:06:50,5,66,20.4,99,14.9,1009,1013.9,1,1.4,2,548.7,0
2021-08-15 07:11:50,5,66,20.4,99,15,1009.1,1014,1.4,1.7,0,548.7,0
2021-08-15 07:16:50,5,66,20.5,99,15.1,1009.3,1014.2,2,2.7,0,548.7,0
2021-08-15 07:21:50,5,66,20.4,99,15.1,1009.3,1014.2,2.4,3.1,0,548.7,0
2021-08-15 07:26:50,5,66,20.5,99,15.2,1009.3,1014.2,2.4,3.1,0,548.7,0
2021-08-15 07:31:50,5,66,20.5,99,15.2,1009.1,1014,2.7,3.4,2,548.7,0
2021-08-15 07:36:50,5,66,20.5,99,15.2,1009.2,1014.1,2.4,3.1,0,548.7,0
2021-08-15 07:41:50,5,66,20.5,99,15.4,1009.2,1014.1,1.4,2.4,2,548.7,0
2021-08-15 07:46:50,5,66,20.5,99,15.4,1009.2,1014.1,2.4,2.7,0,548.7,0
2021-08-15 07:51:50,5,66,20.5,99,15.4,1009.4,1014.3,2,2.4,0,548.7,0
2021-08-15 07:56:50,5,66,20.5,99,15.5,1009.4,1014.3,2.4,3.1,2,548.7,0
2021-08-15 08:01:50,5,66,20.5,99,15.6,1009.4,1014.3,1.7,2.4,0,548.7,0
2021-08-15 08:06:50,5,66,20.5,99,16,1009.4,1014.3,2.4,3.4,0,548.7,0
2021-08-15 08:11:50,5,66,20.6,99,16.8,1009.3,1014.2,1.7,2.4,2,548.7,0
2021-08-15 08:16:50,5,66,20.6,97,17.1,1009.4,1014.3,2.7,4.1,0,548.7,0
2021-08-15 08:21:50,5,66,20.6,92,16.9,1009.4,1014.3,2.4,3.4,0,548.7,0
2021-08-15 08:26:50,5,67,20.6,90,16.5,1009.4,1014.3,1.7,2.4,2,548.7,0
2021-08-15 08:31:50,5,67,20.6,90,16.5,1009.5,1014.4,2,3.4,2,548.7,0
2021-08-15 08:36:50,5,67,20.7,90,16.9,1009.6,1014.5,2,2.7,2,548.7,0
2021-08-15 08:41:50,5,67,20.7,89,16.9,1009.6,1014.5,3.1,3.7,0,548.7,0
2021-08-15 08:46:50,5,67,20.7,87,16.6,1009.6,1014.5,3.1,4.1,2,548.7,0
2021-08-15 08:51:50,5,67,20.7,89,16.9,1009.6,1014.5,2.4,3.1,2,548.7,0
2021-08-15 08:56:50,5,67,20.7,86,17.1,1009.7,1014.6,2.4,3.1,0,548.7,0
2021-08-15 09:01:50,5,67,20.7,83,16.7,1009.7,1014.6,1.7,2.7,0,548.7,0
2021-08-15 09:06:50,5,67,20.8,84,16.6,1009.8,1014.7,2.7,3.4,10,548.7,0
2021-08-15 09:11:50,5,66,20.7,85,16.7,1009.8,1014.7,1.7,2,0,548.7,0
2021-08-15 09:16:50,5,66,20.8,84,16.8,1009.9,1014.8,2,3.1,2,548.7,0
2021-08-15 09:21:50,5,66,20.8,84,17.2,1010.1,1015,2.4,3.4,2,548.7,0
2021-08-15 09:26:50,5,66,20.8,83,16.8,1009.9,1014.8,4.1,5.4,0,548.7,0
2021-08-15 09:31:50,5,66,20.8,85,16.8,1010,1014.9,3.1,5.1,0,548.7,0
2021-08-15 09:36:50,5,66,20.8,86,17.4,1009.8,1014.7,3.4,4.1,2,548.7,0
2021-08-15 09:41:50,5,66,20.8,81,17.7,1010.1,1015,4.8,5.8,0,548.7,0
2021-08-15 09:46:50,5,66,20.9,81,17.6,1010.1,1015,3.4,5.4,0,548.7,0
2021-08-15 09:51:50,5,66,20.9,81,17.9,1010.1,1015,2,2.7,0,548.7,0
2021-08-15 09:56:50,5,66,20.9,80,17.9,1010.2,1015.1,3.7,4.4,0,548.7,0
2021-08-15 10:01:50,5,66,20.9,82,17.4,1010.4,1015.3,5.1,6.8,0,548.7,0
2021-08-15 10:06:50,5,66,20.9,83,16.9,1010.3,1015.2,4.1,5.1,0,548.7,0
2021-08-15 10:11:50,5,65,21,85,16.7,1010.5,1015.4,4.4,5.8,0,548.7,0
2021-08-15 10:16:50,5,65,21,86,16.5,1010.6,1015.5,4.8,6.5,0,548.7,0
2021-08-15 10:21:50,5,65,21,88,16.8,1010.7,1015.6,2,3.4,0,548.7,0
2021-08-15 10:26:50,5,65,21,88,17.2,1010.7,1015.6,3.1,3.7,0,548.7,0
2021-08-15 10:31:50,5,65,21,86,16.8,1010.7,1015.6,4.1,5.8,0,548.7,0
2021-08-15 10:36:50,5,65,21,88,16.7,1010.7,1015.6,3.4,4.8,0,548.7,0
2021-08-15 10:41:50,5,65,21,89,16.9,1010.8,1015.7,3.1,4.8,14,548.7,0
2021-08-15 10:46:50,5,65,21.1,86,17.7,1010.7,1015.6,3.1,3.7,14,548.7,0
2021-08-15 10:51:50,5,65,21.1,81,17.9,1010.6,1015.5,3.1,4.1,0,548.7,0
2021-08-15 10:56:50,5,65,21.1,84,17,1010.9,1015.8,4.8,5.4,0,548.7,0
2021-08-15 11:01:50,5,66,21.1,87,16.1,1011.1,1016,4.1,5.8,14,548.7,0
2021-08-15 11:06:50,5,66,21.1,91,15.7,1011,1015.9,4.4,5.1,0,548.7,0
2021-08-15 11:11:50,5,66,21,94,15.8,1011.1,1016,3.4,4.8,0,548.7,0
2021-08-15 11:16:50,5,66,21.1,94,15.6,1011.1,1016,4.4,5.4,0,548.7,0
2021-08-15 11:21:50,5,67,21.1,95,15.7,1011.1,1016,3.4,4.8,14,548.7,0
2021-08-15 11:26:50,5,67,21.1,95,15.4,1011.4,1016.3,4.8,6.1,14,548.7,0
2021-08-15 11:31:50,5,67,21.1,95,15.2,1011.3,1016.2,3.4,5.1,0,548.7,0
2021-08-15 11:36:50,5,67,21.1,95,15.5,1011.4,1016.3,4.4,5.4,15,548.7,0
2021-08-15 11:41:50,5,67,21.1,95,15.5,1011.4,1016.3,5.4,7.1,2,548.7,0
2021-08-15 11:46:50,5,66,21.2,95,16.2,1011.3,1016.2,3.7,4.8,2,548.7,0
2021-08-15 11:51:50,5,66,21.2,92,16.3,1011.4,1016.3,4.1,5.4,0,548.7,0
2021-08-15 11:56:50,5,65,21.2,89,16.3,1011.5,1016.4,3.4,4.4,2,548.7,0
2021-08-15 12:01:50,5,64,21.1,88,16.5,1011.7,1016.6,4.8,5.8,14,548.7,0
2021-08-15 12:06:50,5,64,21.1,86,16.4,1011.7,1016.6,4.1,4.8,14,548.7,0
2021-08-15 12:11:50,5,64,21.1,86,16.1,1011.8,1016.7,5.1,5.4,0,548.7,0
2021-08-15 12:16:50,5,63,21,87,16.2,1011.7,1016.6,3.4,4.1,0,548.7,0
2021-08-15 12:21:50,5,63,21,85,16.3,1011.7,1016.6,3.7,4.8,12,548.7,0
2021-08-15 12:26:50,5,63,20.9,85,16.2,1011.8,1016.7,2,3.4,0,548.7,0
2021-08-15 12:31:57,5,63,20.8,84,16.1,1011.8,1016.7,2.4,3.1,4,548.7,0
2021-08-15 12:36:50,5,64,20.8,85,16.4,1012,1016.9,4.1,4.8,0,548.7,0
2021-08-15 12:41:50,5,64,20.8,83,16.2,1012.1,1017,4.8,6.8,0,548.7,0
2021-08-15 12:46:50,5,64,20.8,83,16.1,1012.1,1017,3.1,4.1,0,548.7,0
2021-08-15 12:51:50,5,64,20.8,84,16.1,1012.1,1017,3.1,4.4,14,548.7,0
2021-08-15 12:56:50,5,63,20.8,82,16.2,1012.1,1017,3.1,4.1,0,548.7,0
2021-08-15 13:01:50,5,63,20.8,81,16.5,1012.2,1017.1,2.7,3.7,0,548.7,0
2021-08-15 13:06:50,5,62,20.7,81,17.1,1012.3,1017.2,3.7,5.1,0,548.7,0
2021-08-15 13:11:50,5,62,20.7,75,17.5,1012.3,1017.2,4.1,4.8,14,548.7,0
2021-08-15 13:16:50,5,62,20.7,75,17.3,1012.3,1017.2,3.7,4.8,0,548.7,0
2021-08-15 13:21:50,5,62,20.6,77,17.1,1012.4,1017.3,3.1,3.7,14,548.7,0
2021-08-15 13:26:50,5,61,20.6,77,17.1,1012.5,1017.4,3.1,4.4,14,548.7,0
2021-08-15 13:31:50,5,61,20.6,74,17.5,1012.6,1017.5,3.4,5.4,14,548.7,0
2021-08-15 13:36:50,5,61,20.6,71,17.7,1012.7,1017.6,4.4,5.8,0,548.7,0
2021-08-15 13:41:50,5,62,20.6,71,18.3,1012.6,1017.5,6.1,7.1,0,548.7,0
2021-08-15 13:46:50,5,62,20.7,70,17.7,1012.7,1017.6,6.1,8.5,0,548.7,0
2021-08-15 13:51:50,5,62,20.7,73,17.1,1012.7,1017.6,5.1,6.1,0,548.7,0
2021-08-15 13:56:50,5,62,20.7,74,17.4,1012.8,1017.7,5.1,6.1,14,548.7,0
2021-08-15 14:01:50,5,62,20.7,70,17.5,1013,1017.9,5.1,6.1,0,548.7,0
2021-08-15 14:06:50,5,62,20.8,71,18.1,1012.9,1017.8,4.8,6.1,14,548.7,0
2021-08-15 14:11:50,5,62,20.8,71,17.5,1012.9,1017.8,5.8,7.1,14,548.7,0
2021-08-15 14:16:50,5,62,20.8,72,18,1012.9,1017.8,4.8,6.1,14,548.7,0
2021-08-15 14:21:50,5,62,20.9,70,17.9,1012.9,1017.8,5.1,6.1,0,548.7,0
2021-08-15 14:26:50,5,62,20.9,71,17.9,1013,1017.9,2.7,4.1,14,548.7,0
2021-08-15 14:31:50,5,61,21,70,18,1013.2,1018.1,6.1,7.5,0,548.7,0
2021-08-15 14:36:50,5,61,21,71,17.8,1013.2,1018.1,5.8,7.1,14,548.7,0
2021-08-15 14:41:50,5,61,21.1,70,17.9,1013.3,1018.2,5.8,7.1,0,548.7,0
2021-08-15 14:46:50,5,61,21.1,69,17.5,1013.3,1018.2,5.1,6.1,2,548.7,0
2021-08-15 14:51:50,5,61,21.2,71,17.9,1013.3,1018.2,5.4,7.1,0,548.7,0
2021-08-15 14:56:50,5,61,21.2,68,18.2,1013.5,1018.4,4.8,5.4,12,548.7,0
2021-08-15 15:01:50,5,61,21.2,67,17.9,1013.2,1018.1,5.8,7.5,0,548.7,0
2021-08-15 15:06:50,5,61,21.2,64,17.9,1013.4,1018.3,6.8,8.5,12,548.7,0
2021-08-15 15:11:50,5,61,21.2,67,17.8,1013.4,1018.3,5.1,6.5,14,548.7,0
2021-08-15 15:16:50,5,60,21.4,65,17.6,1013.6,1018.5,6.1,7.5,0,548.7,0
2021-08-15 15:21:50,5,60,21.4,70,17,1013.5,1018.4,6.8,7.8,14,548.7,0
2021-08-15 15:26:50,5,60,21.4,71,17.1,1013.5,1018.4,3.4,4.8,0,548.7,0
2021-08-15 15:31:50,5,60,21.4,67,17.7,1013.6,1018.5,4.1,5.4,14,548.7,0
2021-08-15 15:36:50,5,60,21.5,70,17.3,1013.4,1018.3,4.8,5.4,0,548.7,0
2021-08-15 15:41:50,5,60,21.5,65,18.1,1013.5,1018.4,4.8,7.1,14,548.7,0
2021-08-15 15:46:50,5,60,21.6,63,18.1,1013.6,1018.5,4.8,7.5,0,548.7,0
2021-08-15 15:51:50,5,60,21.8,64,17.9,1013.5,1018.4,5.1,7.1,14,548.7,0
2021-08-15 15:56:50,5,59,21.8,64,17.8,1013.5,1018.4,4.8,6.8,12,548.7,0
2021-08-15 16:01:50,5,59,21.9,70,17.2,1013.8,1018.7,5.4,8.2,0,548.7,0
2021-08-15 16:06:50,5,59,21.9,71,17,1013.8,1018.7,6.1,8.8,2,548.7,0
2021-08-15 16:11:50,5,59,21.9,73,16.8,1013.9,1018.8,5.4,6.8,0,548.7,0
2021-08-15 16:16:50,5,59,21.9,72,16.6,1013.9,1018.8,4.1,5.4,0,548.7,0
2021-08-15 16:21:50,5,59,21.9,73,16.5,1013.8,1018.7,5.1,6.1,0,548.7,0
2021-08-15 16:26:50,5,59,21.9,73,16.5,1014,1018.9,3.7,5.1,2,548.7,0
2021-08-15 16:31:50,5,59,21.9,73,16.4,1014,1018.9,3.7,4.4,14,548.7,0
2021-08-15 16:36:50,5,59,21.9,74,16.7,1013.8,1018.7,2.4,3.4,14,548.7,0
2021-08-15 16:41:50,5,59,21.9,72,17.1,1014,1018.9,2.4,2.7,0,548.7,0
2021-08-15 16:46:50,5,58,21.9,71,16.9,1014.2,1019.1,2.7,3.4,10,548.7,0
2021-08-15 16:51:50,5,58,21.9,73,16.8,1014.1,1019,2.4,3.1,14,548.7,0
2021-08-15 16:56:50,5,58,21.8,73,16.6,1014.2,1019.1,3.7,5.1,0,548.7,0
2021-08-15 17:01:50,5,58,21.8,73,16.6,1014.2,1019.1,4.4,5.1,14,548.7,0
2021-08-15 17:06:50,5,58,21.8,72,16.6,1014.4,1019.3,4.1,4.8,0,548.7,0
2021-08-15 17:11:50,5,58,21.8,72,16.7,1014.5,1019.4,4.8,5.4,15,548.7,0
2021-08-15 17:16:50,5,58,21.8,72,16.4,1014.4,1019.3,5.1,6.5,14,548.7,0
2021-08-15 17:21:50,5,58,21.8,72,16.7,1014.2,1019.1,2.4,3.4,14,548.7,0
2021-08-15 17:26:50,5,59,21.9,70,17.5,1013.6,1018.5,4.1,6.1,0,548.7,0
2021-08-15 17:31:50,5,58,22.3,70,17.4,1014.2,1019.1,4.8,5.4,14,548.7,0
2021-08-15 17:36:50,5,56,23.1,70,16.8,1014.5,1019.4,4.1,5.4,0,548.7,0
2021-08-15 17:41:50,5,54,23.3,70,16.4,1014.5,1019.4,4.8,6.1,14,548.7,0
2021-08-15 17:46:50,5,54,23.1,71,16.3,1014.6,1019.5,2,3.1,14,548.7,0
2021-08-15 17:51:50,5,54,22.9,71,16.3,1014.7,1019.6,3.7,4.4,12,548.7,0
2021-08-15 17:56:50,5,53,22.6,71,16.1,1014.8,1019.7,2.7,4.1,14,548.7,0
2021-08-15 18:01:50,5,53,22.5,72,16,1014.8,1019.7,3.1,3.7,12,548.7,0
2021-08-15 18:06:50,5,53,22.3,72,15.9,1015,1019.9,3.7,4.8,14,548.7,0
2021-08-15 18:11:50,5,53,22.3,72,15.8,1015.1,1020,2.7,4.1,0,548.7,0
2021-08-15 18:16:50,5,53,22.1,72,15.8,1015,1019.9,2.4,3.4,14,548.7,0
2021-08-15 18:21:50,5,53,22,73,15.8,1015,1019.9,2.7,3.4,12,548.7,0
2021-08-15 18:26:50,5,55,21.9,73,15.8,1015,1019.9,4.1,4.4,14,548.7,0
2021-08-15 18:31:50,5,55,21.9,72,15.6,1015.2,1020.1,3.7,4.8,12,548.7,0
2021-08-15 18:36:50,5,55,21.8,73,15.5,1015.1,1020,2.7,3.7,14,548.7,0
2021-08-15 18:41:50,5,55,21.8,74,15.5,1015.3,1020.2,2.4,3.1,14,548.7,0
2021-08-15 18:46:50,5,55,21.7,75,15.5,1015.2,1020.1,2,3.1,10,548.7,0
2021-08-15 18:51:50,5,55,21.6,75,15.4,1015.3,1020.2,2.7,3.4,14,548.7,0
2021-08-15 18:56:50,5,55,21.5,76,15.2,1015.3,1020.2,2,3.1,14,548.7,0
2021-08-15 19:01:50,5,55,21.5,76,15.2,1015.5,1020.4,2,3.1,12,548.7,0
2021-08-15 19:06:50,5,55,21.4,76,15.1,1015.6,1020.5,3.1,4.8,12,548.7,0
2021-08-15 19:11:50,5,55,21.4,76,15.1,1015.6,1020.5,2,2.4,14,548.7,0
2021-08-15 19:16:50,5,55,21.4,77,15,1015.6,1020.5,1.4,2,12,548.7,0
2021-08-15 19:21:50,5,55,21.2,77,14.9,1015.8,1020.7,3.4,4.1,14,548.7,0
2021-08-15 19:26:50,5,56,21.2,77,14.9,1015.8,1020.7,2,2.4,10,548.7,0
2021-08-15 19:31:50,5,56,21.2,77,14.8,1015.9,1020.8,3.4,4.4,12,548.7,0
2021-08-15 19:36:50,5,56,21.2,77,14.7,1015.9,1020.8,2.7,3.7,14,548.7,0
2021-08-15 19:41:50,5,56,21.2,77,14.6,1016,1020.9,2.7,3.4,10,548.7,0
2021-08-15 19:46:50,5,56,21.2,77,14.6,1016,1020.9,2,2.7,10,548.7,0
2021-08-15 19:51:50,5,56,21.2,76,14.6,1016,1020.9,4.1,5.4,10,548.7,0
2021-08-15 19:56:50,5,56,21.1,76,14.5,1016.2,1021.1,2.7,3.7,10,548.7,0
2021-08-15 20:01:50,5,56,21.1,77,14.5,1016.2,1021.1,2.7,3.4,14,548.7,0
2021-08-15 20:06:50,5,56,21.1,77,14.4,1016.3,1021.2,3.1,4.1,14,548.7,0
2021-08-15 20:11:50,5,56,21,77,14.4,1016.3,1021.2,2.4,3.1,14,548.7,0
2021-08-15 20:16:50,5,56,21,77,14.3,1016.4,1021.3,2.4,3.1,14,548.7,0
2021-08-15 20:21:50,5,56,21,78,14.3,1016.6,1021.5,2,2.7,14,548.7,0
2021-08-15 20:26:50,5,56,21,78,14.2,1016.4,1021.3,1.4,1.7,10,548.7,0
2021-08-15 20:31:50,5,57,20.9,79,14.1,1016.5,1021.4,2.4,3.1,8,548.7,0
2021-08-15 20:36:50,5,57,20.9,79,14.1,1016.6,1021.5,0.7,1.4,12,548.7,0
2021-08-15 20:41:50,5,57,20.9,80,14,1016.7,1021.6,1.4,1.7,12,548.7,0
2021-08-15 20:46:50,5,57,20.9,80,14,1016.8,1021.7,1,1.4,10,548.7,0
2021-08-15 20:51:50,5,57,20.8,80,14,1016.9,1021.8,1.7,2,10,548.7,0
2021-08-15 20:56:50,5,57,20.8,80,13.9,1016.8,1021.7,1,1.7,12,548.7,0
2021-08-15 21:01:50,5,57,20.8,81,13.8,1017,1021.9,1,1.4,10,548.7,0
2021-08-15 21:06:50,5,57,20.8,81,13.8,1017,1021.9,0.7,1.4,12,548.7,0
2021-08-15 21:11:50,5,58,20.8,81,13.8,1017,1021.9,1.4,2,12,548.7,0
2021-08-15 21:16:50,5,58,20.8,82,13.8,1017.1,1022,0.7,1,10,548.7,0
2021-08-15 21:21:50,5,58,20.8,82,13.7,1017.1,1022,1.4,1.7,8,548.7,0
2021-08-15 21:26:50,5,58,20.7,82,13.6,1017.2,1022.1,0.7,1,12,548.7,0
2021-08-15 21:31:50,5,58,20.7,83,13.6,1017.2,1022.1,1,1.4,12,548.7,0
2021-08-15 21:36:50,5,58,20.7,83,13.5,1017.4,1022.3,1,1.4,12,548.7,0
2021-08-15 21:41:50,5,58,20.7,83,13.5,1017.4,1022.3,1,1.4,10,548.7,0
2021-08-15 21:46:50,5,58,20.7,83,13.5,1017.3,1022.2,0.3,1,10,548.7,0
2021-08-15 21:51:50,5,58,20.7,83,13.5,1017.4,1022.3,1,1.7,12,548.7,0
2021-08-15 21:56:50,5,58,20.6,83,13.5,1017.4,1022.3,1,1.4,14,548.7,0
2021-08-15 22:01:50,5,58,20.6,83,13.6,1017.5,1022.4,2.4,3.1,12,548.7,0
2021-08-15 22:06:50,5,58,20.6,83,13.6,1017.5,1022.4,1.7,2.4,14,548.7,0
2021-08-15 22:11:50,5,58,20.6,82,13.7,1017.5,1022.4,1.4,2,14,548.7,0
2021-08-15 22:16:50,5,58,20.6,82,13.7,1017.4,1022.3,1,1.4,10,548.7,0
2021-08-15 22:21:50,5,58,20.6,82,13.6,1017.6,1022.5,1.4,2,12,548.7,0
2021-08-15 22:26:50,5,58,20.6,82,13.6,1017.5,1022.4,1.4,1.7,14,548.7,0
2021-08-15 22:31:50,5,58,20.5,82,13.5,1017.5,1022.4,1,1.4,12,548.7,0
2021-08-15 22:36:50,5,58,20.5,82,13.5,1017.6,1022.5,1,1.7,12,548.7,0
2021-08-15 22:41:50,5,58,20.6,82,13.5,1017.7,1022.6,1.7,2,10,548.7,0
2021-08-15 22:46:50,5,58,20.5,82,13.5,1017.8,1022.7,1,1.7,12,548.7,0
2021-08-15 22:51:50,5,58,20.5,82,13.5,1017.7,1022.6,1,1.4,8,548.7,0
2021-08-15 22:56:50,5,58,20.5,82,13.5,1017.8,1022.7,1,1.4,12,548.7,0
2021-08-15 23:01:50,5,58,20.5,82,13.5,1017.8,1022.7,1,1.4,12,548.7,0
2021-08-15 23:06:50,5,58,20.5,81,13.5,1017.7,1022.6,0.7,1.4,12,548.7,0
2021-08-15 23:11:50,5,58,20.4,81,13.5,1017.8,1022.7,2,2.4,12,548.7,0
2021-08-15 23:16:50,5,59,20.4,81,13.5,1017.8,1022.7,0.7,1,12,548.7,0
2021-08-15 23:21:50,5,58,20.4,81,13.5,1017.7,1022.6,0.7,1,12,548.7,0
2021-08-15 23:26:50,5,58,20.4,81,13.5,1017.8,1022.7,1.4,1.7,10,548.7,0
2021-08-15 23:31:50,5,59,20.4,81,13.4,1017.8,1022.7,0.7,1,10,548.7,0
2021-08-15 23:36:50,5,59,20.4,82,13.3,1017.9,1022.8,0.7,1.4,12,548.7,0
2021-08-15 23:41:50,5,59,20.4,82,13.3,1017.8,1022.7,1.4,1.7,10,548.7,0
2021-08-15 23:46:50,5,59,20.4,82,13.4,1017.7,1022.6,1,1.4,10,548.7,0
2021-08-15 23:51:50,5,59,20.4,82,13.4,1017.7,1022.6,0.7,1.4,10,548.7,0
2021-08-15 23:56:50,5,59,20.4,82,13.4,1018,1022.9,1,1.4,12,548.7,0
