2021-08-30 00:00:47,5,60,22,89,14.5,1026.5,1031.4,0.7,1,2,559.5,0
2021-08-30 00:05:47,5,60,22,89,14.5,1026.5,1031.4,0.7,1,2,559.5,0
2021-08-30 00:10:47,5,60,22,89,14.4,1026.6,1031.5,0.7,1.4,2,559.5,0
2021-08-30 00:15:47,5,60,22,89,14.4,1026.6,1031.5,0.7,1.4,2,559.5,0
2021-08-30 00:20:47,5,61,21.9,89,14.4,1026.5,1031.4,0.7,1,2,559.5,0
2021-08-30 00:25:47,5,61,21.9,90,14.4,1026.4,1031.3,0.3,1,2,559.5,0
2021-08-30 00:30:47,5,59,22,90,14.4,1026.5,1031.4,0.3,0.7,0,559.5,0
2021-08-30 00:35:47,5,59,22,90,14.4,1026.6,1031.5,0.7,1,2,559.5,0
2021-08-30 00:40:47,5,59,22,90,14.4,1026.5,1031.4,0.7,1,2,559.5,0
2021-08-30 00:45:47,5,60,21.9,90,14.4,1026.5,1031.4,0.7,1,4,559.5,0
2021-08-30 00:50:47,5,60,21.9,90,14.4,1026.6,1031.5,1,1.7,2,559.5,0
2021-08-30 00:55:47,5,60,21.9,90,14.5,1026.4,1031.3,1.4,1.7,2,559.5,0
2021-08-30 01:00:47,5,60,21.9,90,14.5,1026.5,1031.4,0.7,1,2,559.5,0
2021-08-30 01:05:47,5,60,21.9,90,14.5,1026.5,1031.4,1.4,2,2,559.5,0
2021-08-30 01:10:47,5,60,21.9,90,14.5,1026.6,1031.5,0.7,1.4,4,559.5,0
2021-08-30 01:15:47,5,60,21.8,89,14.5,1026.5,1031.4,1,1.4,2,559.5,0
2021-08-30 01:20:47,5,60,21.8,87,14.6,1026.5,1031.4,1.4,2,2,559.5,0
2021-08-30 01:25:47,5,60,21.8,86,14.6,1026.6,1031.5,0.7,1,2,559.5,0
2021-08-30 01:30:47,5,60,21.8,86,14.5,1026.4,1031.3,0.3,0.7,2,559.5,0
2021-08-30 01:35:47,5,60,21.7,86,14.5,1026.4,1031.3,0.7,1,2,559.5,0
2021-08-30 01:40:47,5,60,21.8,86,14.5,1026.4,1031.3,0.7,1.4,2,559.5,0
2021-08-30 01:45:47,5,60,21.8,87,14.5,1026.5,1031.4,1,1.4,2,559.5,0
2021-08-30 01:50:47,5,60,21.7,87,14.5,1026.3,1031.2,1,1.7,2,559.5,0
2021-08-30 01:55:47,5,60,21.7,87,14.4,1026.4,1031.3,1.4,1.7,2,559.5,0
2021-08-30 02:00:47,5,60,21.6,87,14.5,1026.4,1031.3,1,1.4,2,559.5,0
2021-08-30 02:05:47,5,60,21.6,87,14.5,1026.3,1031.2,1,2,2,559.5,0
2021-08-30 02:10:47,5,60,21.6,87,14.5,1026.3,1031.2,1,1.4,2,559.5,0
2021-08-30 02:15:47,5,60,21.6,87,14.5,1026.3,1031.2,1.4,2,2,559.5,0
2021-08-30 02:20:47,5,60,21.6,87,14.5,1026.3,1031.2,1,1.4,2,559.5,0
2021-08-30 02:25:47,5,60,21.6,87,14.5,1026.4,1031.3,1,1.4,2,559.5,0
2021-08-30 02:30:47,5,60,21.6,87,14.5,1026.4,1031.3,1,1.7,2,559.5,0
2021-08-30 02:35:47,5,60,21.5,87,14.5,1026.4,1031.3,1,1.4,2,559.5,0
2021-08-30 02:40:47,5,60,21.5,87,14.5,1026.3,1031.2,1,1.4,2,559.5,0
2021-08-30 02:45:47,5,60,21.5,87,14.5,1026.4,1031.3,0.7,1.4,2,559.5,0
2021-08-30 02:50:47,5,60,21.5,88,14.4,1026.2,1031.1,0.7,1,2,559.5,0
2021-08-30 02:55:47,5,60,21.5,88,14.5,1026.3,1031.2,0.7,1.4,2,559.5,0
2021-08-30 03:00:47,5,60,21.5,88,14.4,1026.4,1031.3,0.7,1,2,559.5,0
2021-08-30 03:05:47,5,60,21.5,88,14.4,1026.3,1031.2,1,1.4,4,559.5,0
2021-08-30 03:10:47,5,60,21.4,88,14.4,1026.3,1031.2,0.7,1.4,2,559.5,0
2021-08-30 03:15:47,5,60,21.4,88,14.4,1026.3,1031.2,1,1.4,0,559.5,0
2021-08-30 03:20:47,5,60,21.5,88,14.4,1026.3,1031.2,1.4,1.7,2,559.5,0
2021-08-30 03:25:47,5,60,21.5,88,14.4,1026.3,1031.2,0.7,1.4,2,559.5,0
2021-08-30 03:30:47,5,60,21.5,88,14.4,1026.3,1031.2,1,1.4,2,559.5,0
2021-08-30 03:35:47,5,60,21.4,88,14.4,1026.2,1031.1,1,1.4,2,559.5,0
2021-08-30 03:40:47,5,60,21.5,88,14.4,1026.3,1031.2,1,1.4,4,559.5,0
2021-08-30 03:45:47,5,60,21.5,88,14.4,1026.2,1031.1,1.4,2,2,559.5,0
2021-08-30 03:50:47,5,59,21.5,88,14.4,1026.2,1031.1,1.4,1.7,1,559.5,0
2021-08-30 03:55:47,5,59,21.5,88,14.4,1026.4,1031.3,0.7,1,4,559.5,0
2021-08-30 04:00:47,5,59,21.4,88,14.4,1026.2,1031.1,0.7,1,2,559.5,0
2021-08-30 04:05:47,5,59,21.5,88,14.4,1026.2,1031.1,0.7,1,4,559.5,0
2021-08-30 04:10:47,5,59,21.5,88,14.3,1026.3,1031.2,1,1.4,2,559.5,0
2021-08-30 04:15:47,5,59,21.4,88,14.3,1026,1030.9,0.7,1,2,559.5,0
2021-08-30 04:20:47,5,59,21.4,88,14.3,1026.1,1031,0.7,1.4,2,559.5,0
2021-08-30 04:25:47,5,59,21.4,88,14.3,1026.1,1031,1,1.4,2,559.5,0
2021-08-30 04:30:47,5,59,21.4,88,14.3,1026.2,1031.1,1.4,1.7,2,559.5,0
2021-08-30 04:35:47,5,59,21.4,88,14.3,1026.3,1031.2,0.7,1.4,0,559.5,0
2021-08-30 04:40:47,5,59,21.4,89,14.3,1026.3,1031.2,1,1.7,2,559.5,0
2021-08-30 04:45:47,5,60,21.4,89,14.3,1026.3,1031.2,1.4,1.7,2,559.5,0
2021-08-30 04:50:47,5,60,21.4,89,14.3,1026.3,1031.2,0.7,1,2,559.5,0
2021-08-30 04:55:47,5,60,21.4,89,14.3,1026.2,1031.1,0.7,1,2,559.5,0
2021-08-30 05:00:47,5,60,21.4,89,14.2,1026.3,1031.2,0.7,1,2,559.5,0
2021-08-30 05:05:47,5,60,21.4,89,14.3,1026.5,1031.4,1,1.7,2,559.5,0
2021-08-30 05:10:47,5,60,21.4,88,14.3,1026.5,1031.4,1.7,2.4,2,559.5,0
2021-08-30 05:15:47,5,59,21.4,88,14.3,1026.5,1031.4,1.7,2,2,559.5,0
2021-08-30 05:20:47,5,59,21.4,88,14.3,1026.4,1031.3,1.7,2.4,2,559.5,0
2021-08-30 05:25:47,5,59,21.4,88,14.3,1026.5,1031.4,1.4,2,2,559.5,0
2021-08-30 05:30:47,5,59,21.4,88,14.3,1026.6,1031.5,1,1.4,4,559.5,0
2021-08-30 05:35:47,5,59,21.4,88,14.3,1026.5,1031.4,1.4,2,2,559.5,0
2021-08-30 05:40:47,5,59,21.4,88,14.3,1026.5,1031.4,1.7,2.4,2,559.5,0
2021-08-30 05:45:47,5,59,21.2,88,14.3,1026.5,1031.4,1.4,2,2,559.5,0
2021-08-30 05:50:47,5,59,21.2,89,14.3,1026.5,1031.4,1,2,2,559.5,0
2021-08-30 05:55:47,5,59,21.2,89,14.3,1026.4,1031.3,1,1.4,2,559.5,0
2021-08-30 06:00:47,5,59,21.2,89,14.3,1026.5,1031.4,1,1.4,2,559.5,0
2021-08-30 06:05:47,5,59,21.2,89,14.3,1026.5,1031.4,0.7,1,2,559.5,0
2021-08-30 06:10:47,5,59,21.2,89,14.3,1026.6,1031.5,0.7,1.4,2,559.5,0
2021-08-30 06:15:47,5,59,21.2,89,14.3,1026.6,1031.5,0.3,0.7,2,559.5,0
2021-08-30 06:20:47,5,59,21.2,89,14.3,1026.6,1031.5,0.7,1,2,559.5,0
2021-08-30 06:25:47,5,59,21.2,90,14.3,1026.7,1031.6,1.4,1.7,2,559.5,0
2021-08-30 06:30:47,5,59,21.2,90,14.3,1026.8,1031.7,1.4,1.7,2,559.5,0
2021-08-30 06:35:47,5,59,21.2,90,14.3,1026.7,1031.6,0.7,1,2,559.5,0
2021-08-30 06:40:47,5,59,21.2,90,14.4,1026.6,1031.5,1,1.7,2,559.5,0
2021-08-30 06:45:47,5,59,21.2,90,14.4,1026.7,1031.6,1.7,2.4,2,559.5,0
2021-08-30 06:50:47,5,59,21.2,90,14.4,1026.7,1031.6,1.7,2.4,2,559.5,0
2021-08-30 06:55:47,5,59,21.2,91,14.5,1026.9,1031.8,1.4,2,2,559.5,0
2021-08-30 07:00:47,5,59,21.2,91,14.5,1026.8,1031.7,1,1.4,2,559.5,0
2021-08-30 07:05:47,5,59,21.2,91,14.5,1026.9,1031.8,1.4,2,2,559.5,0
2021-08-30 07:10:47,5,59,21.2,91,14.6,1027,1031.9,2,2.4,2,559.5,0
2021-08-30 07:15:47,5,59,21.2,91,14.6,1026.9,1031.8,2,2.7,2,559.5,0
2021-08-30 07:20:47,5,59,21.2,91,14.6,1026.9,1031.8,1.4,2,,559.5,0
2021-08-30 07:25:47,5,59,21.2,91,14.7,1027,1031.9,1.4,1.7,2,559.5,0
2021-08-30 07:30:47,5,59,21.2,91,14.8,1027.1,1032,1,1.7,,559.5,0
2021-08-30 07:35:47,5,59,21.2,91,14.8,1027.2,1032.1,1,1.4,2,559.5,0
2021-08-30 07:40:47,5,59,21.4,91,14.9,1027.1,1032,2,2.4,2,559.5,0
2021-08-30 07:45:47,5,59,21.4,91,14.9,1027.2,1032.1,1.7,2.4,2,559.5,0
2021-08-30 07:50:47,5,60,21.4,90,15,1027.1,1032,1.4,2.4,4,559.5,0
2021-08-30 07:55:47,5,60,21.4,90,15,1027,1031.9,2,2.7,,559.5,0
2021-08-30 08:00:47,5,59,21.4,90,15,1027.1,1032,1.7,2.7,2,559.5,0
2021-08-30 08:05:47,5,59,21.2,90,15.1,1027.1,1032,1.4,1.7,2,559.5,0
2021-08-30 08:10:47,5,59,21.2,90,15.3,1027,1031.9,1.4,2,2,559.5,0
2021-08-30 08:15:47,5,59,21.2,90,15.3,1027.3,1032.2,2.4,3.1,2,559.5,0
2021-08-30 08:20:47,5,59,21.2,89,15.4,1027,1031.9,2,2.4,2,559.5,0
2021-08-30 08:25:47,5,60,21.2,89,15.4,1027.2,1032.1,2,2.7,2,559.5,0
2021-08-30 08:30:47,5,60,21.2,88,15.5,1027.2,1032.1,1.7,2.4,4,559.5,0
2021-08-30 08:35:47,5,60,21.2,88,15.7,1027.1,1032,1.4,1.7,2,559.5,0
2021-08-30 08:40:47,5,60,21.5,87,15.8,1027.3,1032.2,2,2.4,2,559.5,0
2021-08-30 08:45:47,5,60,21.5,86,15.9,1027.4,1032.3,1.4,2,2,559.5,0
2021-08-30 08:50:47,5,60,21.4,86,16,1027.4,1032.3,1.4,1.7,2,559.5,0
2021-08-30 08:55:47,5,60,21.4,85,16,1027.5,1032.4,1.7,2.4,2,559.5,0
2021-08-30 09:00:47,5,60,21.5,85,16.1,1027.6,1032.5,2,2.7,2,559.5,0
2021-08-30 09:05:47,5,60,21.5,85,16,1027.5,1032.4,2.4,3.4,0,559.5,0
2021-08-30 09:10:47,5,60,21.6,85,16.1,1027.5,1032.4,1.7,2.4,2,559.5,0
2021-08-30 09:15:47,5,59,21.6,85,16.2,1027.5,1032.4,1.7,2.4,2,559.5,0
2021-08-30 09:20:47,5,59,21.6,85,16.2,1027.5,1032.4,2,3.4,3,559.5,0
2021-08-30 09:25:47,5,60,21.7,85,16.3,1027.6,1032.5,2.4,2.7,2,559.5,0
2021-08-30 09:30:47,5,60,21.8,84,16.2,1027.5,1032.4,1.7,2.7,4,559.5,0
2021-08-30 09:35:47,5,59,21.8,84,16.1,1027.6,1032.5,1.7,2.4,2,559.5,0
2021-08-30 09:40:47,5,59,21.8,84,16,1027.6,1032.5,2,2.7,2,559.5,0
2021-08-30 09:45:47,5,59,21.8,84,16,1027.5,1032.4,1.7,2,4,559.5,0
2021-08-30 09:50:47,5,59,21.8,85,16.1,1027.6,1032.5,1.7,2.4,2,559.5,0
2021-08-30 09:55:47,5,59,21.9,85,16.2,1027.6,1032.5,1.4,1.7,2,559.5,0
2021-08-30 10:00:47,5,59,21.9,83,16.3,1027.6,1032.5,1.7,2.4,4,559.5,0
2021-08-30 10:05:47,5,58,22,83,16.3,1027.5,1032.4,1.7,2.4,4,559.5,0
2021-08-30 10:10:47,5,58,22,82,16.3,1027.8,1032.7,2,3.1,4,559.5,0
2021-08-30 10:15:47,5,58,22,82,16.3,1027.8,1032.7,2.4,3.7,2,559.5,0
2021-08-30 10:20:47,5,58,22,82,16.4,1027.7,1032.6,1.7,2.4,2,559.5,0
2021-08-30 10:25:47,5,58,22,82,16.6,1027.7,1032.6,1.7,2.4,4,559.5,0
2021-08-30 10:30:47,5,58,22,81,16.8,1027.7,1032.6,1.7,2.4,4,559.5,0
2021-08-30 10:35:47,5,58,22,80,16.9,1027.8,1032.7,1.7,2.7,4,559.5,0
2021-08-30 10:40:47,5,58,22,80,16.9,1027.7,1032.6,2.7,3.7,4,559.5,0
2021-08-30 10:45:47,5,58,22.1,80,16.7,1027.7,1032.6,2,3.1,4,559.5,0
2021-08-30 10:50:47,5,58,22.1,80,16.5,1027.7,1032.6,2.7,3.4,2,559.5,0
2021-08-30 10:55:47,5,57,22,80,16.5,1027.5,1032.4,1.7,2.4,,559.5,0
2021-08-30 11:00:47,5,57,22.1,81,16.7,1027.6,1032.5,1.7,2,2,559.5,0
2021-08-30 11:05:47,5,57,22.1,80,16.8,1027.6,1032.5,2.4,3.4,2,559.5,0
2021-08-30 11:10:47,5,57,22.1,80,16.8,1027.5,1032.4,2.4,2.7,4,559.5,0
2021-08-30 11:15:47,5,57,22.1,80,17,1027.5,1032.4,2.4,3.1,0,559.5,0
2021-08-30 11:20:47,5,57,22.1,80,17,1027.8,1032.7,2.4,3.4,2,559.5,0
2021-08-30 11:25:47,5,57,22.2,79,17.1,1027.5,1032.4,3.1,3.7,2,559.5,0
2021-08-30 11:30:47,5,57,22.2,79,17,1027.7,1032.6,2.7,3.7,2,559.5,0
2021-08-30 11:35:47,5,57,22.2,80,17,1027.8,1032.7,2.4,3.1,2,559.5,0
2021-08-30 11:40:47,5,57,22.2,80,16.9,1027.7,1032.6,2,3.1,2,559.5,0
2021-08-30 11:45:47,5,57,22.2,80,16.8,1027.7,1032.6,2.7,4.4,2,559.5,0
2021-08-30 11:50:47,5,56,22.2,79,16.7,1027.8,1032.7,2.4,3.1,2,559.5,0
2021-08-30 11:55:47,5,55,22.2,78,16.6,1027.8,1032.7,2,3.1,0,559.5,0
2021-08-30 12:00:47,5,55,22.1,79,16.7,1027.8,1032.7,2.7,3.7,2,559.5,0
2021-08-30 12:05:47,5,55,22.1,79,16.6,1028,1032.9,2,2.7,0,559.5,0
2021-08-30 12:10:47,5,55,22,78,16.7,1027.9,1032.8,2,2.7,4,559.5,0
2021-08-30 12:15:47,5,56,21.9,78,16.7,1027.9,1032.8,2.7,3.7,2,559.5,0
2021-08-30 12:20:47,5,56,21.9,78,16.7,1028,1032.9,2,2.7,2,559.5,0
2021-08-30 12:25:47,5,56,21.8,79,16.8,1027.9,1032.8,2.4,3.4,2,559.5,0
2021-08-30 12:30:47,5,57,21.8,79,16.6,1028,1032.9,1.7,3.1,,559.5,0
2021-08-30 12:35:47,5,57,21.8,80,16.5,1028.1,1033,3.1,4.1,2,559.5,0
2021-08-30 12:40:47,5,57,21.8,80,16.2,1028.1,1033,3.1,3.7,2,559.5,0
2021-08-30 12:45:47,5,57,21.8,81,16.1,1028,1032.9,2.4,3.7,2,559.5,0
2021-08-30 12:50:47,5,58,21.8,82,16.1,1027.9,1032.8,2.4,3.1,2,559.5,0
2021-08-30 12:55:47,5,59,21.9,81,16.2,1027.9,1032.8,2,2.7,2,559.5,0
2021-08-30 13:00:47,5,58,22,82,16.3,1027.9,1032.8,3.1,3.7,4,559.5,0
2021-08-30 13:05:47,5,58,22,80,16.3,1028.1,1033,3.1,3.7,2,559.5,0
2021-08-30 13:10:47,5,58,22.1,81,16.4,1028,1032.9,2.4,3.4,4,559.5,0
2021-08-30 13:15:47,5,58,22.1,81,16.2,1027.9,1032.8,2,3.4,2,559.5,0
2021-08-30 13:20:47,5,58,22.2,82,16,1028,1032.9,2.7,3.4,4,559.5,0
2021-08-30 13:25:47,5,58,22.2,83,16,1028,1032.9,2.4,3.1,2,559.5,0
2021-08-30 13:30:47,5,58,22.3,82,16.1,1027.9,1032.8,1.7,2.4,2,559.5,0
2021-08-30 13:35:47,5,58,22.3,82,16.3,1028.1,1033,2.4,3.1,2,559.5,0
2021-08-30 13:40:47,5,58,22.3,81,16.4,1027.9,1032.8,2.7,3.7,4,559.5,0
2021-08-30 13:45:47,5,58,22.4,81,16.5,1028,1032.9,1.7,2.7,2,559.5,0
2021-08-30 13:50:47,5,58,22.4,80,16.6,1027.9,1032.8,3.1,3.7,2,559.5,0
2021-08-30 13:55:47,5,58,22.5,80,16.6,1027.9,1032.8,2,2.4,2,559.5,0
2021-08-30 14:00:47,5,58,22.5,80,16.9,1027.9,1032.8,1.4,2.4,2,559.5,0
2021-08-30 14:05:47,5,58,22.6,80,17,1028,1032.9,2,2.7,2,559.5,0
2021-08-30 14:10:47,5,58,22.6,80,16.9,1027.9,1032.8,1.7,2.7,2,559.5,0
2021-08-30 14:15:47,5,58,22.6,80,16.7,1028,1032.9,3.1,4.4,2,559.5,0
2021-08-30 14:20:47,5,58,22.7,80,16.4,1028.1,1033,1.7,2.4,4,559.5,0
2021-08-30 14:25:47,5,58,22.7,81,16.2,1028,1032.9,1.7,2.7,2,559.5,0
2021-08-30 14:30:47,5,58,22.7,82,16.1,1028,1032.9,1.7,2.4,2,559.5,0
2021-08-30 14:35:47,5,58,22.7,82,16.3,1027.9,1032.8,1.4,2,2,559.5,0
2021-08-30 14:40:47,5,57,22.8,81,16.4,1027.9,1032.8,2,2.7,2,559.5,0
2021-08-30 14:45:47,5,57,22.8,81,16.6,1027.7,1032.6,1.4,2,2,559.5,0
2021-08-30 14:50:47,5,57,22.8,80,16.5,1027.9,1032.8,2,2.7,4,559.5,0
2021-08-30 14:55:47,5,57,22.9,81,16.3,1027.9,1032.8,2,3.1,2,559.5,0
2021-08-30 15:00:47,5,57,22.9,81,16.2,1027.8,1032.7,2,2.4,2,559.5,0
2021-08-30 15:05:47,5,57,22.9,81,16.1,1027.9,1032.8,2.7,3.1,2,559.5,0
2021-08-30 15:10:47,5,57,22.9,81,16,1027.8,1032.7,1.7,2.4,4,559.5,0
2021-08-30 15:15:47,5,57,22.9,81,16,1027.8,1032.7,2.4,3.1,2,559.5,0
2021-08-30 15:20:47,5,57,22.9,81,16.1,1027.8,1032.7,2.4,2.7,2,559.5,0
2021-08-30 15:25:47,5,57,22.9,81,16.1,1027.8,1032.7,1.7,2.4,0,559.5,0
2021-08-30 15:30:47,5,57,22.9,81,16.2,1027.9,1032.8,3.1,4.4,4,559.5,0
2021-08-30 15:35:47,5,57,22.9,81,16.1,1027.9,1032.8,2,2.4,2,559.5,0
2021-08-30 15:40:47,5,57,22.9,82,16,1027.9,1032.8,3.4,4.8,4,559.5,0
2021-08-30 15:45:47,5,56,23,82,15.8,1027.9,1032.8,1.7,2.4,2,559.5,0
2021-08-30 15:50:47,5,56,22.9,82,15.7,1027.9,1032.8,1.7,2,4,559.5,0
2021-08-30 15:55:47,5,55,22.9,82,15.7,1027.9,1032.8,2,2.7,2,559.5,0
2021-08-30 16:00:47,5,54,22.8,83,15.6,1027.9,1032.8,1.7,2.4,2,559.5,0
2021-08-30 16:05:47,5,54,22.7,84,15.6,1028,1032.9,1.4,1.7,2,559.5,0
2021-08-30 16:10:47,5,54,22.6,83,15.6,1028,1032.9,2,2.7,1,559.5,0
2021-08-30 16:15:47,5,54,22.5,82,15.7,1027.9,1032.8,2.4,3.1,2,559.5,0
2021-08-30 16:20:47,5,54,22.4,82,15.7,1027.9,1032.8,1.7,2,2,559.5,0
2021-08-30 16:25:47,5,54,22.3,83,15.9,1028,1032.9,1,1.7,4,559.5,0
2021-08-30 16:30:47,5,54,22.2,82,16,1028.1,1033,1.4,2,0,559.5,0
2021-08-30 16:35:47,5,54,22.2,81,15.9,1028.1,1033,1.4,2,2,559.5,0
2021-08-30 16:40:47,5,54,22.1,81,15.9,1028,1032.9,1.4,1.7,2,559.5,0
2021-08-30 16:45:47,5,54,22,81,15.9,1028.1,1033,1.4,2,4,559.5,0
2021-08-30 16:50:47,5,55,21.9,81,16,1028.1,1033,1.4,1.7,2,559.5,0
2021-08-30 16:55:47,5,55,21.9,80,16,1028.2,1033.1,1.7,2.4,2,559.5,0
2021-08-30 17:00:47,5,55,21.8,80,16.1,1028.2,1033.1,1.4,2,2,559.5,0
2021-08-30 17:05:47,5,55,21.7,80,16.1,1028.1,1033,1,1.7,2,559.5,0
2021-08-30 17:10:47,5,56,21.7,79,16,1028.1,1033,2,2.4,2,559.5,0
2021-08-30 17:15:47,5,56,21.7,79,16.1,1028.1,1033,1,1.4,2,559.5,0
2021-08-30 17:20:47,5,57,21.6,79,16.1,1027.9,1032.8,1,1.7,2,559.5,0
2021-08-30 17:25:47,5,57,21.7,80,16.1,1028,1032.9,0.3,1,2,559.5,0
2021-08-30 17:30:47,5,57,21.7,80,16.1,1028.1,1033,1,1.4,2,559.5,0
2021-08-30 17:35:47,5,58,21.6,77,16,1028.1,1033,2,2.7,2,559.5,0
2021-08-30 17:40:47,5,58,21.6,75,15.8,1028.1,1033,1.7,2.4,2,559.5,0
2021-08-30 17:45:47,5,58,21.6,76,15.8,1028.2,1033.1,2,2.4,2,559.5,0
2021-08-30 17:50:47,5,58,21.6,76,15.7,1028.2,1033.1,1.7,2,4,559.5,0
2021-08-30 17:55:47,5,58,21.6,77,15.7,1028.1,1033,1.4,2,2,559.5,0
2021-08-30 18:00:47,5,58,21.6,78,15.6,1028.1,1033,1.4,1.7,2,559.5,0
2021-08-30 18:05:47,5,59,21.6,78,15.6,1028.2,1033.1,1,1.7,2,559.5,0
2021-08-30 18:10:47,5,59,21.5,78,15.6,1028.3,1033.2,1.4,2,2,559.5,0
2021-08-30 18:15:47,5,58,21.6,77,15.6,1028.3,1033.2,1.7,2.4,4,559.5,0
2021-08-30 18:20:47,5,58,21.6,78,15.6,1028.1,1033,1,1.4,2,559.5,0
2021-08-30 18:25:47,5,57,21.5,78,15.6,1028.1,1033,1,1.4,1,559.5,0
2021-08-30 18:30:47,5,56,21.4,78,15.5,1028.2,1033.1,1,1.7,4,559.5,0
2021-08-30 18:35:47,5,56,21.4,78,15.5,1028.3,1033.2,0.7,1,2,559.5,0
2021-08-30 18:40:47,5,56,21.5,78,15.4,1028.3,1033.2,1,1.7,2,559.5,0
2021-08-30 18:45:47,5,56,21.4,77,15.4,1028.3,1033.2,1,1.4,2,559.5,0
2021-08-30 18:50:47,5,56,21.4,78,15.3,1028.1,1033,0.7,1,2,559.5,0
2021-08-30 18:55:47,5,56,21.5,78,15.3,1028.3,1033.2,1.4,1.7,2,559.5,0
2021-08-30 19:00:46,5,56,21.4,78,15.3,1028.4,1033.3,1,1.7,2,559.5,0
2021-08-30 19:05:46,5,56,21.4,78,15.3,1028.3,1033.2,1,1.4,4,559.5,0
2021-08-30 19:10:46,5,56,21.4,78,15.2,1028.3,1033.2,1.7,2.7,2,559.5,0
2021-08-30 19:15:46,5,56,21.4,78,15.2,1028.4,1033.3,0.3,0.7,2,559.5,0
2021-08-30 19:20:46,5,56,21.4,78,15.2,1028.4,1033.3,0.7,1.4,4,559.5,0
2021-08-30 19:25:46,5,55,21.4,78,15.2,1028.5,1033.4,0.7,1,2,559.5,0
2021-08-30 19:30:46,5,55,21.2,78,15.1,1028.4,1033.3,0.3,0.7,2,559.5,0
2021-08-30 19:35:46,5,56,21.4,79,15.1,1028.4,1033.3,0.3,0.7,2,559.5,0
2021-08-30 19:40:46,5,57,21.5,79,15,1028.6,1033.5,0.3,0.7,2,559.5,0
2021-08-30 19:45:46,5,57,21.5,79,15,1028.7,1033.6,0.3,0.7,2,559.5,0
2021-08-30 19:50:46,5,58,21.4,80,14.9,1028.7,1033.6,0.3,0.7,2,559.5,0
2021-08-30 19:55:46,5,57,21.5,80,14.8,1028.8,1033.7,0.3,0.7,2,559.5,0
2021-08-30 20:00:46,5,58,21.6,81,14.7,1028.8,1033.7,0.3,0.7,2,559.5,0
2021-08-30 20:05:46,5,58,21.6,82,14.6,1028.9,1033.8,0.3,1,2,559.5,0
2021-08-30 20:10:46,5,58,21.8,82,14.6,1028.8,1033.7,0.7,1,2,559.5,0
2021-08-30 20:15:46,5,58,21.8,82,14.6,1028.8,1033.7,0.3,0.7,2,559.5,0
2021-08-30 20:20:46,5,58,21.9,82,14.6,1028.8,1033.7,0.3,0.7,2,559.5,0
2021-08-30 20:25:46,5,58,21.9,82,14.6,1028.8,1033.7,0.3,0.7,2,559.5,0
2021-08-30 20:30:46,5,57,22,82,14.6,1028.8,1033.7,0,0.3,4,559.5,0
2021-08-30 20:35:46,5,57,22,82,14.6,1029,1033.9,1,1.7,,559.5,0
2021-08-30 20:40:46,5,57,22.1,82,14.6,1028.9,1033.8,0.7,1,4,559.5,0
2021-08-30 20:45:46,5,57,22.1,82,14.5,1028.8,1033.7,0.7,1.4,4,559.5,0
2021-08-30 20:50:46,5,57,22.1,82,14.5,1029,1033.9,0.7,1,4,559.5,0
2021-08-30 20:55:46,5,56,22.1,82,14.4,1028.8,1033.7,0.3,0.7,,559.5,0
2021-08-30 21:00:46,5,57,22.2,82,14.4,1028.8,1033.7,0,0.7,2,559.5,0
2021-08-30 21:05:46,5,57,22.2,82,14.3,1028.9,1033.8,0.7,1,0,559.5,0
2021-08-30 21:10:46,5,56,22.2,83,14.2,1028.9,1033.8,0.3,1,0,559.5,0
2021-08-30 21:15:46,5,57,22.2,84,14.1,1028.9,1033.8,0.3,0.7,1,559.5,0
2021-08-30 21:20:46,5,57,22.2,84,14,1029,1033.9,0.3,0.7,2,559.5,0
2021-08-30 21:25:46,5,57,22.3,85,13.8,1029,1033.9,0.3,0.7,4,559.5,0
2021-08-30 21:30:46,5,57,22.3,86,13.6,1029.2,1034.1,0.3,0.7,2,559.5,0
2021-08-30 21:35:46,5,56,22.3,86,13.5,1029.1,1034,0.3,0.3,2,559.5,0
2021-08-30 21:40:46,5,56,22.3,86,13.2,1029.2,1034.1,0,0.3,2,559.5,0
2021-08-30 21:45:46,5,56,22.3,86,13,1029.2,1034.1,0,0,2,559.5,0
2021-08-30 21:50:46,5,56,22.3,87,12.9,1029.2,1034.1,0,0.3,2,559.5,0
2021-08-30 21:55:46,5,56,22.3,88,12.9,1029.2,1034.1,0,0.3,2,559.5,0
2021-08-30 22:00:46,5,56,22.2,88,13,1029.1,1034,0.7,1.4,2,559.5,0
2021-08-30 22:05:46,5,56,22.2,89,12.9,1029.1,1034,0.7,1,2,559.5,0
2021-08-30 22:10:46,5,55,22.1,89,12.9,1029.3,1034.2,0.7,1.4,2,559.5,0
2021-08-30 22:15:46,5,55,22.1,89,12.8,1029.3,1034.2,0.3,0.7,2,559.5,0
2021-08-30 22:20:46,5,55,22,89,12.7,1029.2,1034.1,0.7,1,2,559.5,0
2021-08-30 22:25:46,5,55,22,89,12.6,1029.2,1034.1,0.7,1,2,559.5,0
2021-08-30 22:30:46,5,56,21.9,89,12.5,1029.4,1034.3,0.7,1,2,559.5,0
2021-08-30 22:35:46,5,56,21.9,92,12.4,1029.3,1034.2,0.7,1,2,559.5,0
2021-08-30 22:40:46,5,56,21.8,92,12.3,1029.6,1034.5,0.3,0.7,2,559.5,0
2021-08-30 22:45:46,5,56,21.8,93,12.3,1029.5,1034.4,0.7,0.7,4,559.5,0
2021-08-30 22:50:46,5,56,21.7,93,12.3,1029.5,1034.4,0,0.3,2,559.5,0
2021-08-30 22:55:46,5,56,21.6,93,12.4,1029.5,1034.4,0.3,0.7,2,559.5,0
2021-08-30 23:00:46,5,56,21.6,94,12.4,1029.4,1034.3,0,0.7,2,559.5,0
2021-08-30 23:05:46,5,56,21.6,94,12.3,1029.5,1034.4,0.3,0.7,2,559.5,0
2021-08-30 23:10:48,5,56,21.5,94,12.3,1029.4,1034.3,0.3,0.7,2,559.5,0
2021-08-30 23:15:47,5,56,21.4,94,12.3,1029.4,1034.3,0.3,0.7,2,559.5,0
2021-08-30 23:20:47,5,56,21.4,94,12.2,1029.5,1034.4,0.3,0.7,2,559.5,0
2021-08-30 23:25:47,5,56,21.4,94,12.1,1029.6,1034.5,0.3,0.7,2,559.5,0
2021-08-30 23:30:47,5,56,21.4,94,12,1029.4,1034.3,0.3,0.7,2,559.5,0
2021-08-30 23:35:47,5,56,21.4,95,12,1029.6,1034.5,0,0.3,2,559.5,0
2021-08-30 23:40:47,5,56,21.4,95,12,1029.7,1034.6,0,0,2,559.5,0
2021-08-30 23:45:47,5,56,21.2,95,11.9,1029.7,1034.6,0,0.3,4,559.5,0
2021-08-30 23:50:47,5,56,21.2,95,11.9,1029.8,1034.7,0.3,0.7,4,559.5,0
2021-08-30 23:55:47,5,56,21.2,95,11.9,1029.8,1034.7,0.3,0.7,4,559.5,0
