2021-08-10 00:01:52,5,63,21,99,12.6,1011.3,1016.2,0.3,0.7,10,538.8,0
2021-08-10 00:06:52,5,63,21,99,12.5,1011.3,1016.2,0.3,0.7,10,538.8,0
2021-08-10 00:11:52,5,64,20.9,99,12.5,1011.4,1016.3,0,0.3,10,538.8,0
2021-08-10 00:16:52,5,64,20.9,99,12.4,1011.4,1016.3,0.3,0.7,10,538.8,0
2021-08-10 00:21:52,5,64,20.9,99,12.3,1011.4,1016.3,0.3,0.7,10,538.8,0
2021-08-10 00:26:52,5,64,20.9,99,12.2,1011.2,1016.1,0.3,0.7,10,538.8,0
2021-08-10 00:31:52,5,64,20.8,99,12.2,1011.2,1016.1,0.7,1,10,538.8,0
2021-08-10 00:36:52,5,64,20.8,99,12.2,1011.3,1016.2,0.3,0.7,10,538.8,0
2021-08-10 00:41:52,5,64,20.8,99,12.1,1011.3,1016.2,0.3,0.7,10,538.8,0
2021-08-10 00:46:52,5,64,20.8,99,12.1,1011.2,1016.1,0.3,0.7,8,538.8,0
2021-08-10 00:51:52,5,64,20.8,99,12,1011.4,1016.3,0.3,0.7,8,538.8,0
2021-08-10 00:56:52,5,64,20.7,99,11.9,1011.4,1016.3,0,0,8,538.8,0
2021-08-10 01:01:52,5,64,20.7,99,11.9,1011.5,1016.4,0.3,0.7,10,538.8,0
2021-08-10 01:06:52,5,64,20.7,99,12.1,1011.5,1016.4,0.7,1,10,538.8,0
2021-08-10 01:11:52,5,64,20.7,99,12.1,1011.4,1016.3,0.7,1,10,538.8,0
2021-08-10 01:16:52,5,64,20.7,99,12.2,1011.7,1016.6,1,1.4,10,538.8,0
2021-08-10 01:21:52,5,64,20.7,99,12.2,1011.5,1016.4,0.7,1.4,8,538.8,0
2021-08-10 01:26:52,5,64,20.7,99,12.2,1011.6,1016.5,1,1.7,10,538.8,0
2021-08-10 01:31:52,5,64,20.7,99,12.1,1011.5,1016.4,0.7,1,10,538.8,0
2021-08-10 01:36:52,5,64,20.7,99,12.1,1011.6,1016.5,0.7,1,10,538.8,0
2021-08-10 01:41:52,5,64,20.6,99,12.1,1011.5,1016.4,0.3,0.7,10,538.8,0
2021-08-10 01:46:52,5,64,20.6,99,12.1,1011.7,1016.6,0.7,1,10,538.8,0
2021-08-10 01:51:52,5,64,20.6,99,12.1,1011.8,1016.7,0.7,1,10,538.8,0
2021-08-10 01:56:52,5,64,20.6,99,12.1,1011.6,1016.5,1,1.4,10,538.8,0
2021-08-10 02:01:52,5,64,20.5,99,12.1,1011.8,1016.7,0.7,1,10,538.8,0
2021-08-10 02:06:52,5,64,20.6,99,12.1,1011.7,1016.6,0.7,1.4,10,538.8,0
2021-08-10 02:11:52,5,64,20.5,99,12.2,1011.7,1016.6,1,1.4,10,538.8,0
2021-08-10 02:16:52,5,64,20.5,99,12.2,1011.7,1016.6,1,1.4,10,538.8,0
2021-08-10 02:21:52,5,64,20.5,99,12.3,1011.9,1016.8,0.7,1,10,538.8,0
2021-08-10 02:26:52,5,64,20.5,99,12.4,1011.6,1016.5,0.7,1,12,538.8,0
2021-08-10 02:31:52,5,64,20.5,99,12.4,1011.9,1016.8,0.7,1,10,538.8,0
2021-08-10 02:36:52,5,64,20.5,99,12.5,1011.8,1016.7,0.7,1.4,10,538.8,0
2021-08-10 02:41:52,5,64,20.5,99,12.5,1011.9,1016.8,0.7,1.4,10,538.8,0
2021-08-10 02:46:52,5,64,20.5,99,12.6,1011.8,1016.7,0.7,1,10,538.8,0
2021-08-10 02:51:52,5,64,20.5,99,12.6,1011.9,1016.8,1.4,1.7,10,538.8,0
2021-08-10 02:56:52,5,64,20.5,99,12.6,1012,1016.9,0.7,1.4,12,538.8,0
2021-08-10 03:01:52,5,64,20.5,99,12.6,1012,1016.9,0.7,1,10,538.8,0
2021-08-10 03:06:52,5,64,20.5,99,12.5,1011.9,1016.8,0.7,1,10,538.8,0
2021-08-10 03:11:52,5,64,20.4,99,12.5,1012,1016.9,0.7,1.4,10,538.8,0
2021-08-10 03:16:52,5,64,20.5,99,12.4,1011.9,1016.8,0.7,0.7,10,538.8,0
2021-08-10 03:21:52,5,64,20.4,99,12.4,1011.9,1016.8,0.3,0.7,10,538.8,0
2021-08-10 03:26:52,5,64,20.4,99,12.3,1012,1016.9,0.7,1,12,538.8,0
2021-08-10 03:31:52,5,64,20.4,99,12.3,1012.1,1017,0.7,0.7,9,538.8,0
2021-08-10 03:36:52,5,64,20.4,99,12.3,1012.1,1017,0.3,0.7,10,538.8,0
2021-08-10 03:41:52,5,64,20.4,99,12.3,1012.1,1017,0.3,0.7,10,538.8,0
2021-08-10 03:46:52,5,64,20.4,99,12.3,1012,1016.9,0.3,0.7,10,538.8,0
2021-08-10 03:51:52,5,64,20.4,99,12.3,1012.1,1017,0.7,1,10,538.8,0
2021-08-10 03:56:52,5,64,20.4,99,12.3,1012.2,1017.1,0.7,1,10,538.8,0
2021-08-10 04:01:52,5,64,20.4,99,12.2,1012.1,1017,0.3,0.7,10,538.8,0
2021-08-10 04:06:52,5,64,20.4,99,12.2,1012.2,1017.1,0.7,1,10,538.8,0
2021-08-10 04:11:52,5,64,20.4,99,12.2,1012.1,1017,0.7,0.7,10,538.8,0
2021-08-10 04:16:52,5,64,20.4,99,12.2,1012,1016.9,0.7,1,10,538.8,0
2021-08-10 04:21:52,5,64,20.4,99,12.3,1012.1,1017,0.3,1,10,538.8,0
2021-08-10 04:26:52,5,64,20.4,99,12.3,1012.2,1017.1,0.3,0.7,10,538.8,0
2021-08-10 04:31:52,5,64,20.4,99,12.3,1012.3,1017.2,0.3,1,10,538.8,0
2021-08-10 04:36:52,5,64,20.4,99,12.2,1012.3,1017.2,0.3,0.7,10,538.8,0
2021-08-10 04:41:52,5,64,20.4,99,12.2,1012.3,1017.2,0.7,1,10,538.8,0
2021-08-10 04:46:52,5,64,20.4,99,12.2,1012.4,1017.3,0.3,0.7,10,538.8,0
2021-08-10 04:51:52,5,64,20.3,99,12.2,1012.4,1017.3,1,1.4,10,538.8,0
2021-08-10 04:56:52,5,64,20.3,99,12.2,1012.4,1017.3,0.3,0.7,10,538.8,0
2021-08-10 05:01:52,5,64,20.3,99,12.2,1012.4,1017.3,0.7,1,10,538.8,0
2021-08-10 05:06:52,5,64,20.3,99,12.2,1012.2,1017.1,1,1.4,8,538.8,0
2021-08-10 05:11:52,5,64,20.3,99,12.2,1012.3,1017.2,0.3,0.7,10,538.8,0
2021-08-10 05:16:52,5,64,20.3,99,12.2,1012.3,1017.2,0.3,0.7,8,538.8,0
2021-08-10 05:21:52,5,64,20.3,99,12,1012.4,1017.3,0,0.3,8,538.8,0
2021-08-10 05:26:52,5,64,20.3,99,11.9,1012.4,1017.3,0,0,8,538.8,0
2021-08-10 05:31:52,5,63,20.3,99,11.9,1012.4,1017.3,0.3,0.7,8,538.8,0
2021-08-10 05:36:52,5,63,20.3,99,12.2,1012.4,1017.3,0.3,0.7,4,538.8,0
2021-08-10 05:41:52,5,63,20.3,99,12.7,1012.4,1017.3,0.3,0.3,,538.8,0
2021-08-10 05:46:52,5,63,20.3,99,12.9,1012.3,1017.2,0,0,8,538.8,0
2021-08-10 05:51:52,5,63,20.3,99,13.4,1012.2,1017.1,0,0,8,538.8,0
2021-08-10 05:56:52,5,63,20.3,99,13.9,1012.3,1017.2,0,0,8,538.8,0
2021-08-10 06:01:52,5,63,20.3,99,13.7,1012.4,1017.3,0.7,1,10,538.8,0
2021-08-10 06:06:52,5,63,20.3,99,13.6,1012.4,1017.3,0.7,1,10,538.8,0
2021-08-10 06:11:52,5,63,20.3,99,13.6,1012.5,1017.4,1,1.4,10,538.8,0
2021-08-10 06:16:52,5,63,20.3,99,13.7,1012.4,1017.3,0.7,1,10,538.8,0
2021-08-10 06:21:52,5,63,20.3,99,13.6,1012.6,1017.5,1,1.4,10,538.8,0
2021-08-10 06:26:52,5,63,20.3,99,13.6,1012.5,1017.4,1.4,2,10,538.8,0
2021-08-10 06:31:52,5,63,20.3,99,13.6,1012.6,1017.5,1,1.7,10,538.8,0
2021-08-10 06:36:52,5,63,20.3,99,14,1012.7,1017.6,0.7,1,10,538.8,0
2021-08-10 06:41:52,5,63,20.3,99,14.4,1012.7,1017.6,1,1.4,12,538.8,0
2021-08-10 06:46:52,5,63,20.3,99,14.4,1012.7,1017.6,0.7,1,6,538.8,0
2021-08-10 06:51:52,5,63,20.3,99,14.7,1012.6,1017.5,1,1,10,538.8,0
2021-08-10 06:57:52,6,63,20.3,99,14.7,1012.6,1017.5,1.7,2.4,12,538.8,0
2021-08-10 07:02:52,5,63,20.3,98,15,1012.7,1017.6,0.7,1,10,538.8,0
2021-08-10 07:07:52,5,63,20.3,97,15.4,1012.6,1017.5,0.7,1,12,538.8,0
2021-08-10 07:13:52,6,63,20.4,95,15.7,1012.5,1017.4,1.7,2.4,12,538.8,0
2021-08-10 07:18:52,5,63,20.4,93,15.9,1012.6,1017.5,1,1.4,10,538.8,0
2021-08-10 07:23:52,5,63,20.4,92,16,1012.6,1017.5,1.7,2.4,12,538.8,0
2021-08-10 07:29:52,6,63,20.5,90,15.7,1012.7,1017.6,1,1.4,10,538.8,0
2021-08-10 07:34:52,5,63,20.5,89,15.4,1012.7,1017.6,1,1.4,10,538.8,0
2021-08-10 07:39:52,5,63,20.4,89,15.5,1012.7,1017.6,1.4,1.7,10,538.8,0
2021-08-10 07:45:52,6,63,20.4,88,15.6,1012.7,1017.6,1,2,10,538.8,0
2021-08-10 07:50:52,5,64,20.5,88,15.2,1012.7,1017.6,1.4,1.7,12,538.8,0
2021-08-10 07:55:52,5,64,20.5,88,15.3,1012.8,1017.7,0.3,1,14,538.8,0
2021-08-10 08:01:52,6,64,20.5,89,15.4,1013,1017.9,1,1.4,10,538.8,0
2021-08-10 08:06:52,5,64,20.5,88,15.6,1012.7,1017.6,1,1.4,12,538.8,0
2021-08-10 08:11:52,5,64,20.6,88,15.6,1012.8,1017.7,1,1.4,10,538.8,0
2021-08-10 08:16:52,5,63,20.5,87,15.6,1012.8,1017.7,0.7,1,10,538.8,0
2021-08-10 08:21:52,5,63,20.6,86,15.8,1012.7,1017.6,1,1.4,10,538.8,0
2021-08-10 08:26:52,5,62,20.5,84,15.9,1012.8,1017.7,1,1.7,10,538.8,0
2021-08-10 08:31:52,5,62,20.6,83,16,1013,1017.9,1,1.7,12,538.8,0
2021-08-10 08:37:52,6,62,20.6,83,16,1012.9,1017.8,1.4,2,10,538.8,0
2021-08-10 08:42:52,5,62,20.6,84,15.9,1013,1017.9,1.4,1.7,10,538.8,0
2021-08-10 08:47:52,5,62,20.6,84,15.9,1012.9,1017.8,1.4,2,14,538.8,0
2021-08-10 08:53:52,6,62,20.6,85,16,1012.9,1017.8,1.7,2.4,10,538.8,0
2021-08-10 08:58:52,5,62,20.6,83,16,1013,1017.9,2,2.7,12,538.8,0
2021-08-10 09:03:52,5,62,20.7,82,16,1012.9,1017.8,1.4,2,10,538.8,0
2021-08-10 09:09:52,6,62,20.9,82,16.3,1013,1017.9,1.4,1.7,10,538.8,0
2021-08-10 09:14:52,5,63,20.9,82,16.4,1013,1017.9,1,1.7,10,538.8,0
2021-08-10 09:19:52,5,61,21,82,16.3,1013,1017.9,1.4,2,10,538.8,0
2021-08-10 09:25:52,6,61,21,81,16.2,1013.1,1018,1.7,2.4,10,538.8,0
2021-08-10 09:30:52,5,61,21,81,16.1,1013.1,1018,1,1.7,10,538.8,0
2021-08-10 09:35:52,5,61,21.1,82,16.2,1012.9,1017.8,1,1.4,10,538.8,0
2021-08-10 09:41:52,6,61,21.1,82,16.2,1013.1,1018,0.3,0.7,12,538.8,0
2021-08-10 09:46:52,5,60,21.1,82,16.3,1013.2,1018.1,1,1.7,10,538.8,0
2021-08-10 09:51:52,5,60,21.1,82,16.5,1012.9,1017.8,1,1.4,12,538.8,0
2021-08-10 09:57:52,6,60,21.1,80,16.5,1013,1017.9,1,1.4,8,538.8,0
2021-08-10 10:02:52,5,60,21.1,80,16.6,1013,1017.9,1,2,10,538.8,0
2021-08-10 10:07:52,5,60,21.2,80,16.7,1013,1017.9,1.4,1.7,12,538.8,0
2021-08-10 10:12:52,5,60,21.2,80,16.8,1013.1,1018,1.4,1.7,9,538.8,0
2021-08-10 10:17:52,5,60,21.2,79,16.8,1012.9,1017.8,1.4,1.7,12,538.8,0
2021-08-10 10:22:52,5,60,21.2,80,16.9,1012.9,1017.8,1.7,2,10,538.8,0
2021-08-10 10:27:52,5,60,21.1,79,16.7,1013.1,1018,1.7,2.4,8,538.8,0
2021-08-10 10:33:52,6,60,21.1,80,16.8,1013,1017.9,1.4,1.7,10,538.8,0
2021-08-10 10:38:52,5,60,21.2,80,16.8,1013,1017.9,2,2.7,10,538.8,0
2021-08-10 10:43:52,5,60,21.2,80,16.9,1013.1,1018,1.4,2,12,538.8,0
2021-08-10 10:49:52,6,60,21.4,80,16.9,1012.9,1017.8,1.7,2.4,10,538.8,0
2021-08-10 10:54:52,5,60,21.4,80,17.1,1012.9,1017.8,0.7,1,12,538.8,0
2021-08-10 10:59:52,5,60,21.4,80,17.2,1012.9,1017.8,2.4,3.4,10,538.8,0
2021-08-10 11:05:52,6,60,21.5,78,17.2,1013,1017.9,2,2.7,12,538.8,0
2021-08-10 11:10:52,5,60,21.4,78,17.2,1012.9,1017.8,0.7,1,10,538.8,0
2021-08-10 11:15:51,5,59,21.5,79,17.3,1012.8,1017.7,1.7,2,12,538.8,0
2021-08-10 11:21:51,6,59,21.6,74,17.5,1012.8,1017.7,1.4,1.7,12,538.8,0
2021-08-10 11:26:51,5,59,21.6,74,17.7,1012.7,1017.6,1,2,12,538.8,0
2021-08-10 11:31:51,5,59,21.5,73,17.9,1012.7,1017.6,1.7,2,8,538.8,0
2021-08-10 11:37:51,6,59,21.6,73,18.6,1012.7,1017.6,1.4,2,8,538.8,0
2021-08-10 11:42:51,5,59,21.6,72,19,1012.5,1017.4,1.4,1.7,12,538.8,0
2021-08-10 11:47:51,5,59,21.7,70,19,1012.9,1017.8,1,1.7,10,538.8,0
2021-08-10 11:53:51,6,59,21.8,72,18.8,1012.6,1017.5,0.3,1.4,12,538.8,0
2021-08-10 11:58:51,5,59,21.8,72,18.8,1012.7,1017.6,0.7,1,12,538.8,0
2021-08-10 12:03:51,5,59,21.8,71,18.8,1012.7,1017.6,1,1.4,10,538.8,0
2021-08-10 12:09:51,6,59,21.9,70,18.8,1012.6,1017.5,1,1.4,4,538.8,0
2021-08-10 12:14:51,5,59,21.9,70,19.2,1012.6,1017.5,0.7,1,12,538.8,0
2021-08-10 12:19:51,5,59,21.9,70,19.7,1012.5,1017.4,0.7,1,4,538.8,0
2021-08-10 12:25:51,6,58,22,68,19.9,1012.6,1017.5,0.7,1,10,538.8,0
2021-08-10 12:30:51,5,58,22,68,19.5,1012.6,1017.5,0.7,1.4,12,538.8,0
2021-08-10 12:35:51,5,59,21.9,69,19,1012.6,1017.5,2,3.1,10,538.8,0
2021-08-10 12:41:51,6,59,21.9,70,18.8,1012.5,1017.4,1.4,1.7,10,538.8,0
2021-08-10 12:46:51,5,59,21.9,68,18.5,1012.6,1017.5,1,1.4,10,538.8,0
2021-08-10 12:51:51,5,59,21.8,70,18.5,1012.7,1017.6,2,3.1,10,538.8,0
2021-08-10 12:57:51,6,58,21.8,70,18.2,1012.7,1017.6,1.7,2,12,538.8,0
2021-08-10 13:02:51,5,59,21.8,70,18.2,1012.5,1017.4,1.4,1.7,12,538.8,0
2021-08-10 13:07:51,5,59,21.8,71,18.3,1012.5,1017.4,1,1.7,10,538.8,0
2021-08-10 13:13:51,6,59,21.8,71,18.4,1012.6,1017.5,1,1.7,12,538.8,0
2021-08-10 13:18:51,5,59,21.8,71,18.5,1012.7,1017.6,0.7,1.4,10,538.8,0
2021-08-10 13:23:51,5,59,21.8,71,18.4,1012.7,1017.6,1,1.4,10,538.8,0
2021-08-10 13:29:51,6,58,21.9,71,18.6,1012.5,1017.4,0.7,1.7,10,538.8,0
2021-08-10 13:34:51,5,57,22,71,18.9,1012.5,1017.4,1,1.4,10,538.8,0
2021-08-10 13:39:51,5,57,22,70,19.5,1012.4,1017.3,0.7,1,12,538.8,0
2021-08-10 13:45:51,6,57,22.1,66,19.7,1012.4,1017.3,1,1.4,2,538.8,0
2021-08-10 13:50:51,5,57,22.1,66,19.3,1012.5,1017.4,0.3,0.7,10,538.8,0
2021-08-10 13:55:51,5,57,22.1,69,18.8,1012.5,1017.4,0.7,1,12,538.8,0
2021-08-10 14:01:51,6,57,22.2,71,18.5,1012.4,1017.3,0.3,0.7,12,538.8,0
2021-08-10 14:06:51,5,57,22.2,71,18.4,1012.2,1017.1,0.3,0.7,12,538.8,0
2021-08-10 14:11:51,5,57,22.2,71,18.3,1012.1,1017,0.7,1,4,538.8,0
2021-08-10 14:17:51,6,57,22.2,72,18.5,1012.2,1017.1,0.7,1.4,8,538.8,0
2021-08-10 14:22:51,5,57,22.2,72,18.8,1012.2,1017.1,0.7,1,10,538.8,0
2021-08-10 14:27:51,5,57,22.2,71,19.3,1012.1,1017,0,0.3,,538.8,0
2021-08-10 14:33:51,6,57,22.2,67,20.1,1012,1016.9,2.4,3.1,,538.8,0
2021-08-10 14:38:51,5,57,22.3,65,19.7,1011.9,1016.8,1,1.7,4,538.8,0
2021-08-10 14:43:51,5,57,22.3,65,19.6,1011.9,1016.8,1.4,1.7,4,538.8,0
2021-08-10 14:48:51,5,56,22.3,66,19.7,1012,1016.9,1,1.7,,538.8,0
2021-08-10 14:53:51,5,56,22.3,67,20.1,1011.7,1016.6,1.7,2,,538.8,0
2021-08-10 14:58:51,5,56,22.3,66,20,1011.9,1016.8,1.4,1.7,4,538.8,0
2021-08-10 15:03:51,5,56,22.4,67,20.2,1011.8,1016.7,2,2.7,4,538.8,0
2021-08-10 15:09:51,6,56,22.4,67,19.8,1011.6,1016.5,1.4,2,4,538.8,0
2021-08-10 15:14:51,5,56,22.4,67,19.6,1011.6,1016.5,0.3,1,4,538.8,0
2021-08-10 15:19:51,5,56,22.4,70,19.5,1011.6,1016.5,0.3,1,,538.8,0
2021-08-10 15:25:51,6,56,22.4,69,19.3,1011.6,1016.5,1,1.7,,538.8,0
2021-08-10 15:30:51,5,56,22.4,70,19,1011.6,1016.5,1,1.4,10,538.8,0
2021-08-10 15:35:51,5,57,22.3,70,18.9,1011.5,1016.4,1,1.7,8,538.8,0
2021-08-10 15:40:51,5,56,22.3,70,18.9,1011.5,1016.4,1,1.4,10,538.8,0
2021-08-10 15:45:51,5,56,22.3,70,19.1,1011.4,1016.3,1,1.4,8,538.8,0
2021-08-10 15:50:51,5,56,22.3,70,19.2,1011.5,1016.4,0.7,1,10,538.8,0
2021-08-10 15:55:51,5,56,22.2,71,19.2,1011.4,1016.3,1,1.4,10,538.8,0
2021-08-10 16:00:51,5,57,22.2,71,19.2,1011.3,1016.2,0.7,1,10,538.8,0
2021-08-10 16:05:51,5,57,22.1,71,19.1,1011.4,1016.3,0.7,0.7,,538.8,0
2021-08-10 16:10:51,5,57,22.1,71,19.1,1011.5,1016.4,1.4,2,10,538.8,0
2021-08-10 16:15:51,5,57,22.1,71,19.2,1011.4,1016.3,1,1.4,10,538.8,0
2021-08-10 16:20:51,5,57,22,70,19.4,1011.2,1016.1,0.7,1,8,538.8,0
2021-08-10 16:25:51,5,57,22,70,19.5,1011.4,1016.3,0.7,1,10,538.8,0
2021-08-10 16:30:51,5,58,21.9,70,19.4,1011.3,1016.2,0.7,1,10,538.8,0
2021-08-10 16:35:51,5,59,21.9,70,19.2,1011.3,1016.2,0.7,1,8,538.8,0
2021-08-10 16:40:51,5,59,21.8,71,18.9,1011.3,1016.2,0.3,0.7,8,538.8,0
2021-08-10 16:45:51,5,59,21.8,71,18.7,1011.4,1016.3,0.7,1,10,538.8,0
2021-08-10 16:50:51,5,59,21.8,72,18.6,1011.3,1016.2,0.7,1,10,538.8,0
2021-08-10 16:55:51,5,59,21.7,72,18.5,1011.3,1016.2,0.3,0.7,8,538.8,0
2021-08-10 17:00:51,5,59,21.6,73,18.5,1011.4,1016.3,0.3,0.7,,538.8,0
2021-08-10 17:05:51,5,59,21.5,74,18.6,1011.1,1016,0.7,1.4,8,538.8,0
2021-08-10 17:10:51,5,59,21.6,74,18.5,1011.2,1016.1,1.7,2.4,4,538.8,0
2021-08-10 17:15:51,5,59,21.5,73,18.4,1011.2,1016.1,1.4,1.7,12,538.8,0
2021-08-10 17:20:51,5,59,21.5,74,18.4,1011.2,1016.1,0.3,0.7,12,538.8,0
2021-08-10 17:25:51,5,60,21.4,75,18.3,1011.1,1016,0.7,1,8,538.8,0
2021-08-10 17:30:51,5,60,21.4,75,18.2,1011.1,1016,0.3,0.7,10,538.8,0
2021-08-10 17:35:51,5,60,21.4,75,18.2,1011.2,1016.1,0.3,0.3,10,538.8,0
2021-08-10 17:40:51,5,60,21.2,76,18.2,1011.1,1016,0.7,1,10,538.8,0
2021-08-10 17:45:51,5,60,21.2,76,18.1,1011.2,1016.1,0.3,0.7,10,538.8,0
2021-08-10 17:50:51,5,60,21.2,75,18.2,1011.1,1016,0.7,1,8,538.8,0
2021-08-10 17:55:51,5,60,21.2,74,18.3,1011.1,1016,0.3,0.7,10,538.8,0
2021-08-10 18:00:51,5,60,21.2,74,18.4,1011.2,1016.1,0.7,1,10,538.8,0
2021-08-10 18:05:51,5,60,21.2,73,18.3,1011.1,1016,1,1.4,8,538.8,0
2021-08-10 18:10:51,5,60,21.2,73,18.2,1011.1,1016,1.7,2.4,8,538.8,0
2021-08-10 18:15:51,5,60,21.2,74,18,1011.1,1016,1.7,2.4,10,538.8,0
2021-08-10 18:20:51,5,60,21.1,76,17.7,1011.4,1016.3,1,1.7,12,538.8,0
2021-08-10 18:25:51,5,60,21.1,81,17.4,1011.1,1016,2,3.1,10,538.8,0
2021-08-10 18:30:51,5,60,21.1,81,17.2,1011,1015.9,1.4,2,10,538.8,0
2021-08-10 18:35:51,5,60,21,82,17.1,1011.2,1016.1,1.4,1.4,12,538.8,0
2021-08-10 18:40:51,5,61,21,83,17,1011.1,1016,1.4,2,10,538.8,0
2021-08-10 18:45:51,5,61,21.1,84,16.9,1011.3,1016.2,1.4,2,8,538.8,0
2021-08-10 18:50:51,5,62,21.1,85,16.8,1011.1,1016,1.4,1.7,12,538.8,0
2021-08-10 18:55:51,5,62,21.2,85,16.8,1010.9,1015.8,0.7,1.4,8,538.8,0
2021-08-10 19:00:51,5,62,21.2,86,16.8,1011,1015.9,1,1.4,10,538.8,0
2021-08-10 19:05:51,5,61,21.2,86,16.8,1011,1015.9,0.3,0.7,8,538.8,0
2021-08-10 19:10:51,5,62,21.2,86,16.9,1011,1015.9,0.7,1,10,538.8,0
2021-08-10 19:15:51,5,62,21.2,86,16.9,1011.2,1016.1,1,1.7,10,538.8,0
2021-08-10 19:20:51,5,62,21.2,86,16.8,1011,1015.9,0.7,1.4,4,538.8,0
2021-08-10 19:25:51,5,62,21.2,86,16.8,1011,1015.9,0.3,0.7,10,538.8,0
2021-08-10 19:30:51,5,62,21.2,86,16.7,1010.8,1015.7,1.4,2,10,538.8,0
2021-08-10 19:35:51,5,63,21.2,86,16.6,1010.9,1015.8,0.7,1.4,8,538.8,0
2021-08-10 19:40:51,5,63,21.2,87,16.5,1011.1,1016,0.3,0.7,12,538.8,0
2021-08-10 19:45:51,5,63,21.2,88,16.5,1010.9,1015.8,0.7,1,8,538.8,0
2021-08-10 19:50:51,5,63,21.2,88,16.4,1011,1015.9,1,1.4,8,538.8,0
2021-08-10 19:55:51,5,63,21.2,89,16.4,1010.9,1015.8,0.7,1,4,538.8,0
2021-08-10 20:00:51,5,63,21.2,89,16.3,1010.8,1015.7,0.7,1,8,538.8,0
2021-08-10 20:05:51,5,63,21.2,90,16.2,1010.8,1015.7,0.7,1,10,538.8,0
2021-08-10 20:10:51,5,63,21.2,90,16.1,1011,1015.9,0.3,1,10,538.8,0
2021-08-10 20:15:51,5,62,21.2,90,16.1,1010.9,1015.8,0.7,1,10,538.8,0
2021-08-10 20:21:51,6,62,21.2,90,16.1,1011,1015.9,0.7,1,8,538.8,0
2021-08-10 20:26:51,5,62,21.2,91,16,1010.9,1015.8,0.7,1.4,4,538.8,0
2021-08-10 20:31:51,5,62,21.2,91,16,1010.8,1015.7,0.7,1,8,538.8,0
2021-08-10 20:36:51,5,62,21.2,91,16,1010.9,1015.8,0.3,1,4,538.8,0
2021-08-10 20:41:51,5,62,21.2,91,16,1011.1,1016,0.7,1.4,10,538.8,0
2021-08-10 20:46:51,5,62,21.2,92,15.9,1010.8,1015.7,1,1.7,10,538.8,0
2021-08-10 20:51:51,5,62,21.2,92,15.9,1010.8,1015.7,1,1.4,10,538.8,0
2021-08-10 20:56:51,5,62,21.2,92,15.9,1010.7,1015.6,1,2.4,4,538.8,0
2021-08-10 21:01:51,5,62,21.2,93,15.9,1010.8,1015.7,0.7,1,10,538.8,0
2021-08-10 21:06:51,5,62,21.2,93,15.9,1011,1015.9,0.7,1.4,14,538.8,0
2021-08-10 21:11:51,5,62,21.2,93,15.9,1010.7,1015.6,1.7,2.7,10,538.8,0
2021-08-10 21:16:51,5,62,21.2,93,15.9,1010.5,1015.4,1.7,2.4,4,538.8,0
2021-08-10 21:21:51,5,62,21.1,93,15.9,1010.7,1015.6,1.7,2.4,,538.8,0
2021-08-10 21:26:51,5,62,21.1,93,15.9,1010.4,1015.3,2,2.7,4,538.8,0
2021-08-10 21:31:51,5,62,21.1,93,15.8,1010.2,1015.1,3.1,3.7,4,538.8,0
2021-08-10 21:36:51,5,63,21.1,93,15.7,1010.4,1015.3,2,3.1,,538.8,0
2021-08-10 21:41:51,5,63,21.1,94,15.6,1010.5,1015.4,2,3.4,4,538.8,0
2021-08-10 21:46:51,5,63,21,94,15.5,1010.5,1015.4,2,3.1,4,538.8,0
2021-08-10 21:51:51,5,63,21,94,15.5,1010.6,1015.5,2,3.1,,538.8,0
2021-08-10 21:56:51,5,63,21,95,15.4,1010.8,1015.7,1.7,2,4,538.8,0
2021-08-10 22:01:51,5,63,21,95,15.4,1010.6,1015.5,1.7,2.4,4,538.8,0
2021-08-10 22:06:51,5,63,21,96,15.4,1010.5,1015.4,1.7,2,14,538.8,0
2021-08-10 22:11:51,5,63,21,96,15.4,1010.7,1015.6,1.7,2.7,,538.8,0
2021-08-10 22:16:51,5,64,20.9,97,15.4,1010.6,1015.5,1,1.7,0,538.8,0
2021-08-10 22:21:51,5,64,20.9,97,15.4,1010.4,1015.3,1,1.7,4,538.8,0
2021-08-10 22:26:51,5,64,20.9,97,15.5,1010.2,1015.1,1.4,2,4,538.8,0
2021-08-10 22:31:51,5,64,20.9,97,15.5,1010.2,1015.1,1.7,2,,538.8,0
2021-08-10 22:36:51,5,64,20.9,98,15.6,1010.2,1015.1,1.7,2.4,4,538.8,0
2021-08-10 22:41:51,5,64,20.9,98,15.6,1010.3,1015.2,1,1.4,4,538.8,0
2021-08-10 22:46:51,5,65,20.9,97,15.6,1010.3,1015.2,1,2,2,538.8,0
2021-08-10 22:51:51,5,65,20.9,97,15.7,1010.4,1015.3,1,1.7,,538.8,0
2021-08-10 22:56:51,5,65,20.9,97,15.7,1010.3,1015.2,0,0.3,4,538.8,0
2021-08-10 23:01:51,5,65,20.9,97,15.7,1010.3,1015.2,1.4,1.7,,538.8,0
2021-08-10 23:06:51,5,65,20.8,97,15.7,1010.1,1015,1.7,2,4,538.8,0
2021-08-10 23:11:51,5,65,20.8,97,15.7,1010.3,1015.2,1,1.4,4,538.8,0
2021-08-10 23:16:51,5,65,20.8,97,15.7,1010.4,1015.3,1,1.4,4,538.8,0
2021-08-10 23:21:51,5,65,20.8,96,15.6,1010.2,1015.1,1,1.4,,538.8,0
2021-08-10 23:26:51,5,65,20.8,97,15.7,1010,1014.9,1.4,2.4,8,538.8,0
2021-08-10 23:31:51,5,65,20.8,97,15.7,1009.7,1014.6,1,1.4,,538.8,0
2021-08-10 23:36:51,5,65,20.8,98,15.8,1009.7,1014.6,1.4,2,2,538.8,0
2021-08-10 23:41:51,5,65,20.8,98,15.9,1009.8,1014.7,1,2,,538.8,0
2021-08-10 23:46:51,5,65,20.8,98,16,1010,1014.9,0.3,0.7,10,538.8,0
2021-08-10 23:51:51,5,65,20.8,98,16,1009.8,1014.7,1.7,2.4,4,538.8,0
2021-08-10 23:56:51,5,65,20.8,98,16,1009.8,1014.7,1.4,2,4,538.8,0
