2021-08-11 00:01:51,5,65,20.8,98,16,1009.8,1014.7,0.7,1,10,538.8,0
2021-08-11 00:06:51,5,65,20.8,98,15.9,1009.9,1014.8,0.3,0.7,10,538.8,0
2021-08-11 00:11:51,5,65,20.8,98,15.9,1009.7,1014.6,0.7,1,8,538.8,0
2021-08-11 00:16:51,5,65,20.7,98,15.9,1009.8,1014.7,0.7,0.7,10,538.8,0
2021-08-11 00:21:51,5,65,20.7,98,16,1009.9,1014.8,1.7,2.7,,538.8,0
2021-08-11 00:26:51,5,65,20.7,98,16.1,1009.6,1014.5,1.4,1.7,14,538.8,0
2021-08-11 00:31:51,5,65,20.7,98,16.2,1009.6,1014.5,1.4,2,8,538.8,0
2021-08-11 00:36:51,5,65,20.7,98,16.2,1009.5,1014.4,1.4,2.4,8,538.8,0
2021-08-11 00:41:51,5,65,20.7,98,16.3,1009.5,1014.4,1.4,1.7,8,538.8,0
2021-08-11 00:46:51,5,65,20.7,97,16.3,1009.2,1014.1,1.7,2,8,538.8,0
2021-08-11 00:51:51,5,65,20.7,96,16.3,1009.2,1014.1,1.4,2,10,538.8,0
2021-08-11 00:56:51,5,65,20.7,96,16.3,1009.2,1014.1,1.7,2,,538.8,0
2021-08-11 01:01:51,5,65,20.7,95,16.3,1009.1,1014,1,1.7,8,538.8,0
2021-08-11 01:06:51,5,65,20.7,95,16.3,1009.1,1014,1.4,2.4,10,538.8,0
2021-08-11 01:11:51,5,65,20.7,95,16.3,1009.2,1014.1,1.4,1.7,10,538.8,0
2021-08-11 01:16:51,5,65,20.7,94,16.3,1009.2,1014.1,1,1.7,8,538.8,0
2021-08-11 01:21:51,5,65,20.7,94,16.4,1008.9,1013.8,1,1.7,,538.8,0
2021-08-11 01:26:51,5,65,20.7,94,16.4,1008.9,1013.8,1.7,3.1,10,538.8,0
2021-08-11 01:31:51,5,65,20.7,94,16.4,1008.7,1013.6,1.4,2,10,538.8,0
2021-08-11 01:36:51,5,65,20.7,94,16.5,1008.6,1013.5,1.7,2.4,10,538.8,0
2021-08-11 01:41:51,5,65,20.7,93,16.4,1008.8,1013.7,1,1.7,10,538.8,0
2021-08-11 01:46:51,5,65,20.7,93,16.5,1008.8,1013.7,1.4,2.4,10,538.8,0
2021-08-11 01:51:51,5,65,20.7,93,16.5,1008.8,1013.7,1.4,2,10,538.8,0
2021-08-11 01:56:51,5,65,20.7,93,16.5,1008.7,1013.6,0.7,1.4,10,538.8,0
2021-08-11 02:01:51,5,65,20.7,92,16.5,1008.5,1013.4,1.4,2,4,538.8,0
2021-08-11 02:06:51,5,65,20.6,92,16.5,1008.2,1013.1,1.7,3.1,4,538.8,0
2021-08-11 02:11:51,5,65,20.6,92,16.5,1008,1012.9,0.7,1.4,10,538.8,0
2021-08-11 02:16:51,5,65,20.6,91,16.5,1008.1,1013,1,1.7,8,538.8,0
2021-08-11 02:21:51,5,65,20.6,91,16.5,1008,1012.9,2,2.7,,538.8,0
2021-08-11 02:26:51,5,65,20.6,91,16.5,1008.1,1013,0.7,1.7,10,538.8,0
2021-08-11 02:31:51,5,65,20.6,91,16.5,1008,1012.9,1.4,2,8,538.8,0
2021-08-11 02:36:51,5,65,20.6,91,16.5,1007.7,1012.6,1.7,2.4,8,538.8,0
2021-08-11 02:41:51,5,65,20.6,91,16.5,1007.6,1012.5,1.7,2.4,8,538.8,0
2021-08-11 02:46:51,5,65,20.6,91,16.5,1007.6,1012.5,1.7,2.4,8,538.8,0
2021-08-11 02:51:51,5,65,20.6,91,16.5,1007.7,1012.6,1.7,2.7,8,538.8,0
2021-08-11 02:56:51,5,65,20.6,91,16.6,1007.8,1012.7,2.4,3.1,10,538.8,0
2021-08-11 03:01:51,5,65,20.6,91,16.7,1007.6,1012.5,2.4,2.7,8,538.8,0
2021-08-11 03:06:51,5,65,20.6,90,16.6,1007.5,1012.4,2.7,3.7,10,538.8,0
2021-08-11 03:11:51,5,65,20.6,91,16.7,1007.3,1012.2,2.4,3.7,10,538.8,0
2021-08-11 03:16:51,5,65,20.6,91,16.6,1007.2,1012.1,2.4,2.7,10,538.8,0
2021-08-11 03:21:51,5,65,20.6,91,16.6,1007.1,1012,2,4.8,8,538.8,0
2021-08-11 03:26:51,5,65,20.6,91,16.6,1007.1,1012,3.4,4.4,12,538.8,0
2021-08-11 03:31:51,5,65,20.6,92,16.5,1007.3,1012.2,2,3.1,10,538.8,0
2021-08-11 03:36:51,5,65,20.5,92,16.4,1007.2,1012.1,2,2.7,10,538.8,0
2021-08-11 03:41:51,5,65,20.5,93,16.4,1007.3,1012.2,1.4,2,8,538.8,0
2021-08-11 03:46:51,5,65,20.5,94,16.4,1007.1,1012,2.4,3.1,8,538.8,0
2021-08-11 03:51:51,5,65,20.5,94,16.5,1007,1011.9,2,2.7,8,538.8,0
2021-08-11 03:56:51,5,65,20.6,94,16.5,1006.9,1011.8,2.4,4.1,12,538.8,0
2021-08-11 04:01:51,5,65,20.5,94,16.6,1006.8,1011.7,1.4,2.4,8,538.8,0
2021-08-11 04:06:51,5,65,20.5,94,16.6,1006.8,1011.7,1.7,2.4,10,538.8,0
2021-08-11 04:11:51,5,65,20.5,93,16.6,1006.9,1011.8,2.4,2.7,8,538.8,0
2021-08-11 04:16:51,5,65,20.5,93,16.6,1006.9,1011.8,2,2.4,10,538.8,0
2021-08-11 04:21:51,5,66,20.5,93,16.6,1006.7,1011.6,2.4,3.7,12,538.8,0
2021-08-11 04:26:51,5,66,20.5,93,16.6,1006.7,1011.6,1.7,2.7,12,538.8,0
2021-08-11 04:31:51,5,66,20.5,93,16.7,1006.7,1011.6,2.4,3.7,10,538.8,0
2021-08-11 04:36:51,5,66,20.5,93,16.7,1006.5,1011.4,2,3.1,2,538.8,0
2021-08-11 04:41:51,5,66,20.5,93,16.7,1006.8,1011.7,1.4,2,10,538.8,0
2021-08-11 04:46:51,5,66,20.5,93,16.7,1006.6,1011.5,1.4,2,10,538.8,0
2021-08-11 04:51:51,5,66,20.6,93,16.7,1006.6,1011.5,1.7,2.7,4,538.8,0
2021-08-11 04:56:51,5,66,20.5,93,16.6,1006.5,1011.4,1.4,1.7,10,538.8,0
2021-08-11 05:01:51,5,66,20.5,94,16.6,1006.5,1011.4,2.7,4.1,10,538.8,0
2021-08-11 05:06:51,5,66,20.5,94,16.7,1006.6,1011.5,1.4,2.4,8,538.8,0
2021-08-11 05:11:51,5,66,20.5,94,16.8,1006.5,1011.4,1.7,2.4,,538.8,0
2021-08-11 05:16:51,5,66,20.5,94,16.8,1006.5,1011.4,2.4,3.4,9,538.8,0
2021-08-11 05:21:51,5,66,20.5,94,16.8,1006.5,1011.4,2,3.1,10,538.8,0
2021-08-11 05:26:51,5,66,20.5,94,16.7,1006.5,1011.4,2.4,3.4,,538.8,0
2021-08-11 05:31:51,5,66,20.5,95,16.7,1006.5,1011.4,3.7,4.8,10,538.8,0
2021-08-11 05:36:51,5,66,20.5,95,16.7,1006.3,1011.2,1.7,2.4,10,538.8,0
2021-08-11 05:41:51,5,66,20.5,95,16.6,1006.4,1011.3,2,3.1,8,538.8,0
2021-08-11 05:46:51,5,66,20.5,96,16.6,1006.6,1011.5,2,2.7,10,538.8,0
2021-08-11 05:51:51,5,66,20.5,96,16.6,1006.5,1011.4,2,2.4,10,538.8,0
2021-08-11 05:56:51,5,66,20.5,97,16.7,1006.6,1011.5,1.7,2.4,10,538.8,0
2021-08-11 06:01:51,5,66,20.5,97,16.7,1006.6,1011.5,2,2.4,12,538.8,0
2021-08-11 06:06:51,5,66,20.5,97,16.7,1006.7,1011.6,1.7,2.4,10,538.8,0
2021-08-11 06:11:51,5,66,20.5,97,16.6,1006.9,1011.8,2.7,4.1,10,538.8,0
2021-08-11 06:16:51,5,66,20.5,97,16,1007.1,1012,4.1,5.1,12,538.8,0
2021-08-11 06:21:51,5,66,20.5,97,15.7,1007.3,1012.2,2,2.7,12,538.8,0
2021-08-11 06:26:51,5,66,20.5,97,15.5,1007.5,1012.4,1.7,2,12,538.8,0
2021-08-11 06:31:51,5,66,20.5,98,15.3,1007.5,1012.4,1.4,2,10,538.8,0
2021-08-11 06:36:51,5,66,20.5,99,15.3,1007.5,1012.4,1,1.7,10,539.1,0
2021-08-11 06:41:51,5,66,20.5,99,15.3,1007.4,1012.3,0.7,1,12,539.1,0
2021-08-11 06:46:51,5,66,20.5,99,15.2,1007.5,1012.4,1,1.4,14,539.4,0
2021-08-11 06:51:51,5,66,20.5,99,15,1007.5,1012.4,1.4,1.7,12,539.7,0
2021-08-11 06:56:51,5,66,20.5,99,14.7,1007.5,1012.4,1.4,2,10,539.7,0
2021-08-11 07:01:51,5,66,20.5,99,14.7,1007.6,1012.5,1,1.4,10,539.7,0
2021-08-11 07:06:51,5,66,20.5,99,14.7,1007.7,1012.6,1,1.7,12,539.7,0
2021-08-11 07:11:51,5,66,20.5,99,14.8,1007.6,1012.5,1,1.7,10,539.7,0
2021-08-11 07:16:51,5,66,20.5,99,14.8,1007.7,1012.6,1,1.7,12,539.7,0
2021-08-11 07:21:51,5,66,20.5,99,14.8,1007.8,1012.7,1,1.4,14,539.7,0
2021-08-11 07:26:51,5,66,20.5,99,14.7,1007.9,1012.8,2,2.4,10,539.7,0
2021-08-11 07:31:51,5,66,20.5,99,14.7,1007.8,1012.7,1.7,2.4,12,539.7,0
2021-08-11 07:36:51,5,66,20.5,99,14.7,1008,1012.9,1,1.4,9,539.7,0
2021-08-11 07:41:51,5,66,20.5,99,14.6,1008.1,1013,2,2.4,12,540,0
2021-08-11 07:46:51,5,66,20.5,99,14.4,1008.2,1013.1,1.4,1.7,14,540,0
2021-08-11 07:51:51,5,66,20.5,99,14.4,1008.2,1013.1,1.7,2,10,540,0
2021-08-11 07:56:51,5,66,20.5,99,14.3,1008.4,1013.3,1,1.7,12,540,0
2021-08-11 08:01:51,5,66,20.5,99,14.2,1008.4,1013.3,1,1.7,10,540,0
2021-08-11 08:06:51,5,66,20.5,99,14.2,1008.4,1013.3,1,1.7,10,540,0
2021-08-11 08:11:51,5,65,20.5,99,14.2,1008.5,1013.4,1.7,2,12,540,0
2021-08-11 08:16:51,5,65,20.6,99,14.3,1008.4,1013.3,1,1.4,10,540,0
2021-08-11 08:21:51,5,64,20.5,99,14.5,1008.5,1013.4,1,1.7,10,540,0
2021-08-11 08:26:51,5,64,20.4,99,14.6,1008.4,1013.3,1.4,1.7,12,540,0
2021-08-11 08:31:51,5,64,20.4,99,14.9,1008.6,1013.5,1,1.4,12,540,0
2021-08-11 08:36:51,5,64,20.5,99,15.2,1008.5,1013.4,2,2.7,12,540,0
2021-08-11 08:41:51,5,65,20.5,98,15.4,1008.7,1013.6,1.7,2.4,10,540,0
2021-08-11 08:46:51,5,65,20.6,97,15.8,1008.6,1013.5,1,1.7,10,540,0
2021-08-11 08:51:51,5,65,20.7,94,15.9,1008.7,1013.6,1.4,1.7,10,540,0
2021-08-11 08:56:51,5,65,20.8,91,15.9,1008.8,1013.7,2.4,3.4,10,540,0
2021-08-11 09:01:51,5,64,20.9,90,16.3,1008.9,1013.8,1,1.7,8,540,0
2021-08-11 09:06:51,5,64,20.9,90,17.1,1008.9,1013.8,1.4,2.4,12,540,0
2021-08-11 09:11:51,5,63,21,85,16.8,1009,1013.9,2,2.7,10,540,0
2021-08-11 09:16:51,5,63,21,83,16.5,1008.9,1013.8,2,3.1,12,540,0
2021-08-11 09:21:51,5,62,21.1,83,16.6,1008.8,1013.7,2,3.1,8,540,0
2021-08-11 09:26:51,5,62,21.1,82,16.5,1008.8,1013.7,2.4,3.1,12,540,0
2021-08-11 09:31:51,5,62,21.2,81,16.5,1009.1,1014,2,3.1,12,540,0
2021-08-11 09:36:51,5,61,21.2,81,16.6,1009,1013.9,1.4,2,10,540,0
2021-08-11 09:41:51,5,61,21.2,82,17.1,1009.1,1014,2,3.1,12,540,0
2021-08-11 09:46:51,5,61,21.2,80,16.8,1009.3,1014.2,2.7,3.7,14,540,0
2021-08-11 09:51:51,5,61,21.2,80,17.1,1009.4,1014.3,2.4,3.1,12,540,0
2021-08-11 09:56:51,5,61,21.2,79,17,1009.3,1014.2,2,2.4,8,540,0
2021-08-11 10:01:51,5,61,21.2,77,17.3,1009.2,1014.1,1.7,2.7,10,540,0
2021-08-11 10:06:51,5,60,21.2,77,17.4,1009.3,1014.2,2,2.7,8,540,0
2021-08-11 10:11:51,5,60,21.1,76,17.4,1009.4,1014.3,2.7,3.7,10,540,0
2021-08-11 10:16:51,5,60,21.2,76,17.4,1009.4,1014.3,1.7,2,14,540,0
2021-08-11 10:21:51,5,60,21.2,72,17.5,1009.4,1014.3,2.7,4.4,12,540,0
2021-08-11 10:26:51,5,60,21.1,72,17.7,1009.5,1014.4,2.7,3.7,12,540,0
2021-08-11 10:31:51,5,60,21.2,72,17.9,1009.5,1014.4,2.7,3.7,12,540,0
2021-08-11 10:36:51,5,59,21.2,71,18.2,1009.4,1014.3,1.7,2.7,12,540,0
2021-08-11 10:41:51,5,59,21.2,70,18.2,1009.6,1014.5,2.4,3.1,12,540,0
2021-08-11 10:46:51,5,59,21.2,70,18.2,1009.4,1014.3,2.4,4.1,12,540,0
2021-08-11 10:51:51,5,59,21.2,70,18,1009.6,1014.5,1.4,2.4,10,540,0
2021-08-11 10:56:51,5,59,21.2,70,17.9,1009.6,1014.5,2,2.4,12,540,0
2021-08-11 11:01:51,5,59,21.2,69,17.9,1009.6,1014.5,3.7,4.4,8,540,0
2021-08-11 11:06:51,5,59,21.4,70,18.1,1009.6,1014.5,1.7,2.4,9,540,0
2021-08-11 11:11:51,5,59,21.4,65,18.4,1009.7,1014.6,1.7,2.4,10,540,0
2021-08-11 11:16:51,5,60,21.4,64,18.2,1009.8,1014.7,1.7,2.7,10,540,0
2021-08-11 11:21:51,5,60,21.4,64,18.3,1009.7,1014.6,2.4,3.4,12,540,0
2021-08-11 11:26:51,5,60,21.5,60,18.1,1009.9,1014.8,2.7,3.4,12,540,0
2021-08-11 11:31:51,5,60,21.5,61,18.2,1009.7,1014.6,2.7,4.8,,540,0
2021-08-11 11:36:51,5,60,21.6,60,18.2,1009.8,1014.7,3.1,4.8,10,540,0
2021-08-11 11:41:51,5,60,21.6,57,18.1,1009.9,1014.8,2.7,3.7,8,540,0
2021-08-11 11:46:51,5,60,21.8,60,18.3,1009.7,1014.6,2.4,2.7,8,540,0
2021-08-11 11:51:51,5,60,21.8,58,18.4,1010.1,1015,2.4,3.1,10,540,0
2021-08-11 11:56:51,5,60,21.8,60,18.3,1010,1014.9,3.1,4.1,8,540,0
2021-08-11 12:01:51,5,60,21.9,58,18.4,1010,1014.9,2.4,3.7,10,540,0
2021-08-11 12:06:51,5,59,21.9,60,18.7,1009.9,1014.8,3.1,4.4,10,540,0
2021-08-11 12:11:51,5,57,21.8,59,18.6,1010.1,1015,1.7,2.7,12,540,0
2021-08-11 12:16:51,5,55,21.8,60,18.8,1010.2,1015.1,3.7,4.8,10,540,0
2021-08-11 12:21:51,5,54,21.8,60,18.6,1010.1,1015,2.4,3.1,8,540,0
2021-08-11 12:26:51,5,54,21.8,58,18.4,1010.2,1015.1,2.4,3.7,10,540,0
2021-08-11 12:31:51,5,53,21.6,62,18.7,1010.1,1015,2,3.1,10,540,0
2021-08-11 12:36:51,5,53,21.6,62,18.7,1010.1,1015,2.4,3.4,14,540,0
2021-08-11 12:41:51,5,53,21.6,63,18.7,1010.4,1015.3,2.4,3.7,10,540,0
2021-08-11 12:46:51,5,54,21.5,62,18.9,1010.4,1015.3,2.7,4.8,12,540,0
2021-08-11 12:51:51,5,54,21.5,60,18.7,1010.2,1015.1,3.1,4.1,10,540,0
2021-08-11 12:56:51,5,54,21.5,61,18.7,1010.4,1015.3,2,3.1,12,540,0
2021-08-11 13:01:51,5,55,21.4,62,18.7,1010.4,1015.3,1.7,2.4,14,540,0
2021-08-11 13:06:51,5,55,21.4,63,18.7,1010.3,1015.2,3.1,4.1,12,540,0
2021-08-11 13:11:51,5,54,21.5,62,18.7,1010.4,1015.3,2.4,3.1,12,540,0
2021-08-11 13:16:51,5,54,21.6,63,18.5,1010.4,1015.3,2.4,3.1,10,540,0
2021-08-11 13:21:51,5,54,21.8,63,18.9,1010.5,1015.4,2.7,3.7,10,540,0
2021-08-11 13:26:51,5,54,21.8,62,19,1010.6,1015.5,2.4,4.1,10,540,0
2021-08-11 13:31:51,5,54,21.9,62,18.8,1010.6,1015.5,2.4,3.1,10,540,0
2021-08-11 13:36:51,5,53,21.9,62,18.2,1010.8,1015.7,2,3.1,12,540,0
2021-08-11 13:41:51,5,52,22,60,18.5,1010.6,1015.5,2.4,2.7,10,540,0
2021-08-11 13:46:51,5,52,22,61,18.7,1010.7,1015.6,2.4,3.4,,540,0
2021-08-11 13:51:51,5,52,21.9,60,18.5,1010.7,1015.6,2.7,4.1,14,540,0
2021-08-11 13:56:51,5,51,22,62,18.8,1010.8,1015.7,2.7,3.7,10,540,0
2021-08-11 14:01:51,5,51,22.1,63,18.9,1010.9,1015.8,1.7,3.1,10,540,0
2021-08-11 14:06:51,5,51,22.2,61,18.8,1010.7,1015.6,2.7,3.7,8,540,0
2021-08-11 14:11:51,5,51,22.1,61,18.9,1010.8,1015.7,1.7,2.4,8,540,0
2021-08-11 14:16:51,5,51,22.3,61,19.3,1010.8,1015.7,1.7,3.4,10,540,0
2021-08-11 14:21:51,5,51,22.3,60,19.2,1010.8,1015.7,1.7,2.4,8,540,0
2021-08-11 14:26:51,5,51,22.3,63,19.3,1010.8,1015.7,2.4,3.7,12,540,0
2021-08-11 14:31:51,5,51,22.3,63,19,1010.8,1015.7,2.4,3.4,12,540,0
2021-08-11 14:36:51,5,51,22.4,61,18.9,1010.6,1015.5,2.4,3.4,12,540,0
2021-08-11 14:41:51,5,51,22.4,61,18.8,1010.7,1015.6,2.4,3.4,10,540,0
2021-08-11 14:46:51,5,51,22.5,60,18.7,1010.8,1015.7,2.7,3.4,12,540,0
2021-08-11 14:51:51,5,51,22.5,59,18.8,1010.8,1015.7,2.4,3.4,10,540,0
2021-08-11 14:56:51,5,51,22.6,61,18.9,1010.7,1015.6,1.7,2.4,8,540,0
2021-08-11 15:01:51,5,51,22.7,60,19,1010.8,1015.7,2.4,3.4,14,540,0
2021-08-11 15:06:51,5,50,22.7,60,19,1011,1015.9,2,3.1,12,540,0
2021-08-11 15:11:51,5,50,22.7,61,19,1010.9,1015.8,2.7,4.8,12,540,0
2021-08-11 15:16:51,5,50,22.8,59,19.1,1010.8,1015.7,2,3.1,12,540,0
2021-08-11 15:21:51,5,50,22.9,60,19,1010.7,1015.6,2.4,3.7,12,540,0
2021-08-11 15:26:51,5,50,22.9,60,19,1010.8,1015.7,1.7,2.7,13,540,0
2021-08-11 15:31:51,5,50,23,60,18.8,1010.8,1015.7,3.1,4.1,10,540,0
2021-08-11 15:36:51,5,49,23.1,60,18.7,1010.8,1015.7,1.7,2,12,540,0
2021-08-11 15:41:51,5,49,23.2,61,19,1010.7,1015.6,2,2.7,10,540,0
2021-08-11 15:46:51,5,49,23.3,61,18.9,1010.8,1015.7,2.7,4.1,12,540,0
2021-08-11 15:51:51,5,49,23.4,61,18.5,1010.9,1015.8,3.4,4.4,8,540,0
2021-08-11 15:56:51,5,49,23.4,63,18.8,1010.9,1015.8,1.7,2.4,10,540,0
2021-08-11 16:01:51,5,49,23.5,60,18.7,1010.9,1015.8,1.7,2.7,14,540,0
2021-08-11 16:06:51,5,48,23.6,61,18.8,1010.8,1015.7,1.7,2.4,10,540,0
2021-08-11 16:11:51,5,48,23.6,60,18.8,1010.8,1015.7,1.7,2.7,12,540,0
2021-08-11 16:16:51,5,48,23.7,58,18.9,1010.9,1015.8,2.7,3.4,10,540,0
2021-08-11 16:21:51,5,47,23.8,58,18.8,1010.9,1015.8,2,2.7,12,540,0
2021-08-11 16:26:51,5,48,23.8,59,18.6,1010.9,1015.8,2.7,3.7,10,540,0
2021-08-11 16:31:51,5,48,23.8,61,18.7,1011,1015.9,2,2.7,12,540,0
2021-08-11 16:36:51,5,48,23.8,60,18.9,1011.1,1016,2,3.1,12,540,0
2021-08-11 16:41:51,5,49,23.9,60,18.3,1011.1,1016,2,2.4,10,540,0
2021-08-11 16:46:51,5,49,23.9,62,18.4,1011,1015.9,1.4,1.7,8,540,0
2021-08-11 16:51:51,5,50,23.9,62,18.3,1011.2,1016.1,1.4,2,12,540,0
2021-08-11 16:56:51,5,49,23.9,67,17.4,1011.2,1016.1,0.7,1,8,540,0
2021-08-11 17:01:51,5,49,23.9,70,17,1011.1,1016,1,1.4,12,540,0
2021-08-11 17:06:51,5,49,23.8,70,17,1011.2,1016.1,1,2,10,540,0
2021-08-11 17:11:51,5,48,23.8,71,17.1,1011.2,1016.1,0.7,1,12,540,0
2021-08-11 17:16:51,5,49,23.6,71,16.9,1011.2,1016.1,1.4,1.7,10,540,0
2021-08-11 17:21:51,5,48,23.6,72,16.8,1011.3,1016.2,1.4,2,10,540,0
2021-08-11 17:26:51,5,48,23.5,71,16.7,1011.3,1016.2,1.7,2,,540,0
2021-08-11 17:31:51,5,48,23.4,67,16.9,1011.1,1016,1.7,2,10,540,0
2021-08-11 17:36:51,5,49,23.4,64,17.6,1011.4,1016.3,1,1.4,10,540,0
2021-08-11 17:41:51,5,49,23.5,64,18,1011,1015.9,1.7,2.4,12,540,0
2021-08-11 17:46:51,5,50,23.6,61,17.9,1010.8,1015.7,2.4,3.4,12,540,0
2021-08-11 17:51:51,5,50,23.8,60,17.6,1010.9,1015.8,2,3.1,10,540,0
2021-08-11 17:56:51,5,49,24.1,62,17.6,1010.9,1015.8,1.4,2.4,10,540,0
2021-08-11 18:01:51,5,50,24.3,63,17.4,1010.8,1015.7,1.7,2.4,10,540,0
2021-08-11 18:06:51,5,49,24.5,64,17.3,1011.1,1016,1.4,2,10,540,0
2021-08-11 18:11:51,5,48,24.6,65,17.1,1011.1,1016,2.4,3.1,12,540,0
2021-08-11 18:16:51,5,46,24.6,68,16.7,1011.3,1016.2,1.7,2,14,540,0
2021-08-11 18:21:51,5,45,24.5,70,16.4,1010.7,1015.6,1.4,2,12,540,0
2021-08-11 18:26:51,5,44,24.4,69,16.3,1010.8,1015.7,2.4,4.1,10,540,0
2021-08-11 18:31:51,5,44,24.4,70,16.2,1011.2,1016.1,1.4,2,12,540,0
2021-08-11 18:36:51,5,43,24.1,70,16.1,1011.2,1016.1,1.4,1.7,10,540,0
2021-08-11 18:41:51,5,44,23.9,71,16,1011.2,1016.1,2,2.7,10,540,0
2021-08-11 18:46:51,5,44,23.7,71,15.9,1011.3,1016.2,1.4,1.7,10,540,0
2021-08-11 18:51:51,5,45,23.6,71,15.7,1011.2,1016.1,1.4,2,10,540,0
2021-08-11 18:56:51,5,45,23.5,72,15.6,1011.5,1016.4,1.4,1.7,10,540,0
2021-08-11 19:01:51,5,45,23.3,71,15.6,1011.4,1016.3,1.7,2,10,540,0
2021-08-11 19:06:51,5,45,23.2,71,15.4,1011.6,1016.5,1.4,1.7,10,540,0
2021-08-11 19:11:51,5,45,23.1,71,15.4,1011.7,1016.6,0.7,1,12,540,0
2021-08-11 19:16:51,5,45,23,72,15.3,1011.7,1016.6,1,1.4,12,540,0
2021-08-11 19:21:51,5,47,22.9,72,15.1,1011.7,1016.6,0.7,0.7,10,540,0
2021-08-11 19:26:51,5,47,22.9,72,15,1011.9,1016.8,0.7,1,10,540,0
2021-08-11 19:31:51,5,48,22.8,73,14.7,1011.8,1016.7,0.7,1,10,540,0
2021-08-11 19:36:51,5,48,22.7,74,14.5,1011.7,1016.6,0.3,0.7,10,540,0
2021-08-11 19:41:51,5,48,22.7,74,14.3,1011.7,1016.6,0.3,0.7,10,540,0
2021-08-11 19:46:51,5,48,22.6,75,14.2,1011.9,1016.8,0,0,10,540,0
2021-08-11 19:51:51,5,48,22.5,76,14.1,1011.8,1016.7,0,0.3,4,540,0
2021-08-11 19:56:51,5,48,22.5,77,13.8,1011.8,1016.7,0,0,4,540,0
2021-08-11 20:01:51,5,49,22.4,77,13.7,1011.8,1016.7,0,0,4,540,0
2021-08-11 20:06:51,5,49,22.4,78,13.5,1011.8,1016.7,0,0,4,540,0
2021-08-11 20:11:51,5,49,22.4,78,13.2,1012,1016.9,0,0,4,540,0
2021-08-11 20:16:51,5,49,22.3,79,12.9,1012.1,1017,0,0,4,540,0
2021-08-11 20:21:51,5,50,22.2,80,12.7,1012.1,1017,0.3,0.7,10,540,0
2021-08-11 20:26:51,5,50,22.2,81,12.5,1012.1,1017,0,0.3,10,540,0
2021-08-11 20:31:51,5,50,22.1,84,12.4,1012.1,1017,0.3,0.7,10,540,0
2021-08-11 20:36:51,5,50,22.1,85,12.3,1012.1,1017,0.3,0.7,10,540,0
2021-08-11 20:41:51,5,50,22.1,85,12.2,1012,1016.9,0.3,0.7,10,540,0
2021-08-11 20:46:51,5,50,22.1,86,12.1,1012.2,1017.1,0.3,0.7,4,540,0
2021-08-11 20:51:51,5,50,22.1,86,12,1012.2,1017.1,0.3,0.7,14,540,0
2021-08-11 20:56:51,5,51,22,86,11.9,1012.4,1017.3,0,0.3,14,540,0
2021-08-11 21:01:51,5,51,22,87,11.8,1012.2,1017.1,0.3,0.7,10,540,0
2021-08-11 21:06:51,5,52,21.9,88,11.7,1012.3,1017.2,0.3,0.7,10,540,0
2021-08-11 21:11:51,5,52,21.9,88,11.7,1012.3,1017.2,0.3,0.7,10,540,0
2021-08-11 21:16:51,5,52,21.9,89,11.6,1012.3,1017.2,0.3,0.7,10,540,0
2021-08-11 21:21:51,5,52,21.9,90,11.6,1012.2,1017.1,0.3,0.7,10,540,0
2021-08-11 21:26:51,5,52,21.8,90,11.5,1012.2,1017.1,0.7,1,10,540,0
2021-08-11 21:31:51,5,53,21.9,90,11.4,1012.1,1017,0.3,0.7,10,540,0
2021-08-11 21:36:51,5,53,21.8,90,11.2,1012.2,1017.1,0.3,0.7,8,540,0
2021-08-11 21:41:51,5,53,21.8,90,11.2,1012.1,1017,0.3,0.7,10,540,0
2021-08-11 21:46:51,5,53,21.8,90,11.2,1012.1,1017,0.7,1,10,540,0
2021-08-11 21:51:51,5,53,21.8,90,11.2,1012.2,1017.1,0.7,1,10,540,0
2021-08-11 21:56:51,5,53,21.8,90,11.2,1012.1,1017,0.3,0.7,10,540,0
2021-08-11 22:01:51,5,53,21.7,90,11.2,1012.2,1017.1,0.7,1,10,540,0
2021-08-11 22:06:51,5,53,21.6,90,11.2,1012.2,1017.1,0.7,1,10,540,0
2021-08-11 22:11:51,5,53,21.6,90,11.1,1012,1016.9,0.3,0.7,8,540,0
2021-08-11 22:16:51,5,53,21.6,91,11.1,1012,1016.9,0.7,1,8,540,0
2021-08-11 22:21:51,5,53,21.6,91,11.2,1012,1016.9,1,1.4,10,540,0
2021-08-11 22:26:51,5,53,21.6,91,11.3,1011.8,1016.7,0.7,1,10,540,0
2021-08-11 22:31:51,5,54,21.5,91,11.4,1011.8,1016.7,1,1.4,10,540,0
2021-08-11 22:36:51,5,54,21.5,91,11.6,1011.6,1016.5,0.7,1,10,540,0
2021-08-11 22:41:51,5,54,21.5,90,11.6,1011.7,1016.6,1,1,10,540,0
2021-08-11 22:46:51,5,54,21.4,90,11.6,1011.9,1016.8,0.7,1.4,10,540,0
2021-08-11 22:51:51,5,54,21.4,90,11.7,1011.8,1016.7,1,1.4,10,540,0
2021-08-11 22:56:51,5,54,21.4,90,11.7,1011.8,1016.7,1,1.4,9,540,0
2021-08-11 23:01:51,5,54,21.4,90,11.7,1011.7,1016.6,1,1.4,10,540,0
2021-08-11 23:06:51,5,54,21.4,90,11.7,1011.4,1016.3,0.7,1.4,8,540,0
2021-08-11 23:11:51,5,54,21.4,90,11.7,1011.5,1016.4,1.4,1.7,10,540,0
2021-08-11 23:16:51,5,54,21.4,90,11.8,1011.6,1016.5,1.4,1.7,12,540,0
2021-08-11 23:21:51,5,54,21.4,90,11.8,1011.5,1016.4,1,1.4,10,540,0
2021-08-11 23:26:51,5,54,21.4,89,11.8,1011.5,1016.4,1,1.4,10,540,0
2021-08-11 23:31:51,5,54,21.4,89,11.8,1011.6,1016.5,1.4,2,10,540,0
2021-08-11 23:36:51,5,54,21.4,89,11.9,1011.5,1016.4,1.4,2.4,10,540,0
2021-08-11 23:41:51,5,54,21.2,88,11.9,1011.4,1016.3,1.7,2.4,10,540,0
2021-08-11 23:46:51,5,54,21.2,88,11.9,1011.5,1016.4,1.4,2,10,540,0
2021-08-11 23:51:51,5,54,21.2,88,12,1011.5,1016.4,1,1.7,10,540,0
2021-08-11 23:56:51,5,54,21.2,88,12,1011.4,1016.3,1.7,2.4,10,540,0
