2022-06-17 00:04:13,5,49,21.7,69,17.2,1012.2,1017.1,1.4,2,10,196.5,0
2022-06-17 00:09:13,5,49,21.7,69,17.2,1012.1,1017,1.4,2,12,196.5,0
2022-06-17 00:14:13,5,49,21.6,70,17.2,1012.1,1017,0.7,1.4,8,196.5,0
2022-06-17 00:19:13,5,50,21.6,70,17.1,1012.2,1017.1,1.4,2,10,196.5,0
2022-06-17 00:24:13,5,50,21.6,70,17.1,1012,1016.9,1.4,2.4,9,196.5,0
2022-06-17 00:29:13,5,50,21.6,70,17.1,1012,1016.9,1.7,2,10,196.5,0
2022-06-17 00:34:13,5,50,21.6,70,17.1,1011.9,1016.8,1.7,2.4,8,196.5,0
2022-06-17 00:39:13,5,50,21.6,70,17,1012,1016.9,2.4,3.1,10,196.5,0
2022-06-17 00:44:13,5,50,21.6,70,17,1012,1016.9,2.4,3.1,10,196.5,0
2022-06-17 00:49:13,5,50,21.6,70,17,1012,1016.9,1.4,1.7,10,196.5,0
2022-06-17 00:54:13,5,50,21.6,70,16.9,1012,1016.9,0.7,1,8,196.5,0
2022-06-17 00:59:14,5,50,21.6,70,16.9,1012.1,1017,0.7,1,10,196.5,0
2022-06-17 01:04:13,5,50,21.6,70,16.9,1012.2,1017.1,0.7,1,10,196.5,0
2022-06-17 01:09:13,5,50,21.6,71,16.9,1012,1016.9,1.4,1.7,,196.5,0
2022-06-17 01:14:13,5,50,21.5,71,16.9,1011.9,1016.8,2.7,3.4,10,196.5,0
2022-06-17 01:19:13,5,50,21.5,70,16.9,1011.8,1016.7,1,1.4,8,196.5,0
2022-06-17 01:24:13,5,50,21.5,70,16.9,1011.8,1016.7,1.4,1.7,2,196.5,0
2022-06-17 01:29:13,5,50,21.5,70,16.8,1011.5,1016.4,1.7,2,12,196.5,0
2022-06-17 01:34:13,5,50,21.5,70,16.8,1011.6,1016.5,1,1.7,8,196.5,0
2022-06-17 01:39:13,5,50,21.5,70,16.7,1011.4,1016.3,0.7,1,10,196.5,0
2022-06-17 01:44:13,5,50,21.5,71,16.6,1011.4,1016.3,0.3,0.7,10,196.5,0
2022-06-17 01:49:13,5,50,21.5,71,16.4,1011.6,1016.5,0.3,0.7,10,196.5,0
2022-06-17 01:54:13,5,50,21.5,71,16.3,1011.7,1016.6,0.7,1,,196.5,0
2022-06-17 01:59:13,5,50,21.5,71,16.3,1011.7,1016.6,0.7,1,10,196.5,0
2022-06-17 02:04:13,5,50,21.5,71,16.3,1011.5,1016.4,1.7,2.4,4,196.5,0
2022-06-17 02:09:13,5,50,21.5,71,16.3,1011.6,1016.5,0.7,1,10,196.5,0
2022-06-17 02:14:13,5,51,21.5,72,16.2,1011.7,1016.6,0.3,1,10,196.5,0
2022-06-17 02:19:13,5,51,21.5,72,16.2,1011.8,1016.7,0.7,1,12,196.5,0
2022-06-17 02:24:13,5,51,21.5,72,16.1,1011.8,1016.7,0.7,0.7,8,196.5,0
2022-06-17 02:29:13,5,51,21.5,72,16,1011.7,1016.6,1,1.7,,196.5,0
2022-06-17 02:34:13,5,51,21.5,72,16.1,1011.8,1016.7,0.7,1,12,196.5,0
2022-06-17 02:39:13,5,51,21.5,73,16,1011.8,1016.7,0.7,1,8,196.5,0
2022-06-17 02:44:13,5,51,21.5,73,16,1011.8,1016.7,0.7,1,8,196.5,0
2022-06-17 02:49:13,5,51,21.5,73,16,1011.8,1016.7,1,1.4,8,196.5,0
2022-06-17 02:54:13,5,51,21.5,73,16,1011.8,1016.7,1,1.7,,196.5,0
2022-06-17 02:59:13,5,51,21.5,73,16,1011.6,1016.5,1,1.4,8,196.5,0
2022-06-17 03:04:13,5,51,21.5,73,16.1,1011.7,1016.6,1.4,1.7,4,196.5,0
2022-06-17 03:09:13,5,51,21.5,73,16.1,1011.6,1016.5,0.7,1.4,8,196.5,0
2022-06-17 03:14:13,5,51,21.4,73,16.1,1011.5,1016.4,1.4,1.7,10,196.5,0
2022-06-17 03:19:13,5,51,21.4,73,16.1,1011.5,1016.4,1.4,2.4,8,196.5,0
2022-06-17 03:24:13,5,51,21.4,73,16.1,1011.3,1016.2,1.4,2,8,196.5,0
2022-06-17 03:29:13,5,51,21.4,73,16,1011.4,1016.3,0.7,1,10,196.5,0
2022-06-17 03:34:13,5,51,21.4,73,16,1011.3,1016.2,1,1.4,0,196.5,0
2022-06-17 03:39:13,5,51,21.4,73,16,1011.4,1016.3,0.7,1,8,196.5,0
2022-06-17 03:44:13,5,51,21.4,73,16,1011.4,1016.3,1,2,8,196.5,0
2022-06-17 03:49:13,5,51,21.4,73,16,1011.2,1016.1,1,1.7,8,196.5,0
2022-06-17 03:54:13,5,51,21.4,73,16.1,1011.1,1016,1.4,1.7,10,196.5,0
2022-06-17 03:59:13,5,51,21.4,73,16.1,1011.2,1016.1,1.4,2,8,196.5,0
2022-06-17 04:04:13,5,51,21.4,73,16.2,1011,1015.9,1,1.7,10,196.5,0
2022-06-17 04:09:13,5,52,21.4,73,16.3,1011.3,1016.2,1.4,2,10,196.5,0
2022-06-17 04:14:13,5,52,21.4,73,16.3,1011.2,1016.1,1.4,2,8,196.5,0
2022-06-17 04:19:13,5,52,21.4,73,16.3,1011.2,1016.1,1.7,2,10,196.5,0
2022-06-17 04:24:13,5,52,21.4,73,16.3,1011.1,1016,2,2.4,10,196.5,0
2022-06-17 04:29:13,5,52,21.4,73,16.4,1011.3,1016.2,1.4,1.7,10,196.5,0
2022-06-17 04:34:13,5,52,21.4,73,16.4,1011.3,1016.2,1.4,2.4,8,196.5,0
2022-06-17 04:39:13,5,52,21.4,73,16.5,1011.1,1016,1,1.4,8,196.5,0
2022-06-17 04:44:13,5,52,21.4,72,16.5,1011.3,1016.2,1.7,2.4,8,196.5,0
2022-06-17 04:49:13,5,52,21.4,72,16.6,1011.2,1016.1,1,1.4,12,196.5,0
2022-06-17 04:54:13,5,52,21.4,72,16.6,1011.2,1016.1,2,3.1,10,196.5,0
2022-06-17 04:59:13,5,52,21.4,72,16.6,1011.4,1016.3,1,1.7,10,196.5,0
2022-06-17 05:04:13,5,52,21.4,72,16.6,1011.6,1016.5,2.4,3.1,10,196.5,0
2022-06-17 05:09:13,5,52,21.4,73,16.6,1011.7,1016.6,1.4,2,10,196.5,0
2022-06-17 05:14:13,5,52,21.4,73,16.6,1011.7,1016.6,1,1.4,10,196.5,0
2022-06-17 05:19:13,5,52,21.4,73,16.6,1011.6,1016.5,2.4,2.7,10,196.5,0
2022-06-17 05:24:13,5,52,21.4,73,16.6,1011.6,1016.5,1.4,2,10,196.5,0
2022-06-17 05:29:13,5,52,21.4,73,16.6,1011.6,1016.5,1.7,2.4,12,196.5,0
2022-06-17 05:34:13,5,52,21.4,73,16.6,1011.5,1016.4,1.7,2.4,10,196.5,0
2022-06-17 05:39:13,5,52,21.4,73,16.6,1011.8,1016.7,1.7,2.7,10,196.5,0
2022-06-17 05:44:13,5,52,21.4,73,16.7,1011.7,1016.6,2.4,3.1,10,196.5,0
2022-06-17 05:49:13,5,52,21.4,73,16.6,1011.8,1016.7,2,2.4,10,196.5,0
2022-06-17 05:54:13,5,52,21.2,74,16.6,1012.1,1017,1.4,1.7,8,196.5,0
2022-06-17 05:59:13,5,53,21.2,74,16.5,1012.1,1017,2,2.4,8,196.5,0
2022-06-17 06:04:13,5,53,21.1,74,16.4,1012.1,1017,2,2.4,10,196.5,0
2022-06-17 06:09:13,5,53,21.2,75,16.4,1012.4,1017.3,3.1,4.1,12,196.5,0
2022-06-17 06:14:13,5,53,21.1,75,16.4,1012.1,1017,2.4,3.7,10,196.5,0
2022-06-17 06:19:13,5,53,21.2,77,16.1,1012.1,1017,1.7,2.4,10,196.5,0
2022-06-17 06:24:13,5,53,21.2,79,15.8,1012.1,1017,1.4,1.7,10,196.5,0
2022-06-17 06:29:13,5,53,21.2,80,15.5,1012.3,1017.2,1.4,2,10,196.5,0
2022-06-17 06:34:13,5,53,21.1,82,15.4,1012.2,1017.1,1.4,1.7,10,196.5,0
2022-06-17 06:39:13,5,54,21.1,83,15.4,1012.5,1017.4,2.4,3.1,10,196.5,0
2022-06-17 06:44:13,5,54,21.1,83,15.3,1012.5,1017.4,1.7,2,8,196.5,0
2022-06-17 06:49:13,5,54,21.1,84,15.4,1012.4,1017.3,1,1.4,10,196.5,0
2022-06-17 06:54:13,5,54,21.2,85,15.3,1012.4,1017.3,2.7,3.1,10,196.5,0
2022-06-17 06:59:13,5,54,21.2,85,15.3,1012.6,1017.5,1.4,2,8,196.5,0
2022-06-17 07:04:13,5,54,21.1,86,15.3,1012.6,1017.5,1.4,2,10,196.5,0
2022-06-17 07:09:13,5,55,21.2,86,15.2,1012.8,1017.7,1.7,2.4,10,196.5,0
2022-06-17 07:14:13,5,55,21.2,87,15.2,1012.8,1017.7,1.4,2,10,196.5,0
2022-06-17 07:19:13,5,55,21.2,87,15.2,1012.6,1017.5,1.7,2.4,10,196.8,0
2022-06-17 07:24:13,5,55,21.1,88,15.1,1012.7,1017.6,2,2.7,10,196.8,0
2022-06-17 07:29:13,5,55,21.1,88,15.1,1012.8,1017.7,2,2.4,10,196.8,0
2022-06-17 07:34:13,5,55,21.1,89,15.1,1012.9,1017.8,1.4,1.7,10,196.8,0
2022-06-17 07:39:13,5,55,21.1,89,15.1,1013,1017.9,2,2.4,8,197.1,0
2022-06-17 07:44:13,5,56,21.1,90,15.2,1013,1017.9,1.4,1.7,10,197.1,0
2022-06-17 07:49:13,5,56,21.2,90,15.2,1013.2,1018.1,1.4,1.7,8,197.1,0
2022-06-17 07:54:13,5,56,21.2,90,15.2,1013.2,1018.1,2.4,3.4,10,197.1,0
2022-06-17 07:59:13,5,56,21.2,91,15.3,1013.1,1018,1,1.4,12,197.1,0
2022-06-17 08:04:13,5,56,21.2,91,15.4,1013.1,1018,2.4,3.4,8,197.1,0
2022-06-17 08:09:13,5,56,21.1,92,15.5,1013.2,1018.1,1.7,2.4,8,197.1,0
2022-06-17 08:14:13,5,57,21.1,92,15.5,1013.5,1018.4,1,1.4,12,197.4,0
2022-06-17 08:19:13,5,57,21.2,92,15.6,1013.4,1018.3,1.4,2,10,197.7,0
2022-06-17 08:24:13,5,57,21.4,92,15.6,1013.3,1018.2,1.4,2,8,197.7,0
2022-06-17 08:29:13,5,58,21.4,93,15.6,1013.3,1018.2,1.7,2.4,10,198.3,0
2022-06-17 08:34:13,5,59,21.4,93,15.6,1013.5,1018.4,2.4,3.7,10,198.3,0
2022-06-17 08:39:13,5,59,21.4,93,15.7,1013.6,1018.5,1.4,1.7,10,198.6,0
2022-06-17 08:44:13,5,60,21.4,93,15.7,1013.5,1018.4,1.7,2.7,10,198.6,0
2022-06-17 08:49:13,5,60,21.5,93,15.7,1013.6,1018.5,1.4,2.4,8,198.9,0
2022-06-17 08:54:13,5,61,21.5,93,15.7,1013.6,1018.5,1,1.7,10,198.9,0
2022-06-17 08:59:13,5,61,21.5,93,15.7,1013.8,1018.7,1.7,2.4,10,199.2,0
2022-06-17 09:04:13,5,61,21.5,94,15.7,1013.7,1018.6,1.7,3.1,10,199.2,0
2022-06-17 09:09:13,5,61,21.5,94,15.7,1013.8,1018.7,1.4,2,10,199.2,0
2022-06-17 09:14:13,5,61,21.4,94,15.7,1014,1018.9,1.4,1.7,12,199.2,0
2022-06-17 09:19:13,5,61,21.4,94,15.7,1014,1018.9,1.4,1.7,,199.2,0
2022-06-17 09:24:13,5,62,21.4,94,15.7,1013.9,1018.8,2.7,4.1,10,199.5,0
2022-06-17 09:29:13,5,62,21.5,94,15.7,1014,1018.9,1,1.7,0,199.5,0
2022-06-17 09:34:13,5,62,21.6,94,15.7,1014.1,1019,2,2.7,10,199.5,0
2022-06-17 09:39:13,5,62,21.7,94,15.6,1014.1,1019,2.7,3.1,10,199.5,0
2022-06-17 09:44:13,5,62,21.8,94,15.7,1014,1018.9,1.7,2.7,10,199.5,0
2022-06-17 09:49:13,5,62,21.9,94,15.7,1014.1,1019,2.4,3.4,10,199.8,0
2022-06-17 09:54:13,5,61,22,94,15.7,1014.1,1019,3.1,4.1,10,199.8,0
2022-06-17 09:59:13,5,60,22.1,94,15.8,1014.2,1019.1,1.7,2.4,10,199.8,0
2022-06-17 10:04:13,5,60,22.1,94,15.9,1014.1,1019,2.4,3.1,10,199.8,0
2022-06-17 10:09:13,5,60,22.2,94,16,1014.1,1019,2,2.7,10,199.8,0
2022-06-17 10:14:13,5,60,22.2,94,15.9,1014.3,1019.2,1.7,2.4,12,199.8,0
2022-06-17 10:19:13,5,60,22.3,93,15.8,1014.4,1019.3,1.7,2.4,10,199.8,0
2022-06-17 10:24:13,5,60,22.3,93,15.7,1014.4,1019.3,3.1,4.1,10,200.1,0
2022-06-17 10:29:13,5,60,22.4,93,15.7,1014.4,1019.3,1.4,1.7,10,200.4,0
2022-06-17 10:34:13,5,59,22.4,93,15.8,1014.8,1019.7,2,2.7,10,200.4,0
2022-06-17 10:39:13,5,59,22.5,93,15.6,1014.7,1019.6,2,2.7,10,200.4,0
2022-06-17 10:44:13,5,59,22.5,93,15.6,1014.9,1019.8,1.4,1.7,10,200.4,0
2022-06-17 10:49:13,5,59,22.5,93,15.8,1014.8,1019.7,1.4,2.4,8,200.7,0
2022-06-17 10:54:13,5,59,22.5,93,15.8,1014.7,1019.6,1.7,2,10,201,0
2022-06-17 10:59:13,5,59,22.5,93,15.8,1014.9,1019.8,2,2.4,10,201,0
2022-06-17 11:04:13,5,59,22.5,93,16,1014.7,1019.6,1.4,2.4,10,201,0
2022-06-17 11:09:13,5,59,22.6,93,15.9,1014.8,1019.7,2,2.7,8,201,0
2022-06-17 11:14:13,5,59,22.6,93,15.8,1015,1019.9,1.4,2,10,201,0
2022-06-17 11:19:13,5,59,22.6,93,15.9,1014.9,1019.8,2,3.1,8,201,0
2022-06-17 11:24:13,5,59,22.7,92,16,1015.3,1020.2,1.4,2,10,201,0
2022-06-17 11:29:13,5,59,22.7,92,15.9,1015.2,1020.1,1.4,1.7,10,201,0
2022-06-17 11:34:13,5,59,22.7,92,15.9,1015.2,1020.1,1.4,2,10,201,0
2022-06-17 11:39:13,5,59,22.7,92,16,1015.1,1020,1.4,1.7,8,201.3,0
2022-06-17 11:44:13,5,59,22.7,92,16.1,1015.2,1020.1,1.4,2,10,201.3,0
2022-06-17 11:49:13,5,59,22.6,92,16,1015.2,1020.1,1.7,2.7,10,201.6,0
2022-06-17 11:54:13,5,60,22.6,92,16.3,1015.4,1020.3,1.7,2.4,10,201.6,0
2022-06-17 11:59:13,5,59,22.6,92,16.2,1015.5,1020.4,1,1.7,8,201.6,0
2022-06-17 12:04:13,5,59,22.6,92,16.2,1015.4,1020.3,1,1,10,201.6,0
2022-06-17 12:09:13,5,60,22.7,92,16.3,1015.5,1020.4,1.4,2.4,10,201.6,0
2022-06-17 12:14:13,5,59,22.6,92,16.4,1015.5,1020.4,1.7,2.7,12,201.6,0
2022-06-17 12:19:13,5,59,22.6,92,16.5,1015.7,1020.6,1.4,2,8,201.6,0
2022-06-17 12:24:13,5,59,22.6,91,16.2,1015.9,1020.8,2,2.7,10,201.6,0
2022-06-17 12:29:13,5,59,22.6,91,16,1015.8,1020.7,2,2.4,10,201.9,0
2022-06-17 12:34:13,5,59,22.6,91,15.9,1015.8,1020.7,1.7,2,10,201.9,0
2022-06-17 12:39:13,5,60,22.6,91,16,1015.9,1020.8,1,1.4,8,201.9,0
2022-06-17 12:44:13,5,60,22.6,91,16,1015.9,1020.8,1.7,2.4,8,201.9,0
2022-06-17 12:49:13,5,60,22.5,91,15.8,1016.1,1021,1.7,2.4,8,201.9,0
2022-06-17 12:54:13,5,60,22.5,91,15.7,1016.2,1021.1,1.4,2,9,201.9,0
2022-06-17 12:59:13,5,59,22.5,90,15.5,1016,1020.9,2,3.1,10,201.9,0
2022-06-17 13:04:13,5,60,22.5,90,15.3,1016.2,1021.1,1.4,1.7,10,201.9,0
2022-06-17 13:09:13,5,60,22.5,90,15.3,1015.9,1020.8,1.4,2,8,201.9,0
2022-06-17 13:14:13,5,60,22.5,90,15.4,1016.1,1021,1,1.7,10,201.9,0
2022-06-17 13:19:13,5,61,22.5,90,15.5,1016.1,1021,1,1.4,10,201.9,0
2022-06-17 13:24:13,5,61,22.6,90,15.5,1016.1,1021,1.4,1.7,,201.9,0
2022-06-17 13:29:13,5,61,22.6,90,15.6,1016.2,1021.1,1.7,2,8,201.9,0
2022-06-17 13:34:13,5,61,22.7,90,15.8,1016.1,1021,1.7,2,10,201.9,0
2022-06-17 13:39:13,5,60,22.7,90,16.1,1016,1020.9,1.4,2,10,201.9,0
2022-06-17 13:44:13,5,60,22.7,90,16.3,1016.2,1021.1,1,1.4,12,201.9,0
2022-06-17 13:49:13,5,60,22.7,89,16.4,1016.2,1021.1,2,2.7,9,201.9,0
2022-06-17 13:54:13,5,60,22.9,88,16.5,1016.4,1021.3,2,3.4,10,201.9,0
2022-06-17 13:59:13,5,60,22.9,86,16.2,1016.6,1021.5,1.4,1.7,10,201.9,0
2022-06-17 14:04:13,5,61,23,85,16,1016.6,1021.5,1.7,2.7,10,201.9,0
2022-06-17 14:09:13,5,60,23,85,15.8,1016.6,1021.5,1,1.7,10,201.9,0
2022-06-17 14:14:13,5,60,23,85,15.6,1016.7,1021.6,2,2.7,10,201.9,0
2022-06-17 14:19:13,5,60,23,85,15.5,1016.7,1021.6,1,1.7,10,201.9,0
2022-06-17 14:24:13,5,60,23,85,15.6,1016.8,1021.7,2,2.4,10,201.9,0
2022-06-17 14:29:13,5,60,23,86,15.6,1016.6,1021.5,1.7,2.4,10,201.9,0
2022-06-17 14:34:13,5,60,23,85,15.5,1016.7,1021.6,2,2.7,10,201.9,0
2022-06-17 14:39:13,5,60,23,85,15.5,1016.7,1021.6,1.7,2.4,8,201.9,0
2022-06-17 14:44:13,5,60,23.1,84,15.5,1016.7,1021.6,1.7,2.4,10,201.9,0
2022-06-17 14:49:13,5,59,23.1,84,15.5,1016.7,1021.6,1,1.4,8,201.9,0
2022-06-17 14:54:13,5,58,23.1,84,15.5,1016.9,1021.8,1.7,2,9,201.9,0
2022-06-17 14:59:13,5,57,23,83,15.4,1016.8,1021.7,1.4,2,10,201.9,0
2022-06-17 15:04:13,5,57,23,83,15.4,1017,1021.9,1.4,1.7,10,201.9,0
2022-06-17 15:09:13,5,56,23,82,15.5,1016.9,1021.8,1.4,2,10,201.9,0
2022-06-17 15:14:13,5,57,22.9,82,15.5,1017.2,1022.1,1.4,2,10,201.9,0
2022-06-17 15:19:13,5,56,22.9,82,15.4,1017.3,1022.2,2,2.7,9,201.9,0
2022-06-17 15:24:13,5,56,22.8,82,15.5,1017.1,1022,1.4,2,10,201.9,0
2022-06-17 15:29:13,5,56,22.8,81,15.6,1017.2,1022.1,1,1.7,10,201.9,0
2022-06-17 15:34:13,5,56,22.7,81,15.7,1017.3,1022.2,1.7,2.7,10,201.9,0
2022-06-17 15:39:13,5,56,22.7,80,15.6,1017.4,1022.3,1.4,3.1,12,201.9,0
2022-06-17 15:44:13,5,56,22.6,80,15.6,1017.4,1022.3,1.4,2.4,10,201.9,0
2022-06-17 15:49:13,5,56,22.6,80,15.7,1017.3,1022.2,1.7,2.7,8,201.9,0
2022-06-17 15:54:13,5,56,22.6,79,15.9,1017.2,1022.1,2,2.7,10,201.9,0
2022-06-17 15:59:13,5,56,22.6,80,16.4,1017.3,1022.2,1.7,2,10,201.9,0
2022-06-17 16:04:13,5,56,22.6,78,16.6,1017.3,1022.2,2.4,3.1,10,201.9,0
2022-06-17 16:09:13,5,56,22.6,75,16.5,1017.3,1022.2,1.7,2.4,8,201.9,0
2022-06-17 16:14:13,5,55,22.6,74,16.6,1017.6,1022.5,2.4,3.7,8,202.2,0
2022-06-17 16:19:13,5,55,22.7,74,16.7,1017.4,1022.3,1.7,2,10,202.2,0
2022-06-17 16:24:13,5,55,22.7,73,16.7,1017.5,1022.4,2.7,3.7,10,202.2,0
2022-06-17 16:29:13,5,55,22.7,73,16.7,1017.4,1022.3,1.4,2.7,10,202.2,0
2022-06-17 16:34:13,5,55,22.8,73,16.8,1017.4,1022.3,1.7,2.4,10,202.2,0
2022-06-17 16:39:13,5,54,22.8,72,16.8,1017.6,1022.5,2.4,3.4,10,202.2,0
2022-06-17 16:44:13,5,54,22.7,72,16.8,1017.5,1022.4,1.4,2.4,10,202.2,0
2022-06-17 16:49:13,5,54,22.6,72,16.8,1017.5,1022.4,2,2.4,10,202.2,0
2022-06-17 16:54:13,5,53,22.6,72,16.9,1017.6,1022.5,1.4,2,10,202.2,0
2022-06-17 16:59:13,5,53,22.5,73,16.9,1017.7,1022.6,1.7,2.7,10,202.2,0
2022-06-17 17:04:13,5,53,22.5,72,16.8,1017.8,1022.7,2.7,3.7,10,202.2,0
2022-06-17 17:09:13,5,53,22.5,72,16.8,1017.6,1022.5,1.7,2.4,10,202.2,0
2022-06-17 17:14:13,5,53,22.5,72,16.7,1017.7,1022.6,2,2.7,12,202.2,0
2022-06-17 17:19:13,5,53,22.5,72,16.7,1017.8,1022.7,2,2.4,10,202.2,0
2022-06-17 17:24:13,5,53,22.5,72,16.8,1017.8,1022.7,1.7,2.4,8,202.2,0
2022-06-17 17:29:13,5,53,22.5,72,16.8,1018,1022.9,1.4,1.7,10,202.2,0
2022-06-17 17:34:13,5,52,22.5,71,16.7,1017.8,1022.7,1.7,2.7,8,202.2,0
2022-06-17 17:39:13,5,52,22.5,71,16.6,1017.9,1022.8,1.7,2.4,10,202.2,0
2022-06-17 17:44:13,5,52,22.6,71,16.8,1017.9,1022.8,2,2.4,10,202.2,0
2022-06-17 17:49:13,5,52,22.6,71,16.9,1018.2,1023.1,1.4,2.4,12,202.2,0
2022-06-17 17:54:13,5,51,22.6,71,16.6,1018.4,1023.3,1.7,3.1,10,202.2,0
2022-06-17 17:59:13,5,51,22.6,71,16.4,1018.4,1023.3,1.4,2,10,202.2,0
2022-06-17 18:04:13,5,51,22.5,71,16.2,1018.4,1023.3,1.7,2,10,202.2,0
2022-06-17 18:09:13,5,51,22.5,71,16.2,1018.4,1023.3,1.4,1.7,10,202.2,0
2022-06-17 18:14:13,5,52,22.4,71,16.1,1018.6,1023.5,1.7,2,8,202.2,0
2022-06-17 18:19:13,5,52,22.4,71,16.1,1018.5,1023.4,1,1.4,,202.2,0
2022-06-17 18:24:13,5,52,22.3,71,16,1018.5,1023.4,1.4,2,12,202.2,0
2022-06-17 18:29:13,5,52,22.4,71,16.1,1018.6,1023.5,1.4,2,8,202.2,0
2022-06-17 18:34:13,5,52,22.3,69,16.2,1018.7,1023.6,1.7,2,12,202.2,0
2022-06-17 18:39:13,5,52,22.3,68,16.1,1018.8,1023.7,1.7,2.7,12,202.2,0
2022-06-17 18:44:13,5,52,22.3,68,15.8,1018.9,1023.8,1.4,2,14,202.2,0
2022-06-17 18:49:13,5,53,22.3,68,15.7,1018.8,1023.7,2.4,3.4,10,202.2,0
2022-06-17 18:54:13,5,53,22.3,68,15.5,1019,1023.9,1.7,2.4,14,202.2,0
2022-06-17 18:59:13,5,53,22.3,68,15.4,1019.1,1024,3.7,4.4,14,202.2,0
2022-06-17 19:04:13,5,53,22.3,67,15.2,1019.1,1024,2.4,3.1,14,202.2,0
2022-06-17 19:09:13,5,53,22.2,67,15.1,1019.2,1024.1,2.7,3.7,12,202.2,0
2022-06-17 19:14:13,5,53,22.2,67,14.7,1019.4,1024.3,3.4,4.8,14,202.2,0
2022-06-17 19:19:13,5,53,22.2,69,14.6,1019.4,1024.3,3.1,3.7,12,202.2,0
2022-06-17 19:24:13,5,53,22.2,69,14.4,1019.3,1024.2,2.7,3.4,14,202.2,0
2022-06-17 19:29:13,5,53,22.3,68,14.4,1019.6,1024.5,3.1,4.4,12,202.2,0
2022-06-17 19:34:13,5,53,22.2,69,14.3,1019.7,1024.6,2.4,3.4,12,202.2,0
2022-06-17 19:39:13,5,53,22.2,69,14.2,1019.7,1024.6,2.4,3.7,12,202.2,0
2022-06-17 19:44:13,5,53,22.2,67,14.1,1019.9,1024.8,2.4,3.4,14,202.2,0
2022-06-17 19:49:13,5,53,22.2,66,14,1019.9,1024.8,2.4,3.1,12,202.2,0
2022-06-17 19:54:13,5,53,22.1,67,13.9,1019.9,1024.8,1.7,2.4,12,202.2,0
2022-06-17 19:59:13,5,53,22.1,67,13.7,1019.9,1024.8,2,3.1,14,202.2,0
2022-06-17 20:04:13,5,53,22.1,67,13.6,1019.8,1024.7,2,2.4,14,202.2,0
2022-06-17 20:09:13,5,53,22.1,67,13.5,1019.9,1024.8,3.4,4.4,12,202.2,0
2022-06-17 20:14:13,5,53,22,67,13.3,1020.1,1025,2,2.7,14,202.2,0
2022-06-17 20:19:13,5,53,22,67,13.2,1020.2,1025.1,1.4,2,14,202.2,0
2022-06-17 20:24:13,5,53,22,67,13.1,1020.2,1025.1,2.7,3.7,14,202.2,0
2022-06-17 20:29:13,5,53,22,67,13,1020.2,1025.1,2,2.7,0,202.2,0
2022-06-17 20:34:13,5,54,21.9,67,13,1020.4,1025.3,1,1.7,12,202.2,0
2022-06-17 20:39:13,5,53,21.9,67,12.9,1020.3,1025.2,0.7,1,12,202.2,0
2022-06-17 20:44:13,5,53,21.9,67,12.8,1020.3,1025.2,1.4,2,12,202.2,0
2022-06-17 20:49:13,5,53,21.8,68,12.8,1020.6,1025.5,1,1.7,12,202.2,0
2022-06-17 20:54:13,5,53,21.8,68,12.8,1020.6,1025.5,0.7,1,12,202.2,0
2022-06-17 20:59:13,5,53,21.8,69,12.7,1020.7,1025.6,0.3,0.7,10,202.2,0
2022-06-17 21:04:13,5,53,21.8,69,12.6,1020.7,1025.6,0.3,0.7,10,202.2,0
2022-06-17 21:09:13,5,52,21.7,70,12.5,1020.8,1025.7,0.3,0.7,8,202.2,0
2022-06-17 21:14:13,5,52,21.7,72,12.3,1020.9,1025.8,0.3,0.7,10,202.2,0
2022-06-17 21:19:13,5,52,21.6,73,12.2,1021,1025.9,0,0.3,12,202.2,0
2022-06-17 21:24:13,5,52,21.6,73,12.1,1020.9,1025.8,0.3,0.7,12,202.2,0
2022-06-17 21:29:13,5,51,21.5,73,12,1021.1,1026,0.3,0.3,10,202.2,0
2022-06-17 21:34:13,5,50,21.5,73,11.9,1021.1,1026,0.3,0.7,8,202.2,0
2022-06-17 21:39:13,5,49,21.5,74,11.8,1021,1025.9,0,0,8,202.2,0
2022-06-17 21:44:13,5,49,21.4,74,11.7,1021,1025.9,0,0,8,202.2,0
2022-06-17 21:49:13,5,49,21.4,74,11.7,1021.2,1026.1,0,0,8,202.2,0
2022-06-17 21:54:13,5,49,21.4,74,11.6,1021.3,1026.2,0.3,0.7,10,202.2,0
2022-06-17 21:59:13,5,49,21.4,74,11.6,1021.4,1026.3,0,0.3,10,202.2,0
2022-06-17 22:04:13,5,49,21.2,73,11.7,1021.4,1026.3,1.4,2,12,202.2,0
2022-06-17 22:09:13,5,49,21.2,73,11.8,1021.3,1026.2,1,1.7,12,202.2,0
2022-06-17 22:14:13,5,49,21.2,73,11.7,1021.5,1026.4,1,1.7,12,202.2,0
2022-06-17 22:19:13,5,49,21.2,73,11.7,1021.5,1026.4,1.4,1.7,12,202.2,0
2022-06-17 22:24:13,5,49,21.2,73,11.6,1021.4,1026.3,1,1.4,14,202.2,0
2022-06-17 22:29:13,5,49,21.2,73,11.6,1021.4,1026.3,1,1.7,14,202.2,0
2022-06-17 22:34:13,5,49,21.2,73,11.5,1021.4,1026.3,1.7,2,12,202.2,0
2022-06-17 22:39:13,5,49,21.2,73,11.4,1021.4,1026.3,1.4,2,12,202.2,0
2022-06-17 22:44:13,5,49,21.2,73,11.4,1021.4,1026.3,1,1.4,14,202.2,0
2022-06-17 22:49:13,5,49,21.2,73,11.4,1021.4,1026.3,1,1.7,12,202.2,0
2022-06-17 22:54:13,5,50,21.1,73,11.3,1021.2,1026.1,1.4,1.7,14,202.2,0
2022-06-17 22:59:13,5,50,21.1,73,11.3,1021.2,1026.1,1.7,2.4,12,202.2,0
2022-06-17 23:04:13,5,50,21.2,73,11.2,1021.4,1026.3,1.4,2.4,12,202.2,0
2022-06-17 23:09:13,5,50,21.1,73,11.2,1021.4,1026.3,1.4,1.7,12,202.2,0
2022-06-17 23:14:13,5,50,21.2,73,11.2,1021.4,1026.3,1,2,12,202.2,0
2022-06-17 23:19:13,5,50,21.2,73,11.1,1021.4,1026.3,1,1.4,,202.2,0
2022-06-17 23:24:13,5,50,21.1,73,11.1,1021.4,1026.3,1.4,2.4,14,202.2,0
2022-06-17 23:29:13,5,50,21.1,73,11.1,1021.5,1026.4,1,1.7,14,202.2,0
2022-06-17 23:34:13,5,50,21.1,73,11,1021.5,1026.4,1.7,2,12,202.2,0
2022-06-17 23:39:13,5,50,21.1,73,11,1021.4,1026.3,1,1.4,14,202.2,0
2022-06-17 23:44:13,5,50,21,73,11,1021.4,1026.3,2,2.7,14,202.2,0
2022-06-17 23:49:13,5,50,21,73,11,1021.4,1026.3,1.4,1.7,12,202.2,0
2022-06-17 23:54:13,5,50,21,73,11,1021.3,1026.2,1.4,1.7,12,202.2,0
2022-06-17 23:59:13,5,50,21,73,11,1021.4,1026.3,1.4,1.7,12,202.2,0
