2022-06-30 00:02:09,5,51,20.7,86,10.1,1008.4,1013.3,0.3,0.7,8,272.7,0
2022-06-30 00:07:09,5,51,20.7,85,10,1008.4,1013.3,0.3,0.7,8,272.7,0
2022-06-30 00:12:09,5,51,20.7,85,9.8,1008.5,1013.4,0.3,0.7,10,272.7,0
2022-06-30 00:17:09,5,51,20.6,85,9.8,1008.5,1013.4,0.3,0.7,10,272.7,0
2022-06-30 00:22:09,5,51,20.7,86,9.8,1008.5,1013.4,0.3,0.7,10,272.7,0
2022-06-30 00:27:09,5,51,20.6,86,9.8,1008.4,1013.3,0.7,1,10,272.7,0
2022-06-30 00:32:09,5,51,20.6,86,9.8,1008.4,1013.3,0.3,0.7,10,272.7,0
2022-06-30 00:37:09,5,51,20.6,86,9.9,1008.4,1013.3,0.3,0.7,10,272.7,0
2022-06-30 00:42:09,5,51,20.6,86,9.9,1008.5,1013.4,0.3,0.7,10,272.7,0
2022-06-30 00:47:09,5,51,20.5,86,10,1008.3,1013.2,0.3,0.7,4,272.7,0
2022-06-30 00:52:09,5,51,20.5,87,9.9,1008.3,1013.2,0,0.3,4,272.7,0
2022-06-30 00:57:09,5,51,20.5,87,10,1008.5,1013.4,0,0.3,4,272.7,0
2022-06-30 01:02:09,5,51,20.5,87,10,1008.3,1013.2,0.3,0.7,4,272.7,0
2022-06-30 01:07:09,5,51,20.6,87,10,1008.5,1013.4,0.3,0.7,4,272.7,0
2022-06-30 01:12:09,5,51,20.5,87,10.1,1008.3,1013.2,0.7,1,4,272.7,0
2022-06-30 01:17:09,5,51,20.5,87,10.2,1008.4,1013.3,0.3,0.7,4,272.7,0
2022-06-30 01:22:09,5,51,20.5,87,10.2,1008.4,1013.3,0,0,4,272.7,0
2022-06-30 01:27:09,5,51,20.5,87,10.3,1008.5,1013.4,0.3,0.7,4,272.7,0
2022-06-30 01:32:09,5,51,20.4,88,10.3,1008.5,1013.4,0.3,0.7,4,272.7,0
2022-06-30 01:37:09,5,51,20.5,88,10.5,1008.5,1013.4,0.3,0.7,4,272.7,0
2022-06-30 01:42:09,5,51,20.5,88,10.6,1008.5,1013.4,0.3,0.3,4,272.7,0
2022-06-30 01:47:09,5,51,20.4,88,10.6,1008.5,1013.4,0.3,0.3,4,272.7,0
2022-06-30 01:52:09,5,51,20.5,88,10.7,1008.5,1013.4,0.3,0.7,4,272.7,0
2022-06-30 01:57:09,5,51,20.4,88,10.8,1008.6,1013.5,0.3,0.7,4,272.7,0
2022-06-30 02:02:11,5,51,20.4,89,10.8,1008.4,1013.3,0.3,0.7,4,272.7,0
2022-06-30 02:07:10,5,51,20.4,89,10.8,1008.4,1013.3,0.3,0.7,4,272.7,0
2022-06-30 02:12:10,5,51,20.4,89,10.8,1008.6,1013.5,0.3,0.7,4,272.7,0
2022-06-30 02:17:10,5,52,20.5,89,10.9,1008.5,1013.4,0,0.3,4,272.7,0
2022-06-30 02:22:10,5,52,20.4,89,10.9,1008.6,1013.5,0,0.3,4,272.7,0
2022-06-30 02:27:10,5,52,20.4,89,10.9,1008.5,1013.4,0.7,1,4,272.7,0
2022-06-30 02:32:10,5,52,20.4,89,11,1008.5,1013.4,0.3,0.7,4,272.7,0
2022-06-30 02:37:10,5,52,20.4,89,11,1008.4,1013.3,0.7,1,4,272.7,0
2022-06-30 02:42:10,5,52,20.4,89,11,1008.5,1013.4,0,0.3,4,272.7,0
2022-06-30 02:47:10,5,52,20.4,89,11,1008.4,1013.3,0.3,0.7,4,272.7,0
2022-06-30 02:52:10,5,52,20.4,89,11,1008.5,1013.4,0.7,1,4,272.7,0
2022-06-30 02:57:10,5,52,20.4,89,11,1008.3,1013.2,0.3,0.7,4,272.7,0
2022-06-30 03:02:10,5,52,20.4,89,11,1008.4,1013.3,0,0.3,4,272.7,0
2022-06-30 03:07:10,5,52,20.4,89,11,1008.3,1013.2,0.3,0.7,4,272.7,0
2022-06-30 03:12:10,5,52,20.4,89,11,1008.4,1013.3,0.3,0.7,4,272.7,0
2022-06-30 03:17:10,5,52,20.4,89,11,1008.6,1013.5,0.3,0.7,4,272.7,0
2022-06-30 03:22:10,5,52,20.3,89,11,1008.2,1013.1,0.3,0.7,4,272.7,0
2022-06-30 03:27:10,5,52,20.3,89,11,1008.4,1013.3,0.3,0.7,4,272.7,0
2022-06-30 03:32:10,5,52,20.3,89,11,1008.4,1013.3,0.3,0.7,4,272.7,0
2022-06-30 03:37:10,5,52,20.3,89,11,1008.6,1013.5,0.3,0.7,4,272.7,0
2022-06-30 03:42:10,5,52,20.3,89,11,1008.6,1013.5,0.7,1,4,272.7,0
2022-06-30 03:47:10,5,52,20.2,89,11,1008.5,1013.4,0.3,0.7,4,272.7,0
2022-06-30 03:52:10,5,52,20.2,89,11,1008.5,1013.4,0.3,0.7,4,272.7,0
2022-06-30 03:57:10,5,52,20.2,89,11,1008.7,1013.6,0.7,1,4,272.7,0
2022-06-30 04:02:10,5,52,20.2,89,11,1008.7,1013.6,0.3,0.7,4,272.7,0
2022-06-30 04:07:10,5,52,20.2,89,11,1008.5,1013.4,1,1.4,10,272.7,0
2022-06-30 04:12:10,5,52,20.2,89,11,1008.6,1013.5,0.7,1,10,272.7,0
2022-06-30 04:17:10,5,52,20.2,89,11.1,1008.7,1013.6,0.3,0.7,8,272.7,0
2022-06-30 04:22:10,5,52,20.2,89,11.1,1008.6,1013.5,0.7,1,10,272.7,0
2022-06-30 04:27:10,5,52,20.2,89,11.1,1008.6,1013.5,0.7,0.7,10,272.7,0
2022-06-30 04:32:10,5,52,20.2,89,11.1,1008.6,1013.5,0.3,0.7,10,272.7,0
2022-06-30 04:37:10,5,52,20.2,89,11.1,1008.7,1013.6,0.3,0.7,10,272.7,0
2022-06-30 04:42:10,5,52,20.2,89,11.1,1008.6,1013.5,0.3,0.7,10,272.7,0
2022-06-30 04:47:10,5,52,20.2,89,11.2,1008.8,1013.7,0.3,0.7,8,272.7,0
2022-06-30 04:52:10,5,52,20.2,89,11.2,1008.8,1013.7,0.7,0.7,10,272.7,0
2022-06-30 04:57:10,5,52,20.1,89,11.2,1008.7,1013.6,0.3,0.7,8,272.7,0
2022-06-30 05:02:10,5,52,20.1,89,11.2,1008.8,1013.7,0.3,0.7,10,272.7,0
2022-06-30 05:07:10,5,52,20.2,89,11.2,1008.8,1013.7,0.3,0.7,10,272.7,0
2022-06-30 05:12:10,5,53,20.2,89,11.3,1008.9,1013.8,0.7,1.4,10,272.7,0
2022-06-30 05:17:10,5,53,20.1,89,11.3,1008.8,1013.7,0.7,1,10,272.7,0
2022-06-30 05:22:10,5,53,20.1,89,11.4,1009,1013.9,0.3,0.7,10,272.7,0
2022-06-30 05:27:10,5,53,20.2,89,11.4,1009,1013.9,0.7,1,10,272.7,0
2022-06-30 05:32:10,5,53,20.2,89,11.5,1009,1013.9,0.7,1,10,272.7,0
2022-06-30 05:37:10,5,53,20.2,89,11.6,1009,1013.9,0.3,0.7,10,272.7,0
2022-06-30 05:42:10,5,53,20.2,89,11.6,1009,1013.9,0.7,1,10,272.7,0
2022-06-30 05:47:10,5,53,20.2,90,11.7,1009.1,1014,0.3,0.7,10,272.7,0
2022-06-30 05:52:10,5,53,20.2,90,11.7,1009.1,1014,0.7,1,10,272.7,0
2022-06-30 05:57:10,5,53,20.2,90,11.8,1009.1,1014,0.7,1,10,272.7,0
2022-06-30 06:02:10,5,53,20.1,90,11.9,1009,1013.9,0.3,0.7,10,272.7,0
2022-06-30 06:07:10,5,53,20.2,90,12,1009.1,1014,0.3,0.7,10,272.7,0
2022-06-30 06:12:10,5,53,20.2,90,12.1,1009.1,1014,0.3,0.7,10,272.7,0
2022-06-30 06:17:10,5,53,20.2,90,12.2,1009.1,1014,0.3,0.7,10,272.7,0
2022-06-30 06:22:10,5,53,20.2,90,12.2,1009.1,1014,0.3,0.7,10,272.7,0
2022-06-30 06:27:10,5,53,20.2,90,12.4,1009.2,1014.1,0.3,0.7,12,272.7,0
2022-06-30 06:32:10,5,53,20.2,90,12.4,1009.2,1014.1,1,1.4,10,272.7,0
2022-06-30 06:37:10,5,53,20.2,85,12.5,1009.2,1014.1,0.7,1,10,272.7,0
2022-06-30 06:42:10,5,53,20.2,85,12.5,1009.3,1014.2,1,1.4,10,272.7,0
2022-06-30 06:47:10,5,53,20.2,85,12.7,1009.3,1014.2,0.7,1,8,272.7,0
2022-06-30 06:52:10,5,53,20.3,85,12.7,1009.4,1014.3,0.7,1.4,,272.7,0
2022-06-30 06:57:10,5,53,20.3,84,12.7,1009.4,1014.3,0.7,1,,272.7,0
2022-06-30 07:02:10,5,53,20.3,84,12.8,1009.3,1014.2,1,1.7,10,272.7,0
2022-06-30 07:07:10,5,53,20.3,84,12.8,1009.4,1014.3,0.7,1,10,272.7,0
2022-06-30 07:12:10,5,53,20.3,83,12.8,1009.5,1014.4,1,1.7,12,272.7,0
2022-06-30 07:17:10,5,53,20.3,83,13,1009.3,1014.2,0.7,1,,272.7,0
2022-06-30 07:22:10,5,53,20.2,82,13.2,1009.5,1014.4,0.3,0.7,8,272.7,0
2022-06-30 07:27:10,5,53,20.3,81,13.4,1009.5,1014.4,0.3,0.7,,272.7,0
2022-06-30 07:32:10,5,53,20.3,81,13.5,1009.4,1014.3,0.3,1,12,272.7,0
2022-06-30 07:37:10,5,53,20.3,80,13.7,1009.3,1014.2,1,1.4,10,272.7,0
2022-06-30 07:42:10,5,53,20.4,78,13.8,1009.5,1014.4,1,1,14,272.7,0
2022-06-30 07:47:10,5,53,20.4,77,14.1,1009.4,1014.3,1,1.4,10,272.7,0
2022-06-30 07:52:10,5,53,20.4,75,14.3,1009.4,1014.3,1,1.4,10,272.7,0
2022-06-30 07:57:10,5,54,20.5,73,14.4,1009.5,1014.4,0.7,1.4,10,272.7,0
2022-06-30 08:02:10,5,53,20.5,72,14.3,1009.6,1014.5,1,1.4,12,272.7,0
2022-06-30 08:07:10,5,53,20.5,73,14.4,1009.6,1014.5,1,1.4,14,272.7,0
2022-06-30 08:12:10,5,53,20.5,73,14.5,1009.6,1014.5,1.4,1.7,12,272.7,0
2022-06-30 08:17:10,5,52,20.5,73,14.4,1009.6,1014.5,0.7,1,10,272.7,0
2022-06-30 08:22:10,5,52,20.4,73,14.4,1009.6,1014.5,1,1.7,10,272.7,0
2022-06-30 08:27:10,5,52,20.4,73,14.6,1009.7,1014.6,1,1.7,10,272.7,0
2022-06-30 08:32:10,5,52,20.4,72,14.7,1009.7,1014.6,0.7,1.4,10,272.7,0
2022-06-30 08:37:10,5,52,20.4,72,14.9,1009.8,1014.7,1.4,2,10,272.7,0
2022-06-30 08:42:10,5,52,20.4,71,15,1009.6,1014.5,1,1.7,8,272.7,0
2022-06-30 08:47:10,5,52,20.4,71,14.9,1009.5,1014.4,1.4,2.7,10,272.7,0
2022-06-30 08:52:10,5,52,20.4,70,15,1009.8,1014.7,1.4,2,10,272.7,0
2022-06-30 08:57:10,5,52,20.4,69,15.3,1009.4,1014.3,1,1.4,8,272.7,0
2022-06-30 09:02:10,5,52,20.4,70,15.7,1009.6,1014.5,1.4,2,10,272.7,0
2022-06-30 09:07:10,5,52,20.4,69,16.2,1009.6,1014.5,1,1.7,10,272.7,0
2022-06-30 09:12:10,5,52,20.4,67,16.3,1009.6,1014.5,2,2.4,8,272.7,0
2022-06-30 09:17:10,5,52,20.4,66,16.3,1009.7,1014.6,1,1.4,10,272.7,0
2022-06-30 09:22:10,5,52,20.5,65,16,1009.6,1014.5,1,1.4,10,272.7,0
2022-06-30 09:27:10,5,52,20.5,65,16,1009.7,1014.6,1.4,2,10,272.7,0
2022-06-30 09:32:10,5,51,20.5,65,16.3,1009.6,1014.5,1.4,1.7,10,272.7,0
2022-06-30 09:37:10,5,51,20.5,64,17.1,1009.7,1014.6,2,2.4,12,272.7,0
2022-06-30 09:42:10,5,51,20.6,62,16.3,1009.6,1014.5,1.4,1.7,8,272.7,0
2022-06-30 09:47:10,5,51,20.6,61,16.4,1009.5,1014.4,1.7,2.4,8,272.7,0
2022-06-30 09:52:10,5,51,20.7,61,16.8,1009.5,1014.4,1,1.7,14,272.7,0
2022-06-30 09:57:10,5,51,20.7,60,17,1009.5,1014.4,1,1.7,12,272.7,0
2022-06-30 10:02:10,5,51,20.7,60,16.5,1009.6,1014.5,2.4,3.1,12,272.7,0
2022-06-30 10:07:10,5,50,20.8,61,15.9,1009.6,1014.5,1,1.7,10,272.7,0
2022-06-30 10:12:10,5,50,20.8,62,15.8,1009.5,1014.4,1.7,2.7,8,272.7,0
2022-06-30 10:17:10,5,50,20.8,61,16.6,1009.6,1014.5,2.4,3.1,12,272.7,0
2022-06-30 10:22:10,5,50,20.8,62,16,1009.6,1014.5,1.7,2.4,12,272.7,0
2022-06-30 10:27:10,5,50,20.9,64,15.7,1009.6,1014.5,2.4,3.1,14,272.7,0
2022-06-30 10:32:10,5,50,20.9,64,15.4,1009.7,1014.6,1.4,2,12,272.7,0
2022-06-30 10:37:10,5,50,20.9,64,15.5,1009.8,1014.7,1.4,1.7,,272.7,0
2022-06-30 10:42:10,5,49,21,64,15.8,1009.8,1014.7,1.4,1.7,8,272.7,0
2022-06-30 10:47:10,5,49,21,63,16.1,1009.8,1014.7,0.7,1.4,10,272.7,0
2022-06-30 10:52:10,5,49,21,63,16.5,1009.8,1014.7,1.4,2,14,272.7,0
2022-06-30 10:57:10,5,49,21,63,16.9,1009.7,1014.6,1.4,2.7,10,272.7,0
2022-06-30 11:02:10,5,49,21,62,17.2,1009.6,1014.5,2,3.4,10,272.7,0
2022-06-30 11:07:10,5,49,21,55,17.5,1009.5,1014.4,1.4,2,10,272.7,0
2022-06-30 11:12:10,5,49,21,59,16.9,1009.6,1014.5,2,3.1,10,272.7,0
2022-06-30 11:17:10,5,49,21,60,16.2,1009.8,1014.7,1.7,2.4,10,272.7,0
2022-06-30 11:22:10,5,49,21,61,16.3,1009.4,1014.3,1.7,2.7,10,272.7,0
2022-06-30 11:27:10,5,49,21,61,16.7,1009.6,1014.5,2,3.4,10,272.7,0
2022-06-30 11:32:10,5,49,21,59,16.7,1009.5,1014.4,1.7,2.4,10,272.7,0
2022-06-30 11:37:10,5,48,21.1,56,17.5,1009.7,1014.6,2,3.1,10,272.7,0
2022-06-30 11:42:10,5,48,21.1,55,17.7,1009.5,1014.4,2.4,2.7,8,272.7,0
2022-06-30 11:47:10,5,48,21.1,54,17.8,1009.5,1014.4,2,2.7,14,272.7,0
2022-06-30 11:52:10,5,48,21.1,53,17.6,1009.5,1014.4,3.1,3.7,10,272.7,0
2022-06-30 11:57:10,5,48,21.1,56,17.1,1009.4,1014.3,2,2.7,10,272.7,0
2022-06-30 12:02:10,5,47,21.1,53,17.6,1009.4,1014.3,1.7,2.4,12,272.7,0
2022-06-30 12:07:10,5,47,21.1,53,17.5,1009.6,1014.5,1,1.4,12,272.7,0
2022-06-30 12:12:10,5,47,21.1,53,17.7,1009.5,1014.4,1.4,1.7,,272.7,0
2022-06-30 12:17:10,5,47,21.1,52,17.5,1009.5,1014.4,2.4,3.4,8,272.7,0
2022-06-30 12:22:10,5,47,21.1,56,17.9,1009.5,1014.4,2.4,3.4,10,272.7,0
2022-06-30 12:27:10,5,48,21.1,60,17.5,1009.4,1014.3,2.4,3.7,10,272.7,0
2022-06-30 12:32:10,5,48,21.1,63,17.2,1009.5,1014.4,2,2.7,10,272.7,0
2022-06-30 12:37:10,5,49,21,63,17.1,1009.5,1014.4,2.7,3.7,10,272.7,0
2022-06-30 12:42:10,5,49,21.2,63,17.1,1009.5,1014.4,2.4,3.1,10,272.7,0
2022-06-30 12:47:10,5,49,21.2,63,17.2,1009.6,1014.5,2.7,4.8,10,272.7,0
2022-06-30 12:52:10,5,49,21.4,61,17.3,1009.5,1014.4,2.7,4.1,10,272.7,0
2022-06-30 12:57:10,5,49,21.4,63,17.2,1009.5,1014.4,1.4,1.7,10,272.7,0
2022-06-30 13:02:10,5,49,21.4,61,17.8,1009.5,1014.4,2.4,3.4,10,272.7,0
2022-06-30 13:07:10,5,49,21.4,57,17.5,1009.7,1014.6,2.7,3.4,14,272.7,0
2022-06-30 13:12:10,5,49,21.5,60,17.4,1009.4,1014.3,2.4,3.4,10,272.7,0
2022-06-30 13:17:10,5,49,21.5,59,17.3,1009.5,1014.4,2.4,3.7,12,272.7,0
2022-06-30 13:22:10,5,49,21.5,60,17.2,1009.5,1014.4,2,2.7,10,272.7,0
2022-06-30 13:27:10,5,49,21.6,56,17.8,1009.6,1014.5,2,2.7,9,272.7,0
2022-06-30 13:32:10,5,50,21.8,54,17.5,1009.6,1014.5,2.4,3.1,10,272.7,0
2022-06-30 13:37:10,5,49,21.9,57,17.8,1009.7,1014.6,3.1,4.1,10,272.7,0
2022-06-30 13:42:10,5,49,21.9,57,17.5,1009.7,1014.6,2,4.1,10,272.7,0
2022-06-30 13:47:10,5,48,22,60,17.6,1009.5,1014.4,1.7,3.4,8,272.7,0
2022-06-30 13:52:10,5,48,22,60,17.8,1009.6,1014.5,2.7,4.4,10,272.7,0
2022-06-30 13:57:10,5,48,22.1,62,17.4,1009.6,1014.5,1.7,3.1,10,272.7,0
2022-06-30 14:02:10,5,48,22.2,62,17.3,1009.5,1014.4,2,2.7,8,272.7,0
2022-06-30 14:07:10,5,48,22.2,58,18,1009.7,1014.6,2.4,3.1,8,272.7,0
2022-06-30 14:12:10,5,48,22.3,56,18.1,1009.6,1014.5,2,2.7,10,272.7,0
2022-06-30 14:17:10,5,48,22.4,54,17.7,1009.9,1014.8,2.4,4.1,10,272.7,0
2022-06-30 14:22:10,5,48,22.4,57,17.9,1010,1014.9,2,3.1,,272.7,0
2022-06-30 14:27:10,5,48,22.4,56,18.1,1009.9,1014.8,1.4,2,10,272.7,0
2022-06-30 14:32:10,5,47,22.5,55,17.9,1009.6,1014.5,2,3.4,8,272.7,0
2022-06-30 14:37:10,5,47,22.5,60,17.3,1009.8,1014.7,2,2.4,10,272.7,0
2022-06-30 14:42:10,5,47,22.5,61,17.2,1009.9,1014.8,2.4,3.1,8,272.7,0
2022-06-30 14:47:10,5,47,22.5,60,16.9,1009.8,1014.7,3.4,4.4,10,272.7,0
2022-06-30 14:52:10,5,46,22.5,61,16.9,1010,1014.9,1.4,2,8,272.7,0
2022-06-30 14:57:10,5,46,22.5,61,17.3,1009.8,1014.7,3.1,3.7,,272.7,0
2022-06-30 15:02:10,5,46,22.5,61,17.3,1010,1014.9,2.4,3.1,10,272.7,0
2022-06-30 15:07:10,5,46,22.6,60,17,1009.9,1014.8,2.4,3.7,10,272.7,0
2022-06-30 15:12:10,5,46,22.6,61,16.8,1010,1014.9,2,3.4,14,272.7,0
2022-06-30 15:17:10,5,46,22.6,63,16.7,1010.1,1015,1.7,2.4,9,272.7,0
2022-06-30 15:22:10,5,46,22.6,66,16.6,1010.1,1015,3.1,4.1,10,272.7,0
2022-06-30 15:27:10,5,46,22.6,66,16.5,1010,1014.9,1.4,2,10,272.7,0
2022-06-30 15:32:10,5,47,22.6,66,16.6,1010.2,1015.1,2.7,3.4,10,272.7,0
2022-06-30 15:37:10,5,47,22.5,64,16.5,1010.1,1015,1,1.7,12,272.7,0
2022-06-30 15:42:10,5,47,22.5,63,16.3,1010,1014.9,2.4,4.1,8,272.7,0
2022-06-30 15:47:10,5,47,22.5,63,16,1010.2,1015.1,2.4,3.1,10,272.7,0
2022-06-30 15:52:10,5,46,22.5,65,15.9,1010.2,1015.1,2.7,4.4,8,272.7,0
2022-06-30 15:57:10,5,46,22.5,67,15.7,1010.2,1015.1,2.4,3.4,8,272.7,0
2022-06-30 16:02:10,5,47,22.5,69,15.8,1010.2,1015.1,3.4,4.4,10,272.7,0
2022-06-30 16:07:10,5,47,22.4,70,15.9,1010.1,1015,1.7,2.4,9,272.7,0
2022-06-30 16:12:10,5,47,22.3,70,16.4,1010.2,1015.1,3.7,4.4,10,272.7,0
2022-06-30 16:17:10,5,48,22.4,70,16.8,1010.1,1015,2.4,3.4,8,272.7,0
2022-06-30 16:22:10,5,48,22.4,69,16.3,1010.2,1015.1,1.7,2.4,8,272.7,0
2022-06-30 16:27:10,5,48,22.3,70,15.7,1010.5,1015.4,2,3.1,14,272.7,0
2022-06-30 16:32:10,5,48,22.3,71,15.6,1010.3,1015.2,2.4,3.1,15,272.7,0
2022-06-30 16:37:10,5,48,22.2,71,15.6,1010.2,1015.1,2.7,3.4,12,272.7,0
2022-06-30 16:42:10,5,48,22.2,71,15.5,1010.3,1015.2,1.7,2.4,10,272.7,0
2022-06-30 16:47:10,5,48,22.1,71,15.6,1010.2,1015.1,1.4,2,10,272.7,0
2022-06-30 16:52:10,5,48,22,71,15.5,1010.2,1015.1,1.4,1.7,12,272.7,0
2022-06-30 16:57:10,5,48,22,70,15.5,1010.2,1015.1,2.7,3.4,12,272.7,0
2022-06-30 17:02:10,5,49,21.9,70,15.7,1010.2,1015.1,1.4,2.7,10,272.7,0
2022-06-30 17:07:10,5,49,21.9,70,15.8,1010.2,1015.1,1.7,2.4,,272.7,0
2022-06-30 17:12:10,5,49,21.8,70,15.7,1010.3,1015.2,1.7,2,10,272.7,0
2022-06-30 17:17:10,5,49,21.8,70,15.6,1010.3,1015.2,2.4,3.4,8,272.7,0
2022-06-30 17:22:10,5,49,21.7,70,15.3,1010.3,1015.2,2,3.1,10,272.7,0
2022-06-30 17:27:10,5,49,21.6,70,15.1,1010.3,1015.2,2,2.7,10,272.7,0
2022-06-30 17:32:10,5,49,21.6,71,15.1,1010.4,1015.3,2,3.4,10,272.7,0
2022-06-30 17:37:10,5,49,21.5,70,15,1010.3,1015.2,2,2.7,10,272.7,0
2022-06-30 17:42:10,5,49,21.5,70,15.1,1010.4,1015.3,2.4,3.4,10,272.7,0
2022-06-30 17:47:10,5,49,21.5,70,15.1,1010.4,1015.3,2,2.7,10,272.7,0
2022-06-30 17:52:10,5,49,21.4,70,15.2,1010.4,1015.3,2,3.1,10,272.7,0
2022-06-30 17:57:10,5,49,21.4,71,15.4,1010.4,1015.3,1.4,2,10,272.7,0
2022-06-30 18:02:10,5,49,21.5,70,15.4,1010.7,1015.6,1.4,2,10,272.7,0
2022-06-30 18:07:10,5,49,21.5,70,15,1010.8,1015.7,2.4,3.4,8,272.7,0
2022-06-30 18:12:10,5,49,21.5,71,14.7,1010.8,1015.7,2,3.1,10,272.7,0
2022-06-30 18:17:10,5,49,21.5,72,14.5,1010.8,1015.7,1.4,1.7,8,272.7,0
2022-06-30 18:22:10,5,49,21.4,73,14.5,1010.8,1015.7,1.4,2,8,272.7,0
2022-06-30 18:27:10,5,50,21.4,74,14.5,1010.7,1015.6,2.4,3.4,10,272.7,0
2022-06-30 18:32:09,5,50,21.4,74,14.5,1010.3,1015.2,2,2.7,10,272.7,0
2022-06-30 18:37:09,5,50,21.4,75,14.7,1010.6,1015.5,2,3.1,8,272.7,0
2022-06-30 18:42:09,5,50,21.5,75,14.6,1010.7,1015.6,2.7,3.7,10,272.7,0
2022-06-30 18:47:09,5,50,21.5,75,14.6,1010.7,1015.6,2.7,3.7,10,272.7,0
2022-06-30 18:52:09,5,50,21.5,75,14.4,1010.7,1015.6,2.4,4.1,12,272.7,0
2022-06-30 18:57:09,5,50,21.4,75,14.1,1010.8,1015.7,1.7,2,8,272.7,0
2022-06-30 19:02:09,5,50,21.4,76,14.1,1010.6,1015.5,2.7,3.7,10,272.7,0
2022-06-30 19:07:09,5,51,21.4,75,14.1,1010.9,1015.8,1.4,2,10,272.7,0
2022-06-30 19:12:09,5,51,21.2,76,14,1011,1015.9,1.4,1.7,10,272.7,0
2022-06-30 19:17:09,5,51,21.1,76,14.2,1010.8,1015.7,2.4,3.4,10,272.7,0
2022-06-30 19:22:09,5,51,21.1,76,14.4,1011,1015.9,2,3.1,10,272.7,0
2022-06-30 19:27:09,5,51,21.1,75,14.6,1011.1,1016,1.4,1.7,8,272.7,0
2022-06-30 19:32:09,5,51,21.1,75,14.3,1011,1015.9,2.7,3.1,8,272.7,0
2022-06-30 19:37:09,5,51,21,76,14,1011.1,1016,2,2.4,8,272.7,0
2022-06-30 19:42:09,5,51,21,76,13.8,1011.1,1016,1.4,1.7,12,272.7,0
2022-06-30 19:47:09,5,52,20.9,77,13.7,1011.2,1016.1,2.7,3.4,10,272.7,0
2022-06-30 19:52:09,5,52,20.9,77,13.5,1011.3,1016.2,1.7,2.4,10,272.7,0
2022-06-30 19:57:09,5,52,20.8,78,13.4,1011.4,1016.3,1.7,2.4,10,272.7,0
2022-06-30 20:02:09,5,52,20.7,79,13.4,1011.4,1016.3,1.4,2,10,272.7,0
2022-06-30 20:07:09,5,53,20.7,80,13.3,1011.3,1016.2,2,2.4,10,272.7,0
2022-06-30 20:12:09,5,53,20.6,80,13.3,1011.4,1016.3,1,1.7,8,272.7,0
2022-06-30 20:17:09,5,53,20.6,80,13.3,1011.4,1016.3,1,1.7,8,272.7,0
2022-06-30 20:22:09,5,53,20.6,,,1011.6,1016.5,,,,272.7,64
2022-06-30 20:27:09,5,53,20.5,81,13.2,1011.4,1016.3,1,1.4,,272.7,0
2022-06-30 20:32:09,5,53,20.5,81,13.1,1011.6,1016.5,1.4,2,0,273,0
2022-06-30 20:37:09,5,53,20.5,82,13,1011.6,1016.5,1,1.4,9,273,0
2022-06-30 20:42:09,5,54,20.5,82,13,1011.7,1016.6,1.4,2,10,273,0
2022-06-30 20:47:09,5,54,20.5,82,12.9,1011.7,1016.6,1,1.7,10,273,0
2022-06-30 20:52:09,5,54,20.5,83,12.9,1011.7,1016.6,1,1.4,8,273,0
2022-06-30 20:57:09,5,54,20.5,83,12.8,1011.9,1016.8,1,1.7,12,273,0
2022-06-30 21:02:09,5,55,20.5,83,12.8,1011.9,1016.8,1.4,2,10,273,0
2022-06-30 21:07:09,5,55,20.5,83,12.8,1011.9,1016.8,1,1.4,8,273,0
2022-06-30 21:12:09,5,55,20.5,84,12.7,1012.1,1017,1.4,1.7,10,273,0
2022-06-30 21:17:09,5,55,20.5,84,12.7,1012.1,1017,0.7,1.4,10,273,0
2022-06-30 21:22:09,5,55,20.5,84,12.7,1012.1,1017,1,1.4,12,273,0
2022-06-30 21:27:09,5,56,20.6,84,12.7,1012,1016.9,1,1.4,10,273,0
2022-06-30 21:32:09,5,56,20.6,84,12.6,1012.1,1017,0.7,1,10,273,0
2022-06-30 21:37:09,5,56,20.6,84,12.6,1012,1016.9,0.7,1,10,273,0
2022-06-30 21:42:09,5,56,20.6,85,12.6,1012,1016.9,1,1.7,10,273,0
2022-06-30 21:47:09,5,56,20.6,85,12.6,1012,1016.9,0.7,1,10,273,0
2022-06-30 21:52:09,5,56,20.6,85,12.6,1012,1016.9,0.7,1,10,273,0
2022-06-30 21:57:09,5,56,20.6,85,12.5,1012,1016.9,1,1.4,10,273,0
2022-06-30 22:02:09,5,56,20.6,85,12.5,1012.2,1017.1,0.7,1,10,273,0
2022-06-30 22:07:09,5,56,20.6,85,12.5,1012.2,1017.1,1,1.4,8,273,0
2022-06-30 22:12:09,5,56,20.6,85,12.5,1012.2,1017.1,1,1.7,10,273,0
2022-06-30 22:17:09,5,56,20.6,85,12.5,1012.3,1017.2,1,1.4,10,273,0
2022-06-30 22:22:09,5,56,20.5,85,12.5,1012.1,1017,0.7,1,9,273,0
2022-06-30 22:27:09,5,57,20.6,85,12.6,1012.2,1017.1,0.7,1.4,10,273,0
2022-06-30 22:32:09,5,57,20.5,85,12.6,1012.2,1017.1,1,1.4,10,273,0
2022-06-30 22:37:09,5,57,20.6,85,12.6,1012.4,1017.3,0.7,1,10,273,0
2022-06-30 22:42:09,5,57,20.6,85,12.5,1012.4,1017.3,0.7,1,10,273,0
2022-06-30 22:47:09,5,57,20.5,85,12.5,1012.4,1017.3,0.3,0.7,10,273,0
2022-06-30 22:52:09,5,57,20.6,85,12.5,1012.3,1017.2,0.7,1,10,273,0
2022-06-30 22:57:09,5,57,20.6,85,12.5,1012.2,1017.1,0.3,0.7,10,273,0
2022-06-30 23:02:09,5,57,20.6,85,12.5,1012.3,1017.2,0.7,1,10,273,0
2022-06-30 23:07:09,5,57,20.6,85,12.5,1012.2,1017.1,0.3,0.7,10,273,0
2022-06-30 23:12:09,5,57,20.6,85,12.5,1012.1,1017,0.3,0.7,10,273,0
2022-06-30 23:17:09,5,57,20.6,90,12.4,1012.1,1017,0.7,1.4,8,273,0
2022-06-30 23:22:09,5,57,20.6,90,12.4,1012.1,1017,1,1.4,10,273,0
2022-06-30 23:27:09,5,57,20.6,90,12.3,1012.2,1017.1,0.7,1,10,273,0
2022-06-30 23:32:09,5,57,20.6,90,12.3,1012.2,1017.1,0.7,1,10,273,0
2022-06-30 23:37:09,5,57,20.6,90,12.2,1012.2,1017.1,1,1.4,8,273,0
2022-06-30 23:42:09,5,57,20.6,90,12.2,1012.1,1017,0.7,1.4,8,273,0
2022-06-30 23:47:09,5,57,20.6,90,12.1,1012.1,1017,1,1,12,273,0
2022-06-30 23:52:09,5,57,20.6,90,12.1,1012.2,1017.1,0.7,1,10,273,0
2022-06-30 23:57:09,5,57,20.5,90,12.1,1012.1,1017,1,1.4,10,273,0
