2022-06-07 00:02:15,5,60,19.8,90,13,1012,1016.9,1.7,2.4,4,187.2,0
2022-06-07 00:07:15,5,60,19.8,90,13,1011.8,1016.7,1.4,1.7,4,187.2,0
2022-06-07 00:12:16,5,60,19.8,91,13,1012,1016.9,2,2.7,4,187.2,0
2022-06-07 00:17:16,5,60,19.8,91,13,1011.9,1016.8,1.7,2.4,4,187.2,0
2022-06-07 00:22:16,5,60,19.8,91,13,1011.8,1016.7,1.4,2,4,187.2,0
2022-06-07 00:27:16,5,60,19.8,91,13,1011.8,1016.7,1.7,2,2,187.2,0
2022-06-07 00:32:16,5,60,19.8,91,13,1011.7,1016.6,1,1.7,4,187.2,0
2022-06-07 00:37:16,5,60,19.8,91,13,1011.8,1016.7,1.4,1.7,2,187.2,0
2022-06-07 00:42:16,5,60,19.8,91,13,1011.6,1016.5,1.4,2,4,187.2,0
2022-06-07 00:47:16,5,60,19.8,91,13,1011.6,1016.5,1.7,2.4,4,187.2,0
2022-06-07 00:52:16,5,60,19.8,91,13,1011.7,1016.6,1.4,2,4,187.2,0
2022-06-07 00:57:16,5,60,19.8,91,13,1011.5,1016.4,2.7,3.4,,187.2,0
2022-06-07 01:02:16,5,60,19.8,91,13,1011.5,1016.4,2.4,3.1,4,187.2,0
2022-06-07 01:07:16,5,60,19.8,91,13.1,1011.3,1016.2,2,2.7,4,187.2,0
2022-06-07 01:12:16,5,60,19.8,90,13.1,1011.4,1016.3,2.4,3.1,4,187.2,0
2022-06-07 01:17:16,5,60,19.8,90,13.1,1011.2,1016.1,3.1,4.1,,187.2,0
2022-06-07 01:22:16,5,60,19.8,90,13.1,1011.3,1016.2,2.7,3.4,4,187.2,0
2022-06-07 01:27:16,5,60,19.8,90,13.1,1011.2,1016.1,2.4,3.4,4,187.2,0
2022-06-07 01:32:16,5,60,19.8,90,13.1,1011.2,1016.1,2,3.4,,187.2,0
2022-06-07 01:37:16,5,60,19.8,90,13.1,1011.2,1016.1,2,2.4,4,187.2,0
2022-06-07 01:42:16,5,60,19.8,90,13,1011.2,1016.1,2.7,3.7,4,187.2,0
2022-06-07 01:47:16,5,60,19.8,90,13,1011,1015.9,2,3.1,4,187.2,0
2022-06-07 01:52:16,5,60,19.8,90,13,1011,1015.9,2,2.7,4,187.2,0
2022-06-07 01:57:16,5,60,19.8,90,13,1011.1,1016,2,2.7,,187.2,0
2022-06-07 02:02:16,5,60,19.7,90,13,1011,1015.9,2,2.7,4,187.2,0
2022-06-07 02:07:16,5,60,19.7,90,12.9,1010.8,1015.7,2.7,3.4,4,187.2,0
2022-06-07 02:12:16,5,60,19.8,90,12.9,1010.8,1015.7,2.4,3.4,4,187.2,0
2022-06-07 02:17:16,5,60,19.7,90,12.9,1010.6,1015.5,2,2.7,4,187.2,0
2022-06-07 02:22:16,5,60,19.8,90,12.9,1010.7,1015.6,2,2.4,4,187.2,0
2022-06-07 02:27:16,5,60,19.7,90,12.9,1010.8,1015.7,1.7,2.4,4,187.2,0
2022-06-07 02:32:16,5,60,19.7,90,12.9,1010.7,1015.6,1.7,2,4,187.2,0
2022-06-07 02:37:16,5,60,19.7,90,12.9,1010.6,1015.5,2,2.7,4,187.2,0
2022-06-07 02:42:16,5,60,19.7,90,12.9,1010.5,1015.4,2,2.4,4,187.2,0
2022-06-07 02:47:16,5,60,19.7,90,12.9,1010.6,1015.5,1,1.7,4,187.2,0
2022-06-07 02:52:16,5,60,19.7,90,12.9,1010.6,1015.5,1.4,1.7,4,187.2,0
2022-06-07 02:57:16,5,60,19.7,90,12.9,1010.5,1015.4,1.4,1.7,4,187.2,0
2022-06-07 03:02:16,5,60,19.7,90,12.8,1010.5,1015.4,1,1.4,4,187.2,0
2022-06-07 03:07:16,5,60,19.7,90,12.8,1010.5,1015.4,1,1.7,4,187.2,0
2022-06-07 03:12:16,5,60,19.7,90,12.8,1010.3,1015.2,1.4,2,4,187.2,0
2022-06-07 03:17:16,5,60,19.7,90,12.8,1010.2,1015.1,1.7,2.4,4,187.2,0
2022-06-07 03:22:16,5,60,19.7,90,12.8,1010.2,1015.1,1.4,2,4,187.2,0
2022-06-07 03:27:16,5,60,19.7,90,12.8,1010.3,1015.2,1,1.4,4,187.2,0
2022-06-07 03:32:16,5,60,19.7,90,12.8,1010.3,1015.2,1.4,1.7,4,187.2,0
2022-06-07 03:37:16,5,60,19.7,90,12.7,1010.1,1015,0.7,1.4,4,187.2,0
2022-06-07 03:42:16,5,60,19.7,90,12.7,1010.2,1015.1,1.4,1.7,4,187.2,0
2022-06-07 03:47:16,5,60,19.7,90,12.7,1010.2,1015.1,1.4,1.7,4,187.2,0
2022-06-07 03:52:16,5,60,19.7,91,12.7,1010.1,1015,1,1.4,4,187.2,0
2022-06-07 03:57:16,5,60,19.7,91,12.7,1010.1,1015,0.7,1,4,187.2,0
2022-06-07 04:02:16,5,60,19.7,91,12.7,1010.1,1015,0.3,0.7,4,187.2,0
2022-06-07 04:07:16,5,60,19.7,91,12.7,1010.2,1015.1,0.7,1,4,187.2,0
2022-06-07 04:12:16,5,60,19.7,91,12.7,1010.1,1015,0,0,4,187.2,0
2022-06-07 04:17:16,5,60,19.7,91,12.7,1010.3,1015.2,0.7,1.4,4,187.2,0
2022-06-07 04:22:16,5,60,19.7,91,12.7,1010.2,1015.1,1,1.4,4,187.2,0
2022-06-07 04:27:16,5,60,19.7,91,12.7,1010.1,1015,0.7,1,4,187.2,0
2022-06-07 04:32:16,5,59,19.7,91,12.7,1010.3,1015.2,0.3,0.7,4,187.2,0
2022-06-07 04:37:16,5,59,19.7,91,12.7,1010.3,1015.2,1,1.7,,187.2,0
2022-06-07 04:42:16,5,59,19.7,91,12.7,1010.4,1015.3,0.3,0.7,4,187.2,0
2022-06-07 04:47:16,5,59,19.6,91,12.8,1010.4,1015.3,0.3,0.7,4,187.2,0
2022-06-07 04:52:16,5,59,19.7,91,12.8,1010.2,1015.1,0.3,1,4,187.2,0
2022-06-07 04:57:16,5,59,19.7,91,12.8,1010.3,1015.2,0,0.3,2,187.2,0
2022-06-07 05:02:16,5,59,19.6,91,12.8,1010.3,1015.2,0.3,0.7,4,187.2,0
2022-06-07 05:07:16,5,59,19.6,91,12.8,1010.3,1015.2,0.7,1,4,187.2,0
2022-06-07 05:12:16,5,59,19.6,91,12.8,1010.3,1015.2,0.3,0.7,4,187.2,0
2022-06-07 05:17:16,5,59,19.6,91,12.8,1010.3,1015.2,0.3,0.7,4,187.2,0
2022-06-07 05:22:16,5,59,19.6,91,12.8,1010.2,1015.1,0.3,1,4,187.2,0
2022-06-07 05:27:16,5,59,19.7,91,12.9,1010.1,1015,0.3,0.7,2,187.2,0
2022-06-07 05:32:16,5,59,19.7,91,12.9,1010,1014.9,0.7,1.4,0,187.2,0
2022-06-07 05:37:16,5,59,19.6,91,12.9,1009.9,1014.8,1,1.4,2,187.2,0
2022-06-07 05:42:16,5,59,19.6,91,12.9,1010,1014.9,0.7,1,4,187.2,0
2022-06-07 05:47:16,5,59,19.6,91,12.9,1009.8,1014.7,0.7,1,4,187.2,0
2022-06-07 05:52:16,5,59,19.7,91,13,1009.9,1014.8,0.7,1.4,4,187.2,0
2022-06-07 05:57:16,5,59,19.7,91,13.1,1009.9,1014.8,0.7,1,4,187.2,0
2022-06-07 06:02:16,5,59,19.7,91,13.2,1009.9,1014.8,0.7,1,4,187.2,0
2022-06-07 06:07:16,5,59,19.7,91,13.3,1010,1014.9,0,0.3,4,187.2,0
2022-06-07 06:12:16,5,59,19.7,91,13.4,1010,1014.9,0.3,0.7,2,187.2,0
2022-06-07 06:17:16,5,59,19.7,91,13.5,1009.9,1014.8,0,0,2,187.2,0
2022-06-07 06:22:16,5,59,19.7,91,13.7,1009.9,1014.8,0,0.3,8,187.2,0
2022-06-07 06:27:16,5,59,19.7,91,13.9,1009.9,1014.8,0,0,8,187.2,0
2022-06-07 06:32:16,5,59,19.6,90,14.1,1010,1014.9,0,0.3,8,187.2,0
2022-06-07 06:37:16,5,59,19.7,90,14.2,1010,1014.9,0,0.3,4,187.2,0
2022-06-07 06:42:16,5,59,19.7,90,14.4,1009.9,1014.8,0,0.3,4,187.2,0
2022-06-07 06:47:16,5,59,19.7,90,14.5,1009.8,1014.7,0.3,0.7,4,187.2,0
2022-06-07 06:52:16,5,59,19.7,89,14.4,1009.9,1014.8,0.7,1,8,187.2,0
2022-06-07 06:57:16,5,59,19.7,87,14.5,1009.8,1014.7,1,1.4,4,187.2,0
2022-06-07 07:02:16,5,59,19.7,85,14.4,1009.8,1014.7,0,0.3,4,187.2,0
2022-06-07 07:07:16,5,59,19.7,85,14.4,1009.8,1014.7,1.7,2,4,187.2,0
2022-06-07 07:12:16,5,59,19.8,83,14.4,1009.8,1014.7,1.7,2,4,187.2,0
2022-06-07 07:17:16,5,59,19.8,82,14.4,1009.9,1014.8,1.7,2.7,4,187.2,0
2022-06-07 07:22:16,5,59,19.8,82,14.3,1009.8,1014.7,1.7,2.4,4,187.2,0
2022-06-07 07:27:16,5,59,19.8,82,14.4,1009.8,1014.7,1.4,1.7,,187.2,0
2022-06-07 07:32:16,5,59,19.8,82,14.5,1009.8,1014.7,1.7,2.4,4,187.2,0
2022-06-07 07:37:16,5,59,19.8,81,14.6,1009.8,1014.7,2,2.4,,187.2,0
2022-06-07 07:42:16,5,59,19.9,81,14.7,1009.8,1014.7,2,2.7,2,187.2,0
2022-06-07 07:47:16,5,59,19.9,81,14.9,1009.8,1014.7,0.7,0.7,,187.2,0
2022-06-07 07:52:16,5,59,19.9,80,15,1009.9,1014.8,1.4,2,4,187.2,0
2022-06-07 07:57:16,5,59,19.9,80,15.1,1009.9,1014.8,1,1.4,4,187.2,0
2022-06-07 08:02:16,5,59,19.9,79,15.1,1009.7,1014.6,0.3,1,10,187.2,0
2022-06-07 08:07:16,5,58,20,80,15.9,1009.4,1014.3,1,1.4,10,187.2,0
2022-06-07 08:12:16,5,59,20,78,17.2,1009.5,1014.4,0.3,0.7,10,187.2,0
2022-06-07 08:17:16,5,59,20,71,18.2,1009.4,1014.3,1,1.4,12,187.2,0
2022-06-07 08:22:16,5,59,20,67,18.9,1009.4,1014.3,3.7,4.8,4,187.2,0
2022-06-07 08:27:16,5,60,20.1,64,17.7,1009.2,1014.1,2.7,3.4,4,187.2,0
2022-06-07 08:32:16,5,60,20.1,70,17.1,1009.2,1014.1,2.7,3.4,4,187.2,0
2022-06-07 08:37:16,5,60,20.1,70,16.4,1009.2,1014.1,1.7,2.4,,187.2,0
2022-06-07 08:42:16,5,60,20.1,71,16,1009,1013.9,2.4,3.1,2,187.2,0
2022-06-07 08:47:16,5,60,20.2,73,16,1008.8,1013.7,1.7,2,4,187.2,0
2022-06-07 08:52:16,5,60,20.3,73,16.5,1008.7,1013.6,1.4,2,4,187.2,0
2022-06-07 08:57:16,5,60,20.3,73,17,1008.4,1013.3,2.7,3.4,2,187.2,0
2022-06-07 09:02:16,5,60,20.4,70,17.8,1008.5,1013.4,3.1,3.7,0,187.2,0
2022-06-07 09:07:16,5,60,20.5,67,17.5,1008.3,1013.2,3.1,3.7,4,187.2,0
2022-06-07 09:12:16,5,60,20.5,70,17.6,1008.2,1013.1,2.4,3.1,0,187.2,0
2022-06-07 09:17:16,5,60,20.5,66,17.6,1008.4,1013.3,1.4,3.1,4,187.2,0
2022-06-07 09:22:16,5,60,20.6,67,17.7,1008.3,1013.2,3.1,4.4,2,187.2,0
2022-06-07 09:27:16,5,60,20.6,65,17.7,1008.3,1013.2,3.4,4.1,4,187.2,0
2022-06-07 09:32:16,5,60,20.6,69,17.4,1008.1,1013,4.1,5.1,4,187.2,0
2022-06-07 09:37:16,5,59,20.7,68,17.7,1007.9,1012.8,2.7,3.1,4,187.2,0
2022-06-07 09:42:16,5,59,20.7,66,17.5,1007.9,1012.8,2.7,4.1,,187.2,0
2022-06-07 09:47:16,5,59,20.7,65,17.6,1008,1012.9,3.4,5.4,4,187.2,0
2022-06-07 09:52:16,5,59,20.7,66,17.7,1007.9,1012.8,3.4,5.4,4,187.2,0
2022-06-07 09:57:16,5,59,20.7,65,17.7,1007.9,1012.8,4.4,5.4,2,187.2,0
2022-06-07 10:02:16,5,59,20.7,65,18,1007.8,1012.7,3.7,4.8,4,187.2,0
2022-06-07 10:07:16,5,59,20.7,63,18,1007.8,1012.7,4.1,5.1,4,187.2,0
2022-06-07 10:12:16,5,59,20.8,63,18.1,1007.7,1012.6,4.1,4.8,4,187.2,0
2022-06-07 10:17:16,5,58,20.8,61,18.2,1007.7,1012.6,5.1,6.5,,187.2,0
2022-06-07 10:22:16,5,58,20.9,62,18.1,1007.6,1012.5,3.4,4.1,2,187.2,0
2022-06-07 10:27:16,5,58,20.9,62,17.5,1007.6,1012.5,2.4,4.1,10,187.2,0
2022-06-07 10:32:16,5,56,21,62,17.7,1007.5,1012.4,3.1,4.1,4,187.2,0
2022-06-07 10:37:16,5,56,21,63,18,1007.6,1012.5,4.1,5.1,4,187.2,0
2022-06-07 10:42:16,5,56,21,62,17.7,1007.5,1012.4,3.1,4.4,2,187.2,0
2022-06-07 10:47:16,5,56,21,65,17.3,1007.5,1012.4,3.7,4.8,,187.2,0
2022-06-07 10:52:16,5,55,21,66,17.3,1007.4,1012.3,3.1,3.7,2,187.2,0
2022-06-07 10:57:16,5,55,21,63,17.5,1007.4,1012.3,2.4,2.7,4,187.2,0
2022-06-07 11:02:16,5,55,21.1,63,18,1007.3,1012.2,1.4,2,4,187.2,0
2022-06-07 11:07:16,5,55,21.1,62,18.3,1007.3,1012.2,1.4,2,,187.2,0
2022-06-07 11:12:16,5,55,21.1,61,18.4,1007,1011.9,3.1,4.1,4,187.2,0
2022-06-07 11:17:16,5,55,21.1,61,18.7,1006.9,1011.8,4.8,6.5,,187.2,0
2022-06-07 11:22:16,5,55,21.1,60,18.2,1006.9,1011.8,4.4,5.8,2,187.2,0
2022-06-07 11:27:16,5,55,21.1,61,17.8,1006.7,1011.6,3.1,4.8,4,187.2,0
2022-06-07 11:32:16,5,54,21.1,65,17.4,1006.7,1011.6,5.4,7.1,4,187.2,0
2022-06-07 11:37:16,5,54,21.1,62,18,1006.4,1011.3,4.4,5.4,4,187.2,0
2022-06-07 11:42:16,5,54,21.2,62,18.3,1006.6,1011.5,4.8,5.8,4,187.2,0
2022-06-07 11:47:16,5,54,21.1,62,17.6,1006.5,1011.4,4.1,5.8,4,187.2,0
2022-06-07 11:52:16,5,53,21.1,62,17.7,1006.4,1011.3,4.4,5.8,4,187.2,0
2022-06-07 11:57:16,5,53,21.1,62,17.6,1006.3,1011.2,4.4,5.1,4,187.2,0
2022-06-07 12:02:16,5,53,21.1,62,17.6,1006.3,1011.2,4.4,5.8,4,187.2,0
2022-06-07 12:07:16,5,54,21.1,63,17.8,1006.1,1011,3.4,4.4,4,187.2,0
2022-06-07 12:12:16,5,54,21.1,63,18,1006,1010.9,3.7,4.4,4,187.2,0
2022-06-07 12:17:16,5,54,21.1,62,17.9,1005.8,1010.7,4.1,5.4,4,187.2,0
2022-06-07 12:22:16,5,54,21.1,61,18.4,1005.7,1010.6,4.1,5.4,4,187.2,0
2022-06-07 12:27:16,5,54,21.1,60,18.2,1005.7,1010.6,5.1,5.8,4,187.2,0
2022-06-07 12:32:16,5,54,21.1,61,18.2,1005.5,1010.4,4.8,5.8,4,187.2,0
2022-06-07 12:37:16,5,54,21.1,60,18,1005.5,1010.4,4.4,5.8,4,187.2,0
2022-06-07 12:42:16,5,55,21.1,61,18.2,1005.5,1010.4,3.7,5.4,2,187.2,0
2022-06-07 12:47:16,5,55,21.1,61,18.3,1005.1,1010,2.7,3.4,,187.2,0
2022-06-07 12:52:16,5,55,21.1,60,18.8,1005.2,1010.1,4.8,6.5,,187.2,0
2022-06-07 12:57:16,5,55,21.1,60,18.9,1005.2,1010.1,4.4,5.8,4,187.2,0
2022-06-07 13:02:16,5,55,21.4,60,18.9,1005.1,1010,4.4,5.1,4,187.2,0
2022-06-07 13:07:16,5,56,21.4,60,18.9,1004.9,1009.8,3.1,4.4,4,187.2,0
2022-06-07 13:12:16,5,56,21.5,59,18.8,1005,1009.9,4.1,5.4,4,187.2,0
2022-06-07 13:17:16,5,56,21.5,60,18.7,1004.9,1009.8,3.4,4.8,2,187.2,0
2022-06-07 13:22:16,5,56,21.6,58,18.5,1004.9,1009.8,5.4,6.5,2,187.2,0
2022-06-07 13:27:16,5,57,21.8,58,18.5,1004.7,1009.6,5.4,6.5,2,187.2,0
2022-06-07 13:32:16,5,57,21.8,59,18.3,1004.6,1009.5,3.1,3.7,2,187.2,0
2022-06-07 13:37:16,5,57,21.9,59,18.3,1004.6,1009.5,3.1,3.7,2,187.2,0
2022-06-07 13:42:16,5,57,21.9,59,18.7,1004.5,1009.4,4.4,5.4,12,187.2,0
2022-06-07 13:47:16,5,56,22,59,18.7,1004.3,1009.2,3.1,4.1,4,187.2,0
2022-06-07 13:52:16,5,56,22,59,18.7,1004.3,1009.2,3.1,4.1,4,187.2,0
2022-06-07 13:57:16,5,56,22.1,55,18.8,1004.2,1009.1,5.8,6.8,4,187.2,0
2022-06-07 14:02:16,5,56,22.1,55,18.8,1004,1008.9,5.8,6.8,4,187.2,0
2022-06-07 14:07:16,5,56,22.2,55,18.8,1004,1008.9,5.8,6.8,4,187.2,0
2022-06-07 14:12:16,5,56,22.2,,,1003.9,1008.8,,,,187.2,64
2022-06-07 14:17:16,5,55,22.3,,,1003.8,1008.7,,,,187.2,64
2022-06-07 14:22:16,5,55,22.3,,,1003.5,1008.4,,,,187.2,64
2022-06-07 14:27:16,5,55,22.3,,,1003.5,1008.4,,,,187.2,64
2022-06-07 14:32:16,5,55,22.3,,,1003.6,1008.5,,,,187.2,64
2022-06-07 14:37:16,5,55,22.4,54,18.4,1003.4,1008.3,4.4,6.1,4,187.2,0
2022-06-07 14:42:16,5,55,22.4,54,18.4,1003.3,1008.2,4.4,6.1,4,187.2,0
2022-06-07 14:47:16,5,55,22.4,,,1003,1007.9,,,,187.2,64
2022-06-07 14:52:16,5,55,22.4,55,18,1002.9,1007.8,4.8,6.5,4,187.2,0
2022-06-07 14:57:16,5,55,22.4,55,18,1002.9,1007.8,4.8,6.5,4,187.2,0
2022-06-07 15:02:16,5,55,22.4,55,18.2,1002.9,1007.8,4.4,7.1,4,187.2,0
2022-06-07 15:07:16,5,55,22.4,53,18.2,1002.8,1007.7,5.1,6.8,4,187.2,0
2022-06-07 15:12:16,5,55,22.4,51,18.2,1002.7,1007.6,5.4,6.5,4,187.2,0
2022-06-07 15:17:16,5,55,22.4,51,18.1,1002.7,1007.6,5.1,6.5,,187.2,0
2022-06-07 15:22:16,5,55,22.5,52,18.2,1002.7,1007.6,5.1,7.5,4,187.2,0
2022-06-07 15:27:16,5,55,22.5,51,18.3,1002.4,1007.3,4.4,5.8,2,187.2,0
2022-06-07 15:32:16,5,55,22.5,51,18.4,1002.6,1007.5,5.4,6.8,4,187.2,0
2022-06-07 15:37:16,5,54,22.6,52,18.3,1002.5,1007.4,4.4,5.4,3,187.2,0
2022-06-07 15:42:16,5,54,22.6,54,18.1,1002.3,1007.2,4.1,5.4,4,187.2,0
2022-06-07 15:47:16,5,54,22.5,56,18,1002.3,1007.2,4.1,5.8,4,187.2,0
2022-06-07 15:52:16,5,54,22.5,56,17.8,1002.3,1007.2,4.8,6.1,,187.2,0
2022-06-07 15:57:16,5,54,22.4,56,17.7,1002.1,1007,6.1,7.8,4,187.2,0
2022-06-07 16:02:16,5,54,22.4,60,17.5,1002.2,1007.1,4.4,6.8,,187.2,0
2022-06-07 16:07:16,5,54,22.4,62,17.1,1002.3,1007.2,4.8,6.5,4,187.2,0
2022-06-07 16:12:16,5,54,22.4,64,16.8,1002.2,1007.1,3.7,5.4,10,187.2,0
2022-06-07 16:17:16,5,54,22.3,66,16.4,1002.3,1007.2,4.4,5.8,4,187.2,0
2022-06-07 16:22:16,5,54,22.2,68,16.3,1002.1,1007,3.7,5.8,4,187.2,0
2022-06-07 16:27:16,5,54,22.2,67,16.3,1002,1006.9,2.4,3.4,2,187.2,0
2022-06-07 16:32:16,5,54,22.2,68,16.4,1001.9,1006.8,3.1,4.1,0,187.2,0
2022-06-07 16:37:16,5,54,22.1,67,16.5,1001.9,1006.8,3.4,4.4,4,187.2,0
2022-06-07 16:42:16,5,54,22.1,68,16.6,1001.7,1006.6,3.7,4.8,4,187.2,0
2022-06-07 16:47:16,5,55,22,68,16.6,1001.6,1006.5,3.7,4.8,4,187.2,0
2022-06-07 16:52:16,5,55,22,69,16.4,1001.5,1006.4,4.8,5.8,4,187.2,0
2022-06-07 16:57:16,5,56,21.9,70,16.3,1001.5,1006.4,5.4,6.5,8,187.2,0
2022-06-07 17:02:16,5,56,21.9,71,16.3,1001.4,1006.3,5.1,6.1,4,187.2,0
2022-06-07 17:07:16,5,56,21.8,71,16.3,1001.1,1006,4.8,6.1,4,187.2,0
2022-06-07 17:12:16,5,57,21.8,71,16.2,1001.4,1006.3,4.4,5.4,2,187.2,0
2022-06-07 17:17:16,5,56,21.8,71,16.1,1001.1,1006,4.8,6.5,,187.2,0
2022-06-07 17:22:16,5,57,21.8,71,16.1,1001,1005.9,3.7,4.8,4,187.2,0
2022-06-07 17:27:16,5,57,21.8,72,16,1001,1005.9,4.4,5.8,4,187.2,0
2022-06-07 17:32:16,5,58,21.8,72,15.9,1000.9,1005.8,6.5,7.5,4,187.2,0
2022-06-07 17:37:16,5,58,21.9,74,15.5,1000.6,1005.5,4.8,6.5,4,187.2,0
2022-06-07 17:42:16,5,58,21.9,77,15.1,1000.7,1005.6,3.4,4.1,4,187.2,0
2022-06-07 17:47:16,5,58,21.9,80,14.9,1000.6,1005.5,3.1,4.4,4,187.5,0
2022-06-07 17:52:16,5,58,21.9,80,14.8,1000.5,1005.4,3.1,3.4,4,187.5,0
2022-06-07 17:57:16,5,58,21.9,81,14.7,1000.3,1005.2,2.4,3.4,4,187.5,0
2022-06-07 18:02:16,5,58,21.8,82,14.7,1000.1,1005,4.1,4.8,,187.5,0
2022-06-07 18:07:16,5,58,21.8,82,14.7,1000.1,1005,3.1,4.1,4,187.5,0
2022-06-07 18:12:16,5,58,21.8,82,14.7,999.9,1004.8,2.7,3.7,4,187.5,0
2022-06-07 18:17:16,5,59,21.8,82,14.8,999.8,1004.7,2.7,3.4,2,187.5,0
2022-06-07 18:22:16,5,59,21.8,82,14.8,999.8,1004.7,4.4,5.4,4,187.8,0
2022-06-07 18:27:16,5,59,21.7,82,14.8,999.6,1004.5,3.1,4.4,4,187.8,0
2022-06-07 18:32:16,5,60,21.7,82,14.8,999.6,1004.5,4.1,5.1,4,187.8,0
2022-06-07 18:37:16,5,60,21.8,82,14.9,999.5,1004.4,4.8,5.8,4,187.8,0
2022-06-07 18:42:16,5,61,21.8,83,15,999.5,1004.4,3.1,4.4,4,187.8,0
2022-06-07 18:47:16,5,61,21.9,83,15,999.4,1004.3,4.8,5.8,2,187.8,0
2022-06-07 18:52:16,5,61,21.9,82,15,999.3,1004.2,6.1,8.2,4,187.8,0
2022-06-07 18:57:16,5,62,21.9,82,15.1,999.1,1004,5.1,6.5,4,187.8,0
2022-06-07 19:02:16,5,61,22,82,15.1,999.1,1004,4.8,7.5,4,187.8,0
2022-06-07 19:07:16,5,61,22,82,15,999.2,1004.1,3.7,4.4,4,187.8,0
2022-06-07 19:12:16,5,62,22.1,82,15,999.1,1004,3.4,4.8,4,187.8,0
2022-06-07 19:17:16,5,62,22.1,83,15,999,1003.9,4.4,5.4,4,187.8,0
2022-06-07 19:22:16,5,62,22.1,83,14.9,998.9,1003.8,5.4,7.5,4,187.8,0
2022-06-07 19:27:16,5,63,22,83,14.8,998.8,1003.7,3.7,4.8,,187.8,0
2022-06-07 19:32:16,5,63,22,83,14.7,999,1003.9,4.4,5.4,4,187.8,0
2022-06-07 19:37:16,5,63,22,84,14.6,998.6,1003.5,3.4,4.4,,187.8,0
2022-06-07 19:42:16,5,63,22,84,14.6,998.8,1003.7,3.7,4.8,,187.8,0
2022-06-07 19:47:16,5,62,21.9,85,14.5,998.6,1003.5,3.4,4.1,4,187.8,0
2022-06-07 19:52:16,5,61,21.9,86,14.5,998.6,1003.5,2.7,3.4,2,187.8,0
2022-06-07 19:57:16,5,61,21.8,86,14.4,998.5,1003.4,3.7,4.4,4,187.8,0
2022-06-07 20:02:16,5,62,21.8,87,14.3,998.5,1003.4,2.4,3.4,4,187.8,0
2022-06-07 20:07:16,5,63,21.8,88,14.3,998.3,1003.2,2.7,3.7,2,187.8,0
2022-06-07 20:12:16,5,64,21.9,88,14.3,998.3,1003.2,2.7,3.7,2,187.8,0
2022-06-07 20:17:16,5,64,21.9,89,14.3,998.1,1003,4.1,5.8,,187.8,0
2022-06-07 20:22:16,5,64,21.9,89,14.3,998,1002.9,3.4,4.1,4,187.8,0
2022-06-07 20:27:16,5,64,22,89,14.2,998.2,1003.1,3.4,3.7,,187.8,0
2022-06-07 20:32:16,5,64,22,89,14.2,998.1,1003,4.1,5.8,2,187.8,0
2022-06-07 20:37:16,5,63,22,90,14.2,998,1002.9,3.1,3.7,4,187.8,0
2022-06-07 20:42:16,5,64,22.1,90,14.2,998.1,1003,2.7,3.1,4,187.8,0
2022-06-07 20:47:16,5,63,22.1,90,14.2,997.9,1002.8,4.1,5.4,4,187.8,0
2022-06-07 20:52:16,5,63,22.1,90,14.2,997.9,1002.8,2.7,3.4,2,187.8,0
2022-06-07 20:57:16,5,63,22.1,90,14.3,997.9,1002.8,2.7,4.8,4,187.8,0
2022-06-07 21:02:16,5,63,22.1,91,14.3,997.9,1002.8,3.1,4.1,,187.8,0
2022-06-07 21:07:16,5,63,22.1,91,14.3,997.9,1002.8,3.1,4.1,4,187.8,0
2022-06-07 21:12:16,5,63,22.1,91,14.3,997.9,1002.8,3.1,3.7,4,187.8,0
2022-06-07 21:17:16,5,63,22.1,91,14.3,997.9,1002.8,3.1,3.4,4,187.8,0
2022-06-07 21:22:16,5,63,22.1,91,14.3,997.6,1002.5,3.1,4.1,4,187.8,0
2022-06-07 21:27:16,5,62,22.1,91,14.3,997.7,1002.6,2.7,3.4,4,187.8,0
2022-06-07 21:32:16,5,62,22.1,91,14.3,997.6,1002.5,3.7,4.8,,187.8,0
2022-06-07 21:37:16,5,62,22.1,91,14.3,997.6,1002.5,2.4,3.4,2,187.8,0
2022-06-07 21:42:16,5,62,22.1,91,14.3,997.4,1002.3,4.1,4.8,,187.8,0
2022-06-07 21:47:16,5,62,22.1,92,14.3,997.3,1002.2,3.4,4.8,4,187.8,0
2022-06-07 21:52:16,5,62,22,92,14.3,997.3,1002.2,3.4,4.4,4,187.8,0
2022-06-07 21:57:16,5,62,22,92,14.4,997.3,1002.2,3.1,4.1,4,187.8,0
2022-06-07 22:02:16,5,62,22,92,14.4,997.2,1002.1,3.1,5.1,,187.8,0
2022-06-07 22:07:16,5,63,21.9,92,14.4,997.3,1002.2,2.7,3.7,2,187.8,0
2022-06-07 22:12:16,5,63,21.8,92,14.4,997.2,1002.1,2.7,3.7,2,187.8,0
2022-06-07 22:17:16,5,62,21.8,92,14.4,997,1001.9,3.4,4.4,4,187.8,0
2022-06-07 22:22:16,5,62,21.8,92,14.4,997.1,1002,3.4,4.4,4,187.8,0
2022-06-07 22:27:16,5,62,21.7,92,14.5,997,1001.9,2.7,3.7,4,187.8,0
2022-06-07 22:32:16,5,62,21.7,92,14.5,996.8,1001.7,2.7,3.4,4,187.8,0
2022-06-07 22:37:16,5,62,21.6,92,14.5,996.8,1001.7,3.7,4.4,,187.8,0
2022-06-07 22:42:16,5,63,21.5,92,14.5,996.8,1001.7,2.7,3.4,4,187.8,0
2022-06-07 22:47:16,5,63,21.4,92,14.5,996.8,1001.7,2.4,3.1,,187.8,0
2022-06-07 22:52:16,5,63,21.4,92,14.5,996.7,1001.6,1.7,2.4,2,187.8,0
2022-06-07 22:57:16,5,63,21.4,92,14.5,996.5,1001.4,2.7,3.7,4,187.8,0
2022-06-07 23:02:16,5,63,21.4,92,14.5,996.6,1001.5,2.7,3.4,2,187.8,0
2022-06-07 23:07:16,5,63,21.4,92,14.4,996.7,1001.6,0.7,1.7,4,187.8,0
2022-06-07 23:12:16,5,63,21.1,92,14.4,996.6,1001.5,1,1.4,10,187.8,0
2022-06-07 23:17:16,5,63,21.1,92,14.4,996.5,1001.4,0.7,1.4,2,187.8,0
2022-06-07 23:22:16,5,63,21.1,92,14.4,996.6,1001.5,1,2.4,10,187.8,0
2022-06-07 23:27:16,5,63,21.1,92,14.3,996.4,1001.3,1.4,2,14,187.8,0
2022-06-07 23:32:16,5,63,21.1,92,14.3,996.4,1001.3,1.4,2,10,187.8,0
2022-06-07 23:37:16,5,63,21.1,91,14.3,996.4,1001.3,1.4,2,10,187.8,0
2022-06-07 23:42:16,5,63,21.1,91,14.3,996.5,1001.4,1.7,2.7,8,187.8,0
2022-06-07 23:47:16,5,63,21.1,90,14.3,996.5,1001.4,1.7,2.4,10,187.8,0
2022-06-07 23:52:16,5,63,21.1,90,14.3,996.5,1001.4,1.7,2.7,8,187.8,0
2022-06-07 23:57:16,5,63,21.1,90,14.2,996.4,1001.3,1,1.7,10,187.8,0
