2018-11-09 00:02:53,5,57,19.5,80,6.2,996.8,1001.7,2,2.7,4,481.8,0
2018-11-09 00:07:53,5,57,19.5,80,6.2,996.8,1001.7,2,2.7,4,481.8,0
2018-11-09 00:12:53,5,57,19.5,80,6.2,996.8,1001.7,1.7,2.4,4,481.8,0
2018-11-09 00:17:53,5,57,19.6,79,6.2,996.7,1001.6,1.7,2.4,4,481.8,0
2018-11-09 00:22:53,5,57,19.6,79,6.1,996.8,1001.7,1.4,2,4,481.8,0
2018-11-09 00:27:53,5,57,19.6,79,6.1,996.7,1001.6,1.4,2.7,4,481.8,0
2018-11-09 00:32:53,5,57,19.5,79,6,996.5,1001.4,1.4,2,4,481.8,0
2018-11-09 00:37:53,5,57,19.5,80,5.9,996.4,1001.3,2.4,3.1,4,481.8,0
2018-11-09 00:42:53,5,57,19.6,80,5.9,996.3,1001.2,1.7,2.4,4,481.8,0
2018-11-09 00:47:53,5,57,19.5,80,5.9,996.3,1001.2,2,2.7,4,481.8,0
2018-11-09 00:52:53,5,57,19.6,79,6,996.1,1001,1.7,2.7,4,481.8,0
2018-11-09 00:57:53,5,57,19.6,79,6.1,996,1000.9,2,2.4,4,481.8,0
2018-11-09 01:02:53,5,57,19.6,79,6,995.9,1000.8,2,2.7,4,481.8,0
2018-11-09 01:07:53,5,57,19.5,79,5.8,995.9,1000.8,1.4,2,4,481.8,0
2018-11-09 01:12:53,5,57,19.6,80,5.7,995.8,1000.7,2,2.7,4,481.8,0
2018-11-09 01:17:53,5,57,19.5,80,5.9,995.7,1000.6,2.7,3.7,4,481.8,0
2018-11-09 01:22:53,5,57,19.6,80,5.9,995.7,1000.6,1.7,2.7,4,481.8,0
2018-11-09 01:27:53,5,56,19.5,79,6,995.7,1000.6,1.4,2,4,481.8,0
2018-11-09 01:32:53,5,57,19.6,79,6,995.5,1000.4,1.7,2,4,481.8,0
2018-11-09 01:37:53,5,56,19.5,80,5.9,995.6,1000.5,2.4,3.1,14,481.8,0
2018-11-09 01:42:53,5,56,19.6,79,5.6,995.4,1000.3,1,1.4,4,481.8,0
2018-11-09 01:47:53,5,56,19.5,79,5.5,995.3,1000.2,1.7,2,8,481.8,0
2018-11-09 01:52:53,5,56,19.6,80,5.6,995,999.9,1.4,2.4,4,481.8,0
2018-11-09 01:57:53,5,56,19.6,80,5.9,995.1,1000,1.4,2.4,8,481.8,0
2018-11-09 02:02:53,5,56,19.6,80,6.5,994.9,999.8,2.7,5.4,4,481.8,0
2018-11-09 02:07:53,5,56,19.6,80,6.9,994.9,999.8,1.4,2.7,8,481.8,0
2018-11-09 02:12:53,5,56,19.6,78,7.1,994.9,999.8,1,2,2,481.8,0
2018-11-09 02:17:53,5,56,19.5,77,7.2,994.8,999.7,1,2.7,4,481.8,0
2018-11-09 02:22:53,5,56,19.6,76,7.3,994.7,999.6,1.4,2.7,4,481.8,0
2018-11-09 02:27:53,5,56,19.6,76,7.4,994.6,999.5,1.4,2.7,8,481.8,0
2018-11-09 02:32:53,5,56,19.6,75,7.4,994.4,999.3,1.4,2,12,481.8,0
2018-11-09 02:37:53,5,56,19.6,75,7.5,994.3,999.2,1.4,2.4,2,481.8,0
2018-11-09 02:42:53,5,56,19.5,74,7.4,994.3,999.2,1.4,2.4,2,481.8,0
2018-11-09 02:47:53,5,56,19.5,74,7.3,994.4,999.3,1.7,2.7,4,481.8,0
2018-11-09 02:52:53,5,56,19.6,74,7.3,994.3,999.2,2.4,4.8,2,481.8,0
2018-11-09 02:57:53,5,56,19.5,74,7.4,994.1,999,1.7,3.4,8,481.8,0
2018-11-09 03:02:53,5,56,19.5,74,7.5,994.1,999,2.4,3.7,8,481.8,0
2018-11-09 03:07:53,5,56,19.5,73,7.4,994.1,999,1.7,4.1,12,481.8,0
2018-11-09 03:12:53,5,56,19.5,73,7.3,994,998.9,1,2.4,2,481.8,0
2018-11-09 03:17:53,5,56,19.5,73,7.2,994,998.9,1,2,2,481.8,0
2018-11-09 03:22:53,5,56,19.5,74,7.1,994,998.9,1.4,2.7,4,481.8,0
2018-11-09 03:27:53,5,56,19.5,74,7.1,993.9,998.8,1.7,2.7,4,481.8,0
2018-11-09 03:32:53,5,56,19.5,75,6.9,993.9,998.8,2.7,4.1,4,481.8,0
2018-11-09 03:37:53,5,56,19.5,75,6.9,993.8,998.7,3.1,4.4,4,481.8,0
2018-11-09 03:42:53,5,56,19.5,76,6.8,993.8,998.7,3.4,4.1,4,481.8,0
2018-11-09 03:47:53,5,56,19.5,76,6.8,993.9,998.8,2.7,4.4,4,481.8,0
2018-11-09 03:52:53,5,56,19.5,76,6.8,993.7,998.6,2.4,3.4,4,481.8,0
2018-11-09 03:57:53,5,56,19.5,76,6.7,993.8,998.7,2,3.1,4,481.8,0
2018-11-09 04:02:53,5,56,19.4,76,6.7,993.4,998.3,2.7,3.7,2,481.8,0
2018-11-09 04:07:53,5,56,19.5,77,6.6,993.5,998.4,2.7,3.7,4,481.8,0
2018-11-09 04:12:53,5,56,19.4,77,6.7,993.4,998.3,2.4,2.7,2,481.8,0
2018-11-09 04:17:53,5,56,19.4,77,6.5,993.4,998.3,1.7,2,4,481.8,0
2018-11-09 04:22:53,5,56,19.5,76,6.1,993.1,998,1.4,2,4,481.8,0
2018-11-09 04:27:53,5,56,19.4,77,6,993.1,998,2,3.1,4,481.8,0
2018-11-09 04:32:53,5,55,19.4,77,6,992.8,997.7,1.7,2,4,481.8,0
2018-11-09 04:37:53,5,55,19.4,78,6.1,992.9,997.8,2,3.4,14,481.8,0
2018-11-09 04:42:53,5,55,19.4,79,6.6,992.8,997.7,2.4,3.7,4,481.8,0
2018-11-09 04:47:53,5,55,19.4,80,6.9,992.9,997.8,2.4,4.1,4,481.8,0
2018-11-09 04:52:53,5,55,19.4,78,7.2,992.7,997.6,3.1,6.1,4,481.8,0
2018-11-09 04:57:53,5,55,19.4,77,7.3,992.7,997.6,2.4,3.7,4,481.8,0
2018-11-09 05:02:53,5,55,19.4,77,6.8,992.6,997.5,3.1,4.1,4,481.8,0
2018-11-09 05:07:53,5,55,19.4,77,6.7,992.4,997.3,3.4,4.4,4,481.8,0
2018-11-09 05:12:53,5,55,19.4,78,6.8,992.1,997,2.7,4.4,2,481.8,0
2018-11-09 05:17:53,5,55,19.4,78,6.9,992,996.9,3.4,4.1,4,481.8,0
2018-11-09 05:22:53,5,55,19.4,77,6.9,991.9,996.8,3.4,5.1,3,481.8,0
2018-11-09 05:27:53,5,55,19.4,76,7.1,991.7,996.6,3.4,4.8,4,481.8,0
2018-11-09 05:32:53,5,55,19.4,76,7.2,991.6,996.5,3.7,6.1,14,481.8,0
2018-11-09 05:37:53,5,55,19.4,76,7.2,991.2,996.1,5.1,6.8,4,481.8,0
2018-11-09 05:42:53,5,55,19.4,75,7.4,991.1,996,4.8,5.8,4,481.8,0
2018-11-09 05:47:53,5,55,19.4,75,7.6,991,995.9,4.8,7.1,4,481.8,0
2018-11-09 05:52:53,5,55,19.4,75,7.6,990.8,995.7,5.8,8.2,4,481.8,0
2018-11-09 05:57:53,5,55,19.3,75,7.5,990.8,995.7,4.1,5.8,8,481.8,0
2018-11-09 06:02:53,5,55,19.3,75,7.5,990.7,995.6,3.7,4.8,4,481.8,0
2018-11-09 06:07:53,5,55,19.3,75,7.5,990.4,995.3,4.4,5.4,10,481.8,0
2018-11-09 06:12:53,5,55,19.3,75,7.7,990.4,995.3,3.1,5.4,2,481.8,0
2018-11-09 06:17:53,5,55,19.3,76,8.1,990.2,995.1,4.1,8.2,4,481.8,0
2018-11-09 06:22:53,5,55,19.3,74,7.9,990,994.9,4.8,6.5,4,481.8,0
2018-11-09 06:27:53,5,55,19.3,74,7.7,989.7,994.6,3.4,5.1,4,481.8,0
2018-11-09 06:32:53,5,55,19.3,74,7.7,989.7,994.6,4.1,5.1,4,481.8,0
2018-11-09 06:37:53,5,55,19.3,74,7.8,989.5,994.4,5.1,6.1,4,481.8,0
2018-11-09 06:42:53,5,55,19.3,75,8.1,989.4,994.3,4.1,6.1,10,481.8,0
2018-11-09 06:47:53,5,55,19.3,75,8.4,989.2,994.1,3.1,5.1,4,481.8,0
2018-11-09 06:52:53,5,55,19.3,74,8.6,988.9,993.8,6.8,9.2,8,481.8,0
2018-11-09 06:57:53,5,55,19.3,73,8.8,989,993.9,6.1,8.2,14,481.8,0
2018-11-09 07:02:53,5,55,19.3,72,8.4,988.9,993.8,5.4,7.8,4,481.8,0
2018-11-09 07:07:53,5,55,19.3,73,8.4,989.1,994,5.4,6.8,4,481.8,0
2018-11-09 07:12:53,5,55,19.3,73,8.5,988.9,993.8,4.4,5.8,4,481.8,0
2018-11-09 07:17:53,5,55,19.3,72,8.7,988.8,993.7,4.8,8.5,4,481.8,0
2018-11-09 07:23:53,6,55,19.3,71,8.8,988.7,993.6,4.1,5.4,7,481.8,0
2018-11-09 07:28:53,5,55,19.3,71,8.7,988.5,993.4,4.4,7.1,4,481.8,0
2018-11-09 07:33:53,5,54,19.3,71,8.8,988.4,993.3,4.1,5.8,4,481.8,0
2018-11-09 07:38:53,5,54,19.3,71,8.7,988.3,993.2,4.8,6.5,4,481.8,0
2018-11-09 07:43:53,5,55,19.3,71,8.7,988.1,993,3.4,6.8,4,481.8,0
2018-11-09 07:48:53,5,55,19.3,72,8.7,988.1,993,5.4,6.8,4,481.8,0
2018-11-09 07:53:53,5,55,19.3,72,8.7,987.8,992.7,5.1,6.8,4,481.8,0
2018-11-09 07:58:53,5,55,19.3,73,8.6,987.6,992.5,5.1,6.8,4,481.8,0
2018-11-09 08:03:53,5,55,19.3,74,8.6,987.5,992.4,4.4,5.8,12,481.8,0
2018-11-09 08:08:53,5,55,19.3,75,8.6,987.1,992,3.7,6.1,4,481.8,0
2018-11-09 08:13:53,5,55,19.3,75,8.6,987.3,992.2,5.1,6.8,4,481.8,0
2018-11-09 08:18:53,5,55,19.3,75,8.6,986.8,991.7,4.8,7.5,4,481.8,0
2018-11-09 08:23:53,5,55,19.3,75,8.6,986.8,991.7,3.4,4.4,4,481.8,0
2018-11-09 08:28:53,5,55,19.3,75,8.7,986.6,991.5,4.1,6.8,4,481.8,0
2018-11-09 08:33:53,5,55,19.3,75,8.7,986.7,991.6,4.8,6.8,2,481.8,0
2018-11-09 08:38:53,5,55,19.3,75,8.7,986.3,991.2,7.5,10.5,4,481.8,0
2018-11-09 08:43:53,5,55,19.3,75,8.8,986.1,991,4.1,8.2,4,481.8,0
2018-11-09 08:48:53,5,55,19.3,74,9,986.1,991,4.8,5.4,4,481.8,0
2018-11-09 08:53:53,5,54,19.2,74,9,985.9,990.8,3.4,4.4,4,481.8,0
2018-11-09 08:58:53,5,52,19.2,75,8.9,985.9,990.8,4.4,5.4,4,481.8,0
2018-11-09 09:03:53,5,52,19.1,75,8.7,985.7,990.6,3.7,5.4,4,481.8,0
2018-11-09 09:08:53,5,52,19,75,8.8,985.5,990.4,5.1,6.8,4,481.8,0
2018-11-09 09:13:53,5,53,19,75,8.9,985.2,990.1,5.1,6.1,4,481.8,0
2018-11-09 09:18:53,5,53,19,74,9.1,984.9,989.8,3.4,5.8,4,481.8,0
2018-11-09 09:23:53,5,53,19,73,9.2,984.9,989.8,4.1,6.8,2,481.8,0
2018-11-09 09:28:53,5,53,19,72,9.3,984.7,989.6,4.1,4.8,3,482.1,0
2018-11-09 09:33:53,5,53,19,72,9.1,984.6,989.5,3.7,6.1,4,482.1,0
2018-11-09 09:38:53,5,53,19,72,9.2,984.2,989.1,6.5,8.8,4,482.1,0
2018-11-09 09:43:53,5,53,19,70,9.5,984.1,989,4.1,7.5,4,482.1,0
2018-11-09 09:48:53,5,53,19.1,70,9.7,983.9,988.8,5.8,9.9,4,482.1,0
2018-11-09 09:53:53,5,53,19.1,69,9.8,983.8,988.7,7.8,10.2,4,482.1,0
2018-11-09 09:58:53,5,54,19.1,69,9.8,983.5,988.4,7.1,12.9,3,482.1,0
2018-11-09 10:03:53,5,54,19.1,70,9.7,983.1,988,6.1,9.5,4,482.1,0
2018-11-09 10:08:53,5,54,19.1,70,9.7,982.9,987.8,6.1,8.2,4,482.1,0
2018-11-09 10:13:53,5,54,19.1,70,9.8,982.8,987.7,5.1,8.2,4,482.1,0
2018-11-09 10:18:53,5,54,19.1,70,9.8,982.6,987.5,10.2,12.9,4,482.1,0
2018-11-09 10:23:53,5,54,19.1,68,10,982.4,987.3,7.1,9.9,4,482.1,0
2018-11-09 10:28:53,5,54,19.1,68,10.1,982.3,987.2,8.5,11.6,2,482.1,0
2018-11-09 10:33:53,5,54,19.1,68,10,982,986.9,6.1,8.5,4,482.1,0
2018-11-09 10:38:53,5,54,19.1,68,10,982,986.9,4.8,7.5,4,482.1,0
2018-11-09 10:43:53,5,54,19.1,70,9.9,982,986.9,5.4,8.2,,482.1,0
2018-11-09 10:48:53,5,54,19.1,70,9.7,981.8,986.7,4.8,8.2,8,482.1,0
2018-11-09 10:53:53,5,54,19.1,72,9.5,981.8,986.7,5.1,8.8,4,482.4,0
2018-11-09 10:58:53,5,54,19.1,74,9.2,981.8,986.7,6.5,8.5,4,482.7,0
2018-11-09 11:03:53,5,54,19.1,74,9.4,981.5,986.4,5.8,8.5,4,483,0
2018-11-09 11:08:53,5,54,19.1,74,9.3,981.4,986.3,7.1,10.9,2,483.3,0
2018-11-09 11:13:53,5,53,19.1,74,9.3,981.4,986.3,5.8,7.8,13,483.9,0
2018-11-09 11:18:53,5,53,19.1,75,9.2,981.1,986,6.1,7.8,4,484.2,0
2018-11-09 11:23:53,5,53,19.1,75,9.1,980.7,985.6,5.4,7.5,2,484.5,0
2018-11-09 11:28:53,5,53,19.1,76,9.1,980.4,985.3,6.1,7.8,4,484.8,0
2018-11-09 11:33:53,5,53,19.1,76,9,980.2,985.1,6.8,9.5,14,485.1,0
2018-11-09 11:38:53,5,53,19.1,77,9,979.9,984.8,8.2,9.9,4,485.4,0
2018-11-09 11:43:53,5,53,19.1,77,9,979.4,984.3,6.1,8.8,4,485.7,0
2018-11-09 11:48:53,5,53,19.1,77,9,979.2,984.1,8.5,12.9,4,486,0
2018-11-09 11:53:53,5,53,19.1,77,9,979.3,984.2,7.5,9.9,4,486.3,0
2018-11-09 11:58:53,5,53,19.1,78,9,978.9,983.8,6.1,7.5,4,486.9,0
2018-11-09 12:03:53,5,53,19.1,79,8.9,978.4,983.3,7.5,11.2,4,487.2,0
2018-11-09 12:08:53,5,53,19.1,78,9,978,982.9,9.9,12.9,4,487.5,0
2018-11-09 12:13:53,5,53,19.1,78,9.1,978.1,983,9.5,11.9,4,487.8,0
2018-11-09 12:18:53,5,53,19.1,78,9.1,977.7,982.6,8.8,11.2,4,488.1,0
2018-11-09 12:23:53,5,53,19.1,79,9.1,977.4,982.3,8.8,11.9,4,488.7,0
2018-11-09 12:28:53,5,53,19.1,79,9.1,977,981.9,9.9,12.9,4,489.6,0
2018-11-09 12:33:53,5,53,19.1,79,9.1,976.7,981.6,9.5,10.9,4,490.5,0
2018-11-09 12:38:53,5,53,19,79,9.2,976.5,981.4,9.2,11.6,4,491.1,0
2018-11-09 12:43:53,5,53,19,80,9.2,975.8,980.7,7.5,10.9,4,491.1,0
2018-11-09 12:48:53,5,53,19,80,9.3,975.9,980.8,8.5,15,4,491.7,0
2018-11-09 12:53:53,5,53,19,80,9.4,975.7,980.6,11.2,13.9,4,492,0
2018-11-09 12:58:53,5,53,19,80,9.5,975.3,980.2,11.9,14.3,4,493.2,0
2018-11-09 13:03:53,5,53,19,80,9.5,975.1,980,9.2,12.6,4,493.8,0
2018-11-09 13:08:53,5,53,19,80,9.6,974.9,979.8,8.5,10.5,4,494.1,0
2018-11-09 13:13:53,5,53,19,80,9.6,975,979.9,8.2,10.9,4,494.7,0
2018-11-09 13:18:53,5,53,19,80,9.6,975.2,980.1,8.8,10.9,4,495.9,0
2018-11-09 13:23:53,5,53,19,80,9.6,975.5,980.4,3.7,6.1,8,496.8,0
2018-11-09 13:28:53,5,53,19,81,9.7,976,980.9,3.4,4.8,12,497.4,0
2018-11-09 13:33:53,5,53,19,81,9.7,975.4,980.3,0.3,1,0,498,0
2018-11-09 13:38:53,5,53,19,81,9.7,975.7,980.6,2.4,3.1,10,498.6,0
2018-11-09 13:43:53,5,53,19,81,9.7,974.9,979.8,1.7,2.7,2,499.2,0
2018-11-09 13:48:53,5,53,19,81,9.8,974.1,979,4.1,6.1,4,499.5,0
2018-11-09 13:53:53,5,53,19,81,10,974,978.9,4.1,6.5,13,499.5,0
2018-11-09 13:58:53,5,53,19,81,10.2,973.9,978.8,3.4,5.8,8,499.5,0
2018-11-09 14:03:53,5,53,19,82,10.5,973.7,978.6,4.4,7.1,4,499.5,0
2018-11-09 14:08:53,5,53,19,81,10.6,973.4,978.3,2.7,5.4,8,499.5,0
2018-11-09 14:13:53,5,53,19,81,10.7,973.4,978.3,2,3.7,10,499.5,0
2018-11-09 14:18:53,5,53,19.1,81,10.8,973.5,978.4,2.4,5.1,4,499.5,0
2018-11-09 14:23:53,5,53,19.1,80,10.9,973.4,978.3,2.4,4.1,4,499.5,0
2018-11-09 14:28:53,5,53,19.1,79,11,973.4,978.3,2.7,4.4,4,499.5,0
2018-11-09 14:33:53,5,53,19.1,78,11.1,973.5,978.4,3.7,5.4,8,499.5,0
2018-11-09 14:38:53,5,54,19.1,78,11.2,973.4,978.3,2.7,4.1,8,499.5,0
2018-11-09 14:43:53,5,54,19.1,78,11.5,973,977.9,2.7,3.7,10,499.5,0
2018-11-09 14:48:53,5,54,19.1,78,11.9,972.7,977.6,2.7,5.1,8,499.5,0
2018-11-09 14:53:53,5,54,19.2,76,12.3,972.7,977.6,1.4,2.4,8,499.5,0
2018-11-09 14:58:53,5,54,19.2,75,12.1,972.7,977.6,1.7,3.4,4,499.5,0
2018-11-09 15:03:53,5,54,19.2,76,11.9,972.8,977.7,2.4,3.1,8,499.5,0
2018-11-09 15:08:53,5,54,19.2,76,11.9,972.9,977.8,3.1,4.4,8,499.5,0
2018-11-09 15:13:53,5,54,19.2,76,11.9,973.1,978,4.4,5.4,8,499.5,0
2018-11-09 15:18:53,5,54,19.2,75,10.6,974,978.9,2.4,3.7,10,500.7,0
2018-11-09 15:23:53,5,54,19.2,77,8.8,973.7,978.6,1.7,2.7,10,501,0
2018-11-09 15:28:53,5,54,19.2,78,8.5,974.1,979,2.7,3.7,8,501.3,0
2018-11-09 15:33:53,5,54,19.2,80,8.6,974.3,979.2,2.4,4.1,10,501.9,0
2018-11-09 15:38:53,5,54,19.2,80,8.7,974,978.9,2.4,3.4,8,502.2,0
2018-11-09 15:43:53,5,54,19.2,81,8.7,973.7,978.6,3.4,5.1,10,502.8,0
2018-11-09 15:48:53,5,54,19.2,81,8.7,973.5,978.4,3.4,4.4,8,503.1,0
2018-11-09 15:53:53,5,54,19.2,82,8.7,973.7,978.6,3.1,4.8,8,503.1,0
2018-11-09 15:58:53,5,54,19.2,82,8.8,973.6,978.5,3.1,4.1,10,503.1,0
2018-11-09 16:03:53,5,54,19.2,82,8.8,973.5,978.4,4.4,5.1,10,503.1,0
2018-11-09 16:08:53,5,54,19.2,82,8.8,973.3,978.2,2,3.7,10,503.1,0
2018-11-09 16:13:53,5,54,19.2,82,8.7,973.3,978.2,2.4,3.7,10,503.4,0
2018-11-09 16:18:53,5,54,19.2,82,8.7,973.6,978.5,2,2.7,8,503.4,0
2018-11-09 16:23:53,5,54,19.1,81,8.6,973.4,978.3,2,2.4,8,503.4,0
2018-11-09 16:28:53,5,54,19.1,81,8.5,973.5,978.4,1,1.7,8,503.4,0
2018-11-09 16:33:53,5,54,19.1,81,8.5,973.4,978.3,1.7,3.1,8,503.4,0
2018-11-09 16:38:53,5,54,19.1,80,8.4,973.6,978.5,2,3.1,10,503.4,0
2018-11-09 16:43:53,5,54,19.1,80,8.4,973.8,978.7,2.4,3.4,8,503.4,0
2018-11-09 16:48:53,5,54,19.1,79,8.4,973.8,978.7,1.7,2.4,10,503.4,0
2018-11-09 16:53:53,5,54,19.1,79,8.4,973.8,978.7,1.7,2.4,8,503.4,0
2018-11-09 16:58:53,5,54,19.1,79,8.5,974,978.9,2.7,4.4,10,503.4,0
2018-11-09 17:03:53,5,54,19.1,78,8.7,973.9,978.8,4.4,5.4,8,503.4,0
2018-11-09 17:08:53,5,54,19.1,77,8.7,973.9,978.8,3.1,4.1,10,503.4,0
2018-11-09 17:13:53,5,54,19.1,77,8.7,974,978.9,4.8,5.4,10,503.4,0
2018-11-09 17:18:53,5,54,19.1,76,8.6,974,978.9,2.4,3.4,10,503.4,0
2018-11-09 17:23:53,5,54,19,77,8.6,974.1,979,3.1,4.1,10,503.4,0
2018-11-09 17:28:53,5,54,19,77,8.6,974,978.9,2.7,3.7,8,503.4,0
2018-11-09 17:33:53,5,54,19,77,8.6,974,978.9,2.7,3.4,10,503.4,0
2018-11-09 17:38:53,5,54,19,77,8.5,973.9,978.8,2,2.7,14,503.4,0
2018-11-09 17:43:53,5,54,19,77,8.6,973.7,978.6,2.4,3.7,10,503.4,0
2018-11-09 17:48:53,5,54,19,78,8.6,973.7,978.6,2.4,3.1,8,503.4,0
2018-11-09 17:53:53,5,54,19,78,8.7,973.7,978.6,2,3.4,8,503.4,0
2018-11-09 17:58:53,5,54,19,78,8.8,973.7,978.6,2.7,5.1,8,503.4,0
2018-11-09 18:03:53,5,54,19,77,9,973.7,978.6,3.1,5.8,10,503.4,0
2018-11-09 18:08:53,5,55,18.9,77,9,973.8,978.7,4.4,6.5,8,503.4,0
2018-11-09 18:13:53,5,55,19,76,9.1,973.8,978.7,3.1,4.8,8,503.4,0
2018-11-09 18:18:53,5,56,18.9,76,9.1,973.9,978.8,3.4,5.1,8,503.4,0
2018-11-09 18:23:53,5,56,18.9,75,9.2,974,978.9,2.7,3.7,10,503.4,0
2018-11-09 18:28:53,5,56,18.9,75,9.2,973.9,978.8,2,4.1,10,503.4,0
2018-11-09 18:33:53,5,56,18.9,75,9.2,974,978.9,4.4,7.1,8,503.4,0
2018-11-09 18:38:53,5,56,18.9,74,9.1,974.1,979,3.4,4.8,8,503.4,0
2018-11-09 18:43:53,5,56,18.9,75,9.1,974.2,979.1,4.4,7.1,8,503.4,0
2018-11-09 18:48:53,5,56,18.9,75,9.1,974.2,979.1,3.1,5.1,10,503.4,0
2018-11-09 18:53:53,5,56,18.9,75,9.1,974.3,979.2,5.1,8.2,10,503.4,0
2018-11-09 18:58:53,5,56,18.9,75,9.1,974.4,979.3,5.4,7.8,10,503.4,0
2018-11-09 19:03:53,5,56,18.9,74,9.1,974.5,979.4,4.8,7.8,8,503.4,0
2018-11-09 19:08:53,5,56,18.9,74,9.1,974.5,979.4,4.8,6.5,10,503.4,0
2018-11-09 19:13:53,5,56,18.9,74,9.2,974.5,979.4,4.8,7.5,10,503.4,0
2018-11-09 19:18:53,5,56,18.9,74,9.1,974.5,979.4,6.1,8.5,8,503.4,0
2018-11-09 19:24:53,6,56,18.9,74,9.2,974.6,979.5,3.1,5.1,8,503.4,0
2018-11-09 19:29:53,5,56,18.9,74,9.2,974.6,979.5,4.8,7.1,8,503.4,0
2018-11-09 19:34:53,5,56,18.9,74,9.1,974.6,979.5,4.8,6.8,8,503.4,0
2018-11-09 19:39:53,5,56,18.9,74,9.1,974.6,979.5,5.4,6.5,10,503.4,0
2018-11-09 19:44:53,5,57,18.9,74,9.1,974.5,979.4,4.4,8.5,8,503.4,0
2018-11-09 19:49:53,5,57,18.9,74,9.1,974.6,979.5,5.1,6.8,8,503.4,0
2018-11-09 19:54:53,5,57,18.9,74,9.1,974.7,979.6,5.4,7.1,10,503.4,0
2018-11-09 19:59:53,5,57,18.9,74,9.1,974.6,979.5,5.8,7.8,10,503.4,0
2018-11-09 20:04:53,5,58,18.9,74,9,974.8,979.7,5.8,9.2,8,503.4,0
2018-11-09 20:09:53,5,58,18.9,75,8.9,974.7,979.6,7.1,10.2,8,503.4,0
2018-11-09 20:14:53,5,59,18.9,75,8.8,974.8,979.7,5.8,8.2,10,503.4,0
2018-11-09 20:19:53,5,59,19,75,8.7,974.7,979.6,6.5,7.5,10,503.4,0
2018-11-09 20:24:53,5,59,19,75,8.6,974.9,979.8,4.1,5.4,10,503.4,0
2018-11-09 20:29:53,5,59,19,75,8.7,975,979.9,4.8,5.4,9,503.4,0
2018-11-09 20:34:53,5,59,19,76,8.6,974.7,979.6,3.7,6.8,10,503.4,0
2018-11-09 20:39:53,5,59,19,76,8.5,974.9,979.8,7.1,8.5,9,503.7,0
2018-11-09 20:44:53,5,59,19.1,76,8.4,975,979.9,6.1,7.5,8,503.7,0
2018-11-09 20:49:53,5,60,19.1,76,8.3,975,979.9,3.7,5.1,8,503.7,0
2018-11-09 20:54:53,5,61,19.2,76,8.2,975,979.9,4.8,6.1,8,503.7,0
2018-11-09 20:59:53,5,61,19.1,77,8.1,975.2,980.1,3.7,5.1,8,503.7,0
2018-11-09 21:04:53,5,61,19.2,77,8.2,975.2,980.1,3.1,4.1,10,503.7,0
2018-11-09 21:09:53,5,61,19.2,77,8.2,975.3,980.2,5.4,7.8,10,503.7,0
2018-11-09 21:14:53,5,61,19.2,77,8.2,975.3,980.2,3.4,5.4,8,503.7,0
2018-11-09 21:19:53,5,60,19.2,77,8.2,975.3,980.2,2.4,5.1,10,503.7,0
2018-11-09 21:24:52,5,60,19.2,77,8.1,975.5,980.4,3.1,5.1,10,503.7,0
2018-11-09 21:29:52,5,60,19.2,77,8,975.5,980.4,2,3.4,10,503.7,0
2018-11-09 21:34:52,5,60,19.2,78,8,975.6,980.5,6.5,8.8,8,503.7,0
2018-11-09 21:39:52,5,60,19.2,78,8,975.7,980.6,5.1,6.5,9,503.7,0
2018-11-09 21:44:52,5,60,19.3,77,8,975.8,980.7,3.7,4.8,8,503.7,0
2018-11-09 21:49:52,5,60,19.3,77,8.1,976,980.9,4.8,7.1,8,503.7,0
2018-11-09 21:54:52,5,60,19.3,77,8,976.1,981,4.1,6.1,9,503.7,0
2018-11-09 21:59:52,5,60,19.3,77,8.1,976.2,981.1,5.1,8.5,10,503.7,0
2018-11-09 22:04:52,5,60,19.3,78,8,976,980.9,4.1,5.1,10,504,0
2018-11-09 22:09:52,5,60,19.3,78,8,976.2,981.1,4.8,7.5,8,504,0
2018-11-09 22:14:52,5,60,19.4,78,7.8,976.3,981.2,3.7,4.8,8,504,0
2018-11-09 22:19:52,5,60,19.4,78,7.7,976.2,981.1,4.4,5.8,8,504,0
2018-11-09 22:24:52,5,60,19.4,79,7.7,976.2,981.1,4.4,5.8,8,504,0
2018-11-09 22:29:52,5,60,19.4,79,7.7,976.2,981.1,3.7,5.1,10,504,0
2018-11-09 22:34:52,5,60,19.4,78,7.7,976.4,981.3,4.4,5.8,10,504,0
2018-11-09 22:39:52,5,59,19.4,78,7.7,976.4,981.3,5.1,6.1,4,504,0
2018-11-09 22:44:52,5,59,19.4,78,7.6,976.5,981.4,5.4,7.5,10,504,0
2018-11-09 22:49:52,5,59,19.4,78,7.7,976.6,981.5,4.4,6.1,9,504,0
2018-11-09 22:54:52,5,59,19.4,78,7.7,976.4,981.3,4.1,5.8,8,504,0
2018-11-09 22:59:52,5,59,19.4,78,7.7,976.7,981.6,4.4,6.5,10,504,0
2018-11-09 23:04:52,5,59,19.4,78,7.7,976.7,981.6,5.4,8.2,8,504,0
2018-11-09 23:09:52,5,59,19.4,78,7.8,976.8,981.7,4.1,6.1,8,504,0
2018-11-09 23:14:52,5,59,19.4,78,7.7,977.1,982,4.8,6.1,10,504,0
2018-11-09 23:19:52,5,59,19.4,78,7.7,977.1,982,4.4,5.1,8,504.3,0
2018-11-09 23:24:52,5,59,19.4,79,7.7,977.4,982.3,3.4,5.1,10,504.6,0
2018-11-09 23:29:52,5,59,19.4,80,7.6,977.6,982.5,2.4,3.4,8,504.9,0
2018-11-09 23:34:52,5,59,19.4,80,7.6,977.5,982.4,3.1,4.4,10,505.2,0
2018-11-09 23:39:52,5,59,19.4,80,7.5,977.6,982.5,1.7,3.1,9,505.2,0
2018-11-09 23:44:52,5,59,19.4,80,7.2,977.5,982.4,3.1,4.8,8,505.2,0
2018-11-09 23:49:52,5,59,19.4,81,7.1,977.6,982.5,3.4,4.1,8,505.2,0
2018-11-09 23:54:52,5,59,19.4,81,7.1,977.7,982.6,2.4,3.4,8,505.2,0
2018-11-09 23:59:52,5,59,19.4,81,7.1,977.8,982.7,1.7,2.4,8,505.2,0
