2023-02-19 00:01:13,5,58,20.5,81,8.4,1024.9,1029.8,2.4,3.1,15,426,0
2023-02-19 00:06:13,5,58,20.5,81,8.3,1025.2,1030.1,2.7,3.4,15,426,0
2023-02-19 00:11:13,5,58,20.5,81,8.3,1025.1,1030,3.1,3.4,15,426,0
2023-02-19 00:16:13,5,57,20.5,81,8.3,1025.2,1030.1,2.4,3.1,15,426,0
2023-02-19 00:21:13,5,57,20.5,81,8.1,1025.3,1030.2,2.4,3.1,15,426,0
2023-02-19 00:26:13,5,57,20.4,81,7.9,1025.2,1030.1,1.7,2,15,426,0
2023-02-19 00:31:13,5,57,20.4,81,7.6,1025.2,1030.1,1.4,1.7,15,426,0
2023-02-19 00:36:13,5,57,20.4,81,7.5,1025.1,1030,2,2.7,15,426,0
2023-02-19 00:41:13,5,57,20.4,86,7.4,1025.2,1030.1,1.7,2.4,15,426,0
2023-02-19 00:46:13,5,57,20.4,87,7.4,1025.2,1030.1,2,2.7,15,426,0
2023-02-19 00:51:13,5,57,20.4,82,7.5,1025.3,1030.2,2,2.7,1,426,0
2023-02-19 00:56:13,5,57,20.4,88,7.4,1025.1,1030,2.7,3.4,15,426,0
2023-02-19 01:01:13,5,57,20.4,88,7.4,1025.3,1030.2,2,3.1,15,426,0
2023-02-19 01:06:13,5,57,20.3,89,7.3,1025.3,1030.2,3.1,3.7,15,426,0
2023-02-19 01:11:13,5,57,20.4,89,7.3,1025.2,1030.1,2.4,2.7,1,426,0
2023-02-19 01:16:13,5,57,20.3,89,7.4,1025.3,1030.2,2.4,3.1,15,426,0
2023-02-19 01:21:13,5,57,20.3,84,7.7,1025.4,1030.3,2.4,3.1,15,426,0
2023-02-19 01:26:13,5,57,20.3,84,7.8,1025.4,1030.3,1.4,2,15,426,0
2023-02-19 01:31:13,5,57,20.3,85,7.9,1025.5,1030.4,1.7,2.4,15,426,0
2023-02-19 01:36:13,5,57,20.3,85,8.1,1025.3,1030.2,2.7,3.1,15,426,0
2023-02-19 01:41:13,5,57,20.3,85,8.1,1025.2,1030.1,0,0.7,15,426,0
2023-02-19 01:46:13,5,57,20.3,85,8.2,1025.2,1030.1,0,0,15,426,0
2023-02-19 01:51:13,5,57,20.3,85,8.2,1025.2,1030.1,0,0,15,426,0
2023-02-19 01:56:13,5,57,20.3,86,8.2,1025.5,1030.4,0,0,15,426,0
2023-02-19 02:01:13,5,57,20.2,86,8.2,1025.7,1030.6,0,0,1,426,0
2023-02-19 02:06:13,5,57,20.2,86,8.2,1025.7,1030.6,0,0,15,426,0
2023-02-19 02:11:13,5,56,20.2,86,8.2,1025.7,1030.6,0,0,15,426,0
2023-02-19 02:16:13,5,56,20.2,86,8.2,1025.7,1030.6,0,0,15,426,0
2023-02-19 02:21:13,5,56,20.2,86,8.3,1025.8,1030.7,0,0,15,426,0
2023-02-19 02:26:13,5,56,20.2,86,8.3,1025.6,1030.5,0,0,15,426,0
2023-02-19 02:31:13,5,56,20.2,86,8.2,1025.6,1030.5,0,0,15,426,0
2023-02-19 02:36:13,5,56,20.1,86,8.2,1025.6,1030.5,0,0,15,426,0
2023-02-19 02:41:13,5,56,20.1,86,8.3,1025.6,1030.5,0,0,15,426,0
2023-02-19 02:46:13,5,56,20.1,86,8.3,1025.5,1030.4,0,0,14,426,0
2023-02-19 02:51:13,5,56,20.1,86,8.3,1025.7,1030.6,0,0,15,426,0
2023-02-19 02:56:13,5,56,20.1,86,8.3,1025.4,1030.3,0,0,15,426,0
2023-02-19 03:01:13,5,56,20.1,87,8.3,1025.7,1030.6,0,0,8,426,0
2023-02-19 03:06:13,5,56,20.1,87,8.3,1025.5,1030.4,0,0,15,426,0
2023-02-19 03:11:13,5,56,20.1,87,8.3,1025.6,1030.5,0,0,15,426,0
2023-02-19 03:16:13,5,56,20,87,8.3,1025.5,1030.4,0,0,14,426,0
2023-02-19 03:21:13,5,56,20.1,87,8.4,1025.5,1030.4,0,0,15,426,0
2023-02-19 03:26:13,5,56,20.1,88,8.4,1025.8,1030.7,0,0,15,426,0
2023-02-19 03:31:13,5,56,20.1,88,8.4,1025.8,1030.7,0,0,14,426,0
2023-02-19 03:36:13,5,56,20.1,88,8.4,1025.8,1030.7,0,0,14,426,0
2023-02-19 03:41:13,5,56,20.1,88,8.4,1025.7,1030.6,0,0,15,426,0
2023-02-19 03:46:13,5,56,20.1,88,8.3,1025.7,1030.6,0,0,15,426,0
2023-02-19 03:51:13,5,56,20.1,88,8.3,1025.9,1030.8,0,0,15,426,0
2023-02-19 03:56:13,5,56,20,88,8.3,1025.8,1030.7,0,0,15,426,0
2023-02-19 04:01:13,5,56,20,88,8.3,1025.7,1030.6,0,0,1,426,0
2023-02-19 04:06:13,5,56,20,88,8.3,1025.5,1030.4,0,0,12,426,0
2023-02-19 04:11:13,5,56,20,88,8.3,1025.6,1030.5,0,0,15,426,0
2023-02-19 04:16:13,5,56,20,89,8.3,1025.4,1030.3,0,0,15,426,0
2023-02-19 04:21:13,5,56,20,89,8.3,1025.5,1030.4,0,0,14,426,0
2023-02-19 04:26:13,5,56,20,89,8.3,1025.4,1030.3,0,0,15,426,0
2023-02-19 04:31:13,5,56,20,89,8.3,1025.6,1030.5,0,0,15,426,0
2023-02-19 04:36:13,5,56,20,89,8.3,1025.5,1030.4,0,0,15,426,0
2023-02-19 04:41:13,5,57,19.9,89,8.3,1025.4,1030.3,0,0,15,426,0
2023-02-19 04:46:13,5,57,19.9,89,8.2,1025.5,1030.4,0,0,1,426,0
2023-02-19 04:51:13,5,57,19.9,89,8.2,1025.4,1030.3,0,0,15,426,0
2023-02-19 04:56:13,5,57,19.9,89,8.1,1025.3,1030.2,0,0,15,426,0
2023-02-19 05:01:13,5,57,19.9,89,8.1,1025.3,1030.2,0,0,15,426,0
2023-02-19 05:06:13,5,56,19.9,89,8,1025.3,1030.2,0,0,15,426,0
2023-02-19 05:11:13,5,56,19.9,88,7.9,1025.2,1030.1,0,0,0,426,0
2023-02-19 05:16:13,5,56,19.9,88,7.9,1025.1,1030,0,0,1,426,0
2023-02-19 05:21:13,5,56,19.8,88,7.9,1025.1,1030,0,0,1,426,0
2023-02-19 05:26:13,5,56,19.8,88,7.9,1025.2,1030.1,0,0,15,426,0
2023-02-19 05:31:13,5,56,19.8,89,7.9,1024.9,1029.8,0,0,15,426,0
2023-02-19 05:36:13,5,56,19.8,89,7.9,1024.9,1029.8,0,0,1,426,0
2023-02-19 05:41:13,5,56,19.8,89,7.8,1024.8,1029.7,0,0,15,426,0
2023-02-19 05:46:13,5,56,19.8,89,7.9,1024.7,1029.6,0,0,15,426,0
2023-02-19 05:51:13,5,56,19.8,88,7.9,1024.8,1029.7,0,0,15,426,0
2023-02-19 05:56:13,5,56,19.8,88,7.9,1024.8,1029.7,0,0,14,426,0
2023-02-19 06:01:13,5,56,19.8,88,7.9,1024.8,1029.7,0,0,15,426,0
2023-02-19 06:06:13,5,56,19.8,88,7.9,1024.5,1029.4,0,0,15,426,0
2023-02-19 06:11:13,5,56,19.7,88,8,1024.5,1029.4,0,0,14,426,0
2023-02-19 06:16:13,5,56,19.7,88,8,1024.4,1029.3,0,0,1,426,0
2023-02-19 06:21:13,5,56,19.7,88,8,1024.5,1029.4,0,0,15,426,0
2023-02-19 06:26:13,5,56,19.7,87,8,1024.6,1029.5,0,0,15,426,0
2023-02-19 06:31:13,5,56,19.7,87,8,1024.7,1029.6,0,0,15,426,0
2023-02-19 06:36:13,5,56,19.7,87,8,1024.6,1029.5,0,0,15,426,0
2023-02-19 06:41:13,5,56,19.7,87,8.1,1024.8,1029.7,0,0,15,426,0
2023-02-19 06:46:13,5,56,19.7,87,8.1,1024.8,1029.7,0,0,15,426,0
2023-02-19 06:51:13,5,56,19.7,86,8.1,1024.5,1029.4,0,0,15,426,0
2023-02-19 06:56:13,5,56,19.7,86,8.1,1024.7,1029.6,0,0,15,426,0
2023-02-19 07:01:13,5,56,19.7,86,8.1,1024.7,1029.6,0,0,15,426,0
2023-02-19 07:06:13,5,56,19.7,86,8.1,1024.8,1029.7,0,0,15,426,0
2023-02-19 07:11:13,5,56,19.7,86,8.1,1024.8,1029.7,0,0,15,426,0
2023-02-19 07:16:13,5,56,19.7,85,8.1,1024.7,1029.6,0,0,15,426,0
2023-02-19 07:21:13,5,56,19.6,85,8.2,1024.9,1029.8,0,0,1,426,0
2023-02-19 07:26:13,5,56,19.6,86,8.2,1025,1029.9,0,0,15,426,0
2023-02-19 07:31:13,5,56,19.6,86,8.2,1025,1029.9,0,0,1,426,0
2023-02-19 07:36:13,5,56,19.6,86,8.2,1025,1029.9,0,0,15,426,0
2023-02-19 07:41:13,5,56,19.6,86,8.2,1025.1,1030,0,0,15,426,0
2023-02-19 07:46:13,5,56,19.6,86,8.2,1024.8,1029.7,0,0,15,426,0
2023-02-19 07:51:13,5,56,19.6,86,8.3,1024.8,1029.7,0,0,1,426,0
2023-02-19 07:56:13,5,56,19.6,86,8.3,1024.8,1029.7,0,0,15,426,0
2023-02-19 08:01:13,5,57,19.6,86,8.4,1024.7,1029.6,0,0,15,426,0
2023-02-19 08:06:13,5,57,19.6,86,8.5,1024.9,1029.8,0,0,15,426,0
2023-02-19 08:11:13,5,57,19.6,85,8.5,1024.8,1029.7,0,0,15,426,0
2023-02-19 08:16:13,5,57,19.6,85,8.5,1024.7,1029.6,0,0,15,426,0
2023-02-19 08:21:13,5,57,19.6,85,8.5,1024.7,1029.6,0,0,1,426,0
2023-02-19 08:26:13,5,57,19.6,84,8.5,1024.8,1029.7,0,0,15,426,0
2023-02-19 08:31:13,5,57,19.6,84,8.6,1024.9,1029.8,0,0,1,426,0
2023-02-19 08:36:13,5,57,19.7,84,8.6,1024.8,1029.7,0,0,1,426,0
2023-02-19 08:41:13,5,56,19.6,84,8.7,1024.9,1029.8,0,0,15,426,0
2023-02-19 08:46:13,5,56,19.6,83,8.7,1025.1,1030,0,0,15,426,0
2023-02-19 08:51:13,5,56,19.7,83,8.8,1025.1,1030,0,0,1,426,0
2023-02-19 08:56:13,5,56,19.7,83,8.8,1025.3,1030.2,0,0,15,426,0
2023-02-19 09:01:13,5,56,19.6,83,8.9,1025.2,1030.1,0,0,15,426,0
2023-02-19 09:06:13,5,56,19.7,83,8.9,1025.2,1030.1,0,0,15,426,0
2023-02-19 09:11:13,5,56,19.7,83,9,1025.1,1030,0,0,1,426,0
2023-02-19 09:16:13,5,56,19.7,83,9.1,1025.1,1030,0,0,15,426,0
2023-02-19 09:21:13,5,56,19.6,83,9.1,1025.3,1030.2,0,0,15,426,0
2023-02-19 09:26:13,5,56,19.7,83,9.1,1025.3,1030.2,0,0,15,426,0
2023-02-19 09:31:13,5,56,19.7,83,9.1,1025.1,1030,0,0,15,426,0
2023-02-19 09:36:13,5,56,19.7,83,9.1,1025.3,1030.2,0,0,1,426,0
2023-02-19 09:41:13,5,56,19.7,84,9,1025.4,1030.3,0,0,14,426,0
2023-02-19 09:46:13,5,56,19.7,84,9,1025.4,1030.3,0,0,15,426,0
2023-02-19 09:51:13,5,56,19.7,85,9,1025.5,1030.4,0,0,14,426,0
2023-02-19 09:56:13,5,56,19.7,85,9,1025.5,1030.4,0,0,13,426,0
2023-02-19 10:01:13,5,56,19.7,86,9.1,1025.5,1030.4,0,0,15,426,0
2023-02-19 10:06:13,5,56,19.7,86,9.3,1025.4,1030.3,0,0,15,426,0
2023-02-19 10:11:13,5,56,19.7,86,9.4,1025.4,1030.3,0,0,15,426,0
2023-02-19 10:16:13,5,56,19.7,86,9.5,1025.6,1030.5,0,0,1,426,0
2023-02-19 10:21:13,5,56,19.7,85,9.6,1025.6,1030.5,0,0,15,426,0
2023-02-19 10:26:13,5,56,19.7,85,9.7,1025.4,1030.3,0,0,15,426,0
2023-02-19 10:31:13,5,56,19.7,84,9.8,1025.2,1030.1,0,0,15,426,0
2023-02-19 10:36:13,5,55,19.7,84,9.9,1025.4,1030.3,4.1,4.4,15,426,0
2023-02-19 10:41:13,5,56,19.7,84,10,1025.3,1030.2,3.7,4.8,15,426,0
2023-02-19 10:46:13,5,55,19.7,83,10,1025.4,1030.3,4.8,6.5,15,426,0
2023-02-19 10:51:13,5,55,19.7,83,10.1,1025.3,1030.2,5.8,7.5,15,426,0
2023-02-19 10:56:13,5,55,19.7,83,10.2,1025.2,1030.1,4.4,5.1,,426,0
2023-02-19 11:01:13,5,55,19.7,82,10.2,1025.3,1030.2,4.4,5.4,15,426,0
2023-02-19 11:06:13,5,55,19.7,82,10.2,1025.1,1030,6.1,7.5,1,426,0
2023-02-19 11:11:13,5,55,19.7,82,10.4,1025,1029.9,6.1,7.1,14,426,0
2023-02-19 11:16:13,5,56,19.8,82,10.6,1025,1029.9,5.1,6.5,14,426,0
2023-02-19 11:21:13,5,56,19.8,81,10.7,1024.9,1029.8,5.4,6.8,15,426,0
2023-02-19 11:26:13,5,56,19.8,81,10.5,1024.8,1029.7,4.4,6.1,1,426,0
2023-02-19 11:31:13,5,56,19.8,81,10.6,1024.7,1029.6,5.8,6.8,15,426,0
2023-02-19 11:36:13,5,57,19.9,80,10.8,1024.7,1029.6,7.5,8.5,15,426,0
2023-02-19 11:41:13,5,57,19.9,79,10.9,1024.7,1029.6,7.1,8.5,15,426,0
2023-02-19 11:46:13,5,58,19.9,78,10.9,1024.5,1029.4,5.1,6.8,15,426,0
2023-02-19 11:51:13,5,57,20,78,11,1024.3,1029.2,6.1,7.8,15,426,0
2023-02-19 11:56:13,5,57,20,77,11.3,1024.3,1029.2,4.8,5.8,15,426,0
2023-02-19 12:01:13,5,57,20,76,11.4,1024.2,1029.1,7.1,8.8,15,426,0
2023-02-19 12:06:13,5,57,20.1,76,11.2,1024.1,1029,5.8,6.8,12,426,0
2023-02-19 12:11:13,5,58,20.1,76,11.5,1024.2,1029.1,4.8,6.1,15,426,0
2023-02-19 12:16:13,5,58,20.1,75,11.5,1024,1028.9,5.4,7.1,15,426,0
2023-02-19 12:21:13,5,58,20.1,75,11.6,1023.9,1028.8,6.1,7.8,15,426,0
2023-02-19 12:26:13,5,58,20.2,75,11.5,1024,1028.9,5.8,7.1,15,426,0
2023-02-19 12:31:13,5,58,20.2,76,11.4,1024.2,1029.1,4.8,6.8,15,426,0
2023-02-19 12:36:13,5,58,20.2,76,11.5,1024.1,1029,4.8,6.8,1,426,0
2023-02-19 12:41:13,5,58,20.2,76,11.6,1023.8,1028.7,5.8,7.1,15,426,0
2023-02-19 12:46:13,5,57,20.2,76,11.6,1023.8,1028.7,6.1,9.2,15,426,0
2023-02-19 12:51:13,5,57,20.2,76,11.4,1023.9,1028.8,3.7,4.8,15,426,0
2023-02-19 12:56:13,5,57,20.3,76,11.5,1023.9,1028.8,4.4,6.5,15,426,0
2023-02-19 13:01:13,5,57,20.3,76,11.7,1023.8,1028.7,4.4,5.4,12,426,0
2023-02-19 13:06:13,5,57,20.3,75,11.7,1023.7,1028.6,5.4,6.5,15,426,0
2023-02-19 13:11:13,5,57,20.3,75,12,1023.5,1028.4,3.4,4.4,1,426,0
2023-02-19 13:16:13,5,57,20.3,75,12.3,1023.7,1028.6,6.1,8.2,1,426,0
2023-02-19 13:21:13,5,57,20.3,72,12.6,1023.5,1028.4,6.1,7.5,15,426,0
2023-02-19 13:26:13,5,57,20.3,74,12.3,1023.7,1028.6,5.8,6.5,1,426,0
2023-02-19 13:31:13,5,57,20.4,75,12.2,1023.7,1028.6,4.4,5.8,15,426,0
2023-02-19 13:36:13,5,57,20.4,75,12.1,1023.8,1028.7,2.4,3.4,15,426,0
2023-02-19 13:41:13,5,58,20.4,76,12,1023.7,1028.6,4.4,5.4,12,426,0
2023-02-19 13:46:13,5,60,20.4,75,11.7,1023.6,1028.5,6.8,8.8,8,426,0
2023-02-19 13:51:13,5,61,20.4,76,11.7,1023.5,1028.4,7.1,9.2,8,426,0
2023-02-19 13:56:13,5,62,20.4,76,11.7,1023.4,1028.3,7.5,8.8,8,426,0
2023-02-19 14:01:13,5,62,20.5,77,11.6,1023.4,1028.3,3.7,5.4,10,426,0
2023-02-19 14:06:13,5,62,20.4,77,11.6,1023.3,1028.2,5.4,8.5,10,426,0
2023-02-19 14:11:13,5,62,20.4,77,11.6,1023.2,1028.1,4.8,6.1,10,426,0
2023-02-19 14:16:13,5,62,20.4,77,11.6,1023,1027.9,6.8,10.2,10,426,0
2023-02-19 14:21:13,5,62,20.4,77,11.6,1023.1,1028,5.4,6.1,8,426,0
2023-02-19 14:26:13,5,60,20.4,78,11.6,1023,1027.9,6.5,8.5,10,426,0
2023-02-19 14:31:13,5,59,20.4,78,11.6,1022.9,1027.8,5.8,7.5,10,426,0
2023-02-19 14:36:13,5,59,20.4,78,11.7,1022.9,1027.8,5.1,7.1,10,426,0
2023-02-19 14:41:13,5,59,20.3,78,11.7,1022.7,1027.6,4.1,6.1,8,426,0
2023-02-19 14:46:13,5,59,20.3,78,11.7,1022.8,1027.7,4.4,5.8,10,426,0
2023-02-19 14:51:13,5,59,20.3,78,11.7,1022.7,1027.6,5.1,6.8,15,426,0
2023-02-19 14:56:13,5,59,20.3,79,11.7,1022.7,1027.6,6.8,8.8,15,426,0
2023-02-19 15:01:13,5,59,20.3,79,11.7,1022.6,1027.5,5.4,8.2,10,426,0
2023-02-19 15:06:13,5,58,20.2,79,11.7,1022.5,1027.4,4.1,6.5,15,426,0
2023-02-19 15:11:13,5,58,20.2,80,11.7,1022.4,1027.3,5.4,6.5,15,426,0
2023-02-19 15:16:13,5,59,20.2,80,11.7,1022.2,1027.1,3.7,4.8,15,426,0
2023-02-19 15:21:13,5,59,20.3,80,11.7,1022.1,1027,5.1,5.8,15,426,0
2023-02-19 15:26:13,5,58,20.2,80,11.7,1022.1,1027,4.4,6.1,15,426,0
2023-02-19 15:31:13,5,58,20.2,80,11.7,1022,1026.9,4.8,5.8,15,426,0
2023-02-19 15:36:13,5,58,20.2,80,11.7,1022,1026.9,5.1,5.8,15,426,0
2023-02-19 15:41:13,5,58,20.3,81,11.6,1021.9,1026.8,4.4,5.4,15,426,0
2023-02-19 15:46:13,5,58,20.2,81,11.5,1022,1026.9,4.4,5.4,,426,0
2023-02-19 15:51:13,5,58,20.2,81,11.5,1021.9,1026.8,3.7,4.4,15,426,0
2023-02-19 15:56:13,5,58,20.2,82,11.5,1021.8,1026.7,6.1,8.2,1,426,0
2023-02-19 16:01:13,5,58,20.2,82,11.5,1021.8,1026.7,6.1,7.5,15,426,0
2023-02-19 16:06:13,5,58,20.1,82,11.5,1021.7,1026.6,4.8,6.1,15,426,0
2023-02-19 16:11:13,5,58,20.1,82,11.5,1021.7,1026.6,6.5,8.2,15,426,0
2023-02-19 16:16:13,5,58,20.1,82,11.5,1021.8,1026.7,5.1,5.4,1,426,0
2023-02-19 16:21:13,5,58,20.1,82,11.5,1021.8,1026.7,4.8,6.5,1,426,0
2023-02-19 16:26:13,5,58,20.1,82,11.5,1021.8,1026.7,5.8,7.5,15,426,0
2023-02-19 16:31:13,5,58,20.1,82,11.5,1021.8,1026.7,4.8,6.1,15,426,0
2023-02-19 16:36:13,5,58,20.1,82,11.4,1021.8,1026.7,5.4,6.1,1,426,0
2023-02-19 16:41:13,5,58,20,82,11.4,1021.7,1026.6,5.1,6.1,8,426,0
2023-02-19 16:46:13,5,58,20,83,11.3,1021.8,1026.7,4.8,6.5,15,426,0
2023-02-19 16:51:13,5,58,20,83,11.3,1021.6,1026.5,5.8,7.5,14,426,0
2023-02-19 16:56:13,5,58,20,83,11.3,1021.6,1026.5,4.8,5.8,15,426,0
2023-02-19 17:01:13,5,58,20,83,11.3,1021.6,1026.5,3.7,4.8,15,426,0
2023-02-19 17:06:13,5,58,20,83,11.3,1021.6,1026.5,5.8,7.8,8,426,0
2023-02-19 17:11:13,5,58,20,83,11.3,1021.6,1026.5,6.5,7.8,1,426,0
2023-02-19 17:16:13,5,59,19.9,83,11.3,1021.6,1026.5,5.8,7.1,15,426,0
2023-02-19 17:21:13,5,59,19.9,83,11.2,1021.4,1026.3,5.4,7.1,15,426,0
2023-02-19 17:26:13,5,59,19.9,83,11.1,1021.4,1026.3,6.1,7.8,15,426,0
2023-02-19 17:31:13,5,58,19.9,83,11.1,1021.5,1026.4,5.4,7.5,15,426,0
2023-02-19 17:36:13,5,58,19.9,83,11,1021.4,1026.3,5.8,7.1,15,426,0
2023-02-19 17:41:13,5,58,19.9,83,11,1021.4,1026.3,6.1,8.8,15,426,0
2023-02-19 17:46:13,5,58,19.9,83,10.9,1021.3,1026.2,4.8,5.4,15,426,0
2023-02-19 17:51:13,5,58,19.9,83,10.9,1021.1,1026,6.1,7.8,15,426,0
2023-02-19 17:56:13,5,58,19.9,83,10.8,1021.3,1026.2,7.5,8.2,15,426,0
2023-02-19 18:01:13,5,58,19.8,83,10.8,1021.3,1026.2,5.8,8.2,15,426,0
2023-02-19 18:06:13,5,58,19.8,83,10.7,1021.2,1026.1,4.4,6.1,15,426,0
2023-02-19 18:11:13,5,58,19.8,83,10.6,1021.2,1026.1,6.1,7.5,15,426,0
2023-02-19 18:16:13,5,58,19.8,83,10.7,1021.3,1026.2,6.5,7.8,1,426,0
2023-02-19 18:21:13,5,58,19.8,84,10.7,1021.3,1026.2,4.8,5.8,15,426,0
2023-02-19 18:26:13,5,58,19.8,84,10.6,1021.4,1026.3,4.8,6.1,1,426,0
2023-02-19 18:31:13,5,58,19.7,84,10.7,1021.4,1026.3,6.1,7.5,1,426,0
2023-02-19 18:36:13,5,58,19.7,84,10.6,1021.3,1026.2,3.7,4.8,14,426,0
2023-02-19 18:41:13,5,58,19.7,84,10.6,1021.5,1026.4,6.8,9.9,15,426,0
2023-02-19 18:46:13,5,58,19.7,84,10.6,1021.4,1026.3,5.1,5.8,15,426,0
2023-02-19 18:51:13,5,59,19.7,84,10.6,1021.4,1026.3,4.1,5.4,15,426,0
2023-02-19 18:56:13,5,59,19.7,84,10.6,1021.4,1026.3,5.4,7.5,15,426,0
2023-02-19 19:01:13,5,60,19.7,85,10.6,1021.5,1026.4,4.4,6.8,14,426,0
2023-02-19 19:06:13,5,61,19.7,85,10.6,1021.3,1026.2,5.8,7.5,15,426,0
2023-02-19 19:11:13,5,61,19.7,85,10.6,1021.3,1026.2,4.4,5.8,15,426,0
2023-02-19 19:16:13,5,62,19.7,85,10.6,1021.2,1026.1,4.4,5.8,15,426,0
2023-02-19 19:21:13,5,62,19.7,85,10.7,1021.4,1026.3,6.1,7.5,15,426,0
2023-02-19 19:26:13,5,62,19.7,84,10.7,1021.2,1026.1,6.1,7.8,15,426,0
2023-02-19 19:31:13,5,62,19.7,84,10.7,1021.2,1026.1,5.4,6.5,15,426,0
2023-02-19 19:36:13,5,62,19.7,84,10.7,1021.3,1026.2,5.1,6.5,15,426,0
2023-02-19 19:41:13,5,62,19.8,84,10.7,1021.2,1026.1,5.8,7.1,15,426,0
2023-02-19 19:46:13,5,63,19.8,84,10.6,1021.4,1026.3,4.4,6.1,1,426,0
2023-02-19 19:51:13,5,63,19.8,84,10.6,1021.3,1026.2,4.4,5.4,15,426,0
2023-02-19 19:56:13,5,63,19.8,84,10.6,1021.4,1026.3,5.1,6.8,15,426,0
2023-02-19 20:01:13,5,63,19.8,84,10.6,1021.4,1026.3,5.1,6.5,15,426,0
2023-02-19 20:06:13,5,63,19.9,84,10.5,1021.5,1026.4,4.1,5.1,15,426,0
2023-02-19 20:11:13,5,63,19.9,84,10.5,1021.6,1026.5,5.1,6.5,15,426,0
2023-02-19 20:16:13,5,63,19.9,84,10.5,1021.7,1026.6,6.1,7.8,15,426,0
2023-02-19 20:21:13,5,63,19.9,84,10.5,1021.5,1026.4,4.4,6.1,1,426,0
2023-02-19 20:26:13,5,63,19.9,84,10.5,1021.6,1026.5,4.4,5.1,15,426,0
2023-02-19 20:31:13,5,63,19.9,84,10.4,1021.7,1026.6,5.1,7.5,15,426,0
2023-02-19 20:36:13,5,63,19.9,84,10.4,1021.5,1026.4,5.4,7.1,1,426,0
2023-02-19 20:41:13,5,63,19.9,84,10.4,1021.6,1026.5,5.1,6.1,15,426,0
2023-02-19 20:46:13,5,63,19.9,84,10.4,1021.5,1026.4,5.1,6.5,15,426,0
2023-02-19 20:51:13,5,62,19.9,84,10.4,1021.6,1026.5,4.1,5.4,1,426,0
2023-02-19 20:56:13,5,62,19.9,84,10.3,1021.5,1026.4,4.8,6.1,15,426,0
2023-02-19 21:01:13,5,62,19.9,84,10.3,1021.4,1026.3,4.8,5.4,15,426,0
2023-02-19 21:06:13,5,62,19.9,84,10.3,1021.3,1026.2,4.8,6.1,15,426,0
2023-02-19 21:11:13,5,61,20,84,10.3,1021.3,1026.2,5.8,6.8,15,426,0
2023-02-19 21:16:13,5,61,20,84,10.3,1021.3,1026.2,5.4,7.1,15,426,0
2023-02-19 21:21:13,5,61,20,84,10.2,1021.2,1026.1,4.8,6.5,15,426,0
2023-02-19 21:26:13,5,61,20,84,10.3,1021.2,1026.1,4.8,5.8,15,426,0
2023-02-19 21:31:13,5,61,20,84,10.3,1021.2,1026.1,5.8,7.1,15,426,0
2023-02-19 21:36:13,5,61,20,84,10.3,1021.3,1026.2,5.4,7.1,15,426,0
2023-02-19 21:41:13,5,61,20,84,10.3,1021.1,1026,5.4,8.5,15,426,0
2023-02-19 21:46:13,5,61,20,84,10.3,1021,1025.9,6.5,8.5,15,426,0
2023-02-19 21:51:13,5,61,20,84,10.3,1021,1025.9,4.8,6.1,15,426,0
2023-02-19 21:56:13,5,61,20,84,10.3,1020.9,1025.8,4.8,6.8,15,426,0
2023-02-19 22:01:13,5,61,20,84,10.3,1021.1,1026,4.8,5.8,1,426,0
2023-02-19 22:06:13,5,61,20,84,10.3,1020.9,1025.8,7.5,8.8,15,426,0
2023-02-19 22:11:13,5,61,20,84,10.4,1020.9,1025.8,7.1,9.9,6,426,0
2023-02-19 22:16:13,5,60,20,84,10.4,1021,1025.9,5.1,6.5,12,426,0
2023-02-19 22:21:13,5,60,20,83,10.4,1020.9,1025.8,4.4,6.1,15,426,0
2023-02-19 22:26:13,5,60,20,83,10.4,1020.8,1025.7,5.1,6.5,15,426,0
2023-02-19 22:31:13,5,60,20,83,10.4,1020.8,1025.7,5.8,7.1,15,426,0
2023-02-19 22:36:13,5,60,20,83,10.5,1020.7,1025.6,6.1,7.8,15,426,0
2023-02-19 22:41:13,5,60,20,83,10.5,1020.7,1025.6,5.1,6.8,15,426,0
2023-02-19 22:46:13,5,60,20,83,10.5,1020.5,1025.4,5.1,5.8,15,426,0
2023-02-19 22:51:13,5,60,20,83,10.6,1020.5,1025.4,5.8,7.8,1,426,0
2023-02-19 22:56:13,5,60,20,82,10.6,1020.4,1025.3,6.5,7.8,1,426,0
2023-02-19 23:01:13,5,60,20,82,10.5,1020.4,1025.3,6.5,9.5,15,426,0
2023-02-19 23:06:13,5,60,20,82,10.5,1020.5,1025.4,4.8,6.5,8,426,0
2023-02-19 23:11:13,5,60,20,82,10.5,1020.6,1025.5,5.4,6.8,15,426,0
2023-02-19 23:16:13,5,61,19.9,82,10.6,1020.6,1025.5,4.1,5.4,1,426,0
2023-02-19 23:21:13,5,60,20,82,10.6,1020.6,1025.5,4.8,5.8,15,426,0
2023-02-19 23:26:13,5,61,19.9,82,10.6,1020.3,1025.2,6.5,7.8,15,426,0
2023-02-19 23:31:13,5,60,20,82,10.6,1020.4,1025.3,3.4,5.1,15,426,0
2023-02-19 23:36:13,5,61,19.9,82,10.6,1020.3,1025.2,5.1,6.1,15,426,0
2023-02-19 23:41:13,5,61,19.9,82,10.7,1020.5,1025.4,4.4,5.1,15,426,0
2023-02-19 23:46:13,5,61,19.9,82,10.7,1020.3,1025.2,6.1,7.1,15,426,0
2023-02-19 23:51:13,5,61,19.9,82,10.7,1020.3,1025.2,4.8,6.1,15,426,0
2023-02-19 23:56:13,5,61,19.9,82,10.7,1020.3,1025.2,5.8,6.8,1,426,0
