2016-07-11 00:01:24,6,66,21.3,75,13.8,995.8,1000.7,2,3.4,10,147,0
2016-07-11 00:06:24,5,66,21.3,75,13.8,995.9,1000.8,2,3.1,12,147,0
2016-07-11 00:11:24,5,66,21.3,75,13.8,996,1000.9,1.7,2.4,14,147,0
2016-07-11 00:17:24,6,66,21.3,75,13.8,995.9,1000.8,0.7,1.7,10,147,0
2016-07-11 00:22:24,5,66,21.3,75,13.8,996,1000.9,2,3.1,12,147,0
2016-07-11 00:27:24,5,66,21.3,75,13.8,996.1,1001,1.4,2.4,14,147,0
2016-07-11 00:33:24,6,66,21.3,75,13.7,996.2,1001.1,1.7,2.7,12,147,0
2016-07-11 00:38:24,5,66,21.3,75,13.7,996.1,1001,1.4,1.7,8,147,0
2016-07-11 00:43:24,5,66,21.2,75,13.7,996.3,1001.2,1.4,2,14,147,0
2016-07-11 00:49:24,6,66,21.3,75,13.7,996.3,1001.2,2,3.4,10,147,0
2016-07-11 00:54:24,5,66,21.3,75,13.7,996.3,1001.2,0.7,2,12,147,0
2016-07-11 00:59:24,5,66,21.3,75,13.7,996.3,1001.2,1.4,2,1,147,0
2016-07-11 01:05:24,6,65,21.2,75,13.7,996.3,1001.2,0.3,1,10,147,0
2016-07-11 01:10:24,5,65,21.3,75,13.6,996.4,1001.3,1,2,10,147,0
2016-07-11 01:15:24,5,65,21.3,75,13.6,996.5,1001.4,0.7,1,12,147,0
2016-07-11 01:21:24,6,65,21.3,75,13.6,996.5,1001.4,1,2,12,147,0
2016-07-11 01:26:24,5,65,21.3,75,13.5,996.6,1001.5,1,1.4,12,147,0
2016-07-11 01:31:24,5,65,21.3,75,13.5,996.6,1001.5,0.7,1,12,147,0
2016-07-11 01:37:24,6,65,21.3,75,13.5,996.7,1001.6,1,2.7,12,147,0
2016-07-11 01:42:24,5,65,21.3,75,13.5,996.6,1001.5,0.7,1.4,12,147,0
2016-07-11 01:47:24,5,65,21.3,75,13.5,996.7,1001.6,0.7,1,12,147,0
2016-07-11 01:53:23,6,65,21.2,75,13.5,996.8,1001.7,1,1.7,12,147,0
2016-07-11 01:58:23,5,65,21.3,75,13.6,996.9,1001.8,0.7,1.7,13,147,0
2016-07-11 02:03:23,5,65,21.2,75,13.6,996.9,1001.8,2,3.7,14,147,0
2016-07-11 02:09:23,6,65,21.3,75,13.7,996.9,1001.8,1,1.7,12,147,0
2016-07-11 02:14:23,5,65,21.3,75,13.6,996.9,1001.8,2.4,3.1,10,147,0
2016-07-11 02:19:23,5,65,21.3,75,13.6,997,1001.9,2,3.1,12,147,0
2016-07-11 02:25:23,6,65,21.3,76,13.6,997.1,1002,0.7,1.4,12,147,0
2016-07-11 02:30:23,5,65,21.3,76,13.6,997.1,1002,1.4,2,12,147,0
2016-07-11 02:35:23,5,65,21.3,76,13.6,997.2,1002.1,1.7,2.7,10,147,0
2016-07-11 02:41:23,6,65,21.3,75,13.5,997.2,1002.1,2,3.1,14,147,0
2016-07-11 02:46:23,5,65,21.3,75,13.5,997.4,1002.3,4.8,6.5,12,147,0
2016-07-11 02:51:23,5,65,21.3,75,13.4,997.3,1002.2,2.4,3.7,14,147,0
2016-07-11 02:57:23,6,65,21.3,75,13.3,997.5,1002.4,1.4,1.7,12,147,0
2016-07-11 03:02:23,5,65,21.2,75,13.2,997.5,1002.4,1,1.7,14,147,0
2016-07-11 03:07:23,5,65,21.3,75,13.2,997.5,1002.4,2,3.7,0,147,0
2016-07-11 03:13:23,6,65,21.2,75,13.2,997.6,1002.5,1,2,12,147,0
2016-07-11 03:18:23,5,65,21.2,75,13.1,997.7,1002.6,4.1,5.4,12,147,0
2016-07-11 03:23:23,5,65,21.2,75,13.1,997.7,1002.6,1,2,10,147,0
2016-07-11 03:29:23,6,65,21.2,75,13.1,997.9,1002.8,2,4.4,12,147,0
2016-07-11 03:34:23,5,65,21.2,75,13.1,997.9,1002.8,1.4,2,10,147,0
2016-07-11 03:39:23,5,65,21.3,75,13.1,998,1002.9,1,2,10,147,0
2016-07-11 03:45:23,6,65,21.3,75,13.1,998,1002.9,2,3.1,10,147,0
2016-07-11 03:50:23,5,65,21.2,75,13,998,1002.9,1.4,2.4,12,147,0
2016-07-11 03:55:23,5,65,21.2,75,13,998.2,1003.1,1.4,2.7,12,147,0
2016-07-11 04:01:23,6,65,21.2,75,13,998.3,1003.2,1.4,2.4,14,147,0
2016-07-11 04:06:23,5,65,21.2,75,13,998.4,1003.3,2.4,3.4,10,147,0
2016-07-11 04:11:23,5,65,21.2,74,12.9,998.5,1003.4,1.4,2,12,147,0
2016-07-11 04:17:23,6,65,21.2,74,12.8,998.5,1003.4,1.4,2.4,12,147,0
2016-07-11 04:22:23,5,65,21.2,74,12.7,998.8,1003.7,2,3.1,12,147,0
2016-07-11 04:27:23,5,65,21.2,74,12.6,998.8,1003.7,2.4,5.4,0,147,0
2016-07-11 04:33:23,6,64,21.1,74,12.5,998.8,1003.7,1,2,10,147,0
2016-07-11 04:38:23,5,64,21.1,74,12.4,998.9,1003.8,2,2.7,12,147,0
2016-07-11 04:43:23,5,64,21.1,74,12.3,999,1003.9,2.4,4.4,14,147,0
2016-07-11 04:49:23,6,64,21.1,74,12.2,999.1,1004,2.7,4.8,10,147,0
2016-07-11 04:54:23,5,64,21.1,74,12.2,999.1,1004,1.4,2.7,10,147,0
2016-07-11 04:59:23,5,64,21.1,74,12.2,999.2,1004.1,1.4,2,14,147,0
2016-07-11 05:05:23,6,64,21.1,74,12.1,999.3,1004.2,1.4,2,14,147,0
2016-07-11 05:10:23,5,64,21.1,74,12.1,999.3,1004.2,1.7,3.1,14,147,0
2016-07-11 05:15:23,5,64,21.1,74,12.1,999.3,1004.2,1.4,1.7,12,147,0
2016-07-11 05:21:23,6,64,21.1,74,12.1,999.4,1004.3,1.7,3.1,14,147,0
2016-07-11 05:26:23,5,64,21.1,74,12.1,999.3,1004.2,1,2,12,147,0
2016-07-11 05:31:23,5,64,21.1,74,12.1,999.4,1004.3,1.4,2.7,14,147,0
2016-07-11 05:37:23,6,64,21.1,74,12.1,999.5,1004.4,1.4,2.7,14,147,0
2016-07-11 05:42:23,5,64,21.1,74,12.1,999.6,1004.5,3.1,5.1,10,147,0
2016-07-11 05:47:23,5,64,21.1,74,12.1,999.6,1004.5,1.4,3.1,12,147,0
2016-07-11 05:53:23,6,64,21.1,74,12.1,999.8,1004.7,1,2,12,147,0
2016-07-11 05:58:23,5,64,21.1,74,12.1,999.9,1004.8,1.4,2,12,147,0
2016-07-11 06:03:23,5,64,21.1,73,12.1,999.9,1004.8,1,1.7,10,147,0
2016-07-11 06:09:23,6,64,21.1,73,12.2,1000,1004.9,1.4,2.4,12,147,0
2016-07-11 06:14:23,5,64,21.1,73,12.2,1000.2,1005.1,1.7,2.4,12,147,0
2016-07-11 06:19:23,5,64,21.1,73,12.2,1000.1,1005,2.4,3.7,12,147,0
2016-07-11 06:25:23,6,64,21.1,73,12.3,1000.2,1005.1,1.7,2.7,14,147,0
2016-07-11 06:30:23,5,64,21.1,73,12.3,1000.3,1005.2,2,3.1,14,147,0
2016-07-11 06:35:23,5,64,21.1,73,12.3,1000.2,1005.1,1,1.4,12,147,0
2016-07-11 06:41:23,6,64,21.1,73,12.4,1000.4,1005.3,2.4,3.4,14,147,0
2016-07-11 06:46:23,5,64,21.1,73,12.5,1000.5,1005.4,1,1.7,12,147,0
2016-07-11 06:51:23,5,64,21.1,73,12.5,1000.5,1005.4,1,2.4,12,147,0
2016-07-11 06:57:23,6,62,21.1,73,12.6,1000.6,1005.5,1,1.4,12,147,0
2016-07-11 07:02:23,5,62,21.1,73,12.6,1000.8,1005.7,1,1.7,10,147,0
2016-07-11 07:07:23,5,63,21.1,73,12.6,1000.7,1005.6,1.4,2.7,12,147,0
2016-07-11 07:13:23,6,63,21.1,73,12.5,1000.8,1005.7,1,1.7,14,147,0
2016-07-11 07:18:23,5,64,21.1,73,12.6,1000.8,1005.7,1.4,2.4,14,147,0
2016-07-11 07:23:23,5,64,21.1,73,12.6,1000.8,1005.7,1.4,2,12,147,0
2016-07-11 07:29:23,6,64,21.1,73,12.7,1001,1005.9,0.3,1,14,147,0
2016-07-11 07:34:23,5,64,21.1,73,12.8,1001,1005.9,0.7,1.4,12,147,0
2016-07-11 07:39:23,5,64,21.1,73,12.8,1001.2,1006.1,1.4,2,10,147,0
2016-07-11 07:45:23,6,64,21.1,73,12.8,1001.1,1006,1,1.4,14,147,0
2016-07-11 07:50:23,5,64,21.1,73,12.9,1001.4,1006.3,1,1.7,8,147,0
2016-07-11 07:55:23,5,64,21.1,73,13,1001.3,1006.2,1,1.7,8,147,0
2016-07-11 08:01:23,6,64,21.1,73,12.9,1001.5,1006.4,1,2,12,147,0
2016-07-11 08:06:23,5,64,21.1,72,12.9,1001.4,1006.3,1.4,2.7,12,147,0
2016-07-11 08:11:23,5,64,21.1,72,12.8,1001.5,1006.4,2,3.1,14,147,0
2016-07-11 08:17:23,6,64,21.1,72,12.9,1001.5,1006.4,2,3.1,14,147,0
2016-07-11 08:22:23,5,64,21.2,72,13.1,1001.5,1006.4,1.4,2,10,147,0
2016-07-11 08:27:23,5,64,21.2,72,13.3,1001.6,1006.5,1.7,2.4,14,147,0
2016-07-11 08:33:23,6,64,21.2,71,13.5,1001.7,1006.6,1.4,2,9,147,0
2016-07-11 08:38:23,5,61,21.2,71,13.6,1001.7,1006.6,1,1.4,12,147,0
2016-07-11 08:43:23,5,60,21.1,71,13.7,1001.8,1006.7,1,2,14,147,0
2016-07-11 08:49:23,6,59,21.1,70,13.9,1001.9,1006.8,2.4,4.8,14,147,0
2016-07-11 08:54:23,5,59,21,70,13.8,1001.9,1006.8,2.7,3.7,8,147,0
2016-07-11 08:59:23,5,58,21,69,13.9,1002,1006.9,1.4,1.7,10,147,0
2016-07-11 09:05:23,6,59,21,68,14.2,1001.9,1006.8,1.7,2.7,12,147,0
2016-07-11 09:10:23,5,58,21,68,14.2,1001.9,1006.8,2,3.1,14,147,0
2016-07-11 09:15:23,5,58,21,67,14.2,1002.1,1007,1.7,2.7,14,147,0
2016-07-11 09:21:23,6,59,20.9,67,14.3,1002,1006.9,2.4,4.8,14,147,0
2016-07-11 09:26:23,5,59,20.9,68,14.9,1002,1006.9,2.7,3.1,14,147,0
2016-07-11 09:31:23,5,60,20.9,66,15.3,1002,1006.9,2.4,4.8,10,147,0
2016-07-11 09:37:23,6,60,20.9,65,15.2,1002,1006.9,1.7,2.7,8,147,0
2016-07-11 09:42:23,5,60,20.9,66,15.6,1002.3,1007.2,2,3.7,10,147,0
2016-07-11 09:47:23,5,60,20.9,65,15.5,1002.3,1007.2,1.4,2.7,14,147,0
2016-07-11 09:53:23,6,61,20.9,65,15.3,1002.2,1007.1,3.4,4.8,14,147,0
2016-07-11 09:58:23,5,60,21,65,15,1002.2,1007.1,1.4,1.7,12,147,0
2016-07-11 10:03:23,5,61,21,66,15,1002.3,1007.2,1,2,10,147,0
2016-07-11 10:09:23,6,61,21,66,15.3,1002.2,1007.1,1.7,3.1,12,147,0
2016-07-11 10:14:23,5,61,21.1,66,15.6,1002.3,1007.2,1.7,3.4,8,147,0
2016-07-11 10:19:23,5,61,21.1,65,15.4,1002.4,1007.3,2,3.4,14,147,0
2016-07-11 10:25:23,6,61,21.2,66,15.5,1002.3,1007.2,1.7,2.7,10,147,0
2016-07-11 10:30:23,5,61,21.2,66,15.6,1002.4,1007.3,1.7,2.4,10,147,0
2016-07-11 10:35:23,5,62,21.2,65,15.2,1002.5,1007.4,1.7,2.4,12,147.3,0
2016-07-11 10:41:23,6,62,21.3,67,14.8,1002.6,1007.5,1.7,2.4,10,147.3,0
2016-07-11 10:46:23,5,62,21.3,68,14.9,1002.5,1007.4,2,3.7,12,147.3,0
2016-07-11 10:51:23,5,62,21.3,67,15,1002.4,1007.3,3.1,4.4,10,147.3,0
2016-07-11 10:57:23,6,62,21.3,66,15.1,1002.6,1007.5,1.7,3.1,0,147.3,0
2016-07-11 11:02:23,5,62,21.3,66,15,1002.8,1007.7,1.7,2.7,14,147.3,0
2016-07-11 11:07:23,5,62,21.3,67,14.9,1002.7,1007.6,1.4,2,14,147.3,0
2016-07-11 11:13:23,6,62,21.3,66,15.1,1002.7,1007.6,2.4,3.4,14,147.3,0
2016-07-11 11:18:23,5,62,21.3,66,15.3,1002.8,1007.7,1.7,2,12,147.3,0
2016-07-11 11:23:23,5,63,21.6,66,15,1003,1007.9,1,2,14,147.3,0
2016-07-11 11:29:23,6,63,21.5,68,14.9,1003,1007.9,1,2.7,10,147.3,0
2016-07-11 11:34:23,5,63,21.6,67,15,1002.9,1007.8,1.7,2,10,147.3,0
2016-07-11 11:39:23,5,63,21.6,69,14.8,1003,1007.9,1,2,12,147.3,0
2016-07-11 11:45:23,6,63,21.6,69,14.3,1002.9,1007.8,1.7,2.4,10,147.3,0
2016-07-11 11:50:23,5,63,21.6,70,14.4,1002.9,1007.8,1.4,2.4,14,147.3,0
2016-07-11 11:55:23,5,63,21.5,70,14.9,1002.9,1007.8,1.4,2.4,12,147.3,0
2016-07-11 12:01:23,6,64,21.6,70,15.7,1003,1007.9,0.7,1,10,147.3,0
2016-07-11 12:06:23,5,64,21.7,69,16,1003,1007.9,1.4,1.7,10,147.3,0
2016-07-11 12:11:23,5,64,21.7,69,16.1,1002.9,1007.8,1,1.4,12,147.3,0
2016-07-11 12:17:23,6,65,21.7,68,16.7,1003.2,1008.1,1.4,2,10,147.3,0
2016-07-11 12:22:23,5,65,21.7,67,17.2,1003.1,1008,0.7,1.7,10,147.3,0
2016-07-11 12:27:23,5,65,21.9,66,17.8,1003,1007.9,1.4,2.4,8,147.3,0
2016-07-11 12:33:23,6,65,21.9,64,17.9,1003.1,1008,1.4,2.4,10,147.3,0
2016-07-11 12:38:23,5,65,21.9,64,17.1,1003.4,1008.3,5.4,6.8,14,147.6,0
2016-07-11 12:43:23,5,65,21.9,68,14.6,1003.3,1008.2,3.1,4.8,14,147.6,0
2016-07-11 12:49:23,6,65,21.9,69,14.4,1003.4,1008.3,2.4,3.4,14,147.6,0
2016-07-11 12:54:23,5,65,21.9,70,14.7,1003.4,1008.3,1.7,3.1,10,147.6,0
2016-07-11 12:59:23,5,64,22,69,15.3,1003.5,1008.4,4.4,6.5,14,147.6,0
2016-07-11 13:05:23,6,64,22,68,14.9,1003.4,1008.3,7.5,10.5,14,147.6,0
2016-07-11 13:10:23,5,64,22,67,15.2,1003.6,1008.5,4.4,7.1,14,147.6,0
2016-07-11 13:15:23,5,64,22,67,15.2,1003.7,1008.6,5.1,8.2,0,147.6,0
2016-07-11 13:21:23,6,64,22,67,14.6,1003.8,1008.7,3.7,5.4,0,147.6,0
2016-07-11 13:26:23,5,64,22.1,68,14.6,1003.8,1008.7,3.7,5.8,14,147.6,0
2016-07-11 13:31:23,5,64,22.1,67,14.4,1004,1008.9,3.7,5.4,12,147.6,0
2016-07-11 13:37:23,6,63,22.1,67,14.3,1004,1008.9,6.5,8.2,14,147.6,0
2016-07-11 13:42:23,5,63,22.1,67,14.1,1003.9,1008.8,5.8,7.5,14,147.6,0
2016-07-11 13:47:23,5,63,22.1,68,14.2,1004.1,1009,4.1,6.5,14,147.6,0
2016-07-11 13:53:23,6,59,22.2,68,14,1004.2,1009.1,3.4,6.8,13,147.6,0
2016-07-11 13:58:23,5,57,22.2,69,14.1,1004.4,1009.3,5.4,6.5,14,147.6,0
2016-07-11 14:03:23,5,56,22.2,69,13.6,1004.4,1009.3,6.1,8.8,14,147.6,0
2016-07-11 14:09:23,6,59,22.2,68,13.4,1004.3,1009.2,3.4,5.4,12,147.6,0
2016-07-11 14:14:23,5,59,22.3,68,13.5,1004.4,1009.3,3.4,5.4,14,147.6,0
2016-07-11 14:19:23,5,59,22.3,67,13.5,1004.5,1009.4,2.7,4.8,12,147.6,0
2016-07-11 14:25:23,6,59,22.3,67,13.7,1004.5,1009.4,2,3.4,0,147.6,0
2016-07-11 14:30:23,5,56,22.4,67,13.8,1004.5,1009.4,5.4,7.5,14,147.6,0
2016-07-11 14:35:23,5,58,22.4,66,13.6,1004.6,1009.5,4.4,6.1,10,147.6,0
2016-07-11 14:41:23,6,59,22.4,66,13.7,1004.6,1009.5,2.7,3.7,14,147.6,0
2016-07-11 14:46:23,5,59,22.4,66,13.9,1004.7,1009.6,2.4,3.4,14,147.6,0
2016-07-11 14:51:23,5,59,22.5,65,14,1004.8,1009.7,2.7,4.4,14,147.6,0
2016-07-11 14:57:23,6,59,22.5,65,14,1004.7,1009.6,2,2.7,12,147.6,0
2016-07-11 15:02:23,5,59,22.5,65,14.2,1004.6,1009.5,2.7,4.8,14,147.6,0
2016-07-11 15:07:23,5,55,22.6,65,14.3,1004.7,1009.6,2.7,4.8,14,147.6,0
2016-07-11 15:13:23,6,50,22.5,64,14.4,1004.8,1009.7,3.4,4.4,14,147.6,0
2016-07-11 15:18:23,5,50,22.6,64,14.5,1004.7,1009.6,2.4,3.7,14,147.6,0
2016-07-11 15:23:23,5,53,22.5,65,14.8,1004.8,1009.7,2.4,3.4,0,147.6,0
2016-07-11 15:29:23,6,55,22.5,64,15,1004.9,1009.8,2.7,4.8,14,147.6,0
2016-07-11 15:34:23,5,56,22.6,64,15,1004.8,1009.7,2,2.7,14,147.6,0
2016-07-11 15:39:23,5,56,22.6,63,15,1004.7,1009.6,2.4,4.1,0,147.6,0
2016-07-11 15:45:23,6,57,22.5,63,15,1004.8,1009.7,3.1,4.4,14,147.6,0
2016-07-11 15:50:23,5,57,22.5,62,15,1004.8,1009.7,3.1,4.4,12,147.6,0
2016-07-11 15:55:23,5,57,22.6,63,15,1004.7,1009.6,1.7,3.1,14,147.6,0
2016-07-11 16:01:23,6,58,22.7,63,15.3,1004.7,1009.6,2,2.7,14,147.6,0
2016-07-11 16:06:23,5,58,22.7,63,15.4,1004.8,1009.7,2,3.7,14,147.6,0
2016-07-11 16:11:23,5,58,22.7,62,15.4,1004.9,1009.8,2,3.4,14,147.6,0
2016-07-11 16:17:23,6,58,22.7,62,15.2,1005,1009.9,3.1,5.4,14,147.6,0
2016-07-11 16:22:23,5,58,22.7,62,15.1,1004.9,1009.8,2.7,3.4,14,147.6,0
2016-07-11 16:27:23,5,58,22.7,62,15.1,1004.9,1009.8,3.1,3.7,14,147.6,0
2016-07-11 16:33:23,6,58,22.7,63,15.1,1005.1,1010,1.4,2,14,147.6,0
2016-07-11 16:38:23,5,58,22.7,63,15.1,1005,1009.9,3.1,4.4,12,147.6,0
2016-07-11 16:43:23,5,58,22.7,63,15,1005.1,1010,2,3.1,14,147.6,0
2016-07-11 16:49:23,6,58,22.7,63,15,1005.1,1010,1.4,2.4,14,147.6,0
2016-07-11 16:54:23,5,58,22.7,63,15,1005.2,1010.1,3.1,3.7,12,147.6,0
2016-07-11 16:59:23,5,58,22.7,64,14.9,1005.3,1010.2,1,3.1,14,147.6,0
2016-07-11 17:05:23,6,58,22.7,64,14.9,1005.4,1010.3,2.4,2.7,14,147.6,0
2016-07-11 17:10:23,5,58,22.7,64,14.9,1005.2,1010.1,2.7,3.7,12,147.6,0
2016-07-11 17:15:23,5,58,22.7,64,14.9,1005.4,1010.3,2,3.7,12,147.6,0
2016-07-11 17:21:23,6,49,22.7,60,15,1005.4,1010.3,2.4,3.7,13,147.6,0
2016-07-11 17:26:23,5,48,22.6,58,15,1005.4,1010.3,2.7,4.4,0,147.6,0
2016-07-11 17:31:23,5,46,22.6,58,15,1005.3,1010.2,2.4,4.1,14,147.6,0
2016-07-11 17:37:23,6,46,22.5,59,15.1,1005.3,1010.2,1,1.7,14,147.6,0
2016-07-11 17:42:23,5,47,22.4,61,15.2,1005.3,1010.2,1.4,2,2,147.6,0
2016-07-11 17:47:23,5,48,22.4,61,15.2,1005.5,1010.4,2.4,3.1,10,147.6,0
2016-07-11 17:53:23,6,48,22.3,62,15.2,1005.5,1010.4,2.4,3.7,14,147.6,0
2016-07-11 17:58:23,5,48,22.3,61,15.1,1005.5,1010.4,1.4,2,14,147.6,0
2016-07-11 18:03:23,5,48,22.2,62,15.1,1005.5,1010.4,2.4,3.7,14,147.6,0
2016-07-11 18:09:23,6,48,22.2,61,15,1005.8,1010.7,2,3.4,12,147.6,0
2016-07-11 18:14:23,5,48,22.1,63,14.9,1005.6,1010.5,1.4,2,14,147.6,0
2016-07-11 18:19:23,5,48,22.1,62,14.7,1005.7,1010.6,3.1,4.1,12,147.6,0
2016-07-11 18:25:23,6,48,22.2,64,14.6,1005.9,1010.8,2,2.7,14,147.6,0
2016-07-11 18:30:23,5,48,22.2,64,14.6,1005.7,1010.6,2,2.4,12,147.6,0
2016-07-11 18:35:23,5,48,22.2,64,14.5,1005.9,1010.8,2,2.7,12,147.6,0
2016-07-11 18:41:23,6,50,22.1,64,14.4,1005.9,1010.8,1.7,2.4,0,147.6,0
2016-07-11 18:46:23,5,51,22.1,64,14.5,1005.8,1010.7,2,3.4,14,147.6,0
2016-07-11 18:51:23,5,51,22.1,63,14.5,1006,1010.9,2.7,3.7,0,147.6,0
2016-07-11 18:57:23,6,49,22.1,63,14.4,1006.1,1011,2.4,3.1,14,147.6,0
2016-07-11 19:02:23,5,50,22.1,64,14.4,1006.1,1011,1.7,2.7,0,147.6,0
2016-07-11 19:07:23,5,51,22.1,64,14.2,1006.2,1011.1,1.4,2.7,14,147.6,0
2016-07-11 19:13:23,6,52,22.2,63,14,1006.1,1011,2,2.7,14,147.6,0
2016-07-11 19:18:23,5,52,22.3,65,13.9,1006.3,1011.2,1,1.7,14,147.6,0
2016-07-11 19:23:23,5,53,22.3,64,13.8,1006.3,1011.2,4.8,6.1,14,147.6,0
2016-07-11 19:29:23,6,53,22.4,62,13.7,1006.4,1011.3,2.4,3.4,14,147.6,0
2016-07-11 19:34:23,5,53,22.4,62,13.5,1006.4,1011.3,3.1,5.1,14,147.6,0
2016-07-11 19:39:23,5,53,22.5,62,13.5,1006.5,1011.4,2.7,3.4,14,147.6,0
2016-07-11 19:45:23,6,52,22.6,61,13.4,1006.6,1011.5,2.4,3.4,14,147.6,0
2016-07-11 19:50:23,5,52,22.7,62,13.3,1006.6,1011.5,2.4,3.4,14,147.6,0
2016-07-11 19:55:23,5,52,22.7,62,13.2,1006.5,1011.4,1.7,3.1,14,147.6,0
2016-07-11 20:01:23,6,53,22.7,63,13.1,1006.7,1011.6,2,2.7,14,147.6,0
2016-07-11 20:06:23,5,53,22.7,63,13,1006.8,1011.7,2,3.1,14,147.6,0
2016-07-11 20:11:23,5,54,22.8,64,13,1006.7,1011.6,1.7,2,12,147.6,0
2016-07-11 20:17:23,6,53,22.8,64,12.9,1006.8,1011.7,0.7,1,12,147.6,0
2016-07-11 20:22:23,5,54,22.9,64,12.8,1006.8,1011.7,1,1.7,10,147.6,0
2016-07-11 20:27:23,5,53,22.9,64,12.8,1007,1011.9,0.7,1.7,12,147.6,0
2016-07-11 20:33:23,6,53,23,64,12.7,1006.9,1011.8,1,1.7,10,147.6,0
2016-07-11 20:38:23,5,53,23.1,64,12.6,1007.1,1012,0.3,1,12,147.6,0
2016-07-11 20:43:23,5,51,23.1,65,12.5,1007,1011.9,0.7,1.4,12,147.6,0
2016-07-11 20:49:23,6,48,23.1,65,12.4,1007.1,1012,0,0.3,14,147.6,0
2016-07-11 20:54:23,5,51,23.1,65,12.4,1007.1,1012,1,1.7,12,147.6,0
2016-07-11 20:59:23,5,52,23.1,66,12.3,1007,1011.9,0.3,1.4,12,147.6,0
2016-07-11 21:05:23,6,52,23.1,66,12.3,1007.3,1012.2,0,0.3,10,147.6,0
2016-07-11 21:10:23,5,53,23,66,12.3,1007.4,1012.3,0,0.3,8,147.6,0
2016-07-11 21:15:23,5,53,22.9,66,12.2,1007.3,1012.2,0,0.3,9,147.6,0
2016-07-11 21:21:23,6,54,22.8,67,12.1,1007.4,1012.3,0,0.3,8,147.6,0
2016-07-11 21:26:23,5,54,22.7,67,12,1007.4,1012.3,0,0,8,147.6,0
2016-07-11 21:31:23,5,54,22.6,67,12,1007.3,1012.2,0,0,8,147.6,0
2016-07-11 21:37:23,6,55,22.5,68,11.9,1007.4,1012.3,0,0,8,147.6,0
2016-07-11 21:42:23,5,55,22.4,68,11.8,1007.5,1012.4,0,0.7,12,147.6,0
2016-07-11 21:47:23,5,56,22.3,68,11.8,1007.7,1012.6,0,0.3,10,147.6,0
2016-07-11 21:53:23,6,56,22.2,68,11.8,1007.5,1012.4,0.3,0.7,14,147.6,0
2016-07-11 21:58:23,5,56,22.2,68,11.8,1007.7,1012.6,0.3,0.7,10,147.6,0
2016-07-11 22:03:23,5,56,22.1,68,11.8,1007.7,1012.6,0.3,0.7,10,147.6,0
2016-07-11 22:09:23,6,56,22,68,11.8,1007.9,1012.8,0,0.7,12,147.6,0
2016-07-11 22:14:23,5,56,22,69,11.7,1007.9,1012.8,0,0.3,10,147.6,0
2016-07-11 22:19:23,5,57,22,69,11.7,1007.9,1012.8,0.3,0.7,12,147.6,0
2016-07-11 22:25:23,6,58,21.9,69,11.7,1007.9,1012.8,0.3,0.7,12,147.6,0
2016-07-11 22:30:23,5,58,21.9,69,11.7,1007.9,1012.8,0.7,1,10,147.6,0
2016-07-11 22:35:23,5,58,21.7,69,11.7,1007.9,1012.8,0.3,1,12,147.6,0
2016-07-11 22:41:23,6,58,21.7,69,11.7,1007.9,1012.8,0.3,0.7,10,147.6,0
2016-07-11 22:46:23,5,59,21.6,69,11.7,1008,1012.9,0.3,0.7,10,147.6,0
2016-07-11 22:51:23,5,59,21.6,69,11.7,1008,1012.9,0,0.7,12,147.6,0
2016-07-11 22:57:23,6,59,21.6,69,11.6,1008.1,1013,0,0.7,12,147.6,0
2016-07-11 23:02:23,5,59,21.6,69,11.6,1008,1012.9,0.3,0.7,12,147.6,0
2016-07-11 23:07:23,5,59,21.6,69,11.6,1008,1012.9,0.3,0.7,14,147.6,0
2016-07-11 23:13:23,6,59,21.6,69,11.5,1008.1,1013,0.3,0.7,12,147.6,0
2016-07-11 23:18:23,5,59,21.6,69,11.5,1008.1,1013,0.3,1,12,147.6,0
2016-07-11 23:23:23,5,59,21.6,69,11.5,1008,1012.9,0.3,1,10,147.6,0
2016-07-11 23:29:23,6,59,21.3,69,11.5,1008,1012.9,0.3,0.7,12,147.6,0
2016-07-11 23:34:23,5,59,21.3,69,11.5,1008.2,1013.1,0,0.3,10,147.6,0
2016-07-11 23:39:23,5,59,21.3,69,11.5,1008.1,1013,0,0,10,147.6,0
2016-07-11 23:45:23,6,59,21.3,69,11.4,1008.1,1013,0,0,10,147.6,0
2016-07-11 23:50:23,5,59,21.3,69,11.3,1008,1012.9,0,0,10,147.6,0
2016-07-11 23:55:23,5,59,21.3,70,11.3,1008.1,1013,0,0,10,147.6,0
