2025-08-27 00:01:56,6,55,22.1,90,13.8,996.4,1001.3,3.1,3.4,6,2128.8,0
2025-08-27 00:06:56,5,55,22.1,89,13.8,996.4,1001.3,3.1,4.4,8,2128.8,0
2025-08-27 00:11:56,5,55,22.1,89,13.8,996.1,1001,3.7,5.1,7,2128.8,0
2025-08-27 00:17:56,6,55,22.1,89,13.8,996,1000.9,3.1,4.4,6,2128.8,0
2025-08-27 00:22:56,5,55,22.1,89,13.9,995.8,1000.7,2.7,3.4,8,2128.8,0
2025-08-27 00:27:56,5,54,22.1,89,14,996,1000.9,2.4,3.1,8,2128.8,0
2025-08-27 00:33:56,6,54,22,89,14.1,995.6,1000.5,2.4,4.4,8,2128.8,0
2025-08-27 00:38:56,5,54,22,89,14.2,995.6,1000.5,3.1,4.8,12,2128.8,0
2025-08-27 00:43:56,5,55,21.9,89,14.3,995.5,1000.4,1.4,2,10,2128.8,0
2025-08-27 00:49:56,6,54,22,89,14.3,995.3,1000.2,2.7,3.7,15,2128.8,0
2025-08-27 00:54:56,5,55,21.9,89,14.3,995.2,1000.1,3.4,5.1,4,2128.8,0
2025-08-27 00:59:56,5,54,22,89,14.3,995.1,1000,2,3.4,6,2128.8,0
2025-08-27 01:05:56,6,54,22,89,14.3,995,999.9,1.4,2,10,2128.8,0
2025-08-27 01:10:56,5,55,21.9,89,14.3,995,999.9,3.1,4.1,6,2128.8,0
2025-08-27 01:15:56,5,54,22,90,14.3,995.1,1000,2.4,4.1,14,2128.8,0
2025-08-27 01:21:56,6,55,21.9,90,14.4,994.9,999.8,2.4,3.4,4,2128.8,0
2025-08-27 01:26:56,5,55,21.9,90,14.5,994.6,999.5,4.1,5.8,6,2128.8,0
2025-08-27 01:31:56,5,55,21.9,90,14.6,994.6,999.5,3.4,5.8,8,2128.8,0
2025-08-27 01:37:56,6,55,21.9,90,14.6,994.6,999.5,2,2.7,13,2128.8,0
2025-08-27 01:42:56,5,55,21.9,90,14.6,994.5,999.4,3.1,6.5,12,2128.8,0
2025-08-27 01:47:56,5,55,21.9,90,14.6,994.2,999.1,2.4,6.5,12,2128.8,0
2025-08-27 01:53:56,6,56,21.9,90,14.5,994.3,999.2,2,3.7,8,2128.8,0
2025-08-27 01:58:56,5,56,21.9,91,14.6,994.2,999.1,3.1,5.1,6,2128.8,0
2025-08-27 02:03:56,5,56,21.9,92,14.6,994.3,999.2,1.7,3.1,4,2129.1,0
2025-08-27 02:09:56,6,56,21.9,92,14.6,994.2,999.1,1.7,2,4,2129.1,0
2025-08-27 02:14:56,5,56,21.8,93,14.6,994.3,999.2,2,3.1,4,2129.1,0
2025-08-27 02:19:56,5,56,21.8,93,14.5,994.2,999.1,3.1,4.1,7,2129.4,0
2025-08-27 02:25:56,6,56,21.8,94,14.5,994.3,999.2,3.1,4.1,8,2129.4,0
2025-08-27 02:30:56,5,56,21.7,94,14.5,994.1,999,1.7,3.4,8,2130,0
2025-08-27 02:35:56,5,56,21.8,95,14.5,994,998.9,2,2.7,14,2130.3,0
2025-08-27 02:41:56,6,56,21.8,96,14.6,993.9,998.8,3.1,4.1,6,2130.3,0
2025-08-27 02:46:56,5,56,21.8,97,14.6,994.1,999,1.4,2.4,12,2130.3,0
2025-08-27 02:51:56,5,56,21.7,97,14.7,994,998.9,2.4,3.1,6,2130.6,0
2025-08-27 02:57:56,6,57,21.8,98,14.7,993.8,998.7,2.4,3.1,6,2130.9,0
2025-08-27 03:02:56,5,57,21.7,98,14.9,994,998.9,0.7,1,1,2131.5,0
2025-08-27 03:07:56,5,57,21.8,99,15,993.8,998.7,1,1.7,7,2131.8,0
2025-08-27 03:13:56,6,57,21.7,99,15,993.9,998.8,1,1.7,0,2132.1,0
2025-08-27 03:18:56,5,57,21.8,99,14.9,993.7,998.6,0.7,1,10,2132.1,0
2025-08-27 03:23:56,5,57,21.8,99,14.9,993.8,998.7,0.7,1,12,2132.1,0
2025-08-27 03:29:56,6,57,21.8,99,14.9,993.5,998.4,0.7,1,12,2132.1,0
2025-08-27 03:34:56,5,57,21.8,99,14.9,993.7,998.6,0.3,0.7,10,2132.1,0
2025-08-27 03:39:56,5,57,21.8,99,14.9,993.4,998.3,0.7,1,11,2132.1,0
2025-08-27 03:45:56,6,57,21.8,99,14.9,993.7,998.6,2,2,12,2132.4,0
2025-08-27 03:50:56,5,58,21.8,99,14.7,993.6,998.5,2.4,3.4,12,2132.4,0
2025-08-27 03:55:56,5,58,21.8,99,14.6,993.7,998.6,3.7,5.1,12,2132.4,0
2025-08-27 04:01:56,6,58,21.8,99,14.6,993.7,998.6,1.4,2,11,2132.4,0
2025-08-27 04:06:56,5,58,21.8,99,14.6,993.9,998.8,2.4,2.7,14,2132.4,0
2025-08-27 04:11:56,5,58,21.7,99,14.6,993.9,998.8,2.7,3.4,12,2132.4,0
2025-08-27 04:17:56,6,58,21.7,99,14.5,994,998.9,2,2.4,11,2132.4,0
2025-08-27 04:22:56,5,58,21.7,99,14.4,994,998.9,3.1,4.1,12,2132.4,0
2025-08-27 04:27:56,5,57,21.7,99,14.3,993.9,998.8,4.1,5.1,12,2132.4,0
2025-08-27 04:33:56,6,57,21.6,99,14.1,994.1,999,3.1,3.7,14,2132.4,0
2025-08-27 04:38:56,5,57,21.6,99,14,993.9,998.8,2.7,3.4,12,2132.4,0
2025-08-27 04:43:56,5,57,21.6,99,14,994.1,999,2.4,3.1,14,2132.4,0
2025-08-27 04:49:56,6,57,21.6,99,13.9,994.2,999.1,2.4,3.4,12,2132.4,0
2025-08-27 04:54:56,5,57,21.6,99,13.8,994,998.9,1.4,1.7,10,2132.4,0
2025-08-27 04:59:56,5,57,21.5,99,13.8,994.1,999,1.4,2,14,2132.4,0
2025-08-27 05:05:56,6,57,21.5,99,13.7,994.1,999,1.7,2,12,2132.4,0
2025-08-27 05:10:56,5,57,21.5,99,13.6,994.2,999.1,2,2.7,12,2132.4,0
2025-08-27 05:15:56,5,57,21.5,99,13.5,994.2,999.1,1.7,2.4,12,2132.4,0
2025-08-27 05:21:56,6,57,21.4,99,13.4,994.4,999.3,1.4,2,12,2132.4,0
2025-08-27 05:26:56,5,56,21.5,99,13.3,994.3,999.2,1.4,1.7,11,2132.4,0
2025-08-27 05:31:56,5,56,21.4,98,13.2,994.4,999.3,1.4,2,11,2132.4,0
2025-08-27 05:37:56,6,56,21.4,98,13.1,994.4,999.3,1,1.7,12,2132.4,0
2025-08-27 05:42:56,5,56,21.5,98,13,994.5,999.4,1.4,1.7,12,2132.4,0
2025-08-27 05:47:56,5,56,21.4,98,12.9,994.5,999.4,1,1.4,10,2132.4,0
2025-08-27 05:53:56,6,56,21.4,98,12.8,994.4,999.3,0.3,0.7,12,2132.4,0
2025-08-27 05:58:56,5,56,21.4,98,12.7,994.5,999.4,0.3,0.7,12,2132.4,0
2025-08-27 06:03:56,5,56,21.4,98,12.6,994.6,999.5,0.3,0.7,6,2132.4,0
2025-08-27 06:09:56,6,56,21.4,97,12.5,994.7,999.6,0,0,10,2132.4,0
2025-08-27 06:14:56,5,56,21.4,97,12.5,994.7,999.6,0.3,0.7,10,2132.4,0
2025-08-27 06:19:56,5,56,21.4,98,12.6,994.9,999.8,0.3,1,14,2132.7,0
2025-08-27 06:25:56,6,56,21.4,98,12.7,994.7,999.6,1,1.4,12,2132.7,0
2025-08-27 06:30:56,5,56,21.4,98,12.7,994.8,999.7,1,1.4,12,2132.7,0
2025-08-27 06:35:56,5,56,21.4,98,12.7,995,999.9,1,1.4,10,2132.7,0
2025-08-27 06:41:56,6,56,21.4,98,12.6,995,999.9,0.7,1,10,2132.7,0
2025-08-27 06:46:56,5,56,21.4,98,12.6,994.9,999.8,1,1.4,12,2132.7,0
2025-08-27 06:51:56,5,55,21.4,98,12.6,995,999.9,1,1.7,12,2132.7,0
2025-08-27 06:57:56,6,55,21.4,98,12.6,995,999.9,1,1.4,12,2132.7,0
2025-08-27 07:02:56,5,55,21.4,98,12.6,995,999.9,1,1.4,12,2132.7,0
2025-08-27 07:07:56,5,55,21.4,98,12.6,995,999.9,1.4,2.4,14,2132.7,0
2025-08-27 07:13:56,6,55,21.4,98,12.7,995.1,1000,1.7,2,12,2132.7,0
2025-08-27 07:18:56,5,55,21.4,99,12.8,995,999.9,2,2.7,12,2132.7,0
2025-08-27 07:23:56,5,55,21.4,99,12.8,995.1,1000,2,3.1,10,2132.7,0
2025-08-27 07:29:56,6,55,21.4,99,13.3,995.1,1000,2.4,3.1,12,2132.7,0
2025-08-27 07:34:56,5,55,21.4,99,13.7,995.2,1000.1,1.4,2,12,2132.7,0
2025-08-27 07:39:56,5,55,21.4,99,14,995,999.9,1.7,2.7,12,2132.7,0
2025-08-27 07:45:56,6,55,21.4,99,14.2,995.1,1000,2,2.4,12,2132.7,0
2025-08-27 07:50:56,5,55,21.4,99,14.3,995.1,1000,2,2.7,12,2132.7,0
2025-08-27 07:55:56,5,55,21.4,98,14.4,995.2,1000.1,2,2.7,11,2132.7,0
2025-08-27 08:01:56,6,55,21.4,96,14.6,995.3,1000.2,2.7,3.7,12,2132.7,0
2025-08-27 08:06:56,5,55,21.4,94,14.7,995.4,1000.3,2.4,4.4,10,2132.7,0
2025-08-27 08:11:56,5,55,21.4,92,14.8,995.4,1000.3,2,2.7,12,2132.7,0
2025-08-27 08:16:56,5,55,21.4,91,15.1,995.3,1000.2,2.7,4.1,11,2132.7,0
2025-08-27 08:21:56,5,55,21.4,89,15.1,995.4,1000.3,3.1,3.7,12,2132.7,0
2025-08-27 08:26:56,5,55,21.4,87,15.2,995.3,1000.2,2.4,3.7,12,2132.7,0
2025-08-27 08:31:56,5,55,21.4,85,15.3,995.5,1000.4,3.4,4.4,10,2132.7,0
2025-08-27 08:36:56,5,55,21.4,85,15.4,995.4,1000.3,2.4,3.4,10,2132.7,0
2025-08-27 08:41:56,5,56,21.4,84,15.5,995.4,1000.3,2.4,3.4,10,2132.7,0
2025-08-27 08:46:56,5,56,21.4,83,15.5,995.4,1000.3,3.7,5.4,11,2132.7,0
2025-08-27 08:51:56,5,56,21.4,83,15.6,995.6,1000.5,4.1,5.4,12,2132.7,0
2025-08-27 08:57:56,6,56,21.4,82,15.7,995.6,1000.5,2.4,3.4,10,2132.7,0
2025-08-27 09:02:56,5,56,21.4,82,15.9,995.4,1000.3,4.1,5.1,0,2132.7,0
2025-08-27 09:07:56,5,56,21.4,81,15.8,995.6,1000.5,2.4,2.7,10,2132.7,0
2025-08-27 09:12:56,5,56,21.4,82,15.8,995.5,1000.4,4.1,5.4,12,2132.7,0
2025-08-27 09:17:56,5,56,21.4,82,16.4,995.6,1000.5,3.7,4.4,10,2132.7,0
2025-08-27 09:22:56,5,56,21.4,83,16.4,995.6,1000.5,3.7,4.4,12,2132.7,0
2025-08-27 09:27:56,5,57,21.4,82,16.1,995.5,1000.4,2.4,3.1,12,2132.7,0
2025-08-27 09:32:56,5,57,21.4,83,16.2,995.7,1000.6,3.4,4.4,12,2132.7,0
2025-08-27 09:37:56,5,58,21.3,82,16.2,995.6,1000.5,2.7,4.1,12,2132.7,0
2025-08-27 09:42:56,5,58,21.5,81,16,995.6,1000.5,3.7,4.8,10,2132.7,0
2025-08-27 09:47:56,5,58,21.5,80,15.8,995.7,1000.6,3.7,4.4,10,2132.7,0
2025-08-27 09:52:56,5,57,21.6,80,14.9,995.8,1000.7,1.7,2.7,12,2133.9,0
2025-08-27 09:57:56,5,57,21.6,82,14.2,995.8,1000.7,1,1.7,12,2134.2,0
2025-08-27 10:02:56,5,57,21.6,85,14.1,996,1000.9,2.4,4.1,12,2134.2,0
2025-08-27 10:07:56,5,57,21.6,87,14,996,1000.9,2.7,3.1,12,2134.8,0
2025-08-27 10:12:56,5,57,21.6,90,14,995.9,1000.8,1,1.4,12,2134.8,0
2025-08-27 10:17:56,5,57,21.5,91,14.2,995.9,1000.8,1.4,2.4,12,2135.1,0
2025-08-27 10:22:56,5,58,21.5,92,14.5,995.9,1000.8,2,3.1,12,2135.1,0
2025-08-27 10:27:56,5,58,21.6,94,14.9,995.9,1000.8,1.7,2.7,12,2135.1,0
2025-08-27 10:32:56,5,59,21.6,95,15.3,995.8,1000.7,2,2.7,0,2135.1,0
2025-08-27 10:37:56,5,59,21.6,96,15.6,995.6,1000.5,2.4,3.1,12,2135.1,0
2025-08-27 10:42:56,5,59,21.7,96,15.8,995.7,1000.6,2.7,4.4,10,2135.1,0
2025-08-27 10:47:56,5,59,21.7,95,16.1,995.6,1000.5,4.1,5.1,8,2135.1,0
2025-08-27 10:52:56,5,59,21.7,91,16,995.7,1000.6,2.7,4.1,12,2135.1,0
2025-08-27 10:57:56,5,59,21.7,87,16,995.8,1000.7,4.1,5.4,12,2135.1,0
2025-08-27 11:02:56,5,59,21.7,84,15.8,995.8,1000.7,2.7,3.7,10,2135.1,0
2025-08-27 11:07:56,5,59,21.7,83,15.6,995.7,1000.6,1.7,2.7,12,2135.1,0
2025-08-27 11:12:56,5,59,21.7,85,15.3,995.9,1000.8,4.4,6.5,10,2135.1,0
2025-08-27 11:17:56,5,59,21.7,86,15.2,995.8,1000.7,2.4,3.1,10,2135.1,0
2025-08-27 11:22:56,5,59,21.7,87,15.3,996,1000.9,2.7,4.1,10,2135.1,0
2025-08-27 11:27:56,5,59,21.7,88,15.3,995.8,1000.7,2,3.4,10,2135.1,0
2025-08-27 11:32:56,5,59,21.7,89,15.2,995.7,1000.6,1.7,2.4,10,2135.1,0
2025-08-27 11:37:56,5,59,21.7,90,15.7,995.9,1000.8,3.7,4.8,10,2135.1,0
2025-08-27 11:42:56,5,60,21.8,91,16,995.7,1000.6,2,2.7,12,2135.1,0
2025-08-27 11:47:56,5,60,21.8,90,16.3,995.7,1000.6,2.4,3.4,10,2135.1,0
2025-08-27 11:52:56,5,60,21.8,90,16.7,995.4,1000.3,3.4,4.8,14,2135.1,0
2025-08-27 11:57:56,5,60,21.8,88,16.9,995.4,1000.3,3.4,5.8,13,2135.1,0
2025-08-27 12:02:56,5,60,21.8,84,16.7,995.6,1000.5,2,3.1,10,2135.1,0
2025-08-27 12:07:56,5,60,21.8,83,16.3,995.5,1000.4,3.4,3.7,12,2135.1,0
2025-08-27 12:12:56,5,60,21.7,83,15.8,995.5,1000.4,4.4,5.4,0,2135.1,0
2025-08-27 12:17:56,5,60,21.7,84,15.4,995.6,1000.5,3.4,4.8,12,2135.4,0
2025-08-27 12:22:56,5,60,21.5,86,15.1,995.7,1000.6,1.7,2,12,2135.7,0
2025-08-27 12:27:56,5,60,21.4,89,15.2,995.7,1000.6,3.7,4.8,12,2135.7,0
2025-08-27 12:32:56,5,60,21.5,91,15.4,995.6,1000.5,3.4,4.4,12,2136,0
2025-08-27 12:37:56,5,60,21.4,92,15.5,995.6,1000.5,3.4,4.8,12,2136,0
2025-08-27 12:42:56,5,60,21.4,92,15.5,995.6,1000.5,3.1,3.7,12,2136.3,0
2025-08-27 12:47:56,5,60,21.4,92,15.5,995.6,1000.5,3.1,4.4,8,2136.3,0
2025-08-27 12:52:56,5,60,21.4,92,15.6,995.7,1000.6,2.7,3.7,10,2136.3,0
2025-08-27 12:57:56,5,60,21.4,92,15.4,995.6,1000.5,3.4,4.8,10,2136.6,0
2025-08-27 13:02:56,5,61,21.4,93,15.6,995.7,1000.6,3.4,4.4,14,2136.6,0
2025-08-27 13:07:56,5,61,21.4,93,15.9,995.7,1000.6,2,3.7,12,2136.6,0
2025-08-27 13:12:56,5,61,21.4,92,15.9,995.6,1000.5,4.4,5.4,10,2136.9,0
2025-08-27 13:17:56,5,61,21.4,91,15.6,995.8,1000.7,3.7,5.1,14,2136.9,0
2025-08-27 13:22:56,5,61,21.4,91,15.3,995.7,1000.6,4.1,5.1,14,2137.8,0
2025-08-27 13:27:56,5,61,21.4,90,14.7,995.9,1000.8,6.8,8.2,14,2138.1,0
2025-08-27 13:32:56,5,61,21.5,91,15.1,995.8,1000.7,3.4,4.1,10,2138.1,0
2025-08-27 13:37:56,5,61,21.4,91,15.6,995.8,1000.7,3.4,4.1,10,2138.1,0
2025-08-27 13:42:56,5,62,21.5,91,16.1,996,1000.9,3.4,5.4,12,2138.1,0
2025-08-27 13:47:56,5,62,21.6,91,16.5,995.8,1000.7,3.7,5.1,10,2138.1,0
2025-08-27 13:52:56,5,62,21.7,90,16.7,995.9,1000.8,2,2.7,12,2138.1,0
2025-08-27 13:57:56,5,62,21.7,88,16.6,995.7,1000.6,4.8,6.8,14,2138.1,0
2025-08-27 14:02:56,5,62,21.8,87,16.8,995.8,1000.7,5.4,7.8,12,2138.1,0
2025-08-27 14:07:56,5,62,21.8,84,16.5,995.7,1000.6,4.8,5.8,8,2138.1,0
2025-08-27 14:12:56,5,61,21.8,83,16,995.8,1000.7,4.4,5.8,12,2138.1,0
2025-08-27 14:17:56,5,61,21.8,85,15.6,995.9,1000.8,4.1,5.8,12,2138.1,0
2025-08-27 14:22:56,5,61,21.8,87,15.5,995.9,1000.8,2.4,3.7,12,2138.4,0
2025-08-27 14:27:56,5,61,21.8,89,15.4,995.9,1000.8,4.4,6.1,12,2138.7,0
2025-08-27 14:32:56,5,61,21.8,92,15.8,995.9,1000.8,3.4,4.4,11,2138.7,0
2025-08-27 14:37:56,5,62,21.8,93,15.8,995.9,1000.8,3.4,4.4,12,2138.7,0
2025-08-27 14:42:56,5,62,21.9,94,15.8,995.7,1000.6,1.7,2.4,12,2138.7,0
2025-08-27 14:47:56,5,62,21.9,94,15.8,995.7,1000.6,2.7,3.4,12,2138.7,0
2025-08-27 14:52:56,5,62,21.9,94,15.8,995.8,1000.7,3.7,4.4,10,2138.7,0
2025-08-27 14:57:56,5,62,21.9,94,15.7,995.9,1000.8,2,3.1,10,2138.7,0
2025-08-27 15:02:56,5,62,21.8,94,15.5,995.7,1000.6,3.1,4.1,11,2139,0
2025-08-27 15:07:56,5,62,21.8,94,15.8,995.8,1000.7,3.4,4.8,12,2139,0
2025-08-27 15:12:56,5,62,21.8,94,16,995.8,1000.7,3.4,5.8,12,2139,0
2025-08-27 15:17:56,5,63,21.8,94,16.2,996,1000.9,3.7,5.4,11,2139,0
2025-08-27 15:22:56,5,63,21.8,94,16.1,995.9,1000.8,3.7,4.8,12,2139,0
2025-08-27 15:27:56,5,63,21.8,93,15.7,996.1,1001,6.8,8.5,12,2139,0
2025-08-27 15:32:56,5,63,21.8,92,15.7,995.9,1000.8,5.4,6.5,10,2139,0
2025-08-27 15:37:56,5,63,21.8,92,15.9,995.8,1000.7,4.1,4.8,12,2139,0
2025-08-27 15:42:56,5,63,21.8,92,15.9,996,1000.9,3.7,5.4,12,2139,0
2025-08-27 15:47:56,5,63,21.8,91,15.7,996,1000.9,6.1,7.5,12,2139,0
2025-08-27 15:52:56,5,62,21.7,90,15.5,996.1,1001,3.4,6.1,12,2139,0
2025-08-27 15:57:56,5,62,21.7,89,15.2,996.1,1001,3.7,5.1,13,2139.3,0
2025-08-27 16:02:56,5,62,21.7,90,15.1,996,1000.9,3.4,4.4,12,2139.3,0
2025-08-27 16:07:56,5,62,21.7,91,15.5,996.1,1001,3.7,5.4,8,2139.3,0
2025-08-27 16:12:56,5,62,21.8,93,15.6,996.2,1001.1,6.5,7.5,10,2139.3,0
2025-08-27 16:17:56,5,62,21.8,93,15.6,996,1000.9,4.8,6.8,12,2139.3,0
2025-08-27 16:22:56,5,62,21.8,92,15.7,996,1000.9,4.8,5.4,12,2139.3,0
2025-08-27 16:27:56,5,62,21.8,91,15.8,996.1,1001,3.4,5.1,12,2139.3,0
2025-08-27 16:32:56,5,62,21.8,91,15.9,996.1,1001,2.4,3.7,12,2139.3,0
2025-08-27 16:37:56,5,62,21.8,90,15.7,996.1,1001,4.4,5.8,12,2139.3,0
2025-08-27 16:42:56,5,62,21.8,90,15.7,996.2,1001.1,3.1,4.4,12,2139.3,0
2025-08-27 16:47:56,5,61,21.8,90,15.8,996.2,1001.1,3.7,6.8,12,2139.3,0
2025-08-27 16:52:56,5,61,21.7,90,15.7,996.3,1001.2,4.1,5.1,14,2139.3,0
2025-08-27 16:57:56,5,61,21.7,90,15.6,996.1,1001,3.1,4.4,12,2139.3,0
2025-08-27 17:02:56,5,61,21.7,90,15.5,996.2,1001.1,3.1,4.4,12,2139.3,0
2025-08-27 17:07:56,5,61,21.7,90,15.5,996.2,1001.1,5.1,6.5,10,2139.3,0
2025-08-27 17:12:56,5,61,21.7,90,15.5,996.4,1001.3,3.1,4.1,13,2139.3,0
2025-08-27 17:17:56,5,61,21.7,90,15.5,996.4,1001.3,3.7,5.1,12,2139.3,0
2025-08-27 17:22:56,5,61,21.7,90,15.6,996.3,1001.2,3.7,5.4,0,2139.3,0
2025-08-27 17:27:56,5,61,21.7,89,15.6,996.3,1001.2,3.4,4.4,12,2139.3,0
2025-08-27 17:32:56,5,61,21.7,88,15.7,996.5,1001.4,3.4,4.4,12,2139.3,0
2025-08-27 17:37:56,5,61,21.7,88,15.7,996.5,1001.4,2.4,3.4,12,2139.3,0
2025-08-27 17:42:56,5,61,21.7,88,15.5,996.5,1001.4,2.7,3.7,6,2139.3,0
2025-08-27 17:47:56,5,61,21.7,89,15.3,996.5,1001.4,2.4,3.4,11,2139.6,0
2025-08-27 17:52:56,5,61,21.7,90,15.1,996.5,1001.4,4.1,5.8,12,2139.6,0
2025-08-27 17:57:56,5,61,21.7,91,15,996.4,1001.3,2.7,3.7,12,2139.6,0
2025-08-27 18:02:56,5,61,21.7,92,14.9,996.5,1001.4,3.4,4.4,12,2139.6,0
2025-08-27 18:07:56,5,61,21.7,92,14.9,996.6,1001.5,2.7,4.4,12,2139.6,0
2025-08-27 18:12:56,5,61,21.7,92,14.9,996.6,1001.5,2,3.1,12,2139.6,0
2025-08-27 18:17:56,5,61,21.7,92,14.8,996.5,1001.4,2.4,3.1,12,2139.6,0
2025-08-27 18:22:56,5,61,21.7,93,14.9,996.6,1001.5,2.4,2.7,10,2139.6,0
2025-08-27 18:27:56,5,61,21.7,93,14.9,996.5,1001.4,3.1,3.7,12,2139.6,0
2025-08-27 18:32:56,5,61,21.6,93,14.9,996.6,1001.5,2.7,3.1,12,2139.6,0
2025-08-27 18:37:56,5,61,21.7,94,14.9,996.6,1001.5,2.4,3.1,10,2139.9,0
2025-08-27 18:42:56,5,61,21.5,94,14.8,996.7,1001.6,3.4,5.1,12,2139.9,0
2025-08-27 18:47:56,5,61,21.5,95,14.8,996.8,1001.7,2.4,3.7,12,2140.2,0
2025-08-27 18:52:56,5,61,21.5,95,14.7,996.7,1001.6,3.1,4.8,12,2140.2,0
2025-08-27 18:57:56,5,61,21.5,95,14.6,996.7,1001.6,2.4,3.1,12,2140.2,0
2025-08-27 19:02:56,5,62,21.4,95,14.5,996.6,1001.5,1.7,2.7,10,2140.2,0
2025-08-27 19:07:56,5,62,21.4,96,14.4,996.9,1001.8,3.1,3.7,10,2140.2,0
2025-08-27 19:12:56,5,63,21.5,96,14.5,996.7,1001.6,3.4,4.1,12,2140.2,0
2025-08-27 19:17:56,5,63,21.5,96,14.5,996.9,1001.8,2.4,3.1,12,2140.2,0
2025-08-27 19:22:56,5,63,21.5,96,14.5,996.9,1001.8,1.7,2.4,10,2140.2,0
2025-08-27 19:27:56,5,63,21.5,97,14.4,997.1,1002,2.4,3.1,12,2140.2,0
2025-08-27 19:32:56,5,63,21.5,97,14.3,996.9,1001.8,1.7,2.4,12,2140.2,0
2025-08-27 19:37:56,5,63,21.5,97,14.3,996.9,1001.8,1.4,2,12,2140.2,0
2025-08-27 19:42:56,5,63,21.5,97,14.3,996.8,1001.7,3.7,5.1,14,2140.2,0
2025-08-27 19:47:56,5,63,21.5,98,14.3,996.9,1001.8,1.7,2,12,2140.2,0
2025-08-27 19:52:56,5,63,21.5,98,14.2,996.9,1001.8,2,2.4,12,2140.2,0
2025-08-27 19:57:56,5,63,21.5,98,14.2,997,1001.9,2.4,3.4,12,2140.2,0
2025-08-27 20:02:56,5,63,21.5,98,14.1,997.1,1002,1.7,2.4,8,2140.2,0
2025-08-27 20:07:56,5,63,21.4,98,14.1,997.2,1002.1,1.7,2.4,13,2140.2,0
2025-08-27 20:12:56,5,63,21.4,99,14.1,997.3,1002.2,1.4,2.4,10,2140.2,0
2025-08-27 20:17:56,5,63,21.4,99,14.2,997.2,1002.1,2,2.7,10,2140.2,0
2025-08-27 20:22:56,5,63,21.4,99,14.2,997.1,1002,2.4,3.4,12,2140.2,0
2025-08-27 20:27:56,5,63,21.4,99,14.2,997.1,1002,2.7,4.1,14,2140.2,0
2025-08-27 20:32:56,5,63,21.4,99,14.1,997.1,1002,3.1,4.1,12,2140.2,0
2025-08-27 20:37:56,5,63,21.4,99,14,997.2,1002.1,3.1,3.7,11,2140.2,0
2025-08-27 20:42:56,5,63,21.4,99,13.9,997.1,1002,3.1,3.7,12,2140.2,0
2025-08-27 20:47:56,5,63,21.4,99,13.9,997,1001.9,1,1.4,10,2140.2,0
2025-08-27 20:52:56,5,63,21.4,99,13.9,997.1,1002,2,3.1,10,2140.2,0
2025-08-27 20:57:56,5,63,21.4,99,13.9,996.9,1001.8,2,3.1,10,2140.2,0
2025-08-27 21:02:56,5,63,21.4,99,14,997,1001.9,2,2.7,10,2140.2,0
2025-08-27 21:07:56,5,63,21.4,99,14,997.2,1002.1,2,2.7,12,2140.5,0
2025-08-27 21:12:56,5,63,21.4,99,14.1,997.1,1002,1.7,2.4,10,2140.5,0
2025-08-27 21:17:56,5,63,21.4,99,14.1,997.1,1002,1.7,2.7,12,2140.5,0
2025-08-27 21:22:56,5,63,21.4,99,14.1,996.9,1001.8,2,2.7,12,2140.5,0
2025-08-27 21:27:56,5,63,21.4,99,14.1,996.9,1001.8,3.1,4.1,10,2140.8,0
2025-08-27 21:32:56,5,63,21.4,99,14.1,997,1001.9,2,3.7,12,2140.8,0
2025-08-27 21:37:56,5,63,21.4,99,14,996.9,1001.8,2.7,4.4,12,2140.8,0
2025-08-27 21:42:56,5,63,21.4,99,14,996.9,1001.8,1.4,1.7,12,2140.8,0
2025-08-27 21:47:56,5,63,21.4,99,14.1,997,1001.9,2.4,3.1,12,2140.8,0
2025-08-27 21:52:56,5,63,21.4,99,14.1,997,1001.9,2,2.4,10,2140.8,0
2025-08-27 21:57:56,5,63,21.4,99,14.1,996.9,1001.8,2,2.7,12,2140.8,0
2025-08-27 22:02:56,5,63,21.4,99,14.1,997,1001.9,2,2.4,10,2140.8,0
2025-08-27 22:07:56,5,63,21.4,99,14.1,996.8,1001.7,1.7,3.1,12,2140.8,0
2025-08-27 22:12:56,5,63,21.4,99,14.1,996.8,1001.7,1.4,2,10,2140.8,0
2025-08-27 22:17:56,5,63,21.1,99,14.1,996.8,1001.7,2.7,4.4,12,2140.8,0
2025-08-27 22:22:56,5,63,21.1,99,14.1,996.9,1001.8,2.7,3.4,12,2140.8,0
2025-08-27 22:27:56,5,63,21.1,99,14.1,996.7,1001.6,3.4,4.8,10,2140.8,0
2025-08-27 22:32:56,5,63,21.1,99,14.1,996.6,1001.5,2,3.1,8,2140.8,0
2025-08-27 22:37:55,5,63,21.1,99,14.1,996.7,1001.6,2,3.1,11,2141.1,0
2025-08-27 22:42:55,5,63,21.1,99,14.1,996.7,1001.6,2,2.4,11,2141.1,0
2025-08-27 22:47:55,5,63,21.1,99,14.1,996.6,1001.5,1.4,2,12,2141.1,0
2025-08-27 22:52:55,5,63,21.1,99,14.1,996.5,1001.4,2.4,3.1,10,2141.1,0
2025-08-27 22:57:55,5,63,21.1,99,14.1,996.5,1001.4,1.4,1.7,12,2141.1,0
2025-08-27 23:02:55,5,63,21.1,99,14,996.5,1001.4,2.7,3.4,10,2141.1,0
2025-08-27 23:07:55,5,62,21.1,99,14,996.5,1001.4,1.4,2,12,2141.1,0
2025-08-27 23:12:55,5,62,21.1,99,14,996.5,1001.4,1.7,2.4,14,2141.1,0
2025-08-27 23:17:55,5,62,21.1,99,14.1,996.4,1001.3,1.7,2,11,2141.4,0
2025-08-27 23:22:55,5,62,21.1,99,14.1,996.4,1001.3,1.7,2,12,2141.4,0
2025-08-27 23:27:55,5,62,21.1,99,14.1,996.3,1001.2,2,2.7,12,2141.4,0
2025-08-27 23:32:55,5,62,21.1,99,14.1,996.3,1001.2,2,2.7,10,2141.7,0
2025-08-27 23:37:55,5,62,21.1,99,14.1,996.3,1001.2,2.7,3.4,12,2141.7,0
2025-08-27 23:42:55,5,62,21.1,99,14.1,996.3,1001.2,3.7,5.4,10,2142,0
2025-08-27 23:47:55,5,62,21.1,99,14.1,996.3,1001.2,3.4,5.4,10,2142,0
2025-08-27 23:52:55,5,62,21.1,99,14.1,996.3,1001.2,3.1,4.1,14,2142,0
2025-08-27 23:57:55,5,61,21.1,99,14.1,996.3,1001.2,2.4,3.1,14,2142,0
