2025-08-17 00:00:59,5,63,23.7,95,17,1023.2,1028.1,1,1.4,4,2120.4,0
2025-08-17 00:05:59,5,63,23.7,95,16.9,1023.2,1028.1,1.4,2.4,6,2120.4,0
2025-08-17 00:10:59,5,63,23.7,95,16.8,1023.2,1028.1,1.7,2.7,6,2120.4,0
2025-08-17 00:15:59,5,63,23.7,96,16.8,1023.1,1028,1,1.4,6,2120.4,0
2025-08-17 00:20:59,5,63,23.6,96,16.7,1023.2,1028.1,1.7,2.4,4,2120.4,0
2025-08-17 00:25:59,5,63,23.6,96,16.7,1023,1027.9,2,2.7,6,2120.4,0
2025-08-17 00:30:59,5,63,23.6,96,16.6,1023.1,1028,1.4,2.4,5,2120.4,0
2025-08-17 00:35:59,5,63,23.6,97,16.6,1023,1027.9,2,2.7,6,2120.4,0
2025-08-17 00:40:59,5,63,23.6,97,16.5,1023.1,1028,1.4,2.4,6,2120.4,0
2025-08-17 00:45:59,5,63,23.6,97,16.5,1023,1027.9,1,2,6,2120.4,0
2025-08-17 00:50:59,5,63,23.6,97,16.4,1023.1,1028,1.7,3.1,6,2120.4,0
2025-08-17 00:55:59,5,63,23.6,98,16.4,1022.9,1027.8,1.4,2,6,2120.4,0
2025-08-17 01:00:59,5,63,23.6,98,16.3,1022.8,1027.7,1.7,2.7,4,2120.4,0
2025-08-17 01:05:58,5,62,23.6,98,16.3,1022.8,1027.7,1.7,2,6,2120.4,0
2025-08-17 01:10:58,5,62,23.5,98,16.2,1022.8,1027.7,0.7,1,4,2120.4,0
2025-08-17 01:15:58,5,62,23.6,98,16.1,1022.8,1027.7,1.4,2,6,2120.4,0
2025-08-17 01:20:58,5,62,23.5,99,16.1,1022.7,1027.6,1,1.7,6,2120.4,0
2025-08-17 01:25:58,5,62,23.6,99,16.1,1022.8,1027.7,1.4,1.7,6,2120.4,0
2025-08-17 01:30:58,5,62,23.5,99,16,1022.7,1027.6,0.7,1,6,2120.4,0
2025-08-17 01:35:58,5,62,23.5,99,16,1022.6,1027.5,0.7,1,6,2120.4,0
2025-08-17 01:40:58,5,62,23.5,99,15.9,1022.8,1027.7,1,1.4,6,2120.4,0
2025-08-17 01:45:58,5,62,23.5,99,15.9,1022.6,1027.5,1,1.7,6,2120.4,0
2025-08-17 01:50:58,5,62,23.5,99,15.9,1022.5,1027.4,1,1.7,6,2120.4,0
2025-08-17 01:55:58,5,62,23.4,99,15.9,1022.6,1027.5,1.4,1.7,6,2120.4,0
2025-08-17 02:00:58,5,62,23.4,99,15.8,1022.5,1027.4,1.4,1.7,8,2120.4,0
2025-08-17 02:05:58,5,62,23.4,99,15.8,1022.3,1027.2,0.7,1.4,6,2120.4,0
2025-08-17 02:10:58,5,62,23.4,99,15.8,1022.3,1027.2,1,1.7,2,2120.4,0
2025-08-17 02:15:58,5,62,23.4,99,15.8,1022.3,1027.2,1.4,2,2,2120.4,0
2025-08-17 02:20:58,5,62,23.4,99,15.7,1022.3,1027.2,1,1.4,2,2120.4,0
2025-08-17 02:25:58,5,62,23.4,99,15.7,1022.2,1027.1,0.7,1,6,2120.4,0
2025-08-17 02:30:58,5,62,23.4,99,15.7,1022.2,1027.1,0.7,1.4,8,2120.4,0
2025-08-17 02:35:58,5,62,23.3,99,15.6,1022.2,1027.1,0.7,1,4,2120.4,0
2025-08-17 02:40:58,5,62,23.3,99,15.6,1022.2,1027.1,1,1.4,8,2120.4,0
2025-08-17 02:45:58,5,61,23.4,99,15.6,1022.1,1027,0.3,0.3,2,2120.4,0
2025-08-17 02:50:58,5,61,23.4,99,15.6,1022.2,1027.1,0.3,0.7,14,2120.4,0
2025-08-17 02:55:58,5,61,23.4,99,15.5,1022.1,1027,0.7,1,6,2120.4,0
2025-08-17 03:00:58,5,61,23.3,99,15.5,1022.1,1027,1,1.4,2,2120.4,0
2025-08-17 03:05:58,5,61,23.3,99,15.4,1022.1,1027,0.7,1.4,6,2120.4,0
2025-08-17 03:10:58,5,61,23.3,99,15.4,1022.1,1027,0.7,1,6,2120.4,0
2025-08-17 03:15:58,5,61,23.3,99,15.4,1022.1,1027,0.7,1,6,2120.4,0
2025-08-17 03:20:58,5,61,23.3,99,15.3,1021.9,1026.8,1,1.4,6,2120.4,0
2025-08-17 03:25:58,5,61,23.3,99,15.2,1022.2,1027.1,1.4,1.7,5,2120.4,0
2025-08-17 03:30:58,5,61,23.3,99,15.1,1022.2,1027.1,2,2.4,6,2120.4,0
2025-08-17 03:35:58,5,61,23.3,99,15.3,1022,1026.9,2,3.1,6,2120.4,0
2025-08-17 03:40:58,5,60,23.2,99,15.3,1022.1,1027,2,2.4,6,2120.4,0
2025-08-17 03:45:58,5,60,23.2,99,15.2,1021.9,1026.8,2,2.4,6,2120.4,0
2025-08-17 03:50:58,5,60,23.2,99,15.1,1022,1026.9,2,2.4,6,2120.4,0
2025-08-17 03:55:58,5,60,23.2,99,15,1021.9,1026.8,1.7,2,6,2120.4,0
2025-08-17 04:00:58,5,60,23.2,99,14.9,1022,1026.9,1.4,1.7,7,2120.4,0
2025-08-17 04:05:58,5,60,23.2,99,14.8,1022,1026.9,1,1.7,8,2120.4,0
2025-08-17 04:10:58,5,60,23.2,99,14.8,1021.9,1026.8,1,1.4,6,2120.4,0
2025-08-17 04:15:58,5,60,23.2,99,14.7,1021.9,1026.8,1,1.4,6,2120.4,0
2025-08-17 04:20:58,5,60,23.1,99,14.7,1021.9,1026.8,1,1.7,6,2120.4,0
2025-08-17 04:25:58,5,60,23.1,99,14.7,1022,1026.9,1,1.4,8,2120.4,0
2025-08-17 04:30:58,5,59,23.1,99,14.7,1021.9,1026.8,1,1.4,6,2120.4,0
2025-08-17 04:35:58,5,59,23.2,99,14.7,1021.9,1026.8,1,1.4,4,2120.4,0
2025-08-17 04:40:58,5,59,23.1,99,14.8,1021.8,1026.7,0.7,1,6,2120.4,0
2025-08-17 04:45:58,5,59,23.1,99,14.8,1021.9,1026.8,1,1.7,6,2120.4,0
2025-08-17 04:50:58,5,59,23.1,99,14.8,1021.9,1026.8,1,1.4,6,2120.4,0
2025-08-17 04:55:58,5,59,23.1,99,14.8,1021.7,1026.6,1,1.4,2,2120.4,0
2025-08-17 05:00:58,5,59,23.1,99,14.8,1021.8,1026.7,1,1.4,6,2120.4,0
2025-08-17 05:05:58,5,59,23.1,99,14.7,1021.9,1026.8,0.7,1,6,2120.4,0
2025-08-17 05:10:58,5,59,23,99,14.7,1021.8,1026.7,1,1.4,6,2120.4,0
2025-08-17 05:15:58,5,59,23,99,14.7,1021.8,1026.7,1.4,1.7,6,2120.4,0
2025-08-17 05:20:58,5,59,23,99,14.6,1021.9,1026.8,1,1,6,2120.4,0
2025-08-17 05:25:58,5,59,23,99,14.4,1021.8,1026.7,1,1.4,6,2120.4,0
2025-08-17 05:30:58,5,59,23,99,14.3,1021.8,1026.7,1,1.7,4,2120.4,0
2025-08-17 05:35:58,5,59,23,99,14.3,1021.7,1026.6,1,1.4,6,2120.4,0
2025-08-17 05:40:58,5,58,23,99,14.5,1021.6,1026.5,1,2,6,2120.4,0
2025-08-17 05:45:58,5,58,23,99,14.6,1021.6,1026.5,1,1.4,7,2120.4,0
2025-08-17 05:50:58,5,58,23,99,14.7,1021.6,1026.5,1,1.4,6,2120.4,0
2025-08-17 05:55:58,5,58,23,99,14.7,1021.7,1026.6,0.7,1,6,2120.4,0
2025-08-17 06:00:58,5,58,23,99,14.8,1021.6,1026.5,1.4,1.7,6,2120.4,0
2025-08-17 06:05:58,5,58,23,99,14.8,1021.6,1026.5,0.7,1.4,8,2120.4,0
2025-08-17 06:10:58,5,58,23,99,14.9,1021.7,1026.6,0.7,1,8,2120.4,0
2025-08-17 06:15:58,5,58,23,99,15,1021.7,1026.6,0.3,0.7,2,2120.4,0
2025-08-17 06:20:58,5,58,23,99,15.2,1021.7,1026.6,0,0.3,8,2120.4,0
2025-08-17 06:25:58,5,58,23,99,15.3,1021.8,1026.7,0.3,0.7,4,2120.4,0
2025-08-17 06:30:58,5,58,23,99,15.3,1021.8,1026.7,0.7,1,4,2120.4,0
2025-08-17 06:35:58,5,58,23,99,15.4,1021.9,1026.8,0.3,1,4,2120.4,0
2025-08-17 06:40:58,5,58,23,99,15.5,1021.7,1026.6,0.7,1.4,4,2120.4,0
2025-08-17 06:45:58,5,58,23,99,15.7,1021.7,1026.6,0.7,1,6,2120.4,0
2025-08-17 06:50:58,5,58,23,99,16,1021.7,1026.6,1,1.4,4,2120.4,0
2025-08-17 06:55:58,5,58,23,99,16,1021.7,1026.6,1,1.4,2,2120.4,0
2025-08-17 07:00:58,5,58,23,99,16.1,1021.7,1026.6,1.4,1.7,8,2120.4,0
2025-08-17 07:05:58,5,58,23.1,99,16.5,1021.7,1026.6,0.7,1,6,2120.4,0
2025-08-17 07:10:58,5,58,23.1,99,16.8,1021.6,1026.5,1.4,2,4,2120.4,0
2025-08-17 07:15:58,5,59,23.2,99,16.9,1021.7,1026.6,1.7,2.7,4,2120.4,0
2025-08-17 07:20:58,5,59,23.2,99,17,1021.5,1026.4,1.7,2.4,2,2120.4,0
2025-08-17 07:25:58,5,59,23.2,99,17.3,1021.7,1026.6,2.4,3.1,6,2120.4,0
2025-08-17 07:30:58,5,59,23.2,99,17.2,1021.6,1026.5,1,1.7,15,2120.4,0
2025-08-17 07:35:58,5,59,23.2,99,17.4,1021.6,1026.5,1.4,2,6,2120.4,0
2025-08-17 07:40:58,5,59,23.2,99,17.6,1021.8,1026.7,1.4,2,6,2120.4,0
2025-08-17 07:45:58,5,59,23.2,96,17.8,1021.7,1026.6,1.7,2.4,0,2120.4,0
2025-08-17 07:50:58,5,59,23.2,93,17.9,1021.7,1026.6,1.7,2.7,6,2120.4,0
2025-08-17 07:55:58,5,59,23.2,90,18,1021.7,1026.6,2.4,3.1,6,2120.4,0
2025-08-17 08:00:58,5,59,23.3,87,17.9,1021.7,1026.6,1.7,2,4,2120.4,0
2025-08-17 08:05:58,5,59,23.2,86,18.2,1021.5,1026.4,1.4,1.7,5,2120.4,0
2025-08-17 08:10:58,5,59,23.3,85,18.4,1021.5,1026.4,2.4,2.7,4,2120.4,0
2025-08-17 08:15:58,5,59,23.3,83,18.4,1021.6,1026.5,2,2.7,6,2120.4,0
2025-08-17 08:20:58,5,59,23.3,82,18.6,1021.7,1026.6,3.1,4.8,4,2120.4,0
2025-08-17 08:25:58,5,59,23.3,81,18.7,1021.5,1026.4,2.4,3.4,8,2120.4,0
2025-08-17 08:30:58,5,59,23.3,80,18.7,1021.5,1026.4,3.1,3.7,7,2120.4,0
2025-08-17 08:35:58,5,59,23.4,81,18.9,1021.5,1026.4,3.1,3.7,4,2120.4,0
2025-08-17 08:40:58,5,59,23.4,80,18.9,1021.5,1026.4,2.4,3.1,4,2120.4,0
2025-08-17 08:45:58,5,60,23.4,80,18.8,1021.5,1026.4,2.4,2.7,0,2120.4,0
2025-08-17 08:50:58,5,60,23.4,80,18.9,1021.5,1026.4,1.7,2,6,2120.4,0
2025-08-17 08:55:58,5,60,23.5,80,19.1,1021.7,1026.6,3.1,4.4,3,2120.4,0
2025-08-17 09:00:58,5,60,23.5,78,19.2,1021.6,1026.5,3.1,4.4,2,2120.4,0
2025-08-17 09:05:58,5,60,23.5,77,19.2,1021.5,1026.4,2,2.7,6,2120.4,0
2025-08-17 09:10:58,5,60,23.5,78,19.4,1021.5,1026.4,2,2.7,4,2120.4,0
2025-08-17 09:15:58,5,60,23.5,76,19.5,1021.6,1026.5,3.1,4.1,4,2120.4,0
2025-08-17 09:20:58,5,60,23.6,76,19.5,1021.8,1026.7,2,2.7,4,2120.4,0
2025-08-17 09:25:58,5,60,23.6,76,19.7,1021.7,1026.6,2.4,3.1,6,2120.4,0
2025-08-17 09:30:58,5,60,23.6,75,19.7,1021.7,1026.6,2,3.7,4,2120.4,0
2025-08-17 09:35:58,5,60,23.6,74,19.3,1021.5,1026.4,3.4,4.8,2,2120.4,0
2025-08-17 09:40:58,5,60,23.7,76,19.4,1021.6,1026.5,2,2.7,4,2120.4,0
2025-08-17 09:45:58,5,60,23.7,75,19.9,1021.3,1026.2,2.4,3.4,4,2120.4,0
2025-08-17 09:50:58,5,61,23.7,74,20.3,1021.3,1026.2,3.1,4.1,1,2120.4,0
2025-08-17 09:55:58,5,61,23.7,73,20.5,1021.3,1026.2,2.7,3.4,2,2120.4,0
2025-08-17 10:00:58,5,60,23.7,72,20.3,1021.2,1026.1,3.1,4.8,6,2120.4,0
2025-08-17 10:05:58,5,60,23.8,72,20.2,1021.3,1026.2,2,4.8,6,2120.4,0
2025-08-17 10:10:58,5,59,23.8,72,20.3,1021.2,1026.1,3.4,4.8,4,2120.4,0
2025-08-17 10:15:58,5,59,23.7,72,20.4,1021.2,1026.1,4.8,5.8,6,2120.4,0
2025-08-17 10:20:58,5,59,23.7,72,20,1021.3,1026.2,2.4,3.4,6,2120.4,0
2025-08-17 10:25:58,5,58,23.7,72,19.8,1021.1,1026,1.7,2.4,6,2120.4,0
2025-08-17 10:30:58,5,58,23.7,73,20.2,1021.1,1026,3.4,4.8,3,2120.4,0
2025-08-17 10:35:58,5,58,23.7,72,20.4,1021.2,1026.1,2.7,3.7,3,2120.4,0
2025-08-17 10:40:58,5,58,23.7,72,20.5,1021.2,1026.1,2.7,3.4,4,2120.4,0
2025-08-17 10:45:58,5,58,23.6,70,20.6,1021.3,1026.2,2,3.7,6,2120.4,0
2025-08-17 10:50:58,5,58,23.6,71,20.6,1021.1,1026,2.7,4.1,4,2120.4,0
2025-08-17 10:55:58,5,58,23.6,71,20.8,1021,1025.9,3.1,4.8,4,2120.4,0
2025-08-17 11:00:58,5,58,23.6,71,20.9,1021.2,1026.1,4.1,5.4,6,2120.4,0
2025-08-17 11:05:58,5,58,23.8,70,20.9,1021.1,1026,4.8,5.4,6,2120.4,0
2025-08-17 11:10:58,5,58,23.8,71,20.9,1021,1025.9,2,3.4,6,2120.4,0
2025-08-17 11:15:58,5,58,23.9,70,21.3,1021,1025.9,5.4,6.8,6,2120.4,0
2025-08-17 11:20:58,5,57,24.1,68,21.1,1021.2,1026.1,5.1,6.5,4,2120.4,0
2025-08-17 11:25:58,5,56,24.1,70,20.8,1021.3,1026.2,2.4,3.1,8,2120.4,0
2025-08-17 11:30:58,5,56,24.2,70,21,1020.9,1025.8,2,2.7,4,2120.4,0
2025-08-17 11:35:58,5,56,24.1,70,21.5,1020.9,1025.8,4.1,5.8,6,2120.4,0
2025-08-17 11:40:58,5,56,24.2,67,21.2,1020.9,1025.8,4.1,5.4,6,2120.4,0
2025-08-17 11:45:58,5,55,24.1,69,21.5,1021,1025.9,3.1,4.1,8,2120.4,0
2025-08-17 11:50:58,5,55,24.1,68,21.1,1020.8,1025.7,5.1,6.1,6,2120.4,0
2025-08-17 11:55:58,5,55,24.1,70,21.2,1020.8,1025.7,2.4,3.1,6,2120.4,0
2025-08-17 12:00:58,5,56,24.1,68,21.4,1020.7,1025.6,3.4,4.8,2,2120.4,0
2025-08-17 12:05:58,5,56,24.2,66,21.4,1020.7,1025.6,4.4,6.1,4,2120.4,0
2025-08-17 12:10:58,5,56,24.2,67,21.6,1020.5,1025.4,4.4,6.5,6,2120.4,0
2025-08-17 12:15:58,5,56,24.2,66,21.7,1020.5,1025.4,4.1,5.4,6,2120.4,0
2025-08-17 12:20:58,5,56,24.2,65,21.7,1020.5,1025.4,4.8,6.5,6,2120.4,0
2025-08-17 12:25:58,5,56,24.2,67,22,1020.7,1025.6,3.4,4.4,6,2120.4,0
2025-08-17 12:30:58,5,57,24.2,65,22.2,1020.4,1025.3,3.1,3.7,6,2120.4,0
2025-08-17 12:35:58,5,57,24.2,64,22.3,1020.4,1025.3,3.7,5.1,6,2120.4,0
2025-08-17 12:40:58,5,57,24.2,64,22.3,1020.7,1025.6,5.1,6.5,6,2120.4,0
2025-08-17 12:45:58,5,57,24.2,65,22.3,1020.5,1025.4,4.8,6.8,3,2120.4,0
2025-08-17 12:50:58,5,57,24.2,66,22.2,1020.5,1025.4,4.1,6.1,6,2120.4,0
2025-08-17 12:55:58,5,57,24.2,66,22.3,1020.5,1025.4,3.7,4.8,6,2120.4,0
2025-08-17 13:00:58,5,57,24.2,65,22.3,1020.5,1025.4,5.1,7.8,6,2120.4,0
2025-08-17 13:05:58,5,57,24.3,65,22.4,1020.4,1025.3,3.4,5.1,4,2120.4,0
2025-08-17 13:10:58,5,58,24.3,61,22.6,1020.4,1025.3,2,3.1,4,2120.4,0
2025-08-17 13:15:58,5,58,24.2,62,22.8,1020.3,1025.2,2.4,3.4,6,2120.4,0
2025-08-17 13:20:58,5,58,24.3,61,22.9,1020.3,1025.2,3.1,4.4,4,2120.4,0
2025-08-17 13:25:58,5,58,24.4,61,22.8,1020.3,1025.2,3.7,4.8,6,2120.4,0
2025-08-17 13:30:58,5,58,24.3,61,22.8,1020.1,1025,2.4,3.4,6,2120.4,0
2025-08-17 13:35:58,5,58,24.4,61,22.8,1020,1024.9,4.1,5.4,6,2120.4,0
2025-08-17 13:40:58,5,58,24.4,61,22.8,1020,1024.9,3.4,4.4,6,2120.4,0
2025-08-17 13:45:58,5,58,24.4,60,23,1019.9,1024.8,3.4,5.1,6,2120.4,0
2025-08-17 13:50:58,5,58,24.5,61,23.2,1020,1024.9,2.4,3.7,4,2120.4,0
2025-08-17 13:55:58,5,59,24.5,61,23.3,1019.7,1024.6,2,3.1,6,2120.4,0
2025-08-17 14:00:58,5,59,24.5,60,23.6,1019.7,1024.6,4.4,5.1,2,2120.4,0
2025-08-17 14:05:58,5,59,24.6,60,23.8,1019.9,1024.8,1.7,2.7,2,2120.4,0
2025-08-17 14:10:58,5,59,24.7,57,23.9,1019.8,1024.7,2.4,3.1,8,2120.4,0
2025-08-17 14:15:58,5,59,24.7,59,23.4,1019.5,1024.4,3.1,4.1,3,2120.4,0
2025-08-17 14:20:58,5,59,24.7,59,23.6,1019.7,1024.6,4.1,5.1,4,2120.4,0
2025-08-17 14:25:58,5,59,24.8,58,23.6,1019.7,1024.6,2.4,3.7,6,2120.4,0
2025-08-17 14:30:58,5,59,24.9,59,23.7,1019.6,1024.5,3.7,5.8,4,2120.4,0
2025-08-17 14:35:58,5,59,24.9,56,23.7,1019.6,1024.5,4.8,6.1,6,2120.4,0
2025-08-17 14:40:58,5,58,25,57,23.8,1019.5,1024.4,3.1,3.7,3,2120.4,0
2025-08-17 14:45:58,5,58,25,57,23.9,1019.6,1024.5,3.7,4.8,6,2120.4,0
2025-08-17 14:50:58,5,58,25,58,23.8,1019.5,1024.4,3.1,4.1,6,2120.4,0
2025-08-17 14:55:58,5,58,25.1,56,23.8,1019.5,1024.4,4.4,5.4,8,2120.4,0
2025-08-17 15:00:58,5,58,25.1,58,23.9,1019.5,1024.4,2.4,3.1,6,2120.4,0
2025-08-17 15:05:58,5,58,25.2,59,23.8,1019.4,1024.3,2,2.4,8,2120.4,0
2025-08-17 15:10:58,5,58,25.2,58,24.1,1019.5,1024.4,3.1,4.1,6,2120.4,0
2025-08-17 15:15:58,5,58,25.3,58,23.6,1019.3,1024.2,3.4,4.4,4,2120.4,0
2025-08-17 15:20:58,5,58,25.3,58,23.2,1019.4,1024.3,4.1,5.8,6,2120.4,0
2025-08-17 15:25:58,5,58,25.3,59,22.7,1019.4,1024.3,4.1,4.8,7,2120.4,0
2025-08-17 15:30:58,5,58,25.2,60,22.5,1019.2,1024.1,3.4,4.8,6,2120.4,0
2025-08-17 15:36:00,5,58,25.2,60,22.5,1019.3,1024.2,2.4,3.1,8,2120.4,0
2025-08-17 15:40:58,5,57,25.1,61,22.5,1019.2,1024.1,1.7,2.4,6,2120.4,0
2025-08-17 15:45:58,5,57,25.2,61,22.5,1019.2,1024.1,1.4,2,3,2120.4,0
2025-08-17 15:50:58,5,57,25.1,61,22.6,1019.2,1024.1,1.7,2.7,6,2120.4,0
2025-08-17 15:55:58,5,57,25.1,60,22.6,1019.2,1024.1,1.7,3.1,2,2120.4,0
2025-08-17 16:00:58,5,57,25.1,61,22.5,1019.1,1024,2,3.4,6,2120.4,0
2025-08-17 16:05:58,5,58,25.1,64,22.4,1019.1,1024,2,3.1,6,2120.4,0
2025-08-17 16:10:58,5,58,25,63,22.3,1019.2,1024.1,1.7,2.7,6,2120.4,0
2025-08-17 16:15:58,5,58,25,64,22.3,1019.1,1024,2.4,2.7,8,2120.4,0
2025-08-17 16:20:58,5,58,25,64,22.4,1019.3,1024.2,1.7,2,4,2120.4,0
2025-08-17 16:25:58,5,58,25,64,22.4,1019.1,1024,1,1.7,2,2120.4,0
2025-08-17 16:30:58,5,58,25,64,22.3,1019.1,1024,2,3.1,8,2120.4,0
2025-08-17 16:35:58,5,59,24.9,64,22.3,1018.9,1023.8,1,1.7,8,2120.4,0
2025-08-17 16:40:58,5,59,24.9,63,22.4,1018.6,1023.5,2,3.4,2,2120.4,0
2025-08-17 16:45:58,5,59,24.9,63,22.3,1018.8,1023.7,3.1,3.7,4,2120.4,0
2025-08-17 16:50:58,5,59,24.9,63,22.4,1018.6,1023.5,2,2.7,3,2120.4,0
2025-08-17 16:55:58,5,59,24.8,61,22.5,1018.4,1023.3,2,2.4,6,2120.4,0
2025-08-17 17:00:58,5,59,24.8,61,22.6,1018.5,1023.4,2.7,3.4,4,2120.4,0
2025-08-17 17:05:58,5,59,24.9,61,22.5,1018.6,1023.5,2,3.1,6,2120.4,0
2025-08-17 17:10:58,5,59,24.8,61,22.5,1018.5,1023.4,2,3.1,8,2120.4,0
2025-08-17 17:15:58,5,59,24.8,61,22.5,1018.3,1023.2,2.4,4.1,4,2120.4,0
2025-08-17 17:20:58,5,59,24.8,64,22.4,1018.3,1023.2,1.4,2,4,2120.4,0
2025-08-17 17:25:58,5,59,24.8,64,22.3,1018.5,1023.4,1.4,2,6,2120.4,0
2025-08-17 17:30:58,5,59,24.8,64,22.2,1018.5,1023.4,1.4,2,6,2120.4,0
2025-08-17 17:35:58,5,59,24.9,64,22.2,1018,1022.9,1.4,2.4,6,2120.4,0
2025-08-17 17:40:58,5,58,25,64,22.2,1018.5,1023.4,2.7,3.4,8,2120.4,0
2025-08-17 17:45:58,5,58,25.1,64,21.9,1018.5,1023.4,1.7,2.4,3,2120.4,0
2025-08-17 17:50:58,5,58,25.1,63,21.7,1018.5,1023.4,1.7,2.7,6,2120.4,0
2025-08-17 17:55:58,5,58,25.1,63,21.6,1018.5,1023.4,2.7,4.8,6,2120.4,0
2025-08-17 18:00:58,5,57,25,63,21.7,1018.5,1023.4,2.7,3.7,6,2120.4,0
2025-08-17 18:05:58,5,57,25,62,21.7,1018.5,1023.4,1.7,2.4,6,2120.4,0
2025-08-17 18:10:58,5,57,25,63,21.7,1018.6,1023.5,2.4,3.1,6,2120.4,0
2025-08-17 18:15:58,5,57,25,63,21.6,1018.5,1023.4,2,3.1,6,2120.4,0
2025-08-17 18:20:58,5,57,25,64,21.4,1018.3,1023.2,2,2.4,8,2120.4,0
2025-08-17 18:25:58,5,58,24.9,65,21.2,1018.4,1023.3,2,2.4,8,2120.4,0
2025-08-17 18:30:58,5,58,24.9,65,21.2,1018.4,1023.3,1.7,2,6,2120.4,0
2025-08-17 18:35:58,5,58,24.9,65,21.2,1018.4,1023.3,1.4,1.4,6,2120.4,0
2025-08-17 18:40:58,5,58,24.9,65,21.2,1018.7,1023.6,0.7,1,8,2120.4,0
2025-08-17 18:45:58,5,58,24.9,65,21.1,1018.7,1023.6,1,1.4,4,2120.4,0
2025-08-17 18:50:58,5,58,24.8,65,21,1018.8,1023.7,1.7,2,4,2120.4,0
2025-08-17 18:55:58,5,58,24.8,65,20.9,1018.6,1023.5,2.4,3.1,4,2120.4,0
2025-08-17 19:00:58,5,58,24.8,66,20.8,1018.8,1023.7,1.7,2.4,0,2120.4,0
2025-08-17 19:05:58,5,58,24.8,66,20.6,1018.8,1023.7,1,1.4,6,2120.4,0
2025-08-17 19:10:58,5,58,24.8,67,20.5,1018.8,1023.7,1.7,2.4,6,2120.4,0
2025-08-17 19:15:58,5,58,24.7,67,20.4,1018.9,1023.8,1,1.4,2,2120.4,0
2025-08-17 19:20:58,5,58,24.6,68,20.3,1018.9,1023.8,1.7,2,4,2120.4,0
2025-08-17 19:25:58,5,58,24.6,68,20.2,1019,1023.9,1.7,2.4,6,2120.4,0
2025-08-17 19:30:58,5,58,24.6,69,20.1,1019.1,1024,1.4,2,4,2120.4,0
2025-08-17 19:35:58,5,58,24.6,70,20,1018.9,1023.8,1.4,1.7,6,2120.4,0
2025-08-17 19:40:58,5,58,24.5,70,19.9,1019,1023.9,1.4,1.7,6,2120.4,0
2025-08-17 19:45:58,5,58,24.4,70,19.8,1019.1,1024,0.7,1.4,6,2120.4,0
2025-08-17 19:50:58,5,58,24.4,70,19.6,1019,1023.9,1,2,6,2120.4,0
2025-08-17 19:55:58,5,58,24.4,70,19.5,1019.2,1024.1,1,1.7,6,2120.4,0
2025-08-17 20:00:58,5,58,24.4,70,19.3,1019.2,1024.1,1,1.7,6,2120.4,0
2025-08-17 20:05:58,5,58,24.4,70,19.2,1019.2,1024.1,1.4,1.7,6,2120.4,0
2025-08-17 20:10:58,5,58,24.4,71,19,1019.2,1024.1,1.7,2,4,2120.4,0
2025-08-17 20:15:58,5,58,24.3,71,18.8,1019.2,1024.1,1,1.4,6,2120.4,0
2025-08-17 20:20:58,5,57,24.3,71,18.7,1019.2,1024.1,1.7,2,4,2120.4,0
2025-08-17 20:25:58,5,55,24.2,71,18.6,1019.3,1024.2,1,1.4,6,2120.4,0
2025-08-17 20:30:58,5,54,24.1,71,18.5,1019.3,1024.2,1.4,1.7,4,2120.4,0
2025-08-17 20:35:58,5,54,24,71,18.4,1019.3,1024.2,1,1.4,4,2120.4,0
2025-08-17 20:40:58,5,54,23.9,71,18.2,1019.5,1024.4,1,1.4,2,2120.4,0
2025-08-17 20:45:58,5,55,23.9,71,18,1019.5,1024.4,1,1.4,6,2120.4,0
2025-08-17 20:50:58,5,55,23.9,71,17.8,1019.5,1024.4,0.7,1.4,4,2120.4,0
2025-08-17 20:55:58,5,55,23.9,71,17.7,1019.5,1024.4,0.7,1.4,6,2120.4,0
2025-08-17 21:00:58,5,55,23.9,72,17.5,1019.5,1024.4,0.7,1.7,4,2120.4,0
2025-08-17 21:05:58,5,55,23.9,74,17.4,1019.5,1024.4,1,1.4,2,2120.4,0
2025-08-17 21:10:58,5,55,23.9,74,17.3,1019.6,1024.5,0.3,0.7,4,2120.4,0
2025-08-17 21:15:58,5,55,23.9,74,17.3,1019.6,1024.5,1.7,2.4,4,2120.4,0
2025-08-17 21:20:58,5,55,23.9,73,17.3,1019.5,1024.4,1.4,1.7,4,2120.4,0
2025-08-17 21:25:58,5,55,23.8,72,17.1,1019.6,1024.5,0.7,1,4,2120.4,0
2025-08-17 21:30:58,5,55,23.8,72,16.9,1019.5,1024.4,0.3,0.7,2,2120.4,0
2025-08-17 21:35:58,5,55,23.8,73,16.6,1019.5,1024.4,0.3,0.7,2,2120.4,0
2025-08-17 21:40:58,5,55,23.8,73,16.4,1019.5,1024.4,0.3,0.7,4,2120.4,0
2025-08-17 21:45:58,5,55,23.8,73,16.1,1019.6,1024.5,0,0.3,0,2120.4,0
2025-08-17 21:50:58,5,55,23.8,74,15.8,1019.7,1024.6,1,1.7,10,2120.4,0
2025-08-17 21:55:58,5,55,23.8,74,15.9,1019.8,1024.7,1,1.4,2,2120.4,0
2025-08-17 22:00:58,5,55,23.8,74,15.9,1019.7,1024.6,0.7,1,8,2120.4,0
2025-08-17 22:05:58,5,55,23.8,74,15.9,1019.7,1024.6,0.3,0.7,7,2120.4,0
2025-08-17 22:10:58,5,55,23.8,74,15.8,1019.7,1024.6,1,1.4,6,2120.4,0
2025-08-17 22:15:58,5,55,23.8,74,15.8,1019.8,1024.7,1,1.4,6,2120.4,0
2025-08-17 22:20:58,5,55,23.8,74,15.7,1019.8,1024.7,1.4,1.7,6,2120.4,0
2025-08-17 22:25:58,5,55,23.8,75,15.5,1019.8,1024.7,1,1.7,6,2120.4,0
2025-08-17 22:30:58,5,55,23.8,75,15.5,1019.8,1024.7,2,2.7,5,2120.4,0
2025-08-17 22:35:58,5,55,23.7,76,15.5,1019.8,1024.7,1.7,2.4,6,2120.4,0
2025-08-17 22:40:58,5,55,23.7,77,15.5,1019.7,1024.6,1,1.4,8,2120.4,0
2025-08-17 22:45:58,5,55,23.7,78,15.4,1019.7,1024.6,1.7,2,8,2120.4,0
2025-08-17 22:50:58,5,56,23.6,79,15.5,1019.7,1024.6,1.4,2,6,2120.4,0
2025-08-17 22:55:58,5,56,23.7,79,15.5,1019.7,1024.6,1.4,1.7,6,2120.4,0
2025-08-17 23:00:58,5,55,23.7,79,15.4,1019.7,1024.6,1,1.4,6,2120.4,0
2025-08-17 23:05:58,5,55,23.7,80,15.4,1019.7,1024.6,1.7,2.4,6,2120.4,0
2025-08-17 23:10:58,5,55,23.7,80,15.4,1019.6,1024.5,0.7,1.7,6,2120.4,0
2025-08-17 23:15:58,5,55,23.7,80,15.4,1019.8,1024.7,1,1.4,6,2120.4,0
2025-08-17 23:20:58,5,55,23.6,80,15.4,1019.7,1024.6,1,1.7,6,2120.4,0
2025-08-17 23:25:58,5,55,23.6,80,15.3,1019.8,1024.7,1,1.4,8,2120.4,0
2025-08-17 23:30:58,5,55,23.6,80,15.3,1019.6,1024.5,0.7,1,6,2120.4,0
2025-08-17 23:35:58,5,55,23.6,80,15.4,1019.6,1024.5,0.7,1,6,2120.4,0
2025-08-17 23:40:58,5,55,23.6,80,15.4,1019.7,1024.6,1.7,2,6,2120.4,0
2025-08-17 23:45:58,5,54,23.6,80,15.4,1019.4,1024.3,0.7,1,6,2120.4,0
2025-08-17 23:50:58,5,54,23.6,80,15.4,1019.6,1024.5,1,1.7,4,2120.4,0
2025-08-17 23:55:58,5,54,23.6,80,15.4,1019.5,1024.4,2,2.7,8,2120.4,0
