2018-12-14 00:04:46,5,55,19.3,75,6.8,1011.2,1016.1,4.1,6.8,4,597.3,0
2018-12-14 00:09:46,5,55,19.3,75,6.8,1011.4,1016.3,4.1,5.8,13,597.3,0
2018-12-14 00:14:46,5,55,19.3,75,6.8,1011.4,1016.3,3.4,5.1,10,597.3,0
2018-12-14 00:19:46,5,55,19.3,75,6.8,1011.4,1016.3,2.7,4.8,8,597.3,0
2018-12-14 00:24:46,5,55,19.3,75,6.8,1011.4,1016.3,2.7,3.7,1,597.3,0
2018-12-14 00:29:46,5,55,19.3,75,6.8,1011.3,1016.2,4.4,4.8,14,597.3,0
2018-12-14 00:34:46,5,55,19.3,75,6.8,1011.2,1016.1,3.1,5.1,4,597.3,0
2018-12-14 00:39:46,5,55,19.3,75,6.7,1011.1,1016,1.7,2.7,4,597.3,0
2018-12-14 00:44:46,5,55,19.3,75,6.7,1010.9,1015.8,3.4,4.1,2,597.3,0
2018-12-14 00:49:46,5,55,19.3,75,6.7,1010.9,1015.8,5.4,7.1,2,597.3,0
2018-12-14 00:54:46,5,55,19.3,75,6.7,1010.9,1015.8,2.7,5.1,4,597.3,0
2018-12-14 00:59:46,5,55,19.3,75,6.7,1010.8,1015.7,4.1,5.4,4,597.3,0
2018-12-14 01:04:46,5,55,19.2,75,6.7,1010.8,1015.7,4.4,6.1,4,597.3,0
2018-12-14 01:09:46,5,55,19.2,75,6.7,1011.1,1016,3.4,4.4,4,597.3,0
2018-12-14 01:14:46,5,55,19.2,75,6.7,1010.8,1015.7,4.1,5.4,13,597.3,0
2018-12-14 01:19:46,5,55,19.2,75,6.6,1010.8,1015.7,5.4,7.5,4,597.3,0
2018-12-14 01:24:46,5,55,19.2,75,6.6,1010.8,1015.7,4.4,5.8,10,597.3,0
2018-12-14 01:29:46,5,55,19.2,75,6.6,1010.8,1015.7,3.7,5.1,4,597.3,0
2018-12-14 01:34:46,5,55,19.2,75,6.6,1010.9,1015.8,5.4,8.2,4,597.3,0
2018-12-14 01:39:46,5,55,19.2,75,6.7,1010.9,1015.8,3.1,4.4,4,597.3,0
2018-12-14 01:44:46,5,55,19.2,75,6.6,1010.7,1015.6,4.4,5.8,4,597.3,0
2018-12-14 01:49:46,5,55,19.2,75,6.7,1010.8,1015.7,4.4,5.4,4,597.3,0
2018-12-14 01:54:46,5,55,19.2,75,6.7,1010.7,1015.6,5.4,7.1,4,597.3,0
2018-12-14 01:59:46,5,55,19.2,74,6.7,1010.7,1015.6,4.1,6.1,4,597.3,0
2018-12-14 02:04:46,5,55,19.2,74,6.7,1010.6,1015.5,4.1,5.8,14,597.3,0
2018-12-14 02:09:46,5,55,19.1,74,6.7,1010.5,1015.4,6.5,8.2,2,597.3,0
2018-12-14 02:14:46,5,55,19.1,75,6.7,1010.6,1015.5,6.5,8.8,1,597.3,0
2018-12-14 02:19:46,5,55,19.1,75,6.7,1010.6,1015.5,5.8,7.5,2,597.3,0
2018-12-14 02:24:46,5,54,19.1,75,6.7,1010.6,1015.5,4.1,5.1,4,597.3,0
2018-12-14 02:29:46,5,54,19.1,75,6.6,1010.4,1015.3,6.5,9.2,4,597.3,0
2018-12-14 02:34:46,5,54,19.1,75,6.6,1010.4,1015.3,6.1,7.8,4,597.3,0
2018-12-14 02:39:46,5,54,19.1,75,6.6,1010.6,1015.5,5.8,8.2,4,597.3,0
2018-12-14 02:44:46,5,54,19.1,75,6.6,1010.7,1015.6,5.1,7.5,2,597.3,0
2018-12-14 02:49:46,5,54,19,75,6.6,1010.5,1015.4,6.5,8.5,4,597.3,0
2018-12-14 02:54:46,5,54,19.1,75,6.6,1010.8,1015.7,4.8,6.8,4,597.3,0
2018-12-14 02:59:46,5,54,19,75,6.6,1010.4,1015.3,5.8,7.5,4,597.3,0
2018-12-14 03:04:46,5,54,19.1,75,6.6,1010.4,1015.3,6.5,8.2,4,597.3,0
2018-12-14 03:09:46,5,54,19,75,6.6,1010.4,1015.3,3.7,5.1,2,597.3,0
2018-12-14 03:14:46,5,54,19,75,6.6,1010.2,1015.1,5.4,9.2,4,597.3,0
2018-12-14 03:19:46,5,54,19,75,6.6,1010.1,1015,4.4,6.8,14,597.3,0
2018-12-14 03:24:46,5,54,19,75,6.6,1010,1014.9,4.4,6.5,4,597.3,0
2018-12-14 03:29:46,5,54,19,75,6.6,1009.8,1014.7,5.4,6.5,4,597.3,0
2018-12-14 03:34:46,5,54,19,75,6.6,1009.8,1014.7,5.4,6.8,13,597.3,0
2018-12-14 03:39:46,5,54,19,75,6.7,1010,1014.9,5.8,7.5,4,597.3,0
2018-12-14 03:44:46,5,54,19,75,6.7,1009.9,1014.8,6.1,9.5,4,597.3,0
2018-12-14 03:49:46,5,54,19,75,6.7,1010.1,1015,4.4,6.8,4,597.3,0
2018-12-14 03:54:46,5,54,19,75,6.7,1010,1014.9,5.4,7.5,4,597.3,0
2018-12-14 03:59:46,5,54,19,75,6.7,1009.8,1014.7,5.4,9.5,4,597.3,0
2018-12-14 04:04:46,5,54,19,75,6.7,1009.9,1014.8,5.1,7.5,4,597.3,0
2018-12-14 04:09:46,5,54,19,76,6.6,1009.8,1014.7,4.4,6.5,4,597.3,0
2018-12-14 04:14:46,5,54,19,76,6.5,1009.7,1014.6,5.1,6.8,14,597.3,0
2018-12-14 04:19:46,5,54,18.9,76,6.5,1009.7,1014.6,5.4,7.5,4,597.3,0
2018-12-14 04:24:46,5,53,19,76,6.5,1009.5,1014.4,4.1,5.4,4,597.3,0
2018-12-14 04:29:46,5,53,19,77,6.5,1009.7,1014.6,4.1,5.4,4,597.3,0
2018-12-14 04:34:46,5,54,18.9,77,6.5,1009.9,1014.8,5.1,6.5,4,597.3,0
2018-12-14 04:39:46,5,54,18.9,77,6.5,1009.8,1014.7,5.4,7.1,4,597.3,0
2018-12-14 04:44:46,5,54,18.9,77,6.6,1009.9,1014.8,3.7,5.1,4,597.3,0
2018-12-14 04:50:46,6,54,18.9,77,6.7,1009.9,1014.8,4.8,6.8,10,597.3,0
2018-12-14 04:55:46,5,54,18.9,77,6.7,1009.9,1014.8,4.8,6.8,4,597.3,0
2018-12-14 05:00:46,5,54,18.9,77,6.7,1010,1014.9,3.7,4.4,14,597.3,0
2018-12-14 05:05:46,5,54,18.9,77,6.7,1009.9,1014.8,4.8,6.8,3,597.3,0
2018-12-14 05:10:46,5,54,18.9,77,6.7,1009.8,1014.7,4.4,6.5,4,597.3,0
2018-12-14 05:15:46,5,54,18.9,77,6.7,1010,1014.9,4.8,6.5,13,597.3,0
2018-12-14 05:20:46,5,54,18.9,77,6.8,1009.8,1014.7,5.4,6.8,2,597.3,0
2018-12-14 05:25:46,5,54,18.8,77,6.8,1009.7,1014.6,5.1,6.8,4,597.3,0
2018-12-14 05:30:46,5,54,18.8,77,6.8,1009.8,1014.7,4.8,6.1,12,597.3,0
2018-12-14 05:35:46,5,54,18.8,77,6.8,1009.7,1014.6,4.1,5.4,4,597.3,0
2018-12-14 05:40:46,5,54,18.8,77,6.7,1009.8,1014.7,3.7,4.1,4,597.3,0
2018-12-14 05:45:46,5,54,18.8,78,6.7,1009.8,1014.7,4.4,5.8,4,597.3,0
2018-12-14 05:50:46,5,54,18.8,77,6.7,1009.9,1014.8,4.8,5.8,4,597.3,0
2018-12-14 05:55:46,5,54,18.8,79,6.6,1009.6,1014.5,3.1,5.1,4,597.3,0
2018-12-14 06:00:46,5,54,18.8,79,6.6,1009.6,1014.5,5.1,7.5,4,597.3,0
2018-12-14 06:05:46,5,54,18.8,80,6.5,1009.5,1014.4,3.7,6.1,4,597.3,0
2018-12-14 06:10:46,5,54,18.8,80,6.5,1009.4,1014.3,4.4,5.8,12,597.3,0
2018-12-14 06:15:46,5,54,18.8,81,6.5,1009.5,1014.4,5.1,6.1,4,597.3,0
2018-12-14 06:20:46,5,54,18.8,81,6.5,1009.4,1014.3,4.8,5.4,4,597.3,0
2018-12-14 06:25:46,5,54,18.7,81,6.5,1009.2,1014.1,4.8,6.1,4,597.3,0
2018-12-14 06:30:46,5,54,18.8,81,6.5,1009.2,1014.1,5.1,7.1,4,597.3,0
2018-12-14 06:35:46,5,54,18.8,82,6.5,1009.2,1014.1,4.4,5.8,4,597.3,0
2018-12-14 06:40:46,5,54,18.8,82,6.5,1009,1013.9,5.8,8.2,4,597.3,0
2018-12-14 06:45:46,5,54,18.8,82,6.5,1009.1,1014,4.1,5.4,4,597.3,0
2018-12-14 06:50:46,5,54,18.7,82,6.5,1009.2,1014.1,4.1,5.1,4,597.3,0
2018-12-14 06:55:46,5,54,18.8,82,6.5,1009.1,1014,5.1,6.8,0,597.3,0
2018-12-14 07:00:46,5,54,18.8,81,6.5,1008.9,1013.8,5.1,7.8,4,597.3,0
2018-12-14 07:05:46,5,54,18.8,82,6.5,1009.1,1014,5.8,7.5,4,597.3,0
2018-12-14 07:10:46,5,54,18.8,82,6.6,1009,1013.9,5.1,7.5,4,597.3,0
2018-12-14 07:15:46,5,54,18.8,82,6.6,1009.2,1014.1,3.4,5.4,4,597.3,0
2018-12-14 07:20:46,5,54,18.8,82,6.6,1009.2,1014.1,3.7,5.8,4,597.3,0
2018-12-14 07:25:46,5,54,18.8,82,6.6,1009.2,1014.1,3.7,5.8,4,597.3,0
2018-12-14 07:30:46,5,54,18.7,82,6.6,1009.2,1014.1,4.4,5.4,4,597.3,0
2018-12-14 07:35:46,5,54,18.8,82,6.7,1009,1013.9,6.1,7.8,4,597.3,0
2018-12-14 07:40:46,5,53,18.8,82,6.7,1009,1013.9,4.4,6.1,4,597.3,0
2018-12-14 07:45:46,5,54,18.7,82,6.7,1009,1013.9,5.4,7.5,2,597.3,0
2018-12-14 07:50:46,5,54,18.7,82,6.7,1009,1013.9,6.5,9.2,4,597.3,0
2018-12-14 07:55:46,5,54,18.7,82,6.8,1009,1013.9,7.5,9.2,2,597.3,0
2018-12-14 08:00:46,5,54,18.8,82,6.8,1009,1013.9,5.1,6.8,2,597.3,0
2018-12-14 08:05:46,5,54,18.8,82,6.8,1009.2,1014.1,4.1,5.1,4,597.3,0
2018-12-14 08:10:46,5,54,18.7,82,6.8,1009.5,1014.4,3.7,4.8,8,597.3,0
2018-12-14 08:15:46,5,54,18.7,81,6.8,1009.5,1014.4,3.1,5.1,4,597.3,0
2018-12-14 08:20:46,5,54,18.7,81,6.8,1009.2,1014.1,4.8,6.1,2,597.3,0
2018-12-14 08:25:46,5,54,18.7,81,6.9,1009.1,1014,5.4,8.2,4,597.3,0
2018-12-14 08:30:46,5,54,18.8,81,6.9,1009.2,1014.1,5.4,8.5,4,597.3,0
2018-12-14 08:35:46,5,54,18.8,80,6.9,1009.2,1014.1,3.7,4.8,4,597.3,0
2018-12-14 08:40:46,5,54,18.8,79,7,1009.3,1014.2,3.4,5.1,1,597.3,0
2018-12-14 08:45:46,5,53,18.7,79,7,1009.3,1014.2,4.4,6.1,4,597.3,0
2018-12-14 08:50:46,5,54,18.7,79,7,1009.4,1014.3,5.8,7.8,4,597.3,0
2018-12-14 08:55:46,5,53,18.7,79,7,1009.3,1014.2,5.1,7.1,2,597.3,0
2018-12-14 09:00:46,5,54,18.7,79,7,1009.2,1014.1,5.1,6.5,14,597.3,0
2018-12-14 09:05:46,5,54,18.7,78,7.1,1009.1,1014,7.5,8.8,4,597.3,0
2018-12-14 09:10:46,5,54,18.7,78,7.1,1009.2,1014.1,5.1,6.8,4,597.3,0
2018-12-14 09:15:46,5,54,18.7,78,7.1,1009,1013.9,5.8,6.8,2,597.3,0
2018-12-14 09:20:46,5,54,18.7,78,7.1,1009,1013.9,4.8,7.5,4,597.3,0
2018-12-14 09:25:46,5,54,18.7,78,7.1,1009,1013.9,8.2,11.2,4,597.3,0
2018-12-14 09:30:46,5,54,18.7,78,7.1,1009,1013.9,4.4,7.5,8,597.3,0
2018-12-14 09:35:46,5,54,18.7,78,7.1,1008.9,1013.8,6.8,10.5,2,597.3,0
2018-12-14 09:40:46,5,54,18.7,77,7.1,1008.7,1013.6,7.1,9.9,4,597.3,0
2018-12-14 09:45:46,5,54,18.7,77,7.2,1008.9,1013.8,6.1,7.8,12,597.6,0
2018-12-14 09:50:46,5,54,18.7,77,7.2,1008.8,1013.7,7.8,9.5,4,597.6,0
2018-12-14 09:55:46,5,54,18.7,76,7.3,1008.7,1013.6,5.8,7.5,4,597.6,0
2018-12-14 10:00:46,5,54,18.7,76,7.3,1008.9,1013.8,6.1,8.5,6,597.6,0
2018-12-14 10:05:46,5,54,18.7,76,7.2,1008.8,1013.7,5.4,7.1,4,597.6,0
2018-12-14 10:10:46,5,54,18.7,76,7.2,1008.7,1013.6,6.5,8.2,4,597.6,0
2018-12-14 10:15:46,5,54,18.7,77,7.1,1008.6,1013.5,6.1,8.5,2,597.6,0
2018-12-14 10:20:46,5,53,18.7,77,7.1,1008.6,1013.5,7.1,8.5,4,597.6,0
2018-12-14 10:25:46,5,53,18.6,77,7.1,1008.7,1013.6,7.1,9.5,12,597.6,0
2018-12-14 10:30:46,5,53,18.7,77,7.2,1008.8,1013.7,5.8,8.2,4,597.6,0
2018-12-14 10:35:46,5,53,18.6,77,7.2,1008.8,1013.7,5.1,7.5,14,597.6,0
2018-12-14 10:40:46,5,53,18.7,77,7.1,1008.7,1013.6,4.4,8.2,4,597.6,0
2018-12-14 10:45:46,5,53,18.6,78,7.1,1008.9,1013.8,5.8,8.5,4,597.6,0
2018-12-14 10:50:46,5,53,18.6,78,7.1,1009,1013.9,4.1,6.1,1,597.6,0
2018-12-14 10:55:46,5,53,18.6,79,7.1,1008.9,1013.8,7.1,8.5,14,597.6,0
2018-12-14 11:00:46,5,53,18.6,79,7.2,1008.7,1013.6,4.8,6.5,4,597.6,0
2018-12-14 11:05:46,5,53,18.6,79,7.3,1008.6,1013.5,7.5,11.2,4,597.6,0
2018-12-14 11:10:46,5,53,18.6,79,7.3,1008.7,1013.6,4.1,6.1,4,597.6,0
2018-12-14 11:15:46,5,53,18.6,79,7.3,1008.8,1013.7,4.4,6.1,4,597.6,0
2018-12-14 11:20:46,5,53,18.6,79,7.3,1008.7,1013.6,4.1,6.1,4,597.6,0
2018-12-14 11:25:46,5,53,18.6,79,7.4,1008.7,1013.6,3.1,4.8,2,597.6,0
2018-12-14 11:30:46,5,53,18.6,79,7.4,1008.7,1013.6,4.4,5.8,4,597.6,0
2018-12-14 11:35:46,5,53,18.6,79,7.4,1008.7,1013.6,3.1,4.4,2,597.6,0
2018-12-14 11:40:46,5,53,18.6,79,7.4,1008.8,1013.7,4.4,7.1,8,597.6,0
2018-12-14 11:45:46,5,53,18.6,79,7.4,1008.7,1013.6,2,4.8,4,597.6,0
2018-12-14 11:50:46,5,53,18.6,79,7.4,1008.6,1013.5,3.4,4.4,2,597.6,0
2018-12-14 11:55:46,5,53,18.6,79,7.4,1008.8,1013.7,2.7,4.4,2,597.6,0
2018-12-14 12:00:46,5,53,18.6,80,7.4,1008.8,1013.7,3.4,4.8,4,597.6,0
2018-12-14 12:05:46,5,53,18.6,80,7.4,1008.8,1013.7,3.7,4.8,4,597.6,0
2018-12-14 12:10:46,5,53,18.6,80,7.5,1008.7,1013.6,3.7,4.8,4,597.6,0
2018-12-14 12:15:46,5,53,18.6,80,7.5,1008.4,1013.3,3.7,4.8,4,597.6,0
2018-12-14 12:20:46,5,53,18.5,80,7.6,1008.4,1013.3,3.4,4.8,4,597.6,0
2018-12-14 12:25:46,5,53,18.5,80,7.6,1008.4,1013.3,5.4,6.8,4,597.6,0
2018-12-14 12:30:46,5,53,18.5,80,7.6,1008.4,1013.3,3.4,4.1,4,597.6,0
2018-12-14 12:35:46,5,53,18.5,80,7.7,1008.4,1013.3,2.4,4.1,4,597.6,0
2018-12-14 12:40:46,5,53,18.6,80,7.7,1008.3,1013.2,4.4,5.1,2,597.6,0
2018-12-14 12:45:46,5,53,18.6,80,7.7,1008,1012.9,3.7,5.4,4,597.6,0
2018-12-14 12:50:46,5,53,18.6,80,7.7,1007.7,1012.6,3.7,4.8,10,597.6,0
2018-12-14 12:55:46,5,53,18.5,80,7.7,1007.7,1012.6,4.1,6.1,4,597.6,0
2018-12-14 13:00:46,5,53,18.5,80,7.7,1007.7,1012.6,2.7,4.4,4,597.6,0
2018-12-14 13:05:46,5,53,18.5,80,7.8,1007.7,1012.6,3.1,4.4,4,597.6,0
2018-12-14 13:10:46,5,53,18.5,80,7.8,1007.7,1012.6,2,3.4,4,597.6,0
2018-12-14 13:15:46,5,53,18.5,80,7.9,1007.5,1012.4,2,4.1,4,597.6,0
2018-12-14 13:20:46,5,53,18.5,79,8,1007.6,1012.5,2,4.4,4,597.6,0
2018-12-14 13:25:46,5,53,18.5,79,8,1007.7,1012.6,2.4,3.7,4,597.6,0
2018-12-14 13:30:46,5,53,18.5,79,8.1,1007.8,1012.7,2.7,5.1,8,597.6,0
2018-12-14 13:35:46,5,53,18.5,78,8.2,1007.8,1012.7,1.7,2.4,3,597.6,0
2018-12-14 13:40:46,5,53,18.5,78,8.3,1007.7,1012.6,1.7,3.7,4,597.6,0
2018-12-14 13:45:46,5,53,18.5,78,8.3,1007.4,1012.3,4.1,5.8,0,597.6,0
2018-12-14 13:50:45,5,53,18.5,77,8.3,1007.2,1012.1,3.4,5.1,2,597.6,0
2018-12-14 13:55:45,5,53,18.5,77,8.3,1007.2,1012.1,3.7,6.5,4,597.6,0
2018-12-14 14:00:45,5,53,18.5,76,8.3,1007.1,1012,4.4,6.1,2,597.6,0
2018-12-14 14:05:45,5,53,18.5,76,8.3,1007.2,1012.1,2.4,3.4,0,597.6,0
2018-12-14 14:10:45,5,53,18.5,76,8.3,1007.3,1012.2,2.7,4.8,4,597.6,0
2018-12-14 14:15:45,5,53,18.5,76,8.3,1007.1,1012,4.1,5.8,1,597.6,0
2018-12-14 14:20:45,5,53,18.5,76,8.3,1007.1,1012,3.4,4.8,8,597.6,0
2018-12-14 14:25:45,5,53,18.5,77,8.3,1006.8,1011.7,4.1,6.1,4,597.6,0
2018-12-14 14:30:45,5,53,18.5,77,8.2,1006.8,1011.7,4.4,6.8,1,597.6,0
2018-12-14 14:35:45,5,53,18.4,77,8.2,1006.8,1011.7,4.4,5.8,4,597.6,0
2018-12-14 14:40:45,5,53,18.5,77,8.2,1006.7,1011.6,4.1,6.5,2,597.6,0
2018-12-14 14:45:45,5,53,18.5,77,8.2,1006.7,1011.6,3.4,5.4,4,597.6,0
2018-12-14 14:50:45,5,53,18.5,77,8.1,1006.6,1011.5,6.5,8.5,4,597.6,0
2018-12-14 14:55:45,5,53,18.5,76,8.1,1006.4,1011.3,5.1,5.8,10,597.6,0
2018-12-14 15:00:45,5,53,18.5,76,8.1,1006.4,1011.3,5.8,7.8,4,597.6,0
2018-12-14 15:05:45,5,53,18.5,76,8.1,1006.2,1011.1,5.4,7.8,7,597.6,0
2018-12-14 15:10:45,5,53,18.5,76,8.1,1006.3,1011.2,4.8,6.8,4,597.6,0
2018-12-14 15:15:45,5,53,18.4,76,8.2,1006.3,1011.2,5.1,7.5,14,597.6,0
2018-12-14 15:20:45,5,53,18.5,75,8.2,1006.2,1011.1,4.8,6.5,0,597.6,0
2018-12-14 15:25:45,5,53,18.4,75,8.3,1006.1,1011,4.1,6.1,4,597.9,0
2018-12-14 15:30:45,5,53,18.4,75,8.3,1006.1,1011,3.7,5.4,2,597.9,0
2018-12-14 15:35:45,5,53,18.4,74,8.3,1006.1,1011,4.4,6.1,4,597.9,0
2018-12-14 15:40:45,5,53,18.4,74,8.4,1005.9,1010.8,5.8,9.5,4,597.9,0
2018-12-14 15:45:45,5,53,18.4,74,8.4,1005.9,1010.8,5.4,7.1,4,597.9,0
2018-12-14 15:50:45,5,53,18.4,74,8.3,1005.9,1010.8,4.8,6.1,4,597.9,0
2018-12-14 15:55:45,5,53,18.4,74,8.4,1005.7,1010.6,4.8,7.1,0,597.9,0
2018-12-14 16:00:45,5,53,18.4,74,8.3,1005.7,1010.6,5.4,7.8,4,597.9,0
2018-12-14 16:05:45,5,53,18.4,74,8.3,1005.4,1010.3,5.1,8.5,4,597.9,0
2018-12-14 16:10:45,5,53,18.4,75,8.3,1005.5,1010.4,5.4,7.5,4,597.9,0
2018-12-14 16:15:45,5,53,18.4,75,8.2,1005.4,1010.3,4.4,7.1,4,597.9,0
2018-12-14 16:20:45,5,53,18.4,75,8.1,1005.3,1010.2,4.4,5.4,4,597.9,0
2018-12-14 16:25:45,5,53,18.3,75,8.1,1005.2,1010.1,6.5,8.8,4,597.9,0
2018-12-14 16:31:45,6,53,18.3,75,8.1,1005.2,1010.1,6.1,9.5,4,597.9,0
2018-12-14 16:36:45,5,53,18.3,75,8.2,1005.2,1010.1,6.8,8.5,4,597.9,0
2018-12-14 16:41:45,5,53,18.3,74,8.2,1005.4,1010.3,6.1,7.8,2,597.9,0
2018-12-14 16:46:45,5,53,18.3,74,8.2,1005.4,1010.3,5.8,7.1,0,597.9,0
2018-12-14 16:51:45,5,53,18.3,74,8.3,1005.5,1010.4,5.8,9.2,13,597.9,0
2018-12-14 16:56:45,5,53,18.3,74,8.3,1005.5,1010.4,5.1,7.8,8,597.9,0
2018-12-14 17:01:45,5,53,18.3,74,8.3,1005.6,1010.5,6.1,7.8,4,597.9,0
2018-12-14 17:06:45,5,53,18.2,75,8.2,1005.5,1010.4,4.4,6.8,4,597.9,0
2018-12-14 17:11:45,5,53,18.2,75,8.1,1005.4,1010.3,6.5,7.8,4,597.9,0
2018-12-14 17:16:45,5,53,18.3,76,8,1005.4,1010.3,5.8,7.5,4,597.9,0
2018-12-14 17:21:45,5,53,18.3,77,7.8,1005.2,1010.1,5.8,7.5,4,597.9,0
2018-12-14 17:26:45,5,53,18.3,78,7.8,1004.9,1009.8,6.5,8.8,4,597.9,0
2018-12-14 17:31:45,5,53,18.2,78,7.8,1004.9,1009.8,5.8,7.5,4,597.9,0
2018-12-14 17:36:45,5,53,18.2,79,7.7,1004.8,1009.7,6.1,6.8,4,597.9,0
2018-12-14 17:41:45,5,53,18.2,79,7.7,1004.7,1009.6,5.8,7.5,4,597.9,0
2018-12-14 17:46:45,5,54,18.2,79,7.8,1004.8,1009.7,3.7,4.8,4,597.9,0
2018-12-14 17:51:45,5,54,18.2,78,7.8,1004.7,1009.6,4.8,7.1,4,597.9,0
2018-12-14 17:56:45,5,54,18.2,78,7.9,1005,1009.9,3.7,4.4,4,597.9,0
2018-12-14 18:01:45,5,54,18.2,77,8,1004.9,1009.8,4.8,5.8,4,597.9,0
2018-12-14 18:06:45,5,54,18.3,77,8.1,1004.9,1009.8,3.7,5.8,4,597.9,0
2018-12-14 18:11:45,5,54,18.2,77,8.1,1005.1,1010,4.1,6.1,13,597.9,0
2018-12-14 18:16:45,5,54,18.2,77,8.2,1004.9,1009.8,5.4,6.8,4,597.9,0
2018-12-14 18:21:45,5,54,18.2,77,8.2,1004.9,1009.8,4.4,5.4,4,597.9,0
2018-12-14 18:26:45,5,54,18.2,77,8.3,1004.9,1009.8,3.7,5.4,4,597.9,0
2018-12-14 18:31:45,5,54,18.2,77,8.3,1004.9,1009.8,3.4,5.1,4,597.9,0
2018-12-14 18:36:45,5,55,18.3,77,8.3,1004.8,1009.7,4.8,7.1,4,597.9,0
2018-12-14 18:41:45,5,55,18.2,77,8.4,1004.6,1009.5,3.4,4.8,4,597.9,0
2018-12-14 18:46:45,5,55,18.3,77,8.4,1004.6,1009.5,5.1,6.1,4,597.9,0
2018-12-14 18:51:45,5,56,18.3,76,8.6,1004.6,1009.5,5.1,8.2,4,597.9,0
2018-12-14 18:56:45,5,57,18.3,76,8.6,1004.5,1009.4,5.8,7.1,8,597.9,0
2018-12-14 19:01:45,5,57,18.3,76,8.7,1004.5,1009.4,4.4,5.1,14,597.9,0
2018-12-14 19:06:45,5,57,18.3,76,8.7,1004.4,1009.3,5.4,8.2,13,597.9,0
2018-12-14 19:11:45,5,57,18.3,76,8.7,1004.1,1009,5.4,8.2,4,597.9,0
2018-12-14 19:16:45,5,57,18.3,76,8.8,1004.1,1009,5.8,7.1,4,597.9,0
2018-12-14 19:21:45,5,57,18.3,76,8.8,1003.9,1008.8,5.8,8.5,4,597.9,0
2018-12-14 19:26:45,5,57,18.3,76,8.8,1004,1008.9,5.8,7.5,4,597.9,0
2018-12-14 19:31:45,5,58,18.4,76,8.8,1003.9,1008.8,5.1,7.1,12,597.9,0
2018-12-14 19:36:45,5,58,18.4,77,8.8,1004.2,1009.1,5.8,9.5,2,597.9,0
2018-12-14 19:41:45,5,57,18.4,77,8.8,1004.2,1009.1,6.8,8.8,4,597.9,0
2018-12-14 19:46:45,5,57,18.4,77,8.8,1004.1,1009,4.8,6.1,4,597.9,0
2018-12-14 19:51:45,5,57,18.5,77,8.9,1004.2,1009.1,4.8,6.5,8,597.9,0
2018-12-14 19:56:45,5,57,18.4,77,8.9,1004,1008.9,6.1,8.5,14,597.9,0
2018-12-14 20:01:45,5,57,18.4,77,8.9,1004.1,1009,5.8,7.8,4,597.9,0
2018-12-14 20:06:45,5,57,18.5,77,8.9,1003.7,1008.6,5.1,7.5,3,597.9,0
2018-12-14 20:11:45,5,57,18.5,78,8.9,1003.6,1008.5,6.5,8.5,4,597.9,0
2018-12-14 20:16:45,5,57,18.6,78,8.8,1003.5,1008.4,5.8,7.8,4,597.9,0
2018-12-14 20:21:45,5,57,18.6,78,8.8,1003.7,1008.6,5.4,7.8,4,597.9,0
2018-12-14 20:26:45,5,57,18.6,79,8.8,1003.5,1008.4,5.4,7.8,13,597.9,0
2018-12-14 20:31:45,5,57,18.5,79,8.8,1003.4,1008.3,6.1,8.2,4,597.9,0
2018-12-14 20:36:45,5,57,18.5,79,8.7,1003.2,1008.1,5.4,7.8,2,597.9,0
2018-12-14 20:41:45,5,57,18.6,80,8.7,1003.2,1008.1,5.8,7.1,4,597.9,0
2018-12-14 20:46:45,5,57,18.5,80,8.6,1003.1,1008,5.8,7.8,4,597.9,0
2018-12-14 20:51:45,5,57,18.6,80,8.6,1003.3,1008.2,5.8,7.8,4,597.9,0
2018-12-14 20:56:45,5,57,18.6,80,8.5,1003.1,1008,6.1,8.2,4,597.9,0
2018-12-14 21:01:45,5,57,18.7,81,8.5,1002.9,1007.8,7.8,9.5,4,597.9,0
2018-12-14 21:06:45,5,57,18.6,81,8.5,1002.9,1007.8,6.8,8.8,4,597.9,0
2018-12-14 21:11:45,5,57,18.6,81,8.5,1003,1007.9,6.1,8.2,4,597.9,0
2018-12-14 21:16:45,5,57,18.7,81,8.6,1003,1007.9,7.1,8.8,10,597.9,0
2018-12-14 21:21:45,5,57,18.7,81,8.6,1002.8,1007.7,6.5,8.8,4,597.9,0
2018-12-14 21:26:45,5,57,18.7,81,8.7,1002.7,1007.6,7.1,10.9,4,597.9,0
2018-12-14 21:31:45,5,57,18.7,80,8.6,1002.7,1007.6,4.8,6.8,4,597.9,0
2018-12-14 21:36:45,5,57,18.7,80,8.6,1002.7,1007.6,5.4,6.8,4,597.9,0
2018-12-14 21:41:45,5,57,18.7,81,8.6,1002.7,1007.6,5.4,6.8,4,598.2,0
2018-12-14 21:46:45,5,57,18.8,81,8.6,1002.7,1007.6,7.1,10.2,12,598.2,0
2018-12-14 21:51:45,5,57,18.8,81,8.6,1002.6,1007.5,6.1,8.8,4,598.2,0
2018-12-14 21:56:45,5,57,18.8,81,8.5,1002.4,1007.3,8.5,10.2,4,598.2,0
2018-12-14 22:01:45,5,57,18.8,81,8.5,1002.6,1007.5,7.1,9.2,4,598.2,0
2018-12-14 22:06:45,5,57,18.8,81,8.5,1002.6,1007.5,5.4,6.8,4,598.2,0
2018-12-14 22:11:45,5,57,18.8,81,8.5,1002.3,1007.2,5.4,7.5,4,598.2,0
2018-12-14 22:16:45,5,57,18.8,81,8.4,1002,1006.9,7.5,9.2,4,598.2,0
2018-12-14 22:21:45,5,57,18.9,81,8.4,1002.1,1007,6.5,9.5,4,598.2,0
2018-12-14 22:26:45,5,57,18.9,81,8.4,1001.9,1006.8,5.8,8.2,2,598.2,0
2018-12-14 22:31:45,5,57,18.9,82,8.4,1001.9,1006.8,8.5,10.5,4,598.2,0
2018-12-14 22:36:45,5,57,18.9,82,8.4,1002,1006.9,5.4,6.8,4,598.2,0
2018-12-14 22:41:45,5,57,18.9,82,8.4,1001.9,1006.8,5.4,7.1,13,598.2,0
2018-12-14 22:46:45,5,57,18.9,82,8.4,1001.7,1006.6,4.8,7.8,10,598.2,0
2018-12-14 22:51:45,5,57,18.9,82,8.5,1001.8,1006.7,5.1,6.5,14,598.2,0
2018-12-14 22:56:45,5,57,18.9,82,8.5,1001.7,1006.6,7.1,10.5,4,598.2,0
2018-12-14 23:01:45,5,56,19,82,8.6,1001.8,1006.7,5.8,9.5,13,598.2,0
2018-12-14 23:06:45,5,56,19,82,8.6,1001.6,1006.5,5.1,6.8,4,598.2,0
2018-12-14 23:11:45,5,56,19,82,8.7,1001.6,1006.5,5.1,7.5,4,598.2,0
2018-12-14 23:16:45,5,56,19,82,8.8,1001.6,1006.5,7.5,8.8,4,598.2,0
2018-12-14 23:21:45,5,56,19,81,8.8,1001.7,1006.6,5.8,7.8,8,598.2,0
2018-12-14 23:26:45,5,56,19,81,8.9,1001.3,1006.2,6.1,8.5,4,598.2,0
2018-12-14 23:31:45,5,56,19,80,9,1001.3,1006.2,6.1,7.8,4,598.2,0
2018-12-14 23:36:45,5,56,19,80,9.1,1001.5,1006.4,5.1,8.8,4,598.2,0
2018-12-14 23:41:45,5,56,19,79,9.1,1001.4,1006.3,5.1,7.8,4,598.2,0
2018-12-14 23:46:45,5,56,19,79,9.2,1001.4,1006.3,5.8,8.2,13,598.2,0
2018-12-14 23:51:45,5,56,19,79,9.3,1001.5,1006.4,6.5,8.2,4,598.2,0
2018-12-14 23:56:45,5,56,19,79,9.4,1001.4,1006.3,5.8,7.5,4,598.2,0
