2014-04-16 00:00:47,5,62,19.4,63,6.6,1017.4,1022.3,1.7,2.4,6,304.2,0
2014-04-16 00:05:47,5,62,19.3,63,6.5,1017.3,1022.2,2.4,3.1,3,304.2,0
2014-04-16 00:10:47,5,62,19.3,64,6.3,1017.4,1022.3,1.7,2.4,4,304.2,0
2014-04-16 00:15:47,5,62,19.3,65,6.3,1017.4,1022.3,2,2.7,4,304.2,0
2014-04-16 00:20:47,5,62,19.3,65,6.4,1017.3,1022.2,1,1.4,4,304.2,0
2014-04-16 00:25:47,5,62,19.3,65,6.5,1017.3,1022.2,1.4,2,15,304.2,0
2014-04-16 00:30:47,5,62,19.2,65,6.6,1017.1,1022,1,1.4,2,304.2,0
2014-04-16 00:35:47,5,62,19.2,65,6.6,1017.2,1022.1,2.4,3.1,4,304.2,0
2014-04-16 00:40:47,5,62,19.2,65,6.6,1017.1,1022,1.7,2.7,6,304.2,0
2014-04-16 00:45:47,5,62,19.2,66,6.4,1017,1021.9,1,1.7,4,304.2,0
2014-04-16 00:50:47,5,62,19.2,68,6,1017.1,1022,1.4,1.7,1,304.2,0
2014-04-16 00:55:47,5,62,19.2,71,5.9,1017.1,1022,1.7,2.4,0,304.2,0
2014-04-16 01:00:47,5,62,19.2,71,5.9,1017,1021.9,1.4,2,2,304.2,0
2014-04-16 01:05:47,5,62,19.2,70,6,1017.1,1022,0.7,1.4,2,304.2,0
2014-04-16 01:10:47,5,62,19.1,70,6,1017.2,1022.1,1.4,2,2,304.2,0
2014-04-16 01:15:47,5,62,19.1,70,5.9,1017.2,1022.1,1.7,2,15,304.2,0
2014-04-16 01:20:47,5,62,19.1,69,6,1017,1021.9,1.4,2.4,2,304.2,0
2014-04-16 01:25:47,5,62,19.1,67,6.3,1016.9,1021.8,1.4,2,2,304.2,0
2014-04-16 01:30:47,5,62,19.1,66,6.6,1017,1021.9,0.7,1.7,0,304.2,0
2014-04-16 01:35:47,5,62,19.1,66,6.8,1016.9,1021.8,1,1.7,0,304.2,0
2014-04-16 01:40:47,5,62,19.1,66,6.7,1017.1,1022,0.3,1,14,304.2,0
2014-04-16 01:45:47,5,63,19.1,67,6.5,1016.9,1021.8,0.7,1.4,4,304.2,0
2014-04-16 01:50:47,5,63,19,68,6.3,1017,1021.9,2.4,3.4,4,304.2,0
2014-04-16 01:55:47,5,63,19,67,6.4,1017.1,1022,0.3,0.7,4,304.2,0
2014-04-16 02:00:47,5,63,19,67,6.4,1016.8,1021.7,0.7,1,2,304.2,0
2014-04-16 02:05:47,5,63,19,66,6.4,1016.8,1021.7,0.3,0.7,4,304.2,0
2014-04-16 02:10:47,5,63,19,63,6.8,1016.8,1021.7,0.7,1.7,8,304.2,0
2014-04-16 02:15:47,5,63,19,61,7.3,1016.7,1021.6,1.4,2.4,4,304.2,0
2014-04-16 02:20:47,5,63,19,61,7.2,1016.7,1021.6,2,3.7,4,304.2,0
2014-04-16 02:25:47,5,63,19,61,7.2,1016.5,1021.4,2,3.1,4,304.2,0
2014-04-16 02:30:47,5,64,18.9,61,7.1,1016.4,1021.3,2.4,3.1,4,304.2,0
2014-04-16 02:35:47,5,63,19,61,7.2,1016.6,1021.5,1,1.7,4,304.2,0
2014-04-16 02:40:47,5,64,18.9,64,6.9,1016.5,1021.4,1.4,2.4,4,304.2,0
2014-04-16 02:45:47,5,64,18.9,65,6.6,1016.7,1021.6,2,3.1,6,304.2,0
2014-04-16 02:50:47,5,64,18.9,64,6.7,1016.5,1021.4,2,3.1,4,304.2,0
2014-04-16 02:55:47,5,64,18.9,64,6.9,1016.6,1021.5,2.4,3.4,2,304.2,0
2014-04-16 03:00:47,5,64,18.9,64,6.9,1016.5,1021.4,1.7,2.4,5,304.2,0
2014-04-16 03:05:47,5,64,18.9,62,7,1016.6,1021.5,2.4,4.1,4,304.2,0
2014-04-16 03:10:47,5,64,18.9,61,7.1,1016.7,1021.6,0,0.7,4,304.2,0
2014-04-16 03:15:47,5,64,18.9,61,7.1,1016.6,1021.5,2.7,4.1,4,304.2,0
2014-04-16 03:20:47,5,64,18.8,60,7.4,1016.5,1021.4,0.3,1.4,4,304.2,0
2014-04-16 03:25:47,5,64,18.8,60,7.2,1016.6,1021.5,0.3,1.4,6,304.2,0
2014-04-16 03:30:47,5,64,18.8,62,6.9,1016.5,1021.4,0.7,1.4,2,304.2,0
2014-04-16 03:35:47,5,64,18.8,63,6.7,1016.6,1021.5,0.7,1.4,4,304.2,0
2014-04-16 03:40:47,5,64,18.9,63,6.5,1016.4,1021.3,0.7,1.4,1,304.2,0
2014-04-16 03:45:47,5,64,18.8,64,6.3,1016.3,1021.2,1.4,1.7,1,304.2,0
2014-04-16 03:50:47,5,64,18.8,66,5.6,1016.4,1021.3,0.7,1.4,2,304.2,0
2014-04-16 03:55:47,5,64,18.8,67,5.5,1016.4,1021.3,0.3,0.7,6,304.2,0
2014-04-16 04:00:47,5,64,18.8,66,5.7,1016.5,1021.4,0,0.3,12,304.2,0
2014-04-16 04:05:47,5,64,18.8,67,5.5,1016.6,1021.5,0.7,1,14,304.2,0
2014-04-16 04:10:47,5,64,18.7,67,5.3,1016.4,1021.3,0.3,0.7,4,304.2,0
2014-04-16 04:15:47,5,64,18.7,68,5.3,1016.5,1021.4,1,2,4,304.2,0
2014-04-16 04:20:47,5,64,18.7,69,5.7,1016.2,1021.1,1.7,2,4,304.2,0
2014-04-16 04:25:47,5,64,18.7,70,6.3,1016.2,1021.1,0.3,1.4,4,304.2,0
2014-04-16 04:30:47,5,64,18.7,69,6.6,1015.9,1020.8,1.7,2.4,4,304.2,0
2014-04-16 04:35:47,5,64,18.7,70,6.8,1016,1020.9,0.7,1,6,304.2,0
2014-04-16 04:40:47,5,64,18.7,69,6.8,1016.2,1021.1,0.3,0.7,10,304.2,0
2014-04-16 04:45:47,5,64,18.7,70,6.8,1016,1020.9,0.7,2,4,304.2,0
2014-04-16 04:50:47,5,64,18.7,70,6.9,1016,1020.9,1,1.7,12,304.2,0
2014-04-16 04:55:47,5,64,18.7,69,7,1016.1,1021,1,1.4,8,304.2,0
2014-04-16 05:00:47,5,64,18.7,69,7,1016,1020.9,0.7,1.4,6,304.2,0
2014-04-16 05:05:47,5,64,18.6,70,7.1,1015.9,1020.8,1,1.7,14,304.2,0
2014-04-16 05:10:47,5,64,18.6,71,7.2,1016.1,1021,1.4,2.7,0,304.2,0
2014-04-16 05:15:47,5,64,18.6,71,7.3,1015.9,1020.8,1.4,3.4,6,304.2,0
2014-04-16 05:20:47,5,64,18.6,71,7.4,1016.1,1021,1.4,2.7,4,304.2,0
2014-04-16 05:25:47,5,64,18.6,71,7.4,1015.9,1020.8,3.1,4.1,6,304.2,0
2014-04-16 05:30:47,5,64,18.6,71,7.3,1015.9,1020.8,1.4,2.4,2,304.2,0
2014-04-16 05:35:47,5,64,18.6,71,7.3,1015.9,1020.8,1.4,2.4,4,304.2,0
2014-04-16 05:40:47,5,64,18.6,71,7.2,1015.8,1020.7,1,1.4,4,304.2,0
2014-04-16 05:45:47,5,64,18.6,71,7.1,1015.7,1020.6,1,1.7,2,304.2,0
2014-04-16 05:50:47,5,64,18.6,71,7,1015.8,1020.7,1.7,3.4,7,304.2,0
2014-04-16 05:55:47,5,64,18.6,72,7,1015.9,1020.8,1.7,3.4,15,304.2,0
2014-04-16 06:00:47,5,64,18.6,72,7,1015.8,1020.7,0.7,1.7,4,304.2,0
2014-04-16 06:05:47,5,64,18.6,72,7,1015.8,1020.7,1,2.7,14,304.2,0
2014-04-16 06:10:47,5,64,18.6,72,7.1,1015.8,1020.7,1.4,2,12,304.2,0
2014-04-16 06:15:47,5,64,18.6,72,7.1,1015.5,1020.4,0.7,1.7,10,304.2,0
2014-04-16 06:20:47,5,64,18.5,72,7.2,1015.6,1020.5,1.7,2.7,8,304.2,0
2014-04-16 06:25:47,5,64,18.6,72,7.2,1015.7,1020.6,0.3,1,12,304.2,0
2014-04-16 06:30:47,5,64,18.5,72,7.2,1015.8,1020.7,1,1.7,8,304.2,0
2014-04-16 06:35:47,5,65,18.5,72,7.6,1015.9,1020.8,1.4,2.4,8,304.2,0
2014-04-16 06:40:47,5,65,18.5,72,8.1,1016,1020.9,0.3,1.4,4,304.2,0
2014-04-16 06:45:47,5,65,18.5,71,8.4,1016,1020.9,0.3,1.4,10,304.2,0
2014-04-16 06:50:47,5,65,18.6,70,8.8,1016,1020.9,0.3,1.7,4,304.2,0
2014-04-16 06:55:47,5,65,18.6,68,9.5,1015.9,1020.8,0.3,1,2,304.2,0
2014-04-16 07:00:47,5,65,18.6,66,10.1,1016,1020.9,1,1.7,2,304.2,0
2014-04-16 07:05:47,5,65,18.5,65,10.4,1015.7,1020.6,1.4,3.4,2,304.2,0
2014-04-16 07:10:47,5,65,18.6,64,10.5,1015.8,1020.7,0.7,1.7,4,304.2,0
2014-04-16 07:15:47,5,64,18.6,64,10.4,1015.7,1020.6,1.7,2.4,4,304.2,0
2014-04-16 07:20:47,5,63,18.6,66,9.6,1015.7,1020.6,0.7,1.7,0,304.2,0
2014-04-16 07:25:47,5,62,18.5,67,9.3,1015.9,1020.8,1,1.4,8,304.2,0
2014-04-16 07:30:47,5,62,18.5,68,9.3,1015.8,1020.7,0.7,1.4,7,304.2,0
2014-04-16 07:35:47,5,62,18.5,68,9.3,1015.9,1020.8,1,2,8,304.2,0
2014-04-16 07:40:47,5,62,18.6,68,9.5,1015.7,1020.6,1.4,2.4,4,304.2,0
2014-04-16 07:45:47,5,62,18.5,68,9.5,1015.8,1020.7,2.4,3.4,4,304.2,0
2014-04-16 07:50:47,5,62,18.5,68,9.4,1015.8,1020.7,1.7,3.1,4,304.2,0
2014-04-16 07:55:47,5,62,18.5,68,9.4,1015.7,1020.6,2,3.1,2,304.2,0
2014-04-16 08:00:47,5,62,18.6,68,9.4,1015.6,1020.5,2.4,3.7,2,304.2,0
2014-04-16 08:05:47,5,62,18.5,68,9.4,1015.7,1020.6,1,1.7,2,304.2,0
2014-04-16 08:10:47,5,63,18.6,68,9.4,1015.8,1020.7,0.7,1.4,2,304.2,0
2014-04-16 08:15:47,5,62,18.6,69,9.5,1015.8,1020.7,1,2,3,304.2,0
2014-04-16 08:20:47,5,63,18.6,69,9.6,1015.8,1020.7,1.4,2.4,6,304.2,0
2014-04-16 08:25:47,5,63,18.6,69,9.6,1015.6,1020.5,1.4,3.4,4,304.2,0
2014-04-16 08:30:47,5,63,18.6,68,9.8,1015.8,1020.7,0,0.7,10,304.2,0
2014-04-16 08:35:47,5,63,18.7,67,10.2,1015.8,1020.7,1.4,1.7,8,304.2,0
2014-04-16 08:40:47,5,63,18.7,67,10.5,1015.8,1020.7,0.7,1.4,4,304.2,0
2014-04-16 08:45:47,5,63,18.7,66,10.6,1015.7,1020.6,2,3.4,2,304.2,0
2014-04-16 08:50:47,5,63,18.8,65,10.8,1015.7,1020.6,2,2.7,4,304.2,0
2014-04-16 08:55:47,5,63,18.8,64,11,1015.6,1020.5,1,2.7,0,304.2,0
2014-04-16 09:00:47,5,63,18.8,63,11.5,1015.8,1020.7,2,3.1,3,304.2,0
2014-04-16 09:05:47,5,63,18.9,63,11.9,1015.7,1020.6,2.4,3.4,6,304.2,0
2014-04-16 09:10:47,5,63,18.9,62,12.2,1015.8,1020.7,1,1.7,4,304.2,0
2014-04-16 09:15:47,5,63,18.9,59,12.2,1015.6,1020.5,3.7,5.8,8,304.2,0
2014-04-16 09:20:47,5,62,19,60,11.9,1015.5,1020.4,3.4,4.1,10,304.2,0
2014-04-16 09:25:47,5,62,19.1,61,12.1,1015.4,1020.3,2.4,3.7,9,304.2,0
2014-04-16 09:30:47,5,62,19.1,60,12.8,1015.6,1020.5,2.4,3.7,8,304.2,0
2014-04-16 09:35:47,5,62,19.2,61,12.8,1015.5,1020.4,2.4,3.7,8,304.2,0
2014-04-16 09:40:47,5,62,19.2,59,12.9,1015.6,1020.5,2.7,4.1,8,304.2,0
2014-04-16 09:45:47,5,62,19.3,60,12.5,1015.6,1020.5,2.4,3.7,4,304.2,0
2014-04-16 09:50:47,5,62,19.3,62,12.5,1015.3,1020.2,3.1,5.4,10,304.2,0
2014-04-16 09:55:47,5,62,19.3,61,12.6,1015.2,1020.1,2,3.1,10,304.2,0
2014-04-16 10:00:47,5,62,19.3,61,12.3,1015.3,1020.2,4.1,5.8,8,304.2,0
2014-04-16 10:05:47,5,62,19.4,61,12.1,1015.3,1020.2,3.4,4.4,9,304.2,0
2014-04-16 10:10:47,5,62,19.4,61,12.4,1015.3,1020.2,3.7,4.8,10,304.2,0
2014-04-16 10:15:47,5,62,19.4,61,12.7,1015.3,1020.2,3.1,5.4,10,304.2,0
2014-04-16 10:20:47,5,62,19.5,60,13.5,1015.3,1020.2,2,4.1,6,304.2,0
2014-04-16 10:25:47,5,62,19.5,57,13.6,1015.1,1020,3.7,5.4,8,304.2,0
2014-04-16 10:30:47,5,62,19.5,57,13.1,1015.3,1020.2,4.4,6.1,8,304.2,0
2014-04-16 10:35:47,5,62,19.5,57,13,1015.3,1020.2,2.4,4.4,12,304.2,0
2014-04-16 10:40:47,5,62,19.5,58,13.1,1015.3,1020.2,2.7,5.1,10,304.2,0
2014-04-16 10:45:47,5,62,19.5,59,13.4,1015.2,1020.1,3.1,4.1,10,304.2,0
2014-04-16 10:50:47,5,62,19.5,60,13.8,1015.2,1020.1,1.4,3.1,8,304.2,0
2014-04-16 10:55:47,5,62,19.6,56,14.1,1015.2,1020.1,4.8,6.5,10,304.2,0
2014-04-16 11:00:47,5,62,19.6,59,13.8,1015.2,1020.1,4.8,6.5,8,304.2,0
2014-04-16 11:05:47,5,62,19.6,57,13.8,1015.2,1020.1,4.4,6.8,8,304.2,0
2014-04-16 11:10:47,5,62,19.6,58,13.5,1014.9,1019.8,2.7,4.1,8,304.2,0
2014-04-16 11:15:47,5,62,19.7,58,13.7,1015.2,1020.1,2.4,3.1,10,304.2,0
2014-04-16 11:20:47,5,62,19.7,56,14,1014.8,1019.7,2.7,4.4,14,304.2,0
2014-04-16 11:25:47,5,62,19.7,56,14.3,1014.9,1019.8,4.4,7.1,10,304.2,0
2014-04-16 11:30:47,5,62,19.8,56,14.2,1014.9,1019.8,1.7,4.4,13,304.2,0
2014-04-16 11:35:47,5,62,19.8,55,14.8,1014.8,1019.7,5.1,6.5,8,304.2,0
2014-04-16 11:40:47,5,62,19.8,55,14,1014.8,1019.7,3.4,4.8,10,304.2,0
2014-04-16 11:45:47,5,62,19.8,58,14.3,1014.7,1019.6,3.4,4.1,10,304.2,0
2014-04-16 11:50:47,5,62,19.8,56,14.6,1014.8,1019.7,5.1,8.5,14,304.2,0
2014-04-16 11:55:47,5,62,19.8,56,14.3,1014.7,1019.6,3.4,5.1,10,304.2,0
2014-04-16 12:00:47,5,62,19.8,56,14.3,1014.6,1019.5,4.1,5.8,10,304.2,0
2014-04-16 12:05:47,5,62,19.9,56,14.3,1014.7,1019.6,3.1,4.1,8,304.2,0
2014-04-16 12:10:47,5,62,19.8,55,14.5,1014.7,1019.6,4.1,5.8,10,304.2,0
2014-04-16 12:15:47,5,62,19.8,55,14.5,1014.8,1019.7,5.8,7.1,10,304.2,0
2014-04-16 12:20:47,5,62,19.8,55,15.2,1014.6,1019.5,4.1,5.1,10,304.2,0
2014-04-16 12:25:47,5,62,19.9,53,15.4,1014.8,1019.7,4.8,5.8,8,304.2,0
2014-04-16 12:30:47,5,62,19.9,52,15.1,1014.7,1019.6,5.8,7.1,8,304.2,0
2014-04-16 12:35:47,5,62,19.9,54,14.7,1014.6,1019.5,3.7,5.4,10,304.2,0
2014-04-16 12:40:47,5,58,19.9,55,14.3,1014.8,1019.7,3.7,4.8,8,304.2,0
2014-04-16 12:45:47,5,56,19.9,56,14.3,1014.8,1019.7,1.4,3.4,8,304.2,0
2014-04-16 12:50:47,5,56,19.9,55,14.9,1014.7,1019.6,4.8,5.1,10,304.2,0
2014-04-16 12:55:47,5,55,19.9,54,15.4,1014.6,1019.5,3.7,5.8,9,304.2,0
2014-04-16 13:00:47,5,55,19.9,53,15.6,1014.7,1019.6,3.1,3.7,8,304.2,0
2014-04-16 13:05:47,5,55,19.9,55,15.7,1014.8,1019.7,3.1,3.7,10,304.2,0
2014-04-16 13:10:47,5,53,20,55,15.6,1014.6,1019.5,3.4,4.8,8,304.2,0
2014-04-16 13:15:47,5,54,19.9,55,15.5,1014.7,1019.6,3.1,5.4,8,304.2,0
2014-04-16 13:20:47,5,53,20,55,15.5,1014.6,1019.5,2,3.7,8,304.2,0
2014-04-16 13:25:47,5,53,20,55,15.7,1014.6,1019.5,4.1,5.1,10,304.2,0
2014-04-16 13:30:47,5,53,20,53,15.6,1014.2,1019.1,3.1,4.4,10,304.2,0
2014-04-16 13:35:47,5,53,20,54,16.1,1014.5,1019.4,3.4,6.5,8,304.2,0
2014-04-16 13:40:47,5,53,20,52,16,1014.4,1019.3,2.4,3.4,10,304.2,0
2014-04-16 13:45:47,5,53,20,53,15.9,1014.3,1019.2,4.1,5.4,6,304.2,0
2014-04-16 13:50:47,5,53,20,53,16,1014.1,1019,4.4,5.4,10,304.2,0
2014-04-16 13:55:47,5,53,20.1,53,15.9,1014.1,1019,3.1,4.4,10,304.2,0
2014-04-16 14:00:47,5,52,20.1,53,16,1013.9,1018.8,3.7,5.8,10,304.2,0
2014-04-16 14:05:47,5,52,20.1,53,15.9,1013.9,1018.8,3.1,4.8,10,304.2,0
2014-04-16 14:10:47,5,52,20.1,53,16,1013.9,1018.8,3.4,5.8,8,304.2,0
2014-04-16 14:15:47,5,52,20.1,53,15.9,1013.9,1018.8,4.1,5.8,10,304.2,0
2014-04-16 14:20:47,5,53,20.1,53,16,1013.9,1018.8,4.1,6.1,10,304.2,0
2014-04-16 14:25:47,5,54,20.1,53,16.1,1013.9,1018.8,2.4,4.8,10,304.2,0
2014-04-16 14:30:47,5,54,20.1,52,16.1,1013.7,1018.6,2.7,3.7,10,304.2,0
2014-04-16 14:35:47,5,52,20.2,52,16.1,1013.7,1018.6,3.7,5.8,8,304.2,0
2014-04-16 14:40:47,5,52,20.2,52,16.2,1013.6,1018.5,4.8,6.5,9,304.2,0
2014-04-16 14:45:47,5,52,20.2,53,16.3,1013.6,1018.5,1.7,2.4,10,304.2,0
2014-04-16 14:50:47,5,51,20.2,52,16.5,1013.5,1018.4,2,3.4,10,304.2,0
2014-04-16 14:55:47,5,51,20.1,52,16.7,1013.6,1018.5,2,3.1,8,304.2,0
2014-04-16 15:00:47,5,51,20.2,51,16.7,1013.3,1018.2,4.4,5.8,10,304.2,0
2014-04-16 15:05:47,5,51,20.2,52,16.5,1013.4,1018.3,2,3.1,12,304.2,0
2014-04-16 15:10:47,5,51,20.2,53,16.8,1013.2,1018.1,4.8,7.1,10,304.2,0
2014-04-16 15:15:47,5,51,20.2,55,16.6,1013.4,1018.3,2.7,4.4,14,304.2,0
2014-04-16 15:20:47,5,51,20.2,58,16,1013.4,1018.3,3.4,4.8,14,304.2,0
2014-04-16 15:25:47,5,51,20.2,60,15,1013.5,1018.4,3.4,5.1,12,304.2,0
2014-04-16 15:30:47,5,51,20.2,63,14.9,1013.5,1018.4,2,3.1,12,304.2,0
2014-04-16 15:35:47,5,51,20.2,63,14.9,1013.4,1018.3,3.1,5.4,14,304.2,0
2014-04-16 15:40:47,5,51,20.2,61,15,1013.5,1018.4,2.7,5.4,14,304.2,0
2014-04-16 15:45:47,5,51,20.2,62,15,1013.3,1018.2,2,3.1,12,304.2,0
2014-04-16 15:50:47,5,51,20.2,60,15.1,1013.5,1018.4,1.7,2,12,304.2,0
2014-04-16 15:55:47,5,51,20.2,60,15.4,1013.4,1018.3,3.1,4.1,14,304.2,0
2014-04-16 16:00:47,5,51,20.2,59,15.4,1013.4,1018.3,1.4,2,12,304.2,0
2014-04-16 16:05:47,5,51,20.2,59,15.5,1013.5,1018.4,2.7,3.7,10,304.2,0
2014-04-16 16:10:47,5,51,20.3,59,15.5,1013.4,1018.3,1.7,2.4,8,304.2,0
2014-04-16 16:15:47,5,51,20.3,58,15.4,1013.5,1018.4,2,3.7,12,304.2,0
2014-04-16 16:20:47,5,51,20.3,59,15.3,1013.5,1018.4,1.7,2.4,12,304.2,0
2014-04-16 16:25:47,5,50,20.3,59,15.1,1013.5,1018.4,2.4,3.1,12,304.2,0
2014-04-16 16:30:47,5,50,20.3,59,15.1,1013.4,1018.3,1.4,2.7,12,304.2,0
2014-04-16 16:35:47,5,50,20.3,60,15.5,1013.5,1018.4,1.7,2.4,10,304.2,0
2014-04-16 16:40:47,5,50,20.4,58,15.3,1013.4,1018.3,2,3.4,0,304.2,0
2014-04-16 16:45:47,5,50,20.4,58,15.1,1013.4,1018.3,2.7,3.7,8,304.2,0
2014-04-16 16:50:47,5,50,20.4,60,14.7,1013.3,1018.2,2.7,4.1,12,304.2,0
2014-04-16 16:55:47,5,50,20.4,60,14.7,1013.1,1018,2.7,4.1,12,304.2,0
2014-04-16 17:00:47,5,50,20.4,60,14.8,1013.2,1018.1,2,2.7,14,304.2,0
2014-04-16 17:05:47,5,50,20.4,60,14.7,1013.2,1018.1,2,3.1,14,304.2,0
2014-04-16 17:10:47,5,50,20.4,61,14.3,1013.3,1018.2,3.1,4.4,10,304.2,0
2014-04-16 17:15:47,5,50,20.4,62,14.1,1013.4,1018.3,1,1.7,10,304.2,0
2014-04-16 17:20:47,5,50,20.4,63,14.1,1013.2,1018.1,2.7,4.1,10,304.2,0
2014-04-16 17:25:47,5,50,20.4,63,14.1,1013.2,1018.1,2.4,3.7,12,304.2,0
2014-04-16 17:30:47,5,50,20.3,63,14,1013.1,1018,1.4,2.4,12,304.2,0
2014-04-16 17:35:47,5,51,20.3,64,13.8,1013.2,1018.1,1.4,2,10,304.2,0
2014-04-16 17:40:47,5,51,20.3,65,13.8,1013.4,1018.3,1.7,2.4,14,304.2,0
2014-04-16 17:45:47,5,52,20.3,65,13.6,1013.5,1018.4,1.7,3.7,12,304.2,0
2014-04-16 17:50:47,5,53,20.2,66,13.2,1013.4,1018.3,2.4,3.7,12,304.2,0
2014-04-16 17:55:47,5,53,20.3,67,13,1013.6,1018.5,2.4,3.1,14,304.2,0
2014-04-16 18:00:47,5,54,20.3,67,12.7,1013.5,1018.4,3.4,4.4,11,304.2,0
2014-04-16 18:05:47,5,54,20.3,68,12.4,1013.4,1018.3,2.7,3.7,12,304.2,0
2014-04-16 18:10:47,5,54,20.3,70,12.2,1013.5,1018.4,2.4,3.1,10,304.2,0
2014-04-16 18:15:47,5,55,20.2,71,12,1013.7,1018.6,2.7,4.1,10,304.2,0
2014-04-16 18:20:47,5,55,20.2,72,11.9,1013.7,1018.6,2,3.1,12,304.2,0
2014-04-16 18:25:47,5,55,20.2,72,11.8,1013.6,1018.5,2.4,3.4,10,304.2,0
2014-04-16 18:30:47,5,55,20.2,72,11.7,1013.9,1018.8,1.4,2,12,304.2,0
2014-04-16 18:35:47,5,56,20.2,73,11.7,1013.8,1018.7,2,3.1,13,304.2,0
2014-04-16 18:40:47,5,56,20.1,73,11.6,1013.6,1018.5,2.4,4.8,12,304.2,0
2014-04-16 18:45:47,5,56,20.1,73,11.6,1013.8,1018.7,2,3.4,13,304.2,0
2014-04-16 18:50:47,5,56,20.1,73,11.7,1013.8,1018.7,1.4,2,8,304.2,0
2014-04-16 18:55:47,5,56,20.1,73,11.7,1013.9,1018.8,1.7,2.4,10,304.2,0
2014-04-16 19:00:47,5,56,20.1,73,11.8,1013.9,1018.8,1.4,2.4,10,304.2,0
2014-04-16 19:05:47,5,56,20.1,73,11.8,1013.9,1018.8,1.4,2,8,304.2,0
2014-04-16 19:10:47,5,56,20,73,11.7,1014.1,1019,2,3.1,10,304.2,0
2014-04-16 19:15:47,5,56,20,73,11.7,1014.1,1019,1,1.7,8,304.2,0
2014-04-16 19:20:47,5,56,20,73,11.7,1014,1018.9,2,2.7,10,304.2,0
2014-04-16 19:25:47,5,56,20,72,11.6,1014,1018.9,1,2,12,304.2,0
2014-04-16 19:30:47,5,57,19.9,72,11.6,1014.1,1019,2,2.7,12,304.2,0
2014-04-16 19:35:47,5,57,20,71,11.6,1014.2,1019.1,1.7,2.7,12,304.2,0
2014-04-16 19:40:47,5,58,19.9,71,11.5,1014.2,1019.1,1.4,2,10,304.2,0
2014-04-16 19:45:47,5,58,19.9,72,11.5,1014.2,1019.1,1.7,2.4,10,304.2,0
2014-04-16 19:50:47,5,57,19.9,72,11.5,1014.1,1019,1.4,2.7,9,304.2,0
2014-04-16 19:55:47,5,57,19.8,72,11.4,1014.2,1019.1,1.7,2.4,12,304.2,0
2014-04-16 20:00:47,5,58,19.8,72,11.4,1014.3,1019.2,1.7,3.4,10,304.2,0
2014-04-16 20:05:47,5,58,19.8,73,11.3,1014.1,1019,1.7,2.7,11,304.2,0
2014-04-16 20:10:47,5,59,19.7,73,11.3,1014.1,1019,1.4,1.7,10,304.2,0
2014-04-16 20:15:47,5,59,19.7,73,11.2,1014.1,1019,1.4,2,10,304.2,0
2014-04-16 20:20:47,5,59,19.7,74,11.2,1014.2,1019.1,1.4,2.4,10,304.2,0
2014-04-16 20:25:47,5,60,19.6,74,11.1,1014.2,1019.1,1.7,3.1,10,304.2,0
2014-04-16 20:30:47,5,60,19.6,74,11.1,1014.3,1019.2,1,1.7,10,304.2,0
2014-04-16 20:35:47,5,60,19.6,74,11.1,1014.4,1019.3,0.7,1,12,304.2,0
2014-04-16 20:40:47,5,60,19.5,74,11.1,1014.4,1019.3,1,2,12,304.2,0
2014-04-16 20:45:47,5,60,19.5,75,11.1,1014.4,1019.3,0.7,1.4,10,304.2,0
2014-04-16 20:50:47,5,61,19.5,75,11,1014.4,1019.3,0.7,1.4,10,304.2,0
2014-04-16 20:55:47,5,61,19.5,75,11,1014.6,1019.5,2,2.7,8,304.2,0
2014-04-16 21:00:47,5,61,19.5,76,11,1014.6,1019.5,1,1.7,11,304.2,0
2014-04-16 21:05:47,5,61,19.5,76,11,1014.5,1019.4,2.4,3.4,10,304.2,0
2014-04-16 21:10:47,5,61,19.5,77,10.9,1014.6,1019.5,1,2,12,304.2,0
2014-04-16 21:15:47,5,61,19.4,78,10.9,1014.7,1019.6,1.7,2.7,10,304.2,0
2014-04-16 21:20:47,5,61,19.4,78,10.8,1014.6,1019.5,1,1.7,14,304.2,0
2014-04-16 21:25:47,5,61,19.4,78,10.8,1014.6,1019.5,1.4,2,8,304.2,0
2014-04-16 21:30:47,5,61,19.4,78,10.7,1014.5,1019.4,1.4,2.4,10,304.2,0
2014-04-16 21:35:47,5,61,19.4,78,10.7,1014.4,1019.3,1,1.7,10,304.2,0
2014-04-16 21:40:47,5,61,19.3,78,10.7,1014.6,1019.5,1.7,2.4,10,304.2,0
2014-04-16 21:45:47,5,61,19.3,78,10.7,1014.6,1019.5,1.7,2.4,10,304.2,0
2014-04-16 21:50:47,5,61,19.3,79,10.7,1014.6,1019.5,1,1.7,10,304.2,0
2014-04-16 21:55:47,5,61,19.3,79,10.7,1014.5,1019.4,1.4,2,12,304.2,0
2014-04-16 22:00:47,5,61,19.3,79,10.7,1014.5,1019.4,1.4,2.4,10,304.2,0
2014-04-16 22:05:47,5,61,19.3,79,10.7,1014.6,1019.5,1.4,2,12,304.2,0
2014-04-16 22:10:47,5,61,19.3,80,10.7,1014.5,1019.4,0.7,1,12,304.2,0
2014-04-16 22:15:47,5,61,19.3,80,10.6,1014.5,1019.4,1.4,2.7,10,304.2,0
2014-04-16 22:20:47,5,62,19.3,81,10.6,1014.6,1019.5,1,2,8,304.2,0
2014-04-16 22:25:47,5,62,19.3,81,10.6,1014.5,1019.4,0.7,1,10,304.2,0
2014-04-16 22:30:47,5,62,19.2,81,10.6,1014.5,1019.4,0.7,1.4,8,304.2,0
2014-04-16 22:35:47,5,62,19.2,82,10.6,1014.4,1019.3,1.7,2.4,12,304.2,0
2014-04-16 22:40:47,5,62,19.2,82,10.6,1014.4,1019.3,0.7,1.4,8,304.2,0
2014-04-16 22:45:47,5,62,19.2,82,10.6,1014.6,1019.5,1,1.4,10,304.2,0
2014-04-16 22:50:47,5,61,19.2,82,10.6,1014.5,1019.4,1,1.4,10,304.2,0
2014-04-16 22:55:47,5,61,19.2,82,10.6,1014.6,1019.5,1.7,2.7,10,304.2,0
2014-04-16 23:00:47,5,62,19.2,83,10.6,1014.6,1019.5,1.7,2.7,12,304.2,0
2014-04-16 23:05:47,5,62,19.2,83,10.6,1014.5,1019.4,1.4,2.4,10,304.2,0
2014-04-16 23:10:47,5,62,19.1,83,10.5,1014.7,1019.6,3.1,4.8,12,304.2,0
2014-04-16 23:15:47,5,62,19.1,83,10.5,1014.6,1019.5,1.7,2.7,10,304.2,0
2014-04-16 23:20:47,5,62,19.1,83,10.4,1014.6,1019.5,1.4,2,14,304.2,0
2014-04-16 23:25:47,5,62,19.1,83,10.4,1014.8,1019.7,3.1,5.1,10,304.2,0
2014-04-16 23:30:47,5,62,19.1,84,10.3,1014.6,1019.5,2,2.7,2,304.2,0
2014-04-16 23:35:47,5,62,19.1,84,10.2,1014.6,1019.5,2,2.7,12,304.2,0
2014-04-16 23:40:47,5,62,19.1,84,10.2,1014.7,1019.6,1,2,12,304.2,0
2014-04-16 23:45:47,5,62,19.1,84,10.1,1014.6,1019.5,1.7,2.4,14,304.2,0
2014-04-16 23:50:47,5,62,19.1,84,10.1,1014.7,1019.6,1,1.7,10,304.2,0
2014-04-16 23:55:47,5,62,19.1,84,10.1,1014.8,1019.7,1,2,10,304.2,0
