2014-04-04 00:01:48,5,66,19.7,76,10.4,996.2,1001.1,2.4,3.4,10,299.1,0
2014-04-04 00:06:48,5,66,19.6,76,10.4,996.2,1001.1,1.7,2.4,10,299.1,0
2014-04-04 00:11:48,5,66,19.6,76,10.4,996.3,1001.2,1.7,2.4,8,299.1,0
2014-04-04 00:16:48,5,66,19.6,76,10.3,996.2,1001.1,1.7,2.4,10,299.1,0
2014-04-04 00:21:48,5,66,19.6,76,10.3,996.4,1001.3,1.4,2.7,10,299.1,0
2014-04-04 00:26:48,5,66,19.6,76,10.3,996.3,1001.2,0,0.7,0,299.1,0
2014-04-04 00:31:48,5,66,19.6,76,10.3,996.3,1001.2,1,2.4,4,299.1,0
2014-04-04 00:36:48,5,66,19.6,76,10.2,996.4,1001.3,1,1.7,8,299.1,0
2014-04-04 00:41:48,5,66,19.6,76,10.2,996.5,1001.4,0.7,1,10,299.1,0
2014-04-04 00:46:48,5,66,19.6,76,10.2,996.5,1001.4,0,1.4,6,299.1,0
2014-04-04 00:51:48,5,66,19.6,76,10.2,996.5,1001.4,0.3,1,10,299.1,0
2014-04-04 00:56:48,5,66,19.5,76,10.2,996.7,1001.6,0.7,1.7,8,299.1,0
2014-04-04 01:01:48,5,66,19.5,77,10.2,996.7,1001.6,0.3,0.7,4,299.1,0
2014-04-04 01:06:48,5,66,19.5,77,10.2,996.5,1001.4,0,0.7,2,299.1,0
2014-04-04 01:11:48,5,66,19.5,77,10.1,996.6,1001.5,0.3,0.7,6,299.1,0
2014-04-04 01:16:48,5,66,19.5,77,10.1,996.7,1001.6,0.7,1,10,299.1,0
2014-04-04 01:21:48,5,66,19.5,77,10.1,996.7,1001.6,1.4,2,10,299.1,0
2014-04-04 01:26:48,5,66,19.5,77,10.1,996.7,1001.6,0.7,2,8,299.1,0
2014-04-04 01:31:48,5,66,19.5,77,10.1,996.7,1001.6,0.3,0.7,10,299.1,0
2014-04-04 01:36:48,5,66,19.4,77,10.1,996.9,1001.8,0.3,1,10,299.1,0
2014-04-04 01:41:48,5,66,19.4,77,10,997,1001.9,0.7,1.4,8,299.1,0
2014-04-04 01:46:48,5,66,19.4,77,10,996.9,1001.8,1,1.4,8,299.1,0
2014-04-04 01:51:48,5,66,19.4,77,10,997,1001.9,1,2.4,9,299.1,0
2014-04-04 01:56:48,5,66,19.4,77,10,997,1001.9,0.7,1.4,10,299.1,0
2014-04-04 02:01:48,5,66,19.4,79,9.9,996.9,1001.8,0,0.3,2,299.1,0
2014-04-04 02:06:48,5,66,19.4,79,9.9,997,1001.9,0.7,1.4,10,299.1,0
2014-04-04 02:11:48,5,67,19.4,79,9.9,997,1001.9,1,1.7,8,299.1,0
2014-04-04 02:16:48,5,67,19.3,79,9.9,997.1,1002,1.7,2.7,8,299.1,0
2014-04-04 02:21:48,5,67,19.3,79,9.8,997.1,1002,1.4,1.7,10,299.1,0
2014-04-04 02:26:48,5,67,19.3,79,9.8,997,1001.9,1,1.4,8,299.1,0
2014-04-04 02:31:48,5,67,19.3,79,9.7,997.3,1002.2,1,1.7,10,299.1,0
2014-04-04 02:36:48,5,67,19.3,79,9.7,997,1001.9,1.4,1.7,10,299.1,0
2014-04-04 02:41:48,5,67,19.3,79,9.7,997.1,1002,1.4,2,10,299.1,0
2014-04-04 02:46:48,5,67,19.3,79,9.6,997.1,1002,1,2,10,299.1,0
2014-04-04 02:51:48,5,67,19.3,79,9.6,997,1001.9,1,1.7,9,299.1,0
2014-04-04 02:56:48,5,67,19.3,80,9.6,997,1001.9,2,2.7,8,299.1,0
2014-04-04 03:01:48,5,67,19.3,80,9.6,996.9,1001.8,1.4,2,10,299.1,0
2014-04-04 03:06:48,5,67,19.3,80,9.7,996.8,1001.7,1.7,2,10,299.1,0
2014-04-04 03:11:48,5,67,19.3,80,9.7,996.9,1001.8,1.7,2,10,299.1,0
2014-04-04 03:16:48,5,67,19.3,80,9.7,997,1001.9,1.4,1.7,8,299.1,0
2014-04-04 03:21:48,5,67,19.3,80,9.6,997.1,1002,1.7,2,8,299.1,0
2014-04-04 03:26:48,5,67,19.3,80,9.6,997.1,1002,1,2,9,299.1,0
2014-04-04 03:31:48,5,67,19.2,80,9.6,997,1001.9,0.7,1.7,8,299.1,0
2014-04-04 03:36:48,5,67,19.2,80,9.6,997.2,1002.1,0.7,1.7,9,299.1,0
2014-04-04 03:41:48,5,67,19.2,80,9.5,997.2,1002.1,0.3,0.7,4,299.1,0
2014-04-04 03:46:48,5,67,19.2,80,9.5,997.1,1002,0.3,0.7,10,299.1,0
2014-04-04 03:51:48,5,67,19.2,80,9.4,997.1,1002,0,0.3,4,299.1,0
2014-04-04 03:56:48,5,67,19.2,80,9.4,997.1,1002,0.3,1.4,8,299.1,0
2014-04-04 04:01:48,5,67,19.2,80,9.4,997.2,1002.1,0.3,0.7,8,299.1,0
2014-04-04 04:06:48,5,67,19.2,80,9.4,997.1,1002,0,0.3,2,299.1,0
2014-04-04 04:11:48,5,67,19.2,80,9.4,997.2,1002.1,0,0.3,8,299.1,0
2014-04-04 04:16:48,5,67,19.2,80,9.4,997.2,1002.1,0.7,1.7,10,299.1,0
2014-04-04 04:21:48,5,67,19.2,80,9.4,997.2,1002.1,0,1,14,299.1,0
2014-04-04 04:26:48,5,67,19.2,80,9.3,997.2,1002.1,0.3,1,10,299.1,0
2014-04-04 04:31:48,5,67,19.1,80,9.3,997.1,1002,0.7,1.4,8,299.1,0
2014-04-04 04:36:48,5,67,19.1,81,9.2,997.4,1002.3,0,0.7,8,299.1,0
2014-04-04 04:41:48,5,67,19.1,81,9.2,997.2,1002.1,0,0.7,4,299.1,0
2014-04-04 04:46:48,5,67,19.1,81,9.2,997.3,1002.2,0.3,0.7,2,299.1,0
2014-04-04 04:51:48,5,67,19.1,81,9.2,997.3,1002.2,0.3,1,10,299.1,0
2014-04-04 04:56:48,5,67,19.1,81,9.2,997.2,1002.1,0.7,1.4,12,299.1,0
2014-04-04 05:01:48,5,67,19.1,81,9.2,997.1,1002,0.7,1.4,10,299.1,0
2014-04-04 05:06:48,5,67,19.1,81,9.2,997.2,1002.1,0.7,1.4,10,299.1,0
2014-04-04 05:11:48,5,67,19.1,81,9.2,997.1,1002,0.3,1,8,299.1,0
2014-04-04 05:16:48,5,67,19.1,81,9.2,997.3,1002.2,0.3,1,4,299.1,0
2014-04-04 05:21:48,5,67,19.1,81,9.1,997.4,1002.3,0,0,4,299.1,0
2014-04-04 05:26:48,5,67,19.1,81,9.1,997.3,1002.2,0,0.3,4,299.1,0
2014-04-04 05:31:48,5,67,19.1,81,9,997.4,1002.3,0,0,4,299.1,0
2014-04-04 05:36:48,5,67,19.1,81,9,997.5,1002.4,0,0,0,299.1,0
2014-04-04 05:41:48,5,67,19.1,82,8.9,997.4,1002.3,0,0,0,299.1,0
2014-04-04 05:46:48,5,67,19.1,82,8.9,997.5,1002.4,0,0.3,12,299.1,0
2014-04-04 05:51:48,5,67,19,81,9,997.5,1002.4,0.7,0.7,12,299.1,0
2014-04-04 05:56:48,5,67,19,81,9,997.5,1002.4,0,0,0,299.1,0
2014-04-04 06:01:48,5,67,19,81,9,997.5,1002.4,0,0.7,2,299.1,0
2014-04-04 06:06:48,5,67,19,81,9,997.4,1002.3,0,0.7,0,299.1,0
2014-04-04 06:11:48,5,67,19,81,9,997.6,1002.5,0.3,0.7,4,299.1,0
2014-04-04 06:16:48,5,67,19,81,9,997.6,1002.5,0,0,4,299.1,0
2014-04-04 06:21:48,5,67,19,81,9,997.5,1002.4,0,0.3,0,299.1,0
2014-04-04 06:26:48,5,67,19,81,9,997.5,1002.4,0,0.3,4,299.1,0
2014-04-04 06:31:48,5,67,19,81,9.1,997.7,1002.6,0,0,2,299.1,0
2014-04-04 06:36:48,5,67,19,81,9.1,997.7,1002.6,0,0.3,4,299.1,0
2014-04-04 06:41:48,5,67,19,81,9.2,997.5,1002.4,0.7,1.4,4,299.1,0
2014-04-04 06:46:48,5,67,19,81,9.2,997.7,1002.6,0.3,0.7,8,299.1,0
2014-04-04 06:51:48,5,67,19,81,9.3,997.6,1002.5,0.3,0.7,4,299.1,0
2014-04-04 06:56:48,5,67,19,80,9.4,997.6,1002.5,0.3,0.7,4,299.1,0
2014-04-04 07:01:48,5,67,19,80,9.5,997.6,1002.5,0.3,1,4,299.1,0
2014-04-04 07:06:48,5,67,19,80,9.6,997.6,1002.5,0.3,0.7,6,299.1,0
2014-04-04 07:11:48,5,67,19,79,9.7,997.7,1002.6,0.7,1,4,299.1,0
2014-04-04 07:16:48,5,67,19,79,9.9,997.6,1002.5,0.3,0.7,4,299.1,0
2014-04-04 07:21:48,5,67,19,78,9.9,997.8,1002.7,0.7,1.4,6,299.1,0
2014-04-04 07:26:48,5,67,19,78,9.9,997.7,1002.6,0.3,1.4,2,299.1,0
2014-04-04 07:31:48,5,67,19,77,10,997.9,1002.8,1.4,1.7,8,299.1,0
2014-04-04 07:36:48,5,67,19,77,10,997.7,1002.6,1.4,2.4,8,299.1,0
2014-04-04 07:41:48,5,67,19.1,76,10,997.7,1002.6,0.3,1,10,299.1,0
2014-04-04 07:46:48,5,65,19.1,76,10.1,997.8,1002.7,0.3,1,0,299.1,0
2014-04-04 07:51:48,5,65,19.1,76,10.2,997.8,1002.7,0.7,1.4,4,299.1,0
2014-04-04 07:56:48,5,65,19.1,76,10.3,997.9,1002.8,0.3,0.7,4,299.1,0
2014-04-04 08:01:48,5,64,19.1,76,10.5,997.8,1002.7,0.3,1,4,299.1,0
2014-04-04 08:06:48,5,64,19.1,76,10.6,997.9,1002.8,1,1.7,8,299.1,0
2014-04-04 08:11:48,5,64,19.1,75,10.7,997.9,1002.8,1.4,2.4,4,299.1,0
2014-04-04 08:16:48,5,65,19.1,75,10.7,997.7,1002.6,2,3.1,6,299.1,0
2014-04-04 08:21:48,5,65,19.1,75,10.6,997.8,1002.7,2.4,3.1,4,299.1,0
2014-04-04 08:26:48,5,65,19.2,75,10.6,997.6,1002.5,1.7,2.4,4,299.1,0
2014-04-04 08:31:48,5,65,19.2,75,10.6,997.8,1002.7,2,2.7,4,299.1,0
2014-04-04 08:36:48,5,65,19.2,76,10.7,997.8,1002.7,2.4,2.7,2,299.1,0
2014-04-04 08:41:48,5,65,19.2,75,10.7,997.8,1002.7,1.7,3.1,4,299.1,0
2014-04-04 08:46:48,5,65,19.2,75,10.7,997.9,1002.8,1.7,3.1,4,299.1,0
2014-04-04 08:51:48,5,65,19.3,,,998,1002.9,,,,299.1,64
2014-04-04 08:56:48,5,65,19.3,,,997.9,1002.8,,,,299.1,64
2014-04-04 09:01:48,5,64,19.4,73,11.1,998,1002.9,1.4,3.1,5,299.1,0
2014-04-04 09:06:48,5,64,19.4,72,11.2,997.9,1002.8,1,2,2,299.1,0
2014-04-04 09:11:48,5,64,19.5,72,11.3,998,1002.9,2,3.1,4,299.1,0
2014-04-04 09:16:48,5,64,19.5,71,11.4,998,1002.9,1.7,3.1,4,299.1,0
2014-04-04 09:21:48,5,64,19.5,70,11.6,998,1002.9,1,1.7,4,299.1,0
2014-04-04 09:26:48,5,64,19.5,70,11.7,998.2,1003.1,1.7,2.7,4,299.1,0
2014-04-04 09:31:48,5,64,19.6,69,11.8,998.2,1003.1,2,3.4,4,299.1,0
2014-04-04 09:36:48,5,64,19.6,68,11.9,998,1002.9,1.4,2.4,10,299.1,0
2014-04-04 09:41:48,5,64,19.5,69,11.9,998.1,1003,1,2.4,2,299.1,0
2014-04-04 09:46:48,5,64,19.6,69,12,998,1002.9,0.7,1.4,4,299.1,0
2014-04-04 09:51:48,5,64,19.6,68,12.1,998.2,1003.1,1.7,2.4,4,299.1,0
2014-04-04 09:56:48,5,63,19.6,69,12.3,998.2,1003.1,1.7,3.1,8,299.1,0
2014-04-04 10:01:48,5,63,19.7,65,12.2,998.4,1003.3,0.7,1.4,4,299.1,0
2014-04-04 10:06:48,5,63,19.7,64,12,998.2,1003.1,1.7,3.7,8,299.1,0
2014-04-04 10:11:48,5,63,19.7,65,12,998.1,1003,2.4,3.7,10,299.1,0
2014-04-04 10:16:48,5,63,19.7,66,11.9,998.1,1003,3.1,4.4,8,299.1,0
2014-04-04 10:21:48,5,63,19.8,66,11.9,998.3,1003.2,2.4,3.7,8,299.1,0
2014-04-04 10:26:48,5,63,19.8,65,12,998.1,1003,2.4,3.4,10,299.1,0
2014-04-04 10:31:48,5,63,19.8,64,12,998.3,1003.2,3.4,5.1,10,299.1,0
2014-04-04 10:36:48,5,63,19.8,66,11.9,998.3,1003.2,4.4,5.4,9,299.1,0
2014-04-04 10:41:48,5,63,19.8,66,11.9,998.3,1003.2,1.7,4.4,8,299.1,0
2014-04-04 10:46:48,5,63,19.9,65,12,998.1,1003,2.7,3.4,9,299.1,0
2014-04-04 10:51:48,5,64,19.8,66,11.8,998.3,1003.2,2,3.7,10,299.1,0
2014-04-04 10:56:48,5,63,19.9,66,11.8,998.3,1003.2,2,3.7,10,299.1,0
2014-04-04 11:01:48,5,63,19.9,67,11.9,998.3,1003.2,2,3.1,10,299.1,0
2014-04-04 11:06:48,5,63,19.9,65,12.1,998.2,1003.1,1.4,2.7,8,299.1,0
2014-04-04 11:11:48,5,63,19.9,65,12.2,998.2,1003.1,1,2.7,8,299.1,0
2014-04-04 11:16:48,5,63,19.9,66,12.9,998.2,1003.1,1,2,4,299.1,0
2014-04-04 11:21:48,5,62,20,,,998.1,1003,,,,299.1,64
2014-04-04 11:26:48,5,62,20,,,998,1002.9,,,,299.1,64
2014-04-04 11:31:48,5,62,20,,,998,1002.9,,,,299.1,64
2014-04-04 11:36:48,5,62,20,,,998.1,1003,,,,299.1,64
2014-04-04 11:41:48,5,62,20,63,12.6,998.1,1003,1.7,4.1,2,299.1,0
2014-04-04 11:46:48,5,62,20,63,12.6,998.1,1003,1.7,3.1,7,299.1,0
2014-04-04 11:51:48,5,61,20,63,12.5,998,1002.9,1,2,0,299.1,0
2014-04-04 11:56:48,5,62,20,64,12.5,998.1,1003,1.4,2.4,6,299.1,0
2014-04-04 12:01:48,5,62,20,65,13,998.1,1003,2,3.1,10,299.1,0
2014-04-04 12:06:48,5,61,20,63,13.1,998.1,1003,1.4,3.7,2,299.1,0
2014-04-04 12:11:48,5,61,20,64,13.3,998.1,1003,1,2.4,6,299.1,0
2014-04-04 12:16:48,5,62,20,63,13.2,997.9,1002.8,1.7,3.1,10,299.1,0
2014-04-04 12:21:48,5,62,20,63,13.1,998,1002.9,2,3.4,4,299.1,0
2014-04-04 12:26:48,5,62,20.1,64,13.2,997.9,1002.8,4.1,5.8,3,299.1,0
2014-04-04 12:31:48,5,62,20.1,64,13.7,997.9,1002.8,3.4,5.1,4,299.1,0
2014-04-04 12:36:48,5,62,20.1,64,13.3,997.8,1002.7,2,3.7,4,299.1,0
2014-04-04 12:41:48,5,62,20.1,65,13.5,997.8,1002.7,1.7,3.1,2,299.1,0
2014-04-04 12:46:48,5,62,20.1,62,13.7,997.8,1002.7,3.1,5.1,4,299.1,0
2014-04-04 12:51:48,5,62,20.1,63,13.2,997.7,1002.6,2.4,3.7,4,299.1,0
2014-04-04 12:56:48,5,62,20.1,61,14,997.6,1002.5,2.7,4.1,7,299.1,0
2014-04-04 13:01:48,5,62,20.1,56,14.6,997.6,1002.5,2,3.4,6,299.1,0
2014-04-04 13:06:48,5,63,20.2,57,14.5,997.6,1002.5,4.4,5.8,10,299.1,0
2014-04-04 13:11:48,5,63,20.2,56,14.8,997.6,1002.5,1.7,2,10,299.1,0
2014-04-04 13:16:48,5,63,20.2,53,14.9,997.4,1002.3,1.7,3.4,10,299.1,0
2014-04-04 13:21:48,5,63,20.2,57,14,997.4,1002.3,1,2,6,299.1,0
2014-04-04 13:26:48,5,63,20.3,57,14.7,997.3,1002.2,2,3.7,11,299.1,0
2014-04-04 13:31:48,5,63,20.3,53,14.7,997.3,1002.2,1.7,3.1,8,299.1,0
2014-04-04 13:36:48,5,63,20.3,54,14.8,997.3,1002.2,1,2.7,6,299.1,0
2014-04-04 13:41:48,5,62,20.3,50,15.5,997.2,1002.1,2.4,3.4,8,299.1,0
2014-04-04 13:46:48,5,60,20.3,52,14.8,997.1,1002,1.7,3.1,10,299.1,0
2014-04-04 13:51:48,5,59,20.3,53,15.2,997.1,1002,2,3.1,4,299.1,0
2014-04-04 13:56:48,5,60,20.3,53,15.1,997.2,1002.1,2.4,4.4,4,299.1,0
2014-04-04 14:01:48,5,58,20.3,51,14.4,997.2,1002.1,3.7,5.8,8,299.1,0
2014-04-04 14:06:48,5,55,20.3,50,14.3,997.3,1002.2,1.4,2.7,6,299.1,0
2014-04-04 14:11:48,5,54,20.3,52,14.1,997.1,1002,1.4,3.1,4,299.1,0
2014-04-04 14:16:48,5,54,20.3,46,15.2,997.1,1002,4.1,6.1,9,299.1,0
2014-04-04 14:21:48,5,53,20.3,48,15.3,997.2,1002.1,2,3.4,2,299.1,0
2014-04-04 14:26:48,5,53,20.3,50,15,997,1001.9,3.4,5.1,4,299.1,0
2014-04-04 14:31:48,5,55,20.4,52,14.8,997.1,1002,3.1,4.1,10,299.1,0
2014-04-04 14:36:48,5,54,20.4,51,14.5,997.1,1002,2.4,4.8,8,299.1,0
2014-04-04 14:41:48,5,53,20.4,54,14.5,997,1001.9,1.4,3.1,9,299.1,0
2014-04-04 14:46:48,5,54,20.5,54,14.8,996.9,1001.8,3.1,5.1,4,299.1,0
2014-04-04 14:51:48,5,55,20.5,49,15.5,996.9,1001.8,2.4,4.4,8,299.1,0
2014-04-04 14:56:48,5,55,20.5,49,15.4,996.9,1001.8,1.7,3.4,0,299.1,0
2014-04-04 15:01:48,5,54,20.5,48,14.7,996.8,1001.7,3.7,4.8,10,299.1,0
2014-04-04 15:06:48,5,52,20.6,48,15,996.9,1001.8,2.7,4.4,3,299.1,0
2014-04-04 15:11:48,5,52,20.5,48,14.7,997,1001.9,1,3.1,14,299.1,0
2014-04-04 15:16:48,5,51,20.6,50,14.3,996.9,1001.8,1.7,3.4,10,299.1,0
2014-04-04 15:21:48,5,50,20.6,53,14.1,996.9,1001.8,1.4,3.4,8,299.1,0
2014-04-04 15:26:48,5,52,20.6,52,14.8,996.9,1001.8,3.1,5.1,4,299.1,0
2014-04-04 15:31:48,5,53,20.7,53,14.8,996.7,1001.6,3.1,5.1,2,299.1,0
2014-04-04 15:36:48,5,53,20.7,48,14.7,996.9,1001.8,3.7,6.1,10,299.1,0
2014-04-04 15:41:48,5,52,20.8,49,14.5,996.9,1001.8,3.4,5.4,9,299.1,0
2014-04-04 15:46:48,5,51,20.8,50,14,996.9,1001.8,2.4,5.4,4,299.1,0
2014-04-04 15:51:48,5,51,20.8,52,13.5,996.9,1001.8,1.7,3.1,8,299.1,0
2014-04-04 15:56:48,5,50,20.8,51,13.2,997,1001.9,1.7,3.4,8,299.1,0
2014-04-04 16:01:48,5,49,20.8,52,13.1,996.8,1001.7,1.7,3.1,6,299.1,0
2014-04-04 16:06:48,5,49,20.8,53,13,997,1001.9,0.7,2,12,299.1,0
2014-04-04 16:11:48,5,50,20.7,53,12.9,996.9,1001.8,2.7,4.4,6,299.1,0
2014-04-04 16:16:48,5,48,20.7,53,12.7,997.1,1002,1,2.4,6,299.1,0
2014-04-04 16:21:48,5,49,20.8,54,12.7,996.8,1001.7,3.4,6.1,4,299.1,0
2014-04-04 16:26:48,5,48,20.8,55,12.5,996.9,1001.8,3.7,4.8,4,299.1,0
2014-04-04 16:31:48,5,48,20.8,54,12.4,996.9,1001.8,2.7,4.4,10,299.1,0
2014-04-04 16:36:48,5,48,20.9,56,12.3,996.9,1001.8,2.7,4.4,4,299.1,0
2014-04-04 16:41:48,5,48,20.8,55,12,997,1001.9,2.4,3.7,3,299.1,0
2014-04-04 16:46:48,5,48,20.7,55,12,996.9,1001.8,2,3.4,4,299.1,0
2014-04-04 16:51:48,5,48,20.6,57,11.9,997,1001.9,2.7,6.1,4,299.1,0
2014-04-04 16:56:48,5,48,20.6,57,11.9,996.9,1001.8,3.4,5.4,2,299.1,0
2014-04-04 17:01:48,5,47,20.5,58,11.9,996.8,1001.7,2.7,3.7,14,299.1,0
2014-04-04 17:06:48,5,47,20.4,59,11.8,996.8,1001.7,2.7,4.8,4,299.1,0
2014-04-04 17:11:48,5,47,20.4,60,11.7,997.1,1002,2,4.1,4,299.1,0
2014-04-04 17:16:48,5,47,20.3,60,11.6,996.9,1001.8,3.4,5.8,4,299.1,0
2014-04-04 17:21:48,5,47,20.3,61,11.4,997,1001.9,3.7,4.4,8,299.1,0
2014-04-04 17:26:48,5,47,20.2,62,11.4,997,1001.9,2,4.1,4,299.1,0
2014-04-04 17:31:48,5,48,20.1,62,11.1,997,1001.9,2,4.8,4,299.1,0
2014-04-04 17:36:48,5,48,20.1,65,10.9,997.1,1002,2.7,5.1,3,299.1,0
2014-04-04 17:41:48,5,49,20,66,10.6,997,1001.9,2.4,2.7,6,299.1,0
2014-04-04 17:46:48,5,49,20,67,10.5,997.1,1002,2.4,4.1,8,299.1,0
2014-04-04 17:51:48,5,50,19.9,68,10.4,997.1,1002,2.7,4.4,2,299.1,0
2014-04-04 17:56:48,5,51,19.8,68,10.3,997.1,1002,2,3.4,4,299.1,0
2014-04-04 18:01:48,5,51,19.7,68,10.2,997,1001.9,2,4.4,9,299.1,0
2014-04-04 18:06:48,5,51,19.7,69,10.1,997,1001.9,2.4,4.4,4,299.1,0
2014-04-04 18:11:48,5,51,19.6,70,10,997,1001.9,2.7,5.8,2,299.1,0
2014-04-04 18:16:48,5,51,19.6,72,9.9,997,1001.9,2.4,3.7,4,299.1,0
2014-04-04 18:21:48,5,51,19.5,74,9.7,996.8,1001.7,2.4,4.8,4,299.1,0
2014-04-04 18:26:48,5,51,19.5,74,9.7,997,1001.9,3.4,4.4,4,299.1,0
2014-04-04 18:31:48,5,52,19.4,74,9.6,996.8,1001.7,3.7,4.8,4,299.1,0
2014-04-04 18:36:48,5,52,19.4,74,9.6,996.7,1001.6,2.7,4.1,4,299.1,0
2014-04-04 18:41:48,5,53,19.4,75,9.5,996.9,1001.8,3.4,6.1,4,299.1,0
2014-04-04 18:46:48,5,53,19.3,75,9.5,997,1001.9,3.4,5.1,6,299.1,0
2014-04-04 18:51:48,5,53,19.3,75,9.5,996.9,1001.8,4.4,6.1,6,299.1,0
2014-04-04 18:56:48,5,53,19.3,75,9.5,996.8,1001.7,4.4,6.5,4,299.1,0
2014-04-04 19:01:48,5,53,19.2,76,9.4,996.8,1001.7,4.4,6.1,6,299.1,0
2014-04-04 19:06:48,5,53,19.2,76,9.3,996.6,1001.5,3.7,4.8,4,299.1,0
2014-04-04 19:11:48,5,53,19.2,76,9.3,996.7,1001.6,3.4,4.1,4,299.1,0
2014-04-04 19:16:48,5,53,19.2,77,9.3,996.7,1001.6,4.1,6.8,6,299.1,0
2014-04-04 19:21:48,5,54,19.2,78,9.2,996.5,1001.4,5.1,6.5,4,299.1,0
2014-04-04 19:26:48,5,55,19.1,78,9.1,996.8,1001.7,4.8,5.8,4,299.1,0
2014-04-04 19:31:48,5,55,19.2,79,9,996.8,1001.7,4.8,6.1,4,299.4,0
2014-04-04 19:36:48,5,56,19.2,79,9,996.6,1001.5,6.5,8.5,4,299.4,0
2014-04-04 19:41:48,5,56,19.2,79,9,996.3,1001.2,5.1,7.8,4,299.4,0
2014-04-04 19:46:48,5,56,19.2,79,9,996.5,1001.4,6.5,9.5,4,299.4,0
2014-04-04 19:51:48,5,57,19.2,78,9,996.5,1001.4,5.4,7.8,4,299.4,0
2014-04-04 19:56:48,5,57,19.2,78,9,996.6,1001.5,7.5,10.9,4,299.4,0
2014-04-04 20:01:48,5,57,19.2,78,9,996.7,1001.6,4.8,6.5,4,299.4,0
2014-04-04 20:06:48,5,58,19.3,79,8.9,996.5,1001.4,6.1,9.2,4,299.4,0
2014-04-04 20:11:48,5,58,19.3,80,8.9,996.4,1001.3,4.1,5.4,4,299.4,0
2014-04-04 20:16:48,5,58,19.3,80,8.9,996.6,1001.5,5.8,7.5,4,299.4,0
2014-04-04 20:21:48,5,58,19.3,80,8.9,996.6,1001.5,4.8,6.1,4,299.4,0
2014-04-04 20:26:48,5,58,19.3,80,8.9,996.5,1001.4,5.8,6.8,4,299.4,0
2014-04-04 20:31:48,5,59,19.3,80,8.9,996.4,1001.3,4.8,6.5,4,299.4,0
2014-04-04 20:36:48,5,59,19.3,80,8.9,996.4,1001.3,4.4,5.8,4,299.4,0
2014-04-04 20:41:48,5,59,19.3,80,8.9,996.5,1001.4,5.1,6.8,6,299.4,0
2014-04-04 20:46:48,5,59,19.3,80,8.9,996.6,1001.5,4.1,5.1,4,299.4,0
2014-04-04 20:51:48,5,59,19.3,80,9,996.5,1001.4,4.1,5.1,4,299.4,0
2014-04-04 20:56:48,5,60,19.3,81,8.9,996.4,1001.3,3.4,4.8,2,299.4,0
2014-04-04 21:01:48,5,60,19.4,82,8.9,996.3,1001.2,4.8,6.8,4,299.4,0
2014-04-04 21:06:48,5,60,19.4,82,8.9,996.3,1001.2,4.8,5.8,4,299.4,0
2014-04-04 21:11:48,5,60,19.4,82,8.9,996.4,1001.3,4.8,6.8,4,299.4,0
2014-04-04 21:16:48,5,60,19.4,81,9,996.4,1001.3,4.4,6.8,4,299.4,0
2014-04-04 21:21:48,5,60,19.4,81,9,996.4,1001.3,3.7,5.1,4,299.4,0
2014-04-04 21:26:48,5,60,19.4,81,9,996.3,1001.2,3.7,6.1,4,299.4,0
2014-04-04 21:31:48,5,60,19.4,81,9.1,996.3,1001.2,4.4,5.4,3,299.4,0
2014-04-04 21:36:48,5,60,19.4,81,9.1,996.4,1001.3,3.4,5.4,4,299.4,0
2014-04-04 21:41:48,5,61,19.4,82,9.1,996.4,1001.3,3.1,4.4,4,299.4,0
2014-04-04 21:46:48,5,61,19.4,82,9.2,996.3,1001.2,4.4,6.1,2,299.4,0
2014-04-04 21:51:48,5,61,19.4,82,9.2,996.5,1001.4,3.4,4.8,4,299.4,0
2014-04-04 21:56:48,5,61,19.4,82,9.2,996.2,1001.1,3.1,5.4,6,299.4,0
2014-04-04 22:01:48,5,61,19.4,82,9.2,996.3,1001.2,3.1,4.4,4,299.4,0
2014-04-04 22:06:48,5,61,19.5,82,9.3,996.1,1001,3.1,4.1,4,299.4,0
2014-04-04 22:11:48,5,61,19.5,82,9.3,996.1,1001,3.4,5.4,6,299.4,0
2014-04-04 22:16:48,5,61,19.5,82,9.3,995.9,1000.8,4.1,6.1,2,299.4,0
2014-04-04 22:21:48,5,61,19.5,82,9.4,995.9,1000.8,4.1,5.1,8,299.4,0
2014-04-04 22:26:48,5,61,19.5,82,9.4,996,1000.9,4.1,5.4,4,299.4,0
2014-04-04 22:31:48,5,61,19.5,82,9.4,995.9,1000.8,3.4,5.1,2,299.4,0
2014-04-04 22:36:48,5,61,19.5,82,9.4,996.1,1001,2.7,3.7,6,299.4,0
2014-04-04 22:41:48,5,61,19.5,83,9.5,996,1000.9,2.4,3.7,6,299.4,0
2014-04-04 22:46:48,5,61,19.5,83,9.5,995.9,1000.8,2.4,5.1,2,299.4,0
2014-04-04 22:51:48,5,61,19.5,83,9.5,996,1000.9,1.7,3.1,4,299.4,0
2014-04-04 22:56:48,5,61,19.5,83,9.6,996.2,1001.1,1.4,2.7,4,299.4,0
2014-04-04 23:01:48,5,61,19.5,83,9.7,996.2,1001.1,2.4,3.4,6,299.4,0
2014-04-04 23:06:48,5,61,19.5,83,9.8,996.3,1001.2,2.7,4.4,6,299.4,0
2014-04-04 23:11:48,5,61,19.5,82,10,996,1000.9,3.1,5.4,6,299.4,0
2014-04-04 23:16:48,5,61,19.5,82,10,996.1,1001,1.7,3.1,8,299.4,0
2014-04-04 23:21:48,5,61,19.5,82,10,996,1000.9,1.4,2.7,2,299.4,0
2014-04-04 23:26:48,5,61,19.5,82,10.1,996.1,1001,2,3.1,8,299.4,0
2014-04-04 23:31:48,5,61,19.5,82,10.1,996.1,1001,1.4,2.4,2,299.4,0
2014-04-04 23:36:48,5,61,19.5,82,10.1,996.2,1001.1,1.7,2,8,299.4,0
2014-04-04 23:41:48,5,61,19.5,82,10.1,996.1,1001,0.3,1,0,299.4,0
2014-04-04 23:46:48,5,61,19.5,83,10.2,996.3,1001.2,0.7,1.7,8,299.4,0
2014-04-04 23:51:48,5,61,19.5,83,10.2,996.2,1001.1,1.7,2.7,2,299.4,0
2014-04-04 23:56:48,5,61,19.5,83,10.2,996,1000.9,3.1,4.1,2,299.4,0
