2014-04-13 00:01:47,5,62,18.5,71,7.5,1016.6,1021.5,1.4,1.7,10,304.2,0
2014-04-13 00:06:47,5,62,18.5,71,7.4,1016.4,1021.3,0.3,1.4,8,304.2,0
2014-04-13 00:11:47,5,62,18.5,71,7.4,1016.5,1021.4,0.7,1.4,10,304.2,0
2014-04-13 00:16:47,5,62,18.5,71,7.4,1016.4,1021.3,0.7,1,10,304.2,0
2014-04-13 00:21:47,5,62,18.5,71,7.4,1016.5,1021.4,0.3,1.4,10,304.2,0
2014-04-13 00:26:47,5,62,18.5,72,7.4,1016.6,1021.5,0.3,1,10,304.2,0
2014-04-13 00:31:47,5,62,18.5,72,7.4,1016.6,1021.5,1,1.7,11,304.2,0
2014-04-13 00:36:47,5,63,18.5,72,7.4,1016.5,1021.4,1.4,1.7,10,304.2,0
2014-04-13 00:41:47,5,63,18.5,72,7.4,1016.6,1021.5,1,1.7,10,304.2,0
2014-04-13 00:46:47,5,63,18.5,72,7.4,1016.4,1021.3,1.4,2,12,304.2,0
2014-04-13 00:51:47,5,63,18.5,72,7.4,1016.7,1021.6,1.7,2.4,12,304.2,0
2014-04-13 00:56:47,5,63,18.5,72,7.4,1016.5,1021.4,1.7,2.7,14,304.2,0
2014-04-13 01:01:47,5,63,18.6,72,7.4,1016.4,1021.3,1.7,3.1,10,304.2,0
2014-04-13 01:06:47,5,63,18.6,72,7.4,1016.6,1021.5,1.4,2.7,10,304.2,0
2014-04-13 01:11:47,5,63,18.6,72,7.4,1016.6,1021.5,0.7,1.4,10,304.2,0
2014-04-13 01:16:47,5,63,18.6,72,7.4,1016.6,1021.5,1.7,2.4,12,304.2,0
2014-04-13 01:21:47,5,63,18.6,72,7.4,1016.5,1021.4,1.4,2,12,304.2,0
2014-04-13 01:26:47,5,63,18.6,73,7.4,1016.6,1021.5,1.4,3.1,10,304.2,0
2014-04-13 01:31:47,5,63,18.6,73,7.3,1016.7,1021.6,1,2,12,304.2,0
2014-04-13 01:36:47,5,63,18.6,73,7.3,1016.7,1021.6,0.3,1,10,304.2,0
2014-04-13 01:41:47,5,63,18.6,73,7.3,1016.7,1021.6,1,1.7,12,304.2,0
2014-04-13 01:46:47,5,63,18.6,73,7.3,1016.6,1021.5,1,1.7,10,304.2,0
2014-04-13 01:51:47,5,63,18.6,73,7.3,1016.7,1021.6,1.4,2,12,304.2,0
2014-04-13 01:56:47,5,63,18.6,73,7.3,1016.8,1021.7,1.4,2,12,304.2,0
2014-04-13 02:01:47,5,63,18.6,73,7.3,1016.7,1021.6,1,1.7,13,304.2,0
2014-04-13 02:06:47,5,63,18.6,73,7.4,1016.8,1021.7,0.7,1.4,10,304.2,0
2014-04-13 02:11:47,5,63,18.6,73,7.4,1016.9,1021.8,0.7,1.4,10,304.2,0
2014-04-13 02:16:47,5,63,18.5,73,7.4,1016.8,1021.7,1,1.4,12,304.2,0
2014-04-13 02:21:47,5,63,18.5,73,7.4,1016.8,1021.7,1,1.7,10,304.2,0
2014-04-13 02:26:47,5,63,18.5,74,7.4,1016.8,1021.7,0.7,1.4,11,304.2,0
2014-04-13 02:31:47,5,63,18.5,74,7.4,1016.9,1021.8,0.3,1,8,304.2,0
2014-04-13 02:36:47,5,63,18.5,74,7.4,1016.8,1021.7,1,2,10,304.2,0
2014-04-13 02:41:47,5,63,18.5,74,7.4,1017,1021.9,1,1.4,10,304.2,0
2014-04-13 02:46:47,5,63,18.5,74,7.4,1016.9,1021.8,1,1.7,10,304.2,0
2014-04-13 02:51:47,5,63,18.5,73,7.4,1016.9,1021.8,1.7,2.4,10,304.2,0
2014-04-13 02:56:47,5,63,18.5,73,7.5,1016.9,1021.8,1.4,1.7,10,304.2,0
2014-04-13 03:01:47,5,63,18.5,73,7.5,1016.8,1021.7,1,1.7,14,304.2,0
2014-04-13 03:06:47,5,63,18.4,72,7.5,1016.7,1021.6,1.4,2,12,304.2,0
2014-04-13 03:11:47,5,63,18.4,72,7.5,1016.9,1021.8,1.4,2,12,304.2,0
2014-04-13 03:16:47,5,63,18.4,72,7.6,1016.8,1021.7,1.4,2.4,12,304.2,0
2014-04-13 03:21:47,5,63,18.4,71,7.6,1016.9,1021.8,1.4,2.4,9,304.2,0
2014-04-13 03:26:47,5,63,18.4,71,7.6,1016.8,1021.7,1,2.4,12,304.2,0
2014-04-13 03:31:47,5,63,18.4,71,7.6,1016.8,1021.7,1,1.7,10,304.2,0
2014-04-13 03:36:47,5,63,18.4,71,7.6,1016.8,1021.7,1.4,2,14,304.2,0
2014-04-13 03:41:47,5,63,18.4,70,7.6,1016.7,1021.6,1,1.4,8,304.2,0
2014-04-13 03:46:47,5,63,18.4,69,7.6,1016.8,1021.7,2,2.7,12,304.2,0
2014-04-13 03:51:47,5,63,18.4,69,7.6,1016.9,1021.8,1.4,2,10,304.2,0
2014-04-13 03:56:47,5,63,18.3,68,7.7,1016.8,1021.7,1,1.4,0,304.2,0
2014-04-13 04:01:47,5,63,18.3,68,7.6,1016.9,1021.8,1,1.7,12,304.2,0
2014-04-13 04:06:47,5,63,18.3,69,7.6,1017,1021.9,1,1.7,12,304.2,0
2014-04-13 04:11:47,5,63,18.3,69,7.6,1016.9,1021.8,1,1.4,10,304.2,0
2014-04-13 04:16:47,5,63,18.3,70,7.6,1016.8,1021.7,0.7,1.4,12,304.2,0
2014-04-13 04:21:47,5,63,18.3,70,7.6,1016.9,1021.8,1.4,2,10,304.2,0
2014-04-13 04:26:47,5,62,18.3,70,7.6,1016.9,1021.8,1,1.7,10,304.2,0
2014-04-13 04:31:47,5,62,18.3,70,7.7,1016.9,1021.8,0.7,1.4,12,304.2,0
2014-04-13 04:36:47,5,62,18.3,70,7.7,1017,1021.9,0.7,1.4,12,304.2,0
2014-04-13 04:41:47,5,62,18.3,70,7.6,1017,1021.9,1,1.7,8,304.2,0
2014-04-13 04:46:47,5,62,18.2,71,7.6,1016.9,1021.8,0.7,1.4,12,304.2,0
2014-04-13 04:51:47,5,62,18.2,70,7.6,1017.1,1022,2.4,4.1,12,304.2,0
2014-04-13 04:56:47,5,62,18.2,70,7.7,1016.9,1021.8,2,2.4,12,304.2,0
2014-04-13 05:01:47,5,62,18.2,70,7.7,1017.2,1022.1,1.4,2,10,304.2,0
2014-04-13 05:06:47,5,62,18.2,70,7.7,1017.2,1022.1,1.4,1.7,10,304.2,0
2014-04-13 05:11:47,5,62,18.2,70,7.7,1017.3,1022.2,1.7,2.4,10,304.2,0
2014-04-13 05:16:47,5,62,18.2,70,7.6,1017.3,1022.2,1.4,1.7,14,304.2,0
2014-04-13 05:21:47,5,62,18.2,70,7.6,1017.3,1022.2,1,1.7,14,304.2,0
2014-04-13 05:26:47,5,62,18.2,70,7.6,1017.2,1022.1,2,4.1,12,304.2,0
2014-04-13 05:31:47,5,62,18.1,68,7.6,1017.4,1022.3,1.4,2,12,304.2,0
2014-04-13 05:36:47,5,62,18.1,69,7.6,1017.5,1022.4,1.7,2,12,304.2,0
2014-04-13 05:41:47,5,62,18.1,69,7.6,1017.8,1022.7,1.4,1.7,10,304.2,0
2014-04-13 05:46:47,5,62,18.1,68,7.6,1017.8,1022.7,2,2.4,10,304.2,0
2014-04-13 05:51:47,5,62,18.1,68,7.6,1017.6,1022.5,1.7,4.4,12,304.2,0
2014-04-13 05:56:47,5,62,18.1,67,7.6,1017.7,1022.6,2.4,4.8,12,304.2,0
2014-04-13 06:01:47,5,62,18.1,67,7.6,1017.7,1022.6,1,2,12,304.2,0
2014-04-13 06:06:47,5,62,18.1,67,7.6,1017.8,1022.7,2.4,4.4,12,304.2,0
2014-04-13 06:11:47,5,62,18,67,7.7,1017.9,1022.8,1.4,1.7,10,304.2,0
2014-04-13 06:16:47,5,62,18,68,7.7,1017.9,1022.8,2,2.7,12,304.2,0
2014-04-13 06:21:47,5,62,18,68,7.7,1017.9,1022.8,2.7,4.4,8,304.2,0
2014-04-13 06:26:47,5,62,18,69,7.7,1017.9,1022.8,1,1.7,10,304.2,0
2014-04-13 06:31:47,5,62,18,69,7.7,1017.9,1022.8,2.4,2.7,12,304.2,0
2014-04-13 06:36:47,5,62,18,69,7.8,1018,1022.9,2.7,4.1,12,304.2,0
2014-04-13 06:41:47,5,62,18,69,7.9,1018,1022.9,2,3.4,12,304.2,0
2014-04-13 06:46:47,5,62,18,69,7.9,1018.1,1023,1.7,3.1,12,304.2,0
2014-04-13 06:51:47,5,62,18,69,7.9,1018.1,1023,1.7,2.4,12,304.2,0
2014-04-13 06:56:47,5,62,18,69,7.9,1018,1022.9,2,3.1,10,304.2,0
2014-04-13 07:01:47,5,62,18,69,7.9,1018.1,1023,1.7,2.4,9,304.2,0
2014-04-13 07:06:47,5,62,18,69,7.9,1018.2,1023.1,1,1.7,12,304.2,0
2014-04-13 07:11:47,5,62,18,69,7.9,1018.2,1023.1,2,3.4,10,304.2,0
2014-04-13 07:16:47,5,62,18,69,8,1018.1,1023,2,3.4,12,304.2,0
2014-04-13 07:21:47,5,62,18,69,8,1018.1,1023,2,3.1,11,304.2,0
2014-04-13 07:26:47,5,61,17.9,69,8.1,1018.1,1023,2.4,3.7,12,304.2,0
2014-04-13 07:31:47,5,62,18,69,8.1,1018.1,1023,2.7,4.1,10,304.2,0
2014-04-13 07:36:47,5,62,18,70,8.1,1018.1,1023,3.7,4.8,14,304.2,0
2014-04-13 07:41:47,5,61,17.9,70,8.2,1018.3,1023.2,2.4,3.7,12,304.2,0
2014-04-13 07:46:47,5,61,17.9,69,8.2,1018.3,1023.2,1.7,2.7,4,304.2,0
2014-04-13 07:51:47,5,62,18,69,8.2,1018.2,1023.1,2.4,3.4,10,304.2,0
2014-04-13 07:56:47,5,61,17.9,68,8.2,1018.1,1023,2.4,4.1,12,304.2,0
2014-04-13 08:01:47,5,61,17.9,68,8.3,1018.2,1023.1,3.1,3.7,14,304.2,0
2014-04-13 08:06:47,5,62,17.9,68,8.4,1018.2,1023.1,1.7,2.4,11,304.2,0
2014-04-13 08:11:47,5,62,18,69,8.4,1018.1,1023,2.4,2.7,12,304.2,0
2014-04-13 08:16:47,5,62,18,70,8.4,1018.1,1023,2.7,4.1,14,304.2,0
2014-04-13 08:21:47,5,62,18,69,8.4,1018.2,1023.1,2,3.1,14,304.2,0
2014-04-13 08:26:47,5,62,18,69,8.4,1018.1,1023,1.7,3.1,12,304.2,0
2014-04-13 08:31:47,5,62,18,70,8.5,1018.1,1023,2,3.1,10,304.2,0
2014-04-13 08:36:47,5,62,18,70,8.5,1018.2,1023.1,2.4,3.1,12,304.2,0
2014-04-13 08:41:47,5,62,18,70,8.6,1018.4,1023.3,2,4.1,12,304.2,0
2014-04-13 08:46:47,5,62,18,70,8.6,1018.3,1023.2,1.7,2.7,10,304.2,0
2014-04-13 08:51:47,5,62,18,69,8.7,1018.6,1023.5,2.7,5.4,8,304.2,0
2014-04-13 08:56:47,5,62,18,69,8.7,1018.4,1023.3,3.4,4.4,10,304.2,0
2014-04-13 09:01:47,5,62,18,69,8.7,1018.4,1023.3,3.1,4.1,10,304.2,0
2014-04-13 09:06:47,5,62,18,69,8.7,1018.5,1023.4,3.4,4.8,10,304.2,0
2014-04-13 09:11:47,5,62,18,69,8.6,1018.6,1023.5,3.1,4.1,12,304.2,0
2014-04-13 09:16:47,5,62,18,70,8.6,1018.7,1023.6,2.4,3.4,12,304.2,0
2014-04-13 09:21:47,5,62,18,70,8.6,1018.8,1023.7,2,3.1,12,304.2,0
2014-04-13 09:26:47,5,62,18,69,8.6,1018.7,1023.6,2,3.1,12,304.2,0
2014-04-13 09:31:47,5,62,18,69,8.6,1018.7,1023.6,3.1,5.1,12,304.2,0
2014-04-13 09:36:47,5,62,18,70,8.5,1018.7,1023.6,2.4,3.4,14,304.2,0
2014-04-13 09:41:47,5,62,18,70,8.5,1018.8,1023.7,2,3.1,11,304.2,0
2014-04-13 09:46:47,5,62,18,71,8.5,1018.9,1023.8,1.4,2.4,10,304.2,0
2014-04-13 09:51:47,5,62,18,71,8.6,1018.8,1023.7,4.4,5.4,10,304.2,0
2014-04-13 09:56:47,5,62,18,70,8.6,1018.7,1023.6,2.4,3.7,10,304.2,0
2014-04-13 10:01:47,5,62,18,70,8.7,1018.8,1023.7,1.7,2.4,12,304.2,0
2014-04-13 10:06:47,5,62,18,70,8.7,1018.7,1023.6,2.7,3.7,9,304.2,0
2014-04-13 10:11:47,5,62,18,70,8.8,1018.5,1023.4,3.1,5.1,12,304.2,0
2014-04-13 10:16:47,5,62,18,70,8.8,1018.4,1023.3,2.4,4.8,10,304.2,0
2014-04-13 10:21:47,5,62,18,70,8.8,1018.7,1023.6,2.4,3.7,8,304.2,0
2014-04-13 10:26:47,5,62,18,71,8.8,1018.7,1023.6,3.1,6.8,14,304.2,0
2014-04-13 10:31:47,5,62,18,71,8.9,1018.6,1023.5,2.7,3.7,12,304.2,0
2014-04-13 10:36:47,5,61,18,72,8.9,1018.4,1023.3,2.4,4.4,12,304.2,0
2014-04-13 10:41:47,5,62,18,72,8.9,1018.6,1023.5,2,4.1,12,304.2,0
2014-04-13 10:46:47,5,62,18,73,8.8,1018.6,1023.5,3.1,3.4,10,304.2,0
2014-04-13 10:51:47,5,62,18,73,8.8,1018.7,1023.6,2.7,4.8,10,304.2,0
2014-04-13 10:56:47,5,62,18,72,8.7,1018.7,1023.6,3.7,4.4,12,304.2,0
2014-04-13 11:01:47,5,62,18,72,8.7,1018.6,1023.5,4.1,5.4,15,304.2,0
2014-04-13 11:06:47,5,62,18,72,8.8,1018.5,1023.4,5.4,6.8,10,304.2,0
2014-04-13 11:11:47,5,62,18,71,8.7,1018.6,1023.5,3.1,4.8,12,304.2,0
2014-04-13 11:16:47,5,61,18,72,8.7,1018.5,1023.4,4.1,7.5,14,304.2,0
2014-04-13 11:21:47,5,61,18,73,8.8,1018.6,1023.5,3.1,4.4,10,304.2,0
2014-04-13 11:26:47,5,61,18.1,73,8.8,1018.7,1023.6,2.7,4.1,12,304.2,0
2014-04-13 11:31:47,5,61,18,74,8.8,1018.6,1023.5,2.7,4.4,10,304.2,0
2014-04-13 11:36:47,5,61,18,74,8.8,1018.7,1023.6,1.7,3.1,13,304.2,0
2014-04-13 11:41:47,5,61,18.1,74,8.8,1018.8,1023.7,2,3.7,10,304.2,0
2014-04-13 11:46:47,5,61,18.1,73,8.8,1018.7,1023.6,2.7,4.1,10,304.2,0
2014-04-13 11:51:47,5,61,18.1,73,8.9,1018.6,1023.5,2.7,3.7,10,304.2,0
2014-04-13 11:56:47,5,60,18.1,73,9.1,1018.3,1023.2,2.4,3.4,10,304.2,0
2014-04-13 12:01:47,5,60,18.1,72,9.2,1018.4,1023.3,2.4,3.4,10,304.2,0
2014-04-13 12:06:47,5,60,18.1,71,9.1,1018.4,1023.3,4.4,7.5,14,304.2,0
2014-04-13 12:11:47,5,60,18.2,72,9,1018.5,1023.4,3.7,6.5,12,304.2,0
2014-04-13 12:16:47,5,60,18.2,72,9,1018.5,1023.4,3.7,5.1,10,304.2,0
2014-04-13 12:21:47,5,60,18.2,74,8.9,1018.4,1023.3,3.4,6.8,10,304.2,0
2014-04-13 12:26:47,5,59,18.2,74,8.8,1018.4,1023.3,4.1,5.1,12,304.2,0
2014-04-13 12:31:47,5,59,18.2,74,8.9,1018.3,1023.2,3.7,5.1,10,304.2,0
2014-04-13 12:36:47,5,59,18.2,73,8.9,1018.5,1023.4,5.1,8.5,12,304.2,0
2014-04-13 12:41:47,5,59,18.2,73,9.1,1018.4,1023.3,2.7,5.8,10,304.2,0
2014-04-13 12:46:47,5,60,18.2,72,9.3,1018.4,1023.3,3.1,4.8,14,304.2,0
2014-04-13 12:51:47,5,61,18.2,71,9.5,1018.4,1023.3,5.4,8.8,12,304.2,0
2014-04-13 12:56:47,5,61,18.3,71,9.7,1018.4,1023.3,3.7,6.5,14,304.2,0
2014-04-13 13:01:47,5,61,18.3,71,9.8,1018.1,1023,2.7,4.4,10,304.2,0
2014-04-13 13:06:47,5,61,18.3,70,10.1,1018.1,1023,3.1,4.1,10,304.2,0
2014-04-13 13:11:47,5,62,18.3,69,10.3,1018.3,1023.2,3.1,5.1,10,304.2,0
2014-04-13 13:16:47,5,62,18.4,68,10.6,1018.2,1023.1,4.4,6.8,8,304.2,0
2014-04-13 13:21:47,5,62,18.4,68,10.6,1018.1,1023,3.7,5.4,10,304.2,0
2014-04-13 13:26:47,5,62,18.4,67,10.7,1018.1,1023,6.1,9.5,10,304.2,0
2014-04-13 13:31:47,5,62,18.5,67,10.4,1018.1,1023,3.7,5.1,12,304.2,0
2014-04-13 13:36:47,5,62,18.5,68,10.6,1018.2,1023.1,4.4,7.1,14,304.2,0
2014-04-13 13:41:47,5,62,18.5,67,10.5,1018.1,1023,4.8,6.1,12,304.2,0
2014-04-13 13:46:47,5,62,18.6,68,10.5,1018.2,1023.1,2.7,3.4,8,304.2,0
2014-04-13 13:51:47,5,62,18.6,68,10.6,1017.8,1022.7,4.1,5.4,12,304.2,0
2014-04-13 13:56:47,5,62,18.6,68,10.5,1017.6,1022.5,3.4,5.1,9,304.2,0
2014-04-13 14:01:47,5,62,18.7,66,10.7,1017.6,1022.5,4.4,5.8,8,304.2,0
2014-04-13 14:06:47,5,65,18.8,65,10.9,1017.4,1022.3,3.4,4.8,10,304.2,0
2014-04-13 14:11:47,5,66,18.8,64,11.1,1017.3,1022.2,4.1,6.5,12,304.2,0
2014-04-13 14:16:47,5,67,18.9,63,11.1,1017.4,1022.3,5.1,7.8,10,304.2,0
2014-04-13 14:21:47,5,68,18.9,62,11.1,1017.4,1022.3,5.8,8.2,12,304.2,0
2014-04-13 14:26:47,5,67,19,62,11.2,1017.3,1022.2,5.1,7.5,10,304.2,0
2014-04-13 14:31:47,5,66,19.1,63,11.3,1017.1,1022,4.4,6.1,8,304.2,0
2014-04-13 14:36:47,5,65,19.1,63,11.5,1017,1021.9,4.8,6.5,10,304.2,0
2014-04-13 14:41:47,5,65,19.2,63,11.3,1017.2,1022.1,4.4,6.5,14,304.2,0
2014-04-13 14:46:47,5,64,19.2,63,11.3,1017.1,1022,4.1,5.8,10,304.2,0
2014-04-13 14:51:47,5,64,19.3,63,11.3,1017.2,1022.1,4.4,6.8,10,304.2,0
2014-04-13 14:56:47,5,64,19.4,63,11.2,1017.1,1022,4.8,6.8,12,304.2,0
2014-04-13 15:01:47,5,64,19.5,63,11.2,1017.2,1022.1,3.4,5.1,10,304.2,0
2014-04-13 15:06:47,5,63,19.5,62,11.3,1017.4,1022.3,4.1,6.8,12,304.2,0
2014-04-13 15:11:47,5,63,19.6,62,11.1,1017.4,1022.3,4.1,6.8,12,304.2,0
2014-04-13 15:16:47,5,63,19.7,64,11.1,1017.3,1022.2,3.1,4.1,9,304.2,0
2014-04-13 15:21:47,5,63,19.8,63,11.1,1017.6,1022.5,4.8,5.8,6,304.2,0
2014-04-13 15:26:47,5,63,19.8,64,11.2,1017.7,1022.6,5.1,7.5,10,304.2,0
2014-04-13 15:31:47,5,63,19.9,63,11.1,1017.6,1022.5,4.1,6.1,12,304.2,0
2014-04-13 15:36:47,5,62,20,63,11.2,1017.7,1022.6,5.1,7.5,10,304.2,0
2014-04-13 15:41:47,5,62,20.1,62,11.1,1017.8,1022.7,4.8,6.5,12,304.2,0
2014-04-13 15:46:47,5,62,20.1,61,11.1,1017.7,1022.6,4.4,6.1,10,304.2,0
2014-04-13 15:51:47,5,62,20.2,62,11.3,1017.4,1022.3,4.8,8.5,0,304.2,0
2014-04-13 15:56:47,5,62,20.3,62,11.1,1017.6,1022.5,4.1,5.8,11,304.2,0
2014-04-13 16:01:47,5,61,20.4,62,11,1017.6,1022.5,4.8,6.8,14,304.2,0
2014-04-13 16:06:47,5,60,20.4,63,11,1017.7,1022.6,4.1,6.5,14,304.2,0
2014-04-13 16:11:47,5,58,20.4,64,10.7,1017.9,1022.8,4.1,5.4,10,304.2,0
2014-04-13 16:16:47,5,57,20.4,66,10.7,1017.7,1022.6,4.4,6.1,12,304.2,0
2014-04-13 16:21:47,5,59,20.5,66,10.4,1017.7,1022.6,2.7,4.4,10,304.2,0
2014-04-13 16:26:47,5,59,20.5,66,10.3,1017.9,1022.8,5.1,7.1,12,304.2,0
2014-04-13 16:31:47,5,59,20.4,67,10.1,1017.8,1022.7,4.4,6.5,12,304.2,0
2014-04-13 16:36:47,5,59,20.4,66,10,1017.5,1022.4,3.1,4.1,10,304.2,0
2014-04-13 16:41:47,5,59,20.3,67,10.1,1017.4,1022.3,4.1,5.8,10,304.2,0
2014-04-13 16:46:47,5,59,20.3,68,9.9,1017.4,1022.3,4.1,6.5,15,304.2,0
2014-04-13 16:51:47,5,59,20.3,68,9.8,1017.5,1022.4,4.1,5.8,12,304.2,0
2014-04-13 16:56:47,5,59,20.3,69,9.8,1017.7,1022.6,3.1,4.4,13,304.2,0
2014-04-13 17:01:47,5,59,20.2,68,10,1017.7,1022.6,3.4,4.8,14,304.2,0
2014-04-13 17:06:47,5,59,20.2,69,9.9,1017.8,1022.7,3.1,4.4,10,304.2,0
2014-04-13 17:11:47,5,59,20.2,68,10,1017.7,1022.6,2,4.1,10,304.2,0
2014-04-13 17:16:47,5,59,20.1,69,9.9,1017.8,1022.7,2.4,3.7,12,304.2,0
2014-04-13 17:21:47,5,59,20.1,69,10,1017.8,1022.7,2.4,3.4,10,304.2,0
2014-04-13 17:26:47,5,59,20.1,70,9.8,1017.9,1022.8,2.4,3.4,10,304.2,0
2014-04-13 17:31:47,5,59,20.1,70,9.6,1017.9,1022.8,2,2.7,10,304.2,0
2014-04-13 17:36:47,5,59,20,71,9.6,1018,1022.9,2,2.7,12,304.2,0
2014-04-13 17:41:47,5,59,20,71,9.5,1018.1,1023,2.4,4.1,10,304.2,0
2014-04-13 17:46:47,5,58,20,72,9.4,1018.2,1023.1,2.4,4.4,11,304.2,0
2014-04-13 17:51:47,5,59,19.9,72,9.4,1018,1022.9,3.1,3.7,10,304.2,0
2014-04-13 17:56:47,5,59,19.8,72,9.4,1018.2,1023.1,2.4,3.1,13,304.2,0
2014-04-13 18:01:47,5,59,19.8,72,9.4,1018.3,1023.2,2,2.7,14,304.2,0
2014-04-13 18:06:47,5,59,19.8,72,9.4,1018.2,1023.1,3.1,5.1,10,304.2,0
2014-04-13 18:11:47,5,59,19.7,72,9.4,1018.2,1023.1,2.4,3.1,14,304.2,0
2014-04-13 18:16:47,5,59,19.7,72,9.4,1018.2,1023.1,1.7,2.7,13,304.2,0
2014-04-13 18:21:47,5,59,19.6,73,9.3,1018.3,1023.2,2.4,4.1,10,304.2,0
2014-04-13 18:26:47,5,59,19.6,74,9.3,1018.2,1023.1,2.4,3.4,12,304.2,0
2014-04-13 18:31:47,5,59,19.5,74,9.2,1018.2,1023.1,2.4,3.4,12,304.2,0
2014-04-13 18:36:47,5,59,19.5,74,9.1,1018.2,1023.1,2.4,4.8,12,304.2,0
2014-04-13 18:41:47,5,60,19.4,75,9.1,1018.2,1023.1,2,2.7,12,304.2,0
2014-04-13 18:46:47,5,60,19.4,75,9.1,1018.2,1023.1,1.4,2.4,10,304.2,0
2014-04-13 18:51:47,5,61,19.3,75,9,1018.2,1023.1,2,2.7,14,304.2,0
2014-04-13 18:56:47,5,61,19.3,76,9,1018.2,1023.1,1.7,2.7,12,304.2,0
2014-04-13 19:01:47,5,61,19.3,76,9,1018.4,1023.3,1.7,2.7,12,304.2,0
2014-04-13 19:06:47,5,62,19.3,76,9,1018.5,1023.4,2,3.4,11,304.2,0
2014-04-13 19:11:47,5,62,19.3,77,9,1018.5,1023.4,1.4,2.7,10,304.2,0
2014-04-13 19:16:47,5,62,19.2,77,9,1018.3,1023.2,2.7,4.1,10,304.2,0
2014-04-13 19:21:47,5,63,19.2,77,9,1018.6,1023.5,1.7,2,12,304.2,0
2014-04-13 19:26:47,5,63,19.2,77,9,1018.5,1023.4,1.7,2.4,12,304.2,0
2014-04-13 19:31:47,5,63,19.2,78,9,1018.6,1023.5,2,2.7,12,304.2,0
2014-04-13 19:36:47,5,64,19.2,78,9,1018.5,1023.4,3.1,3.7,10,304.2,0
2014-04-13 19:41:47,5,65,19.3,78,9,1018.4,1023.3,1.7,3.4,9,304.2,0
2014-04-13 19:46:47,5,65,19.3,79,8.9,1018.3,1023.2,2.7,3.4,12,304.2,0
2014-04-13 19:51:47,5,66,19.3,80,8.9,1018.4,1023.3,2.4,3.4,9,304.2,0
2014-04-13 19:56:47,5,67,19.3,80,8.8,1018.4,1023.3,3.1,4.8,12,304.2,0
2014-04-13 20:01:47,5,68,19.4,80,8.9,1018.4,1023.3,3.1,4.8,10,304.2,0
2014-04-13 20:06:47,5,70,19.4,80,8.9,1018.4,1023.3,3.4,4.8,12,304.2,0
2014-04-13 20:11:47,5,71,19.4,80,8.9,1018.5,1023.4,2,3.4,12,304.2,0
2014-04-13 20:16:47,5,71,19.4,80,8.9,1018.6,1023.5,3.1,5.1,11,304.2,0
2014-04-13 20:21:47,5,71,19.5,80,8.8,1018.6,1023.5,2,2.7,10,304.2,0
2014-04-13 20:26:47,5,72,19.5,81,8.8,1018.6,1023.5,2,3.1,10,304.2,0
2014-04-13 20:31:47,5,72,19.5,81,8.8,1018.4,1023.3,3.7,5.4,10,304.2,0
2014-04-13 20:36:47,5,72,19.6,81,8.8,1018.4,1023.3,2,3.1,10,304.2,0
2014-04-13 20:41:47,5,72,19.6,81,8.7,1018.4,1023.3,2,4.1,10,304.2,0
2014-04-13 20:46:47,5,72,19.6,81,8.6,1018.5,1023.4,1.7,3.1,10,304.2,0
2014-04-13 20:51:47,5,72,19.6,81,8.5,1018.6,1023.5,2,3.4,12,304.2,0
2014-04-13 20:56:47,5,72,19.6,81,8.4,1018.6,1023.5,1,1.7,12,304.2,0
2014-04-13 21:01:47,5,71,19.6,81,8.2,1018.7,1023.6,1.4,1.7,12,304.2,0
2014-04-13 21:06:47,5,71,19.6,81,8.2,1018.5,1023.4,1.7,2.4,12,304.2,0
2014-04-13 21:11:47,5,71,19.6,81,8.1,1018.5,1023.4,1.7,2.4,10,304.2,0
2014-04-13 21:16:47,5,71,19.6,82,8,1018.6,1023.5,1.4,2,10,304.2,0
2014-04-13 21:21:47,5,71,19.6,82,7.9,1018.6,1023.5,2,2.7,12,304.2,0
2014-04-13 21:26:47,5,71,19.6,82,7.7,1018.7,1023.6,1.4,2,10,304.2,0
2014-04-13 21:31:47,5,71,19.6,82,7.6,1018.9,1023.8,1,2,10,304.2,0
2014-04-13 21:36:47,5,71,19.6,82,7.5,1018.8,1023.7,0.7,1,12,304.2,0
2014-04-13 21:41:47,5,70,19.6,82,7.4,1019,1023.9,0.7,1,10,304.2,0
2014-04-13 21:46:47,5,70,19.5,82,7.3,1019,1023.9,1.4,1.7,12,304.2,0
2014-04-13 21:51:47,5,70,19.5,82,7.2,1018.9,1023.8,1,1.7,14,304.2,0
2014-04-13 21:56:47,5,70,19.5,82,7.2,1018.9,1023.8,1,1.7,12,304.2,0
2014-04-13 22:01:47,5,71,19.6,82,7.2,1018.9,1023.8,1.4,2,10,304.2,0
2014-04-13 22:06:47,5,71,19.6,82,7.4,1019,1023.9,0.7,1,10,304.2,0
2014-04-13 22:11:47,5,71,19.5,82,7.5,1019.1,1024,1,1.4,13,304.2,0
2014-04-13 22:16:47,5,71,19.5,82,7.6,1019,1023.9,0.3,1,10,304.2,0
2014-04-13 22:21:47,5,71,19.5,82,7.6,1019.1,1024,1,2,13,304.2,0
2014-04-13 22:26:47,5,71,19.5,82,7.6,1019.3,1024.2,0.3,0.7,14,304.2,0
2014-04-13 22:31:47,5,70,19.4,82,7.5,1019.2,1024.1,1,1.7,12,304.2,0
2014-04-13 22:36:47,5,70,19.4,82,7.5,1019,1023.9,0.3,1,10,304.2,0
2014-04-13 22:42:47,6,70,19.3,82,7.3,1019.2,1024.1,1,1.4,10,304.2,0
2014-04-13 22:47:47,5,70,19.3,82,7.2,1019.3,1024.2,0.3,1,14,304.2,0
2014-04-13 22:52:47,5,70,19.3,82,7.1,1019.4,1024.3,0,0,12,304.2,0
2014-04-13 22:58:47,6,70,19.3,83,6.8,1019.4,1024.3,0.3,0.7,12,304.2,0
2014-04-13 23:03:47,5,70,19.2,83,6.6,1019.3,1024.2,0.7,1,12,304.2,0
2014-04-13 23:08:47,5,70,19.2,83,6.6,1019.4,1024.3,0.3,0.7,10,304.2,0
2014-04-13 23:13:47,5,70,19.2,83,6.5,1019.2,1024.1,0,0.3,12,304.2,0
2014-04-13 23:18:47,5,70,19.2,83,6.4,1019.3,1024.2,0,0.3,8,304.2,0
2014-04-13 23:23:47,5,70,19.1,83,6.3,1019.5,1024.4,0.3,1,8,304.2,0
2014-04-13 23:28:47,5,70,19.1,83,6.3,1019.5,1024.4,0.3,0.7,10,304.2,0
2014-04-13 23:34:47,6,69,19,83,6.2,1019.5,1024.4,0.3,1,10,304.2,0
2014-04-13 23:39:47,5,69,19,83,6.1,1019.5,1024.4,0.3,0.7,10,304.2,0
2014-04-13 23:44:47,5,69,19,83,6,1019.6,1024.5,0.7,1,10,304.2,0
2014-04-13 23:50:47,6,70,18.9,84,5.9,1019.6,1024.5,0.3,0.7,10,304.2,0
2014-04-13 23:55:47,5,70,18.9,85,5.9,1019.4,1024.3,0,0.7,10,304.2,0
