2020-01-24 00:02:56,5,51,20.6,,,1024.2,1029.1,,,,0,64
2020-01-24 00:07:56,5,51,20.5,,,1024.3,1029.2,,,,0,64
2020-01-24 00:12:56,5,51,20.5,,,1024.2,1029.1,,,,0,64
2020-01-24 00:17:56,5,51,20.5,,,1024.1,1029,,,,0,64
2020-01-24 00:22:56,5,51,20.4,,,1024.1,1029,,,,0,64
2020-01-24 00:27:56,5,51,20.4,,,1024,1028.9,,,,0,64
2020-01-24 00:32:56,5,51,20.4,,,1024,1028.9,,,,0,64
2020-01-24 00:37:56,5,51,20.3,,,1024,1028.9,,,,0,64
2020-01-24 00:42:56,5,51,20.3,,,1024,1028.9,,,,0,64
2020-01-24 00:47:56,5,51,20.3,,,1023.9,1028.8,,,,0,64
2020-01-24 00:52:56,5,51,20.2,,,1023.8,1028.7,,,,0,64
2020-01-24 00:57:56,5,51,20.2,,,1023.8,1028.7,,,,0,64
2020-01-24 01:02:56,5,51,20.2,,,1023.7,1028.6,,,,0,64
2020-01-24 01:07:56,5,51,20.2,,,1023.7,1028.6,,,,0,64
2020-01-24 01:12:56,5,51,20.2,,,1023.6,1028.5,,,,0,64
2020-01-24 01:17:56,5,51,20.2,,,1023.5,1028.4,,,,0,64
2020-01-24 01:22:56,5,51,20.1,,,1023.6,1028.5,,,,0,64
2020-01-24 01:27:56,5,51,20.1,,,1023.5,1028.4,,,,0,64
2020-01-24 01:32:56,5,51,20.1,,,1023.5,1028.4,,,,0,64
2020-01-24 01:37:56,5,51,20.1,,,1023.5,1028.4,,,,0,64
2020-01-24 01:42:56,5,51,20.1,,,1023.7,1028.6,,,,0,64
2020-01-24 01:47:56,5,51,20,,,1023.5,1028.4,,,,0,64
2020-01-24 01:52:56,5,51,20,,,1023.7,1028.6,,,,0,64
2020-01-24 01:57:56,5,51,20,,,1023.6,1028.5,,,,0,64
2020-01-24 02:02:56,5,51,20,,,1023.7,1028.6,,,,0,64
2020-01-24 02:07:56,5,52,19.9,,,1023.6,1028.5,,,,0,64
2020-01-24 02:12:56,5,52,19.9,,,1023.6,1028.5,,,,0,64
2020-01-24 02:17:56,5,52,19.9,,,1023.4,1028.3,,,,0,64
2020-01-24 02:22:56,5,52,19.9,,,1023.5,1028.4,,,,0,64
2020-01-24 02:27:56,5,52,19.9,,,1023.3,1028.2,,,,0,64
2020-01-24 02:32:56,5,52,19.9,,,1023.1,1028,,,,0,64
2020-01-24 02:37:56,5,52,19.9,,,1023,1027.9,,,,0,64
2020-01-24 02:42:56,5,52,19.9,,,1023.1,1028,,,,0,64
2020-01-24 02:47:56,5,52,19.8,,,1023,1027.9,,,,0,64
2020-01-24 02:52:56,5,52,19.8,,,1023,1027.9,,,,0,64
2020-01-24 02:57:56,5,52,19.8,,,1022.9,1027.8,,,,0,64
2020-01-24 03:02:56,5,52,19.8,,,1022.8,1027.7,,,,0,64
2020-01-24 03:07:56,5,52,19.8,,,1022.7,1027.6,,,,0,64
2020-01-24 03:12:56,5,52,19.8,,,1022.6,1027.5,,,,0,64
2020-01-24 03:17:56,5,52,19.8,,,1022.4,1027.3,,,,0,64
2020-01-24 03:22:56,5,52,19.8,,,1022.3,1027.2,,,,0,64
2020-01-24 03:27:56,5,52,19.7,,,1022.1,1027,,,,0,64
2020-01-24 03:32:56,5,52,19.7,,,1022.1,1027,,,,0,64
2020-01-24 03:37:56,5,52,19.7,,,1022,1026.9,,,,0,64
2020-01-24 03:42:56,5,52,19.7,,,1021.9,1026.8,,,,0,64
2020-01-24 03:47:56,5,52,19.7,,,1021.8,1026.7,,,,0,64
2020-01-24 03:52:56,5,52,19.7,,,1021.8,1026.7,,,,0,64
2020-01-24 03:57:56,5,52,19.7,,,1021.7,1026.6,,,,0,64
2020-01-24 04:02:56,5,52,19.6,,,1021.8,1026.7,,,,0,64
2020-01-24 04:07:56,5,52,19.6,,,1021.6,1026.5,,,,0,64
2020-01-24 04:12:56,5,52,19.6,,,1021.5,1026.4,,,,0,64
2020-01-24 04:17:56,5,52,19.6,,,1021.5,1026.4,,,,0,64
2020-01-24 04:22:56,5,52,19.6,,,1021.5,1026.4,,,,0,64
2020-01-24 04:27:56,5,52,19.6,,,1021.5,1026.4,,,,0,64
2020-01-24 04:32:56,5,52,19.6,,,1021.5,1026.4,,,,0,64
2020-01-24 04:37:56,5,52,19.6,,,1021.5,1026.4,,,,0,64
2020-01-24 04:42:56,5,52,19.6,,,1021.4,1026.3,,,,0,64
2020-01-24 04:47:56,5,52,19.5,,,1021.4,1026.3,,,,0,64
2020-01-24 04:52:56,5,52,19.5,,,1021.4,1026.3,,,,0,64
2020-01-24 04:57:56,5,52,19.5,,,1021.3,1026.2,,,,0,64
2020-01-24 05:02:56,5,52,19.5,,,1021.4,1026.3,,,,0,64
2020-01-24 05:07:56,5,52,19.5,,,1021.3,1026.2,,,,0,64
2020-01-24 05:12:56,5,52,19.5,,,1021.4,1026.3,,,,0,64
2020-01-24 05:17:56,5,52,19.5,,,1021.4,1026.3,,,,0,64
2020-01-24 05:22:56,5,52,19.5,,,1021.3,1026.2,,,,0,64
2020-01-24 05:27:56,5,52,19.5,,,1021.3,1026.2,,,,0,64
2020-01-24 05:32:56,5,52,19.5,,,1021.2,1026.1,,,,0,64
2020-01-24 05:37:56,5,52,19.4,,,1021.3,1026.2,,,,0,64
2020-01-24 05:42:56,5,52,19.4,,,1021.4,1026.3,,,,0,64
2020-01-24 05:47:56,5,52,19.4,,,1021.5,1026.4,,,,0,64
2020-01-24 05:52:56,5,52,19.4,,,1021.6,1026.5,,,,0,64
2020-01-24 05:57:56,5,52,19.4,,,1021.6,1026.5,,,,0,64
2020-01-24 06:02:56,5,52,19.4,,,1021.4,1026.3,,,,0,64
2020-01-24 06:07:56,5,52,19.4,,,1021.5,1026.4,,,,0,64
2020-01-24 06:12:56,5,52,19.4,,,1021.4,1026.3,,,,0,64
2020-01-24 06:17:56,5,52,19.4,,,1021.1,1026,,,,0,64
2020-01-24 06:22:56,5,52,19.4,,,1021.2,1026.1,,,,0,64
2020-01-24 06:27:56,5,52,19.4,,,1021.1,1026,,,,0,64
2020-01-24 06:32:56,5,52,19.4,,,1021.3,1026.2,,,,0,64
2020-01-24 06:37:56,5,52,19.4,,,1021.3,1026.2,,,,0,64
2020-01-24 06:42:56,5,52,19.3,,,1021.4,1026.3,,,,0,64
2020-01-24 06:47:56,5,52,19.3,,,1021.4,1026.3,,,,0,64
2020-01-24 06:52:56,5,52,19.3,,,1021.4,1026.3,,,,0,64
2020-01-24 06:57:56,5,51,19.3,,,1021.5,1026.4,,,,0,64
2020-01-24 07:02:56,5,51,19.4,,,1021.6,1026.5,,,,0,64
2020-01-24 07:07:56,5,51,19.4,,,1021.4,1026.3,,,,0,64
2020-01-24 07:12:56,5,51,19.3,,,1021.4,1026.3,,,,0,64
2020-01-24 07:17:56,5,51,19.3,,,1021.4,1026.3,,,,0,64
2020-01-24 07:22:56,5,51,19.3,,,1021.5,1026.4,,,,0,64
2020-01-24 07:27:56,5,51,19.3,,,1021.4,1026.3,,,,0,64
2020-01-24 07:32:56,5,51,19.3,,,1021.2,1026.1,,,,0,64
2020-01-24 07:37:56,5,51,19.3,,,1021.2,1026.1,,,,0,64
2020-01-24 07:42:56,5,51,19.3,,,1021.2,1026.1,,,,0,64
2020-01-24 07:47:56,5,51,19.3,,,1021.2,1026.1,,,,0,64
2020-01-24 07:52:56,5,51,19.3,,,1021.4,1026.3,,,,0,64
2020-01-24 07:57:56,5,51,19.3,,,1021.4,1026.3,,,,0,64
2020-01-24 08:02:56,5,51,19.3,,,1021.3,1026.2,,,,0,64
2020-01-24 08:07:56,5,51,19.3,,,1021.2,1026.1,,,,0,64
2020-01-24 08:12:56,5,51,19.3,,,1021.3,1026.2,,,,0,64
2020-01-24 08:17:56,5,51,19.2,,,1021.3,1026.2,,,,0,64
2020-01-24 08:22:56,5,51,19.3,,,1021.1,1026,,,,0,64
2020-01-24 08:27:56,5,51,19.3,,,1021.2,1026.1,,,,0,64
2020-01-24 08:32:56,5,51,19.3,,,1021.1,1026,,,,0,64
2020-01-24 08:37:56,5,51,19.3,,,1021,1025.9,,,,0,64
2020-01-24 08:42:56,5,52,19.2,,,1021.2,1026.1,,,,0,64
2020-01-24 08:47:56,5,52,19.3,,,1021.2,1026.1,,,,0,64
2020-01-24 08:52:56,5,52,19.3,,,1021.2,1026.1,,,,0,64
2020-01-24 08:57:56,5,53,19.3,,,1021,1025.9,,,,0,64
2020-01-24 09:02:56,5,53,19.4,,,1021.2,1026.1,,,,0,64
2020-01-24 09:07:56,5,53,19.4,,,1021.2,1026.1,,,,0,64
2020-01-24 09:12:56,5,53,19.4,,,1021.2,1026.1,,,,0,64
2020-01-24 09:17:56,5,53,19.4,,,1021.2,1026.1,,,,0,64
2020-01-24 09:22:56,5,53,19.4,,,1021.1,1026,,,,0,64
2020-01-24 09:27:56,5,53,19.5,,,1021.1,1026,,,,0,64
2020-01-24 09:32:56,5,52,19.5,,,1021.1,1026,,,,0,64
2020-01-24 09:37:56,5,53,19.5,,,1021.1,1026,,,,0,64
2020-01-24 09:42:56,5,53,19.5,,,1021.1,1026,,,,0,64
2020-01-24 09:47:56,5,53,19.5,,,1021.1,1026,,,,0,64
2020-01-24 09:52:56,5,53,19.5,,,1021.1,1026,,,,0,64
2020-01-24 09:57:56,5,53,19.5,,,1021,1025.9,,,,0,64
2020-01-24 10:02:56,5,53,19.5,,,1021.2,1026.1,,,,0,64
2020-01-24 10:07:56,5,53,19.5,,,1021.2,1026.1,,,,0,64
2020-01-24 10:12:56,5,53,19.6,,,1021.1,1026,,,,0,64
2020-01-24 10:17:56,5,53,19.6,,,1021,1025.9,,,,0,64
2020-01-24 10:22:56,5,53,19.6,,,1021,1025.9,,,,0,64
2020-01-24 10:27:56,5,53,19.6,,,1021,1025.9,,,,0,64
2020-01-24 10:32:56,5,53,19.5,,,1021,1025.9,,,,0,64
2020-01-24 10:37:56,5,53,19.6,,,1021.2,1026.1,,,,0,64
2020-01-24 10:42:56,5,53,19.5,,,1021.2,1026.1,,,,0,64
2020-01-24 10:47:56,5,53,19.5,,,1021.4,1026.3,,,,0,64
2020-01-24 10:52:56,5,53,19.6,,,1021.2,1026.1,,,,0,64
2020-01-24 10:57:56,5,53,19.6,,,1021.3,1026.2,,,,0,64
2020-01-24 11:02:56,5,53,19.6,,,1021.2,1026.1,,,,0,64
2020-01-24 11:07:56,5,53,19.7,,,1020.9,1025.8,,,,0,64
2020-01-24 11:12:56,5,53,19.7,,,1021.1,1026,,,,0,64
2020-01-24 11:17:56,5,53,19.8,,,1021,1025.9,,,,0,64
2020-01-24 11:22:56,5,53,19.9,,,1021,1025.9,,,,0,64
2020-01-24 11:27:56,5,53,19.9,,,1020.9,1025.8,,,,0,64
2020-01-24 11:32:56,5,52,20,,,1020.8,1025.7,,,,0,64
2020-01-24 11:37:56,5,52,20.1,,,1020.7,1025.6,,,,0,64
2020-01-24 11:42:56,5,52,20.1,,,1020.6,1025.5,,,,0,64
2020-01-24 11:47:56,5,52,20.2,,,1020.6,1025.5,,,,0,64
2020-01-24 11:52:56,5,52,20.2,,,1020.5,1025.4,,,,0,64
2020-01-24 11:57:56,5,52,20.2,,,1020.4,1025.3,,,,0,64
2020-01-24 12:02:56,5,52,20.3,,,1020.5,1025.4,,,,0,64
2020-01-24 12:07:56,5,52,20.3,,,1020.3,1025.2,,,,0,64
2020-01-24 12:12:56,5,51,20.4,,,1020.1,1025,,,,0,64
2020-01-24 12:17:56,5,51,20.4,,,1020.3,1025.2,,,,0,64
2020-01-24 12:22:56,5,51,20.4,,,1020.2,1025.1,,,,0,64
2020-01-24 12:27:56,5,51,20.4,,,1020.2,1025.1,,,,0,64
2020-01-24 12:32:56,5,51,20.4,,,1019.9,1024.8,,,,0,64
2020-01-24 12:37:56,5,51,20.5,,,1019.9,1024.8,,,,0,64
2020-01-24 12:42:56,5,51,20.5,,,1020,1024.9,,,,0,64
2020-01-24 12:47:56,5,51,20.5,,,1019.8,1024.7,,,,0,64
2020-01-24 12:52:56,5,51,20.5,,,1020,1024.9,,,,0,64
2020-01-24 12:57:56,5,51,20.5,,,1019.7,1024.6,,,,0,64
2020-01-24 13:02:56,5,51,20.6,,,1019.7,1024.6,,,,0,64
2020-01-24 13:07:56,5,51,20.6,,,1019.6,1024.5,,,,0,64
2020-01-24 13:12:56,5,51,20.6,,,1019.6,1024.5,,,,0,64
2020-01-24 13:17:56,5,51,20.6,,,1019.6,1024.5,,,,0,64
2020-01-24 13:22:56,5,51,20.6,,,1019.5,1024.4,,,,0,64
2020-01-24 13:27:56,5,50,20.6,,,1019.3,1024.2,,,,0,64
2020-01-24 13:32:56,5,50,20.6,,,1019.2,1024.1,,,,0,64
2020-01-24 13:37:56,5,50,20.6,,,1019.3,1024.2,,,,0,64
2020-01-24 13:42:56,5,50,20.6,,,1019,1023.9,,,,0,64
2020-01-24 13:47:56,5,50,20.6,,,1019,1023.9,,,,0,64
2020-01-24 13:52:56,5,50,20.6,,,1019,1023.9,,,,0,64
2020-01-24 13:57:56,5,50,20.6,,,1018.9,1023.8,,,,0,64
2020-01-24 14:02:56,5,50,20.6,,,1018.7,1023.6,,,,0,64
2020-01-24 14:07:56,5,50,20.6,,,1018.8,1023.7,,,,0,64
2020-01-24 14:12:56,5,50,20.6,,,1018.8,1023.7,,,,0,64
2020-01-24 14:17:56,5,50,20.6,,,1018.5,1023.4,,,,0,64
2020-01-24 14:22:56,5,51,20.7,,,1018.5,1023.4,,,,0,64
2020-01-24 14:27:56,5,51,20.7,,,1018.5,1023.4,,,,0,64
2020-01-24 14:32:56,5,51,20.7,,,1018.4,1023.3,,,,0,64
2020-01-24 14:37:56,5,51,20.7,,,1018.3,1023.2,,,,0,64
2020-01-24 14:42:56,5,51,20.8,,,1018.3,1023.2,,,,0,64
2020-01-24 14:47:56,5,51,20.8,,,1018.3,1023.2,,,,0,64
2020-01-24 14:52:56,5,51,20.8,,,1018.1,1023,,,,0,64
2020-01-24 14:57:56,5,51,20.9,,,1018,1022.9,,,,0,64
2020-01-24 15:02:56,5,50,20.8,,,1017.8,1022.7,,,,0,64
2020-01-24 15:07:56,5,50,20.9,,,1017.8,1022.7,,,,0,64
2020-01-24 15:12:56,5,50,20.9,,,1017.7,1022.6,,,,0,64
2020-01-24 15:17:56,5,50,20.9,,,1017.8,1022.7,,,,0,64
2020-01-24 15:22:56,5,50,20.9,,,1017.7,1022.6,,,,0,64
2020-01-24 15:27:56,5,50,20.9,,,1017.5,1022.4,,,,0,64
2020-01-24 15:32:56,5,50,20.9,,,1017.7,1022.6,,,,0,64
2020-01-24 15:37:56,5,50,20.8,,,1017.6,1022.5,,,,0,64
2020-01-24 15:42:56,5,50,20.8,,,1017.6,1022.5,,,,0,64
2020-01-24 15:47:56,5,50,20.8,,,1017.7,1022.6,,,,0,64
2020-01-24 15:52:56,5,50,20.8,,,1017.6,1022.5,,,,0,64
2020-01-24 15:57:56,5,50,20.8,,,1017.6,1022.5,,,,0,64
2020-01-24 16:02:56,5,50,20.7,,,1017.5,1022.4,,,,0,64
2020-01-24 16:07:56,5,50,20.7,,,1017.6,1022.5,,,,0,64
2020-01-24 16:12:56,5,50,20.8,,,1017.5,1022.4,,,,0,64
2020-01-24 16:17:56,5,50,20.8,,,1017.5,1022.4,,,,0,64
2020-01-24 16:22:56,5,50,20.7,,,1017.4,1022.3,,,,0,64
2020-01-24 16:27:56,5,50,20.7,,,1017.5,1022.4,,,,0,64
2020-01-24 16:32:56,5,50,20.7,,,1017.5,1022.4,,,,0,64
2020-01-24 16:37:56,5,50,20.7,,,1017.5,1022.4,,,,0,64
2020-01-24 16:42:56,5,50,20.7,,,1017.5,1022.4,,,,0,64
2020-01-24 16:47:56,5,50,20.7,,,1017.4,1022.3,,,,0,64
2020-01-24 16:52:56,5,50,20.7,,,1017.4,1022.3,,,,0,64
2020-01-24 16:57:56,5,50,20.6,,,1017.4,1022.3,,,,0,64
2020-01-24 17:02:56,5,50,20.6,,,1017.5,1022.4,,,,0,64
2020-01-24 17:07:56,5,50,20.6,,,1017.3,1022.2,,,,0,64
2020-01-24 17:12:56,5,50,20.5,,,1017.3,1022.2,,,,0,64
2020-01-24 17:17:56,5,50,20.5,,,1017.2,1022.1,,,,0,64
2020-01-24 17:22:56,5,50,20.5,,,1017.3,1022.2,,,,0,64
2020-01-24 17:27:56,5,50,20.4,,,1017.2,1022.1,,,,0,64
2020-01-24 17:32:56,5,49,20.4,,,1017.1,1022,,,,0,64
2020-01-24 17:37:56,5,49,20.4,,,1017.2,1022.1,,,,0,64
2020-01-24 17:42:56,5,49,20.4,,,1017.1,1022,,,,0,64
2020-01-24 17:47:56,5,49,20.3,,,1017.2,1022.1,,,,0,64
2020-01-24 17:52:56,5,49,20.3,,,1017.2,1022.1,,,,0,64
2020-01-24 17:57:56,5,49,20.3,,,1017.4,1022.3,,,,0,64
2020-01-24 18:02:56,5,50,20.2,,,1017.3,1022.2,,,,0,64
2020-01-24 18:07:56,5,50,20.2,,,1017.4,1022.3,,,,0,64
2020-01-24 18:12:56,5,49,20.2,,,1017.4,1022.3,,,,0,64
2020-01-24 18:17:56,5,49,20.2,,,1017.2,1022.1,,,,0,64
2020-01-24 18:22:56,5,50,20.2,,,1017.4,1022.3,,,,0,64
2020-01-24 18:27:56,5,50,20.2,,,1017.3,1022.2,,,,0,64
2020-01-24 18:32:56,5,50,20.2,,,1017.4,1022.3,,,,0,64
2020-01-24 18:37:56,5,50,20.1,,,1017.4,1022.3,,,,0,64
2020-01-24 18:42:56,5,50,20.1,,,1017.4,1022.3,,,,0,64
2020-01-24 18:47:56,5,50,20.1,,,1017.2,1022.1,,,,0,64
2020-01-24 18:52:56,5,50,20.1,,,1017.3,1022.2,,,,0,64
2020-01-24 18:57:56,5,50,20.1,,,1017.2,1022.1,,,,0,64
2020-01-24 19:02:56,5,50,20.1,,,1017.1,1022,,,,0,64
2020-01-24 19:07:56,5,50,20,,,1017.2,1022.1,,,,0,64
2020-01-24 19:12:56,5,50,20,,,1017.1,1022,,,,0,64
2020-01-24 19:17:56,5,50,20,,,1017,1021.9,,,,0,64
2020-01-24 19:22:56,5,50,20,,,1017.2,1022.1,,,,0,64
2020-01-24 19:27:56,5,50,20,,,1017.1,1022,,,,0,64
2020-01-24 19:32:56,5,50,20,,,1017,1021.9,,,,0,64
2020-01-24 19:37:56,5,50,20,,,1017,1021.9,,,,0,64
2020-01-24 19:42:56,5,50,20,,,1017,1021.9,,,,0,64
2020-01-24 19:47:56,5,50,20,,,1017,1021.9,,,,0,64
2020-01-24 19:52:56,5,50,20,,,1017.1,1022,,,,0,64
2020-01-24 19:57:56,5,50,20,,,1017,1021.9,,,,0,64
2020-01-24 20:02:56,5,50,20.1,,,1016.9,1021.8,,,,0,64
2020-01-24 20:07:56,5,50,20,,,1016.8,1021.7,,,,0,64
2020-01-24 20:12:56,5,51,20.2,,,1016.9,1021.8,,,,0,64
2020-01-24 20:17:56,5,51,20.2,,,1016.8,1021.7,,,,0,64
2020-01-24 20:22:56,5,52,20.1,,,1016.9,1021.8,,,,0,64
2020-01-24 20:27:56,5,52,20.1,,,1016.8,1021.7,,,,0,64
2020-01-24 20:32:56,5,52,20.2,,,1016.7,1021.6,,,,0,64
2020-01-24 20:37:56,5,52,20.2,,,1016.8,1021.7,,,,0,64
2020-01-24 20:42:56,5,52,20.2,,,1016.6,1021.5,,,,0,64
2020-01-24 20:47:56,5,52,20.2,,,1016.8,1021.7,,,,0,64
2020-01-24 20:52:56,5,52,20.3,,,1016.8,1021.7,,,,0,64
2020-01-24 20:57:56,5,52,20.3,,,1016.7,1021.6,,,,0,64
2020-01-24 21:02:56,5,52,20.3,,,1016.7,1021.6,,,,0,64
2020-01-24 21:07:56,5,52,20.3,,,1016.7,1021.6,,,,0,64
2020-01-24 21:12:56,5,52,20.4,,,1016.7,1021.6,,,,0,64
2020-01-24 21:17:56,5,53,20.4,,,1016.6,1021.5,,,,0,64
2020-01-24 21:22:56,5,53,20.4,,,1016.5,1021.4,,,,0,64
2020-01-24 21:27:56,5,54,20.5,,,1016.6,1021.5,,,,0,64
2020-01-24 21:32:56,5,54,20.5,,,1016.5,1021.4,,,,0,64
2020-01-24 21:37:56,5,55,20.5,,,1016.5,1021.4,,,,0,64
2020-01-24 21:42:56,5,55,20.5,,,1016.5,1021.4,,,,0,64
2020-01-24 21:47:56,5,55,20.5,,,1016.5,1021.4,,,,0,64
2020-01-24 21:52:56,5,55,20.6,,,1016.4,1021.3,,,,0,64
2020-01-24 21:57:56,5,55,20.6,,,1016.3,1021.2,,,,0,64
2020-01-24 22:02:56,5,55,20.6,,,1016.4,1021.3,,,,0,64
2020-01-24 22:07:56,5,55,20.6,,,1016.2,1021.1,,,,0,64
2020-01-24 22:12:56,5,55,20.7,,,1016.3,1021.2,,,,0,64
2020-01-24 22:17:56,5,55,20.7,,,1016.1,1021,,,,0,64
2020-01-24 22:22:56,5,55,20.8,,,1016,1020.9,,,,0,64
2020-01-24 22:27:56,5,55,20.8,,,1015.9,1020.8,,,,0,64
2020-01-24 22:32:56,5,55,20.8,,,1015.8,1020.7,,,,0,64
2020-01-24 22:37:56,5,55,20.8,,,1015.9,1020.8,,,,0,64
2020-01-24 22:42:56,5,55,20.8,,,1015.7,1020.6,,,,0,64
2020-01-24 22:47:56,5,55,20.9,,,1015.8,1020.7,,,,0,64
2020-01-24 22:52:56,5,55,20.9,,,1015.7,1020.6,,,,0,64
2020-01-24 22:57:56,5,55,20.9,,,1015.7,1020.6,,,,0,64
2020-01-24 23:02:56,5,55,20.9,,,1015.6,1020.5,,,,0,64
2020-01-24 23:07:56,5,55,20.9,,,1015.6,1020.5,,,,0,64
2020-01-24 23:12:56,5,55,20.9,,,1015.5,1020.4,,,,0,64
2020-01-24 23:17:56,5,54,20.9,,,1015.2,1020.1,,,,0,64
2020-01-24 23:22:56,5,54,20.9,,,1015.1,1020,,,,0,64
2020-01-24 23:27:56,5,54,20.9,,,1015,1019.9,,,,0,64
2020-01-24 23:32:56,5,54,20.9,,,1015,1019.9,,,,0,64
2020-01-24 23:37:56,5,54,20.9,,,1014.9,1019.8,,,,0,64
2020-01-24 23:42:56,5,54,20.9,,,1015,1019.9,,,,0,64
2020-01-24 23:47:56,5,54,20.9,,,1015,1019.9,,,,0,64
2020-01-24 23:52:56,5,54,20.9,,,1014.9,1019.8,,,,0,64
2020-01-24 23:57:56,5,54,20.9,,,1014.7,1019.6,,,,0,64
