2020-01-16 00:04:59,5,50,20.3,84,7,1001,1005.9,2.7,4.1,,67.8,0
2020-01-16 00:09:59,5,50,20.4,84,7,1001,1005.9,3.7,4.8,12,67.8,0
2020-01-16 00:14:59,5,50,20.3,84,7.1,1000.7,1005.6,5.4,6.1,,67.8,0
2020-01-16 00:19:59,5,50,20.3,84,7.2,1000.4,1005.3,5.4,6.8,4,67.8,0
2020-01-16 00:24:59,5,50,20.3,84,7.3,1000.4,1005.3,4.8,5.8,8,67.8,0
2020-01-16 00:29:59,5,50,20.3,84,7.4,1000.5,1005.4,3.7,5.1,4,67.8,0
2020-01-16 00:34:59,5,50,20.3,84,7.4,1000.2,1005.1,2.7,4.1,4,67.8,0
2020-01-16 00:39:59,5,50,20.3,80,7.6,1000,1004.9,4.1,4.8,,67.8,0
2020-01-16 00:44:59,5,50,20.3,79,7.6,1000,1004.9,4.4,5.8,4,67.8,0
2020-01-16 00:49:59,5,50,20.3,79,7.7,1000,1004.9,3.7,4.8,,67.8,0
2020-01-16 00:54:59,5,50,20.3,79,7.8,999.9,1004.8,4.8,6.8,,68.1,0
2020-01-16 00:59:59,5,50,20.3,79,7.8,999.5,1004.4,3.4,5.1,10,68.1,0
2020-01-16 01:04:59,5,50,20.2,79,7.9,999.5,1004.4,5.4,6.8,4,68.1,0
2020-01-16 01:09:59,5,50,20.2,79,7.9,999.2,1004.1,5.4,6.5,4,68.1,0
2020-01-16 01:14:59,5,50,20.2,79,8,999.2,1004.1,4.4,5.8,8,68.1,0
2020-01-16 01:19:59,5,50,20.2,78,8.1,999.1,1004,5.4,6.5,4,68.1,0
2020-01-16 01:24:59,5,50,20.2,78,8.2,999.1,1004,2.4,4.4,12,68.1,0
2020-01-16 01:29:59,5,49,20.2,78,8.3,998.9,1003.8,4.4,6.1,4,68.1,0
2020-01-16 01:34:59,5,49,20.2,77,8.5,998.8,1003.7,5.8,7.5,4,68.1,0
2020-01-16 01:39:59,5,49,20.2,76,8.7,998.9,1003.8,3.1,4.8,10,68.1,0
2020-01-16 01:44:59,5,49,20.2,76,8.7,998.7,1003.6,4.8,6.5,10,68.1,0
2020-01-16 01:49:59,5,49,20.2,75,8.9,998.4,1003.3,4.1,6.8,8,68.1,0
2020-01-16 01:54:59,5,49,20.2,75,9,998.4,1003.3,5.4,6.8,8,68.1,0
2020-01-16 01:59:59,5,49,20.2,74,9,998.3,1003.2,4.1,5.8,12,68.1,0
2020-01-16 02:04:59,5,49,20.2,74,9,998.2,1003.1,2.7,5.4,4,68.1,0
2020-01-16 02:09:59,5,49,20.2,74,9.1,998.3,1003.2,4.8,7.1,,68.1,0
2020-01-16 02:14:59,5,49,20.2,74,9.1,998,1002.9,4.1,5.8,8,68.1,0
2020-01-16 02:19:59,5,49,20.2,74,9.2,998.1,1003,4.1,5.4,10,68.1,0
2020-01-16 02:24:59,5,49,20.2,74,9.2,998.2,1003.1,5.1,6.5,4,68.1,0
2020-01-16 02:29:59,5,49,20.2,74,9.3,998.1,1003,4.4,6.1,10,68.1,0
2020-01-16 02:34:59,5,49,20.2,74,9.3,997.9,1002.8,2.7,3.7,10,68.1,0
2020-01-16 02:39:59,5,49,20.2,74,9.3,997.8,1002.7,5.1,6.8,10,68.1,0
2020-01-16 02:44:59,5,49,20.2,74,9.4,997.9,1002.8,2.4,3.7,4,68.1,0
2020-01-16 02:49:59,5,49,20.2,74,9.3,997.7,1002.6,2.4,3.7,4,68.1,0
2020-01-16 02:54:59,5,49,20.2,75,9.3,997.9,1002.8,3.7,6.5,12,68.1,0
2020-01-16 02:59:59,5,49,20.2,76,9.2,997.8,1002.7,4.1,5.4,4,68.1,0
2020-01-16 03:04:59,5,49,20.2,76,9.2,998,1002.9,4.8,6.1,10,68.1,0
2020-01-16 03:09:59,5,49,20.2,77,9.2,997.7,1002.6,3.4,5.1,0,68.1,0
2020-01-16 03:14:59,5,49,20.2,77,9.2,997.9,1002.8,3.4,4.4,,68.1,0
2020-01-16 03:19:59,5,48,20.2,77,9.2,997.7,1002.6,3.4,4.8,13,68.1,0
2020-01-16 03:24:59,5,48,20.2,77,9.4,997.6,1002.5,5.1,6.8,4,68.1,0
2020-01-16 03:29:59,5,48,20.2,77,9.4,997.6,1002.5,4.4,6.1,,68.1,0
2020-01-16 03:34:59,5,48,20.2,77,9.5,997.6,1002.5,5.4,7.1,12,68.1,0
2020-01-16 03:39:59,5,48,20.2,76,9.6,997.7,1002.6,4.1,5.8,8,68.1,0
2020-01-16 03:44:59,5,48,20.2,76,9.7,997.4,1002.3,3.7,5.4,8,68.1,0
2020-01-16 03:49:59,5,48,20.2,75,9.8,997.4,1002.3,2.7,4.8,10,68.1,0
2020-01-16 03:54:59,5,48,20.2,76,9.8,997.2,1002.1,5.4,6.8,14,68.1,0
2020-01-16 03:59:59,5,48,20.2,75,9.8,997.1,1002,2.4,3.4,10,68.1,0
2020-01-16 04:04:59,5,48,20.2,76,9.8,997,1001.9,3.1,5.1,8,68.1,0
2020-01-16 04:09:59,5,48,20.2,76,9.8,996.8,1001.7,4.1,6.5,10,68.1,0
2020-01-16 04:14:59,5,48,20.2,76,9.8,996.9,1001.8,3.4,4.8,12,68.1,0
2020-01-16 04:19:59,5,48,20.1,76,9.8,996.6,1001.5,2.7,4.1,8,68.1,0
2020-01-16 04:24:59,5,48,20.1,76,9.9,996.6,1001.5,3.4,5.1,14,68.1,0
2020-01-16 04:29:59,5,48,20.1,75,10,996.6,1001.5,3.4,5.8,12,68.1,0
2020-01-16 04:34:59,5,48,20.1,75,10,996.6,1001.5,3.4,5.1,2,68.1,0
2020-01-16 04:39:59,5,48,20.1,75,10,996.5,1001.4,2.4,4.4,10,68.1,0
2020-01-16 04:44:59,5,48,20.1,75,10,996.3,1001.2,4.4,6.1,0,68.1,0
2020-01-16 04:49:59,5,48,20.1,76,10,996.4,1001.3,5.4,8.2,9,68.1,0
2020-01-16 04:54:59,5,48,20.1,76,10,996.3,1001.2,4.4,5.8,10,68.1,0
2020-01-16 04:59:59,5,48,20.1,76,9.9,996.1,1001,3.4,4.8,8,68.1,0
2020-01-16 05:04:59,5,48,20.1,77,9.9,996.2,1001.1,2.7,3.7,12,68.1,0
2020-01-16 05:09:59,5,48,20.1,77,9.8,996.2,1001.1,4.1,5.4,8,68.1,0
2020-01-16 05:14:59,5,48,20.1,78,9.8,996,1000.9,2,3.1,8,68.1,0
2020-01-16 05:19:59,5,48,20.1,78,9.8,995.7,1000.6,3.1,5.1,14,68.1,0
2020-01-16 05:24:59,5,48,20.1,78,9.8,995.6,1000.5,2.4,4.1,10,68.1,0
2020-01-16 05:29:59,5,48,20.1,78,9.8,995.7,1000.6,4.8,6.5,4,68.1,0
2020-01-16 05:34:59,5,48,20.1,77,9.8,995.4,1000.3,3.4,5.4,14,68.1,0
2020-01-16 05:39:59,5,48,20.1,77,9.8,995.5,1000.4,4.4,5.8,10,68.1,0
2020-01-16 05:44:59,5,48,20.1,78,9.7,995.5,1000.4,4.1,6.1,10,68.1,0
2020-01-16 05:49:59,5,48,20.1,78,9.7,995.2,1000.1,5.8,7.5,2,68.1,0
2020-01-16 05:54:59,5,48,20.1,77,9.8,995.1,1000,5.8,8.2,10,68.1,0
2020-01-16 05:59:59,5,48,20.1,77,9.7,994.9,999.8,2.7,4.8,4,68.1,0
2020-01-16 06:04:59,5,48,20.1,78,9.6,994.9,999.8,3.1,5.1,8,68.1,0
2020-01-16 06:09:59,5,48,20.1,78,9.5,994.8,999.7,4.4,5.4,,68.1,0
2020-01-16 06:14:59,5,48,20.1,78,9.5,994.8,999.7,5.1,7.1,2,68.1,0
2020-01-16 06:19:59,5,48,20.1,78,9.6,994.5,999.4,3.4,5.1,4,68.1,0
2020-01-16 06:24:59,5,48,20.1,77,9.6,994.4,999.3,3.1,4.1,,68.1,0
2020-01-16 06:29:59,5,48,20.1,77,9.5,994.4,999.3,3.4,5.8,2,68.1,0
2020-01-16 06:34:59,5,48,20.1,78,9.5,994.1,999,3.4,6.5,8,68.1,0
2020-01-16 06:39:59,5,48,20.1,78,9.5,993.7,998.6,4.8,8.2,4,68.1,0
2020-01-16 06:44:59,5,48,20.1,78,9.5,993.8,998.7,4.1,6.8,4,68.1,0
2020-01-16 06:49:59,5,48,20.1,78,9.4,993.9,998.8,3.7,5.1,10,68.1,0
2020-01-16 06:54:59,5,48,20.1,78,9.5,993.6,998.5,5.1,7.5,0,68.1,0
2020-01-16 06:59:59,5,48,20.1,78,9.5,993.4,998.3,4.4,6.1,4,68.1,0
2020-01-16 07:04:59,5,48,20.1,77,9.6,993.5,998.4,6.5,8.8,2,68.1,0
2020-01-16 07:09:59,5,48,20.1,77,9.6,993.2,998.1,4.1,7.1,,68.1,0
2020-01-16 07:14:59,5,48,20.1,77,9.5,993,997.9,4.8,7.8,4,68.1,0
2020-01-16 07:19:59,5,48,20.1,77,9.5,993,997.9,4.1,6.8,8,68.1,0
2020-01-16 07:24:59,5,48,20.1,77,9.5,992.8,997.7,5.8,8.5,4,68.1,0
2020-01-16 07:29:59,5,48,20.1,76,9.5,992.5,997.4,4.8,7.5,0,68.1,0
2020-01-16 07:34:59,5,48,20.1,76,9.5,992.4,997.3,5.4,7.5,4,68.1,0
2020-01-16 07:39:59,5,48,20.1,76,9.6,992.2,997.1,7.8,9.5,0,68.1,0
2020-01-16 07:44:59,5,47,20.1,76,9.6,992,996.9,6.1,7.1,3,68.1,0
2020-01-16 07:49:59,5,47,20,76,9.5,991.9,996.8,7.8,9.9,4,68.1,0
2020-01-16 07:54:59,5,47,20,76,9.5,991.8,996.7,5.1,7.8,12,68.1,0
2020-01-16 07:59:59,5,47,20,76,9.5,991.6,996.5,3.7,5.1,8,68.1,0
2020-01-16 08:04:59,5,47,20.1,75,9.6,991.4,996.3,7.1,8.8,,68.1,0
2020-01-16 08:09:59,5,47,20,75,9.7,991.4,996.3,3.4,5.1,4,68.1,0
2020-01-16 08:14:59,5,47,20.1,74,9.8,991.1,996,4.8,6.5,4,68.1,0
2020-01-16 08:19:59,5,47,20,74,9.8,991.1,996,6.5,10.9,4,68.1,0
2020-01-16 08:24:59,5,47,20,73,10,991.2,996.1,4.1,6.5,,68.1,0
2020-01-16 08:29:59,5,47,20.1,73,10,991.2,996.1,3.4,5.4,14,68.1,0
2020-01-16 08:34:59,5,47,20,73,9.9,991.1,996,3.4,4.4,4,68.1,0
2020-01-16 08:39:59,5,47,20,73,9.9,991.1,996,4.1,5.8,4,68.1,0
2020-01-16 08:44:59,5,47,20.1,73,9.9,990.6,995.5,8.5,10.5,4,68.1,0
2020-01-16 08:49:59,5,47,20.1,72,10,990.9,995.8,5.8,9.2,,68.1,0
2020-01-16 08:54:59,5,48,20.1,72,10,990.9,995.8,7.1,10.2,,68.1,0
2020-01-16 08:59:59,5,48,20.1,73,9.9,990.5,995.4,6.1,7.8,4,68.1,0
2020-01-16 09:04:59,5,49,20.2,73,9.9,990.3,995.2,6.1,8.5,4,68.1,0
2020-01-16 09:09:59,5,49,20.2,73,10,990.2,995.1,5.4,6.8,8,68.1,0
2020-01-16 09:14:59,5,50,20.2,73,9.9,990,994.9,6.5,9.9,4,68.1,0
2020-01-16 09:19:59,5,50,20.2,74,9.8,989.8,994.7,5.8,9.2,4,68.4,0
2020-01-16 09:24:59,5,50,20.3,75,9.7,989.6,994.5,5.1,6.8,4,68.4,0
2020-01-16 09:29:59,5,50,20.3,76,9.5,989.4,994.3,6.8,8.5,2,68.4,0
2020-01-16 09:34:59,5,50,20.3,77,9.4,989.2,994.1,5.8,9.5,4,68.7,0
2020-01-16 09:39:59,5,49,20.2,78,9.4,989.2,994.1,8.2,9.9,,68.7,0
2020-01-16 09:44:59,5,49,20.2,79,9.4,988.8,993.7,7.5,10.2,4,69,0
2020-01-16 09:49:59,5,49,20.2,79,9.3,988.9,993.8,6.5,9.2,4,69,0
2020-01-16 09:54:59,5,49,20.2,80,9.3,988.8,993.7,7.8,11.2,4,69.3,0
2020-01-16 09:59:59,5,50,20.2,80,9.3,988.8,993.7,7.8,9.9,,69.3,0
2020-01-16 10:04:59,5,50,20.2,80,9.3,988.7,993.6,6.5,7.5,8,69.6,0
2020-01-16 10:09:59,5,50,20.2,81,9.3,988.5,993.4,6.8,10.5,4,69.9,0
2020-01-16 10:14:59,5,50,20.2,81,9.3,988.5,993.4,7.8,9.5,4,70.2,0
2020-01-16 10:19:59,5,50,20.2,81,9.4,988.3,993.2,6.5,8.5,4,70.2,0
2020-01-16 10:24:59,5,50,20.2,82,9.4,988.2,993.1,2.7,4.1,0,70.5,0
2020-01-16 10:29:59,5,50,20.2,82,9.4,988.3,993.2,0,1.7,4,70.8,0
2020-01-16 10:34:59,5,50,20.2,82,9.4,988,992.9,0,0,4,70.8,0
2020-01-16 10:39:59,5,50,20.2,82,9.5,988.1,993,0,0,4,71.1,0
2020-01-16 10:44:59,5,50,20.2,82,9.5,988,992.9,0,0,,71.1,0
2020-01-16 10:49:59,5,50,20.2,83,9.5,987.8,992.7,0,0,4,71.4,0
2020-01-16 10:54:59,5,50,20.2,83,9.6,987.7,992.6,0,0,4,71.4,0
2020-01-16 10:59:59,5,50,20.2,83,9.6,987.6,992.5,0,0.7,4,71.4,0
2020-01-16 11:04:59,5,50,20.2,83,9.8,987.6,992.5,0,0,4,71.4,0
2020-01-16 11:09:59,5,50,20.2,83,9.8,987.4,992.3,0,0.3,0,71.4,0
2020-01-16 11:14:59,5,50,20.2,83,9.8,987.2,992.1,0,0,8,71.7,0
2020-01-16 11:19:59,5,50,20.2,83,10,987.2,992.1,0,0.3,14,71.7,0
2020-01-16 11:24:59,5,50,20.2,83,10.2,987.1,992,0,0.7,4,71.7,0
2020-01-16 11:29:59,5,50,20.2,82,10.4,987,991.9,0.3,1.4,8,71.7,0
2020-01-16 11:34:59,5,50,20.2,81,10.5,987.1,992,0.7,1.7,8,71.7,0
2020-01-16 11:39:59,5,50,20.2,81,10.6,987,991.9,2,2.7,10,71.7,0
2020-01-16 11:44:59,5,51,20.2,81,10.5,987.1,992,2,3.1,8,71.7,0
2020-01-16 11:49:59,5,51,20.2,81,10.5,987.2,992.1,1.4,2.4,9,71.7,0
2020-01-16 11:54:59,5,51,20.2,82,10.6,987.3,992.2,0.3,1.4,10,71.7,0
2020-01-16 11:59:59,5,51,20.2,82,10.7,987.2,992.1,0,0,10,71.7,0
2020-01-16 12:04:59,5,51,20.2,82,10.7,987.3,992.2,1.7,2.4,10,71.7,0
2020-01-16 12:09:59,5,51,20.2,82,10.6,987.5,992.4,0,0.3,8,72,0
2020-01-16 12:15:01,5,51,20.2,82,10.5,987.8,992.7,0,0,10,72.3,0
2020-01-16 12:19:59,5,51,20.2,82,10.1,988.2,993.1,0,0.3,10,72.3,0
2020-01-16 12:24:59,5,51,20.2,81,9.7,988.1,993,2.4,3.1,10,72.3,0
2020-01-16 12:29:59,5,51,20.2,80,9.3,988.4,993.3,4.1,5.1,14,72.3,0
2020-01-16 12:34:59,5,51,20.2,80,8.7,988.5,993.4,4.8,7.5,8,72.3,0
2020-01-16 12:39:59,5,51,20.2,80,8.7,988.4,993.3,3.1,3.7,10,72.3,0
2020-01-16 12:44:59,5,51,20.2,81,8.7,988.5,993.4,2,2.7,10,72.3,0
2020-01-16 12:49:59,5,51,20.2,81,9,988.6,993.5,1,2,14,72.3,0
2020-01-16 12:54:59,5,51,20.2,81,8.9,988.6,993.5,2.4,3.1,10,72.3,0
2020-01-16 12:59:59,5,51,20.2,80,8.7,988.9,993.8,4.4,6.1,10,72.3,0
2020-01-16 13:04:59,5,50,20.2,80,8.7,988.9,993.8,3.1,4.1,14,72.3,0
2020-01-16 13:09:59,5,50,20.2,80,8.8,988.9,993.8,3.1,3.7,14,72.3,0
2020-01-16 13:14:59,5,50,20.2,79,8.9,989.1,994,1.7,2,12,72.3,0
2020-01-16 13:19:59,5,50,20.2,79,8.8,989.1,994,3.1,4.1,14,72.3,0
2020-01-16 13:24:59,5,51,20.2,77,8.7,989.2,994.1,3.4,4.1,12,72.3,0
2020-01-16 13:29:59,5,51,20.2,77,8.9,989.4,994.3,2.7,4.8,12,72.3,0
2020-01-16 13:34:59,5,51,20.2,76,8.9,989.3,994.2,2.4,3.7,12,72.3,0
2020-01-16 13:39:59,5,51,20.2,75,9,989.5,994.4,2.4,3.4,12,72.3,0
2020-01-16 13:44:59,5,51,20.2,75,9.1,989.6,994.5,3.4,4.8,10,72.3,0
2020-01-16 13:49:59,5,51,20.3,74,9.1,989.7,994.6,3.7,4.4,10,72.3,0
2020-01-16 13:54:59,5,51,20.3,74,9,989.8,994.7,2.7,3.7,10,72.3,0
2020-01-16 13:59:59,5,51,20.3,74,9.2,989.9,994.8,2.7,3.1,12,72.3,0
2020-01-16 14:04:59,5,51,20.3,74,9,989.9,994.8,3.4,4.8,8,72.3,0
2020-01-16 14:09:59,5,51,20.3,74,9,989.9,994.8,3.7,4.4,12,72.3,0
2020-01-16 14:14:59,5,51,20.3,74,9.1,989.8,994.7,3.4,4.4,12,72.3,0
2020-01-16 14:19:59,5,51,20.3,74,9.3,989.9,994.8,3.4,4.4,10,72.3,0
2020-01-16 14:24:59,5,51,20.4,73,9.3,990,994.9,3.1,4.1,,72.3,0
2020-01-16 14:29:59,5,51,20.4,73,9.3,990,994.9,3.1,4.1,14,72.3,0
2020-01-16 14:34:59,5,51,20.4,73,8.9,990.2,995.1,2.7,3.7,10,72.3,0
2020-01-16 14:39:59,5,51,20.4,74,8.9,990.3,995.2,3.1,4.1,12,72.3,0
2020-01-16 14:44:59,5,51,20.4,73,9,990.4,995.3,5.4,6.8,12,72.3,0
2020-01-16 14:49:59,5,51,20.4,73,8.8,990.3,995.2,6.1,9.5,12,72.3,0
2020-01-16 14:54:59,5,51,20.4,73,8.6,990.3,995.2,3.7,5.8,10,72.3,0
2020-01-16 14:59:59,5,51,20.4,74,8.5,990.3,995.2,4.4,6.5,10,72.3,0
2020-01-16 15:04:59,5,51,20.4,74,8.6,990.4,995.3,3.7,4.8,10,72.3,0
2020-01-16 15:09:59,5,50,20.4,74,8.6,990.6,995.5,5.8,7.5,12,72.3,0
2020-01-16 15:14:59,5,50,20.4,74,8.6,990.7,995.6,3.7,4.8,8,72.3,0
2020-01-16 15:19:59,5,49,20.4,74,8.7,990.9,995.8,5.8,6.5,10,72.3,0
2020-01-16 15:24:59,5,48,20.3,74,8.6,991.1,996,4.1,5.8,12,72.3,0
2020-01-16 15:29:59,5,48,20.3,75,8.5,991.3,996.2,4.8,6.8,10,72.3,0
2020-01-16 15:34:59,5,48,20.2,75,8.4,991.3,996.2,3.1,3.7,14,72.3,0
2020-01-16 15:39:59,5,48,20.2,74,8.4,991.4,996.3,2.7,3.4,8,72.3,0
2020-01-16 15:44:59,5,48,20.2,74,8.3,991.5,996.4,4.1,5.1,12,72.3,0
2020-01-16 15:49:59,5,49,20.2,75,8.1,991.7,996.6,3.1,3.7,10,72.3,0
2020-01-16 15:54:59,5,49,20.2,74,8.1,991.8,996.7,2.7,4.1,8,72.3,0
2020-01-16 15:59:59,5,49,20.1,74,8.1,992.2,997.1,4.1,5.1,12,72.3,0
2020-01-16 16:04:59,5,49,20.1,72,8,992.3,997.2,4.1,5.1,8,72.3,0
2020-01-16 16:09:59,5,49,20.1,70,7.9,992.3,997.2,2.7,4.1,12,72.3,0
2020-01-16 16:14:59,5,49,20.1,70,7.7,992.5,997.4,4.4,5.4,12,72.3,0
2020-01-16 16:19:59,5,49,20,70,7.6,992.6,997.5,4.1,4.8,10,72.3,0
2020-01-16 16:24:59,5,50,20,70,7.6,992.7,997.6,4.1,6.5,12,72.3,0
2020-01-16 16:29:59,5,50,20,74,7.4,992.7,997.6,3.4,5.1,10,72.3,0
2020-01-16 16:34:59,5,50,20,74,7.3,993,997.9,2.4,3.1,12,72.3,0
2020-01-16 16:39:59,5,50,20,74,7,992.9,997.8,2.7,3.4,12,72.3,0
2020-01-16 16:44:59,5,50,20,74,7,993.1,998,2,3.1,12,72.3,0
2020-01-16 16:49:59,5,50,20,73,7,993.3,998.2,2.4,3.4,12,72.3,0
2020-01-16 16:54:59,5,50,20,73,7,993.3,998.2,2.7,3.4,10,72.3,0
2020-01-16 16:59:59,5,50,20,74,6.9,993.6,998.5,2.4,3.1,12,72.3,0
2020-01-16 17:04:59,5,50,20,74,6.9,993.6,998.5,3.1,3.4,12,72.3,0
2020-01-16 17:09:59,5,51,19.9,74,6.8,994,998.9,2,2.4,12,72.3,0
2020-01-16 17:14:59,5,51,19.9,74,6.7,993.9,998.8,2,2.7,12,72.3,0
2020-01-16 17:19:59,5,51,19.9,74,6.6,994.2,999.1,1.4,2.4,12,72.3,0
2020-01-16 17:24:59,5,51,19.9,74,6.5,994.2,999.1,1.7,2.4,10,72.3,0
2020-01-16 17:29:59,5,51,19.9,75,6.4,994.4,999.3,2,2.4,12,72.3,0
2020-01-16 17:34:59,5,51,19.9,76,6.4,994.3,999.2,1,1.7,12,72.3,0
2020-01-16 17:39:59,5,51,19.9,77,6.5,994.6,999.5,1.4,2.4,12,72.3,0
2020-01-16 17:44:59,5,51,19.9,77,6.6,994.6,999.5,2,2.7,10,72.3,0
2020-01-16 17:49:59,5,51,19.8,78,6.6,994.8,999.7,2.4,2.7,12,72.3,0
2020-01-16 17:54:59,5,51,19.8,78,6.6,995,999.9,2.7,3.4,12,72.3,0
2020-01-16 17:59:59,5,51,19.8,78,6.6,995.1,1000,2,3.4,12,72.3,0
2020-01-16 18:04:59,5,51,19.8,79,6.5,995.2,1000.1,2.7,3.4,12,72.3,0
2020-01-16 18:09:59,5,51,19.8,79,6.3,995.2,1000.1,2,2.7,10,72.3,0
2020-01-16 18:14:59,5,51,19.8,79,6.1,995.3,1000.2,1.4,2,12,72.3,0
2020-01-16 18:19:59,5,51,19.8,80,6,995.5,1000.4,1.4,2,12,72.3,0
2020-01-16 18:24:59,5,51,19.8,80,5.9,995.6,1000.5,1.4,2.4,8,72.3,0
2020-01-16 18:29:59,5,51,19.8,80,5.9,995.7,1000.6,1.4,1.7,10,72.3,0
2020-01-16 18:34:59,5,51,19.7,81,5.9,995.7,1000.6,3.7,5.1,10,72.3,0
2020-01-16 18:39:59,5,51,19.8,81,6.1,995.8,1000.7,2.4,3.1,9,72.3,0
2020-01-16 18:44:59,5,50,19.7,81,6.2,995.8,1000.7,2.7,4.4,8,72.3,0
2020-01-16 18:49:59,5,51,19.7,81,6.1,995.8,1000.7,1.7,2,12,72.3,0
2020-01-16 18:54:59,5,51,19.7,80,6.1,995.8,1000.7,1.7,2.4,10,72.3,0
2020-01-16 18:59:59,5,51,19.7,80,6,996.1,1001,1.7,2,10,72.3,0
2020-01-16 19:04:59,5,51,19.7,80,5.8,996.1,1001,1.4,1.7,12,72.3,0
2020-01-16 19:09:59,5,51,19.7,80,5.7,996.1,1001,1,1.4,10,72.3,0
2020-01-16 19:14:59,5,51,19.6,80,5.5,996.2,1001.1,1.4,2,10,72.3,0
2020-01-16 19:19:59,5,51,19.6,80,5.4,996.3,1001.2,1.4,2,12,72.3,0
2020-01-16 19:24:59,5,51,19.6,81,5.3,996.5,1001.4,1.4,2,10,72.3,0
2020-01-16 19:29:59,5,51,19.6,81,5.3,996.6,1001.5,1,1.4,12,72.3,0
2020-01-16 19:34:59,5,51,19.6,81,5.2,996.5,1001.4,1.7,2.4,12,72.3,0
2020-01-16 19:39:59,5,51,19.5,81,5.3,996.7,1001.6,2.4,2.7,10,72.3,0
2020-01-16 19:44:59,5,51,19.6,81,5.3,996.8,1001.7,1.7,2.4,10,72.3,0
2020-01-16 19:49:59,5,51,19.6,81,5.2,996.8,1001.7,2,2.7,10,72.3,0
2020-01-16 19:54:59,5,51,19.6,81,5.3,996.9,1001.8,2,2.4,8,72.3,0
2020-01-16 19:59:59,5,51,19.6,81,5.4,997,1001.9,2,2.7,10,72.3,0
2020-01-16 20:04:59,5,52,19.6,81,5.3,997.1,1002,3.1,4.4,8,72.3,0
2020-01-16 20:09:59,5,52,19.7,81,5.4,997.3,1002.2,2,2.7,,72.3,0
2020-01-16 20:14:59,5,52,19.7,81,5.4,997.2,1002.1,2.4,3.4,10,72.3,0
2020-01-16 20:19:59,5,52,19.7,80,5.3,997.3,1002.2,1,2,10,72.3,0
2020-01-16 20:24:59,5,52,19.7,80,5.3,997.4,1002.3,2,3.1,10,72.3,0
2020-01-16 20:29:59,5,52,19.7,80,5.3,997.5,1002.4,2.7,3.1,10,72.3,0
2020-01-16 20:34:59,5,52,19.8,80,5.4,997.6,1002.5,1,1.7,8,72.3,0
2020-01-16 20:39:59,5,52,19.7,80,5.4,997.7,1002.6,1,2,12,72.3,0
2020-01-16 20:44:59,5,52,19.7,80,5.4,997.7,1002.6,1.4,1.7,10,72.3,0
2020-01-16 20:49:59,5,52,19.8,80,5.5,998,1002.9,2.4,2.7,10,72.3,0
2020-01-16 20:54:59,5,52,19.8,79,5.5,997.9,1002.8,1.7,2,10,72.3,0
2020-01-16 20:59:59,5,52,19.9,79,5.5,998,1002.9,2.4,2.7,10,72.3,0
2020-01-16 21:04:59,5,51,20,79,5.6,997.9,1002.8,3.1,3.7,8,72.3,0
2020-01-16 21:09:59,5,51,20,78,5.7,998,1002.9,1.7,2,10,72.3,0
2020-01-16 21:14:59,5,51,20.1,78,5.6,998.1,1003,2.4,2.7,10,72.3,0
2020-01-16 21:19:59,5,51,20.1,78,5.6,998.2,1003.1,2.4,3.1,10,72.3,0
2020-01-16 21:24:59,5,51,20.2,79,5.7,998.3,1003.2,2.4,2.7,10,72.3,0
2020-01-16 21:29:59,5,51,20.2,79,5.9,998.4,1003.3,2.7,3.4,10,72.3,0
2020-01-16 21:34:59,5,51,20.3,79,6,998.2,1003.1,3.1,3.7,10,72.3,0
2020-01-16 21:39:59,5,51,20.3,78,6,998.4,1003.3,3.1,3.7,8,72.3,0
2020-01-16 21:44:59,5,51,20.3,77,6,998.5,1003.4,3.4,4.1,8,72.3,0
2020-01-16 21:49:59,5,51,20.4,77,6,998.6,1003.5,2.7,3.4,8,72.3,0
2020-01-16 21:54:59,5,51,20.4,77,6.1,998.6,1003.5,3.4,4.4,9,72.3,0
2020-01-16 21:59:59,5,51,20.5,76,6.1,998.6,1003.5,2,2.7,,72.3,0
2020-01-16 22:04:59,5,51,20.6,75,6,998.5,1003.4,1.7,2.7,10,72.3,0
2020-01-16 22:09:59,5,51,20.7,74,5.9,998.7,1003.6,2,2.7,10,72.3,0
2020-01-16 22:14:59,5,51,20.7,74,5.9,998.8,1003.7,2.7,3.4,8,72.3,0
2020-01-16 22:19:59,5,51,20.8,74,5.9,998.8,1003.7,2,2.7,10,72.3,0
2020-01-16 22:24:59,5,51,20.9,74,5.8,998.9,1003.8,1,1.7,10,72.3,0
2020-01-16 22:29:59,5,51,20.9,74,5.6,999,1003.9,2,2.4,10,72.3,0
2020-01-16 22:34:59,5,50,21,75,5.6,999.1,1004,2,2.7,10,72.3,0
2020-01-16 22:39:59,5,50,21.1,75,5.8,999.2,1004.1,3.1,3.4,9,72.3,0
2020-01-16 22:44:59,5,49,21.1,75,5.9,999,1003.9,2,2.7,8,72.3,0
2020-01-16 22:49:59,5,49,21.1,74,5.8,999,1003.9,1,1.4,9,72.3,0
2020-01-16 22:54:59,5,49,21.1,74,5.7,999.2,1004.1,1.4,1.7,10,72.3,0
2020-01-16 22:59:59,5,49,21.1,75,5.6,999.3,1004.2,1,1.7,10,72.3,0
2020-01-16 23:04:59,5,49,21.1,75,5.6,999.2,1004.1,1.4,2,10,72.3,0
2020-01-16 23:09:59,5,49,21.1,76,5.5,999.3,1004.2,0.7,1,10,72.3,0
2020-01-16 23:14:59,5,49,21,76,5.4,999.4,1004.3,0.7,1,10,72.3,0
2020-01-16 23:19:59,5,49,21,76,5.3,999.3,1004.2,0.7,1.4,8,72.3,0
2020-01-16 23:24:59,5,49,21,77,5.3,999.5,1004.4,1.7,2,10,72.3,0
2020-01-16 23:29:59,5,49,21,77,5.2,999.5,1004.4,0.7,1,10,72.3,0
2020-01-16 23:34:59,5,50,20.9,77,5.2,999.4,1004.3,1,1.7,10,72.3,0
2020-01-16 23:39:59,5,50,20.9,78,5,999.4,1004.3,1.4,1.7,10,72.3,0
2020-01-16 23:44:59,5,50,20.9,78,5,999.4,1004.3,1.4,2,10,72.3,0
2020-01-16 23:49:59,5,50,20.8,78,4.8,999.4,1004.3,0.7,1,10,72.3,0
2020-01-16 23:54:59,5,50,20.7,78,4.7,999.5,1004.4,1.4,1.7,10,72.3,0
2020-01-16 23:59:59,5,50,20.7,79,4.7,999.6,1004.5,1,1.7,8,72.3,0
