2020-01-19 00:04:58,5,47,20.2,82,-2,1037.2,1042.1,0,0.3,8,72.6,0
2020-01-19 00:09:58,5,46,20.2,82,-1.9,1037.4,1042.3,0,0,8,72.6,0
2020-01-19 00:14:58,5,46,20.2,82,-1.7,1037.3,1042.2,0,0,8,72.6,0
2020-01-19 00:19:58,5,46,20.2,82,-1.3,1037.3,1042.2,0.3,0.7,4,72.6,0
2020-01-19 00:24:58,5,46,20.2,82,-1,1037.3,1042.2,0.3,0.7,4,72.6,0
2020-01-19 00:29:58,5,46,20.2,83,-0.6,1037.2,1042.1,0.7,1,4,72.6,0
2020-01-19 00:34:58,5,46,20.1,83,-0.6,1037.1,1042,0,0.7,4,72.6,0
2020-01-19 00:39:58,5,46,20.1,83,-0.7,1037.2,1042.1,0,0.3,,72.6,0
2020-01-19 00:44:58,5,46,20.1,83,-0.8,1037.1,1042,0.3,0.7,4,72.6,0
2020-01-19 00:49:58,5,46,20.1,83,-0.7,1037.2,1042.1,0.3,1,4,72.6,0
2020-01-19 00:54:58,5,46,20.1,83,-0.7,1037.3,1042.2,0.7,1,4,72.6,0
2020-01-19 00:59:58,5,45,20.1,83,-0.7,1037.3,1042.2,0.3,0.7,,72.6,0
2020-01-19 01:04:58,5,45,20.1,83,-0.7,1037.4,1042.3,0.7,1,4,72.6,0
2020-01-19 01:09:58,5,45,20.1,83,-0.6,1037.4,1042.3,0,0.3,4,72.6,0
2020-01-19 01:14:58,5,45,20.1,83,-0.7,1037.4,1042.3,0,0,,72.6,0
2020-01-19 01:19:58,5,45,20.1,83,-0.6,1037.2,1042.1,0.3,0.7,4,72.6,0
2020-01-19 01:24:58,5,45,20.1,83,-0.6,1037.4,1042.3,0.3,0.7,4,72.6,0
2020-01-19 01:29:58,5,45,20.1,83,-0.6,1037.3,1042.2,0.3,0.7,4,72.6,0
2020-01-19 01:34:58,5,45,20,83,-0.5,1037.4,1042.3,0.3,1,,72.6,0
2020-01-19 01:39:58,5,45,20,83,-0.5,1037.4,1042.3,0.3,0.7,4,72.6,0
2020-01-19 01:44:58,5,45,20,83,-0.5,1037.4,1042.3,0.7,1,,72.6,0
2020-01-19 01:49:58,5,45,20,83,-0.5,1037.6,1042.5,0.3,0.7,4,72.6,0
2020-01-19 01:54:58,5,44,20,83,-0.6,1037.8,1042.7,0.7,1,4,72.6,0
2020-01-19 01:59:58,5,44,20,82,-0.9,1037.7,1042.6,0,0,8,72.6,0
2020-01-19 02:04:58,5,44,20,82,-1.3,1037.8,1042.7,0,0.3,4,72.6,0
2020-01-19 02:09:58,5,44,20,82,-1.9,1037.9,1042.8,0,0,8,72.6,0
2020-01-19 02:14:58,5,44,20,81,-2.2,1038,1042.9,0.3,0.7,4,72.6,0
2020-01-19 02:19:58,5,44,20,81,-2.4,1037.8,1042.7,0,0,4,72.6,0
2020-01-19 02:24:58,5,45,19.9,81,-2.6,1038,1042.9,0,0,2,72.6,0
2020-01-19 02:29:58,5,45,19.9,81,-2.7,1038.1,1043,0,0,2,72.6,0
2020-01-19 02:34:58,5,45,19.9,81,-2.7,1038.1,1043,0.3,0.7,4,72.6,0
2020-01-19 02:39:58,5,45,19.9,81,-2.7,1038.1,1043,0,0,2,72.6,0
2020-01-19 02:44:58,5,45,19.9,81,-2.5,1038.1,1043,0,0,2,72.6,0
2020-01-19 02:49:58,5,45,19.9,81,-2.2,1038.4,1043.3,0,0.3,2,72.6,0
2020-01-19 02:54:58,5,45,19.9,81,-2,1038.1,1043,0.3,0.7,4,72.6,0
2020-01-19 02:59:58,5,45,19.9,82,-1.8,1038.1,1043,0.3,0.3,4,72.6,0
2020-01-19 03:04:58,5,45,19.9,81,-2,1038.3,1043.2,0,0,4,72.6,0
2020-01-19 03:09:58,5,45,19.9,81,-2.3,1038.1,1043,0,0,4,72.6,0
2020-01-19 03:14:58,5,45,19.9,81,-2.6,1038.3,1043.2,0.3,0.7,4,72.6,0
2020-01-19 03:19:58,5,45,19.8,81,-2.7,1038.4,1043.3,0.3,0.3,4,72.6,0
2020-01-19 03:24:58,5,45,19.8,81,-2.9,1038.4,1043.3,0,0,,72.6,0
2020-01-19 03:29:58,5,45,19.8,81,-2.5,1038.5,1043.4,0.3,0.7,4,72.6,0
2020-01-19 03:34:58,5,45,19.8,81,-2.7,1038.6,1043.5,0.3,0.7,4,72.6,0
2020-01-19 03:39:58,5,45,19.8,81,-2.9,1038.5,1043.4,0.3,0.7,4,72.6,0
2020-01-19 03:44:58,5,45,19.7,81,-3,1038.3,1043.2,0,0,4,72.6,0
2020-01-19 03:49:58,5,45,19.7,81,-2.8,1038.5,1043.4,0.3,0.7,4,72.6,0
2020-01-19 03:54:58,5,45,19.7,81,-2.9,1038.6,1043.5,0.3,0.7,4,72.6,0
2020-01-19 03:59:58,5,44,19.7,81,-2.8,1038.6,1043.5,0,0,4,72.6,0
2020-01-19 04:04:58,5,44,19.7,81,-2.6,1038.6,1043.5,0.3,0.7,2,72.6,0
2020-01-19 04:09:58,5,44,19.7,81,-2.8,1038.5,1043.4,0.3,0.3,4,72.6,0
2020-01-19 04:14:58,5,44,19.6,81,-2.9,1038.7,1043.6,0.3,0.7,4,72.6,0
2020-01-19 04:19:58,5,44,19.7,81,-2.9,1038.7,1043.6,0.3,0.7,4,72.6,0
2020-01-19 04:24:58,5,44,19.7,81,-3,1038.7,1043.6,0,0,4,72.6,0
2020-01-19 04:29:58,5,44,19.6,81,-2.9,1038.8,1043.7,0,0.3,4,72.6,0
2020-01-19 04:34:58,5,44,19.6,81,-2.8,1038.9,1043.8,0,0.3,4,72.6,0
2020-01-19 04:39:58,5,44,19.6,81,-3,1038.8,1043.7,0.3,0.7,4,72.6,0
2020-01-19 04:44:58,5,44,19.6,81,-3.1,1038.9,1043.8,0.3,0.7,4,72.6,0
2020-01-19 04:49:58,5,44,19.6,81,-3,1038.9,1043.8,0,0.3,4,72.6,0
2020-01-19 04:54:58,5,44,19.6,81,-3,1038.8,1043.7,0,0,4,72.6,0
2020-01-19 04:59:58,5,44,19.6,81,-3.2,1039.1,1044,0,0.3,4,72.6,0
2020-01-19 05:04:58,5,44,19.6,81,-3.2,1038.9,1043.8,0,0.3,4,72.6,0
2020-01-19 05:09:58,5,44,19.6,81,-2.3,1038.9,1043.8,0.7,1,4,72.6,0
2020-01-19 05:14:58,5,44,19.5,81,-2.5,1039,1043.9,0,0.3,4,72.6,0
2020-01-19 05:19:58,5,44,19.5,81,-2.7,1039.2,1044.1,0.3,0.7,4,72.6,0
2020-01-19 05:24:58,5,44,19.5,81,-2.3,1039.1,1044,0.3,0.7,4,72.6,0
2020-01-19 05:29:58,5,44,19.5,82,-1.9,1039.3,1044.2,0,0.3,4,72.6,0
2020-01-19 05:34:58,5,44,19.5,82,-1.6,1039.5,1044.4,0.3,0.7,,72.6,0
2020-01-19 05:39:58,5,44,19.5,82,-1.8,1039.4,1044.3,0,0,4,72.6,0
2020-01-19 05:44:58,5,44,19.5,82,-1.9,1039.5,1044.4,0,0,4,72.6,0
2020-01-19 05:49:58,5,43,19.4,82,-2,1040,1044.9,0.3,0.7,4,72.6,0
2020-01-19 05:54:58,5,43,19.4,81,-2.4,1039.9,1044.8,0.3,0.7,4,72.6,0
2020-01-19 05:59:58,5,43,19.4,82,-2.2,1040,1044.9,0.3,0.7,4,72.6,0
2020-01-19 06:04:58,5,43,19.4,82,-2,1040.1,1045,0,0,4,72.6,0
2020-01-19 06:09:58,5,43,19.4,82,-2,1040.2,1045.1,0.3,0.7,4,72.6,0
2020-01-19 06:14:58,5,43,19.4,82,-2,1040.1,1045,0.7,1,10,72.6,0
2020-01-19 06:19:58,5,43,19.4,82,-1.3,1040.3,1045.2,1,1.4,10,72.6,0
2020-01-19 06:24:58,5,43,19.4,82,-1.1,1040.1,1045,0.7,1,10,72.6,0
2020-01-19 06:29:58,5,43,19.4,82,-1.2,1040.3,1045.2,0.7,1,10,72.6,0
2020-01-19 06:34:58,5,43,19.3,82,-1.2,1040.3,1045.2,0.7,1,10,72.6,0
2020-01-19 06:39:58,5,43,19.3,82,-1.2,1040.2,1045.1,0.3,0.7,4,72.6,0
2020-01-19 06:44:58,5,43,19.4,82,-1.7,1040.1,1045,0.7,1,10,72.6,0
2020-01-19 06:49:58,5,43,19.4,82,-1.3,1040.3,1045.2,1,1.4,4,72.6,0
2020-01-19 06:54:58,5,43,19.3,82,-1.9,1040.3,1045.2,0.7,1,,72.6,0
2020-01-19 06:59:58,5,43,19.3,81,-2.2,1040.3,1045.2,0.3,0.7,4,72.6,0
2020-01-19 07:04:58,5,43,19.3,81,-2.2,1040.3,1045.2,0,0,4,72.6,0
2020-01-19 07:09:58,5,43,19.3,81,-2,1040.4,1045.3,0.3,0.7,,72.6,0
2020-01-19 07:14:58,5,43,19.3,81,-2,1040.2,1045.1,0,0,4,72.6,0
2020-01-19 07:19:58,5,43,19.3,82,-1.6,1040.3,1045.2,0.3,0.7,4,72.6,0
2020-01-19 07:24:58,5,43,19.3,82,-1.1,1040.2,1045.1,0,0.3,8,72.6,0
2020-01-19 07:29:58,5,43,19.3,82,-0.7,1040.3,1045.2,0.7,1,,72.6,0
2020-01-19 07:34:58,5,43,19.3,82,-0.5,1040.2,1045.1,0,0.3,4,72.6,0
2020-01-19 07:39:58,5,43,19.3,83,-0.2,1040.2,1045.1,0.3,0.7,4,72.6,0
2020-01-19 07:44:58,5,43,19.3,83,0,1040.2,1045.1,0.7,0.7,4,72.6,0
2020-01-19 07:49:58,5,43,19.3,83,0.2,1040.2,1045.1,0.3,0.7,4,72.6,0
2020-01-19 07:54:58,5,43,19.3,83,0.4,1040.3,1045.2,0.3,0.7,4,72.6,0
2020-01-19 07:59:58,5,43,19.3,83,0.4,1040.7,1045.6,0,0.3,4,72.6,0
2020-01-19 08:04:58,5,42,19.3,83,0.5,1040.6,1045.5,0.3,0.7,,72.6,0
2020-01-19 08:09:58,5,42,19.3,83,0.7,1040.5,1045.4,0.3,0.7,,72.6,0
2020-01-19 08:14:58,5,42,19.2,83,0.8,1040.8,1045.7,0.7,1,,72.6,0
2020-01-19 08:19:58,5,42,19.2,83,1,1041,1045.9,0,0.3,10,72.6,0
2020-01-19 08:24:58,5,42,19.2,83,1.2,1040.9,1045.8,0.7,1,,72.6,0
2020-01-19 08:29:58,5,42,19.1,82,1.2,1041.1,1046,0.3,0.7,0,72.6,0
2020-01-19 08:34:58,5,42,19.1,82,1.2,1041.1,1046,0.3,0.7,,72.6,0
2020-01-19 08:39:58,5,42,19.1,82,1.3,1041.1,1046,0.7,1,8,72.6,0
2020-01-19 08:44:58,5,42,19.1,81,1.4,1041.3,1046.2,0.7,1,8,72.6,0
2020-01-19 08:49:58,5,42,19.1,81,1.3,1041.4,1046.3,0.7,1,8,72.6,0
2020-01-19 08:54:58,5,42,19.1,80,1.5,1041.2,1046.1,0.3,0.7,10,72.6,0
2020-01-19 08:59:58,5,42,19.1,80,1.6,1041.2,1046.1,0,0.3,14,72.6,0
2020-01-19 09:04:58,5,42,19.1,80,1.8,1041.4,1046.3,0.3,0.7,10,72.6,0
2020-01-19 09:09:58,5,42,19.1,80,1.7,1041.5,1046.4,0.7,1.4,10,72.6,0
2020-01-19 09:14:58,5,42,19.1,80,1.8,1041.6,1046.5,0.3,0.7,8,72.6,0
2020-01-19 09:19:58,5,42,19.1,79,1.8,1041.6,1046.5,0.3,0.7,4,72.6,0
2020-01-19 09:24:58,5,43,19.1,79,2,1041.5,1046.4,0.3,0.7,,72.6,0
2020-01-19 09:29:58,5,43,19.2,79,2,1041.8,1046.7,0,0,14,72.6,0
2020-01-19 09:34:58,5,43,19.2,79,1.9,1041.8,1046.7,0.3,0.7,,72.6,0
2020-01-19 09:39:58,5,43,19.1,79,2.1,1041.8,1046.7,0,0.3,4,72.6,0
2020-01-19 09:44:58,5,43,19.1,78,2.1,1041.9,1046.8,0.3,0.7,4,72.6,0
2020-01-19 09:49:58,5,43,19.1,78,2.2,1041.9,1046.8,0,0.3,4,72.6,0
2020-01-19 09:54:58,5,43,19.2,78,2.3,1041.8,1046.7,0,0,4,72.6,0
2020-01-19 09:59:58,5,43,19.1,79,2.5,1042.1,1047,0,0,4,72.6,0
2020-01-19 10:04:58,5,43,19.1,79,2.6,1042,1046.9,0,0,4,72.6,0
2020-01-19 10:09:58,5,43,19.1,79,2.8,1042,1046.9,0.7,1,4,72.6,0
2020-01-19 10:14:58,5,43,19.2,78,2.9,1042,1046.9,0.3,0.7,4,72.6,0
2020-01-19 10:19:58,5,43,19.1,79,3,1041.9,1046.8,0.7,1,10,72.6,0
2020-01-19 10:24:58,5,43,19.2,80,3.7,1042.2,1047.1,0.7,1.4,8,72.6,0
2020-01-19 10:29:58,5,43,19.2,79,4.3,1042.1,1047,0.7,1,10,72.6,0
2020-01-19 10:34:58,5,43,19.2,78,4.8,1042.1,1047,1,1.4,10,72.6,0
2020-01-19 10:39:58,5,42,19.2,76,5.1,1042.1,1047,1,1.7,10,72.6,0
2020-01-19 10:44:58,5,42,19.1,74,4.9,1042.2,1047.1,1,1.4,10,72.6,0
2020-01-19 10:49:58,5,42,19.1,74,5,1042.1,1047,1.7,2.4,10,72.6,0
2020-01-19 10:54:58,5,42,19.1,73,5.5,1042.1,1047,0.7,1,,72.6,0
2020-01-19 10:59:58,5,42,19.1,72,6,1042.1,1047,1,1.4,14,72.6,0
2020-01-19 11:04:58,5,43,19.2,71,6.2,1041.9,1046.8,1.7,2.4,10,72.6,0
2020-01-19 11:09:58,5,43,19.1,70,6.1,1042.2,1047.1,2.4,3.7,8,72.6,0
2020-01-19 11:14:58,5,43,19.2,70,6.1,1042.2,1047.1,1.4,1.7,10,72.6,0
2020-01-19 11:19:58,5,43,19.2,70,6.2,1042.1,1047,1.4,1.7,10,72.6,0
2020-01-19 11:24:58,5,43,19.2,70,6.4,1042.2,1047.1,1.7,2.4,10,72.6,0
2020-01-19 11:29:58,5,44,19.2,69,6.4,1042.2,1047.1,2.4,2.7,10,72.6,0
2020-01-19 11:34:58,5,45,19.2,69,6.3,1042.2,1047.1,2.4,2.7,10,72.6,0
2020-01-19 11:39:58,5,45,19.3,69,6.3,1042,1046.9,2.4,3.1,12,72.6,0
2020-01-19 11:44:58,5,46,19.3,69,6.3,1042,1046.9,2.4,3.1,8,72.6,0
2020-01-19 11:49:58,5,46,19.3,69,6.4,1042.1,1047,3.7,4.8,10,72.6,0
2020-01-19 11:54:58,5,46,19.4,70,6.4,1042.1,1047,3.4,4.1,8,72.6,0
2020-01-19 11:59:58,5,47,19.4,70,6.5,1042.1,1047,2,3.1,10,72.6,0
2020-01-19 12:04:58,5,47,19.4,70,6.6,1042.1,1047,2.7,3.7,8,72.6,0
2020-01-19 12:09:58,5,47,19.4,70,6.6,1042,1046.9,3.4,4.8,10,72.6,0
2020-01-19 12:14:58,5,47,19.4,70,6.6,1042.1,1047,2,2.7,10,72.6,0
2020-01-19 12:19:58,5,48,19.4,69,6.6,1042.2,1047.1,2.4,3.4,10,72.6,0
2020-01-19 12:24:58,5,48,19.5,70,6.7,1042.2,1047.1,2,2.4,10,72.6,0
2020-01-19 12:30:00,5,47,19.4,70,6.9,1041.9,1046.8,2.4,3.7,12,72.6,0
2020-01-19 12:34:58,5,45,19.5,70,7,1042.1,1047,3.1,3.4,10,72.6,0
2020-01-19 12:39:58,5,45,19.4,69,7,1042.2,1047.1,3.1,4.1,10,72.6,0
2020-01-19 12:44:58,5,45,19.4,69,7.2,1042.2,1047.1,2.4,3.1,10,72.6,0
2020-01-19 12:49:58,5,45,19.4,69,7.3,1042.2,1047.1,2.7,3.7,10,72.6,0
2020-01-19 12:54:58,5,45,19.4,69,7.4,1042.4,1047.3,2.7,3.4,8,72.6,0
2020-01-19 12:59:58,5,45,19.5,69,7.4,1042.3,1047.2,1.7,3.1,10,72.6,0
2020-01-19 13:04:58,5,45,19.5,64,7.6,1042.3,1047.2,3.4,4.4,10,72.6,0
2020-01-19 13:09:58,5,45,19.5,63,7.7,1042.2,1047.1,4.4,5.1,10,72.6,0
2020-01-19 13:14:58,5,45,19.5,63,7.8,1042.2,1047.1,2.4,4.1,10,72.6,0
2020-01-19 13:19:58,5,45,19.5,63,7.8,1042.1,1047,4.8,6.1,10,72.6,0
2020-01-19 13:24:58,5,45,19.6,63,7.8,1041.9,1046.8,3.7,4.8,8,72.6,0
2020-01-19 13:29:58,5,45,19.6,63,8,1041.9,1046.8,3.1,4.4,10,72.6,0
2020-01-19 13:34:58,5,45,19.6,63,8.1,1041.9,1046.8,2.7,3.4,14,72.6,0
2020-01-19 13:39:58,5,45,19.7,63,8.2,1041.7,1046.6,3.1,4.1,8,72.6,0
2020-01-19 13:44:58,5,45,19.7,63,8.2,1041.8,1046.7,4.1,5.4,10,72.6,0
2020-01-19 13:49:58,5,45,19.7,63,8.2,1041.9,1046.8,4.8,5.4,9,72.6,0
2020-01-19 13:54:58,5,45,19.7,63,8.3,1041.7,1046.6,2.4,3.1,10,72.6,0
2020-01-19 13:59:58,5,45,19.7,62,8.3,1041.7,1046.6,4.4,5.1,2,72.6,0
2020-01-19 14:04:58,5,45,19.8,62,8.2,1041.8,1046.7,3.4,4.4,0,72.6,0
2020-01-19 14:09:58,5,45,19.8,63,8.3,1041.9,1046.8,3.1,4.1,8,72.6,0
2020-01-19 14:14:58,5,45,19.8,63,8.2,1041.9,1046.8,2.7,4.1,10,72.6,0
2020-01-19 14:19:58,5,45,19.8,63,8.3,1041.9,1046.8,2.7,3.4,10,72.6,0
2020-01-19 14:24:58,5,45,19.9,63,8.2,1042,1046.9,3.1,3.7,10,72.6,0
2020-01-19 14:29:58,5,45,19.9,63,8.2,1042,1046.9,2.4,2.7,10,72.6,0
2020-01-19 14:34:58,5,45,19.9,63,8.3,1042.1,1047,3.4,3.7,9,72.6,0
2020-01-19 14:39:58,5,44,20,63,8.3,1042.1,1047,4.1,4.8,10,72.6,0
2020-01-19 14:44:58,5,43,20,63,8.3,1042,1046.9,2.7,3.7,10,72.6,0
2020-01-19 14:49:58,5,43,20,63,8,1042.2,1047.1,2,2.7,10,72.6,0
2020-01-19 14:54:58,5,43,20.1,64,7.9,1042,1046.9,1.7,2,14,72.6,0
2020-01-19 14:59:58,5,43,20.1,64,8.1,1042.1,1047,2.7,3.1,10,72.6,0
2020-01-19 15:04:58,5,43,20.1,63,7.6,1042.2,1047.1,1.7,2.4,12,72.6,0
2020-01-19 15:09:58,5,43,20.1,69,7.3,1042.1,1047,2,2.7,10,72.6,0
2020-01-19 15:14:58,5,43,20.1,70,7.1,1042.1,1047,2.4,3.4,10,72.6,0
2020-01-19 15:19:58,5,43,20.1,70,7,1042.1,1047,2,2.4,10,72.6,0
2020-01-19 15:24:58,5,43,20.1,70,6.9,1042.1,1047,3.4,4.1,9,72.6,0
2020-01-19 15:29:58,5,44,20.1,71,6.8,1042,1046.9,2,2.7,10,72.6,0
2020-01-19 15:34:58,5,44,20.2,71,6.8,1042.3,1047.2,2.7,3.4,10,72.6,0
2020-01-19 15:39:58,5,44,20.2,71,6.7,1042.3,1047.2,2,2.4,10,72.6,0
2020-01-19 15:44:58,5,44,20.2,71,6.7,1042.4,1047.3,0.7,1,10,72.6,0
2020-01-19 15:49:58,5,44,20.2,71,6.9,1042.4,1047.3,1,1.7,0,72.6,0
2020-01-19 15:54:58,5,44,20.3,71,6.9,1042.3,1047.2,1.7,2,10,72.6,0
2020-01-19 15:59:58,5,44,20.3,71,6.8,1042.3,1047.2,1.7,2,10,72.6,0
2020-01-19 16:04:58,5,43,20.3,71,6.6,1042.3,1047.2,1.7,2,10,72.6,0
2020-01-19 16:09:58,5,43,20.2,72,6.5,1042.4,1047.3,1.4,2,10,72.6,0
2020-01-19 16:14:58,5,43,20.2,73,6.5,1042.4,1047.3,1.7,2,10,72.6,0
2020-01-19 16:19:58,5,43,20.2,73,6.4,1042.5,1047.4,1,1.7,,72.6,0
2020-01-19 16:24:58,5,43,20.2,73,6.3,1042.5,1047.4,0.7,1,10,72.6,0
2020-01-19 16:29:58,5,43,20.3,74,6.2,1042.3,1047.2,2,2.4,10,72.6,0
2020-01-19 16:34:58,5,44,20.3,74,6.2,1042.5,1047.4,1.4,2,8,72.6,0
2020-01-19 16:39:58,5,43,20.3,74,6.2,1042.5,1047.4,1,1.4,10,72.6,0
2020-01-19 16:44:58,5,43,20.3,74,6.1,1042.6,1047.5,1.7,2.4,10,72.6,0
2020-01-19 16:49:58,5,44,20.3,74,5.9,1042.6,1047.5,1.4,1.7,10,72.6,0
2020-01-19 16:54:58,5,44,20.3,74,5.8,1042.8,1047.7,0.7,1,14,72.6,0
2020-01-19 16:59:58,5,44,20.3,75,5.6,1042.9,1047.8,0.7,1,0,72.6,0
2020-01-19 17:04:58,5,44,20.3,75,5.6,1043,1047.9,1.4,2,8,72.6,0
2020-01-19 17:09:58,5,44,20.3,76,5.8,1043,1047.9,1.7,2.4,10,72.6,0
2020-01-19 17:14:58,5,44,20.3,76,5.7,1043.2,1048.1,1.4,2,10,72.6,0
2020-01-19 17:19:58,5,44,20.3,76,5.6,1042.9,1047.8,1,1.7,10,72.6,0
2020-01-19 17:24:58,5,44,20.4,76,5.4,1043,1047.9,0.7,1.4,10,72.6,0
2020-01-19 17:29:58,5,44,20.4,76,5.3,1043,1047.9,0.3,0.7,8,72.6,0
2020-01-19 17:34:58,5,44,20.4,77,5.1,1043.1,1048,1,1.7,10,72.6,0
2020-01-19 17:39:58,5,44,20.4,77,5.1,1043,1047.9,0.3,1,10,72.6,0
2020-01-19 17:44:58,5,43,20.2,77,4.9,1043.1,1048,0,0.3,,72.6,0
2020-01-19 17:49:58,5,43,20.2,77,4.8,1043.1,1048,0.3,1,10,72.6,0
2020-01-19 17:54:58,5,43,20.2,78,4.7,1043.3,1048.2,1.4,2,10,72.6,0
2020-01-19 17:59:58,5,43,20.1,78,4.6,1043.2,1048.1,0,0,10,72.6,0
2020-01-19 18:04:58,5,44,20.1,78,4.5,1043.1,1048,0.3,0.7,2,72.6,0
2020-01-19 18:09:58,5,44,20.1,80,4.6,1043.2,1048.1,0.7,1,10,72.6,0
2020-01-19 18:14:58,5,44,20.1,80,4.6,1043.1,1048,0,0.7,14,72.6,0
2020-01-19 18:19:58,5,44,20.1,79,4.3,1043.1,1048,0,0.3,14,72.6,0
2020-01-19 18:24:58,5,44,20.1,79,4.2,1043,1047.9,0.3,0.7,14,72.6,0
2020-01-19 18:29:58,5,44,20,80,4.2,1043.2,1048.1,0.3,0.7,,72.6,0
2020-01-19 18:34:58,5,44,20,80,4.3,1043.2,1048.1,0.7,1,12,72.6,0
2020-01-19 18:39:58,5,44,20,80,4.4,1043.2,1048.1,1,1.4,8,72.6,0
2020-01-19 18:44:58,5,45,19.9,80,4.5,1043.2,1048.1,0.7,1,10,72.6,0
2020-01-19 18:49:58,5,45,19.8,80,4.5,1043.2,1048.1,0.7,1,4,72.6,0
2020-01-19 18:54:58,5,45,19.8,80,4.3,1043.5,1048.4,0.3,1,10,72.6,0
2020-01-19 18:59:58,5,45,19.7,80,4.3,1043.3,1048.2,0.3,1,10,72.6,0
2020-01-19 19:04:58,5,45,19.7,80,4.3,1043.3,1048.2,0.7,1,10,72.6,0
2020-01-19 19:09:58,5,45,19.7,81,4.3,1043.4,1048.3,0.7,1,,72.6,0
2020-01-19 19:14:58,5,45,19.7,81,4.3,1043.3,1048.2,0.3,0.7,10,72.6,0
2020-01-19 19:19:58,5,44,19.6,80,4.2,1043.5,1048.4,1.4,1.7,10,72.6,0
2020-01-19 19:24:58,5,44,19.6,81,4.3,1043.7,1048.6,0.3,0.7,,72.6,0
2020-01-19 19:29:58,5,44,19.6,81,4.4,1043.6,1048.5,1.7,2.4,9,72.6,0
2020-01-19 19:34:58,5,44,19.6,81,4.5,1043.6,1048.5,1.7,2,10,72.6,0
2020-01-19 19:39:58,5,44,19.6,81,4.6,1043.4,1048.3,2.4,2.7,10,72.6,0
2020-01-19 19:44:58,5,45,19.6,81,4.6,1043.6,1048.5,1.7,2.4,10,72.6,0
2020-01-19 19:49:58,5,45,19.6,80,4.6,1043.5,1048.4,1.7,2,10,72.6,0
2020-01-19 19:54:58,5,45,19.5,80,4.6,1043.6,1048.5,2.4,2.7,10,72.6,0
2020-01-19 19:59:58,5,45,19.5,80,4.6,1043.4,1048.3,1.7,2.4,9,72.6,0
2020-01-19 20:04:58,5,45,19.5,80,4.4,1043.6,1048.5,1,2,10,72.6,0
2020-01-19 20:09:58,5,45,19.5,80,4.3,1043.6,1048.5,1.4,2,9,72.6,0
2020-01-19 20:14:58,5,45,19.5,80,4.4,1043.6,1048.5,2,2.7,8,72.6,0
2020-01-19 20:19:58,5,45,19.5,80,4.5,1043.6,1048.5,1.4,2,10,72.6,0
2020-01-19 20:24:58,5,45,19.5,80,4.5,1043.6,1048.5,1.7,2,10,72.6,0
2020-01-19 20:29:58,5,45,19.5,80,4.4,1043.6,1048.5,1.4,1.7,10,72.6,0
2020-01-19 20:34:58,5,45,19.5,80,4.3,1043.7,1048.6,1,1.7,10,72.6,0
2020-01-19 20:39:58,5,45,19.5,80,4.3,1043.6,1048.5,1.4,1.7,10,72.6,0
2020-01-19 20:44:58,5,45,19.5,80,4.2,1043.6,1048.5,1.7,2,10,72.6,0
2020-01-19 20:49:58,5,45,19.5,80,4.2,1043.7,1048.6,1,1.4,8,72.6,0
2020-01-19 20:54:58,5,45,19.5,80,4.1,1043.6,1048.5,1,1.4,10,72.6,0
2020-01-19 20:59:58,5,45,19.5,80,4,1043.7,1048.6,1,1.7,10,72.6,0
2020-01-19 21:04:58,5,45,19.6,80,3.9,1043.6,1048.5,1,2,,72.6,0
2020-01-19 21:09:58,5,45,19.6,80,3.7,1043.6,1048.5,1,1.7,10,72.6,0
2020-01-19 21:14:58,5,45,19.6,80,4,1043.6,1048.5,2,2.4,10,72.6,0
2020-01-19 21:19:58,5,45,19.6,81,4.3,1043.6,1048.5,2.4,2.7,10,72.6,0
2020-01-19 21:24:58,5,45,19.6,80,4.4,1043.6,1048.5,2.4,2.7,10,72.6,0
2020-01-19 21:29:58,5,45,19.7,80,4.4,1043.6,1048.5,1.7,2.4,8,72.6,0
2020-01-19 21:34:58,5,45,19.7,80,4.4,1043.7,1048.6,2.4,3.1,10,72.6,0
2020-01-19 21:39:58,5,46,19.7,80,4.4,1043.7,1048.6,1.7,2,10,72.6,0
2020-01-19 21:44:58,5,46,19.6,80,4.3,1043.9,1048.8,1.7,2.4,10,72.6,0
2020-01-19 21:49:58,5,46,19.7,80,4.1,1043.8,1048.7,1.4,1.7,10,72.6,0
2020-01-19 21:54:58,5,46,19.7,80,4,1043.9,1048.8,0.7,1,10,72.6,0
2020-01-19 21:59:58,5,46,19.7,80,4,1044.2,1049.1,1.7,2,10,72.6,0
2020-01-19 22:04:58,5,46,19.7,80,3.9,1043.9,1048.8,1,1.7,10,72.6,0
2020-01-19 22:09:58,5,46,19.8,80,3.9,1043.9,1048.8,0.7,1,10,72.6,0
2020-01-19 22:14:58,5,46,19.8,80,3.9,1043.8,1048.7,1,1.4,10,72.6,0
2020-01-19 22:19:58,5,46,20,80,3.9,1044,1048.9,0.7,1.4,12,72.6,0
2020-01-19 22:24:58,5,46,20,80,3.8,1043.7,1048.6,1.4,1.7,10,72.6,0
2020-01-19 22:29:58,5,46,20.1,80,3.6,1043.7,1048.6,0,0,4,72.6,0
2020-01-19 22:34:58,5,45,20.1,80,3.4,1043.7,1048.6,0,0.3,4,72.6,0
2020-01-19 22:39:58,5,45,20.1,80,3.3,1043.6,1048.5,0.3,1,4,72.6,0
2020-01-19 22:44:58,5,45,20.1,80,3.2,1043.6,1048.5,0.7,1,8,72.6,0
2020-01-19 22:49:58,5,45,20.1,80,3.1,1043.7,1048.6,0.7,1,8,72.6,0
2020-01-19 22:54:58,5,45,20.1,80,3.2,1043.6,1048.5,0.3,1,,72.6,0
2020-01-19 22:59:58,5,45,20.1,80,3.4,1043.7,1048.6,1,1.4,10,72.6,0
2020-01-19 23:04:58,5,45,20.1,81,3.6,1043.8,1048.7,0.7,1.4,9,72.6,0
2020-01-19 23:09:58,5,45,20.1,81,3.6,1043.8,1048.7,1.7,2,10,72.6,0
2020-01-19 23:14:58,5,45,20.1,81,3.6,1043.9,1048.8,1.4,1.7,10,72.6,0
2020-01-19 23:19:58,5,45,20,81,3.5,1043.9,1048.8,0.3,1,10,72.6,0
2020-01-19 23:24:58,5,45,20,81,3.4,1043.9,1048.8,0.7,1,8,72.6,0
2020-01-19 23:29:58,5,45,20,81,3.4,1043.8,1048.7,0,0.3,4,72.6,0
2020-01-19 23:34:58,5,45,20,81,3.4,1043.9,1048.8,0.7,1,2,72.6,0
2020-01-19 23:39:58,5,45,20,81,3.3,1043.8,1048.7,0.7,1,4,72.6,0
2020-01-19 23:44:58,5,45,20,81,3.3,1043.9,1048.8,1,1.7,8,72.6,0
2020-01-19 23:49:58,5,45,20,81,3.6,1043.8,1048.7,2,2.4,9,72.6,0
2020-01-19 23:54:58,5,45,20,81,3.7,1043.7,1048.6,1,1.4,10,72.6,0
2020-01-19 23:59:58,5,45,20,81,3.5,1043.8,1048.7,0.7,0.7,10,72.6,0
