2019-05-20 00:01:55,5,41,21.2,90,5.7,1012.6,1017.5,0,0,10,322.8,0
2019-05-20 00:01:57,5,41,21.2,90,5.7,1012.6,1017.5,0,0,10,322.8,0
2019-05-20 00:06:55,5,41,21.2,90,5.6,1012.6,1017.5,0,0,10,322.8,0
2019-05-20 00:06:57,5,41,21.2,90,5.6,1012.6,1017.5,0,0,10,322.8,0
2019-05-20 00:11:55,5,41,21.2,90,5.5,1012.7,1017.6,0,0,10,322.8,0
2019-05-20 00:11:57,5,41,21.2,90,5.5,1012.7,1017.6,0,0,10,322.8,0
2019-05-20 00:16:55,5,41,21.2,91,5.5,1012.5,1017.4,0,0,10,322.8,0
2019-05-20 00:16:57,5,41,21.2,91,5.5,1012.5,1017.4,0,0,10,322.8,0
2019-05-20 00:21:55,5,41,21.2,91,5.5,1012.7,1017.6,0,0,10,322.8,0
2019-05-20 00:21:57,5,41,21.2,91,5.5,1012.7,1017.6,0,0,10,322.8,0
2019-05-20 00:26:55,5,41,21.2,91,5.5,1012.7,1017.6,0,0,12,322.8,0
2019-05-20 00:26:57,5,41,21.2,91,5.5,1012.7,1017.6,0,0,12,322.8,0
2019-05-20 00:31:55,5,41,21.2,91,5.4,1012.6,1017.5,0,0,10,322.8,0
2019-05-20 00:31:57,5,41,21.2,91,5.4,1012.6,1017.5,0,0,10,322.8,0
2019-05-20 00:36:55,5,41,21.2,92,5.5,1012.6,1017.5,0,0,10,322.8,0
2019-05-20 00:36:57,5,41,21.2,92,5.5,1012.6,1017.5,0,0,10,322.8,0
2019-05-20 00:41:55,5,41,21.2,92,5.6,1012.5,1017.4,0,0,10,322.8,0
2019-05-20 00:41:57,5,41,21.2,92,5.6,1012.5,1017.4,0,0,10,322.8,0
2019-05-20 00:46:55,5,41,21.2,92,5.6,1012.5,1017.4,0,0,10,322.8,0
2019-05-20 00:46:57,5,41,21.2,92,5.6,1012.5,1017.4,0,0,10,322.8,0
2019-05-20 00:51:55,5,41,21.2,93,5.5,1012.5,1017.4,0,0,10,322.8,0
2019-05-20 00:51:57,5,41,21.2,93,5.5,1012.5,1017.4,0,0,10,322.8,0
2019-05-20 00:56:55,5,41,21.2,93,5.5,1012.6,1017.5,0,0,10,322.8,0
2019-05-20 00:56:57,5,41,21.2,93,5.5,1012.6,1017.5,0,0,10,322.8,0
2019-05-20 01:01:55,5,41,21.2,93,5.4,1012.5,1017.4,0,0,10,322.8,0
2019-05-20 01:01:57,5,41,21.2,93,5.4,1012.5,1017.4,0,0,10,322.8,0
2019-05-20 01:06:55,5,41,21.2,93,5.4,1012.6,1017.5,0,0,10,322.8,0
2019-05-20 01:06:57,5,41,21.2,93,5.4,1012.6,1017.5,0,0,10,322.8,0
2019-05-20 01:11:55,5,41,21.2,93,5.4,1012.6,1017.5,0,0,10,322.8,0
2019-05-20 01:11:57,5,41,21.2,93,5.4,1012.6,1017.5,0,0,10,322.8,0
2019-05-20 01:16:55,5,41,21.2,93,5.4,1012.7,1017.6,0,0,10,322.8,0
2019-05-20 01:16:57,5,41,21.2,93,5.4,1012.7,1017.6,0,0,10,322.8,0
2019-05-20 01:21:55,5,41,21.2,93,5.3,1012.7,1017.6,0,0,10,322.8,0
2019-05-20 01:21:57,5,41,21.2,93,5.3,1012.7,1017.6,0,0,10,322.8,0
2019-05-20 01:26:55,5,41,21.1,93,5.3,1012.5,1017.4,0,0,10,322.8,0
2019-05-20 01:26:57,5,41,21.1,93,5.3,1012.5,1017.4,0,0,10,322.8,0
2019-05-20 01:31:55,5,41,21.1,94,5.3,1012.6,1017.5,0,0,10,322.8,0
2019-05-20 01:31:57,5,41,21.1,94,5.3,1012.6,1017.5,0,0,10,322.8,0
2019-05-20 01:36:55,5,41,21.1,94,5.2,1012.6,1017.5,0,0,10,322.8,0
2019-05-20 01:36:57,5,41,21.1,94,5.2,1012.6,1017.5,0,0,10,322.8,0
2019-05-20 01:41:55,5,41,21.1,94,5.1,1012.5,1017.4,0,0,10,322.8,0
2019-05-20 01:41:57,5,41,21.1,94,5.1,1012.5,1017.4,0,0,10,322.8,0
2019-05-20 01:46:55,5,41,21.1,94,5.1,1012.6,1017.5,0,0,10,322.8,0
2019-05-20 01:46:57,5,41,21.1,94,5.1,1012.6,1017.5,0,0,10,322.8,0
2019-05-20 01:51:55,5,41,21,94,5.1,1012.4,1017.3,0,0,10,322.8,0
2019-05-20 01:51:57,5,41,21,94,5.1,1012.4,1017.3,0,0,10,322.8,0
2019-05-20 01:56:55,5,41,21.1,94,5,1012.6,1017.5,0,0,10,322.8,0
2019-05-20 01:56:57,5,41,21.1,94,5,1012.6,1017.5,0,0,10,322.8,0
2019-05-20 02:01:55,5,41,21,94,5,1012.5,1017.4,0,0,10,322.8,0
2019-05-20 02:01:57,5,41,21,94,5,1012.5,1017.4,0,0,10,322.8,0
2019-05-20 02:06:55,5,41,21,94,4.9,1012.5,1017.4,0,0,10,322.8,0
2019-05-20 02:06:57,5,41,21,94,4.9,1012.5,1017.4,0,0,10,322.8,0
2019-05-20 02:11:55,5,41,21.1,94,4.9,1012.4,1017.3,0,0,10,322.8,0
2019-05-20 02:11:57,5,41,21.1,94,4.9,1012.4,1017.3,0,0,10,322.8,0
2019-05-20 02:16:55,5,41,21,94,4.9,1012.5,1017.4,0,0,10,322.8,0
2019-05-20 02:16:57,5,41,21,94,4.9,1012.5,1017.4,0,0,10,322.8,0
2019-05-20 02:21:55,5,41,21.1,95,5.1,1012.5,1017.4,0,0,10,322.8,0
2019-05-20 02:21:57,5,41,21.1,95,5.1,1012.5,1017.4,0,0,10,322.8,0
2019-05-20 02:26:55,5,41,21,95,5.1,1012.6,1017.5,0,0,10,322.8,0
2019-05-20 02:26:57,5,41,21,95,5.1,1012.6,1017.5,0,0,10,322.8,0
2019-05-20 02:31:55,5,42,20.9,95,5.2,1012.5,1017.4,0,0,10,322.8,0
2019-05-20 02:31:57,5,42,20.9,95,5.2,1012.5,1017.4,0,0,10,322.8,0
2019-05-20 02:36:55,5,42,20.9,96,5.3,1012.5,1017.4,0,0,10,322.8,0
2019-05-20 02:36:57,5,42,20.9,96,5.3,1012.5,1017.4,0,0,10,322.8,0
2019-05-20 02:41:55,5,41,21,96,5.3,1012.5,1017.4,0,0,10,322.8,0
2019-05-20 02:41:57,5,41,21,96,5.3,1012.5,1017.4,0,0,10,322.8,0
2019-05-20 02:46:55,5,41,21,96,5.2,1012.6,1017.5,0,0,10,322.8,0
2019-05-20 02:46:57,5,41,21,96,5.2,1012.6,1017.5,0,0,10,322.8,0
2019-05-20 02:51:55,5,41,21,96,5.1,1012.7,1017.6,0,0,10,322.8,0
2019-05-20 02:51:57,5,41,21,96,5.1,1012.7,1017.6,0,0,10,322.8,0
2019-05-20 02:56:55,5,42,20.9,96,5,1012.5,1017.4,0,0,10,322.8,0
2019-05-20 02:56:57,5,42,20.9,96,5,1012.5,1017.4,0,0,10,322.8,0
2019-05-20 03:01:55,5,41,21,96,4.9,1012.5,1017.4,0,0,10,322.8,0
2019-05-20 03:01:57,5,41,21,96,4.9,1012.5,1017.4,0,0,10,322.8,0
2019-05-20 03:06:55,5,41,21,96,5,1012.6,1017.5,0,0,10,322.8,0
2019-05-20 03:06:57,5,41,21,96,5,1012.6,1017.5,0,0,10,322.8,0
2019-05-20 03:11:55,5,42,20.9,96,5.1,1012.6,1017.5,0,0,10,322.8,0
2019-05-20 03:11:57,5,42,20.9,96,5.1,1012.6,1017.5,0,0,10,322.8,0
2019-05-20 03:16:55,5,42,20.9,96,5,1012.4,1017.3,0,0,10,322.8,0
2019-05-20 03:16:57,5,42,20.9,96,5,1012.4,1017.3,0,0,10,322.8,0
2019-05-20 03:21:55,5,42,20.9,96,5.1,1012.5,1017.4,0,0,10,322.8,0
2019-05-20 03:21:57,5,42,20.9,96,5.1,1012.5,1017.4,0,0,10,322.8,0
2019-05-20 03:26:55,5,42,20.9,96,5.1,1012.6,1017.5,0,0,10,322.8,0
2019-05-20 03:26:57,5,42,20.9,96,5.1,1012.6,1017.5,0,0,10,322.8,0
2019-05-20 03:31:55,5,42,20.9,96,5.1,1012.7,1017.6,0,0,10,322.8,0
2019-05-20 03:31:57,5,42,20.9,96,5.1,1012.7,1017.6,0,0,10,322.8,0
2019-05-20 03:36:55,5,42,20.9,96,5.1,1012.6,1017.5,0,0,10,322.8,0
2019-05-20 03:36:57,5,42,20.9,96,5.1,1012.6,1017.5,0,0,10,322.8,0
2019-05-20 03:41:55,5,42,20.8,97,5.1,1012.5,1017.4,0,0,10,322.8,0
2019-05-20 03:41:57,5,42,20.8,97,5.1,1012.5,1017.4,0,0,10,322.8,0
2019-05-20 03:46:55,5,42,20.8,97,5,1012.6,1017.5,0,0,10,322.8,0
2019-05-20 03:46:57,5,42,20.8,97,5,1012.6,1017.5,0,0,10,322.8,0
2019-05-20 03:51:55,5,42,20.8,96,4.9,1012.6,1017.5,0,0,10,322.8,0
2019-05-20 03:51:57,5,42,20.8,96,4.9,1012.6,1017.5,0,0,10,322.8,0
2019-05-20 03:56:55,5,42,20.8,97,5,1012.7,1017.6,0,0,10,322.8,0
2019-05-20 03:56:57,5,42,20.8,97,5,1012.7,1017.6,0,0,10,322.8,0
2019-05-20 04:01:55,5,42,20.8,97,5.1,1012.7,1017.6,0,0,10,322.8,0
2019-05-20 04:01:57,5,42,20.8,97,5.1,1012.7,1017.6,0,0,10,322.8,0
2019-05-20 04:06:55,5,42,20.8,97,5.1,1012.5,1017.4,0,0,10,322.8,0
2019-05-20 04:06:57,5,42,20.8,97,5.1,1012.5,1017.4,0,0,10,322.8,0
2019-05-20 04:11:55,5,42,20.8,97,5.1,1012.7,1017.6,0,0,10,322.8,0
2019-05-20 04:11:57,5,42,20.8,97,5.1,1012.7,1017.6,0,0,10,322.8,0
2019-05-20 04:16:55,5,42,20.8,97,5.2,1012.7,1017.6,0,0,10,322.8,0
2019-05-20 04:16:57,5,42,20.8,97,5.2,1012.7,1017.6,0,0,10,322.8,0
2019-05-20 04:21:55,5,42,20.8,98,5.2,1012.9,1017.8,0,0,10,322.8,0
2019-05-20 04:21:57,5,42,20.8,98,5.2,1012.9,1017.8,0,0,10,322.8,0
2019-05-20 04:26:55,5,42,20.7,98,5.3,1012.7,1017.6,0,0,10,322.8,0
2019-05-20 04:26:57,5,42,20.7,98,5.3,1012.7,1017.6,0,0,10,322.8,0
2019-05-20 04:31:55,5,42,20.7,98,5.3,1012.6,1017.5,0,0,10,322.8,0
2019-05-20 04:31:57,5,42,20.7,98,5.3,1012.6,1017.5,0,0,10,322.8,0
2019-05-20 04:36:55,5,42,20.7,98,5.4,1012.7,1017.6,0,0,10,322.8,0
2019-05-20 04:36:57,5,42,20.7,98,5.4,1012.7,1017.6,0,0,10,322.8,0
2019-05-20 04:41:55,5,42,20.7,98,5.4,1012.7,1017.6,0,0,10,322.8,0
2019-05-20 04:41:57,5,42,20.7,98,5.4,1012.7,1017.6,0,0,10,322.8,0
2019-05-20 04:46:55,5,42,20.7,98,5.3,1012.7,1017.6,0,0,10,322.8,0
2019-05-20 04:46:57,5,42,20.7,98,5.3,1012.7,1017.6,0,0,10,322.8,0
2019-05-20 04:51:55,5,42,20.7,98,5.3,1012.8,1017.7,0,0,10,322.8,0
2019-05-20 04:51:57,5,42,20.7,98,5.3,1012.8,1017.7,0,0,10,322.8,0
2019-05-20 04:56:55,5,42,20.7,99,5.6,1012.8,1017.7,0,0,10,322.8,0
2019-05-20 04:56:57,5,42,20.7,99,5.6,1012.8,1017.7,0,0,10,322.8,0
2019-05-20 05:01:55,5,42,20.7,99,5.8,1012.8,1017.7,0,0,10,322.8,0
2019-05-20 05:01:57,5,42,20.7,99,5.8,1012.8,1017.7,0,0,10,322.8,0
2019-05-20 05:06:55,5,42,20.7,99,6.1,1012.9,1017.8,0,0,10,322.8,0
2019-05-20 05:06:57,5,42,20.7,99,6.1,1012.9,1017.8,0,0,10,322.8,0
2019-05-20 05:11:55,5,42,20.7,99,6.7,1012.9,1017.8,0,0,10,322.8,0
2019-05-20 05:11:57,5,42,20.7,99,6.7,1012.9,1017.8,0,0,10,322.8,0
2019-05-20 05:16:55,5,42,20.7,99,7.3,1013,1017.9,0,0,10,322.8,0
2019-05-20 05:16:57,5,42,20.7,99,7.3,1013,1017.9,0,0,10,322.8,0
2019-05-20 05:21:55,5,42,20.7,98,7.4,1012.9,1017.8,0,0,10,322.8,0
2019-05-20 05:21:57,5,42,20.7,98,7.4,1012.9,1017.8,0,0,10,322.8,0
2019-05-20 05:26:55,5,42,20.7,92,7.7,1013,1017.9,0,0,10,322.8,0
2019-05-20 05:31:55,5,42,20.7,91,7.9,1012.9,1017.8,0,0,10,322.8,0
2019-05-20 05:36:55,5,42,20.7,89,7.9,1012.9,1017.8,0,0,10,322.8,0
2019-05-20 05:41:55,5,42,20.7,88,8,1013.1,1018,0,0,10,322.8,0
2019-05-20 05:46:55,5,42,20.7,87,8.3,1012.9,1017.8,0,0,10,322.8,0
2019-05-20 05:51:55,5,42,20.7,87,8.9,1013.1,1018,0,0,10,322.8,0
2019-05-20 05:56:55,5,42,20.7,86,9.5,1013.1,1018,0,0,10,322.8,0
2019-05-20 06:01:55,5,42,20.7,84,9.5,1013.2,1018.1,0,0,10,322.8,0
2019-05-20 06:06:55,5,42,20.8,85,9.7,1013.1,1018,0,0,10,322.8,0
2019-05-20 06:11:55,5,43,20.8,85,10.2,1013.2,1018.1,0,0,10,322.8,0
2019-05-20 06:16:55,5,43,20.8,85,11,1013.3,1018.2,0,0,10,322.8,0
2019-05-20 06:21:55,5,43,20.8,84,10.7,1013.2,1018.1,0,0,12,322.8,0
2019-05-20 06:26:55,5,43,20.8,84,10.5,1013.3,1018.2,0,0,12,322.8,0
2019-05-20 06:31:55,5,43,20.8,83,10.3,1013.2,1018.1,0,0,12,322.8,0
2019-05-20 06:36:55,5,43,20.8,82,10.2,1013.3,1018.2,0,0,12,322.8,0
2019-05-20 06:41:55,5,43,20.8,83,10.5,1013.4,1018.3,0,0,12,322.8,0
2019-05-20 06:46:57,5,43,20.8,83,10.7,1013.3,1018.2,0,0.3,12,322.8,0
2019-05-20 06:51:59,5,43,20.8,82,10.5,1013.3,1018.2,0,0.3,12,322.8,0
2019-05-20 06:56:55,5,43,20.8,82,10.4,1013.5,1018.4,0,0.3,12,322.8,0
2019-05-20 07:01:55,5,43,20.8,83,10.5,1013.5,1018.4,0.7,1.4,14,322.8,0
2019-05-20 07:06:55,5,43,20.8,83,10.8,1013.5,1018.4,1.4,1.7,14,322.8,0
2019-05-20 07:11:55,5,43,20.8,82,11.1,1013.6,1018.5,1,1.4,12,322.8,0
2019-05-20 07:16:55,5,43,20.9,81,11,1013.6,1018.5,1.4,1.7,14,322.8,0
2019-05-20 07:21:55,5,43,20.9,80,10.8,1013.5,1018.4,1.7,2,14,322.8,0
2019-05-20 07:26:55,5,44,20.9,80,11.1,1013.5,1018.4,1.7,2,14,322.8,0
2019-05-20 07:31:55,5,44,20.9,80,11,1013.6,1018.5,1.7,2,14,322.8,0
2019-05-20 07:36:55,5,43,21,80,11.7,1013.7,1018.6,1.7,2.4,12,322.8,0
2019-05-20 07:41:55,5,43,21,79,11.5,1013.7,1018.6,1.4,1.7,14,322.8,0
2019-05-20 07:46:55,5,43,21,80,12,1013.7,1018.6,0.7,1.4,0,322.8,0
2019-05-20 07:51:55,5,44,21,78,12.1,1013.6,1018.5,1.7,2.4,14,322.8,0
2019-05-20 07:56:55,5,43,21.1,76,13.5,1013.8,1018.7,0.7,1,0,322.8,0
2019-05-20 08:01:55,5,43,21.1,71,13.3,1013.9,1018.8,1.7,2.4,12,322.8,0
2019-05-20 08:06:55,5,43,21.1,72,13.2,1013.7,1018.6,1.4,2,14,322.8,0
2019-05-20 08:11:55,5,43,21.1,73,14.3,1013.9,1018.8,0.3,0.7,0,322.8,0
2019-05-20 08:16:55,5,43,21.1,68,14.6,1013.9,1018.8,2,2.7,14,322.8,0
2019-05-20 08:21:55,5,43,21.2,67,14.5,1013.8,1018.7,0.7,1,14,322.8,0
2019-05-20 08:26:55,5,43,21.2,68,14.6,1013.8,1018.7,1,1.4,12,322.8,0
2019-05-20 08:31:55,5,43,21.2,67,14,1013.7,1018.6,0.7,1,14,322.8,0
2019-05-20 08:36:55,5,43,21.1,69,13.4,1013.8,1018.7,1,1.7,12,322.8,0
2019-05-20 08:41:55,5,43,21.1,70,14.2,1013.7,1018.6,1,1.4,14,322.8,0
2019-05-20 08:46:55,5,43,21.1,68,14.6,1013.7,1018.6,1.4,2,0,322.8,0
2019-05-20 08:51:55,5,43,21.1,65,15.6,1013.7,1018.6,1,1.4,0,322.8,0
2019-05-20 08:56:55,5,43,21.1,63,15.1,1013.6,1018.5,0.7,1,0,322.8,0
2019-05-20 09:01:55,5,43,21.1,63,15.5,1013.6,1018.5,1,1.4,2,322.8,0
2019-05-20 09:06:55,5,43,21.1,62,15,1013.7,1018.6,0,0.3,2,322.8,0
2019-05-20 09:11:55,5,43,21,62,14.9,1013.7,1018.6,1,1.7,2,322.8,0
2019-05-20 09:16:55,5,43,21,63,13.9,1013.7,1018.6,1,1.4,14,322.8,0
2019-05-20 09:21:55,5,44,21,63,13.8,1013.8,1018.7,1,1.7,0,322.8,0
2019-05-20 09:26:55,5,44,21,63,15,1013.8,1018.7,0.7,1,14,322.8,0
2019-05-20 09:31:55,5,44,21,62,16.4,1013.7,1018.6,0.3,0.7,,322.8,0
2019-05-20 09:36:55,5,44,21,53,18,1013.7,1018.6,0.3,1,0,322.8,0
2019-05-20 09:41:55,5,44,21,53,16.5,1013.7,1018.6,2.4,3.4,14,322.8,0
2019-05-20 09:46:55,5,44,21.1,59,14.6,1013.8,1018.7,2.4,2.7,14,322.8,0
2019-05-20 09:51:55,5,44,21.1,62,13.7,1013.7,1018.6,1,1.4,0,322.8,0
2019-05-20 09:56:55,5,44,21.1,65,12.9,1013.8,1018.7,2,2.7,12,322.8,0
2019-05-20 10:01:55,5,44,21.1,69,12.7,1013.7,1018.6,2,2.4,12,322.8,0
2019-05-20 10:06:55,5,44,21.1,70,12.6,1013.8,1018.7,2.4,3.1,12,322.8,0
2019-05-20 10:11:55,5,44,21,72,12.4,1013.8,1018.7,2.4,3.4,12,322.8,0
2019-05-20 10:16:55,5,44,21,70,13.1,1013.7,1018.6,1,1.4,14,322.8,0
2019-05-20 10:21:55,5,44,21,65,13.8,1013.8,1018.7,1.7,2.4,0,322.8,0
2019-05-20 10:26:55,5,44,21,60,13.6,1013.8,1018.7,1.7,2,14,322.8,0
2019-05-20 10:31:55,5,44,21,60,14.3,1013.7,1018.6,1.7,2.4,14,322.8,0
2019-05-20 10:36:55,5,44,21,54,15,1013.8,1018.7,2.4,3.1,14,322.8,0
2019-05-20 10:41:55,5,44,21,53,15,1013.8,1018.7,1,1.4,14,322.8,0
2019-05-20 10:46:55,5,44,21,53,15.2,1013.7,1018.6,2.4,3.1,15,322.8,0
2019-05-20 10:51:55,5,45,21,51,15.9,1013.7,1018.6,1,1.4,4,322.8,0
2019-05-20 10:56:55,5,45,21,50,17.3,1013.7,1018.6,1,1.4,0,322.8,0
2019-05-20 11:01:55,5,45,21,43,17.9,1013.7,1018.6,1,1.4,0,322.8,0
2019-05-20 11:06:55,5,45,21,45,17,1013.8,1018.7,1,1.4,14,322.8,0
2019-05-20 11:11:55,5,45,21,50,15.8,1013.7,1018.6,1,1.7,12,322.8,0
2019-05-20 11:16:55,5,45,21,51,15,1013.6,1018.5,0,0,14,322.8,0
2019-05-20 11:21:55,5,45,21,52,17,1013.7,1018.6,0.3,0.7,8,322.8,0
2019-05-20 11:26:55,5,45,21,50,16.9,1013.6,1018.5,1,1.7,8,322.8,0
2019-05-20 11:31:55,5,45,21,50,18,1013.6,1018.5,0.3,0.7,2,322.8,0
2019-05-20 11:36:55,5,45,21,47,17.3,1013.7,1018.6,3.1,3.7,14,322.8,0
2019-05-20 11:41:55,5,45,21.1,50,16,1013.5,1018.4,1,1.4,0,322.8,0
2019-05-20 11:46:55,5,45,21,51,15.3,1013.8,1018.7,2.4,3.4,14,322.8,0
2019-05-20 11:51:55,5,45,21,51,14.7,1013.8,1018.7,1.7,2.4,14,322.8,0
2019-05-20 11:56:55,5,45,21,56,15.8,1013.7,1018.6,1,1.7,15,322.8,0
2019-05-20 12:01:55,5,45,21,48,17.8,1013.6,1018.5,0.7,1.4,14,322.8,0
2019-05-20 12:06:55,5,45,21.1,42,17.8,1013.6,1018.5,0.7,1,12,322.8,0
2019-05-20 12:11:55,5,45,21.1,43,17.7,1013.6,1018.5,1.4,1.7,0,322.8,0
2019-05-20 12:16:55,5,46,21.1,41,17.8,1013.6,1018.5,1,1.7,0,322.8,0
2019-05-20 12:21:55,5,46,21.1,42,17.1,1013.5,1018.4,2,2.7,8,322.8,0
2019-05-20 12:26:55,5,46,21.1,47,16.4,1013.6,1018.5,1.4,1.7,14,322.8,0
2019-05-20 12:31:55,5,46,21.1,43,15.5,1013.6,1018.5,1.7,2.4,14,322.8,0
2019-05-20 12:36:55,5,46,21.1,45,15.5,1013.8,1018.7,1.4,1.7,10,322.8,0
2019-05-20 12:41:55,5,46,21.1,43,15.3,1013.8,1018.7,0.7,0.7,14,322.8,0
2019-05-20 12:46:55,5,46,21.1,48,15.9,1013.7,1018.6,1,1.4,14,322.8,0
2019-05-20 12:51:55,5,46,21.1,51,16,1013.7,1018.6,1,1.4,12,322.8,0
2019-05-20 12:56:55,5,46,21.1,51,16.4,1013.6,1018.5,1,1.4,12,322.8,0
2019-05-20 13:01:55,5,46,21.1,49,17.9,1013.6,1018.5,1.4,1.7,12,322.8,0
2019-05-20 13:06:55,5,46,21.1,46,18.4,1013.5,1018.4,1.4,2,8,322.8,0
2019-05-20 13:11:55,5,46,21.2,42,18.2,1013.6,1018.5,4.1,4.8,12,322.8,0
2019-05-20 13:16:55,5,46,21.2,45,18.3,1013.5,1018.4,1.4,1.7,10,322.8,0
2019-05-20 13:21:55,5,46,21.2,42,17.9,1013.7,1018.6,3.1,3.7,12,322.8,0
2019-05-20 13:26:55,5,46,21.2,43,17.1,1013.6,1018.5,1.4,2,12,322.8,0
2019-05-20 13:31:55,5,46,21.2,46,17.2,1013.6,1018.5,2,2.4,10,322.8,0
2019-05-20 13:36:55,5,46,21.2,42,18.9,1013.4,1018.3,1.7,2,12,322.8,0
2019-05-20 13:41:55,5,46,21.2,40,18.2,1013.5,1018.4,2.4,3.4,14,322.8,0
2019-05-20 13:46:55,5,46,21.5,41,17.9,1013.6,1018.5,2.7,3.4,14,322.8,0
2019-05-20 13:51:55,5,46,21.5,43,17.3,1013.4,1018.3,1.7,2.4,0,322.8,0
2019-05-20 13:56:55,5,46,21.5,43,17.9,1013.4,1018.3,0.7,1,0,322.8,0
2019-05-20 14:01:55,5,46,21.5,40,19.4,1013.4,1018.3,1,1.7,12,322.8,0
2019-05-20 14:06:55,5,46,21.5,38,18.7,1013.5,1018.4,3.1,3.7,12,322.8,0
2019-05-20 14:11:55,5,46,21.5,41,17,1013.3,1018.2,1,1.4,12,322.8,0
2019-05-20 14:16:55,5,46,21.6,44,18.2,1013.4,1018.3,0.7,1,0,322.8,0
2019-05-20 14:21:55,5,46,21.7,40,18.9,1013.4,1018.3,2.7,3.7,10,322.8,0
2019-05-20 14:26:55,5,46,21.8,41,18.5,1013.5,1018.4,2.4,3.1,14,322.8,0
2019-05-20 14:31:55,5,46,21.8,41,17.5,1013.5,1018.4,2.7,3.7,14,322.8,0
2019-05-20 14:36:55,5,46,21.9,42,17.5,1013.5,1018.4,1.7,2.4,12,322.8,0
2019-05-20 14:41:55,5,45,22,43,17.3,1013.6,1018.5,3.1,3.1,14,322.8,0
2019-05-20 14:46:55,5,45,22,43,18,1013.3,1018.2,1.7,2,12,322.8,0
2019-05-20 14:51:55,5,45,22,40,17.3,1013.5,1018.4,0.7,1.4,14,322.8,0
2019-05-20 14:56:55,5,45,22.1,42,16.9,1013.5,1018.4,1,1.7,12,322.8,0
2019-05-20 15:01:55,5,45,22.1,41,17.7,1013.4,1018.3,2.4,2.7,12,322.8,0
2019-05-20 15:06:55,5,45,22.2,44,17.4,1013.5,1018.4,2.7,3.7,14,322.8,0
2019-05-20 15:11:55,5,45,22.2,44,18.1,1013.4,1018.3,2,3.1,14,322.8,0
2019-05-20 15:16:55,5,45,22.2,43,18.3,1013.6,1018.5,1.4,2,0,322.8,0
2019-05-20 15:21:55,5,46,22.3,43,18.2,1013.4,1018.3,2.4,3.1,12,322.8,0
2019-05-20 15:26:55,5,46,22.3,42,18.4,1013.3,1018.2,2.4,4.1,12,322.8,0
2019-05-20 15:31:55,5,46,22.5,40,18.4,1013.6,1018.5,2.4,3.1,0,322.8,0
2019-05-20 15:36:55,5,46,22.5,41,18.5,1013.5,1018.4,1.4,2.4,12,322.8,0
2019-05-20 15:41:55,5,46,22.6,40,18.4,1013.5,1018.4,2,3.1,14,322.8,0
2019-05-20 15:46:55,5,46,22.8,41,19.6,1013.3,1018.2,0.7,1.4,0,322.8,0
2019-05-20 15:51:55,5,46,22.9,38,20.8,1013.4,1018.3,1.4,1.7,12,322.8,0
2019-05-20 15:56:55,5,45,23,39,19.9,1013.3,1018.2,1.4,1.7,12,322.8,0
2019-05-20 16:01:55,5,45,23.1,35,19.3,1013.3,1018.2,3.1,3.4,14,322.8,0
2019-05-20 16:06:55,5,45,23.2,37,19,1013.3,1018.2,2.4,3.1,14,322.8,0
2019-05-20 16:11:55,5,45,23.4,39,19.2,1013.3,1018.2,1,1.4,12,322.8,0
2019-05-20 16:16:55,5,45,23.5,36,19.3,1013.3,1018.2,2.7,3.4,0,322.8,0
2019-05-20 16:21:55,5,45,23.6,35,19.1,1013.1,1018,2,2.7,14,322.8,0
2019-05-20 16:26:55,5,45,23.7,34,18.7,1013.3,1018.2,2,2.4,12,322.8,0
2019-05-20 16:31:55,5,45,23.9,37,18.5,1013.4,1018.3,1.7,2,12,322.8,0
2019-05-20 16:36:55,5,44,24,36,17.9,1013.2,1018.1,2.4,3.1,14,322.8,0
2019-05-20 16:41:55,5,44,24.1,41,18.3,1013.3,1018.2,2,2.7,10,322.8,0
2019-05-20 16:46:55,5,43,24.3,42,18.5,1013.1,1018,2,2.7,12,322.8,0
2019-05-20 16:51:55,5,42,24.4,42,18.5,1013.2,1018.1,2,3.1,12,322.8,0
2019-05-20 16:56:55,5,42,24.5,42,18,1013.2,1018.1,2.4,2.7,12,322.8,0
2019-05-20 17:01:55,5,42,24.5,42,17.9,1013.2,1018.1,3.1,3.7,14,322.8,0
2019-05-20 17:06:55,5,42,24.6,42,18,1013.1,1018,1,1.7,12,322.8,0
2019-05-20 17:11:55,5,41,24.7,42,18.3,1013.2,1018.1,1.4,2,14,322.8,0
2019-05-20 17:16:55,5,38,24.7,44,17.9,1013.2,1018.1,2,2,14,322.8,0
2019-05-20 17:21:55,5,36,24.7,43,18,1013.2,1018.1,1,1.7,12,322.8,0
2019-05-20 17:26:55,5,35,24.7,41,17.6,1013.4,1018.3,1.7,2.4,12,322.8,0
2019-05-20 17:31:55,5,35,24.7,42,17.8,1013.2,1018.1,1.7,1.7,12,322.8,0
2019-05-20 17:36:55,5,34,24.8,45,17.8,1013.2,1018.1,1.7,2.4,12,322.8,0
2019-05-20 17:41:55,5,34,24.8,50,17.4,1013.3,1018.2,3.4,4.4,14,322.8,0
2019-05-20 17:46:55,5,34,24.8,50,17.3,1013.1,1018,1.7,2.4,12,322.8,0
2019-05-20 17:51:55,5,34,24.9,50,17.2,1013.2,1018.1,2,2.4,12,322.8,0
2019-05-20 17:56:55,5,34,25,50,17,1013.3,1018.2,1.4,2.7,12,322.8,0
2019-05-20 18:01:55,5,34,25,50,17,1013.2,1018.1,3.4,4.4,12,322.8,0
2019-05-20 18:06:55,5,35,25.2,51,16.7,1013.1,1018,2,2.7,12,322.8,0
2019-05-20 18:11:55,5,34,25.8,51,16.6,1013.3,1018.2,2.4,3.4,12,322.8,0
2019-05-20 18:16:55,5,34,25.8,51,16.5,1013.4,1018.3,1.4,1.7,10,322.8,0
2019-05-20 18:21:55,5,35,25.8,51,16,1013.4,1018.3,2,2.7,14,322.8,0
2019-05-20 18:26:55,5,35,25.7,52,15.9,1013.4,1018.3,1.7,2.7,14,322.8,0
2019-05-20 18:31:55,5,36,25.7,50,15.5,1013.5,1018.4,2.4,3.4,15,322.8,0
2019-05-20 18:36:55,5,37,25.7,52,15.6,1013.5,1018.4,1.4,1.7,14,322.8,0
2019-05-20 18:41:55,5,37,25.7,53,16.1,1013.6,1018.5,2,2.4,14,322.8,0
2019-05-20 18:46:55,5,36,25.7,53,16.1,1013.6,1018.5,0.3,0.7,14,322.8,0
2019-05-20 18:51:55,5,35,25.6,54,16.2,1013.7,1018.6,1,1.4,14,322.8,0
2019-05-20 18:56:55,5,35,25.6,52,16,1013.6,1018.5,0.7,1,14,322.8,0
2019-05-20 19:01:55,5,34,25.6,54,16.2,1013.7,1018.6,0.7,1,0,322.8,0
2019-05-20 19:06:55,5,34,25.5,57,16,1013.8,1018.7,0.7,1.4,0,322.8,0
2019-05-20 19:11:55,5,34,25.4,59,15.9,1013.9,1018.8,1,1.4,0,322.8,0
2019-05-20 19:16:55,5,34,25.3,60,15.7,1013.9,1018.8,1.4,2,0,322.8,0
2019-05-20 19:21:55,5,34,25.2,60,15.5,1014,1018.9,1,1.7,0,322.8,0
2019-05-20 19:26:55,5,34,25.1,60,16,1014.1,1019,0.7,1.4,0,322.8,0
2019-05-20 19:31:55,5,34,25,58,16.4,1014,1018.9,1,1.7,0,322.8,0
2019-05-20 19:36:55,5,34,24.9,55,16.5,1014.1,1019,1,1.4,0,322.8,0
2019-05-20 19:41:55,5,34,24.8,55,16.5,1014.2,1019.1,0.7,1,0,322.8,0
2019-05-20 19:46:55,5,34,24.7,55,16.3,1014.3,1019.2,1.4,1.7,0,322.8,0
2019-05-20 19:51:55,5,34,24.6,56,16,1014.3,1019.2,0.7,1.4,0,322.8,0
2019-05-20 19:56:55,5,35,24.5,57,15.6,1014.3,1019.2,1,1.7,0,322.8,0
2019-05-20 20:01:55,5,35,24.4,59,15.2,1014.4,1019.3,1,1.7,0,322.8,0
2019-05-20 20:06:55,5,35,24.4,60,14.6,1014.4,1019.3,2,2.4,0,322.8,0
2019-05-20 20:11:55,5,35,24.3,61,13.7,1014.4,1019.3,1.4,1.7,0,322.8,0
2019-05-20 20:16:55,5,36,24.2,62,13.1,1014.5,1019.4,1,1.4,0,322.8,0
2019-05-20 20:21:55,5,36,24.1,63,12.7,1014.6,1019.5,0.7,1,0,322.8,0
2019-05-20 20:26:55,5,36,24.1,68,12.4,1014.6,1019.5,0.3,0.7,0,322.8,0
2019-05-20 20:31:55,5,36,24,69,12.1,1014.7,1019.6,0.7,1.4,0,322.8,0
2019-05-20 20:36:55,5,37,23.9,70,11.7,1014.9,1019.8,0.7,1,0,322.8,0
2019-05-20 20:41:55,5,37,23.9,70,11.4,1015,1019.9,0.3,0.7,0,322.8,0
2019-05-20 20:46:55,5,37,23.9,70,11.2,1015,1019.9,0,0.3,0,322.8,0
2019-05-20 20:51:55,5,37,23.8,70,11.1,1015.2,1020.1,0,0.3,0,322.8,0
2019-05-20 20:56:55,5,37,23.6,70,10.8,1015.2,1020.1,0.3,0.7,0,322.8,0
2019-05-20 21:01:55,5,37,23.6,71,10.6,1015.4,1020.3,0,0.3,0,322.8,0
2019-05-20 21:06:55,5,37,23.5,71,10.4,1015.3,1020.2,0.7,1,0,322.8,0
2019-05-20 21:11:55,5,38,23.4,71,10.2,1015.3,1020.2,0.3,0.7,0,322.8,0
2019-05-20 21:16:55,5,38,23.3,71,10,1015.3,1020.2,0.3,0.7,0,322.8,0
2019-05-20 21:21:55,5,38,23.1,71,9.8,1015.5,1020.4,0,0,0,322.8,0
2019-05-20 21:26:55,5,38,23.1,71,9.7,1015.5,1020.4,0,0.3,0,322.8,0
2019-05-20 21:31:55,5,38,22.9,72,9.5,1015.7,1020.6,0,0,0,322.8,0
2019-05-20 21:36:55,5,38,22.9,72,9.4,1015.8,1020.7,0,0,0,322.8,0
2019-05-20 21:41:55,5,38,22.8,72,9.3,1015.7,1020.6,0,0,0,322.8,0
2019-05-20 21:46:55,5,39,22.7,72,9.2,1015.7,1020.6,0,0,0,322.8,0
2019-05-20 21:51:55,5,39,22.6,73,9.2,1015.7,1020.6,0,0,0,322.8,0
2019-05-20 21:56:55,5,39,22.5,73,8.9,1015.7,1020.6,0,0,0,322.8,0
2019-05-20 22:01:55,5,39,22.5,74,8.9,1015.9,1020.8,0.7,1,2,322.8,0
2019-05-20 22:06:55,5,39,22.4,75,8.8,1016,1020.9,0.3,0.7,2,322.8,0
2019-05-20 22:11:55,5,39,22.4,75,8.6,1015.9,1020.8,0,0,2,322.8,0
2019-05-20 22:16:55,5,39,22.2,74,8.3,1015.9,1020.8,0,0,2,322.8,0
2019-05-20 22:21:55,5,39,22.2,75,8,1015.9,1020.8,0,0,2,322.8,0
2019-05-20 22:26:55,5,39,22.1,75,7.8,1016.1,1021,0,0,0,322.8,0
2019-05-20 22:31:55,5,39,22.1,75,7.7,1016.2,1021.1,0,0,0,322.8,0
2019-05-20 22:36:55,5,39,22,76,7.6,1016.1,1021,0,0,4,322.8,0
2019-05-20 22:41:55,5,39,22,82,7.4,1016.2,1021.1,0,0,4,322.8,0
2019-05-20 22:46:55,5,41,21.9,83,7.2,1016.2,1021.1,0,0,4,322.8,0
2019-05-20 22:51:55,5,41,21.9,84,7.2,1016.3,1021.2,0,0,4,322.8,0
2019-05-20 22:56:55,5,41,21.8,84,7,1016.2,1021.1,0,0,4,322.8,0
2019-05-20 23:01:55,5,41,21.8,85,7,1016.2,1021.1,0,0,4,322.8,0
2019-05-20 23:06:55,5,41,21.7,85,6.9,1016.1,1021,0,0,3,322.8,0
2019-05-20 23:11:55,5,41,21.6,85,6.8,1016.2,1021.1,0,0,3,322.8,0
2019-05-20 23:16:55,5,41,21.6,86,6.8,1016.3,1021.2,0,0,3,322.8,0
2019-05-20 23:21:55,5,41,21.5,86,6.7,1016.3,1021.2,0,0,4,322.8,0
2019-05-20 23:26:55,5,41,21.5,87,6.6,1016.4,1021.3,0,0,4,322.8,0
2019-05-20 23:31:55,5,41,21.5,87,6.5,1016.5,1021.4,0,0,4,322.8,0
2019-05-20 23:36:55,5,41,21.5,87,6.4,1016.4,1021.3,0,0,4,322.8,0
2019-05-20 23:41:55,5,41,21.5,87,6.4,1016.4,1021.3,0,0,4,322.8,0
2019-05-20 23:46:55,5,41,21.5,87,6.2,1016.5,1021.4,0,0,4,322.8,0
2019-05-20 23:51:55,5,41,21.5,87,6.1,1016.5,1021.4,0,0,4,322.8,0
2019-05-20 23:56:55,5,41,21.5,87,6,1016.5,1021.4,0,0,4,322.8,0
