2019-05-28 00:00:53,5,51,20.8,80,9.4,1009,1013.9,0.7,1.4,8,333.3,0
2019-05-28 00:05:53,5,51,20.8,80,9.4,1008.9,1013.8,1,1.4,12,333.3,0
2019-05-28 00:10:53,5,51,20.8,79,9.5,1009,1013.9,1,1.4,12,333.3,0
2019-05-28 00:15:53,5,51,20.8,79,9.5,1009,1013.9,1,1.4,13,333.3,0
2019-05-28 00:20:53,5,51,20.8,79,9.6,1009,1013.9,1.4,2,12,333.3,0
2019-05-28 00:25:53,5,51,20.7,77,9.7,1009,1013.9,3.4,4.4,14,333.3,0
2019-05-28 00:30:53,5,51,20.7,75,10,1009.1,1014,3.4,4.4,12,333.3,0
2019-05-28 00:35:53,5,51,20.7,74,10,1009.1,1014,2,2.7,10,333.3,0
2019-05-28 00:40:53,5,51,20.7,73,10.1,1009.1,1014,2.7,3.7,14,333.3,0
2019-05-28 00:45:53,5,51,20.7,73,10.1,1009.2,1014.1,2.7,3.4,10,333.3,0
2019-05-28 00:50:53,5,51,20.7,73,10.1,1009,1013.9,3.7,5.8,12,333.3,0
2019-05-28 00:55:53,5,51,20.7,74,10.1,1009.1,1014,4.8,6.1,4,333.3,0
2019-05-28 01:00:53,5,51,20.7,75,10,1009.2,1014.1,1.7,2.7,14,333.3,0
2019-05-28 01:05:53,5,51,20.7,76,9.9,1009.2,1014.1,3.4,4.4,12,333.3,0
2019-05-28 01:10:53,5,51,20.6,76,9.9,1009.3,1014.2,2.4,3.4,12,333.3,0
2019-05-28 01:15:53,5,51,20.6,77,9.9,1009.3,1014.2,2.7,3.4,14,333.3,0
2019-05-28 01:20:53,5,51,20.6,77,9.8,1009.4,1014.3,1.4,1.7,10,333.3,0
2019-05-28 01:25:53,5,51,20.6,78,9.8,1009.4,1014.3,1.7,2.7,8,333.3,0
2019-05-28 01:30:53,5,51,20.6,78,9.8,1009.6,1014.5,2.7,3.4,12,333.3,0
2019-05-28 01:35:53,5,51,20.5,79,9.8,1009.7,1014.6,4.1,4.8,12,333.3,0
2019-05-28 01:40:53,5,51,20.5,79,9.8,1009.7,1014.6,2,2.7,12,333.3,0
2019-05-28 01:45:53,5,51,20.6,79,9.9,1009.7,1014.6,3.4,5.1,12,333.3,0
2019-05-28 01:50:53,5,51,20.6,79,10,1009.8,1014.7,1.7,2.4,14,333.3,0
2019-05-28 01:55:53,5,51,20.5,79,10,1009.9,1014.8,1.7,2.4,10,333.3,0
2019-05-28 02:00:53,5,51,20.5,80,10,1010,1014.9,1.4,2,0,333.3,0
2019-05-28 02:05:53,5,51,20.5,80,10,1010,1014.9,2.7,3.4,10,333.3,0
2019-05-28 02:10:53,5,51,20.5,81,10.1,1010.1,1015,4.8,5.4,14,333.3,0
2019-05-28 02:15:53,5,51,20.5,83,10.1,1010.2,1015.1,3.4,4.8,0,333.3,0
2019-05-28 02:20:53,5,51,20.4,84,9.9,1010.1,1015,2,2.7,14,333.3,0
2019-05-28 02:25:53,5,51,20.4,86,9.8,1010.3,1015.2,2.7,3.7,14,333.6,0
2019-05-28 02:30:53,5,51,20.4,87,9.8,1010.1,1015,3.1,4.1,12,333.6,0
2019-05-28 02:35:53,5,51,20.4,88,9.8,1010.3,1015.2,3.4,5.4,12,333.6,0
2019-05-28 02:40:53,5,51,20.4,88,9.8,1010.5,1015.4,1.7,2.4,12,333.6,0
2019-05-28 02:45:53,5,51,20.5,89,9.9,1010.6,1015.5,3.7,5.1,14,333.6,0
2019-05-28 02:50:53,5,51,20.4,89,9.9,1010.4,1015.3,3.4,4.1,14,333.6,0
2019-05-28 02:55:53,5,51,20.4,89,9.9,1010.5,1015.4,3.4,4.8,14,333.6,0
2019-05-28 03:00:53,5,51,20.4,89,9.9,1010.4,1015.3,4.1,5.1,14,333.6,0
2019-05-28 03:05:53,5,51,20.4,89,9.8,1010.7,1015.6,3.7,4.4,14,333.6,0
2019-05-28 03:10:53,5,51,20.4,89,9.8,1010.6,1015.5,2.7,3.7,12,333.6,0
2019-05-28 03:15:53,5,51,20.4,89,9.8,1010.8,1015.7,2.7,3.4,0,333.6,0
2019-05-28 03:20:53,5,51,20.4,89,9.7,1010.8,1015.7,3.4,4.4,12,333.6,0
2019-05-28 03:25:53,5,51,20.4,89,9.6,1010.8,1015.7,2.4,3.4,14,333.6,0
2019-05-28 03:30:53,5,51,20.4,89,9.6,1010.8,1015.7,2.4,4.4,14,333.6,0
2019-05-28 03:35:53,5,51,20.4,89,9.6,1011,1015.9,3.1,4.1,14,333.6,0
2019-05-28 03:40:53,5,51,20.3,89,9.6,1011.2,1016.1,2,3.1,0,333.6,0
2019-05-28 03:45:53,5,51,20.3,90,9.6,1011.2,1016.1,2,3.1,12,333.6,0
2019-05-28 03:50:53,5,51,20.3,90,9.6,1011.1,1016,3.1,4.4,0,333.6,0
2019-05-28 03:55:53,5,51,20.3,90,9.6,1011.2,1016.1,1.4,2,14,333.6,0
2019-05-28 04:00:53,5,51,20.3,90,9.6,1011.3,1016.2,1.7,2.4,14,333.6,0
2019-05-28 04:05:53,5,51,20.3,90,9.5,1011.3,1016.2,3.1,3.7,10,333.6,0
2019-05-28 04:10:53,5,51,20.3,89,9.4,1011.4,1016.3,3.7,4.8,14,333.6,0
2019-05-28 04:15:53,5,51,20.3,90,9.4,1011.6,1016.5,1.7,2.7,14,333.6,0
2019-05-28 04:20:53,5,51,20.3,90,9.4,1011.4,1016.3,1.4,2.4,14,333.6,0
2019-05-28 04:25:53,5,51,20.3,90,9.3,1011.4,1016.3,1.7,3.4,14,333.6,0
2019-05-28 04:30:53,5,51,20.3,90,9.3,1011.8,1016.7,1.7,2.4,14,333.6,0
2019-05-28 04:35:53,5,51,20.3,90,9.1,1011.9,1016.8,0.7,1,14,333.6,0
2019-05-28 04:40:53,5,51,20.3,90,9.1,1011.8,1016.7,1.4,2,14,333.6,0
2019-05-28 04:45:53,5,51,20.3,90,9,1011.8,1016.7,1.4,2,14,333.6,0
2019-05-28 04:50:53,5,51,20.3,90,9,1012.1,1017,0.7,1.4,14,333.6,0
2019-05-28 04:55:53,5,51,20.3,90,9,1012.1,1017,1,1.7,0,333.6,0
2019-05-28 05:00:53,5,51,20.3,90,8.9,1012.2,1017.1,1.7,2,12,333.6,0
2019-05-28 05:05:53,5,51,20.2,90,9,1012.1,1017,3.1,3.7,14,333.6,0
2019-05-28 05:10:53,5,51,20.2,90,9,1012.4,1017.3,2.7,3.4,14,333.6,0
2019-05-28 05:15:53,5,51,20.2,90,9,1012.3,1017.2,2.7,3.7,14,333.6,0
2019-05-28 05:20:53,5,51,20.2,90,8.9,1012.5,1017.4,3.1,3.7,0,333.6,0
2019-05-28 05:25:53,5,51,20.2,90,8.9,1012.4,1017.3,2,2.7,14,333.6,0
2019-05-28 05:30:53,5,51,20.2,90,8.9,1012.5,1017.4,2.7,3.7,0,333.6,0
2019-05-28 05:35:53,5,51,20.2,90,8.9,1012.4,1017.3,1,1.4,14,333.6,0
2019-05-28 05:40:53,5,51,20.2,89,8.9,1012.7,1017.6,1.4,2,0,333.6,0
2019-05-28 05:45:53,5,51,20.2,89,8.8,1012.8,1017.7,2,2.7,12,333.6,0
2019-05-28 05:50:53,5,51,20.2,89,8.8,1012.7,1017.6,2.4,3.7,14,333.6,0
2019-05-28 05:55:53,5,51,20.2,88,8.8,1012.7,1017.6,3.4,4.4,12,333.6,0
2019-05-28 06:00:53,5,51,20.2,88,8.9,1012.7,1017.6,2,3.7,14,333.6,0
2019-05-28 06:05:53,5,51,20.2,88,8.9,1013.1,1018,1.7,2.4,12,333.6,0
2019-05-28 06:10:53,5,51,20.2,88,9,1013.1,1018,1.7,2.4,12,333.6,0
2019-05-28 06:15:53,5,51,20.2,88,9,1013,1017.9,2,2.4,10,333.6,0
2019-05-28 06:20:53,5,51,20.2,87,9,1013.1,1018,1,1.7,12,333.6,0
2019-05-28 06:25:53,5,51,20.2,87,9.2,1013.1,1018,1,1.4,14,333.6,0
2019-05-28 06:30:53,5,51,20.2,88,9.9,1013.3,1018.2,1,1.7,14,333.6,0
2019-05-28 06:35:53,5,51,20.2,86,10.7,1013.3,1018.2,1,1.4,0,333.6,0
2019-05-28 06:40:53,5,51,20.2,83,11.3,1013.3,1018.2,1.7,2.4,14,333.6,0
2019-05-28 06:45:53,5,51,20.2,80,11.5,1013.4,1018.3,2,2.7,14,333.6,0
2019-05-28 06:50:53,5,51,20.2,77,11,1013.6,1018.5,2.4,3.1,12,333.6,0
2019-05-28 06:55:53,5,51,20.2,76,11.1,1013.5,1018.4,1,1.4,14,333.6,0
2019-05-28 07:00:53,5,51,20.3,75,11.6,1013.6,1018.5,2.4,3.1,12,333.6,0
2019-05-28 07:05:53,5,51,20.3,74,11.7,1013.7,1018.6,2.4,2.7,12,333.6,0
2019-05-28 07:10:53,5,51,20.3,72,11.8,1013.9,1018.8,2,2.7,14,333.6,0
2019-05-28 07:15:53,5,51,20.3,71,11.6,1013.9,1018.8,1,1.7,14,333.6,0
2019-05-28 07:20:53,5,51,20.3,72,11.8,1013.8,1018.7,2.4,3.1,12,333.6,0
2019-05-28 07:25:53,5,52,20.3,72,12.4,1014,1018.9,1,1.7,14,333.6,0
2019-05-28 07:30:53,5,52,20.3,71,12.3,1014,1018.9,1.4,2,0,333.6,0
2019-05-28 07:35:53,5,52,20.3,70,12.4,1014.1,1019,2.7,3.4,14,333.6,0
2019-05-28 07:40:53,5,52,20.4,70,11.6,1014.2,1019.1,2.4,2.7,14,333.6,0
2019-05-28 07:45:53,5,52,20.4,72,11.2,1014.1,1019,0.7,1,0,333.6,0
2019-05-28 07:50:53,5,52,20.4,73,11.3,1014.4,1019.3,2,3.4,14,333.6,0
2019-05-28 07:55:53,5,52,20.5,73,10.9,1014.4,1019.3,1,1.7,14,333.6,0
2019-05-28 08:00:53,5,52,20.5,74,11.1,1014.4,1019.3,2.4,2.7,14,333.6,0
2019-05-28 08:05:53,5,52,20.5,74,10.9,1014.4,1019.3,1.4,1.7,14,333.6,0
2019-05-28 08:10:53,5,52,20.5,74,11,1014.3,1019.2,1.7,2,0,333.6,0
2019-05-28 08:15:53,5,52,20.5,75,11.1,1014.5,1019.4,2,3.1,14,333.6,0
2019-05-28 08:20:53,5,52,20.5,75,11.2,1014.4,1019.3,1.7,2.4,12,333.6,0
2019-05-28 08:25:53,5,52,20.5,74,11.1,1014.5,1019.4,1.7,2,12,333.6,0
2019-05-28 08:30:53,5,52,20.5,74,11.2,1014.4,1019.3,1.4,2,12,333.6,0
2019-05-28 08:35:53,5,52,20.6,72,11.2,1014.5,1019.4,2.4,2.7,14,333.6,0
2019-05-28 08:40:53,5,52,20.6,72,11.3,1014.3,1019.2,2.7,3.4,14,333.6,0
2019-05-28 08:45:53,5,52,20.6,70,11.2,1014.5,1019.4,3.1,4.1,12,333.6,0
2019-05-28 08:50:53,5,52,20.6,71,12.1,1014.3,1019.2,1,1.7,0,333.6,0
2019-05-28 08:55:53,5,52,20.6,61,12.5,1014.5,1019.4,3.1,3.7,12,333.6,0
2019-05-28 09:00:53,5,52,20.6,64,12.1,1014.5,1019.4,0.7,1,0,333.6,0
2019-05-28 09:05:53,5,52,20.7,63,12.5,1014.5,1019.4,1.7,2.4,12,333.6,0
2019-05-28 09:10:53,5,52,20.7,62,13.1,1014.4,1019.3,0.7,1.4,14,333.6,0
2019-05-28 09:15:53,5,52,20.7,61,12.8,1014.5,1019.4,3.4,3.7,12,333.6,0
2019-05-28 09:20:53,5,52,20.7,62,12.8,1014.5,1019.4,1.4,2,14,333.6,0
2019-05-28 09:25:53,5,52,20.7,61,12.9,1014.5,1019.4,1.4,1.7,14,333.6,0
2019-05-28 09:30:53,5,52,20.7,60,13,1014.6,1019.5,2.4,2.7,14,333.6,0
2019-05-28 09:35:53,5,52,20.7,62,12.4,1014.5,1019.4,1.7,2,12,333.6,0
2019-05-28 09:40:53,5,52,20.7,61,12.5,1014.4,1019.3,1.4,1.7,12,333.6,0
2019-05-28 09:45:53,5,52,20.7,60,13.3,1014.6,1019.5,1.4,1.7,14,333.6,0
2019-05-28 09:50:53,5,52,20.7,57,13.3,1014.6,1019.5,2.4,3.7,14,333.6,0
2019-05-28 09:55:53,5,52,20.7,60,12.7,1014.5,1019.4,2.7,3.7,14,333.6,0
2019-05-28 10:00:53,5,52,20.7,62,12.4,1014.6,1019.5,2.4,2.7,14,333.6,0
2019-05-28 10:05:53,5,52,20.8,62,12.4,1014.6,1019.5,2.4,3.4,14,333.6,0
2019-05-28 10:10:53,5,52,20.8,62,12.2,1014.7,1019.6,3.1,3.7,14,333.6,0
2019-05-28 10:15:53,5,52,20.8,63,12.4,1014.7,1019.6,1,1.4,14,333.6,0
2019-05-28 10:20:53,5,52,20.8,60,12.8,1014.7,1019.6,2.7,3.1,14,333.6,0
2019-05-28 10:25:53,5,52,20.8,59,13.1,1014.5,1019.4,0.7,1,0,333.6,0
2019-05-28 10:30:53,5,52,20.8,57,13.7,1014.7,1019.6,1.7,2.4,0,333.6,0
2019-05-28 10:35:53,5,52,20.9,56,13,1014.8,1019.7,2.4,3.4,10,333.6,0
2019-05-28 10:40:53,5,52,20.9,55,12.6,1015,1019.9,2,3.1,14,333.6,0
2019-05-28 10:45:53,5,52,20.9,57,12.7,1015.1,1020,1.7,3.1,14,333.6,0
2019-05-28 10:50:53,5,52,20.9,59,13.4,1014.9,1019.8,0.7,1,0,333.6,0
2019-05-28 10:55:53,5,52,20.9,59,14.9,1015,1019.9,0.3,0.7,0,333.6,0
2019-05-28 11:00:53,5,52,20.9,52,14.4,1015,1019.9,2.4,3.1,0,333.6,0
2019-05-28 11:05:53,5,52,20.9,52,14,1014.9,1019.8,3.1,4.1,14,333.6,0
2019-05-28 11:10:53,5,52,20.9,52,13.9,1014.9,1019.8,2.4,3.4,14,333.6,0
2019-05-28 11:15:53,5,52,20.9,52,14.3,1014.9,1019.8,2.4,3.1,12,333.6,0
2019-05-28 11:20:53,5,52,20.9,51,14.1,1014.9,1019.8,2.7,3.1,14,333.6,0
2019-05-28 11:25:53,5,52,20.9,52,13.6,1014.9,1019.8,1.7,2.4,12,333.6,0
2019-05-28 11:30:53,5,52,20.9,53,13.6,1014.8,1019.7,2,2.7,14,333.6,0
2019-05-28 11:35:53,5,51,21,53,13.9,1014.8,1019.7,1.4,2,0,333.6,0
2019-05-28 11:40:53,5,51,21,53,14.1,1015,1019.9,2.7,3.4,12,333.6,0
2019-05-28 11:45:53,5,51,21,50,13.7,1015.1,1020,1.7,2,14,333.6,0
2019-05-28 11:50:53,5,51,21,52,14.2,1015.1,1020,2,2.7,12,333.6,0
2019-05-28 11:55:53,5,51,21,51,13.5,1015.2,1020.1,2.4,3.4,14,333.6,0
2019-05-28 12:00:53,5,51,21,51,13.5,1015.1,1020,2.4,3.1,14,333.6,0
2019-05-28 12:05:53,5,51,21,51,13.6,1015.1,1020,2,2.7,12,333.6,0
2019-05-28 12:10:53,5,51,21.1,52,14.5,1015.1,1020,2.7,3.7,14,333.6,0
2019-05-28 12:15:53,5,51,21.1,51,14.5,1015.2,1020.1,1.7,3.1,14,333.6,0
2019-05-28 12:20:53,5,51,21.1,50,14.4,1015,1019.9,2,3.1,0,333.6,0
2019-05-28 12:25:53,5,51,21.1,47,14.6,1015.1,1020,4.1,5.1,12,333.6,0
2019-05-28 12:30:53,5,51,21.1,50,15.9,1015.1,1020,2.4,3.1,12,333.6,0
2019-05-28 12:35:53,5,51,21.1,48,15.9,1014.9,1019.8,1,1.4,14,333.6,0
2019-05-28 12:40:53,5,51,21.2,48,16.5,1015,1019.9,3.1,5.4,12,333.6,0
2019-05-28 12:45:53,5,51,21.2,53,16.6,1015.2,1020.1,3.1,4.4,12,333.6,0
2019-05-28 12:50:53,5,51,21.2,52,15.3,1015.1,1020,0.7,1.4,12,333.6,0
2019-05-28 12:55:53,5,51,21.2,52,14.8,1015.2,1020.1,1.7,2.4,12,333.6,0
2019-05-28 13:00:53,5,51,21.2,52,14.3,1015.1,1020,2.7,3.4,14,333.6,0
2019-05-28 13:05:53,5,51,21.2,53,14.2,1015,1019.9,1.7,2.4,10,333.6,0
2019-05-28 13:10:53,5,51,21.2,49,14.2,1015.1,1020,2.4,3.4,12,333.6,0
2019-05-28 13:15:53,5,51,21.2,47,15,1015.1,1020,3.1,3.7,14,333.6,0
2019-05-28 13:20:53,5,51,21.2,45,14.8,1014.8,1019.7,2,3.1,14,333.6,0
2019-05-28 13:25:53,5,51,21.2,43,14.9,1014.9,1019.8,3.1,4.1,12,333.6,0
2019-05-28 13:30:53,5,51,21.2,45,14.8,1014.8,1019.7,2,2.7,14,333.6,0
2019-05-28 13:35:53,5,51,21.2,51,15.7,1014.9,1019.8,1.4,2,10,333.6,0
2019-05-28 13:40:53,5,51,21.5,51,15.4,1015.1,1020,2,2.7,12,333.6,0
2019-05-28 13:45:53,5,51,21.4,51,15.2,1014.9,1019.8,2.4,3.1,12,333.6,0
2019-05-28 13:50:53,5,51,21.5,51,15,1015.1,1020,3.7,5.1,14,333.6,0
2019-05-28 13:55:53,5,51,21.4,52,14.8,1015.1,1020,1.4,2,12,333.6,0
2019-05-28 14:00:53,5,51,21.4,52,15.4,1015.1,1020,1,1.7,10,333.6,0
2019-05-28 14:05:53,5,51,21.5,50,15.4,1015,1019.9,3.4,4.4,14,333.6,0
2019-05-28 14:10:53,5,51,21.5,50,15,1015,1019.9,1.7,2.4,12,333.6,0
2019-05-28 14:15:53,5,51,21.6,51,15.5,1014.9,1019.8,1.4,2,12,333.6,0
2019-05-28 14:20:53,5,51,21.6,49,15.3,1015.1,1020,2.4,2.7,14,333.6,0
2019-05-28 14:25:53,5,51,21.6,50,14.8,1015,1019.9,1,1.7,12,333.6,0
2019-05-28 14:30:53,5,51,21.6,50,14.8,1015.2,1020.1,1,1.7,12,333.6,0
2019-05-28 14:35:53,5,51,21.6,52,14.8,1014.9,1019.8,1,1.7,12,333.6,0
2019-05-28 14:40:53,5,51,21.6,51,15,1014.9,1019.8,1.7,2,12,333.6,0
2019-05-28 14:45:53,5,51,21.8,54,16.2,1014.9,1019.8,2.4,3.1,12,333.6,0
2019-05-28 14:50:53,5,51,21.8,50,15.9,1014.9,1019.8,1.7,2.7,12,333.6,0
2019-05-28 14:55:53,5,51,21.9,48,15.8,1014.9,1019.8,3.4,4.1,14,333.6,0
2019-05-28 15:00:53,5,51,21.9,48,15.3,1014.9,1019.8,4.4,5.1,12,333.6,0
2019-05-28 15:05:53,5,50,22,50,15.1,1015,1019.9,0.7,1.4,12,333.6,0
2019-05-28 15:10:53,5,50,22,51,15,1015,1019.9,1.7,2.4,12,333.6,0
2019-05-28 15:15:53,5,50,22.1,51,15.5,1015,1019.9,0.7,1,12,333.6,0
2019-05-28 15:20:53,5,50,22.1,53,15.1,1015,1019.9,1.7,2.4,9,333.6,0
2019-05-28 15:25:53,5,50,22.1,54,15.2,1015.1,1020,1.4,2,12,333.6,0
2019-05-28 15:30:53,5,50,22.2,53,15.3,1015.1,1020,1.4,1.7,10,333.6,0
2019-05-28 15:35:53,5,50,22.2,51,16.1,1014.9,1019.8,1,1.7,10,333.6,0
2019-05-28 15:40:53,5,50,22.3,50,16.3,1014.8,1019.7,1.7,2,12,333.6,0
2019-05-28 15:45:53,5,50,22.3,51,15.9,1014.9,1019.8,1.7,2,12,333.6,0
2019-05-28 15:50:53,5,50,22.3,52,15.4,1015,1019.9,1.7,2.4,12,333.6,0
2019-05-28 15:55:53,5,50,22.5,53,15.1,1015,1019.9,2,2.7,12,333.6,0
2019-05-28 16:00:53,5,50,22.5,54,14.8,1014.8,1019.7,1.4,2,10,333.6,0
2019-05-28 16:05:53,5,50,22.5,54,14.7,1015,1019.9,1.4,1.7,12,333.6,0
2019-05-28 16:10:53,5,50,22.5,57,14.6,1015,1019.9,1.4,1.7,12,333.6,0
2019-05-28 16:15:53,5,50,22.5,57,14.6,1014.9,1019.8,3.1,3.4,14,333.6,0
2019-05-28 16:20:53,5,50,22.6,57,14.4,1014.8,1019.7,3.1,4.1,12,333.6,0
2019-05-28 16:25:53,5,49,22.5,57,14.3,1014.8,1019.7,2.7,3.7,12,333.6,0
2019-05-28 16:30:53,5,49,22.6,58,14.5,1014.6,1019.5,2,2.4,8,333.6,0
2019-05-28 16:35:53,5,49,22.6,59,14.6,1014.6,1019.5,1.7,2.4,12,333.6,0
2019-05-28 16:40:53,5,49,22.6,58,14.6,1014.7,1019.6,2,2.7,4,333.6,0
2019-05-28 16:45:53,5,49,22.7,57,14.5,1014.9,1019.8,1.7,2.4,12,333.6,0
2019-05-28 16:50:53,5,49,22.7,58,14.8,1014.7,1019.6,2.7,3.4,12,333.6,0
2019-05-28 16:55:53,5,49,22.7,57,15,1014.7,1019.6,1.7,2,12,333.6,0
2019-05-28 17:00:53,5,49,22.8,55,14.9,1014.6,1019.5,1.7,2.4,12,333.6,0
2019-05-28 17:05:53,5,49,22.8,54,14.8,1014.7,1019.6,1.7,2,14,333.6,0
2019-05-28 17:10:53,5,48,22.8,54,14.9,1014.6,1019.5,1,1.7,12,333.6,0
2019-05-28 17:15:53,5,48,22.8,56,15.2,1014.7,1019.6,1.7,2.4,12,333.6,0
2019-05-28 17:20:53,5,48,22.8,53,14.7,1014.6,1019.5,3.1,3.4,13,333.6,0
2019-05-28 17:25:53,5,48,22.9,55,14.7,1014.5,1019.4,2,2.7,9,333.6,0
2019-05-28 17:30:53,5,48,22.9,56,14.4,1014.7,1019.6,2.4,3.1,12,333.6,0
2019-05-28 17:35:53,5,46,23,57,13.8,1014.7,1019.6,1,1.4,12,333.6,0
2019-05-28 17:40:53,5,45,22.8,59,13.4,1014.7,1019.6,1,1.4,12,333.6,0
2019-05-28 17:45:53,5,44,22.8,61,13.2,1014.5,1019.4,1,1.7,10,333.6,0
2019-05-28 17:50:53,5,45,22.7,62,13.2,1014.7,1019.6,1.4,1.7,12,333.6,0
2019-05-28 17:55:53,5,45,22.6,63,13.1,1014.7,1019.6,1.4,1.7,12,333.6,0
2019-05-28 18:00:53,5,45,22.5,63,13,1014.6,1019.5,1.7,2,12,333.6,0
2019-05-28 18:05:53,5,46,22.5,62,12.8,1014.7,1019.6,1.7,2.4,12,333.6,0
2019-05-28 18:10:53,5,46,22.4,62,12.7,1014.7,1019.6,1,1.7,14,333.6,0
2019-05-28 18:15:53,5,46,22.3,62,12.6,1014.8,1019.7,1.7,2.4,12,333.6,0
2019-05-28 18:20:53,5,46,22.3,62,12.6,1014.9,1019.8,1,1.4,14,333.6,0
2019-05-28 18:25:53,5,46,22.2,63,12.5,1014.9,1019.8,1,1.7,12,333.6,0
2019-05-28 18:30:53,5,46,22.2,68,12.4,1014.8,1019.7,2,2.7,14,333.6,0
2019-05-28 18:35:53,5,44,22.1,69,12.3,1014.8,1019.7,1.4,1.7,12,333.6,0
2019-05-28 18:40:53,5,43,22,69,12.4,1014.8,1019.7,1.4,1.7,14,333.6,0
2019-05-28 18:45:53,5,44,21.9,70,12.4,1014.7,1019.6,1.7,2,12,333.6,0
2019-05-28 18:50:53,5,44,21.8,70,12.2,1014.7,1019.6,2.4,3.1,12,333.6,0
2019-05-28 18:55:53,5,45,21.8,70,12.2,1014.8,1019.7,1.7,2,12,333.6,0
2019-05-28 19:00:53,5,45,21.7,70,12.2,1014.8,1019.7,1.4,1.7,14,333.6,0
2019-05-28 19:05:53,5,46,21.6,71,12.2,1014.8,1019.7,1,1.4,12,333.6,0
2019-05-28 19:10:53,5,47,21.8,71,12.1,1014.7,1019.6,1.4,2,14,333.6,0
2019-05-28 19:15:53,5,47,21.8,71,12,1014.6,1019.5,0.7,1,12,333.6,0
2019-05-28 19:20:53,5,48,21.8,71,12,1014.6,1019.5,1.4,1.7,0,333.6,0
2019-05-28 19:25:53,5,48,21.9,71,11.9,1014.7,1019.6,1,1.4,12,333.6,0
2019-05-28 19:30:53,5,47,22,71,11.9,1014.5,1019.4,0.7,1.4,12,333.6,0
2019-05-28 19:35:53,5,49,21.9,71,11.8,1014.4,1019.3,1.4,2,12,333.6,0
2019-05-28 19:40:53,5,48,22.1,71,11.8,1014.4,1019.3,0.3,0.7,12,333.6,0
2019-05-28 19:45:54,5,48,22.1,71,11.7,1014.5,1019.4,0.3,0.7,12,333.6,0
2019-05-28 19:50:57,5,48,22.1,72,11.7,1014.4,1019.3,0.7,1,12,333.6,0
2019-05-28 19:55:53,5,48,22.2,72,11.6,1014.2,1019.1,0.7,1,12,333.6,0
2019-05-28 20:00:53,5,48,22.2,72,11.6,1014.3,1019.2,0.3,0.7,12,333.6,0
2019-05-28 20:05:53,5,48,22.3,72,11.5,1014.1,1019,0.3,0.7,12,333.6,0
2019-05-28 20:10:53,5,48,22.3,73,11.5,1014.2,1019.1,0.3,0.3,12,333.6,0
2019-05-28 20:15:53,5,48,22.3,73,11.5,1014,1018.9,0.3,0.7,12,333.6,0
2019-05-28 20:20:53,5,48,22.4,73,11.4,1013.9,1018.8,0,0.3,12,333.6,0
2019-05-28 20:25:53,5,48,22.5,73,11.4,1013.8,1018.7,0,0,10,333.6,0
2019-05-28 20:30:53,5,48,22.5,74,11.3,1013.9,1018.8,0,0.3,10,333.6,0
2019-05-28 20:35:53,5,48,22.5,74,11.2,1013.8,1018.7,0.3,0.3,8,333.6,0
2019-05-28 20:40:53,5,48,22.6,74,11.2,1013.7,1018.6,0,0.3,8,333.6,0
2019-05-28 20:45:53,5,48,22.6,74,11.1,1013.6,1018.5,0,0,8,333.6,0
2019-05-28 20:50:53,5,48,22.6,75,11.1,1013.9,1018.8,0,0.3,8,333.6,0
2019-05-28 20:55:53,5,48,22.6,75,11,1013.9,1018.8,0,0.3,8,333.6,0
2019-05-28 21:00:53,5,48,22.5,75,10.9,1013.7,1018.6,0.3,0.3,4,333.6,0
2019-05-28 21:05:53,5,48,22.5,76,10.9,1013.8,1018.7,0.3,0.7,12,333.6,0
2019-05-28 21:10:53,5,48,22.5,76,10.8,1013.7,1018.6,0,0.3,10,333.6,0
2019-05-28 21:15:53,5,48,22.5,76,10.7,1013.9,1018.8,0,0,10,333.6,0
2019-05-28 21:20:53,5,48,22.5,76,10.7,1013.7,1018.6,0,0.3,10,333.6,0
2019-05-28 21:25:53,5,48,22.4,76,10.6,1013.8,1018.7,0,0.3,10,333.6,0
2019-05-28 21:30:53,5,48,22.4,76,10.6,1013.9,1018.8,0,0.3,10,333.6,0
2019-05-28 21:35:53,5,48,22.3,76,10.6,1013.8,1018.7,0,0,10,333.6,0
2019-05-28 21:40:53,5,48,22.3,76,10.6,1013.9,1018.8,0,0,10,333.6,0
2019-05-28 21:45:53,5,48,22.3,77,10.5,1013.9,1018.8,0,0.3,10,333.6,0
2019-05-28 21:50:53,5,48,22.3,77,10.5,1013.9,1018.8,0,0.3,10,333.6,0
2019-05-28 21:55:53,5,48,22.3,78,10.5,1013.9,1018.8,0.3,0.7,10,333.6,0
2019-05-28 22:00:53,5,48,22.2,78,10.4,1013.9,1018.8,0.3,0.7,10,333.6,0
2019-05-28 22:05:53,5,48,22.2,79,10.4,1013.8,1018.7,0.3,0.7,10,333.6,0
2019-05-28 22:10:53,5,48,22.1,80,10.4,1013.7,1018.6,0,0.3,12,333.6,0
2019-05-28 22:15:53,5,48,22.2,80,10.4,1013.8,1018.7,0.3,0.7,12,333.9,0
2019-05-28 22:20:53,5,48,22.1,81,10.3,1013.6,1018.5,0.3,0.7,10,333.9,0
2019-05-28 22:25:53,5,48,22.1,81,10.3,1013.6,1018.5,0,0,10,333.9,0
2019-05-28 22:30:53,5,48,22,82,10.3,1013.5,1018.4,0,0.3,4,333.9,0
2019-05-28 22:35:53,5,49,21.9,82,10.3,1013.5,1018.4,0.3,0.7,4,333.9,0
2019-05-28 22:40:53,5,49,21.8,82,10.3,1013.4,1018.3,0.3,0.3,4,333.9,0
2019-05-28 22:45:53,5,49,21.8,82,10.2,1013.2,1018.1,0.3,0.7,4,333.9,0
2019-05-28 22:50:53,5,49,21.6,83,10.2,1013.3,1018.2,0,0,4,333.9,0
2019-05-28 22:55:53,5,49,21.6,83,10.2,1013.1,1018,0.3,0.3,4,333.9,0
2019-05-28 23:00:53,5,49,21.5,83,10.2,1013.1,1018,0,0,4,333.9,0
2019-05-28 23:05:53,5,50,21.5,83,10.1,1013.2,1018.1,0.3,0.7,4,333.9,0
2019-05-28 23:10:53,5,50,21.5,84,10.1,1013.1,1018,0.3,0.7,4,333.9,0
2019-05-28 23:15:53,5,50,21.4,84,10.1,1013.1,1018,0,0,4,333.9,0
2019-05-28 23:20:53,5,50,21.4,84,10.1,1013,1017.9,0,0.3,2,333.9,0
2019-05-28 23:25:53,5,50,21.2,85,10.1,1012.8,1017.7,0.3,1,4,333.9,0
2019-05-28 23:30:53,5,50,21.2,85,10.1,1012.8,1017.7,0.3,0.7,2,334.2,0
2019-05-28 23:35:53,5,50,21.2,85,10.1,1012.7,1017.6,0.7,1,4,334.2,0
2019-05-28 23:40:53,5,50,21.2,86,10,1012.8,1017.7,1.4,1.7,4,334.2,0
2019-05-28 23:45:53,5,50,21.2,86,10,1012.6,1017.5,1,1.7,4,334.2,0
2019-05-28 23:50:53,5,50,21.2,87,10,1012.7,1017.6,1.4,1.7,4,334.2,0
2019-05-28 23:55:53,5,50,21.2,87,10,1012.5,1017.4,1.4,1.7,4,334.2,0
