2024-05-03 00:00:18,5,65,19.3,96,10.4,1006,1010.9,0,0,0,591,0
2024-05-03 00:05:18,5,65,19.3,96,10.3,1005.9,1010.8,0,0,10,591,0
2024-05-03 00:10:18,5,65,19.3,96,10.3,1006.1,1011,0,0,10,591,0
2024-05-03 00:15:18,5,65,19.3,96,10.3,1006.1,1011,0,0,,591,0
2024-05-03 00:20:18,5,65,19.2,96,10.3,1006.1,1011,0,0,15,591,0
2024-05-03 00:25:18,5,65,19.2,96,10.3,1006.2,1011.1,0,0,15,591,0
2024-05-03 00:30:18,5,65,19.2,96,10.3,1006.3,1011.2,0,0,13,591,0
2024-05-03 00:35:18,5,64,19.2,96,10.3,1006.3,1011.2,0,0,,591,0
2024-05-03 00:40:18,5,64,19.2,96,10.3,1006.2,1011.1,0,0,13,591,0
2024-05-03 00:45:18,5,64,19.2,96,10.3,1006.1,1011,0,0,14,591,0
2024-05-03 00:50:18,5,64,19.2,96,10.4,1006.2,1011.1,0,0,14,591,0
2024-05-03 00:55:18,5,64,19.2,96,10.4,1006.1,1011,0,0,14,591,0
2024-05-03 01:00:18,5,64,19.1,96,10.4,1006,1010.9,0,0,14,591,0
2024-05-03 01:05:18,5,64,19.1,96,10.4,1006.1,1011,0,0,11,591,0
2024-05-03 01:10:18,5,64,19.1,96,10.4,1006.1,1011,0,0,10,591,0
2024-05-03 01:15:18,5,64,19.1,96,10.4,1006.1,1011,0,0,,591,0
2024-05-03 01:20:18,5,64,19.1,96,10.4,1006,1010.9,0,0,,591,0
2024-05-03 01:25:18,5,64,19.1,96,10.4,1006.1,1011,0,0,,591,0
2024-05-03 01:30:18,5,64,19.1,96,10.4,1006.1,1011,0,0,13,591,0
2024-05-03 01:35:18,5,64,19.1,96,10.4,1006.2,1011.1,0,0,,591,0
2024-05-03 01:40:18,5,64,19.1,96,10.4,1006.2,1011.1,0,0,,591,0
2024-05-03 01:45:18,5,64,19,96,10.4,1005.9,1010.8,0,0,15,591,0
2024-05-03 01:50:18,5,64,19,96,10.4,1005.9,1010.8,0,0,15,591,0
2024-05-03 01:55:18,5,64,19,96,10.4,1006,1010.9,0,0,14,591,0
2024-05-03 02:00:18,5,64,19,96,10.4,1006,1010.9,0,0,14,591.3,0
2024-05-03 02:05:18,5,64,19,96,10.4,1005.9,1010.8,0,0,10,591.3,0
2024-05-03 02:10:18,5,64,19,96,10.4,1005.9,1010.8,0,0,15,591.3,0
2024-05-03 02:15:18,5,63,19,96,10.4,1005.9,1010.8,0,0,15,591.3,0
2024-05-03 02:20:18,5,63,19,96,10.4,1005.9,1010.8,0,0,15,591.3,0
2024-05-03 02:25:18,5,63,19,96,10.4,1006,1010.9,0,0,15,591.3,0
2024-05-03 02:30:18,5,63,19,96,10.4,1005.9,1010.8,0,0,15,591.6,0
2024-05-03 02:35:18,5,63,19,96,10.3,1005.8,1010.7,0,0,15,591.6,0
2024-05-03 02:40:18,5,63,19,96,10.3,1005.9,1010.8,0,0,15,591.6,0
2024-05-03 02:45:18,5,63,19,96,10.2,1006,1010.9,0,0,15,591.6,0
2024-05-03 02:50:18,5,63,19,96,10.2,1006.1,1011,0,0,15,591.6,0
2024-05-03 02:55:18,5,63,19,96,10.2,1006.2,1011.1,0,0,15,591.6,0
2024-05-03 03:00:18,5,63,19,96,10.2,1006.3,1011.2,0,0,15,591.6,0
2024-05-03 03:05:18,5,63,19,96,10.1,1006.3,1011.2,0,0,15,591.6,0
2024-05-03 03:10:18,5,64,18.9,96,10.1,1006.1,1011,0,0,15,591.6,0
2024-05-03 03:15:18,5,64,18.9,96,10.2,1006.2,1011.1,0,0,15,591.6,0
2024-05-03 03:20:18,5,64,18.9,96,10.1,1006,1010.9,0,0,15,591.6,0
2024-05-03 03:25:18,5,64,18.9,96,10.1,1006.2,1011.1,0,0,15,591.6,0
2024-05-03 03:30:18,5,64,18.9,96,10.1,1006.1,1011,0,0,13,591.6,0
2024-05-03 03:35:18,5,64,18.9,96,10.1,1006.1,1011,0,0,14,591.6,0
2024-05-03 03:40:18,5,64,18.9,96,10.1,1006,1010.9,0,0,14,591.6,0
2024-05-03 03:45:18,5,64,18.9,96,10.1,1005.9,1010.8,0,0,14,591.6,0
2024-05-03 03:50:18,5,64,18.9,96,10.1,1005.7,1010.6,0,0,14,591.6,0
2024-05-03 03:55:18,5,64,18.9,96,10.1,1005.9,1010.8,0,0,14,591.6,0
2024-05-03 04:00:18,5,64,18.9,96,10.1,1006,1010.9,0,0,14,591.6,0
2024-05-03 04:05:18,5,64,18.9,96,10.1,1006.1,1011,0,0,14,591.6,0
2024-05-03 04:10:18,5,64,18.9,96,10.1,1006,1010.9,0,0,14,591.6,0
2024-05-03 04:15:18,5,64,18.9,96,10.1,1006.2,1011.1,0,0,14,591.6,0
2024-05-03 04:20:18,5,64,18.9,96,10.1,1006.2,1011.1,0,0,14,591.6,0
2024-05-03 04:25:18,5,64,18.8,96,10.1,1006.3,1011.2,0,0,14,591.6,0
2024-05-03 04:30:18,5,64,18.8,96,10.1,1006.6,1011.5,0,0,10,591.6,0
2024-05-03 04:35:18,5,64,18.8,96,10.1,1006.5,1011.4,0,0,10,591.6,0
2024-05-03 04:40:18,5,64,18.8,96,10.1,1006.6,1011.5,0,0,15,591.6,0
2024-05-03 04:45:18,5,64,18.8,96,10.2,1006.7,1011.6,0,0,10,591.6,0
2024-05-03 04:50:18,5,64,18.8,96,10.2,1006.7,1011.6,0,0,10,591.6,0
2024-05-03 04:55:18,5,64,18.8,96,10.2,1006.5,1011.4,0,0,0,591.6,0
2024-05-03 05:00:18,5,64,18.8,96,10.2,1006.5,1011.4,0,0,10,591.6,0
2024-05-03 05:05:18,5,64,18.8,96,10.2,1006.5,1011.4,0,0,,591.6,0
2024-05-03 05:10:18,5,64,18.8,96,10.2,1006.6,1011.5,0,0,10,591.6,0
2024-05-03 05:15:18,5,64,18.8,96,10.2,1006.5,1011.4,0,0,15,591.6,0
2024-05-03 05:20:18,5,64,18.8,96,10.1,1006.4,1011.3,0,0,0,591.6,0
2024-05-03 05:25:18,5,64,18.8,96,10.1,1006.3,1011.2,0,0,15,591.6,0
2024-05-03 05:30:18,5,64,18.8,96,10.2,1006.5,1011.4,0,0,15,591.6,0
2024-05-03 05:35:18,5,64,18.8,96,10.2,1006.5,1011.4,0,0,15,591.6,0
2024-05-03 05:40:18,5,64,18.7,96,10.2,1006.4,1011.3,0,0,1,591.6,0
2024-05-03 05:45:18,5,64,18.8,96,10.2,1006.4,1011.3,0,0,14,591.6,0
2024-05-03 05:50:18,5,64,18.8,96,10.2,1006.5,1011.4,0,0,14,591.6,0
2024-05-03 05:55:18,5,63,18.8,97,10.2,1006.6,1011.5,0,0,14,591.6,0
2024-05-03 06:00:18,5,63,18.7,97,10.2,1006.6,1011.5,0,0,14,591.6,0
2024-05-03 06:05:18,5,63,18.7,97,10.2,1006.8,1011.7,0,0,14,591.6,0
2024-05-03 06:10:18,5,63,18.7,96,10.2,1006.8,1011.7,0,0,14,591.6,0
2024-05-03 06:15:18,5,63,18.7,96,10.2,1006.9,1011.8,0,0,14,591.6,0
2024-05-03 06:20:18,5,63,18.8,96,10.2,1006.9,1011.8,0,0,14,591.6,0
2024-05-03 06:25:18,5,63,18.8,96,10.2,1006.9,1011.8,0,0,14,591.6,0
2024-05-03 06:30:18,5,63,18.7,96,10.1,1006.7,1011.6,0,0,14,591.6,0
2024-05-03 06:35:18,5,63,18.7,96,10.1,1006.9,1011.8,0,0,14,591.6,0
2024-05-03 06:40:18,5,63,18.7,96,10.1,1007,1011.9,0,0,14,591.6,0
2024-05-03 06:45:18,5,63,18.7,96,10.1,1007,1011.9,0,0,14,591.6,0
2024-05-03 06:50:18,5,63,18.7,96,10.1,1007,1011.9,0,0,1,591.6,0
2024-05-03 06:55:18,5,63,18.7,96,10.1,1007,1011.9,0,0,13,591.6,0
2024-05-03 07:00:18,5,63,18.7,96,10.1,1007,1011.9,0,0,1,591.6,0
2024-05-03 07:05:18,5,63,18.7,96,10.1,1007,1011.9,0,0,2,591.6,0
2024-05-03 07:10:18,5,63,18.7,96,10.1,1007,1011.9,0,0,2,591.6,0
2024-05-03 07:15:18,5,63,18.7,96,10.1,1007,1011.9,0,0,2,591.6,0
2024-05-03 07:20:18,5,63,18.7,96,10.1,1007.1,1012,0,0,2,591.6,0
2024-05-03 07:25:18,5,63,18.7,96,10.1,1007,1011.9,0,0,2,591.6,0
2024-05-03 07:30:18,5,63,18.7,96,10.1,1007,1011.9,0,0,2,591.6,0
2024-05-03 07:35:18,5,63,18.7,96,10.1,1007.1,1012,0,0,13,591.6,0
2024-05-03 07:40:18,5,63,18.7,96,10.1,1007.2,1012.1,0,0,2,591.6,0
2024-05-03 07:45:18,5,63,18.7,96,10.1,1007.2,1012.1,0,0,2,591.6,0
2024-05-03 07:50:18,5,63,18.7,96,10.1,1007.3,1012.2,0,0,,591.6,0
2024-05-03 07:55:18,5,63,18.7,96,10.1,1007.1,1012,0,0,2,591.6,0
2024-05-03 08:00:18,5,63,18.7,97,10.2,1007.2,1012.1,0,0,15,591.6,0
2024-05-03 08:05:18,5,64,18.8,97,10.2,1007.1,1012,0,0,13,591.6,0
2024-05-03 08:10:18,5,64,18.8,97,10.3,1007,1011.9,0,0,0,591.6,0
2024-05-03 08:15:18,5,64,18.8,97,10.3,1007.1,1012,0,0,1,591.6,0
2024-05-03 08:20:18,5,64,18.8,97,10.3,1007.1,1012,0,0,1,591.6,0
2024-05-03 08:25:18,5,64,18.8,97,10.3,1007.2,1012.1,0,0,14,591.6,0
2024-05-03 08:30:18,5,64,18.9,97,10.3,1007.1,1012,0,0,13,591.6,0
2024-05-03 08:35:18,5,64,18.9,97,10.4,1007.2,1012.1,0,0,1,591.6,0
2024-05-03 08:40:18,5,64,19,97,10.3,1007.1,1012,0,0,14,591.6,0
2024-05-03 08:45:18,5,64,19,97,10.4,1007.3,1012.2,0,0,15,591.6,0
2024-05-03 08:50:18,5,64,19.1,97,10.4,1007.3,1012.2,0,0,13,591.6,0
2024-05-03 08:55:18,5,64,19.2,97,10.4,1007.3,1012.2,0,0,1,591.6,0
2024-05-03 09:00:18,5,64,19.3,97,10.4,1007.4,1012.3,0,0,6,591.6,0
2024-05-03 09:05:18,5,64,19.3,97,10.4,1007.3,1012.2,0,0,1,591.6,0
2024-05-03 09:10:18,5,64,19.3,97,10.5,1007.3,1012.2,0,0,1,591.6,0
2024-05-03 09:15:18,5,64,19.3,97,10.5,1007.3,1012.2,0,0,8,591.6,0
2024-05-03 09:20:18,5,65,19.5,97,10.6,1007.3,1012.2,0,0,14,591.6,0
2024-05-03 09:25:18,5,65,19.5,97,10.6,1007.2,1012.1,0,0,14,591.6,0
2024-05-03 09:30:18,5,65,19.6,97,10.6,1007.3,1012.2,0,0,13,591.6,0
2024-05-03 09:35:18,5,65,19.7,97,10.7,1007.3,1012.2,0,0,14,591.6,0
2024-05-03 09:40:18,5,65,19.7,97,10.7,1007.4,1012.3,0,0,,591.6,0
2024-05-03 09:45:18,5,65,19.8,97,10.8,1007.3,1012.2,0,0,15,591.6,0
2024-05-03 09:50:18,5,64,19.8,97,10.8,1007.3,1012.2,0,0,2,591.6,0
2024-05-03 09:55:18,5,64,19.8,97,10.8,1007.3,1012.2,0,0,2,591.6,0
2024-05-03 10:00:18,5,64,19.9,97,10.8,1007.4,1012.3,0,0,15,591.6,0
2024-05-03 10:05:18,5,63,20,97,10.7,1007.4,1012.3,0,0,2,591.6,0
2024-05-03 10:10:18,5,63,20,97,10.7,1007.5,1012.4,0,0,2,591.6,0
2024-05-03 10:15:18,5,63,20,97,10.7,1007.5,1012.4,0,0,2,591.6,0
2024-05-03 10:20:18,5,63,20.1,97,10.8,1007.6,1012.5,0,0,2,591.6,0
2024-05-03 10:25:18,5,62,20.1,97,10.7,1007.3,1012.2,0,0,2,591.6,0
2024-05-03 10:30:18,5,62,20.1,97,10.7,1007.4,1012.3,0,0,2,591.6,0
2024-05-03 10:35:18,5,62,20.1,97,10.7,1007.3,1012.2,0,0,2,591.6,0
2024-05-03 10:40:18,5,62,20.2,97,10.9,1007.3,1012.2,0,0,2,591.6,0
2024-05-03 10:45:18,5,62,20.2,97,10.8,1007.3,1012.2,0,0,2,591.6,0
2024-05-03 10:50:18,5,62,20.3,97,10.9,1007.3,1012.2,0,0,2,591.6,0
2024-05-03 10:55:18,5,62,20.3,97,10.9,1007.2,1012.1,0,0,2,591.6,0
2024-05-03 11:00:18,5,62,20.3,97,10.9,1007.3,1012.2,0,0,2,591.6,0
2024-05-03 11:05:18,5,61,20.4,97,10.9,1007.3,1012.2,0,0,2,591.6,0
2024-05-03 11:10:18,5,61,20.4,97,10.9,1007.2,1012.1,0,0,2,591.6,0
2024-05-03 11:15:18,5,61,20.4,97,11,1007.3,1012.2,0,0,2,591.6,0
2024-05-03 11:20:18,5,61,20.4,97,11,1007.3,1012.2,0,0,,591.6,0
2024-05-03 11:25:18,5,61,20.4,97,11,1007.3,1012.2,0,0,2,591.6,0
2024-05-03 11:30:18,5,61,20.4,97,11.1,1007.3,1012.2,0,0,,591.6,0
2024-05-03 11:35:18,5,61,20.5,97,11.2,1007.2,1012.1,0,0,15,591.6,0
2024-05-03 11:40:18,5,61,20.5,97,11.2,1007.1,1012,0,0,8,591.6,0
2024-05-03 11:45:18,5,61,20.5,97,11.3,1007.2,1012.1,0,0,,591.6,0
2024-05-03 11:50:18,5,61,20.5,97,11.3,1007.1,1012,0,0,,591.6,0
2024-05-03 11:55:18,5,61,20.5,97,11.4,1007.2,1012.1,0,0,,591.6,0
2024-05-03 12:00:18,5,61,20.5,97,11.4,1007.3,1012.2,0,0,,591.6,0
2024-05-03 12:05:18,5,61,20.5,97,11.3,1007.2,1012.1,0,0,15,591.6,0
2024-05-03 12:10:18,5,61,20.5,97,11.3,1007.3,1012.2,0,0,9,591.6,0
2024-05-03 12:15:18,5,61,20.4,97,11.4,1007.1,1012,0,0,,591.6,0
2024-05-03 12:20:18,5,61,20.4,97,11.4,1007.2,1012.1,0,0,,591.6,0
2024-05-03 12:25:18,5,61,20.4,97,11.3,1007.2,1012.1,0,0,,591.6,0
2024-05-03 12:30:18,5,61,20.4,97,11.3,1007.1,1012,0,0,2,591.6,0
2024-05-03 12:35:18,5,61,20.3,97,11.4,1007.5,1012.4,0,0,2,591.6,0
2024-05-03 12:40:18,5,61,20.2,97,11.6,1007.4,1012.3,0,0,2,591.6,0
2024-05-03 12:45:18,5,61,20.3,98,11.6,1007.3,1012.2,0,0,15,591.6,0
2024-05-03 12:50:18,5,61,20.3,98,11.8,1007.3,1012.2,0,0,,591.6,0
2024-05-03 12:55:18,5,61,20.3,98,11.7,1007.5,1012.4,0,0,,591.6,0
2024-05-03 13:00:18,5,61,20.2,98,11.8,1007.5,1012.4,0,0,2,591.6,0
2024-05-03 13:05:18,5,61,20.2,98,11.8,1007.5,1012.4,0,0,2,591.6,0
2024-05-03 13:10:18,5,61,20.2,97,11.7,1007.4,1012.3,0,0,15,591.6,0
2024-05-03 13:15:18,5,61,20.2,97,11.8,1007.5,1012.4,0,0,14,591.6,0
2024-05-03 13:20:18,5,61,20.2,97,11.9,1007.6,1012.5,0,0,,591.6,0
2024-05-03 13:25:18,5,61,20.2,97,11.9,1007.6,1012.5,0,0,14,591.6,0
2024-05-03 13:30:18,5,61,20.2,97,11.9,1007.6,1012.5,0,0,13,591.6,0
2024-05-03 13:35:18,5,62,20.3,97,11.9,1007.4,1012.3,0,0,13,591.6,0
2024-05-03 13:40:18,5,62,20.4,96,12,1007.3,1012.2,0,0,14,591.6,0
2024-05-03 13:45:18,5,62,20.4,96,12,1007.4,1012.3,0,0,13,591.6,0
2024-05-03 13:50:18,5,62,20.4,96,12,1007.4,1012.3,0,0,13,591.6,0
2024-05-03 13:55:18,5,62,20.4,95,12.1,1007.3,1012.2,0,0,14,591.6,0
2024-05-03 14:00:18,5,61,20.5,95,12,1007.4,1012.3,0,0,,591.6,0
2024-05-03 14:05:18,5,61,20.5,94,12,1007.5,1012.4,0,0,7,591.6,0
2024-05-03 14:10:18,5,61,20.6,93,12,1007.4,1012.3,0,0,14,591.6,0
2024-05-03 14:15:18,5,61,20.6,92,11.9,1007.5,1012.4,0,0,2,591.6,0
2024-05-03 14:20:18,5,61,20.6,92,12,1007.3,1012.2,0,0,11,591.6,0
2024-05-03 14:25:18,5,61,20.6,91,12,1007.4,1012.3,0,0,10,591.6,0
2024-05-03 14:30:18,5,61,20.6,91,11.9,1007.4,1012.3,0,0,13,591.6,0
2024-05-03 14:35:18,5,61,20.6,90,11.9,1007.5,1012.4,0,0,,591.6,0
2024-05-03 14:40:18,5,61,20.6,90,11.9,1007.4,1012.3,0,0,14,591.6,0
2024-05-03 14:45:18,5,60,20.7,90,11.8,1007.2,1012.1,0,0,15,591.6,0
2024-05-03 14:50:18,5,60,20.7,89,11.8,1007.3,1012.2,0,0,15,591.6,0
2024-05-03 14:55:18,5,60,20.7,89,11.8,1007.4,1012.3,0,0,,591.6,0
2024-05-03 15:00:18,5,60,20.8,88,11.7,1007.4,1012.3,0,0,15,591.6,0
2024-05-03 15:05:18,5,60,20.8,87,11.8,1007.4,1012.3,0,0,15,591.6,0
2024-05-03 15:10:18,5,60,20.7,87,11.7,1007.2,1012.1,0,0,15,591.6,0
2024-05-03 15:15:18,5,60,20.7,86,11.7,1007.3,1012.2,0,0,15,591.6,0
2024-05-03 15:20:18,5,60,20.8,86,11.8,1007.4,1012.3,0,0,15,591.6,0
2024-05-03 15:25:18,5,60,20.8,86,11.8,1007.4,1012.3,0,0,0,591.6,0
2024-05-03 15:30:18,5,60,20.8,85,11.8,1007.2,1012.1,0,0,13,591.6,0
2024-05-03 15:35:18,5,60,20.8,85,11.9,1007.4,1012.3,0,0,,591.6,0
2024-05-03 15:40:18,5,60,20.8,85,11.9,1007.4,1012.3,0,0,15,591.6,0
2024-05-03 15:45:18,5,60,20.8,85,11.9,1007.3,1012.2,0,0,2,591.6,0
2024-05-03 15:50:18,5,60,20.8,85,11.9,1007.4,1012.3,0,0,2,591.6,0
2024-05-03 15:55:18,5,60,20.7,84,11.9,1007.4,1012.3,0,0,2,591.6,0
2024-05-03 16:00:18,5,59,20.7,84,11.9,1007.4,1012.3,0,0,15,591.6,0
2024-05-03 16:05:18,5,59,20.7,83,11.9,1007.4,1012.3,0,0,15,591.6,0
2024-05-03 16:10:18,5,59,20.7,83,11.9,1007.4,1012.3,0,0.7,14,591.6,0
2024-05-03 16:15:18,5,59,20.6,83,11.8,1007.6,1012.5,0,0,,591.6,0
2024-05-03 16:20:18,5,59,20.6,82,11.8,1007.5,1012.4,1,1.4,,591.6,0
2024-05-03 16:25:18,5,59,20.5,82,11.8,1007.6,1012.5,1,1.7,,591.6,0
2024-05-03 16:30:18,5,59,20.5,82,11.8,1007.5,1012.4,1.7,2.4,,591.6,0
2024-05-03 16:35:18,5,59,20.4,82,11.8,1007.5,1012.4,2,2.4,,591.6,0
2024-05-03 16:40:18,5,60,20.5,81,11.7,1007.5,1012.4,1.7,2.4,15,591.6,0
2024-05-03 16:45:18,5,60,20.4,81,11.7,1007.6,1012.5,2.4,3.4,,591.6,0
2024-05-03 16:50:18,5,60,20.4,80,11.6,1007.5,1012.4,2,2.7,15,591.6,0
2024-05-03 16:55:18,5,60,20.4,80,11.6,1007.6,1012.5,1.4,1.7,15,591.6,0
2024-05-03 17:00:18,5,60,20.4,80,11.7,1007.4,1012.3,2.7,3.7,,591.6,0
2024-05-03 17:05:18,5,60,20.4,80,11.6,1007.5,1012.4,2,2.7,15,591.6,0
2024-05-03 17:10:18,5,60,20.3,80,11.6,1007.5,1012.4,2,2.4,,591.6,0
2024-05-03 17:15:20,5,59,20.3,80,11.7,1007.4,1012.3,2,3.1,,591.6,0
2024-05-03 17:20:18,5,58,20.3,80,11.7,1007.5,1012.4,2,2.7,15,591.6,0
2024-05-03 17:25:18,5,58,20.2,80,11.7,1007.4,1012.3,2,2.4,15,591.6,0
2024-05-03 17:30:18,5,58,20.2,79,11.6,1007.5,1012.4,2.4,3.1,14,591.6,0
2024-05-03 17:35:18,5,59,20.2,78,11.6,1007.5,1012.4,1.4,2,14,591.6,0
2024-05-03 17:40:18,5,59,20.2,78,11.5,1007.7,1012.6,1.4,2,14,591.6,0
2024-05-03 17:45:18,5,59,20.2,78,11.4,1007.7,1012.6,1.4,2,14,591.6,0
2024-05-03 17:50:18,5,59,20.1,78,11.4,1007.7,1012.6,1.4,2,15,591.6,0
2024-05-03 17:55:18,5,59,20.1,78,11.3,1007.7,1012.6,1.7,2,15,591.6,0
2024-05-03 18:00:18,5,59,20.1,78,11.3,1007.7,1012.6,1.4,1.7,15,591.6,0
2024-05-03 18:05:18,5,60,20,78,11.2,1007.6,1012.5,1.7,2.4,15,591.6,0
2024-05-03 18:10:18,5,60,20.1,79,11.2,1007.5,1012.4,2,2.7,15,591.6,0
2024-05-03 18:15:18,5,60,20,79,11.2,1007.5,1012.4,2,2.7,15,591.6,0
2024-05-03 18:20:18,5,60,20.1,79,11.2,1007.6,1012.5,1.4,1.7,15,591.6,0
2024-05-03 18:25:18,5,60,20,79,11.2,1007.5,1012.4,1.7,2,15,591.6,0
2024-05-03 18:30:18,5,60,20,80,11.1,1007.6,1012.5,1.7,2.4,,591.6,0
2024-05-03 18:35:18,5,61,20.1,80,11.1,1007.6,1012.5,1.4,1.7,,591.6,0
2024-05-03 18:40:18,5,61,20,80,11.1,1007.6,1012.5,1.4,1.7,,591.6,0
2024-05-03 18:45:18,5,61,20,81,11.1,1007.6,1012.5,2,2.4,,591.6,0
2024-05-03 18:50:18,5,60,20,81,11.1,1007.5,1012.4,1.4,2,,591.6,0
2024-05-03 18:55:18,5,61,20,81,11.1,1007.6,1012.5,1.4,2,,591.6,0
2024-05-03 19:00:18,5,61,20,81,11.1,1007.6,1012.5,1.4,1.7,15,591.6,0
2024-05-03 19:05:18,5,62,20,82,11.1,1007.5,1012.4,1.4,1.7,15,591.6,0
2024-05-03 19:10:18,5,63,20,82,11,1007.5,1012.4,1.4,2.4,1,591.6,0
2024-05-03 19:15:18,5,64,19.9,82,11,1007.6,1012.5,1.7,3.1,1,591.6,0
2024-05-03 19:20:18,5,64,20,82,10.9,1007.5,1012.4,1.7,2.4,15,591.6,0
2024-05-03 19:25:18,5,65,19.9,82,10.9,1007.6,1012.5,1.4,2,15,591.6,0
2024-05-03 19:30:18,5,65,19.9,81,10.8,1007.6,1012.5,1.4,2,15,591.6,0
2024-05-03 19:35:18,5,65,19.8,81,10.8,1007.7,1012.6,1.4,2,,591.6,0
2024-05-03 19:40:18,5,65,19.9,81,10.8,1007.6,1012.5,1,1.7,,591.6,0
2024-05-03 19:45:18,5,65,19.9,81,10.8,1007.8,1012.7,1.4,2,,591.6,0
2024-05-03 19:50:18,5,65,19.9,81,10.7,1007.6,1012.5,1.4,1.7,,591.6,0
2024-05-03 19:55:18,5,64,20,81,10.7,1007.7,1012.6,1.4,2,,591.6,0
2024-05-03 20:00:18,5,64,20,81,10.7,1007.6,1012.5,1,1.7,,591.6,0
2024-05-03 20:05:18,5,66,19.8,81,10.7,1007.7,1012.6,1,1.7,,591.6,0
2024-05-03 20:10:18,5,66,19.8,81,10.7,1007.8,1012.7,1,1.7,,591.6,0
2024-05-03 20:15:18,5,66,19.8,81,10.7,1007.9,1012.8,1,1.4,,591.6,0
2024-05-03 20:20:18,5,66,19.9,81,10.7,1007.7,1012.6,1.4,1.7,,591.6,0
2024-05-03 20:25:18,5,66,19.9,81,10.6,1007.7,1012.6,1,1.7,,591.6,0
2024-05-03 20:30:18,5,66,19.8,81,10.6,1007.8,1012.7,0.7,1.4,,591.6,0
2024-05-03 20:35:18,5,66,19.8,82,10.6,1007.9,1012.8,1,1.7,,591.6,0
2024-05-03 20:40:18,5,66,19.9,82,10.6,1007.7,1012.6,1,1.4,,591.6,0
2024-05-03 20:45:18,5,66,19.9,82,10.6,1007.9,1012.8,1,1.7,14,591.6,0
2024-05-03 20:50:18,5,66,19.8,82,10.6,1007.8,1012.7,1.4,2,14,591.6,0
2024-05-03 20:55:18,5,65,19.8,82,10.6,1007.8,1012.7,1.4,1.7,14,591.6,0
2024-05-03 21:00:18,5,65,19.8,83,10.6,1007.8,1012.7,1.4,1.7,14,591.6,0
2024-05-03 21:05:18,5,65,19.7,83,10.6,1007.7,1012.6,1.4,1.7,14,591.6,0
2024-05-03 21:10:18,5,65,19.7,83,10.6,1007.7,1012.6,1,1.7,14,591.6,0
2024-05-03 21:15:18,5,65,19.8,83,10.6,1008,1012.9,0.7,1.4,,591.6,0
2024-05-03 21:20:18,5,65,19.8,83,10.6,1007.8,1012.7,1,1.4,,591.6,0
2024-05-03 21:25:18,5,65,19.7,83,10.6,1007.8,1012.7,1.4,2,,591.6,0
2024-05-03 21:30:18,5,65,19.7,84,10.6,1007.8,1012.7,1,1.4,,591.6,0
2024-05-03 21:35:18,5,65,19.7,84,10.6,1007.7,1012.6,0.7,1.4,,591.6,0
2024-05-03 21:40:18,5,65,19.7,84,10.6,1007.7,1012.6,1.4,2,,591.6,0
2024-05-03 21:45:18,5,65,19.7,84,10.6,1007.7,1012.6,0.7,1.4,,591.6,0
2024-05-03 21:50:18,5,65,19.7,84,10.6,1007.9,1012.8,1,1.4,,591.6,0
2024-05-03 21:55:18,5,65,19.7,84,10.6,1007.8,1012.7,1,1.4,14,591.6,0
2024-05-03 22:00:18,5,65,19.6,84,10.6,1008,1012.9,1,1.4,,591.6,0
2024-05-03 22:05:18,5,65,19.6,85,10.6,1008,1012.9,1,1.7,,591.6,0
2024-05-03 22:10:18,5,65,19.6,85,10.6,1007.9,1012.8,1,1.7,,591.6,0
2024-05-03 22:15:18,5,64,19.6,85,10.6,1008.1,1013,0.7,1.4,,591.6,0
2024-05-03 22:20:18,5,64,19.6,85,10.6,1008,1012.9,0.7,1,14,591.6,0
2024-05-03 22:25:18,5,64,19.6,85,10.5,1008,1012.9,1.4,2,14,591.6,0
2024-05-03 22:30:18,5,64,19.6,86,10.6,1008,1012.9,1,1.4,14,591.6,0
2024-05-03 22:35:18,5,64,19.6,86,10.5,1008,1012.9,0.7,1,14,591.6,0
2024-05-03 22:40:18,5,64,19.4,86,10.5,1007.9,1012.8,0.7,1.4,,591.6,0
2024-05-03 22:45:18,5,64,19.5,86,10.5,1008,1012.9,0.7,1.4,14,591.6,0
2024-05-03 22:50:18,5,64,19.5,87,10.5,1008,1012.9,1,1.4,15,591.6,0
2024-05-03 22:55:18,5,64,19.5,87,10.5,1007.9,1012.8,1,1.4,,591.6,0
2024-05-03 23:00:18,5,64,19.5,87,10.5,1007.9,1012.8,1.4,2,,591.6,0
2024-05-03 23:05:18,5,64,19.5,87,10.5,1007.9,1012.8,1,1.7,,591.6,0
2024-05-03 23:10:18,5,64,19.5,87,10.5,1007.8,1012.7,1,1.4,,591.6,0
2024-05-03 23:15:18,5,64,19.5,88,10.4,1008,1012.9,0.7,1,,591.6,0
2024-05-03 23:20:18,5,64,19.3,88,10.4,1008.1,1013,1,1.4,,591.6,0
2024-05-03 23:25:18,5,64,19.4,88,10.4,1008,1012.9,1,1.4,,591.6,0
2024-05-03 23:30:18,5,64,19.4,88,10.4,1008,1012.9,0.7,1,,591.6,0
2024-05-03 23:35:18,5,64,19.4,88,10.4,1008,1012.9,1,1.4,,591.6,0
2024-05-03 23:40:18,5,64,19.4,88,10.3,1007.9,1012.8,1,1.7,,591.6,0
2024-05-03 23:45:18,5,64,19.4,88,10.3,1007.9,1012.8,1,1.4,,591.6,0
2024-05-03 23:50:18,5,64,19.4,88,10.3,1008,1012.9,1.4,1.7,,591.6,0
2024-05-03 23:55:18,5,64,19.4,89,10.3,1007.9,1012.8,1.4,2,15,591.6,0
