2024-05-02 00:00:19,5,55,19.7,75,8.1,1009.6,1014.5,0,0,8,586.5,0
2024-05-02 00:05:19,5,55,19.7,75,8,1009.6,1014.5,0,0,8,586.5,0
2024-05-02 00:10:19,5,55,19.7,75,7.9,1009.5,1014.4,0,0,,586.5,0
2024-05-02 00:15:19,5,55,19.7,75,7.8,1009.5,1014.4,0.3,0.7,,586.5,0
2024-05-02 00:20:19,5,55,19.6,75,7.8,1009.5,1014.4,0,0,,586.5,0
2024-05-02 00:25:19,5,55,19.6,75,7.7,1009.6,1014.5,0,0,,586.5,0
2024-05-02 00:30:19,5,55,19.6,75,7.7,1009.5,1014.4,0,0.3,,586.5,0
2024-05-02 00:35:19,5,55,19.6,75,7.7,1009.4,1014.3,0,0,,586.5,0
2024-05-02 00:40:19,5,55,19.6,75,7.6,1009.4,1014.3,0,0,,586.5,0
2024-05-02 00:45:19,5,55,19.6,75,7.5,1009.2,1014.1,0,0,,586.5,0
2024-05-02 00:50:19,5,55,19.6,75,7.5,1009.2,1014.1,0,0,,586.5,0
2024-05-02 00:55:19,5,55,19.6,81,7.4,1009.4,1014.3,0,0,,586.5,0
2024-05-02 01:00:19,5,55,19.6,81,7.4,1009.3,1014.2,0,0,,586.5,0
2024-05-02 01:05:19,5,55,19.5,82,7.4,1009.2,1014.1,0,0,,586.5,0
2024-05-02 01:10:19,5,55,19.5,82,7.4,1009.2,1014.1,0,0,,586.5,0
2024-05-02 01:15:19,5,55,19.5,82,7.3,1009.3,1014.2,0,0,,586.5,0
2024-05-02 01:20:19,5,55,19.5,82,7.3,1009.3,1014.2,0.3,0.3,,586.5,0
2024-05-02 01:25:19,5,55,19.5,82,7.4,1009.4,1014.3,0,0.3,8,586.5,0
2024-05-02 01:30:19,5,55,19.5,82,7.4,1009.2,1014.1,0.3,0.7,,586.5,0
2024-05-02 01:35:19,5,55,19.4,77,7.5,1009.3,1014.2,0.3,0.7,,586.5,0
2024-05-02 01:40:19,5,55,19.4,78,7.6,1009.2,1014.1,0.3,0.7,,586.5,0
2024-05-02 01:45:19,5,55,19.4,78,7.7,1009.2,1014.1,0.7,1,,586.5,0
2024-05-02 01:50:19,5,55,19.4,78,7.7,1009.3,1014.2,0.3,0.7,,586.5,0
2024-05-02 01:55:19,5,55,19.4,78,7.8,1009.1,1014,0.3,0.3,,586.5,0
2024-05-02 02:00:19,5,55,19.4,78,7.9,1009.2,1014.1,0.3,0.7,,586.5,0
2024-05-02 02:05:19,5,55,19.3,78,8,1009.1,1014,0,0.3,,586.5,0
2024-05-02 02:10:19,5,55,19.3,77,8,1009.1,1014,0,0,,586.5,0
2024-05-02 02:15:19,5,55,19.3,77,8.1,1009.3,1014.2,0,0,,586.5,0
2024-05-02 02:20:19,5,55,19.3,77,8,1008.9,1013.8,0,0,,586.5,0
2024-05-02 02:25:19,5,55,19.3,76,8,1009,1013.9,0,0,,586.5,0
2024-05-02 02:30:19,5,55,19.3,76,7.9,1009,1013.9,0,0,,586.5,0
2024-05-02 02:35:19,5,55,19.3,76,7.8,1009,1013.9,0.3,0.7,8,586.5,0
2024-05-02 02:40:19,5,55,19.3,77,7.8,1009.1,1014,0.7,0.7,8,586.5,0
2024-05-02 02:45:19,5,55,19.3,77,7.7,1009.1,1014,0,0,8,586.5,0
2024-05-02 02:50:19,5,55,19.3,77,7.7,1008.8,1013.7,0.3,0.7,8,586.5,0
2024-05-02 02:55:19,5,55,19.3,78,7.7,1009.1,1014,0,0.3,8,586.5,0
2024-05-02 03:00:19,5,55,19.3,78,7.7,1008.8,1013.7,0,0.3,,586.5,0
2024-05-02 03:05:19,5,55,19.2,78,7.7,1008.7,1013.6,0,0,,586.5,0
2024-05-02 03:10:19,5,55,19.3,78,7.7,1008.8,1013.7,0.3,0.7,8,586.5,0
2024-05-02 03:15:19,5,55,19.3,79,7.8,1009,1013.9,0,0.3,8,586.5,0
2024-05-02 03:20:19,5,55,19.2,79,7.8,1009.1,1014,0,0,,586.5,0
2024-05-02 03:25:19,5,55,19.2,79,7.8,1008.9,1013.8,0,0,,586.5,0
2024-05-02 03:30:19,5,55,19.2,79,7.8,1008.9,1013.8,0.3,0.7,,586.5,0
2024-05-02 03:35:19,5,55,19.2,80,7.7,1008.8,1013.7,0.3,0.7,,586.5,0
2024-05-02 03:40:19,5,55,19.2,80,7.7,1009,1013.9,0.3,0.7,,586.5,0
2024-05-02 03:45:19,5,55,19.2,80,7.7,1008.8,1013.7,0,0,,586.5,0
2024-05-02 03:50:19,5,55,19.1,80,7.6,1008.9,1013.8,0,0.3,,586.5,0
2024-05-02 03:55:19,5,55,19.1,80,7.7,1008.8,1013.7,0,0,,586.5,0
2024-05-02 04:00:19,5,55,19.1,81,7.8,1008.7,1013.6,0,0,,586.5,0
2024-05-02 04:05:19,5,55,19.1,81,7.8,1008.7,1013.6,0.3,0.7,,586.5,0
2024-05-02 04:10:19,5,55,19.1,81,7.8,1008.5,1013.4,0,0,,586.5,0
2024-05-02 04:15:19,5,55,19.1,81,7.8,1008.2,1013.1,0,0,,586.5,0
2024-05-02 04:20:19,5,55,19.1,81,7.8,1008.2,1013.1,0.3,0.7,,586.5,0
2024-05-02 04:25:19,5,55,19.1,81,7.9,1008.2,1013.1,0.3,0.7,,586.5,0
2024-05-02 04:30:19,5,55,19.1,81,7.9,1008.1,1013,0.3,0.3,,586.5,0
2024-05-02 04:35:19,5,55,19.1,82,7.9,1008.2,1013.1,0,0,,586.5,0
2024-05-02 04:40:19,5,55,19.1,82,7.9,1008.2,1013.1,0,0.3,,586.5,0
2024-05-02 04:45:19,5,55,19.1,82,7.9,1008.1,1013,0.3,0.7,,586.5,0
2024-05-02 04:50:19,5,55,19.1,82,7.9,1008,1012.9,0.3,0.7,,586.5,0
2024-05-02 04:55:19,5,55,19,82,7.9,1008.2,1013.1,0.7,0.7,,586.5,0
2024-05-02 05:00:19,5,55,19,82,7.9,1008.1,1013,0,0.3,,586.5,0
2024-05-02 05:05:19,5,55,19,83,7.9,1008.3,1013.2,0.3,0.7,,586.5,0
2024-05-02 05:10:19,5,55,19,83,7.9,1008.1,1013,0,0,,586.8,0
2024-05-02 05:15:19,5,55,19,83,8,1008,1012.9,0.3,0.7,,586.8,0
2024-05-02 05:20:19,5,55,19,83,8,1007.9,1012.8,0.3,0.7,,586.8,0
2024-05-02 05:25:19,5,56,18.9,84,8.1,1008,1012.9,0.3,0.7,,587.1,0
2024-05-02 05:30:19,5,55,19,84,8.2,1008,1012.9,0.3,0.3,,587.1,0
2024-05-02 05:35:19,5,55,19,84,8.2,1008.2,1013.1,0,0.3,,587.1,0
2024-05-02 05:40:19,5,56,18.9,85,8.3,1008.2,1013.1,0,0,,587.4,0
2024-05-02 05:45:19,5,55,19,85,8.4,1008.3,1013.2,0,0,,587.4,0
2024-05-02 05:50:19,5,56,18.9,85,8.4,1008,1012.9,0,0,,587.4,0
2024-05-02 05:55:19,5,56,18.9,85,8.4,1008.2,1013.1,0,0,,587.7,0
2024-05-02 06:00:19,5,56,18.9,86,8.4,1007.9,1012.8,0,0,,587.7,0
2024-05-02 06:05:19,5,56,18.9,86,8.4,1007.9,1012.8,0,0,,587.7,0
2024-05-02 06:10:19,5,56,18.9,86,8.5,1008.1,1013,0,0.3,,587.7,0
2024-05-02 06:15:19,5,56,18.9,86,8.5,1007.9,1012.8,0,0.3,,587.7,0
2024-05-02 06:20:19,5,56,18.9,86,8.5,1008.1,1013,0,0,,588,0
2024-05-02 06:25:19,5,56,18.9,86,8.5,1007.9,1012.8,0,0,,588,0
2024-05-02 06:30:19,5,56,18.9,86,8.5,1008,1012.9,0,0.3,,588,0
2024-05-02 06:35:19,5,56,18.9,87,8.5,1007.8,1012.7,1,1.4,,588,0
2024-05-02 06:40:19,5,56,18.9,87,8.6,1007.6,1012.5,0.7,1,,588.3,0
2024-05-02 06:45:19,5,56,18.9,87,8.6,1007.3,1012.2,0.7,1,,588.3,0
2024-05-02 06:50:19,5,56,18.9,87,8.6,1007.3,1012.2,0,0.3,,588.3,0
2024-05-02 06:55:19,5,56,18.9,87,8.6,1007.3,1012.2,0.7,1,1,588.3,0
2024-05-02 07:00:19,5,56,18.9,88,8.6,1007.5,1012.4,0.7,0.7,1,588.3,0
2024-05-02 07:05:19,5,56,18.9,88,8.6,1007.5,1012.4,0.7,1,1,588.3,0
2024-05-02 07:10:19,5,56,18.9,88,8.6,1007.5,1012.4,0.7,1,1,588.3,0
2024-05-02 07:15:19,5,56,18.9,88,8.6,1007.5,1012.4,0.7,0.7,1,588.3,0
2024-05-02 07:20:19,5,56,18.9,88,8.6,1007.9,1012.8,1,1.4,1,588.3,0
2024-05-02 07:25:19,5,56,18.9,88,8.6,1007.8,1012.7,0.3,0.7,1,588.3,0
2024-05-02 07:30:19,5,56,18.8,89,8.6,1007.8,1012.7,1,1.4,1,588.3,0
2024-05-02 07:35:19,5,56,18.8,89,8.6,1007.9,1012.8,0.7,1,1,588.3,0
2024-05-02 07:40:19,5,56,18.8,89,8.6,1007.9,1012.8,0.7,1,1,588.3,0
2024-05-02 07:45:19,5,56,18.8,89,8.6,1007.9,1012.8,0.3,0.7,1,588.3,0
2024-05-02 07:50:19,5,56,18.8,89,8.6,1008,1012.9,0.7,0.7,1,588.3,0
2024-05-02 07:55:19,5,56,18.8,90,8.7,1008,1012.9,0.7,1,1,588.3,0
2024-05-02 08:00:19,5,55,18.8,90,8.7,1008.2,1013.1,0.7,1,1,588.3,0
2024-05-02 08:05:19,5,54,18.7,90,8.7,1008,1012.9,0.7,1,1,588.3,0
2024-05-02 08:10:19,5,54,18.6,90,8.7,1008,1012.9,0.7,1,1,588.3,0
2024-05-02 08:15:19,5,54,18.5,90,8.7,1007.8,1012.7,1,1.4,1,588.3,0
2024-05-02 08:20:19,5,54,18.4,90,8.6,1007.7,1012.6,0.7,1,1,588.3,0
2024-05-02 08:25:19,5,55,18.3,90,8.6,1007.6,1012.5,0.7,1.4,1,588.3,0
2024-05-02 08:30:19,5,56,18.3,90,8.7,1007.5,1012.4,0.7,1,1,588.3,0
2024-05-02 08:35:19,5,57,18.3,90,8.7,1007.3,1012.2,1,1.7,10,588.3,0
2024-05-02 08:40:19,5,58,18.3,90,8.8,1007.1,1012,1,1.4,15,588.3,0
2024-05-02 08:45:19,5,59,18.4,90,8.8,1007.2,1012.1,0.7,1.4,,588.3,0
2024-05-02 08:50:19,5,60,18.4,91,8.8,1007.1,1012,0.3,0.7,10,588.3,0
2024-05-02 08:55:19,5,60,18.5,91,8.9,1007,1011.9,0.7,1,,588.3,0
2024-05-02 09:00:19,5,60,18.5,91,8.9,1006.9,1011.8,1.4,1.7,,588.3,0
2024-05-02 09:05:19,5,60,18.6,91,8.9,1007,1011.9,0.7,1,,588.3,0
2024-05-02 09:10:19,5,60,18.6,91,8.9,1007,1011.9,1.4,2,,588.3,0
2024-05-02 09:15:19,5,60,18.7,91,8.9,1007,1011.9,1,1.4,,588.3,0
2024-05-02 09:20:19,5,60,18.8,91,9,1006.9,1011.8,0.7,1,,588.3,0
2024-05-02 09:25:19,5,60,18.8,91,9,1006.9,1011.8,1.7,2,14,588.3,0
2024-05-02 09:30:19,5,60,18.8,91,9,1006.8,1011.7,1,1.4,,588.3,0
2024-05-02 09:35:19,5,59,18.8,91,9.1,1006.6,1011.5,1,1.4,,588.3,0
2024-05-02 09:40:19,5,59,18.9,92,9.1,1006.6,1011.5,2,2.7,,588.3,0
2024-05-02 09:45:19,5,59,18.9,92,9.1,1006.7,1011.6,1,1.7,0,588.3,0
2024-05-02 09:50:19,5,60,18.9,92,9.1,1006.6,1011.5,1,1.4,,588.3,0
2024-05-02 09:55:19,5,59,19,92,9,1006.7,1011.6,1,1.7,,588.3,0
2024-05-02 10:00:19,5,59,19,92,9,1006.6,1011.5,1.4,2,,588.3,0
2024-05-02 10:05:19,5,59,19,92,9.1,1006.7,1011.6,1.4,2,,588.3,0
2024-05-02 10:10:19,5,59,19.1,92,9.1,1006.3,1011.2,1.4,2,14,588.3,0
2024-05-02 10:15:19,5,59,19.1,92,9.1,1006.4,1011.3,0.7,1.4,,588.3,0
2024-05-02 10:20:19,5,59,19.1,92,9,1006.3,1011.2,1.4,2.4,,588.3,0
2024-05-02 10:25:19,5,59,19.1,92,8.9,1006.3,1011.2,2.7,4.8,14,588.3,0
2024-05-02 10:30:19,5,59,19.3,92,9,1006.2,1011.1,1.4,2,,588.3,0
2024-05-02 10:35:19,5,59,19.3,92,9,1006,1010.9,2,2.7,0,588.3,0
2024-05-02 10:40:19,5,58,19.3,92,9,1005.8,1010.7,1,1.4,14,588.3,0
2024-05-02 10:45:19,5,58,19.3,92,9,1005.7,1010.6,2.7,3.7,14,588.3,0
2024-05-02 10:50:19,5,58,19.4,92,9,1005.6,1010.5,1.4,1.7,,588.3,0
2024-05-02 10:55:19,5,58,19.4,92,9.1,1005.7,1010.6,1,1.7,,588.3,0
2024-05-02 11:00:19,5,58,19.4,93,9.2,1005.6,1010.5,1.7,2.7,15,588.3,0
2024-05-02 11:05:19,5,58,19.5,93,9.2,1005.7,1010.6,1.7,2.7,15,588.3,0
2024-05-02 11:10:19,5,58,19.5,93,9.2,1005.5,1010.4,1,1.7,15,588.3,0
2024-05-02 11:15:19,5,58,19.5,93,9.3,1005.5,1010.4,0.7,1,15,588.3,0
2024-05-02 11:20:19,5,57,19.5,93,9.4,1005.3,1010.2,1.4,1.7,15,588.3,0
2024-05-02 11:25:19,5,57,19.5,93,9.4,1005.2,1010.1,2,2.4,15,588.3,0
2024-05-02 11:30:19,5,57,19.5,93,9.4,1005.4,1010.3,1,1.7,15,588.3,0
2024-05-02 11:35:19,5,57,19.5,93,9.4,1005.4,1010.3,1.7,2,15,588.3,0
2024-05-02 11:40:19,5,57,19.5,93,9.5,1005.2,1010.1,0.7,1.4,15,588.3,0
2024-05-02 11:45:19,5,57,19.5,93,9.5,1005.1,1010,1,1.7,15,588.3,0
2024-05-02 11:50:19,5,57,19.5,93,9.5,1005.2,1010.1,0.7,1.4,15,588.3,0
2024-05-02 11:55:19,5,57,19.5,93,9.6,1005.1,1010,0.7,1,15,588.3,0
2024-05-02 12:00:19,5,57,19.6,94,9.8,1005.1,1010,1,1.4,15,588.3,0
2024-05-02 12:05:19,5,58,19.5,94,9.9,1005.1,1010,0.7,1,15,588.3,0
2024-05-02 12:10:19,5,58,19.5,94,10,1005.1,1010,1,1.4,15,588.3,0
2024-05-02 12:15:19,5,59,19.5,94,10,1004.7,1009.6,0.7,1,15,588.3,0
2024-05-02 12:20:19,5,59,19.5,94,10.1,1004.8,1009.7,0.3,0.7,15,588.3,0
2024-05-02 12:25:19,5,60,19.5,94,10.2,1004.6,1009.5,0.7,1,15,588.3,0
2024-05-02 12:30:19,5,60,19.5,94,10.2,1004.5,1009.4,1,1.7,13,588.3,0
2024-05-02 12:35:19,5,61,19.5,94,10.3,1004.5,1009.4,0.7,1,14,588.3,0
2024-05-02 12:40:19,5,61,19.5,94,10.4,1004.6,1009.5,0.7,1.4,14,588.3,0
2024-05-02 12:45:19,5,61,19.6,94,10.4,1004.5,1009.4,0.7,1,,588.3,0
2024-05-02 12:50:19,5,61,19.6,94,10.4,1004.6,1009.5,0.7,1,14,588.3,0
2024-05-02 12:55:19,5,62,19.6,94,10.4,1004.6,1009.5,0.3,1,15,588.3,0
2024-05-02 13:00:19,5,61,19.6,94,10.4,1004.6,1009.5,1,1.4,15,588.3,0
2024-05-02 13:05:19,5,61,19.7,94,10.4,1004.7,1009.6,0.7,1,15,588.3,0
2024-05-02 13:10:19,5,62,19.7,94,10.4,1004.9,1009.8,0.3,1,15,588.3,0
2024-05-02 13:15:19,5,61,19.7,94,10.4,1004.6,1009.5,0.7,1,15,588.3,0
2024-05-02 13:20:19,5,61,19.7,94,10.5,1004.6,1009.5,0.3,0.7,15,588.3,0
2024-05-02 13:25:19,5,61,19.8,94,10.5,1004.6,1009.5,0,0,15,588.3,0
2024-05-02 13:30:19,5,61,19.8,95,10.6,1004.6,1009.5,0.7,1,15,588.3,0
2024-05-02 13:35:19,5,61,19.8,95,10.6,1004.5,1009.4,0.7,1,15,588.6,0
2024-05-02 13:40:19,5,61,19.8,94,10.5,1004.5,1009.4,0,0,15,588.6,0
2024-05-02 13:45:19,5,61,19.7,95,10.6,1004.4,1009.3,0.3,0.7,15,588.6,0
2024-05-02 13:50:19,5,61,19.7,95,10.6,1004.4,1009.3,1,1.4,15,588.6,0
2024-05-02 13:55:19,5,61,19.7,95,10.6,1004.4,1009.3,0.3,0.7,15,588.6,0
2024-05-02 14:00:19,5,61,19.7,95,10.7,1004.4,1009.3,0.7,1,15,588.6,0
2024-05-02 14:05:19,5,61,19.7,95,10.8,1004.4,1009.3,0.7,1,15,588.6,0
2024-05-02 14:10:19,5,61,19.7,95,10.9,1004.5,1009.4,0.7,1,15,588.6,0
2024-05-02 14:15:19,5,62,19.7,95,10.9,1004.4,1009.3,0.3,1,15,588.6,0
2024-05-02 14:20:19,5,62,19.7,95,10.8,1004.3,1009.2,1,1.7,15,588.6,0
2024-05-02 14:25:19,5,62,19.8,95,10.9,1004.4,1009.3,0.7,1.4,15,588.6,0
2024-05-02 14:30:19,5,62,19.8,95,10.9,1004.2,1009.1,1,1.4,15,588.6,0
2024-05-02 14:35:19,5,62,19.8,95,10.9,1004.3,1009.2,1,1.4,15,588.6,0
2024-05-02 14:40:19,5,62,19.8,95,10.9,1004.1,1009,0.7,1,15,588.6,0
2024-05-02 14:45:19,5,62,19.9,95,10.8,1004.3,1009.2,0.7,1,15,588.6,0
2024-05-02 14:50:19,5,62,19.9,95,10.7,1004.3,1009.2,0.7,1,15,588.6,0
2024-05-02 14:55:19,5,62,19.9,95,10.7,1004.1,1009,0.7,1.4,15,588.6,0
2024-05-02 15:00:19,5,61,20,95,10.8,1004.2,1009.1,0.7,1.4,15,588.6,0
2024-05-02 15:05:19,5,61,20,95,10.8,1004.2,1009.1,1,1.4,15,588.6,0
2024-05-02 15:10:19,5,61,20,95,10.7,1004.2,1009.1,1,1.4,15,588.6,0
2024-05-02 15:15:19,5,61,20.1,95,10.7,1004.2,1009.1,1,1.7,15,588.6,0
2024-05-02 15:20:19,5,61,20.1,95,10.7,1004.2,1009.1,0.7,1.4,15,588.6,0
2024-05-02 15:25:19,5,61,20.1,95,10.8,1004.2,1009.1,0.7,1,15,588.6,0
2024-05-02 15:30:19,5,60,20,95,10.9,1004.1,1009,0.3,1,15,588.6,0
2024-05-02 15:35:19,5,60,20.1,95,10.8,1004.1,1009,0,0.3,15,588.6,0
2024-05-02 15:40:19,5,60,20,95,10.8,1004.1,1009,0,0.3,1,588.6,0
2024-05-02 15:45:19,5,60,20,95,10.8,1004.1,1009,0,0.3,1,588.6,0
2024-05-02 15:50:19,5,60,20.1,95,10.9,1004.2,1009.1,0,0,1,588.6,0
2024-05-02 15:55:19,5,60,20.1,95,11,1004.2,1009.1,0,0.3,1,588.6,0
2024-05-02 16:00:19,5,60,20.1,95,11,1004.1,1009,0,0.3,1,588.6,0
2024-05-02 16:05:19,5,60,20.1,95,10.9,1004.1,1009,0,0.3,1,588.6,0
2024-05-02 16:10:19,5,60,20.1,95,10.9,1004.1,1009,0,0,15,588.6,0
2024-05-02 16:15:19,5,60,20.1,95,10.8,1004.1,1009,0,0,1,588.6,0
2024-05-02 16:20:19,5,60,20,95,10.8,1004.1,1009,0,0,15,588.6,0
2024-05-02 16:25:19,5,60,20,95,10.7,1004.2,1009.1,0,0,15,588.6,0
2024-05-02 16:30:19,5,60,20,95,10.7,1004.1,1009,0,0,0,588.6,0
2024-05-02 16:35:19,5,60,20,95,10.7,1004.3,1009.2,0,0,,588.6,0
2024-05-02 16:40:19,5,60,20,95,10.7,1004.3,1009.2,0,0,15,588.6,0
2024-05-02 16:45:19,5,61,19.9,95,10.7,1004.2,1009.1,0,0,15,588.6,0
2024-05-02 16:50:19,5,61,19.9,95,10.7,1004.1,1009,0,0,,588.6,0
2024-05-02 16:55:19,5,61,19.8,95,10.8,1004.3,1009.2,0,0,0,588.6,0
2024-05-02 17:00:19,5,61,19.7,95,10.7,1004.3,1009.2,0,0,0,588.6,0
2024-05-02 17:05:19,5,61,19.7,95,10.7,1004.4,1009.3,0,0,,588.6,0
2024-05-02 17:10:21,5,61,19.6,95,10.7,1004.4,1009.3,0,0,0,588.6,0
2024-05-02 17:15:18,5,61,19.6,95,10.7,1004.4,1009.3,0,0,15,588.6,0
2024-05-02 17:20:18,5,61,19.6,95,10.6,1004.4,1009.3,0,0,15,588.6,0
2024-05-02 17:25:18,5,62,19.5,95,10.6,1004.3,1009.2,0,0,,588.6,0
2024-05-02 17:30:18,5,62,19.5,95,10.6,1004.3,1009.2,0,0,14,588.6,0
2024-05-02 17:35:18,5,62,19.5,95,10.7,1004.4,1009.3,0,0,14,588.6,0
2024-05-02 17:40:18,5,62,19.4,95,10.7,1004.2,1009.1,0,0,13,588.6,0
2024-05-02 17:45:18,5,62,19.4,95,10.8,1004.2,1009.1,0,0,,588.6,0
2024-05-02 17:50:18,5,62,19.4,95,10.8,1004.4,1009.3,0,0,13,588.6,0
2024-05-02 17:55:18,5,62,19.3,95,10.8,1004.4,1009.3,0,0,,588.6,0
2024-05-02 18:00:18,5,62,19.3,95,10.8,1004.3,1009.2,0,0,0,588.6,0
2024-05-02 18:05:18,5,62,19.3,95,10.8,1004.4,1009.3,0,0,0,588.6,0
2024-05-02 18:10:18,5,62,19.3,95,10.8,1004.4,1009.3,0,0,0,588.6,0
2024-05-02 18:15:18,5,62,19.3,95,10.8,1004.6,1009.5,0,0,0,588.6,0
2024-05-02 18:20:18,5,62,19.2,95,10.9,1004.6,1009.5,0,0,0,588.6,0
2024-05-02 18:25:18,5,62,19.2,95,10.8,1004.7,1009.6,0,0,0,588.6,0
2024-05-02 18:30:18,5,63,19.3,95,10.8,1004.5,1009.4,0,0,0,588.6,0
2024-05-02 18:35:18,5,63,19.2,95,10.8,1004.8,1009.7,0,0,0,588.6,0
2024-05-02 18:40:18,5,64,19.2,95,10.8,1004.9,1009.8,0,0,0,588.6,0
2024-05-02 18:45:18,5,65,19.2,95,10.8,1004.9,1009.8,0,0,15,588.6,0
2024-05-02 18:50:18,5,66,19.2,95,10.8,1004.9,1009.8,0,0,15,588.6,0
2024-05-02 18:55:18,5,67,19.2,95,10.8,1004.9,1009.8,0,0,15,588.6,0
2024-05-02 19:00:18,5,67,19.2,95,10.8,1004.9,1009.8,0,0,15,588.9,0
2024-05-02 19:05:18,5,68,19.2,95,10.8,1004.9,1009.8,0,0,15,589.5,0
2024-05-02 19:10:18,5,68,19.2,95,10.8,1004.8,1009.7,0,0,15,589.5,0
2024-05-02 19:15:18,5,68,19.2,95,10.7,1004.4,1009.3,0,0,15,589.8,0
2024-05-02 19:20:18,5,68,19.3,95,10.7,1004.7,1009.6,0,0,15,590.1,0
2024-05-02 19:25:18,5,68,19.3,95,10.7,1004.7,1009.6,0,0,15,590.1,0
2024-05-02 19:30:18,5,67,19.3,95,10.7,1004.9,1009.8,0,0,15,590.1,0
2024-05-02 19:35:18,5,67,19.3,95,10.7,1005,1009.9,0,0,15,590.4,0
2024-05-02 19:40:18,5,67,19.4,95,10.7,1005,1009.9,0,0,15,590.4,0
2024-05-02 19:45:18,5,67,19.4,95,10.7,1005,1009.9,0,0,15,590.4,0
2024-05-02 19:50:18,5,66,19.4,95,10.7,1005,1009.9,0,0,1,590.4,0
2024-05-02 19:55:18,5,66,19.4,95,10.6,1004.9,1009.8,0,0,1,590.4,0
2024-05-02 20:00:18,5,66,19.4,95,10.6,1005,1009.9,0,0,15,590.7,0
2024-05-02 20:05:18,5,66,19.4,95,10.6,1005,1009.9,0,0,15,590.7,0
2024-05-02 20:10:18,5,66,19.5,95,10.6,1005.2,1010.1,0,0,0,590.7,0
2024-05-02 20:15:18,5,66,19.5,95,10.6,1005.1,1010,0,0,15,590.7,0
2024-05-02 20:20:18,5,65,19.5,95,10.6,1005.5,1010.4,0,0,15,590.7,0
2024-05-02 20:25:18,5,65,19.5,95,10.6,1005.4,1010.3,0,0,15,590.7,0
2024-05-02 20:30:18,5,65,19.5,95,10.6,1005.4,1010.3,0,0,1,590.7,0
2024-05-02 20:35:18,5,65,19.5,95,10.6,1005.5,1010.4,0,0,1,590.7,0
2024-05-02 20:40:18,5,65,19.4,95,10.6,1005.4,1010.3,0,0,1,590.7,0
2024-05-02 20:45:18,5,65,19.4,95,10.6,1005.6,1010.5,0,0,1,590.7,0
2024-05-02 20:50:18,5,65,19.4,95,10.6,1005.7,1010.6,0,0,1,590.7,0
2024-05-02 20:55:18,5,65,19.4,95,10.6,1005.6,1010.5,0,0,1,590.7,0
2024-05-02 21:00:18,5,65,19.4,95,10.6,1005.7,1010.6,0,0,1,590.7,0
2024-05-02 21:05:18,5,65,19.4,95,10.6,1005.8,1010.7,0,0,1,590.7,0
2024-05-02 21:10:18,5,66,19.4,95,10.6,1005.9,1010.8,0,0,1,590.7,0
2024-05-02 21:15:18,5,66,19.4,95,10.6,1005.9,1010.8,0,0,1,590.7,0
2024-05-02 21:20:18,5,66,19.4,95,10.6,1005.9,1010.8,0,0,1,590.7,0
2024-05-02 21:25:18,5,66,19.4,95,10.6,1005.9,1010.8,0,0,1,590.7,0
2024-05-02 21:30:18,5,66,19.4,95,10.6,1005.9,1010.8,0,0,1,590.7,0
2024-05-02 21:35:18,5,66,19.4,95,10.6,1005.8,1010.7,0,0,1,590.7,0
2024-05-02 21:40:18,5,66,19.4,95,10.5,1005.8,1010.7,0,0,1,590.7,0
2024-05-02 21:45:18,5,66,19.4,95,10.5,1005.9,1010.8,0,0,1,590.7,0
2024-05-02 21:50:18,5,66,19.4,95,10.5,1005.8,1010.7,0,0,15,590.7,0
2024-05-02 21:55:18,5,66,19.4,95,10.5,1006,1010.9,0,0,15,590.7,0
2024-05-02 22:00:18,5,66,19.4,95,10.5,1006.1,1011,0,0,13,590.7,0
2024-05-02 22:05:18,5,66,19.4,95,10.5,1006,1010.9,0,0,0,590.7,0
2024-05-02 22:10:18,5,66,19.4,95,10.5,1006,1010.9,0,0,0,590.7,0
2024-05-02 22:15:18,5,66,19.4,95,10.5,1005.9,1010.8,0,0,0,590.7,0
2024-05-02 22:20:18,5,66,19.4,95,10.5,1005.9,1010.8,0,0,0,590.7,0
2024-05-02 22:25:18,5,66,19.4,95,10.4,1006,1010.9,0,0,14,590.7,0
2024-05-02 22:30:18,5,66,19.4,95,10.4,1005.9,1010.8,0,0,14,590.7,0
2024-05-02 22:35:18,5,66,19.4,95,10.4,1006,1010.9,0,0,15,590.7,0
2024-05-02 22:40:18,5,66,19.4,96,10.4,1005.9,1010.8,0,0,14,590.7,0
2024-05-02 22:45:18,5,66,19.4,96,10.4,1006,1010.9,0,0,15,590.7,0
2024-05-02 22:50:18,5,66,19.4,96,10.4,1006,1010.9,0,0,,590.7,0
2024-05-02 22:55:18,5,66,19.4,96,10.4,1006,1010.9,0,0,14,590.7,0
2024-05-02 23:00:18,5,66,19.4,96,10.4,1006.2,1011.1,0,0,15,590.7,0
2024-05-02 23:05:18,5,66,19.4,96,10.4,1005.9,1010.8,0,0,0,590.7,0
2024-05-02 23:10:18,5,66,19.4,96,10.4,1006,1010.9,0,0,14,590.7,0
2024-05-02 23:15:18,5,65,19.4,96,10.4,1006,1010.9,0,0,,590.7,0
2024-05-02 23:20:18,5,65,19.4,96,10.4,1005.9,1010.8,0,0,15,590.7,0
2024-05-02 23:25:18,5,65,19.4,96,10.4,1006.1,1011,0,0,14,591,0
2024-05-02 23:30:18,5,65,19.4,96,10.4,1006.1,1011,0,0,10,591,0
2024-05-02 23:35:18,5,65,19.4,96,10.4,1006.1,1011,0,0,15,591,0
2024-05-02 23:40:18,5,65,19.4,96,10.4,1006,1010.9,0,0,10,591,0
2024-05-02 23:45:18,5,65,19.3,96,10.4,1005.8,1010.7,0,0,,591,0
2024-05-02 23:50:18,5,65,19.3,96,10.4,1005.9,1010.8,0,0,15,591,0
2024-05-02 23:55:18,5,65,19.3,96,10.4,1005.8,1010.7,0,0,15,591,0
