2024-08-07 00:01:54,5,59,21.5,91,13.3,1004.5,1009.4,0.3,1,,761.7,0
2024-08-07 00:06:54,5,59,21.5,91,13.2,1004.4,1009.3,0,0.3,,761.7,0
2024-08-07 00:11:54,5,59,21.5,92,13.2,1004.4,1009.3,0,0,,761.7,0
2024-08-07 00:16:54,5,59,21.5,92,13.3,1004.4,1009.3,0,0,,761.7,0
2024-08-07 00:21:54,5,59,21.5,92,13.3,1004.5,1009.4,0,0,,761.7,0
2024-08-07 00:26:54,5,59,21.5,92,13.3,1004.4,1009.3,0,0,,761.7,0
2024-08-07 00:31:54,5,59,21.5,92,13.3,1004.5,1009.4,0,0,,761.7,0
2024-08-07 00:36:54,5,59,21.5,92,13.4,1004.4,1009.3,0,0,10,761.7,0
2024-08-07 00:41:54,5,59,21.5,92,13.4,1004.4,1009.3,0,0,10,762,0
2024-08-07 00:46:54,5,59,21.5,92,13.3,1004.3,1009.2,0,0,10,762,0
2024-08-07 00:51:54,5,59,21.5,92,13.3,1004.3,1009.2,0,0,10,762,0
2024-08-07 00:56:54,5,59,21.5,92,13.3,1004.3,1009.2,0,0,10,762,0
2024-08-07 01:01:54,5,59,21.5,92,13.2,1004.2,1009.1,0,0,8,762,0
2024-08-07 01:06:54,5,59,21.5,92,13.2,1004.2,1009.1,0,0,8,762,0
2024-08-07 01:11:54,5,59,21.5,92,13.2,1004.2,1009.1,0,0,8,762,0
2024-08-07 01:16:54,5,59,21.5,92,13.3,1004.2,1009.1,0,0,8,762.3,0
2024-08-07 01:21:54,5,59,21.5,92,13.3,1004.3,1009.2,0,0,10,762.3,0
2024-08-07 01:26:54,5,59,21.5,93,13.4,1004.4,1009.3,0,0,10,762.3,0
2024-08-07 01:31:54,5,59,21.5,93,13.3,1004.4,1009.3,0,0,10,762.3,0
2024-08-07 01:36:54,5,59,21.5,93,13.4,1004.3,1009.2,0,0,14,762.3,0
2024-08-07 01:41:54,5,59,21.5,93,13.4,1004.3,1009.2,0,0,14,762.3,0
2024-08-07 01:46:54,5,59,21.5,93,13.4,1004.3,1009.2,0,0,14,762.3,0
2024-08-07 01:51:54,5,59,21.5,93,13.4,1004.2,1009.1,0,0,,762.3,0
2024-08-07 01:56:54,5,59,21.5,93,13.4,1004.2,1009.1,0,0,10,762.3,0
2024-08-07 02:01:54,5,59,21.4,93,13.3,1004.2,1009.1,0,0,8,762.3,0
2024-08-07 02:06:54,5,59,21.4,93,13.3,1004.2,1009.1,0,0,8,762.3,0
2024-08-07 02:11:54,5,59,21.4,93,13.3,1004.2,1009.1,0,0,10,762.3,0
2024-08-07 02:16:54,5,59,21.4,93,13.3,1004.1,1009,0,0,,762.3,0
2024-08-07 02:21:54,5,59,21.4,93,13.3,1004.2,1009.1,0,0,8,762.6,0
2024-08-07 02:26:54,5,59,21.4,93,13.2,1004.1,1009,0,0,8,762.6,0
2024-08-07 02:31:54,5,59,21.4,93,13.2,1004,1008.9,0,0,8,762.6,0
2024-08-07 02:36:54,5,59,21.4,93,13.2,1004.1,1009,0,0,10,762.6,0
2024-08-07 02:41:54,5,59,21.4,94,13.2,1004,1008.9,0,0,8,762.6,0
2024-08-07 02:46:54,5,59,21.4,94,13.2,1003.9,1008.8,0,0,8,762.6,0
2024-08-07 02:51:54,5,59,21.4,94,13.2,1003.9,1008.8,0,0,8,762.6,0
2024-08-07 02:56:54,5,59,21.4,94,13.1,1003.9,1008.8,0,0,8,762.6,0
2024-08-07 03:01:54,5,59,21.4,94,13.1,1003.8,1008.7,0,0,8,762.6,0
2024-08-07 03:06:54,5,59,21.4,94,13.2,1003.8,1008.7,0,0,8,762.6,0
2024-08-07 03:11:54,5,59,21.4,94,13.2,1003.9,1008.8,0,0,8,762.6,0
2024-08-07 03:16:54,5,59,21.4,94,13.2,1003.7,1008.6,0,0,8,762.6,0
2024-08-07 03:21:54,5,59,21.4,94,13.2,1003.9,1008.8,0,0,8,762.6,0
2024-08-07 03:26:54,5,59,21.4,94,13.2,1003.9,1008.8,0,0,13,762.6,0
2024-08-07 03:31:55,5,59,21.4,94,13.2,1003.8,1008.7,0,0,13,762.6,0
2024-08-07 03:36:53,5,59,21.4,93,13.2,1003.7,1008.6,0,0,13,762.6,0
2024-08-07 03:41:53,5,59,21.4,93,13.2,1003.7,1008.6,0,0,10,762.6,0
2024-08-07 03:46:53,5,59,21.4,93,13.1,1003.6,1008.5,0,0,10,762.6,0
2024-08-07 03:51:53,5,59,21.4,93,13.1,1003.8,1008.7,0,0,13,762.6,0
2024-08-07 03:56:53,5,59,21.4,93,13.1,1003.8,1008.7,0,0,13,762.6,0
2024-08-07 04:01:53,5,59,21.4,93,13.1,1003.6,1008.5,0,0,,762.6,0
2024-08-07 04:06:53,5,59,21.4,93,13.1,1003.6,1008.5,0,0,10,762.6,0
2024-08-07 04:11:53,5,59,21.4,93,13.1,1003.8,1008.7,0,0,10,762.6,0
2024-08-07 04:16:53,5,59,21.4,93,13.1,1003.8,1008.7,0,0,,762.6,0
2024-08-07 04:21:53,5,59,21.4,93,13.1,1003.8,1008.7,0,0,13,762.6,0
2024-08-07 04:26:53,5,59,21.4,93,13.2,1003.9,1008.8,0,0,10,762.6,0
2024-08-07 04:31:53,5,59,21.4,93,13.1,1003.9,1008.8,0,0,13,762.9,0
2024-08-07 04:36:53,5,59,21.4,93,13.1,1003.8,1008.7,0,0,14,762.9,0
2024-08-07 04:41:53,5,59,21.4,93,13.1,1003.9,1008.8,0,0,13,763.2,0
2024-08-07 04:46:53,5,59,21.4,93,13,1003.9,1008.8,0,0,13,763.2,0
2024-08-07 04:51:53,5,59,21.4,93,13,1003.9,1008.8,0,0,13,763.2,0
2024-08-07 04:56:53,5,59,21.4,93,13,1003.9,1008.8,0,0,10,763.2,0
2024-08-07 05:01:53,5,59,21.4,93,13,1003.8,1008.7,0,0,10,763.2,0
2024-08-07 05:06:53,5,59,21.4,93,13,1003.8,1008.7,0,0,10,763.2,0
2024-08-07 05:11:53,5,59,21.4,94,13,1003.9,1008.8,0,0,10,763.2,0
2024-08-07 05:16:53,5,59,21.4,94,12.9,1003.9,1008.8,0,0,10,763.2,0
2024-08-07 05:21:53,5,59,21.4,94,12.9,1004.1,1009,0,0,10,763.2,0
2024-08-07 05:26:53,5,59,21.3,94,12.9,1004.2,1009.1,0,0,10,763.2,0
2024-08-07 05:31:53,5,59,21.4,94,12.9,1004.2,1009.1,0,0,10,763.2,0
2024-08-07 05:36:53,5,59,21.4,94,12.9,1004.2,1009.1,0,0,8,763.2,0
2024-08-07 05:41:53,5,59,21.4,94,13,1004.2,1009.1,0,0,8,763.2,0
2024-08-07 05:46:53,5,59,21.4,94,13,1004.2,1009.1,0,0,10,763.2,0
2024-08-07 05:51:53,5,59,21.4,95,13,1004.2,1009.1,0,0,10,763.2,0
2024-08-07 05:56:53,5,59,21.4,95,13,1004.4,1009.3,0,0,10,763.2,0
2024-08-07 06:01:53,5,59,21.4,95,13,1004.3,1009.2,0,0,10,763.2,0
2024-08-07 06:06:53,5,59,21.4,95,13,1004.2,1009.1,0,0,10,763.2,0
2024-08-07 06:11:53,5,59,21.4,95,13.1,1004.2,1009.1,0,0,10,763.2,0
2024-08-07 06:16:53,5,59,21.4,95,13.1,1004.1,1009,0,0,10,763.2,0
2024-08-07 06:21:53,5,59,21.4,95,13.1,1004.2,1009.1,0,0,10,763.2,0
2024-08-07 06:26:53,5,59,21.2,95,13.1,1004.2,1009.1,0,0,13,763.2,0
2024-08-07 06:31:53,5,59,21.2,95,13.2,1004.2,1009.1,0,0,10,763.2,0
2024-08-07 06:36:53,5,59,21.4,95,13.2,1004.2,1009.1,0,0,10,763.2,0
2024-08-07 06:41:53,5,59,21.4,95,13.4,1004.4,1009.3,0,0,10,763.2,0
2024-08-07 06:46:53,5,59,21.4,95,13.5,1004.2,1009.1,0,0,13,763.2,0
2024-08-07 06:51:53,5,59,21.4,95,13.6,1004.4,1009.3,0,0,13,763.2,0
2024-08-07 06:56:53,5,59,21.4,95,13.7,1004.4,1009.3,0,0,13,763.2,0
2024-08-07 07:01:53,5,59,21.4,95,13.7,1004.4,1009.3,0,0,0,763.2,0
2024-08-07 07:06:53,5,59,21.4,95,13.8,1004.4,1009.3,0,0,,763.2,0
2024-08-07 07:11:53,5,59,21.4,94,13.8,1004.4,1009.3,0,0,15,763.2,0
2024-08-07 07:16:53,5,59,21.4,94,13.9,1004.6,1009.5,0,0,,763.2,0
2024-08-07 07:21:53,5,59,21.4,93,14,1004.6,1009.5,0,0,0,763.2,0
2024-08-07 07:26:53,5,59,21.4,93,14,1004.4,1009.3,0,0,0,763.2,0
2024-08-07 07:31:53,5,59,21.1,92,14.1,1004.6,1009.5,0,0,0,763.2,0
2024-08-07 07:36:53,5,59,21.2,91,14.1,1004.6,1009.5,0,0,14,763.2,0
2024-08-07 07:41:53,5,58,21.2,91,14.1,1004.6,1009.5,0,0,14,763.2,0
2024-08-07 07:46:53,5,59,21.2,90,14.3,1004.7,1009.6,0,0,0,763.2,0
2024-08-07 07:51:53,5,59,21.2,89,14.4,1004.6,1009.5,0,0,8,763.2,0
2024-08-07 07:56:53,5,59,21.2,88,14.7,1004.8,1009.7,0,0,8,763.2,0
2024-08-07 08:01:53,5,59,21.1,86,14.8,1004.8,1009.7,0,0,8,763.2,0
2024-08-07 08:06:53,5,59,21.2,84,15,1004.9,1009.8,2.7,3.7,8,763.2,0
2024-08-07 08:11:53,5,59,21.2,82,14.9,1004.9,1009.8,2,2.7,10,763.2,0
2024-08-07 08:16:53,5,59,21.2,81,15,1005,1009.9,2,3.4,10,763.2,0
2024-08-07 08:21:53,5,59,21.2,80,15.1,1004.9,1009.8,2.4,3.4,10,763.2,0
2024-08-07 08:26:53,5,60,21.2,80,15.3,1005.1,1010,2,2.4,10,763.2,0
2024-08-07 08:31:53,5,60,21.2,79,15.5,1005.1,1010,2.4,3.4,10,763.2,0
2024-08-07 08:36:53,5,60,21.4,77,15.5,1005.2,1010.1,1.4,2.4,10,763.2,0
2024-08-07 08:41:53,5,60,21.4,77,15.5,1005.3,1010.2,2,3.7,10,763.2,0
2024-08-07 08:46:53,5,60,21.4,77,15.5,1005.3,1010.2,2,3.1,10,763.2,0
2024-08-07 08:51:53,5,60,21.5,76,15.8,1005.5,1010.4,2,3.1,8,763.2,0
2024-08-07 08:56:53,5,60,21.5,75,15.9,1005.4,1010.3,3.4,5.4,8,763.2,0
2024-08-07 09:01:53,5,60,21.6,74,15.9,1005.6,1010.5,2.4,3.7,8,763.2,0
2024-08-07 09:06:53,5,60,21.6,74,16.3,1005.4,1010.3,3.1,4.8,14,763.2,0
2024-08-07 09:11:53,5,60,21.7,74,16.7,1005.5,1010.4,2,3.1,14,763.2,0
2024-08-07 09:16:53,5,60,21.8,72,16.9,1005.3,1010.2,3.7,5.1,,763.2,0
2024-08-07 09:21:53,5,60,21.9,71,16.5,1005.4,1010.3,3.4,4.1,10,763.2,0
2024-08-07 09:26:53,5,59,21.9,71,16.7,1005.6,1010.5,2.4,3.4,14,763.2,0
2024-08-07 09:31:53,5,59,21.9,70,16.9,1005.7,1010.6,3.7,4.4,14,763.2,0
2024-08-07 09:36:53,5,58,22,70,17.4,1005.5,1010.4,4.4,7.8,14,763.2,0
2024-08-07 09:41:53,5,58,22,68,17.4,1005.7,1010.6,3.4,4.4,14,763.2,0
2024-08-07 09:46:53,5,58,22.1,69,17.4,1005.5,1010.4,2.7,3.7,,763.2,0
2024-08-07 09:51:53,5,58,22.1,64,17.5,1005.7,1010.6,3.7,4.8,,763.2,0
2024-08-07 09:56:53,5,58,22.1,64,17.6,1005.7,1010.6,3.4,4.8,,763.2,0
2024-08-07 10:01:53,5,58,22.1,64,17.7,1005.5,1010.4,3.7,4.8,,763.2,0
2024-08-07 10:06:53,5,58,22.1,68,17.4,1005.7,1010.6,3.1,4.8,10,763.2,0
2024-08-07 10:11:53,5,58,22.2,67,17.1,1005.8,1010.7,2.7,3.7,0,763.2,0
2024-08-07 10:16:53,5,58,22.2,67,17.1,1005.8,1010.7,2.4,2.7,14,763.2,0
2024-08-07 10:21:53,5,58,22.3,67,17.2,1005.9,1010.8,3.4,4.4,14,763.2,0
2024-08-07 10:26:53,5,58,22.3,67,16.9,1006,1010.9,3.4,4.8,14,763.2,0
2024-08-07 10:31:53,5,58,22.4,68,17.1,1005.9,1010.8,2.7,3.4,14,763.2,0
2024-08-07 10:36:53,5,58,22.4,66,17.7,1006,1010.9,2.7,4.1,2,763.2,0
2024-08-07 10:41:53,5,58,22.4,68,17.3,1006,1010.9,2.4,3.4,14,763.2,0
2024-08-07 10:46:53,5,58,22.5,69,17,1005.9,1010.8,3.4,5.8,10,763.2,0
2024-08-07 10:51:53,5,58,22.5,70,17.1,1006,1010.9,2,3.7,,763.2,0
2024-08-07 10:56:53,5,58,22.6,68,17.1,1006,1010.9,3.7,6.5,0,763.2,0
2024-08-07 11:01:53,5,58,22.6,70,17,1006.2,1011.1,2.4,3.1,,763.2,0
2024-08-07 11:06:53,5,58,22.6,67,17.1,1006.2,1011.1,3.7,5.1,,763.2,0
2024-08-07 11:11:53,5,58,22.7,66,17.1,1006.2,1011.1,2,4.4,,763.2,0
2024-08-07 11:16:53,5,58,22.7,66,17.2,1006.3,1011.2,3.4,4.8,8,763.2,0
2024-08-07 11:21:53,5,58,22.7,65,17.1,1006.3,1011.2,3.4,4.8,10,763.2,0
2024-08-07 11:26:53,5,58,22.7,63,17.6,1006.4,1011.3,4.1,5.4,10,763.2,0
2024-08-07 11:31:53,5,58,22.7,62,18.2,1006.4,1011.3,3.4,5.1,10,763.2,0
2024-08-07 11:36:53,5,58,22.7,61,18.1,1006.4,1011.3,2,3.7,8,763.2,0
2024-08-07 11:41:53,5,55,22.8,61,18.3,1006.4,1011.3,2.4,3.7,14,763.2,0
2024-08-07 11:46:53,5,53,22.6,61,17.8,1006.4,1011.3,2,2.7,,763.2,0
2024-08-07 11:51:53,5,53,22.6,63,18.2,1006.6,1011.5,2.4,3.1,,763.2,0
2024-08-07 11:56:53,5,52,22.6,62,17.9,1006.6,1011.5,3.4,7.1,10,763.2,0
2024-08-07 12:01:53,5,52,22.6,64,17.4,1006.7,1011.6,1.4,2.7,14,763.2,0
2024-08-07 12:06:53,5,52,22.6,65,17.3,1006.6,1011.5,1.7,2.7,14,763.2,0
2024-08-07 12:11:53,5,53,22.6,65,17.4,1006.8,1011.7,3.4,4.8,14,763.2,0
2024-08-07 12:16:53,5,54,22.6,62,17.3,1006.7,1011.6,3.4,4.4,,763.2,0
2024-08-07 12:21:53,5,55,22.6,63,17.2,1006.8,1011.7,2.4,3.1,10,763.2,0
2024-08-07 12:26:53,5,56,22.6,63,17.4,1006.6,1011.5,2.7,3.7,,763.2,0
2024-08-07 12:31:53,5,56,22.6,60,17.6,1006.8,1011.7,2.7,4.4,,763.2,0
2024-08-07 12:36:53,5,56,22.5,60,17.6,1007,1011.9,2.7,3.4,10,763.2,0
2024-08-07 12:41:53,5,57,22.5,61,17.9,1006.8,1011.7,2,2.7,10,763.2,0
2024-08-07 12:46:53,5,57,22.5,61,18.6,1007,1011.9,2.7,3.4,10,763.2,0
2024-08-07 12:51:53,5,57,22.5,60,18.2,1006.8,1011.7,2,3.4,10,763.2,0
2024-08-07 12:56:53,5,57,22.5,60,17.9,1006.8,1011.7,2.7,3.4,4,763.2,0
2024-08-07 13:01:53,5,56,22.5,61,17.7,1006.8,1011.7,2.7,3.7,,763.2,0
2024-08-07 13:06:53,5,53,22.5,61,17.9,1007,1011.9,2.7,3.7,,763.2,0
2024-08-07 13:11:53,5,52,22.5,61,17.6,1007,1011.9,1.7,2.4,,763.2,0
2024-08-07 13:16:53,5,51,22.5,61,17.5,1006.7,1011.6,3.4,5.4,10,763.2,0
2024-08-07 13:21:53,5,51,22.5,66,17.4,1007,1011.9,3.7,4.4,,763.2,0
2024-08-07 13:26:53,5,52,22.5,64,17.6,1006.8,1011.7,2.7,4.4,10,763.2,0
2024-08-07 13:31:53,5,53,22.5,64,18.3,1006.9,1011.8,2.7,3.7,10,763.2,0
2024-08-07 13:36:53,5,53,22.6,65,19.1,1006.8,1011.7,2,3.4,10,763.2,0
2024-08-07 13:41:53,5,54,22.7,62,19.1,1006.9,1011.8,2.7,3.4,,763.2,0
2024-08-07 13:46:53,5,53,22.7,62,18.3,1007,1011.9,2,3.4,14,763.2,0
2024-08-07 13:51:53,5,53,22.7,63,18,1007,1011.9,3.1,5.1,14,763.2,0
2024-08-07 13:56:53,5,52,22.7,64,18,1007,1011.9,4.1,5.8,,763.2,0
2024-08-07 14:01:53,5,52,22.7,63,18.2,1007.1,1012,4.4,7.8,8,763.2,0
2024-08-07 14:06:53,5,51,22.7,63,17.8,1007.1,1012,3.4,5.1,,763.2,0
2024-08-07 14:11:53,5,51,22.8,66,18.2,1007,1011.9,2.7,4.1,4,763.2,0
2024-08-07 14:16:53,5,51,22.8,65,18.6,1007.2,1012.1,1.4,2,8,763.2,0
2024-08-07 14:21:53,5,51,22.8,65,18.3,1007.1,1012,1.4,1.7,8,763.2,0
2024-08-07 14:26:53,5,51,22.9,66,18.2,1006.9,1011.8,1.7,2.4,8,763.2,0
2024-08-07 14:31:53,5,51,22.8,66,18.2,1007.1,1012,1.4,1.7,8,763.2,0
2024-08-07 14:36:53,5,52,22.8,65,18.2,1007,1011.9,2.7,4.1,10,763.2,0
2024-08-07 14:41:53,5,51,22.8,64,18.4,1006.9,1011.8,2,2.7,10,763.2,0
2024-08-07 14:46:53,5,51,22.8,64,18.5,1007.2,1012.1,1.7,2.4,10,763.2,0
2024-08-07 14:51:53,5,51,22.8,63,18.4,1007.1,1012,1.7,2.7,10,763.2,0
2024-08-07 14:56:53,5,51,22.8,64,18,1007.1,1012,2.7,4.1,10,763.2,0
2024-08-07 15:01:53,5,51,22.8,66,18.4,1007,1011.9,2.7,3.7,10,763.2,0
2024-08-07 15:06:53,5,51,22.8,65,18.2,1007,1011.9,2.4,3.4,10,763.2,0
2024-08-07 15:11:53,5,51,22.8,66,19,1007.1,1012,2.7,3.7,10,763.2,0
2024-08-07 15:16:53,5,51,22.9,63,18.6,1007.2,1012.1,2,3.1,10,763.2,0
2024-08-07 15:21:53,5,51,22.9,64,17.8,1007.1,1012,2.4,3.4,,763.2,0
2024-08-07 15:26:53,5,51,22.9,70,17.3,1007.3,1012.2,1.7,2.4,,763.2,0
2024-08-07 15:31:53,5,50,22.8,70,17.1,1007.5,1012.4,2,2.7,,763.2,0
2024-08-07 15:36:53,5,50,22.8,70,17,1007.5,1012.4,2,3.1,,763.2,0
2024-08-07 15:41:53,5,50,22.8,70,16.9,1007.6,1012.5,2.4,3.7,,763.2,0
2024-08-07 15:46:53,5,50,22.8,71,16.8,1007.7,1012.6,1.7,2,,763.2,0
2024-08-07 15:51:53,5,50,22.7,72,16.7,1007.6,1012.5,2.4,4.1,,763.2,0
2024-08-07 15:56:53,5,51,22.6,75,16.5,1007.7,1012.6,1.7,2.7,,763.2,0
2024-08-07 16:01:53,5,51,22.6,77,16.4,1007.7,1012.6,1,1.7,4,763.2,0
2024-08-07 16:06:53,5,52,22.6,78,16.4,1007.8,1012.7,1,1.4,,763.2,0
2024-08-07 16:11:53,5,52,22.6,79,16.1,1007.9,1012.8,1.7,2.4,8,763.2,0
2024-08-07 16:16:53,5,53,22.4,80,15.8,1007.9,1012.8,1.4,2,8,763.2,0
2024-08-07 16:21:53,5,53,22.4,81,15.5,1008,1012.9,1,2,8,763.2,0
2024-08-07 16:26:53,5,53,22.3,81,15.2,1008.1,1013,2,2.7,10,763.2,0
2024-08-07 16:31:53,5,53,22.2,81,15,1008.1,1013,1.4,1.7,0,763.2,0
2024-08-07 16:36:53,5,53,22.2,82,14.8,1008.1,1013,1.4,1.7,0,763.2,0
2024-08-07 16:41:53,5,54,22.1,83,14.8,1008.2,1013.1,3.1,4.1,0,763.2,0
2024-08-07 16:46:53,5,54,22,84,14.8,1008.2,1013.1,1.7,2,14,763.2,0
2024-08-07 16:51:53,5,54,22,85,14.9,1008.1,1013,0.7,1,14,763.2,0
2024-08-07 16:56:53,5,55,22,86,15,1008.1,1013,2,3.1,,763.2,0
2024-08-07 17:01:53,5,56,22,87,15.2,1008.1,1013,1.7,2,,763.2,0
2024-08-07 17:06:53,5,57,22,88,15.2,1008.2,1013.1,2,2.4,10,763.2,0
2024-08-07 17:11:53,5,58,22,87,15.2,1008.1,1013,1.4,2,10,763.2,0
2024-08-07 17:16:53,5,58,22,86,15.2,1008.1,1013,1,1.4,8,763.2,0
2024-08-07 17:21:53,5,58,22,86,15.4,1008.1,1013,1.7,2.4,7,763.2,0
2024-08-07 17:26:53,5,58,22,84,15.5,1008.2,1013.1,1.7,2.4,8,763.2,0
2024-08-07 17:31:53,5,59,22,83,15.5,1008.2,1013.1,1.7,2,10,763.2,0
2024-08-07 17:36:53,5,59,22,83,15.4,1008.3,1013.2,2.7,3.7,10,763.2,0
2024-08-07 17:41:53,5,59,22,83,15.4,1008.3,1013.2,1.7,2.4,10,763.2,0
2024-08-07 17:46:53,5,59,22.1,83,15.4,1007.6,1012.5,2,2.4,14,763.2,0
2024-08-07 17:51:53,5,59,22.3,83,15.6,1008.1,1013,1.7,2.4,14,763.2,0
2024-08-07 17:56:53,5,59,22.3,83,15.6,1008.2,1013.1,2,2.4,14,763.2,0
2024-08-07 18:01:53,5,59,22.3,82,15.5,1008.1,1013,1.4,2,14,763.2,0
2024-08-07 18:06:53,5,59,22.3,82,15.4,1008.1,1013,0.7,1.4,14,763.2,0
2024-08-07 18:11:53,5,59,22.3,82,15.4,1008,1012.9,1.4,2,,763.2,0
2024-08-07 18:16:53,5,59,22.3,82,15.4,1008.2,1013.1,2,2.7,,763.2,0
2024-08-07 18:21:53,5,59,22.2,83,15.3,1008.2,1013.1,1.4,1.7,,763.2,0
2024-08-07 18:26:53,5,59,22.2,83,15.3,1008.1,1013,1.7,2.4,,763.2,0
2024-08-07 18:31:53,5,59,22.2,83,15.2,1008.2,1013.1,1.4,1.7,,763.2,0
2024-08-07 18:36:53,5,59,22.2,83,15.2,1008.4,1013.3,1,1.7,,763.2,0
2024-08-07 18:41:53,5,59,22.2,82,15.1,1008.1,1013,1,1.7,,763.2,0
2024-08-07 18:46:53,5,59,22.2,82,15.1,1008.3,1013.2,1.4,1.7,,763.2,0
2024-08-07 18:51:53,5,59,22.2,82,15.1,1008.4,1013.3,1,1.4,,763.2,0
2024-08-07 18:56:53,5,58,22.2,82,15.1,1008.5,1013.4,0.7,1,,763.2,0
2024-08-07 19:01:53,5,58,22.1,82,15,1008.5,1013.4,1,1.7,,763.2,0
2024-08-07 19:06:53,5,57,22,83,15,1008.6,1013.5,0.7,0.7,,763.2,0
2024-08-07 19:11:53,5,57,22,83,14.9,1008.5,1013.4,1,1.7,,763.2,0
2024-08-07 19:16:53,5,59,21.9,84,14.8,1008.4,1013.3,1.4,2,,763.2,0
2024-08-07 19:21:53,5,59,21.9,84,14.8,1008.5,1013.4,0.7,1,,763.2,0
2024-08-07 19:26:53,5,59,21.9,85,14.7,1008.6,1013.5,1.7,2.4,,763.2,0
2024-08-07 19:31:53,5,59,21.9,85,14.7,1008.5,1013.4,0.7,1.4,,763.2,0
2024-08-07 19:36:53,5,59,21.8,85,14.7,1008.6,1013.5,1,1.4,,763.2,0
2024-08-07 19:41:53,5,59,21.8,86,14.7,1008.6,1013.5,0.7,1,,763.2,0
2024-08-07 19:46:53,5,59,21.8,86,14.7,1008.4,1013.3,2,2.4,,763.2,0
2024-08-07 19:51:53,5,59,21.8,87,14.7,1008.4,1013.3,1.4,2,,763.2,0
2024-08-07 19:56:53,5,60,21.8,87,14.7,1008.6,1013.5,1,1.7,,763.2,0
2024-08-07 20:01:53,5,60,21.8,87,14.7,1008.5,1013.4,1.4,2,,763.2,0
2024-08-07 20:06:53,5,60,21.8,88,14.7,1008.6,1013.5,0.7,1,,763.2,0
2024-08-07 20:11:53,5,60,21.8,88,14.7,1008.7,1013.6,1.7,2.4,,763.2,0
2024-08-07 20:16:53,5,60,21.8,88,14.7,1008.5,1013.4,1,1.7,,763.2,0
2024-08-07 20:21:53,5,60,21.7,88,14.7,1008.7,1013.6,1.4,2,,763.2,0
2024-08-07 20:26:53,5,60,21.7,89,14.6,1008.7,1013.6,1.4,2,,763.2,0
2024-08-07 20:31:53,5,60,21.7,89,14.6,1008.7,1013.6,1,1.4,,763.2,0
2024-08-07 20:36:53,5,60,21.7,90,14.6,1008.6,1013.5,1.7,2.4,,763.2,0
2024-08-07 20:41:53,5,61,21.7,90,14.6,1008.8,1013.7,1,1.4,,763.2,0
2024-08-07 20:46:53,5,61,21.7,91,14.6,1009,1013.9,1.4,2,,763.2,0
2024-08-07 20:51:53,5,61,21.7,91,14.7,1009,1013.9,1,1.4,,763.2,0
2024-08-07 20:56:53,5,61,21.7,91,14.7,1008.9,1013.8,1,1.4,,763.2,0
2024-08-07 21:01:53,5,61,21.6,91,14.7,1008.9,1013.8,1.4,1.7,,763.2,0
2024-08-07 21:06:53,5,61,21.6,92,14.7,1009,1013.9,0.7,1.4,,763.2,0
2024-08-07 21:11:53,5,61,21.5,92,14.7,1009.1,1014,1.7,2,,763.2,0
2024-08-07 21:16:53,5,61,21.6,92,14.7,1009,1013.9,1.4,1.7,,763.2,0
2024-08-07 21:21:53,5,61,21.6,92,14.7,1009.2,1014.1,1,1,,763.2,0
2024-08-07 21:26:53,5,61,21.6,93,14.7,1009.2,1014.1,1.4,2,,763.2,0
2024-08-07 21:31:53,5,61,21.6,93,14.7,1009.1,1014,0.3,1,14,763.2,0
2024-08-07 21:36:53,5,61,21.5,93,14.6,1009.1,1014,0,0,14,763.2,0
2024-08-07 21:41:53,5,61,21.5,93,14.6,1009,1013.9,0,0,14,763.2,0
2024-08-07 21:46:53,5,62,21.5,93,14.5,1009,1013.9,0,0,14,763.2,0
2024-08-07 21:51:53,5,62,21.5,94,14.5,1009.2,1014.1,0,0,14,763.2,0
2024-08-07 21:56:53,5,62,21.5,94,14.5,1009,1013.9,0,0,14,763.2,0
2024-08-07 22:01:53,5,62,21.5,94,14.5,1009.1,1014,0,0,,763.2,0
2024-08-07 22:06:53,5,62,21.5,94,14.4,1009.2,1014.1,0,0,,763.2,0
2024-08-07 22:11:53,5,62,21.5,94,14.4,1008.9,1013.8,0,0,10,763.2,0
2024-08-07 22:16:53,5,62,21.5,94,14.4,1008.9,1013.8,0,0,,763.2,0
2024-08-07 22:21:53,5,62,21.5,95,14.4,1009,1013.9,0,0,,763.2,0
2024-08-07 22:26:53,5,62,21.5,95,14.4,1008.9,1013.8,0,0,,763.2,0
2024-08-07 22:31:53,5,62,21.5,95,14.4,1009,1013.9,0,0,,763.2,0
2024-08-07 22:36:53,5,61,21.5,95,14.4,1008.9,1013.8,0,0,,763.2,0
2024-08-07 22:41:53,5,61,21.5,95,14.4,1008.9,1013.8,0,0,,763.2,0
2024-08-07 22:46:53,5,61,21.5,95,14.4,1008.8,1013.7,0,0,10,763.2,0
2024-08-07 22:51:53,5,61,21.5,95,14.4,1008.8,1013.7,0,0,,763.2,0
2024-08-07 22:56:53,5,61,21.5,95,14.4,1008.6,1013.5,0,0,,763.2,0
2024-08-07 23:01:53,5,61,21.5,96,14.3,1008.6,1013.5,0,0,,763.2,0
2024-08-07 23:06:53,5,61,21.4,96,14.4,1008.7,1013.6,0,0,,763.2,0
2024-08-07 23:11:53,5,61,21.5,96,14.4,1008.6,1013.5,0,0,,763.2,0
2024-08-07 23:16:53,5,61,21.5,96,14.4,1008.4,1013.3,0,0,,763.2,0
2024-08-07 23:21:53,5,61,21.5,96,14.4,1008.3,1013.2,0,0,14,763.2,0
2024-08-07 23:26:53,5,61,21.4,96,14.3,1008.3,1013.2,0,0,10,763.2,0
2024-08-07 23:31:53,5,61,21.5,96,14.3,1008.2,1013.1,0,0,10,763.2,0
2024-08-07 23:36:53,5,61,21.5,96,14.3,1008.1,1013,0,0,10,763.2,0
2024-08-07 23:41:53,5,61,21.5,96,14.3,1008.3,1013.2,0,0,,763.2,0
2024-08-07 23:46:53,5,61,21.5,96,14.3,1008,1012.9,0,0,8,763.2,0
2024-08-07 23:51:53,5,61,21.5,96,14.4,1008.2,1013.1,0,0,8,763.2,0
2024-08-07 23:56:53,5,61,21.5,96,14.4,1008.2,1013.1,0,0,8,763.2,0
