2023-04-09 00:00:01,5,56,19.8,64,10.3,1014.5,1019.4,2.4,4.1,4,497.4,0
2023-04-09 00:05:01,5,56,19.7,64,10.2,1014.4,1019.3,3.4,5.4,4,497.4,0
2023-04-09 00:10:01,5,56,19.7,64,10.2,1014.3,1019.2,2.4,3.1,4,497.4,0
2023-04-09 00:15:01,5,56,19.7,64,10.1,1014.2,1019.1,3.4,5.1,4,497.4,0
2023-04-09 00:20:01,5,56,19.7,64,10.2,1014.2,1019.1,3.7,4.8,4,497.4,0
2023-04-09 00:25:01,5,56,19.7,65,10.2,1014.1,1019,3.7,4.1,4,497.4,0
2023-04-09 00:30:01,5,56,19.7,65,10.1,1014.2,1019.1,3.4,4.1,,497.4,0
2023-04-09 00:35:01,5,56,19.7,65,10,1013.9,1018.8,2.4,3.1,4,497.4,0
2023-04-09 00:40:01,5,56,19.7,66,10,1013.9,1018.8,2.4,2.7,4,497.4,0
2023-04-09 00:45:01,5,56,19.7,67,9.9,1013.9,1018.8,3.1,3.7,4,497.4,0
2023-04-09 00:50:01,5,56,19.7,68,9.9,1013.8,1018.7,3.1,3.7,4,497.4,0
2023-04-09 00:55:01,5,55,19.7,68,9.9,1013.9,1018.8,2.4,3.1,4,497.4,0
2023-04-09 01:00:01,5,55,19.7,68,9.9,1013.8,1018.7,2.4,3.4,4,497.4,0
2023-04-09 01:05:01,5,55,19.7,68,9.9,1013.8,1018.7,2.4,3.4,4,497.4,0
2023-04-09 01:10:01,5,55,19.7,69,10,1013.6,1018.5,2.4,3.4,4,497.4,0
2023-04-09 01:15:01,5,55,19.6,68,10.2,1013.5,1018.4,2.7,4.8,,497.4,0
2023-04-09 01:20:01,5,55,19.6,68,10.2,1013.3,1018.2,3.7,4.4,10,497.4,0
2023-04-09 01:25:01,5,55,19.6,67,10.3,1013.4,1018.3,2.4,4.8,,497.4,0
2023-04-09 01:30:01,5,55,19.6,67,10.4,1013.4,1018.3,2.7,4.4,8,497.4,0
2023-04-09 01:35:01,5,55,19.6,66,10.5,1013.2,1018.1,4.4,6.1,8,497.4,0
2023-04-09 01:40:01,5,55,19.6,66,10.5,1013.2,1018.1,4.4,6.1,10,497.4,0
2023-04-09 01:45:01,5,55,19.6,67,10.6,1012.9,1017.8,3.7,6.1,4,497.4,0
2023-04-09 01:50:01,5,55,19.6,67,10.6,1013,1017.9,2,3.4,10,497.4,0
2023-04-09 01:55:01,5,55,19.6,67,10.6,1012.9,1017.8,1.4,2.4,2,497.4,0
2023-04-09 02:00:01,5,55,19.6,67,10.5,1012.9,1017.8,4.1,5.1,4,497.4,0
2023-04-09 02:05:01,5,55,19.6,68,10.5,1012.7,1017.6,3.7,5.1,4,497.4,0
2023-04-09 02:10:01,5,55,19.6,67,10.6,1012.7,1017.6,2.4,4.4,12,497.4,0
2023-04-09 02:15:01,5,55,19.6,68,10.5,1012.7,1017.6,4.8,6.1,2,497.4,0
2023-04-09 02:20:01,5,55,19.6,68,10.5,1012.4,1017.3,7.5,9.2,4,497.4,0
2023-04-09 02:25:01,5,55,19.6,68,10.4,1012.4,1017.3,4.1,5.4,4,497.4,0
2023-04-09 02:30:01,5,55,19.6,68,10.3,1012.3,1017.2,2.7,3.7,4,497.4,0
2023-04-09 02:35:01,5,55,19.5,69,10.1,1012.3,1017.2,2.4,3.4,4,497.4,0
2023-04-09 02:40:01,5,55,19.5,70,10.1,1012.1,1017,4.1,5.1,4,497.4,0
2023-04-09 02:45:01,5,55,19.5,70,10,1012,1016.9,2.7,3.7,4,497.4,0
2023-04-09 02:50:01,5,55,19.5,70,9.9,1012,1016.9,2.4,2.7,4,497.4,0
2023-04-09 02:55:01,5,55,19.5,70,9.9,1011.9,1016.8,2.7,3.4,4,497.4,0
2023-04-09 03:00:01,5,55,19.5,71,10,1011.8,1016.7,3.4,4.4,4,497.4,0
2023-04-09 03:05:01,5,55,19.5,70,10,1011.6,1016.5,3.7,5.8,4,497.4,0
2023-04-09 03:10:01,5,55,19.5,70,10.1,1011.8,1016.7,3.7,5.4,4,497.4,0
2023-04-09 03:15:01,5,55,19.5,70,10.1,1011.5,1016.4,1.7,2.7,4,497.4,0
2023-04-09 03:20:01,5,55,19.5,70,10.2,1011.5,1016.4,3.4,4.8,,497.4,0
2023-04-09 03:25:01,5,55,19.4,70,10.2,1011.4,1016.3,2.7,3.7,2,497.4,0
2023-04-09 03:30:01,5,55,19.4,70,10.2,1011.5,1016.4,4.1,6.5,10,497.4,0
2023-04-09 03:35:01,5,55,19.4,70,10.2,1011.3,1016.2,4.4,6.1,4,497.4,0
2023-04-09 03:40:01,5,55,19.4,70,10.2,1011.3,1016.2,3.4,5.4,8,497.4,0
2023-04-09 03:45:01,5,55,19.4,70,10.2,1011.4,1016.3,3.4,5.1,4,497.4,0
2023-04-09 03:50:01,5,55,19.4,70,10.2,1011.3,1016.2,4.4,6.1,4,497.4,0
2023-04-09 03:55:01,5,55,19.4,70,10.3,1011.2,1016.1,3.7,5.8,10,497.4,0
2023-04-09 04:00:01,5,55,19.4,70,10.3,1011,1015.9,3.4,4.1,4,497.4,0
2023-04-09 04:05:01,5,55,19.3,70,10.3,1010.9,1015.8,4.8,8.5,2,497.4,0
2023-04-09 04:10:01,5,55,19.4,70,10.4,1011,1015.9,4.8,7.5,10,497.4,0
2023-04-09 04:15:01,5,55,19.3,71,10.3,1010.8,1015.7,3.1,4.4,8,497.4,0
2023-04-09 04:20:03,5,55,19.4,71,10.3,1010.7,1015.6,4.4,6.8,4,497.4,0
2023-04-09 04:25:02,5,55,19.4,71,10.3,1010.8,1015.7,3.7,4.8,2,497.4,0
2023-04-09 04:30:02,5,55,19.3,71,10.4,1010.7,1015.6,4.1,5.1,4,497.4,0
2023-04-09 04:35:02,5,55,19.3,71,10.4,1010.2,1015.1,8.5,10.5,4,497.4,0
2023-04-09 04:40:02,5,55,19.3,71,10.5,1010.4,1015.3,4.8,5.8,2,497.4,0
2023-04-09 04:45:02,5,54,19.3,71,10.5,1010,1014.9,4.4,5.8,,497.4,0
2023-04-09 04:50:02,5,54,19.3,71,10.5,1010.1,1015,4.1,5.1,4,497.4,0
2023-04-09 04:55:02,5,54,19.3,71,10.5,1009.9,1014.8,4.1,5.8,4,497.4,0
2023-04-09 05:00:02,5,54,19.3,71,10.5,1009.8,1014.7,3.1,5.4,11,497.4,0
2023-04-09 05:05:02,5,54,19.3,71,10.4,1010.1,1015,3.1,4.8,2,497.4,0
2023-04-09 05:10:02,5,54,19.2,71,10.4,1010.1,1015,4.4,6.5,4,497.4,0
2023-04-09 05:15:02,5,54,19.2,71,10.5,1009.9,1014.8,5.8,7.8,,497.4,0
2023-04-09 05:20:02,5,54,19.2,71,10.5,1009.8,1014.7,3.7,5.8,7,497.4,0
2023-04-09 05:25:02,5,54,19.2,71,10.5,1009.7,1014.6,5.1,7.1,13,497.4,0
2023-04-09 05:30:02,5,54,19.2,71,10.4,1009.4,1014.3,5.4,7.5,12,497.4,0
2023-04-09 05:35:02,5,54,19.2,71,10.5,1009.5,1014.4,6.1,8.5,7,497.4,0
2023-04-09 05:40:02,5,54,19.2,71,10.5,1009.4,1014.3,8.5,10.2,0,497.4,0
2023-04-09 05:45:02,5,54,19.2,71,10.5,1009.2,1014.1,5.8,9.2,7,497.4,0
2023-04-09 05:50:02,5,54,19.2,71,10.5,1009.5,1014.4,4.8,7.5,7,497.4,0
2023-04-09 05:55:02,5,54,19.2,71,10.5,1009.6,1014.5,5.1,6.1,2,497.4,0
2023-04-09 06:00:02,5,54,19.2,71,10.5,1009.5,1014.4,4.4,6.1,7,497.4,0
2023-04-09 06:05:02,5,54,19.2,71,10.4,1009.7,1014.6,3.7,4.8,7,497.4,0
2023-04-09 06:10:02,5,54,19.2,72,10.3,1009.6,1014.5,3.1,4.4,7,497.4,0
2023-04-09 06:15:02,5,54,19.2,72,10.3,1009.7,1014.6,4.1,4.8,7,497.4,0
2023-04-09 06:20:02,5,54,19.2,72,10.2,1009.5,1014.4,4.4,6.1,,497.4,0
2023-04-09 06:25:02,5,54,19.1,72,10.2,1009.4,1014.3,3.4,4.8,7,497.4,0
2023-04-09 06:30:02,5,54,19.1,73,10.2,1009.5,1014.4,4.4,5.4,7,497.4,0
2023-04-09 06:35:02,5,54,19.1,73,10.2,1009.4,1014.3,3.7,5.8,,497.4,0
2023-04-09 06:40:02,5,54,19.1,73,10.3,1009.5,1014.4,3.4,4.8,2,497.4,0
2023-04-09 06:45:02,5,54,19.1,73,10.4,1009.3,1014.2,5.4,8.2,7,497.4,0
2023-04-09 06:50:02,5,54,19.1,73,10.5,1009.4,1014.3,4.1,5.4,2,497.4,0
2023-04-09 06:55:02,5,54,19.1,73,10.6,1009.5,1014.4,3.7,6.5,7,497.4,0
2023-04-09 07:00:02,5,54,19.1,72,10.7,1009.6,1014.5,4.8,7.5,2,497.4,0
2023-04-09 07:05:02,5,54,19.1,72,10.8,1009.7,1014.6,3.4,4.4,0,497.4,0
2023-04-09 07:10:02,5,54,19.1,72,10.9,1009.9,1014.8,3.7,6.5,2,497.4,0
2023-04-09 07:15:02,5,54,19.1,71,11,1009.8,1014.7,5.8,7.8,2,497.4,0
2023-04-09 07:20:02,5,54,19.1,71,11.1,1009.8,1014.7,3.7,4.8,7,497.4,0
2023-04-09 07:25:02,5,54,19.1,71,11.1,1009.8,1014.7,2.7,3.7,10,497.4,0
2023-04-09 07:30:02,5,54,19.1,71,11.1,1009.7,1014.6,3.1,4.4,10,497.4,0
2023-04-09 07:35:02,5,54,19.1,71,11.2,1009.6,1014.5,5.4,7.1,14,497.4,0
2023-04-09 07:40:02,5,54,19.1,71,11.2,1009.5,1014.4,5.1,6.5,8,497.4,0
2023-04-09 07:45:02,5,54,19.1,71,11.2,1009.5,1014.4,5.8,8.2,7,497.4,0
2023-04-09 07:50:02,5,54,19.1,71,11.3,1009.5,1014.4,6.8,9.2,0,497.4,0
2023-04-09 07:55:02,5,54,19.1,71,11.3,1009.5,1014.4,2.4,3.7,10,497.4,0
2023-04-09 08:00:02,5,54,19.1,71,11.3,1009.5,1014.4,4.1,6.1,0,497.4,0
2023-04-09 08:05:02,5,54,19.1,71,11.3,1009.5,1014.4,3.4,6.1,8,497.4,0
2023-04-09 08:10:02,5,54,19.1,71,11.3,1009.3,1014.2,3.4,6.1,,497.4,0
2023-04-09 08:15:02,5,54,19.1,72,11.3,1009.4,1014.3,3.4,5.1,8,497.4,0
2023-04-09 08:20:02,5,54,19.1,72,11.2,1009.4,1014.3,4.1,5.8,7,497.4,0
2023-04-09 08:25:02,5,54,19.1,72,11.2,1009.3,1014.2,6.1,8.5,,497.4,0
2023-04-09 08:30:02,5,54,19.1,73,11.1,1009.2,1014.1,4.8,6.8,2,497.4,0
2023-04-09 08:35:02,5,54,19.1,73,11.1,1009.3,1014.2,5.1,7.1,7,497.4,0
2023-04-09 08:40:02,5,54,19.1,74,11,1009.2,1014.1,4.8,7.1,,497.4,0
2023-04-09 08:45:02,5,54,19.1,75,11,1009,1013.9,5.4,7.5,2,497.4,0
2023-04-09 08:50:02,5,54,19.2,75,11,1009,1013.9,5.4,7.1,8,497.4,0
2023-04-09 08:55:02,5,54,19.2,75,11,1008.8,1013.7,4.8,6.1,7,497.4,0
2023-04-09 09:00:02,5,54,19.1,75,11,1008.7,1013.6,4.1,5.8,7,497.4,0
2023-04-09 09:05:02,5,54,19.1,75,11,1008.8,1013.7,5.4,7.1,7,497.4,0
2023-04-09 09:10:02,5,54,19.1,75,11,1008.7,1013.6,3.7,6.1,7,497.4,0
2023-04-09 09:15:02,5,54,19.1,76,10.9,1008.6,1013.5,5.1,6.8,8,497.4,0
2023-04-09 09:20:02,5,54,19.1,77,10.8,1008.9,1013.8,5.1,6.5,0,497.4,0
2023-04-09 09:25:02,5,54,19.1,79,10.7,1008.7,1013.6,4.4,6.5,12,497.4,0
2023-04-09 09:30:02,5,53,19.1,80,10.7,1008.7,1013.6,4.1,6.1,7,497.4,0
2023-04-09 09:35:02,5,54,19.1,81,10.7,1008.7,1013.6,3.4,5.1,2,497.4,0
2023-04-09 09:40:02,5,54,19.1,81,10.7,1008.7,1013.6,3.1,4.1,14,497.4,0
2023-04-09 09:45:02,5,54,19.1,81,10.8,1008.7,1013.6,3.1,4.8,7,497.4,0
2023-04-09 09:50:02,5,54,19.1,81,10.8,1008.8,1013.7,3.7,5.4,7,497.4,0
2023-04-09 09:55:02,5,54,19.1,81,10.8,1008.7,1013.6,3.4,5.4,,497.4,0
2023-04-09 10:00:02,5,54,19,81,10.9,1008.7,1013.6,2.7,5.1,7,497.4,0
2023-04-09 10:05:02,5,54,19,81,10.9,1008.6,1013.5,3.4,5.4,,497.4,0
2023-04-09 10:10:02,5,54,19,81,10.8,1008.6,1013.5,2,3.7,7,497.4,0
2023-04-09 10:15:02,5,54,19,82,10.8,1008.6,1013.5,3.1,4.4,2,497.4,0
2023-04-09 10:20:02,5,54,19.1,82,10.8,1008.7,1013.6,2.7,4.8,8,497.4,0
2023-04-09 10:25:02,5,54,19.1,83,10.7,1008.5,1013.4,2.4,3.4,,497.4,0
2023-04-09 10:30:02,5,54,19.1,83,10.8,1008.5,1013.4,2,2.7,2,497.4,0
2023-04-09 10:35:02,5,54,19.1,83,10.9,1008.6,1013.5,2.7,4.1,14,497.4,0
2023-04-09 10:40:02,5,54,19.1,83,11,1008.4,1013.3,3.4,5.1,,497.4,0
2023-04-09 10:45:02,5,54,19.1,83,11.2,1008.2,1013.1,3.4,5.1,7,497.4,0
2023-04-09 10:50:02,5,54,19.1,83,11.4,1008.2,1013.1,3.1,4.1,7,497.4,0
2023-04-09 10:55:02,5,55,19.2,82,11.6,1008.3,1013.2,3.1,4.4,7,497.4,0
2023-04-09 11:00:02,5,55,19.2,82,11.7,1008.1,1013,4.1,5.8,7,497.4,0
2023-04-09 11:05:02,5,56,19.2,81,11.8,1008,1012.9,3.4,5.4,,497.4,0
2023-04-09 11:10:02,5,56,19.3,80,11.9,1008.2,1013.1,3.7,5.8,7,497.4,0
2023-04-09 11:15:02,5,57,19.3,80,11.9,1008.3,1013.2,4.4,6.1,7,497.4,0
2023-04-09 11:20:02,5,57,19.3,80,12,1008.5,1013.4,3.1,5.1,7,497.4,0
2023-04-09 11:25:02,5,57,19.3,80,12.2,1008.1,1013,4.4,6.8,2,497.4,0
2023-04-09 11:30:02,5,57,19.3,80,12.2,1007.9,1012.8,5.1,7.1,10,497.4,0
2023-04-09 11:35:02,5,57,19.4,79,12.3,1007.6,1012.5,4.4,6.1,,497.4,0
2023-04-09 11:40:02,5,57,19.4,78,12.4,1007.5,1012.4,3.1,4.4,7,497.4,0
2023-04-09 11:45:02,5,57,19.5,78,12.4,1007.5,1012.4,3.1,4.1,0,497.4,0
2023-04-09 11:50:02,5,57,19.5,74,12.5,1007.4,1012.3,3.7,5.4,,497.4,0
2023-04-09 11:55:02,5,57,19.5,74,12.6,1007.5,1012.4,3.4,4.4,2,497.4,0
2023-04-09 12:00:02,5,57,19.5,74,12.6,1007.4,1012.3,4.1,6.1,2,497.4,0
2023-04-09 12:05:02,5,57,19.5,73,12.7,1007.5,1012.4,3.7,4.8,7,497.4,0
2023-04-09 12:10:02,5,57,19.5,73,12.9,1007.5,1012.4,3.4,5.1,2,497.4,0
2023-04-09 12:15:02,5,57,19.6,73,13.7,1007.5,1012.4,5.4,8.2,15,497.4,0
2023-04-09 12:20:02,5,57,19.7,71,13.4,1007.4,1012.3,5.1,8.8,0,497.4,0
2023-04-09 12:25:02,5,57,19.6,71,13.4,1007.2,1012.1,3.4,5.1,12,497.4,0
2023-04-09 12:30:02,5,57,19.6,71,13.5,1007,1011.9,4.1,6.1,2,497.4,0
2023-04-09 12:35:02,5,57,19.7,71,13.5,1006.9,1011.8,3.1,4.4,2,497.4,0
2023-04-09 12:40:02,5,57,19.7,70,13.5,1007.2,1012.1,2.7,4.4,8,497.4,0
2023-04-09 12:45:02,5,57,19.7,70,13.4,1007.1,1012,4.1,5.4,8,497.4,0
2023-04-09 12:50:02,5,56,19.8,70,13.4,1006.9,1011.8,3.4,4.8,7,497.4,0
2023-04-09 12:55:02,5,56,19.8,70,14,1006.7,1011.6,3.1,4.4,2,497.4,0
2023-04-09 13:00:02,5,56,19.8,68,14.2,1006.8,1011.7,3.1,5.1,7,497.4,0
2023-04-09 13:05:02,5,56,19.9,67,14.2,1006.6,1011.5,4.4,6.5,,497.4,0
2023-04-09 13:10:02,5,56,19.9,66,14.1,1006.6,1011.5,3.4,6.5,10,497.4,0
2023-04-09 13:15:02,5,57,19.9,66,14.2,1006.2,1011.1,3.7,5.8,10,497.4,0
2023-04-09 13:20:02,5,56,20,65,14.2,1006.3,1011.2,4.8,7.5,8,497.4,0
2023-04-09 13:25:02,5,56,20,65,14,1006.3,1011.2,5.8,8.8,2,497.4,0
2023-04-09 13:30:02,5,56,20,65,13.8,1006.3,1011.2,5.4,8.2,,497.4,0
2023-04-09 13:35:02,5,56,20,66,13.8,1006.2,1011.1,4.1,5.8,,497.4,0
2023-04-09 13:40:02,5,56,20,65,14,1006.3,1011.2,3.7,5.8,12,497.4,0
2023-04-09 13:45:02,5,56,20.1,64,14.1,1006.4,1011.3,3.7,5.8,10,497.4,0
2023-04-09 13:50:02,5,56,20.1,64,13.9,1006.3,1011.2,5.1,6.1,2,497.4,0
2023-04-09 13:55:02,5,56,20.1,64,13.6,1006.2,1011.1,3.7,5.4,8,497.4,0
2023-04-09 14:00:02,5,56,20.1,65,13.7,1005.9,1010.8,2.4,3.4,7,497.4,0
2023-04-09 14:05:02,5,55,20.1,66,14.2,1005.6,1010.5,2.7,5.1,4,497.4,0
2023-04-09 14:10:02,5,55,20.1,63,14.7,1005.6,1010.5,2.7,4.4,8,497.4,0
2023-04-09 14:15:02,5,55,20.1,62,15,1005.5,1010.4,3.7,4.8,12,497.4,0
2023-04-09 14:20:02,5,56,20.1,62,15.1,1005.4,1010.3,4.1,4.8,9,497.4,0
2023-04-09 14:25:02,5,56,20.2,61,14.8,1005.3,1010.2,2.4,4.1,13,497.4,0
2023-04-09 14:30:02,5,56,20.2,62,14.7,1005.2,1010.1,3.7,6.1,8,497.4,0
2023-04-09 14:35:02,5,56,20.2,61,15.1,1005.1,1010,3.7,4.8,10,497.4,0
2023-04-09 14:40:02,5,56,20.3,61,15.4,1005.1,1010,4.8,8.5,15,497.4,0
2023-04-09 14:45:02,5,56,20.3,60,15,1005,1009.9,5.1,6.5,,497.4,0
2023-04-09 14:50:02,5,56,20.3,60,14.9,1005,1009.9,3.7,4.8,10,497.4,0
2023-04-09 14:55:02,5,56,20.3,60,14.7,1005.1,1010,4.4,6.1,10,497.4,0
2023-04-09 15:00:02,5,56,20.4,60,14.4,1005.1,1010,4.8,6.8,10,497.4,0
2023-04-09 15:05:02,5,56,20.4,61,14,1005.3,1010.2,3.7,5.8,8,497.4,0
2023-04-09 15:10:02,5,57,20.4,62,13.7,1005.3,1010.2,5.1,7.1,12,497.4,0
2023-04-09 15:15:02,5,57,20.4,66,13.2,1005.4,1010.3,2.7,3.7,8,497.4,0
2023-04-09 15:20:02,5,58,20.4,69,12.8,1005.3,1010.2,4.4,6.8,8,497.4,0
2023-04-09 15:25:02,5,58,20.4,71,12.6,1005.1,1010,6.1,8.5,10,497.4,0
2023-04-09 15:30:02,5,58,20.3,74,12.4,1005.3,1010.2,4.4,7.8,8,497.4,0
2023-04-09 15:35:02,5,59,20.4,75,12.3,1005.3,1010.2,3.7,5.8,8,497.4,0
2023-04-09 15:40:02,5,60,20.4,76,12.3,1005,1009.9,2.4,4.1,0,497.4,0
2023-04-09 15:45:02,5,61,20.4,78,12.3,1005.1,1010,2.7,3.7,12,497.4,0
2023-04-09 15:50:02,5,61,20.3,78,12.3,1005.1,1010,2.7,3.4,7,497.4,0
2023-04-09 15:55:02,5,60,20.4,79,12.2,1005.2,1010.1,3.4,4.4,8,497.4,0
2023-04-09 16:00:02,5,61,20.3,79,12.3,1005,1009.9,2,2.7,10,497.4,0
2023-04-09 16:05:02,5,61,20.4,80,12.4,1004.9,1009.8,1.4,2.4,8,497.4,0
2023-04-09 16:10:02,5,63,20.4,80,12.4,1005,1009.9,3.1,4.1,8,497.4,0
2023-04-09 16:15:02,5,65,20.5,79,12.3,1004.8,1009.7,1.4,2,14,497.4,0
2023-04-09 16:20:02,5,67,20.5,79,12.2,1004.7,1009.6,2,2.7,8,497.4,0
2023-04-09 16:25:02,5,68,20.5,79,12,1004.7,1009.6,2.4,3.7,,497.4,0
2023-04-09 16:30:02,5,68,20.6,79,12,1004.5,1009.4,2,3.1,12,497.4,0
2023-04-09 16:35:02,5,69,20.6,80,12,1004.6,1009.5,2.7,3.7,8,497.4,0
2023-04-09 16:40:02,5,69,20.5,80,12,1004.6,1009.5,2,2.7,8,497.4,0
2023-04-09 16:45:02,5,69,20.6,80,12,1004.6,1009.5,2.4,3.1,8,497.4,0
2023-04-09 16:50:02,5,69,20.6,80,12,1004.4,1009.3,1.7,2.7,8,497.4,0
2023-04-09 16:55:02,5,68,20.5,80,11.9,1004.6,1009.5,1.7,2.7,14,497.4,0
2023-04-09 17:00:02,5,68,20.5,80,11.8,1004.4,1009.3,1.4,2,10,497.4,0
2023-04-09 17:05:02,5,68,20.5,81,11.8,1004.4,1009.3,1.7,2,8,497.4,0
2023-04-09 17:10:02,5,69,20.6,81,11.7,1004.4,1009.3,1.4,1.7,8,497.4,0
2023-04-09 17:15:02,5,70,20.6,81,11.6,1004.4,1009.3,1.7,2.7,8,497.4,0
2023-04-09 17:20:02,5,70,20.6,82,11.6,1004.2,1009.1,2,2.4,,497.7,0
2023-04-09 17:25:02,5,70,20.6,82,11.6,1004.3,1009.2,1.7,2,8,497.7,0
2023-04-09 17:30:02,5,69,20.6,82,11.7,1004.1,1009,1,1.4,8,497.7,0
2023-04-09 17:35:02,5,68,20.5,82,11.7,1004.2,1009.1,1,1.4,,497.7,0
2023-04-09 17:40:02,5,67,20.5,83,11.7,1004.2,1009.1,1.7,2.7,10,497.7,0
2023-04-09 17:45:02,5,67,20.6,83,11.7,1004.1,1009,2,3.1,12,497.7,0
2023-04-09 17:50:02,5,67,20.5,83,11.6,1003.9,1008.8,1.7,3.1,10,497.7,0
2023-04-09 17:55:02,5,67,20.5,83,11.6,1004.1,1009,2.4,3.1,8,497.7,0
2023-04-09 18:00:02,5,67,20.5,83,11.5,1004.1,1009,2,2.4,10,497.7,0
2023-04-09 18:05:02,5,66,20.4,83,11.4,1004.2,1009.1,1.4,2,10,498.6,0
2023-04-09 18:10:02,5,66,20.4,84,11.3,1004,1008.9,2,2.4,10,498.9,0
2023-04-09 18:15:02,5,66,20.5,84,11.2,1003.9,1008.8,1.4,1.7,10,498.9,0
2023-04-09 18:20:02,5,64,20.4,85,11.1,1003.8,1008.7,1,1.4,8,499.2,0
2023-04-09 18:25:02,5,64,20.4,85,11.1,1003.7,1008.6,1,1.4,10,499.2,0
2023-04-09 18:30:02,5,64,20.4,86,11.1,1004,1008.9,1.7,2.4,10,499.5,0
2023-04-09 18:35:02,5,64,20.4,86,11.1,1003.8,1008.7,2,2.4,10,499.8,0
2023-04-09 18:40:02,5,65,20.3,86,11.1,1003.7,1008.6,2,2.7,10,499.8,0
2023-04-09 18:45:02,5,65,20.3,87,11.1,1003.7,1008.6,1,1.4,14,500.1,0
2023-04-09 18:50:02,5,65,20.3,87,11,1003.7,1008.6,1.4,2,10,500.1,0
2023-04-09 18:55:02,5,65,20.3,87,11,1003.6,1008.5,1.7,2.7,8,500.1,0
2023-04-09 19:00:02,5,65,20.2,87,11,1003.6,1008.5,2,2.7,8,500.1,0
2023-04-09 19:05:02,5,65,20.2,88,11,1003.7,1008.6,0.7,1,14,500.1,0
2023-04-09 19:10:02,5,65,20.2,87,10.8,1003.6,1008.5,0,0,10,500.1,0
2023-04-09 19:15:02,5,65,20.2,87,10.6,1003.6,1008.5,0,0,10,500.1,0
2023-04-09 19:20:02,5,65,20.2,87,10.4,1003.6,1008.5,0,0,10,500.1,0
2023-04-09 19:25:02,5,65,20.2,87,10.4,1003.8,1008.7,0,0,10,500.1,0
2023-04-09 19:30:02,5,65,20.2,87,10.3,1003.7,1008.6,0,0,10,500.1,0
2023-04-09 19:35:02,5,65,20.2,86,10.2,1003.6,1008.5,0,0,10,500.1,0
2023-04-09 19:40:02,5,65,20.2,86,10.1,1003.7,1008.6,0,0,10,500.4,0
2023-04-09 19:45:02,5,65,20.2,86,10,1003.8,1008.7,0,0,10,500.4,0
2023-04-09 19:50:02,5,64,20.2,86,9.9,1003.7,1008.6,0,0,10,500.4,0
2023-04-09 19:55:02,5,64,20.2,86,9.9,1003.6,1008.5,0,0,8,500.4,0
2023-04-09 20:00:02,5,64,20.1,86,9.9,1003.6,1008.5,0,0,10,500.4,0
2023-04-09 20:05:02,5,64,20.2,86,9.9,1003.7,1008.6,0,0,8,500.4,0
2023-04-09 20:10:02,5,64,20.2,86,9.8,1003.7,1008.6,0,0,10,500.4,0
2023-04-09 20:15:02,5,64,20.1,86,9.8,1003.6,1008.5,0,0,10,500.4,0
2023-04-09 20:20:02,5,64,20.1,86,9.8,1003.6,1008.5,0,0,8,500.4,0
2023-04-09 20:25:02,5,64,20.1,86,9.8,1003.5,1008.4,0,0,10,500.4,0
2023-04-09 20:30:02,5,64,20.1,86,9.8,1003.6,1008.5,0,0,10,500.4,0
2023-04-09 20:35:02,5,64,20.1,86,9.8,1003.5,1008.4,0,0,10,500.4,0
2023-04-09 20:40:02,5,65,20.1,86,9.9,1003.4,1008.3,0,0,10,500.4,0
2023-04-09 20:45:02,5,65,20.2,87,9.9,1003.3,1008.2,0,0,8,500.4,0
2023-04-09 20:50:02,5,65,20.3,87,10,1003.3,1008.2,0,0,10,500.4,0
2023-04-09 20:55:02,5,64,20.3,87,10.1,1003.4,1008.3,0,0,8,500.7,0
2023-04-09 21:00:02,5,64,20.4,87,10.2,1003.2,1008.1,0,0,10,500.7,0
2023-04-09 21:05:02,5,64,20.5,87,10.2,1003,1007.9,0,0,8,500.7,0
2023-04-09 21:10:02,5,64,20.6,87,10.1,1003,1007.9,0,0,10,500.7,0
2023-04-09 21:15:02,5,64,20.7,87,10.1,1003.1,1008,0,0,10,500.7,0
2023-04-09 21:20:02,5,63,20.8,87,10,1003.2,1008.1,0,0,10,500.7,0
2023-04-09 21:25:02,5,63,20.8,87,9.9,1003.1,1008,0,0,10,500.7,0
2023-04-09 21:30:02,5,63,20.9,87,9.8,1003.2,1008.1,0,0,8,500.7,0
2023-04-09 21:35:02,5,62,21,87,9.8,1003.1,1008,0,0,10,500.7,0
2023-04-09 21:40:02,5,63,20.9,87,9.7,1003.1,1008,0,0,10,500.7,0
2023-04-09 21:45:02,5,61,21,87,9.6,1003.1,1008,0,0,10,500.7,0
2023-04-09 21:50:02,5,61,21.1,87,9.7,1003.2,1008.1,0,0,8,500.7,0
2023-04-09 21:55:02,5,61,21.1,87,9.7,1003,1007.9,0,0,10,500.7,0
2023-04-09 22:00:02,5,61,21.1,87,9.8,1003,1007.9,0,0,8,500.7,0
2023-04-09 22:05:02,5,61,21.1,87,9.8,1003.1,1008,0,0,10,500.7,0
2023-04-09 22:10:02,5,61,21.1,87,9.8,1003,1007.9,0,0,10,500.7,0
2023-04-09 22:15:02,5,60,21.4,88,9.8,1002.8,1007.7,0,0,10,500.7,0
2023-04-09 22:20:02,5,60,21.4,88,9.9,1003,1007.9,0,0,10,500.7,0
2023-04-09 22:25:02,5,60,21.4,87,9.8,1003,1007.9,0,0,10,500.7,0
2023-04-09 22:30:02,5,60,21.4,87,9.7,1003.2,1008.1,0,0,10,500.7,0
2023-04-09 22:35:02,5,60,21.4,87,9.6,1003.1,1008,0,0,8,500.7,0
2023-04-09 22:40:02,5,60,21.4,87,9.6,1003,1007.9,0,0,8,500.7,0
2023-04-09 22:45:02,5,60,21.4,87,9.5,1002.9,1007.8,0,0,10,500.7,0
2023-04-09 22:50:02,5,60,21.5,87,9.4,1002.9,1007.8,0,0,14,500.7,0
2023-04-09 22:55:02,5,59,21.5,87,9.4,1002.9,1007.8,0,0,8,500.7,0
2023-04-09 23:00:02,5,59,21.5,87,9.5,1003,1007.9,0,0,10,500.7,0
2023-04-09 23:05:02,5,59,21.5,87,9.5,1002.9,1007.8,0,0,8,500.7,0
2023-04-09 23:10:02,5,59,21.5,87,9.5,1002.9,1007.8,0,0,10,500.7,0
2023-04-09 23:15:02,5,59,21.6,86,9.5,1002.8,1007.7,0,0,8,500.7,0
2023-04-09 23:20:02,5,59,21.7,86,9.5,1002.8,1007.7,0,0,14,500.7,0
2023-04-09 23:25:02,5,59,21.7,86,9.4,1002.6,1007.5,0,0,8,500.7,0
2023-04-09 23:30:02,5,59,21.7,86,9.4,1002.7,1007.6,0,0,10,500.7,0
2023-04-09 23:35:02,5,59,21.7,85,9.4,1002.8,1007.7,0,0,10,500.7,0
2023-04-09 23:40:02,5,58,21.7,85,9.5,1002.6,1007.5,0,0,10,500.7,0
2023-04-09 23:45:02,5,58,21.7,85,9.6,1002.6,1007.5,0,0,10,500.7,0
2023-04-09 23:50:02,5,58,21.6,85,9.6,1002.6,1007.5,0,0,10,500.7,0
2023-04-09 23:55:02,5,58,21.5,85,9.5,1002.8,1007.7,0,0,10,500.7,0
