2025-02-22 00:00:09,5,59,21,73,9.1,997,1001.9,4.8,5.8,13,1721.4,0
2025-02-22 00:00:11,5,59,21,73,9.1,997,1001.9,4.8,5.8,13,1721.4,0
2025-02-22 00:05:09,5,60,20.9,73,9.1,996.9,1001.8,3.7,4.8,14,1721.4,0
2025-02-22 00:10:09,5,60,20.9,74,9,997.2,1002.1,3.4,4.1,10,1721.4,0
2025-02-22 00:15:09,5,60,20.9,74,9.1,997,1001.9,6.1,9.2,10,1721.4,0
2025-02-22 00:20:09,5,60,20.9,75,9.1,997.2,1002.1,3.7,4.4,10,1721.4,0
2025-02-22 00:25:09,5,59,20.9,76,9.2,997.3,1002.2,5.1,6.5,10,1721.4,0
2025-02-22 00:30:09,5,59,20.9,76,9.2,997.6,1002.5,5.4,6.8,10,1721.4,0
2025-02-22 00:35:09,5,59,20.9,76,9.1,997.6,1002.5,4.1,5.1,12,1721.4,0
2025-02-22 00:40:09,5,59,20.9,76,9,997.6,1002.5,2.4,3.4,12,1721.4,0
2025-02-22 00:45:09,5,59,20.9,77,8.8,997.6,1002.5,2.4,3.1,12,1721.4,0
2025-02-22 00:50:09,5,59,20.8,76,8.7,997.6,1002.5,2,3.1,12,1721.4,0
2025-02-22 00:55:09,5,59,20.8,76,8.7,997.7,1002.6,2.7,3.7,10,1721.4,0
2025-02-22 01:00:09,5,58,20.8,76,8.6,997.7,1002.6,3.4,4.8,12,1721.4,0
2025-02-22 01:05:09,5,58,20.8,76,8.6,997.8,1002.7,2.4,2.7,12,1721.4,0
2025-02-22 01:10:09,5,58,20.8,76,8.5,998,1002.9,2.4,2.7,10,1721.4,0
2025-02-22 01:15:09,5,58,20.8,76,8.3,998,1002.9,3.7,4.8,12,1721.4,0
2025-02-22 01:20:09,5,58,20.8,76,8.3,998.1,1003,2.7,3.7,12,1721.4,0
2025-02-22 01:25:09,5,58,20.8,76,8.3,998.2,1003.1,2.7,4.1,11,1721.4,0
2025-02-22 01:30:09,5,58,20.8,76,8.4,998.1,1003,3.4,4.1,10,1721.4,0
2025-02-22 01:35:09,5,58,20.7,76,8.5,998.2,1003.1,4.1,6.1,12,1721.4,0
2025-02-22 01:40:11,5,58,20.7,76,8.7,998.2,1003.1,4.8,6.5,12,1721.4,0
2025-02-22 01:45:09,5,57,20.7,76,8.7,998.3,1003.2,2.4,3.1,12,1721.4,0
2025-02-22 01:50:09,5,57,20.7,76,8.6,998.2,1003.1,2.4,2.7,12,1721.4,0
2025-02-22 01:55:09,5,57,20.7,76,8.6,998.1,1003,3.4,4.1,10,1721.4,0
2025-02-22 02:00:09,5,57,20.7,76,8.6,998.2,1003.1,2.4,3.1,11,1721.4,0
2025-02-22 02:05:09,5,57,20.7,76,8.6,998.2,1003.1,3.7,5.1,12,1721.4,0
2025-02-22 02:10:09,5,57,20.7,77,8.6,998.4,1003.3,4.4,5.1,11,1721.4,0
2025-02-22 02:15:09,5,57,20.7,77,8.7,998.5,1003.4,2.7,3.4,10,1721.4,0
2025-02-22 02:20:09,5,57,20.6,77,8.6,998.3,1003.2,3.1,3.7,14,1721.4,0
2025-02-22 02:25:09,5,57,20.6,77,8.6,998.5,1003.4,4.8,5.4,12,1721.4,0
2025-02-22 02:30:09,5,57,20.6,77,8.6,998.6,1003.5,4.1,5.1,10,1721.4,0
2025-02-22 02:35:09,5,56,20.6,77,8.5,998.6,1003.5,4.4,5.4,12,1721.4,0
2025-02-22 02:40:09,5,56,20.6,77,8.6,998.6,1003.5,5.1,7.5,10,1721.4,0
2025-02-22 02:45:09,5,56,20.6,78,8.7,998.7,1003.6,4.8,6.5,10,1721.4,0
2025-02-22 02:50:09,5,56,20.6,77,8.6,998.8,1003.7,3.4,4.4,12,1721.4,0
2025-02-22 02:55:09,5,56,20.6,77,8.5,998.7,1003.6,4.4,5.8,10,1721.4,0
2025-02-22 03:00:09,5,56,20.6,78,8.5,998.9,1003.8,3.7,6.1,10,1721.4,0
2025-02-22 03:05:09,5,56,20.5,78,8.6,998.8,1003.7,3.7,5.4,12,1721.4,0
2025-02-22 03:10:09,5,56,20.5,78,8.6,999,1003.9,5.1,7.1,14,1721.4,0
2025-02-22 03:15:09,5,56,20.5,78,8.7,999,1003.9,6.1,7.1,14,1721.4,0
2025-02-22 03:20:09,5,56,20.5,78,8.7,999,1003.9,5.1,6.1,12,1721.4,0
2025-02-22 03:25:09,5,56,20.5,78,8.7,999,1003.9,5.1,6.1,12,1721.4,0
2025-02-22 03:30:09,5,56,20.4,78,8.7,999.2,1004.1,4.1,5.4,12,1721.4,0
2025-02-22 03:35:09,5,56,20.4,77,8.7,999.2,1004.1,3.7,5.1,12,1721.4,0
2025-02-22 03:40:09,5,56,20.4,78,8.8,999.3,1004.2,5.1,5.8,12,1721.4,0
2025-02-22 03:45:09,5,56,20.4,77,8.7,999.4,1004.3,3.7,4.8,12,1721.4,0
2025-02-22 03:50:09,5,55,20.4,77,8.6,999.4,1004.3,5.4,6.8,12,1721.4,0
2025-02-22 03:55:09,5,56,20.4,77,8.5,999.4,1004.3,5.4,6.5,11,1721.4,0
2025-02-22 04:00:09,5,56,20.4,78,8.4,999.4,1004.3,3.4,4.4,12,1721.4,0
2025-02-22 04:05:09,5,56,20.4,78,8.4,999.6,1004.5,4.4,6.1,11,1721.4,0
2025-02-22 04:10:09,5,56,20.4,78,8.5,999.6,1004.5,4.8,5.4,12,1721.4,0
2025-02-22 04:15:09,5,56,20.3,78,8.6,999.7,1004.6,4.8,5.8,10,1721.4,0
2025-02-22 04:20:09,5,56,20.3,77,8.7,999.8,1004.7,4.4,5.4,13,1721.4,0
2025-02-22 04:25:09,5,56,20.4,76,8.7,999.9,1004.8,5.8,7.1,12,1721.4,0
2025-02-22 04:30:09,5,56,20.3,76,8.6,1000.1,1005,5.4,6.5,12,1721.4,0
2025-02-22 04:35:09,5,56,20.3,76,8.5,1000.1,1005,5.4,7.1,10,1721.4,0
2025-02-22 04:40:09,5,56,20.3,76,8.4,1000.1,1005,3.7,4.4,12,1721.4,0
2025-02-22 04:45:09,5,56,20.3,77,8.3,1000.3,1005.2,4.1,4.4,10,1721.4,0
2025-02-22 04:50:09,5,56,20.3,77,8.4,1000.2,1005.1,3.7,5.1,10,1721.4,0
2025-02-22 04:55:09,5,56,20.3,78,8.5,1000.5,1005.4,3.7,5.4,12,1721.4,0
2025-02-22 05:00:09,5,56,20.2,78,8.5,1000.4,1005.3,5.1,6.1,12,1721.4,0
2025-02-22 05:05:09,5,56,20.2,77,8.4,1000.7,1005.6,4.8,5.8,10,1721.4,0
2025-02-22 05:10:09,5,56,20.2,77,8.4,1000.8,1005.7,3.7,4.8,10,1721.4,0
2025-02-22 05:15:09,5,56,20.2,77,8.5,1001.2,1006.1,4.4,5.8,14,1721.4,0
2025-02-22 05:20:09,5,56,20.2,78,8.5,1001.3,1006.2,5.1,6.1,12,1721.7,0
2025-02-22 05:25:09,5,56,20.2,79,8.2,1000.9,1005.8,3.1,4.1,12,1721.7,0
2025-02-22 05:30:09,5,56,20.2,80,8.2,1001.1,1006,3.4,4.4,12,1721.7,0
2025-02-22 05:35:09,5,56,20.2,81,8.2,1001.1,1006,3.4,4.1,12,1721.7,0
2025-02-22 05:40:09,5,56,20.1,81,8.1,1001.3,1006.2,3.4,4.1,13,1721.7,0
2025-02-22 05:45:09,5,56,20.1,81,8,1001.5,1006.4,2.7,3.7,12,1721.7,0
2025-02-22 05:50:09,5,56,20.1,81,7.9,1001.5,1006.4,4.1,5.4,12,1721.7,0
2025-02-22 05:55:09,5,56,20.1,81,7.8,1001.5,1006.4,3.1,4.1,12,1721.7,0
2025-02-22 06:00:09,5,56,20.1,81,7.6,1001.8,1006.7,3.1,3.4,10,1721.7,0
2025-02-22 06:05:09,5,56,20.1,81,7.5,1001.7,1006.6,2,2.7,10,1721.7,0
2025-02-22 06:10:09,5,56,20.1,85,7.4,1001.6,1006.5,2.4,2.7,10,1721.7,0
2025-02-22 06:15:09,5,56,20.1,80,7.5,1001.8,1006.7,3.7,5.1,12,1721.7,0
2025-02-22 06:20:09,5,56,20.1,80,7.6,1001.8,1006.7,3.1,4.1,12,1721.7,0
2025-02-22 06:25:09,5,56,20.1,80,7.7,1002,1006.9,4.4,6.5,14,1721.7,0
2025-02-22 06:30:09,5,56,20.1,80,7.7,1002.1,1007,3.1,3.7,10,1721.7,0
2025-02-22 06:35:09,5,56,20,80,7.8,1002,1006.9,4.1,5.1,12,1721.7,0
2025-02-22 06:40:09,5,56,20,80,7.8,1002.1,1007,4.1,5.1,12,1721.7,0
2025-02-22 06:45:09,5,56,20,80,7.8,1002.3,1007.2,2.4,3.7,10,1721.7,0
2025-02-22 06:50:09,5,56,20,80,7.8,1002.5,1007.4,3.7,4.4,12,1721.7,0
2025-02-22 06:55:09,5,56,20,80,7.7,1002.5,1007.4,3.1,3.7,11,1721.7,0
2025-02-22 07:00:09,5,56,20,80,7.8,1002.5,1007.4,2.7,3.4,10,1721.7,0
2025-02-22 07:05:09,5,56,20,80,7.8,1002.8,1007.7,3.7,5.4,10,1721.7,0
2025-02-22 07:10:09,5,56,20,80,7.7,1002.8,1007.7,3.4,4.1,12,1721.7,0
2025-02-22 07:15:09,5,56,20,80,7.8,1002.8,1007.7,3.1,3.7,12,1721.7,0
2025-02-22 07:20:09,5,56,20,80,7.8,1003,1007.9,2.7,3.7,10,1721.7,0
2025-02-22 07:25:09,5,56,20,81,8,1003.1,1008,4.1,5.4,14,1721.7,0
2025-02-22 07:30:09,5,56,20,81,8.2,1003.3,1008.2,3.1,4.1,11,1721.7,0
2025-02-22 07:35:09,5,56,20,81,8.3,1003.2,1008.1,3.7,5.1,11,1721.7,0
2025-02-22 07:40:09,5,56,20,81,8.5,1003.4,1008.3,5.1,6.1,10,1721.7,0
2025-02-22 07:45:09,5,57,19.9,80,8.5,1003.5,1008.4,3.4,4.8,12,1721.7,0
2025-02-22 07:50:09,5,57,19.9,80,8.4,1003.8,1008.7,4.8,6.8,12,1721.7,0
2025-02-22 07:55:09,5,56,20,80,8.3,1003.8,1008.7,3.7,4.8,14,1721.7,0
2025-02-22 08:00:09,5,57,19.9,80,8.4,1004,1008.9,4.4,6.5,12,1721.7,0
2025-02-22 08:05:09,5,56,20,80,8.5,1004,1008.9,4.1,4.8,12,1721.7,0
2025-02-22 08:10:09,5,56,20,80,8.6,1004.2,1009.1,4.1,6.8,10,1721.7,0
2025-02-22 08:15:09,5,56,20,80,8.6,1004.2,1009.1,4.1,5.8,14,1721.7,0
2025-02-22 08:20:09,5,55,20,80,8.6,1004.2,1009.1,3.1,4.4,12,1721.7,0
2025-02-22 08:25:09,5,55,20,80,8.7,1004.3,1009.2,3.7,5.1,10,1721.7,0
2025-02-22 08:30:09,5,55,20,80,8.7,1004.5,1009.4,3.4,4.4,12,1721.7,0
2025-02-22 08:35:09,5,55,20,81,8.9,1004.5,1009.4,4.8,5.4,10,1721.7,0
2025-02-22 08:40:09,5,55,20,81,8.8,1004.6,1009.5,5.4,7.1,11,1721.7,0
2025-02-22 08:45:09,5,55,20,80,8.7,1004.7,1009.6,4.1,5.1,12,1721.7,0
2025-02-22 08:50:09,5,55,20,81,8.8,1004.8,1009.7,3.4,4.8,8,1721.7,0
2025-02-22 08:55:09,5,54,20,81,8.9,1004.9,1009.8,4.1,4.4,11,1721.7,0
2025-02-22 09:00:09,5,54,20,80,9,1005,1009.9,3.7,4.4,12,1721.7,0
2025-02-22 09:05:09,5,54,20,80,9.2,1005.1,1010,4.1,5.8,10,1721.7,0
2025-02-22 09:10:09,5,54,20,80,9.4,1005.1,1010,3.1,4.1,12,1721.7,0
2025-02-22 09:15:09,5,54,20,79,9.5,1005.1,1010,3.4,5.1,10,1721.7,0
2025-02-22 09:20:09,5,54,20,79,9.6,1005.2,1010.1,4.1,4.8,12,1721.7,0
2025-02-22 09:25:09,5,54,20,78,9.4,1005.4,1010.3,3.4,4.4,12,1721.7,0
2025-02-22 09:30:09,5,54,20,78,9.5,1005.4,1010.3,4.4,5.1,10,1721.7,0
2025-02-22 09:35:09,5,54,20,78,9.7,1005.6,1010.5,3.4,4.8,10,1721.7,0
2025-02-22 09:40:09,5,54,20.1,78,9.8,1005.6,1010.5,4.1,5.1,12,1721.7,0
2025-02-22 09:45:09,5,54,20.1,78,10,1005.7,1010.6,4.8,5.8,12,1721.7,0
2025-02-22 09:50:09,5,54,20.1,77,10.2,1005.7,1010.6,2.7,3.4,11,1721.7,0
2025-02-22 09:55:09,5,54,20.1,76,10.1,1006,1010.9,3.1,3.7,10,1721.7,0
2025-02-22 10:00:09,5,54,20.1,76,10.1,1006.2,1011.1,4.1,5.4,12,1721.7,0
2025-02-22 10:05:09,5,54,20.1,75,10,1006.2,1011.1,4.1,5.1,12,1721.7,0
2025-02-22 10:10:09,5,54,20.1,75,9.8,1006.6,1011.5,4.4,5.1,14,1721.7,0
2025-02-22 10:15:09,5,54,20.1,76,9.6,1006.5,1011.4,3.1,3.7,10,1721.7,0
2025-02-22 10:20:09,5,54,20.1,76,9.6,1006.4,1011.3,4.4,6.1,10,1721.7,0
2025-02-22 10:25:09,5,55,20.1,76,9.7,1006.4,1011.3,4.1,6.1,11,1721.7,0
2025-02-22 10:30:09,5,55,20.2,76,9.8,1006.6,1011.5,3.7,4.4,12,1721.7,0
2025-02-22 10:35:09,5,54,20.2,76,9.8,1006.8,1011.7,3.1,3.7,12,1721.7,0
2025-02-22 10:40:09,5,54,20.2,76,9.9,1006.7,1011.6,3.7,4.1,11,1721.7,0
2025-02-22 10:45:09,5,54,20.2,76,10.2,1006.9,1011.8,2.7,3.7,12,1721.7,0
2025-02-22 10:50:09,5,55,20.3,76,10.4,1006.8,1011.7,2.7,3.4,10,1721.7,0
2025-02-22 10:55:09,5,55,20.3,76,10.6,1007,1011.9,3.4,5.4,12,1721.7,0
2025-02-22 11:00:09,5,55,20.3,75,10.6,1006.9,1011.8,4.4,4.8,12,1721.7,0
2025-02-22 11:05:09,5,56,20.3,75,10.7,1007.2,1012.1,4.1,4.8,10,1721.7,0
2025-02-22 11:10:09,5,57,20.4,75,11,1007.2,1012.1,3.4,4.1,12,1721.7,0
2025-02-22 11:15:09,5,57,20.4,74,11.1,1007.3,1012.2,3.7,4.8,12,1721.7,0
2025-02-22 11:20:09,5,58,20.4,73,11,1007.3,1012.2,3.7,4.8,12,1721.7,0
2025-02-22 11:25:09,5,58,20.5,73,11.1,1007.3,1012.2,4.8,6.8,12,1721.7,0
2025-02-22 11:30:09,5,59,20.5,73,10.9,1007.4,1012.3,3.4,4.1,12,1721.7,0
2025-02-22 11:35:09,5,59,20.5,74,10.8,1007.7,1012.6,3.7,4.8,12,1721.7,0
2025-02-22 11:40:09,5,59,20.5,74,11,1007.7,1012.6,4.1,4.8,12,1721.7,0
2025-02-22 11:45:09,5,59,20.5,73,11.1,1007.8,1012.7,5.1,6.8,14,1721.7,0
2025-02-22 11:50:09,5,60,20.6,72,11.2,1007.7,1012.6,4.1,5.4,13,1721.7,0
2025-02-22 11:55:09,5,60,20.6,72,11.4,1007.7,1012.6,4.4,5.8,12,1721.7,0
2025-02-22 12:00:09,5,60,20.6,71,11.5,1007.8,1012.7,4.8,6.1,12,1721.7,0
2025-02-22 12:05:09,5,60,20.6,71,11.8,1007.9,1012.8,4.4,5.8,12,1721.7,0
2025-02-22 12:10:09,5,60,20.7,71,12,1007.8,1012.7,3.7,4.8,14,1721.7,0
2025-02-22 12:15:09,5,60,20.7,70,12.3,1007.9,1012.8,6.1,8.2,12,1722,0
2025-02-22 12:20:09,5,60,20.8,69,12,1007.9,1012.8,4.4,5.8,12,1722,0
2025-02-22 12:25:09,5,60,20.8,68,11.8,1008.1,1013,6.8,9.9,12,1722,0
2025-02-22 12:30:09,5,60,20.9,70,11.4,1008.1,1013,5.1,6.8,12,1722,0
2025-02-22 12:35:09,5,60,20.9,69,10.9,1008.3,1013.2,5.8,6.5,12,1722,0
2025-02-22 12:40:09,5,59,21,69,10.8,1008.3,1013.2,4.4,5.8,12,1722,0
2025-02-22 12:45:09,5,59,21.1,67,11.2,1008.4,1013.3,3.7,4.8,12,1722,0
2025-02-22 12:50:09,5,59,21.1,66,11.4,1008.4,1013.3,4.4,5.4,14,1722,0
2025-02-22 12:55:09,5,60,21.4,66,11.6,1008.4,1013.3,4.4,6.1,12,1722,0
2025-02-22 13:00:09,5,60,21.4,67,11.9,1008.4,1013.3,4.1,5.4,12,1722,0
2025-02-22 13:05:09,5,60,21.5,66,12,1008.5,1013.4,4.8,5.8,12,1722,0
2025-02-22 13:10:09,5,61,21.7,66,12,1008.4,1013.3,4.1,5.8,12,1722,0
2025-02-22 13:15:09,5,61,21.8,66,11.7,1008.3,1013.2,5.4,7.5,12,1722,0
2025-02-22 13:20:09,5,60,21.9,66,11.8,1008.5,1013.4,5.1,6.1,12,1722,0
2025-02-22 13:25:09,5,60,21.9,66,11.4,1008.6,1013.5,3.7,5.1,12,1722,0
2025-02-22 13:30:09,5,59,22,69,11.1,1008.7,1013.6,4.1,5.4,12,1722,0
2025-02-22 13:35:09,5,58,22,70,10.9,1008.9,1013.8,5.8,7.1,12,1722,0
2025-02-22 13:40:09,5,58,22.1,70,10.2,1008.8,1013.7,5.1,6.1,10,1722,0
2025-02-22 13:45:09,5,58,22.1,71,9.9,1008.9,1013.8,5.1,6.8,12,1722,0
2025-02-22 13:50:09,5,57,22.2,71,10,1008.7,1013.6,3.1,4.4,12,1722,0
2025-02-22 13:55:09,5,57,22.2,71,10.7,1008.7,1013.6,5.4,6.5,14,1722,0
2025-02-22 14:00:09,5,56,22.3,70,11.5,1008.8,1013.7,3.7,4.8,12,1722,0
2025-02-22 14:05:09,5,56,22.4,70,11.6,1008.8,1013.7,4.4,5.4,12,1722,0
2025-02-22 14:10:09,5,55,22.4,70,11.4,1008.9,1013.8,4.4,5.8,12,1722,0
2025-02-22 14:15:09,5,55,22.4,70,11.2,1009,1013.9,4.8,5.4,10,1722,0
2025-02-22 14:20:09,5,55,22.5,70,11.2,1009.2,1014.1,3.4,4.8,12,1722,0
2025-02-22 14:25:09,5,54,22.5,70,11.4,1009.1,1014,3.1,4.1,12,1722,0
2025-02-22 14:30:09,5,54,22.5,70,11.8,1009.2,1014.1,6.8,8.2,12,1722,0
2025-02-22 14:35:09,5,54,22.5,67,12.3,1009.2,1014.1,4.1,5.1,12,1722,0
2025-02-22 14:40:09,5,53,22.5,63,12.7,1009.4,1014.3,3.7,5.1,12,1722,0
2025-02-22 14:45:09,5,53,22.6,61,12.8,1009.5,1014.4,6.8,8.5,12,1722,0
2025-02-22 14:50:09,5,53,22.7,60,12.5,1009.2,1014.1,5.1,6.1,10,1722,0
2025-02-22 14:55:09,5,53,22.7,63,12.4,1009.3,1014.2,4.4,6.1,12,1722,0
2025-02-22 15:00:09,5,53,22.8,63,12.3,1009.3,1014.2,4.1,5.4,12,1722,0
2025-02-22 15:05:09,5,53,22.8,63,12.3,1009.6,1014.5,5.8,6.8,10,1722,0
2025-02-22 15:10:09,5,53,22.9,63,12.4,1009.3,1014.2,3.4,4.8,13,1722,0
2025-02-22 15:15:09,5,52,22.9,61,12.7,1009.1,1014,3.1,4.8,12,1722,0
2025-02-22 15:20:09,5,52,23.1,60,12.5,1009.2,1014.1,4.1,5.4,12,1722,0
2025-02-22 15:25:09,5,52,23.4,60,12.6,1009.2,1014.1,3.4,5.4,10,1722,0
2025-02-22 15:30:09,5,52,23.6,60,12.6,1009.1,1014,3.7,5.4,12,1722,0
2025-02-22 15:35:09,5,52,23.7,62,12.3,1009.4,1014.3,6.1,8.5,12,1722,0
2025-02-22 15:40:09,5,51,23.7,62,11.9,1009.5,1014.4,6.1,7.1,10,1722,0
2025-02-22 15:45:09,5,51,23.6,62,11.8,1009.6,1014.5,4.8,6.8,12,1722,0
2025-02-22 15:50:09,5,51,23.6,63,11.6,1009.7,1014.6,3.7,4.8,12,1722,0
2025-02-22 15:55:09,5,50,23.6,63,11.7,1009.6,1014.5,3.7,5.1,12,1722,0
2025-02-22 16:00:09,5,50,23.6,63,11.6,1009.7,1014.6,2.7,3.4,12,1722,0
2025-02-22 16:05:09,5,50,23.5,63,11.2,1009.7,1014.6,2.7,3.4,12,1722,0
2025-02-22 16:10:09,5,50,23.5,65,11.2,1009.6,1014.5,3.1,3.7,12,1722,0
2025-02-22 16:15:09,5,50,23.4,66,11.3,1009.6,1014.5,2.7,3.4,12,1722,0
2025-02-22 16:20:09,5,50,23.4,66,11.2,1009.5,1014.4,4.8,5.4,12,1722,0
2025-02-22 16:25:09,5,50,23.4,66,11.3,1009.5,1014.4,3.4,4.1,12,1722,0
2025-02-22 16:30:09,5,50,23.4,67,11.4,1009.4,1014.3,3.4,4.1,11,1722,0
2025-02-22 16:35:09,5,50,23.4,67,11.4,1009.7,1014.6,2.4,3.1,14,1722,0
2025-02-22 16:40:09,5,50,23.4,67,11.3,1009.7,1014.6,3.1,4.1,10,1722,0
2025-02-22 16:45:09,5,50,23.4,67,11.1,1009.7,1014.6,2,2.7,10,1722,0
2025-02-22 16:50:09,5,50,23.4,68,10.9,1009.7,1014.6,2,2.4,12,1722,0
2025-02-22 16:55:09,5,50,23.4,68,10.7,1009.7,1014.6,2.4,2.7,12,1722,0
2025-02-22 17:00:09,5,49,23.4,69,10.6,1009.8,1014.7,2.4,3.1,12,1722,0
2025-02-22 17:05:09,5,49,23.4,70,10.5,1009.7,1014.6,2.4,3.1,12,1722,0
2025-02-22 17:10:09,5,49,23.3,70,10.5,1009.6,1014.5,1.4,1.7,12,1722,0
2025-02-22 17:15:09,5,49,23.3,70,10.4,1009.9,1014.8,1.4,1.7,12,1722,0
2025-02-22 17:20:09,5,49,23.3,70,10.4,1009.6,1014.5,1,1.4,10,1722,0
2025-02-22 17:25:09,5,49,23.2,70,10.3,1009.7,1014.6,1,1.4,12,1722,0
2025-02-22 17:30:09,5,49,23.2,70,10.2,1009.7,1014.6,0.7,1,8,1722,0
2025-02-22 17:35:09,5,49,23.2,70,10,1009.7,1014.6,0.7,1,10,1722,0
2025-02-22 17:40:09,5,49,23.2,71,9.8,1009.9,1014.8,0.3,0.7,10,1722,0
2025-02-22 17:45:09,5,49,23.2,71,9.6,1009.8,1014.7,0.7,1,8,1722,0
2025-02-22 17:50:09,5,49,23.2,71,9.6,1009.7,1014.6,0.7,1,10,1722,0
2025-02-22 17:55:09,5,49,23.2,71,9.5,1009.7,1014.6,0.7,1,10,1722,0
2025-02-22 18:00:09,5,48,23.1,71,9.2,1009.8,1014.7,0.3,0.7,10,1722,0
2025-02-22 18:05:09,5,47,23,72,9,1009.9,1014.8,0.7,1,10,1722,0
2025-02-22 18:10:09,5,47,23,72,8.9,1010,1014.9,0.3,0.7,10,1722,0
2025-02-22 18:15:09,5,48,22.9,72,8.8,1010,1014.9,0.3,1,10,1722,0
2025-02-22 18:20:09,5,48,22.8,73,8.8,1010.2,1015.1,0.7,1,10,1722,0
2025-02-22 18:25:09,5,48,22.7,73,8.6,1009.9,1014.8,0.7,1,14,1722,0
2025-02-22 18:30:09,5,48,22.7,73,8.5,1009.9,1014.8,0.7,1,10,1722,0
2025-02-22 18:35:09,5,47,22.6,74,8.5,1010,1014.9,1.4,2,10,1722,0
2025-02-22 18:40:09,5,47,22.5,74,8.6,1010,1014.9,1.4,1.7,9,1722,0
2025-02-22 18:45:09,5,47,22.4,74,8.4,1010,1014.9,1,1.7,6,1722,0
2025-02-22 18:50:09,5,47,22.3,74,8.3,1010.1,1015,1.4,1.7,6,1722,0
2025-02-22 18:55:09,5,48,22.3,74,8.3,1010.1,1015,1,1.7,13,1722,0
2025-02-22 19:00:09,5,48,22.1,74,8.3,1010,1014.9,1.4,1.7,10,1722,0
2025-02-22 19:05:09,5,48,22.1,74,8.2,1009.9,1014.8,1,1.4,10,1722,0
2025-02-22 19:10:09,5,48,22,74,8.3,1009.9,1014.8,1,1.4,6,1722,0
2025-02-22 19:15:09,5,48,22,74,8.3,1010.1,1015,1.4,1.7,12,1722,0
2025-02-22 19:20:09,5,49,21.9,74,8.3,1010.1,1015,0.7,1.4,6,1722,0
2025-02-22 19:25:09,5,50,21.9,73,8.1,1010.1,1015,1.4,2,4,1722,0
2025-02-22 19:30:09,5,50,21.8,73,8,1010.1,1015,1.4,1.7,10,1722,0
2025-02-22 19:35:09,5,50,21.8,73,7.8,1010.3,1015.2,1.4,2,6,1722,0
2025-02-22 19:40:09,5,50,21.8,74,7.7,1010.5,1015.4,0.7,1,4,1722,0
2025-02-22 19:45:09,5,50,21.7,74,7.7,1010,1014.9,1.4,2,4,1722,0
2025-02-22 19:50:09,5,50,21.7,75,7.9,1010.1,1015,2.4,3.4,12,1722,0
2025-02-22 19:55:09,5,51,21.6,75,8.2,1010.3,1015.2,2.4,3.1,10,1722,0
2025-02-22 20:00:09,5,51,21.5,74,8.5,1010.2,1015.1,2.7,3.7,10,1722,0
2025-02-22 20:05:09,5,52,21.5,73,8.7,1010.1,1015,2.4,3.4,12,1722,0
2025-02-22 20:10:09,5,53,21.5,72,8.7,1010.1,1015,2.7,3.4,14,1722,0
2025-02-22 20:15:09,5,53,21.4,72,8.8,1009.9,1014.8,2.4,3.1,8,1722,0
2025-02-22 20:20:09,5,53,21.4,71,8.8,1009.8,1014.7,2.4,3.1,10,1722,0
2025-02-22 20:25:09,5,54,21.4,71,8.9,1009.9,1014.8,3.1,3.7,10,1722,0
2025-02-22 20:30:09,5,54,21.4,71,9,1010.1,1015,2.4,3.4,10,1722,0
2025-02-22 20:35:09,5,54,21.4,71,8.9,1010,1014.9,2.4,3.7,10,1722,0
2025-02-22 20:40:09,5,54,21.4,71,9,1009.9,1014.8,2.7,3.4,10,1722,0
2025-02-22 20:45:09,5,55,21.4,71,9,1009.7,1014.6,2.7,3.7,6,1722,0
2025-02-22 20:50:09,5,55,21.4,72,9.1,1009.7,1014.6,3.4,4.4,14,1722,0
2025-02-22 20:55:09,5,55,21.4,72,9.1,1009.8,1014.7,2.7,3.7,10,1722,0
2025-02-22 21:00:09,5,55,21.4,72,9,1009.6,1014.5,2.7,4.1,11,1722,0
2025-02-22 21:05:09,5,55,21.4,72,9.1,1009.6,1014.5,3.7,4.8,4,1722,0
2025-02-22 21:10:09,5,55,21.4,72,9.1,1009.4,1014.3,2.4,3.4,6,1722,0
2025-02-22 21:15:09,5,55,21,72,9.1,1009.3,1014.2,2,2.7,10,1722,0
2025-02-22 21:20:09,5,55,21.1,72,9,1009.6,1014.5,2.7,3.4,14,1722,0
2025-02-22 21:25:09,5,55,21.1,72,9.1,1009.4,1014.3,3.1,3.7,12,1722,0
2025-02-22 21:30:09,5,55,21.1,73,9.1,1009.4,1014.3,3.1,3.7,10,1722,0
2025-02-22 21:35:09,5,55,21,73,9.1,1009.1,1014,3.1,4.8,12,1722,0
2025-02-22 21:40:09,5,55,21.1,73,9.1,1009.3,1014.2,3.1,4.1,11,1722,0
2025-02-22 21:45:09,5,55,21.1,73,9.1,1009.3,1014.2,3.7,4.8,0,1722,0
2025-02-22 21:50:09,5,55,21.1,74,9.2,1009.2,1014.1,3.1,4.4,9,1722,0
2025-02-22 21:55:09,5,55,21.1,74,9.1,1008.9,1013.8,2.7,4.1,1,1722,0
2025-02-22 22:00:09,5,55,21.1,74,9.2,1009,1013.9,4.1,6.1,10,1722,0
2025-02-22 22:05:09,5,55,21,74,9.3,1008.9,1013.8,4.4,4.8,12,1722,0
2025-02-22 22:10:09,5,55,21,74,9.3,1009.1,1014,3.1,4.4,12,1722,0
2025-02-22 22:15:09,5,55,21.1,74,9.3,1008.7,1013.6,2.4,3.4,4,1722,0
2025-02-22 22:20:09,5,55,21.1,75,9.3,1008.7,1013.6,2.7,4.1,4,1722,0
2025-02-22 22:25:09,5,55,21.1,75,9.4,1008.7,1013.6,4.8,5.4,10,1722,0
2025-02-22 22:30:09,5,55,21.1,75,9.5,1008.7,1013.6,4.4,5.1,8,1722,0
2025-02-22 22:35:09,5,55,21.1,75,9.5,1008.6,1013.5,3.1,5.1,6,1722,0
2025-02-22 22:40:09,5,55,21.1,75,9.6,1008.6,1013.5,2.7,3.7,2,1722,0
2025-02-22 22:45:09,5,55,21.1,75,9.6,1008.5,1013.4,3.7,4.4,8,1722,0
2025-02-22 22:50:09,5,55,21.1,75,9.7,1008.4,1013.3,4.8,6.1,10,1722,0
2025-02-22 22:55:09,5,55,21.1,75,9.7,1008.5,1013.4,2.7,3.4,6,1722,0
2025-02-22 23:00:09,5,55,21,75,9.7,1008.2,1013.1,3.1,4.8,12,1722,0
2025-02-22 23:05:09,5,55,21.1,75,9.8,1008.1,1013,4.4,6.8,8,1722,0
2025-02-22 23:10:09,5,55,21.1,76,9.8,1007.9,1012.8,3.1,5.1,12,1722,0
2025-02-22 23:15:09,5,55,21.1,76,9.8,1007.7,1012.6,3.1,4.4,10,1722,0
2025-02-22 23:20:09,5,55,21.1,76,9.9,1007.7,1012.6,2.7,3.7,9,1722,0
2025-02-22 23:25:09,5,55,21.1,75,9.9,1007.4,1012.3,4.1,5.1,10,1722,0
2025-02-22 23:30:09,5,55,21.1,75,10,1007.1,1012,3.4,4.4,12,1722,0
2025-02-22 23:35:09,5,55,21.1,75,10.1,1007.3,1012.2,2.7,4.8,10,1722,0
2025-02-22 23:40:09,5,55,21.1,75,10.1,1007,1011.9,3.7,5.4,8,1722,0
2025-02-22 23:45:09,5,55,21.1,75,10.2,1006.9,1011.8,3.1,3.7,10,1722,0
2025-02-22 23:50:09,5,55,21.1,75,10.2,1006.7,1011.6,4.8,5.8,12,1722,0
2025-02-22 23:55:09,5,55,21.1,75,10.3,1006.5,1011.4,4.1,5.4,12,1722,0
