2022-05-26 00:01:18,5,53,20.9,86,11.8,1014.3,1019.2,2,2.7,10,182.1,0
2022-05-26 00:06:18,5,53,20.9,86,11.8,1014.3,1019.2,2.7,3.4,10,182.1,0
2022-05-26 00:11:18,5,53,20.9,86,11.8,1014.4,1019.3,2.7,3.4,10,182.1,0
2022-05-26 00:16:18,5,53,20.8,86,11.7,1014.4,1019.3,2,2.7,8,182.1,0
2022-05-26 00:21:18,5,53,20.8,86,11.7,1014.2,1019.1,2.7,3.7,10,182.1,0
2022-05-26 00:26:18,5,53,20.8,86,11.7,1014.2,1019.1,1.7,2.4,10,182.1,0
2022-05-26 00:31:18,5,53,20.8,86,11.7,1014.1,1019,2.4,3.4,8,182.4,0
2022-05-26 00:37:18,6,53,20.7,87,11.8,1014.1,1019,3.1,4.1,10,182.4,0
2022-05-26 00:42:18,5,54,20.7,87,11.8,1014,1018.9,1.7,3.4,8,182.4,0
2022-05-26 00:47:18,5,54,20.7,87,11.8,1013.9,1018.8,3.1,4.1,8,182.4,0
2022-05-26 00:52:18,5,54,20.7,87,11.8,1013.8,1018.7,2.4,3.4,10,182.4,0
2022-05-26 00:57:18,5,54,20.7,87,11.8,1013.7,1018.6,3.1,4.1,8,182.4,0
2022-05-26 01:02:18,5,54,20.7,87,11.9,1013.7,1018.6,3.4,4.8,10,182.4,0
2022-05-26 01:07:18,5,54,20.6,87,11.9,1013.6,1018.5,2.4,3.4,8,182.7,0
2022-05-26 01:12:18,5,54,20.6,87,12,1013.5,1018.4,3.4,4.4,8,182.7,0
2022-05-26 01:17:18,5,54,20.6,88,12,1013.6,1018.5,2.4,3.7,8,182.7,0
2022-05-26 01:22:18,5,54,20.6,88,12.1,1013.4,1018.3,2.7,3.7,10,182.7,0
2022-05-26 01:27:18,5,54,20.6,88,12.2,1013.4,1018.3,2.7,3.7,8,182.7,0
2022-05-26 01:32:18,5,54,20.6,88,12.2,1013.5,1018.4,4.4,5.1,12,182.7,0
2022-05-26 01:37:18,5,54,20.6,88,12.3,1013.3,1018.2,3.4,4.1,10,182.7,0
2022-05-26 01:42:18,5,54,20.6,88,12.3,1013.3,1018.2,4.8,5.8,8,183,0
2022-05-26 01:47:18,5,54,20.6,88,12.4,1013.4,1018.3,3.1,3.7,8,183,0
2022-05-26 01:52:18,5,54,20.6,85,12.5,1013.3,1018.2,3.7,4.8,10,183,0
2022-05-26 01:57:18,5,54,20.5,85,12.7,1013.2,1018.1,4.4,5.4,10,183,0
2022-05-26 02:02:18,5,54,20.5,85,12.8,1013.4,1018.3,3.7,4.8,10,183,0
2022-05-26 02:07:18,5,54,20.5,85,12.9,1013.1,1018,4.4,5.8,8,183,0
2022-05-26 02:12:18,5,54,20.5,85,12.9,1013.2,1018.1,3.4,4.4,10,183,0
2022-05-26 02:17:18,5,54,20.5,85,12.9,1013.2,1018.1,4.8,6.8,10,183,0
2022-05-26 02:22:18,5,54,20.5,86,12.9,1013.3,1018.2,3.1,4.1,10,183,0
2022-05-26 02:27:18,5,54,20.5,86,12.9,1013.2,1018.1,3.1,3.7,10,183,0
2022-05-26 02:32:18,5,54,20.5,86,12.9,1013.2,1018.1,4.1,5.8,8,183.3,0
2022-05-26 02:37:18,5,54,20.5,86,12.9,1013.1,1018,5.4,8.5,14,183.3,0
2022-05-26 02:42:18,5,54,20.5,86,12.9,1013.1,1018,3.4,4.4,10,183.3,0
2022-05-26 02:47:18,5,54,20.5,86,12.9,1013.2,1018.1,3.1,4.1,8,183.3,0
2022-05-26 02:52:18,5,55,20.5,86,12.9,1013.1,1018,4.4,5.4,12,183.3,0
2022-05-26 02:57:18,5,55,20.4,86,12.9,1013.1,1018,4.4,5.8,10,183.3,0
2022-05-26 03:02:18,5,55,20.4,86,12.9,1013.1,1018,4.1,5.8,10,183.3,0
2022-05-26 03:07:18,5,55,20.4,86,12.9,1013,1017.9,4.4,5.8,10,183.3,0
2022-05-26 03:12:18,5,55,20.4,86,12.9,1013.1,1018,2.7,4.1,12,183.3,0
2022-05-26 03:17:18,5,55,20.4,86,12.9,1013,1017.9,3.1,4.1,8,183.3,0
2022-05-26 03:22:18,5,55,20.4,86,12.9,1013.2,1018.1,4.1,5.8,8,183.3,0
2022-05-26 03:27:18,5,55,20.4,86,12.9,1013.3,1018.2,3.1,3.7,8,183.3,0
2022-05-26 03:32:18,5,55,20.4,86,12.9,1013.1,1018,5.1,5.8,10,183.3,0
2022-05-26 03:37:18,5,55,20.4,86,12.9,1013.2,1018.1,3.7,4.8,10,183.6,0
2022-05-26 03:42:18,5,55,20.4,86,12.9,1013.2,1018.1,3.4,4.8,10,183.6,0
2022-05-26 03:47:18,5,55,20.4,86,12.9,1013.2,1018.1,3.7,5.8,10,183.6,0
2022-05-26 03:52:18,5,55,20.4,86,12.9,1013.1,1018,3.7,5.1,10,183.6,0
2022-05-26 03:57:18,5,55,20.4,86,12.9,1013.1,1018,4.1,5.1,8,183.6,0
2022-05-26 04:02:18,5,55,20.4,86,12.9,1013.3,1018.2,3.1,4.1,8,183.9,0
2022-05-26 04:07:18,5,55,20.4,86,12.9,1013.2,1018.1,3.7,4.8,10,183.9,0
2022-05-26 04:13:18,6,55,20.3,86,12.9,1013.2,1018.1,3.4,4.4,8,183.9,0
2022-05-26 04:18:18,5,55,20.3,86,12.9,1013.3,1018.2,4.1,4.8,10,183.9,0
2022-05-26 04:23:18,5,55,20.3,86,12.9,1013.2,1018.1,4.1,5.4,10,184.2,0
2022-05-26 04:28:18,5,55,20.3,86,12.9,1013.2,1018.1,3.1,4.1,8,184.2,0
2022-05-26 04:33:18,5,55,20.3,86,12.9,1013.4,1018.3,3.4,4.4,8,184.2,0
2022-05-26 04:38:18,5,55,20.3,86,12.9,1013.5,1018.4,3.7,4.1,10,184.5,0
2022-05-26 04:43:18,5,55,20.3,86,12.9,1013.5,1018.4,3.4,4.8,10,184.5,0
2022-05-26 04:48:18,5,55,20.3,86,12.9,1013.5,1018.4,2.7,4.1,10,184.5,0
2022-05-26 04:53:18,5,55,20.3,86,12.9,1013.5,1018.4,2,3.4,10,184.5,0
2022-05-26 04:58:18,5,55,20.3,86,12.9,1013.6,1018.5,2.7,3.4,10,184.5,0
2022-05-26 05:03:18,5,55,20.2,86,12.9,1013.7,1018.6,4.1,5.1,8,184.8,0
2022-05-26 05:08:18,5,55,20.2,86,12.9,1013.8,1018.7,3.4,4.4,12,184.8,0
2022-05-26 05:13:18,5,55,20.2,86,12.9,1013.7,1018.6,3.4,4.4,8,184.8,0
2022-05-26 05:18:18,5,55,20.2,86,12.9,1013.7,1018.6,2.7,3.4,8,185.1,0
2022-05-26 05:23:18,5,55,20.2,86,12.9,1013.9,1018.8,3.4,5.1,10,185.1,0
2022-05-26 05:28:18,5,55,20.2,86,12.9,1013.8,1018.7,2.4,3.1,10,185.4,0
2022-05-26 05:33:18,5,55,20.2,86,12.9,1013.7,1018.6,3.4,5.4,12,185.4,0
2022-05-26 05:38:18,5,55,20.2,86,13,1014,1018.9,2.7,3.7,10,185.4,0
2022-05-26 05:43:18,5,55,20.2,86,13,1013.9,1018.8,3.1,4.8,12,185.4,0
2022-05-26 05:48:18,5,55,20.2,86,13,1013.9,1018.8,4.4,7.1,10,185.4,0
2022-05-26 05:53:18,5,55,20.2,86,13,1013.9,1018.8,2.4,3.7,8,185.4,0
2022-05-26 05:58:18,5,55,20.2,86,13,1014,1018.9,4.4,5.4,8,185.4,0
2022-05-26 06:03:18,5,55,20.2,86,13,1013.9,1018.8,3.7,5.4,,185.4,0
2022-05-26 06:08:18,5,55,20.2,86,13,1014,1018.9,3.4,4.4,10,185.7,0
2022-05-26 06:13:18,5,55,20.2,86,13,1014,1018.9,3.1,5.4,10,185.7,0
2022-05-26 06:18:18,5,55,20.2,86,13,1014.2,1019.1,2.4,3.1,10,185.7,0
2022-05-26 06:23:18,5,55,20.2,86,13.1,1014.3,1019.2,3.1,4.4,,185.7,0
2022-05-26 06:28:18,5,55,20.2,86,13.1,1014.3,1019.2,3.4,5.1,10,185.7,0
2022-05-26 06:33:18,5,56,20.1,86,13.1,1014.5,1019.4,3.1,3.7,10,185.7,0
2022-05-26 06:38:18,5,56,20.2,86,13.1,1014.5,1019.4,2.7,3.7,10,185.7,0
2022-05-26 06:43:18,5,56,20.2,86,13.1,1014.5,1019.4,3.4,4.4,8,185.7,0
2022-05-26 06:48:18,5,56,20.1,86,13.1,1014.6,1019.5,4.1,6.1,12,185.7,0
2022-05-26 06:53:18,5,56,20.2,86,13.2,1014.6,1019.5,3.1,4.1,10,185.7,0
2022-05-26 06:58:18,5,56,20.2,86,13.2,1014.5,1019.4,4.8,5.8,8,185.7,0
2022-05-26 07:03:18,5,56,20.2,86,13.2,1014.8,1019.7,4.8,5.4,12,185.7,0
2022-05-26 07:08:18,5,56,20.2,86,13.2,1014.8,1019.7,3.7,4.8,10,185.7,0
2022-05-26 07:13:18,5,56,20.2,86,13.2,1014.7,1019.6,3.1,3.7,8,185.7,0
2022-05-26 07:18:18,5,56,20.2,86,13.2,1014.8,1019.7,3.7,4.8,8,185.7,0
2022-05-26 07:23:18,5,56,20.2,86,13.2,1015,1019.9,3.4,4.4,8,185.7,0
2022-05-26 07:28:18,5,56,20.2,86,13.2,1015.2,1020.1,2.4,3.4,14,185.7,0
2022-05-26 07:33:18,5,56,20.2,86,13.2,1015,1019.9,2.7,3.4,10,185.7,0
2022-05-26 07:38:18,5,57,20.2,86,13.2,1015.2,1020.1,3.1,4.8,10,185.7,0
2022-05-26 07:43:18,5,57,20.2,86,13.3,1015.1,1020,2.4,3.4,10,185.7,0
2022-05-26 07:48:18,5,57,20.3,86,13.3,1015.3,1020.2,4.8,6.5,10,185.7,0
2022-05-26 07:53:18,5,57,20.3,86,13.3,1015.4,1020.3,2.7,3.7,8,185.7,0
2022-05-26 07:58:18,5,57,20.3,86,13.3,1015.4,1020.3,2.4,3.4,10,185.7,0
2022-05-26 08:03:18,5,58,20.3,86,13.3,1015.4,1020.3,2.4,4.4,12,186,0
2022-05-26 08:09:18,6,58,20.4,86,13.3,1015.4,1020.3,2.4,3.7,10,186,0
2022-05-26 08:14:18,5,58,20.4,86,13.3,1015.7,1020.6,2,2.7,10,186,0
2022-05-26 08:19:18,5,58,20.4,86,13.2,1015.6,1020.5,1.7,2.4,10,186,0
2022-05-26 08:24:18,5,58,20.4,86,13.3,1015.6,1020.5,2.7,4.1,10,186,0
2022-05-26 08:29:18,5,58,20.5,86,13.3,1015.8,1020.7,2,3.1,10,186,0
2022-05-26 08:34:18,5,58,20.5,86,13.2,1015.7,1020.6,1.7,2.4,8,186,0
2022-05-26 08:39:18,5,58,20.5,86,13.1,1015.9,1020.8,2.4,3.4,8,186,0
2022-05-26 08:44:18,5,58,20.4,86,13.2,1016,1020.9,1.7,2.7,8,186,0
2022-05-26 08:49:18,5,58,20.3,86,13.2,1016,1020.9,2,2.4,10,186,0
2022-05-26 08:54:18,5,59,20.4,86,13.4,1016.1,1021,2.4,3.7,10,186,0
2022-05-26 08:59:18,5,59,20.3,86,13.2,1016.2,1021.1,3.7,6.5,1,186,0
2022-05-26 09:04:18,5,59,20.3,86,13.3,1016.3,1021.2,2,2.7,13,186,0
2022-05-26 09:09:18,5,59,20.2,86,13.3,1016.4,1021.3,2.4,3.4,10,186,0
2022-05-26 09:14:18,5,59,20.3,85,13.2,1016.5,1021.4,3.1,4.4,14,186,0
2022-05-26 09:19:18,5,59,20.3,85,13.1,1016.5,1021.4,2.7,3.7,10,186,0
2022-05-26 09:24:18,5,60,20.4,85,13.1,1016.6,1021.5,3.4,4.4,10,186,0
2022-05-26 09:29:18,5,60,20.4,85,13.1,1016.6,1021.5,2.7,4.1,10,186,0
2022-05-26 09:34:18,5,60,20.4,85,13.1,1016.6,1021.5,3.7,4.8,10,186,0
2022-05-26 09:39:18,5,60,20.4,85,13.1,1016.8,1021.7,2.4,3.1,10,186,0
2022-05-26 09:44:18,5,59,20.5,85,13.1,1016.8,1021.7,2,2.7,14,186,0
2022-05-26 09:49:18,5,59,20.5,85,13.1,1016.6,1021.5,3.4,4.1,10,186,0
2022-05-26 09:54:18,5,59,20.5,85,13.2,1016.7,1021.6,2.4,3.4,10,186,0
2022-05-26 09:59:18,5,59,20.5,85,13.3,1016.7,1021.6,2,2.7,,186,0
2022-05-26 10:05:18,6,59,20.6,85,13.4,1016.8,1021.7,2,2.4,8,186,0
2022-05-26 10:10:18,5,59,20.6,84,13.6,1017,1021.9,2,2.4,10,186,0
2022-05-26 10:15:18,5,59,20.6,84,13.8,1016.8,1021.7,2.7,3.7,10,186,0
2022-05-26 10:20:18,5,59,20.7,84,13.9,1016.9,1021.8,2.4,3.4,8,186,0
2022-05-26 10:25:18,5,59,20.7,84,13.8,1017,1021.9,2.4,3.1,10,186,0
2022-05-26 10:30:18,5,59,20.7,83,13.8,1016.9,1021.8,3.4,4.8,10,186,0
2022-05-26 10:35:18,5,59,20.8,82,13.9,1017.1,1022,2.4,3.1,,186,0
2022-05-26 10:40:18,5,58,20.8,81,13.9,1017.1,1022,4.4,6.1,10,186,0
2022-05-26 10:45:18,5,58,20.8,81,14.1,1017,1021.9,3.1,4.4,10,186,0
2022-05-26 10:50:18,5,58,20.8,81,14.2,1017,1021.9,3.4,5.1,12,186,0
2022-05-26 10:55:18,5,58,20.9,80,14.3,1017.2,1022.1,2.7,3.7,10,186,0
2022-05-26 11:00:18,5,58,20.9,80,14.4,1017.2,1022.1,3.4,5.4,10,186,0
2022-05-26 11:05:18,5,57,21,79,14.4,1017.2,1022.1,3.1,4.4,8,186,0
2022-05-26 11:10:18,5,57,21,78,14.6,1017.4,1022.3,4.4,5.1,10,186,0
2022-05-26 11:15:18,5,56,21,78,14.6,1017.5,1022.4,3.1,4.4,10,186,0
2022-05-26 11:20:18,5,56,21,78,14.7,1017.3,1022.2,2.7,3.4,10,186,0
2022-05-26 11:25:18,5,56,21,76,14.6,1017.5,1022.4,2.7,3.4,8,186,0
2022-05-26 11:30:18,5,56,21,75,14.5,1017.4,1022.3,2.4,3.4,12,186,0
2022-05-26 11:35:18,5,55,21,74,14.4,1017.6,1022.5,2.7,3.7,12,186,0
2022-05-26 11:40:18,5,56,20.9,74,14.4,1017.6,1022.5,2.7,3.7,8,186,0
2022-05-26 11:45:18,5,57,20.9,74,14.4,1017.8,1022.7,2.4,4.1,10,186,0
2022-05-26 11:50:18,5,56,21,73,14.3,1017.8,1022.7,2.4,3.1,0,186,0
2022-05-26 11:55:18,5,56,21,72,14.2,1017.9,1022.8,4.8,6.1,10,186,0
2022-05-26 12:00:18,5,56,21,72,14.4,1017.8,1022.7,2.7,3.4,12,186,0
2022-05-26 12:05:18,5,55,21,72,14.4,1017.8,1022.7,2.7,3.7,12,186,0
2022-05-26 12:10:18,5,54,21,71,14.4,1018,1022.9,3.7,4.4,8,186,0
2022-05-26 12:15:18,5,54,21,72,14.7,1017.8,1022.7,2.4,3.1,12,186,0
2022-05-26 12:20:18,5,54,21,71,15,1018,1022.9,3.1,3.7,10,186,0
2022-05-26 12:25:18,5,53,21,72,15.2,1018.1,1023,2,2.4,8,186,0
2022-05-26 12:30:18,5,53,21,71,15,1018.2,1023.1,3.1,4.1,8,186,0
2022-05-26 12:35:18,5,53,21,71,14.9,1018.1,1023,4.1,6.8,14,186,0
2022-05-26 12:40:18,5,54,21,71,14.7,1018.2,1023.1,3.7,4.8,10,186,0
2022-05-26 12:45:18,5,54,21.1,71,15,1018,1022.9,2.7,3.4,10,186,0
2022-05-26 12:50:18,5,54,21.1,71,15.3,1018,1022.9,3.1,3.7,8,186,0
2022-05-26 12:55:18,5,54,21.1,71,15.5,1018.2,1023.1,2.4,3.4,10,186,0
2022-05-26 13:00:18,5,54,21.1,69,15.3,1018.2,1023.1,3.4,4.8,10,186,0
2022-05-26 13:05:18,5,55,21.1,67,15.2,1018.3,1023.2,3.1,5.4,10,186,0
2022-05-26 13:10:18,5,55,21.1,66,15.2,1018.7,1023.6,2.4,3.7,12,186,0
2022-05-26 13:15:18,5,55,21.4,67,15.4,1018.6,1023.5,3.4,4.4,10,186,0
2022-05-26 13:20:18,5,55,21.4,64,15.4,1018.7,1023.6,3.1,4.8,12,186,0
2022-05-26 13:25:18,5,55,21.4,64,15.6,1018.6,1023.5,4.4,6.1,10,186,0
2022-05-26 13:30:18,5,55,21.4,64,15.6,1018.7,1023.6,1.7,2.4,10,186,0
2022-05-26 13:35:18,5,55,21.4,63,15.9,1018.7,1023.6,3.1,4.1,14,186,0
2022-05-26 13:40:18,5,55,21.5,63,15.7,1018.9,1023.8,2,2.4,12,186,0
2022-05-26 13:45:18,5,55,21.5,62,15.5,1018.7,1023.6,2.7,4.1,10,186,0
2022-05-26 13:50:18,5,54,21.5,62,15.1,1018.8,1023.7,3.1,3.7,10,186,0
2022-05-26 13:55:18,5,54,21.6,62,14.9,1018.8,1023.7,2.7,3.7,8,186,0
2022-05-26 14:00:18,5,54,21.6,61,15,1018.9,1023.8,3.4,4.4,8,186,0
2022-05-26 14:05:18,5,54,21.7,62,15.8,1018.9,1023.8,3.7,5.1,13,186,0
2022-05-26 14:10:18,5,53,21.8,60,15.7,1018.9,1023.8,4.1,5.8,10,186,0
2022-05-26 14:15:18,5,52,21.8,61,15.7,1019.1,1024,3.4,4.4,10,186,0
2022-05-26 14:20:18,5,51,21.9,60,14.9,1019.3,1024.2,3.4,4.8,10,186,0
2022-05-26 14:25:18,5,50,21.8,60,15,1018.7,1023.6,4.4,6.1,10,186,0
2022-05-26 14:30:18,5,50,21.8,60,15,1018.9,1023.8,3.4,4.4,10,186,0
2022-05-26 14:35:18,5,50,21.9,60,15,1018.9,1023.8,2.7,4.1,10,186,0
2022-05-26 14:40:18,5,49,21.9,61,15.3,1019,1023.9,3.1,4.4,10,186,0
2022-05-26 14:45:18,5,49,21.9,60,15.2,1018.8,1023.7,3.4,5.4,10,186,0
2022-05-26 14:50:18,5,48,22,60,15.2,1019,1023.9,3.4,3.7,8,186,0
2022-05-26 14:55:18,5,48,22,60,15.4,1018.9,1023.8,4.8,5.8,8,186,0
2022-05-26 15:00:18,5,47,22.1,59,15.1,1018.9,1023.8,4.4,7.5,14,186,0
2022-05-26 15:05:18,5,47,22.1,60,15.3,1019,1023.9,3.4,4.1,8,186,0
2022-05-26 15:10:18,5,47,22.2,60,15.3,1018.7,1023.6,4.8,6.1,8,186,0
2022-05-26 15:15:18,5,47,22.3,59,15.2,1018.9,1023.8,3.7,6.5,8,186,0
2022-05-26 15:20:18,5,46,22.3,59,15.3,1018.9,1023.8,3.4,5.1,10,186,0
2022-05-26 15:25:18,5,46,22.4,60,15.3,1019.1,1024,3.4,4.4,8,186,0
2022-05-26 15:30:18,5,45,22.4,59,15,1018.9,1023.8,4.1,5.1,10,186,0
2022-05-26 15:35:18,5,45,22.5,60,15,1019.1,1024,3.7,5.8,10,186,0
2022-05-26 15:40:18,5,45,22.5,60,14.8,1019.2,1024.1,3.7,5.1,10,186,0
2022-05-26 15:45:18,5,45,22.6,60,14.9,1019.1,1024,4.1,6.1,10,186,0
2022-05-26 15:50:18,5,44,22.6,59,14.7,1019.2,1024.1,4.1,6.5,10,186,0
2022-05-26 15:55:18,5,44,22.6,59,14.7,1019.2,1024.1,4.4,5.4,12,186,0
2022-05-26 16:00:18,5,43,22.6,59,14.6,1019.2,1024.1,2.7,4.4,10,186,0
2022-05-26 16:05:18,5,43,22.7,60,14.5,1019.2,1024.1,3.7,4.4,10,186,0
2022-05-26 16:10:18,5,43,22.7,59,14.6,1019.3,1024.2,2.7,3.7,10,186,0
2022-05-26 16:15:18,5,43,22.8,58,14.5,1019.4,1024.3,2.7,4.1,10,186,0
2022-05-26 16:20:18,5,42,22.8,58,14.8,1019.3,1024.2,2.7,3.7,10,186,0
2022-05-26 16:25:18,5,42,22.9,56,14.9,1019.2,1024.1,2.7,4.1,10,186,0
2022-05-26 16:30:18,5,42,22.9,55,14.5,1019.3,1024.2,4.1,5.8,10,186,0
2022-05-26 16:35:18,5,43,23,56,14.4,1019.3,1024.2,3.4,4.1,10,186,0
2022-05-26 16:40:18,5,44,23.1,57,14.5,1019.2,1024.1,3.1,4.4,12,186,0
2022-05-26 16:45:18,5,44,23.2,58,14.4,1019.2,1024.1,3.7,4.1,10,186,0
2022-05-26 16:50:18,5,44,23.3,57,14.3,1019.3,1024.2,3.4,4.8,8,186,0
2022-05-26 16:55:18,5,44,23.5,57,14.1,1019.3,1024.2,3.4,4.8,10,186,0
2022-05-26 17:00:18,5,45,23.6,57,14,1019.2,1024.1,2.7,4.1,8,186,0
2022-05-26 17:05:18,5,45,23.7,58,14.1,1019.1,1024,3.1,4.1,,186,0
2022-05-26 17:10:18,5,45,23.8,58,14.1,1019.3,1024.2,2.7,3.4,8,186,0
2022-05-26 17:15:18,5,45,23.9,58,14.2,1019.2,1024.1,3.7,4.8,12,186,0
2022-05-26 17:20:18,5,44,24,58,14.1,1019.3,1024.2,3.4,5.1,10,186,0
2022-05-26 17:25:18,5,44,24.2,58,14,1019.4,1024.3,3.7,5.1,8,186,0
2022-05-26 17:30:18,5,44,24.2,59,14,1019.6,1024.5,2.7,3.7,8,186,0
2022-05-26 17:35:18,5,44,24.3,59,14,1019.4,1024.3,3.7,5.8,10,186,0
2022-05-26 17:41:18,6,44,24.5,58,13.8,1019.5,1024.4,3.1,4.4,4,186,0
2022-05-26 17:46:18,5,44,24.6,58,13.8,1019.5,1024.4,2.7,3.4,10,186,0
2022-05-26 17:51:18,5,44,24.7,58,13.9,1019.2,1024.1,2.4,3.1,10,186,0
2022-05-26 17:56:18,5,44,25.3,57,13.9,1019.4,1024.3,2.7,4.1,10,186,0
2022-05-26 18:01:18,5,42,26.1,57,13.6,1019.5,1024.4,2,2.7,10,186,0
2022-05-26 18:06:18,5,40,27.4,57,13.4,1019.3,1024.2,3.7,6.1,8,186,0
2022-05-26 18:11:18,5,39,27.9,58,13.5,1019.4,1024.3,3.7,4.4,10,186,0
2022-05-26 18:16:18,5,38,27.8,59,13.4,1019.4,1024.3,2.4,3.7,10,186,0
2022-05-26 18:21:18,5,38,27.4,59,12.8,1019.7,1024.6,2.7,3.1,10,186,0
2022-05-26 18:26:18,5,38,27,61,12.5,1019.5,1024.4,2.4,3.4,11,186,0
2022-05-26 18:31:18,5,39,26.6,61,12.6,1019.6,1024.5,2.7,3.1,12,186,0
2022-05-26 18:36:18,5,39,26.7,62,12.6,1020,1024.9,2.7,3.4,10,186,0
2022-05-26 18:41:18,5,39,26.5,64,12.4,1019.8,1024.7,2,2.7,8,186,0
2022-05-26 18:46:18,5,38,26.1,64,12.4,1019.9,1024.8,3.4,4.8,10,186,0
2022-05-26 18:51:18,5,38,26,61,12.5,1019.7,1024.6,3.4,4.8,8,186,0
2022-05-26 18:56:18,5,40,25.9,60,12.5,1019.9,1024.8,3.4,4.8,12,186,0
2022-05-26 19:01:18,5,40,25.8,60,12.5,1020.3,1025.2,2.4,3.1,10,186,0
2022-05-26 19:06:18,5,40,25.6,63,12.4,1020.2,1025.1,2,2.7,10,186,0
2022-05-26 19:11:18,5,40,25.3,63,12.4,1020.3,1025.2,2.4,3.4,8,186,0
2022-05-26 19:16:18,5,40,25.1,63,12.4,1020.5,1025.4,1.7,2.7,10,186,0
2022-05-26 19:21:18,5,41,24.9,62,12.4,1020.6,1025.5,2,2.7,10,186,0
2022-05-26 19:26:18,5,41,24.6,62,12.3,1020.8,1025.7,1,1.7,10,186,0
2022-05-26 19:31:18,5,41,24.4,63,12.1,1020.8,1025.7,1.7,2.4,10,186,0
2022-05-26 19:36:18,5,41,24.2,64,11.8,1020.8,1025.7,2,3.1,8,186,0
2022-05-26 19:41:18,5,42,24,64,11.8,1021.1,1026,2.4,3.1,8,186,0
2022-05-26 19:46:18,5,43,23.9,64,11.9,1021.2,1026.1,2,3.4,10,186,0
2022-05-26 19:51:18,5,43,23.7,65,11.8,1021.2,1026.1,1,1.7,8,186,0
2022-05-26 19:56:18,5,43,23.5,65,11.8,1021.1,1026,1.7,2,10,186,0
2022-05-26 20:01:18,5,43,23.5,66,11.8,1021.3,1026.2,2,2.4,10,186,0
2022-05-26 20:06:18,5,43,23.3,67,11.7,1021.4,1026.3,1,1.7,12,186,0
2022-05-26 20:11:18,5,43,23.3,68,11.6,1021.5,1026.4,1,1.7,10,186,0
2022-05-26 20:16:18,5,43,23.2,68,11.6,1021.7,1026.6,1,1.4,12,186,0
2022-05-26 20:21:18,5,44,23.1,68,11.5,1021.7,1026.6,1,1.7,10,186,0
2022-05-26 20:26:18,5,44,23.1,67,11.5,1021.9,1026.8,1.4,1.7,8,186,0
2022-05-26 20:31:18,5,44,23,65,11.4,1021.8,1026.7,0.7,1,8,186,0
2022-05-26 20:36:18,5,40,22.9,65,11.4,1021.9,1026.8,1.7,2.4,8,186,0
2022-05-26 20:41:18,5,40,22.8,64,11.3,1022,1026.9,1,1.4,10,186,0
2022-05-26 20:46:18,5,40,22.6,65,11.3,1022.1,1027,1.7,2.4,10,186,0
2022-05-26 20:51:18,5,41,22.6,65,11.2,1022,1026.9,1.7,2.4,10,186,0
2022-05-26 20:56:18,5,41,22.5,65,11.1,1022.1,1027,1.7,2.7,10,186,0
2022-05-26 21:01:18,5,42,22.5,65,11.1,1022.1,1027,1.7,2.7,10,186,0
2022-05-26 21:06:18,5,42,22.4,65,10.9,1022.3,1027.2,1.4,2,12,186,0
2022-05-26 21:11:18,5,42,22.4,66,10.8,1022.4,1027.3,1.4,2,10,186,0
2022-05-26 21:16:18,5,43,22.4,66,10.7,1022.5,1027.4,1,1.7,14,186,0
2022-05-26 21:21:18,5,43,22.3,66,10.6,1022.6,1027.5,1.4,2,12,186,0
2022-05-26 21:26:18,5,43,22.3,66,10.5,1022.5,1027.4,0.7,1,12,186,0
2022-05-26 21:31:18,5,43,22.3,66,10.5,1022.6,1027.5,1,1.7,12,186,0
2022-05-26 21:36:18,5,44,22.3,66,10.5,1022.8,1027.7,1,1.4,14,186,0
2022-05-26 21:41:18,5,44,22.3,66,10.5,1022.7,1027.6,1,1.7,8,186,0
2022-05-26 21:46:18,5,44,22.3,65,10.5,1022.6,1027.5,1,1.7,10,186,0
2022-05-26 21:51:18,5,44,22.3,65,10.5,1022.6,1027.5,1.7,2.4,14,186,0
2022-05-26 21:56:18,5,44,22.3,65,10.5,1022.7,1027.6,1,1,10,186,0
2022-05-26 22:01:18,5,44,22.3,65,10.4,1022.9,1027.8,0.7,1,10,186,0
2022-05-26 22:06:18,5,44,22.3,66,10.2,1023.1,1028,0.3,0.7,10,186,0
2022-05-26 22:11:18,5,45,22.3,66,10.1,1023.1,1028,1,1.4,10,186,0
2022-05-26 22:16:18,5,45,22.3,66,10.1,1023.1,1028,0.7,1,10,186,0
2022-05-26 22:21:18,5,45,22.3,67,10,1023.1,1028,0.7,1,10,186,0
2022-05-26 22:26:18,5,45,22.3,67,9.9,1023.2,1028.1,0.3,0.7,12,186,0
2022-05-26 22:31:18,5,45,22.2,68,9.7,1023.2,1028.1,0.7,1,10,186,0
2022-05-26 22:36:18,5,45,22.1,68,9.7,1023.2,1028.1,0.7,1,10,186,0
2022-05-26 22:41:18,5,45,22.1,69,9.7,1023.3,1028.2,0.7,1,10,186,0
2022-05-26 22:46:18,5,45,22,69,9.8,1023.2,1028.1,1.4,1.7,10,186,0
2022-05-26 22:51:18,5,46,22,68,9.9,1023.2,1028.1,0.7,1,10,186,0
2022-05-26 22:56:18,5,47,21.9,68,9.9,1023.2,1028.1,0.7,1,8,186,0
2022-05-26 23:01:18,5,47,21.9,68,9.9,1023.2,1028.1,1,1.4,10,186,0
2022-05-26 23:06:18,5,47,21.8,68,9.9,1023.3,1028.2,0.7,1,10,186,0
2022-05-26 23:11:20,5,47,21.8,68,9.8,1023.3,1028.2,0.3,0.7,10,186,0
2022-05-26 23:16:18,5,47,21.7,68,9.7,1023.4,1028.3,0.7,1,10,186,0
2022-05-26 23:21:19,5,47,21.6,68,9.8,1023.3,1028.2,1,1.7,10,186,0
2022-05-26 23:26:19,5,48,21.5,68,9.9,1023.3,1028.2,0.7,1.4,10,186,0
2022-05-26 23:31:19,5,48,21.5,69,10,1023.3,1028.2,0.7,1.4,10,186,0
2022-05-26 23:36:19,5,48,21.4,69,10.1,1023.1,1028,1,1.4,10,186,0
2022-05-26 23:41:19,5,48,21.4,69,10,1023.3,1028.2,1,1.7,8,186,0
2022-05-26 23:46:19,5,48,21.4,70,10,1023.2,1028.1,1.4,2,8,186,0
2022-05-26 23:51:19,5,48,21.2,70,10,1023.2,1028.1,1,1.4,10,186,0
2022-05-26 23:56:19,5,48,21.2,70,10.1,1023.4,1028.3,1.4,2,10,186,0
